Nazivna moc;Masa vozila;Kombinirana poraba goriva;Vrsta goriva (opis);Znamka;Tovarniöka oznaka oznaka;Komercialna oznaka;Drzava;Drzava (koda);Kategorija in vrsta vozila (opis);Najvisja hitrost;Oblika nadgradnje (opis);Komerc. oznaka  do prvega
13;530;4.9;0;FIAT;110F;500 / L;Italija;ITA;osebni avtomobil;110;limuzina;500
16;600;5.3;0;FIAT;126P 650E;126 P / 650 E;Poljska;POL;osebni avtomobil;116;limuzina;126 P 
17;600;6.4;0;FIAT;126 A1;126;Italija;ITA;osebni avtomobil;105;limuzina;126
18;620;5.3;0;FIAT;126A1;126P / 650E;Poljska;POL;osebni avtomobil;116;limuzina;126P 
18;620;5.8;0;ZASTAVA;CZ100;750 / LC;Jugoslavija;YUG;osebni avtomobil;110;limuzina;750
18;615;5.8;0;ZASTAVA;CZ100;750 / LE;Jugoslavija;YUG;osebni avtomobil;110;limuzina;750
18;605;5.8;0;ZASTAVA;CZ100;750;Jugoslavija;YUG;osebni avtomobil;100;limuzina;750
18;685;7.5;0;ZASTAVA;CZ100;750 / LC;Jugoslavija;YUG;osebni avtomobil;110;limuzina;750
18;625;7.5;0;ZASTAVA;100D;750 /;Jugoslavija;YUG;osebni avtomobil;110;limuzina;750
19.4;673;7.5;0;CITROEN;AM;AMI 6 /;Francija;FRA;osebni avtomobil;113;limuzina;AMI 6 
19.8;1030;11.5;0;FIAT;503B;503B /;Italija;ITA;osebni avtomobil;75;kabriolet;503B 
20;600;6.1;0;CITROEN;AZ-L;2 CV;Francija;FRA;osebni avtomobil;110;kabriolet;2 CV
22;605;5.8;0;ZASTAVA;CZ100;750 / LE;Jugoslavija;YUG;osebni avtomobil;100;limuzina;750
22;715;7.5;0;ZASTAVA;100L1.100;750 / S;Jugoslavija;YUG;osebni avtomobil;120;limuzina;750
22;640;7.5;0;ZASTAVA;CZ100;750 / SC;Jugoslavija;YUG;osebni avtomobil;120;limuzina;750
22;625;7.5;0;ZASTAVA;CZ100;750 / SE;Jugoslavija;YUG;osebni avtomobil;120;limuzina;750
24;605;5.8;0;ZASTAVA;CZ100;850 //;Jugoslavija;YUG;osebni avtomobil;110;limuzina;850
24;650;6.1;0;CITROEN;AZ-L;2 CV / 6;Francija;FRA;osebni avtomobil;110;kabriolet;2 CV 
24;725;7.5;0;CITROEN;-;AMI 8 / BREAK;Francija;FRA;osebni avtomobil;120;karavan;AMI 8 
24;675;7.5;0;CITROEN;AYS4LC;DIANA 6 / LC;Jugoslavija;YUG;osebni avtomobil;118;vozilo z dviûnimi vrati zadaj;DIANA 6 
24;615;7.5;0;CITROEN;AYCE00;MEHARI / 4X4;Francija;FRA;osebni avtomobil;118;kabriolet;MEHARI 
24;600;7.5;0;CITROEN;-;DIANA 6 /;Francija;FRA;osebni avtomobil;118;kabriolet;DIANA 6 
25;800;5.9;0;RENAULT;112800;R4 / GTL;Francija;FRA;osebni avtomobil;125;vozilo z dviûnimi vrati zadaj;R4 
25;720;5.9;0;RENAULT;1128;R4 / GTL;Francija;FRA;osebni avtomobil;120;vozilo z dviûnimi vrati zadaj;R4 
25;870;7.2;0;VOLKSWAGEN;11;1200 J;Nemcija;DEU;osebni avtomobil;115;limuzina;1200 J
25;900;7.5;0;VOLKSWAGEN;11;1200 J /;Nemcija;DEU;osebni avtomobil;115;limuzina;1200 J 
25;840;7.5;0;VOLKSWAGEN;11;1200 J /;Nemcija;DEU;osebni avtomobil;115;kabriolet;1200 J 
25;680;7.5;0;VOLKSWAGEN;11;1200 / J;Nemcija;DEU;osebni avtomobil;115;limuzina;1200
25;760;9.2;0;VOLKSWAGEN;-;1200 / J;Nemcija;DEU;osebni avtomobil;135;limuzina;1200
25;920;9.5;1;VOLKSWAGEN;11;1200 /;Nemcija;DEU;osebni avtomobil;115;limuzina;1200
25;860;9.5;0;VOLKSWAGEN;-;1200 /;Nemcija;DEU;osebni avtomobil;115;limuzina;1200
25;840;9.5;0;VOLKSWAGEN;11;/ 1200 / J;Nemcija;DEU;osebni avtomobil;120;limuzina;/ 1200 / J
25;820;9.5;0;VOLKSWAGEN;11;1300 /;Nemcija;DEU;osebni avtomobil;115;limuzina;1300
25;800;9.5;0;VOLKSWAGEN;11;1200 / J;Nemcija;DEU;osebni avtomobil;117;limuzina;1200
25;800;9.5;0;VOLKSWAGEN;11;1200 /;Nemcija;DEU;osebni avtomobil;115;limuzina;1200
25;740;9.5;0;VOLKSWAGEN;11;1200 / J;Nemcija;DEU;osebni avtomobil;115;kabriolet;1200
29;730;6.1;0;FIAT;187AXA1A00;SEICENTO / 900 /;Italija;ITA;osebni avtomobil;140;vozilo z dviûnimi vrati zadaj;SEICENTO 
29;790;6.7;0;FIAT;141GT53A;PANDA / 900 / i.e.;Italija;ITA;osebni avtomobil;135;vozilo z dviûnimi vrati zadaj;PANDA 
29;680;7.5;0;VOLKSWAGEN;11;1300;Nemcija;DEU;osebni avtomobil;115;limuzina;1300
30;815;3.4;1;SMART;1400A0-NCAAZ200;FORTWO / CABRIO 30 / CDI;Nemcija;DEU;osebni avtomobil;135;kabriolet;FORTWO 
30;805;3.4;1;SMART;1300A0-NCAAZ200;FORTWO / COUPE 30 / CDI;Nemcija;DEU;osebni avtomobil;135;kupe;FORTWO 
30;805;3.4;1;SMART;MC01-1300A0NCAAZ200;COUPE / 30;Nemcija;DEU;osebni avtomobil;135;kupe;COUPE 
30;805;3.6;1;SMART;1300B0-NCAAZ211;FORTWO / COUPE 30/CDI;Nemcija;DEU;osebni avtomobil;135;kupe;FORTWO 
30;805;3.6;1;SMART;MC01-1300B0NCAAZ21;COUPE / 30D;Nemcija;DEU;osebni avtomobil;135;kupe;COUPE 
30;805;3.8;1;SMART;1300C0-KHAAZ200;FORTWO / COUPE 30 / CDI;Nemcija;DEU;osebni avtomobil;135;kupe;FORTWO 
30;805;4.8;1;SMART;MC-01;COUPE / CDI;Nemcija;DEU;osebni avtomobil;135;kupe;COUPE 
32;890;9.2;0;VOLKSWAGEN;13;1303 J /;Nemcija;DEU;osebni avtomobil;115;limuzina;1303 J 
33;875;3.3;1;SMART;4402C0-IZAAA200;FORTWO / CABRIO / CDI;Nemcija;DEU;osebni avtomobil;135;kabriolet;FORTWO 
33;845;3.3;1;SMART;4302C0-IZAAA200;FORTWO / COUPE / CDI;Nemcija;DEU;osebni avtomobil;135;kupe;FORTWO 
33;845;3.4;1;SMART;4302E0-IZAAA200;FORTWO / COUPE / CDI;Nemcija;DEU;osebni avtomobil;135;kupe;FORTWO 
33;795;4.9;0;SMART;MC 01-MCC01B04E3-ASG6A00A0;SMART /;Nemcija;DEU;osebni avtomobil;135;kupe;SMART 
33;925;6.5;0;OPEL;73-X12SZ;CORSA / 1.2 / I;Nemcija;DEU;osebni avtomobil;145;vozilo z dviûnimi vrati zadaj;CORSA 
33;885;8.9;0;OPEL;56;OLIMPIA / RECORD / 1.5;Nemcija;DEU;osebni avtomobil;135;limuzina;OLIMPIA 
35;690;7.1;0;FIAT;850;850 SPECIAL /;Jugoslavija;YUG;osebni avtomobil;135;limuzina;850 SPECIAL 
35;765;7.8;0;FIAT;100GB16;850 / SPECIAL;Italija;ITA;osebni avtomobil;135;limuzina;850
37;805;4.7;0;SMART;1330C0-MAAAZ200;FORTWO / COUPE 37 /;Francija;FRA;osebni avtomobil;135;kupe;FORTWO 
37;940;4.9;0;VOLKSWAGEN;6N SC AER X0 1 SG FM585035;POLO / 1.0 /;Nemcija;DEU;osebni avtomobil;151;vozilo z dviûnimi vrati zadaj;POLO 
37;1067;5.7;0;VOLKSWAGEN;SCAUCX01-SGFM5850351N113I;POLO / 1.0 /;Nemcija;DEU;osebni avtomobil;151;vozilo z dviûnimi vrati zadaj;POLO 
37;995;5.7;0;VOLKSWAGEN;6N-AUC;POLO / 1.0 /;Nemcija;DEU;osebni avtomobil;151;vozilo z dviûnimi vrati zadaj;POLO 
37;971;5.7;0;VOLKSWAGEN;6X;LUPO / 1.0 / I;Nemcija;DEU;osebni avtomobil;152;vozilo z dviûnimi vrati zadaj;LUPO 
37;955;5.8;0;SEAT;6HS;AROSA / 1.0;äpanija;ESP;osebni avtomobil;151;vozilo z dviûnimi vrati zadaj;AROSA 
37;916;5.8;0;SEAT;SCAUCX01-SGFM5850351N1I4;AROSA / 1.0 /;äpanija;ESP;osebni avtomobil;151;vozilo z dviûnimi vrati zadaj;AROSA 
37;971;5.8;0;VOLKSWAGEN;6X-AUC;LUPO / 1.0;Nemcija;DEU;osebni avtomobil;152;vozilo z dviûnimi vrati zadaj;LUPO 
37;956;5.8;0;VOLKSWAGEN;6X;LUPO / 1.0;Nemcija;DEU;osebni avtomobil;152;vozilo z dviûnimi vrati zadaj;LUPO 
37;992;5.9;0;VOLKSWAGEN;6N SCAUCX01;POLO / 1.0 /;Nemcija;DEU;osebni avtomobil;151;vozilo z dviûnimi vrati zadaj;POLO 
37;915;5.9;0;VOLKSWAGEN;6N10H4;POLO / 1.0 /;Nemcija;DEU;osebni avtomobil;151;vozilo z dviûnimi vrati zadaj;POLO 
37;887;5.9;0;VOLKSWAGEN;SCALDX01-SGFM5850351N113I;POLO / 1.0 /;Nemcija;DEU;osebni avtomobil;151;vozilo z dviûnimi vrati zadaj;POLO 
37;900;6.2;0;CITROEN;S1CDZF;SAXO / 1.0 / i;Francija;FRA;osebni avtomobil;149;vozilo z dviûnimi vrati zadaj;SAXO 
37;870;6.2;0;PEUGEOT;1CCDZE;106 / 1.0 / i;Francija;FRA;osebni avtomobil;150;vozilo z dviûnimi vrati zadaj;106
37;830;6.5;1;VOLKSWAGEN;17CK-179;GOLF / 1.5 / D;Nemcija;DEU;osebni avtomobil;140;vozilo z dviûnimi vrati zadaj;GOLF 
37;900;9.1;0;VOLKSWAGEN;17;GOLF / 1.1 / L;Nemcija;DEU;osebni avtomobil;135;vozilo z dviûnimi vrati zadaj;GOLF 
38;910;5.2;0;CHEVROLET;KH1-111;SPARK / 0.8 /;Koreja. republika;KOR;osebni avtomobil;145;vozilo z dviûnimi vrati zadaj;SPARK 
38;870;5.7;0;CHEVROLET;KH1-113;SPARK / 0.8 / AUT.;Koreja. republika;KOR;osebni avtomobil;135;vozilo za posebne namene;SPARK 
38;870;5.7;0;CHEVROLET;KH1-113;SPARK / 0.8 / AUT.;Koreja. republika;KOR;osebni avtomobil;135;vozilo z dviûnimi vrati zadaj;SPARK 
38;850;5.8;0;CHEVROLET;KH1-111;SPARK / 0.8 /;Koreja. republika;KOR;osebni avtomobil;145;vozilo z dviûnimi vrati zadaj;SPARK 
38;1355;5.8;0;OPEL;DL11-1A07A3CBCA5;CORSA / 1.2;Nemcija;DEU;osebni avtomobil;175;vozilo z dviûnimi vrati zadaj;CORSA 
40;875;3.3;1;SMART;4403F0-RZAAA200;FORTWO / CABRIO / CDI;Nemcija;DEU;osebni avtomobil;135;kabriolet;FORTWO 
40;845;3.3;1;SMART;4303F0-SZAAA200;FORTWO / COUPE / CDI;Nemcija;DEU;osebni avtomobil;135;kupe;FORTWO 
40;965;4.1;1;CITROEN;PN8HTC;C1 / 1.4 / HDi;Francija;FRA;osebni avtomobil;154;vozilo z dviûnimi vrati zadaj;C1 
40;960;4.1;1;CITROEN;PM8HTC;C1 / 1.4 / HDi;Francija;FRA;osebni avtomobil;154;vozilo z dviûnimi vrati zadaj;C1 
40;955;4.1;1;PEUGEOT;PM8HTC;107 / 1.4 / HDI;Francija;FRA;osebni avtomobil;154;vozilo z dviûnimi vrati zadaj;107
40;965;4.1;1;TOYOTA;WNB10L-AHMGXW(1B);AYGO / 1.4 / D;Japonska ;JPN;osebni avtomobil;154;vozilo z dviûnimi vrati zadaj;AYGO 
40;805;4.7;0;SMART;MC01;SMART / COUPE / 40;Nemcija;DEU;osebni avtomobil;135;kabriolet;SMART 
40;795;4.7;0;SMART;MC01;SMART / COUPE / 40;Nemcija;DEU;osebni avtomobil;135;kupe;SMART 
40;795;4.7;0;SMART;MC01;COUPE / 40;Nemcija;DEU;osebni avtomobil;135;kupe;COUPE 
40;795;4.8;0;SMART;MCC01B01D3-A5G6A00A0;SMART /;Francija;FRA;osebni avtomobil;135;vozilo z dviûnimi vrati zadaj;SMART 
40;730;4.8;0;SMART;MC-01;COUPE / PUR;Nemcija;DEU;osebni avtomobil;135;kupe;COUPE 
40;805;4.9;0;SMART;MC01;FORTWO / COUPE 30 /;Francija;FRA;osebni avtomobil;135;kupe;FORTWO 
40;720;5.1;1;RENAULT;B40405;R5 / 1.6 /  D;Francija;FRA;osebni avtomobil;150;vozilo z dviûnimi vrati zadaj;R5 
40;805;5.1;0;SMART;MC01;CABRIO / 40 / AUT.;Nemcija;DEU;osebni avtomobil;135;kabriolet;CABRIO 
40;795;5.1;0;SMART;MC01;COUPE / 40;Nemcija;DEU;osebni avtomobil;135;kupe;COUPE 
40;805;5.2;0;SMART;MC01-MCO01B03E3;CABRIO 40 / AUT.;Nemcija;DEU;osebni avtomobil;135;kabriolet;CABRIO 40 
40;985;5.3;1;CITROEN;S1VJYF;SAXO / 1.5 / D;Francija;FRA;osebni avtomobil;158;vozilo z dviûnimi vrati zadaj;SAXO 
40;805;5.3;0;SMART;MC01;FORTWO / COUPE 40 /;Nemcija;DEU;osebni avtomobil;135;kupe;FORTWO 
40;920;5.5;0;FIAT;176AQ53F;PUNTO / 1.1 / 55 S;Italija;ITA;osebni avtomobil;150;vozilo z dviûnimi vrati zadaj;PUNTO 
40;920;5.6;1;VOLKSWAGEN;17-JK;GOLF / JGLD /;Jugoslavija;YUG;osebni avtomobil;160;vozilo z dviûnimi vrati zadaj;GOLF 
40;920;5.6;1;VOLKSWAGEN;19E;GOLF / JXD;Nemcija;DEU;osebni avtomobil;120;vozilo z dviûnimi vrati zadaj;GOLF 
40;900;5.6;1;VOLKSWAGEN;19E;GOLF / JXD;Nemcija;DEU;osebni avtomobil;200;vozilo z dviûnimi vrati zadaj;GOLF 
40;1255;5.7;0;FIAT;169AXA1A00C;PANDA / 1.1;Italija;ITA;osebni avtomobil;150;vozilo z dviûnimi vrati zadaj;PANDA 
40;915;5.7;0;FIAT;169AXA1A00C;PANDA / 1.1 /;Italija;ITA;osebni avtomobil;150;vozilo z dviûnimi vrati zadaj;PANDA 
40;915;5.7;0;FIAT;169AXA1A00C;PANDA / 1.1 /;Italija;ITA;osebni avtomobil;150;vecnamensko vozilo;PANDA 
40;840;5.7;0;FIAT;169AXA1A00C;FIAT / PANDA / 1.1 /;Italija;ITA;osebni avtomobil;150;vozilo z dviûnimi vrati zadaj;FIAT 
40;940;5.7;0;OPEL;FN11-0A04AACFAB5;CORSA / 1.0 / 12V;Nemcija;DEU;osebni avtomobil;150;vozilo z dviûnimi vrati zadaj;CORSA 
40;865;5.7;1;VOLKSWAGEN;17-CR;GOLF / D;Nemcija;DEU;osebni avtomobil;148;vozilo z dviûnimi vrati zadaj;GOLF 
40;1089;5.8;0;VOLKSWAGEN;ABSBMDX01-FM5FM52T0891N1X0GG;POLO / 1.2 /;Nemcija;DEU;osebni avtomobil;152;vozilo z dviûnimi vrati zadaj;POLO 
40;920;5.8;1;VOLKSWAGEN;19E-JP;GOLF / CL / DIESEL;Nemcija;DEU;osebni avtomobil;160;vozilo z dviûnimi vrati zadaj;GOLF 
40;1162;5.9;0;äKODA;SCBMDX01-NFM5FM52T029K13S0GGS5;FABIA / 1.2 /;Ceöka republika;CZE;osebni avtomobil;151;vozilo z dviûnimi vrati zadaj;FABIA 
40;1120;5.9;0;äKODA;SCBMDX01-NFM5FM52T08913S0GGS5;FABIA / 1.2 /;Ceöka republika;CZE;osebni avtomobil;151;vozilo z dviûnimi vrati zadaj;FABIA 
40;1113;5.9;0;äKODA;SCBMDX01-NFM5FM52T029K130GGS5;FABIA / 1.2 /;Ceöka republika;CZE;osebni avtomobil;151;vozilo z dviûnimi vrati zadaj;FABIA 
40;1058;5.9;0;äKODA;6Y SCAWYX01-FM5FM52T029KALLE0GG;FABIA / 1.2;Ceöka republika;CZE;osebni avtomobil;151;limuzina;FABIA 
40;1010;5.9;0;äKODA;SCAWYX01-FM5FM52T029K13S0GG;FABIA / 1.2 /;Ceöka republika;CZE;osebni avtomobil;151;vozilo z dviûnimi vrati zadaj;FABIA 
40;1165;5.9;0;VOLKSWAGEN;ABSBMDX01-FM5FM52T0291N1K0GG;POLO / 1.2 /;Nemcija;DEU;osebni avtomobil;152;vozilo z dviûnimi vrati zadaj;POLO 
40;1164;5.9;0;VOLKSWAGEN;ABSBMDX01-FM5FM52T0291N1K0GG;POLO / 1.2;Nemcija;DEU;osebni avtomobil;152;vozilo z dviûnimi vrati zadaj;POLO 
40;1160;5.9;0;VOLKSWAGEN;SC AWYX01-SGFM52T0291N1K0GG;POLO / 1.2 /;Nemcija;DEU;osebni avtomobil;152;limuzina;POLO 
40;1160;5.9;0;VOLKSWAGEN;SCAWYX01-SGFM52T0291N1K0GG;POLO / 1.2;Nemcija;DEU;osebni avtomobil;152;vozilo z dviûnimi vrati zadaj;POLO 
40;1152;5.9;0;VOLKSWAGEN;ABSBMDX01-FM5FM52T0891N1K0GG;POLO / 1.2 /;Nemcija;DEU;osebni avtomobil;152;vozilo z dviûnimi vrati zadaj;POLO 
40;1148;5.9;0;VOLKSWAGEN;SC AWYX01-SGFM52T0291N1K0GG;POLO / 1.2;Nemcija;DEU;osebni avtomobil;152;limuzina;POLO 
40;1120;5.9;0;VOLKSWAGEN;9N SC AWYX01-SGFM52T0291N1K0GG;POLO / 1.2;Nemcija;DEU;osebni avtomobil;152;limuzina;POLO 
40;1085;5.9;0;VOLKSWAGEN;9N SC AWYX01-SGFM52T0291N1K0GG;POLO / 1.2;Nemcija;DEU;osebni avtomobil;152;vozilo z dviûnimi vrati zadaj;POLO 
40;1078;5.9;0;VOLKSWAGEN;9N ABSBMDX01-FM5FM52T0291N1K0GG;POLO / 1.2;Nemcija;DEU;osebni avtomobil;152;vozilo z dviûnimi vrati zadaj;POLO 
40;1069;5.9;0;VOLKSWAGEN;ABSBMD-FM52T0891N114;FOX / 1.2 /;Nemcija;DEU;osebni avtomobil;148;vozilo z dviûnimi vrati zadaj;FOX 
40;1020;5.9;0;VOLKSWAGEN;SCAWYX01-SGFM52T0291N1K0GG;POLO / 1.2 /;Nemcija;DEU;osebni avtomobil;152;vozilo z dviûnimi vrati zadaj;POLO 
40;975;5.9;1;VOLKSWAGEN;19E-2G;GOLF / CL;Nemcija;DEU;osebni avtomobil;148;vozilo z dviûnimi vrati zadaj;GOLF 
40;895;6.1;0;NISSAN;K11-A06;MICRA / 1.0 / AUT.;Zdruûeno kraljestvo;GBR;osebni avtomobil;145;vozilo z dviûnimi vrati zadaj;MICRA 
40;1141;6.1;0;VOLKSWAGEN;ABBMD-FM52T0791N1K14;FOX / 1.2;Nemcija;DEU;osebni avtomobil;148;vozilo z dviûnimi vrati zadaj;FOX 
40;1136;6.1;0;VOLKSWAGEN;ABBMD-FM52T0791N1K14;FOX / 1.2 /;Nemcija;DEU;osebni avtomobil;148;vozilo z dviûnimi vrati zadaj;FOX 
40;1132;6.1;0;VOLKSWAGEN;5ZABBMD-FM52T0791N1K14;FOX / 1.2 /;Nemcija;DEU;osebni avtomobil;148;vozilo z dviûnimi vrati zadaj;FOX 
40;1124;6.1;0;VOLKSWAGEN;ABSBMD-FM52T0791N1K14;FOX / 1.2 /;Nemcija;DEU;osebni avtomobil;148;vozilo z dviûnimi vrati zadaj;FOX 
40;1090;6.1;0;VOLKSWAGEN;ABSBMD-FM52T0791N0K13;FOX / 1.2 /;Nemcija;DEU;osebni avtomobil;148;vozilo z dviûnimi vrati zadaj;FOX 
40;1082;6.1;0;VOLKSWAGEN;ABBMD-FM52T0791N0K13;FOX / 1.2 /;Nemcija;DEU;osebni avtomobil;148;vozilo z dviûnimi vrati zadaj;FOX 
40;1070;6.1;0;VOLKSWAGEN;9N;POLO / 1.2;Nemcija;DEU;osebni avtomobil;152;vozilo z dviûnimi vrati zadaj;POLO 
40;1069;6.1;0;VOLKSWAGEN;ABSBMD-FM52T0891N114;FOX / 1.2 /;Nemcija;DEU;osebni avtomobil;148;vozilo z dviûnimi vrati zadaj;FOX 
40;830;6.3;0;HYUNDAI;5G-11;ATOS / 1.0;Koreja. republika;KOR;osebni avtomobil;142;vozilo z dviûnimi vrati zadaj;ATOS 
40;1000;6.3;1;VOLKSWAGEN;32B;PASSAT / 1.6;Nemcija;DEU;osebni avtomobil;143;vozilo z dviûnimi vrati zadaj;PASSAT 
40;857;6.4;0;FIAT;176AQ55F;PUNTO / 55 / S;Italija;ITA;osebni avtomobil;150;vozilo z dviûnimi vrati zadaj;PUNTO 
40;960;6.5;0;FIAT;176AR52C;PUNTO / 55 / S;Italija;ITA;osebni avtomobil;150;kabriolet;PUNTO 
40;865;6.5;0;FIAT;176AQ55A01;PUNTO / 55 / S;Italija;ITA;osebni avtomobil;150;vozilo z dviûnimi vrati zadaj;PUNTO 
40;810;6.5;0;FIAT;187AXC1A02B;SEICENTO / 1100 /;Italija;ITA;osebni avtomobil;150;vozilo z dviûnimi vrati zadaj;SEICENTO 
40;1120;6.5;1;VOLKSWAGEN;19E;GOLF / JXD;Nemcija;DEU;osebni avtomobil;160;vozilo z dviûnimi vrati zadaj;GOLF 
40;930;6.5;1;VOLKSWAGEN;19E;GOLF / JXD;Nemcija;DEU;osebni avtomobil;155;vozilo z dviûnimi vrati zadaj;GOLF 
40;901;6.8;1;FORD;-;ESCORT / 1.6 CL;Nemcija;DEU;osebni avtomobil;179;vozilo z dviûnimi vrati zadaj;ESCORT 
40;1390;7.1;1;MERCEDES BENZ;123.120;200 / D;Nemcija;DEU;osebni avtomobil;130;limuzina;200
40;835;7.2;0;RENAULT;C57-705;CLIO / 1.2;Francija;FRA;osebni avtomobil;181;vozilo z dviûnimi vrati zadaj;CLIO 
40;925;7.4;0;FIAT;176A-053A 00B;PUNTO / 1.1;Italija;ITA;osebni avtomobil;150;vozilo z dviûnimi vrati zadaj;PUNTO 
40;920;7.4;1;VOLKSWAGEN;17-JP;GOLF / 1.6 / JGLD;Nemcija;DEU;osebni avtomobil;154;vozilo z dviûnimi vrati zadaj;GOLF 
40;750;7.4;1;VOLKSWAGEN;17;GOLF / 1.6 / JGLD;Nemcija;DEU;osebni avtomobil;154;vozilo z dviûnimi vrati zadaj;GOLF 
40;750;7.4;1;VOLKSWAGEN;17;GOLF / 1.6 / JGLD;Nemcija;DEU;osebni avtomobil;140;vozilo z dviûnimi vrati zadaj;GOLF 
40;790;7.6;0;FIAT;141AK53B;PANDA / 1.1 / 4x4 ;Italija;ITA;osebni avtomobil;130;vozilo z dviûnimi vrati zadaj;PANDA 
40;1370;8.5;1;MERCEDES BENZ;115.110;220 / D;Nemcija;DEU;osebni avtomobil;135;limuzina;220
40;850;8.5;0;OPEL;C;KADETT C / /;Nemcija;DEU;osebni avtomobil;132;limuzina;KADETT C 
40.4;920;6.3;0;HYUNDAI;5G-11;ATOS / 1.0;Koreja. republika;KOR;osebni avtomobil;142;vozilo z dviûnimi vrati zadaj;ATOS 
41;770;9.3;0;SUZUKI;LJ;LJ / 80;Japonska ;JPN;osebni avtomobil;110;limuzina;LJ 
42;905;5.2;1;CITROEN;S1VJXB;SAXO / 1.5 / D;Francija;FRA;osebni avtomobil;158;vozilo z dviûnimi vrati zadaj;SAXO 
42;980;8.7;0;AUDI;F 103;60 L;Nemcija;DEU;osebni avtomobil;135;limuzina;60 L
43;980;4.2;0;RENAULT;BB080F;CLIO / 1.2 /;Francija;FRA;osebni avtomobil;175;vozilo z dviûnimi vrati zadaj;CLIO 
43;959;5.5;0;HYUNDAI;C-OY;ATOS-PRIME / 1.1;Indija;IND;osebni avtomobil;147;vozilo z dviûnimi vrati zadaj;ATOS-PRIME 
43;1000;5.5;0;RENAULT;CN0D05;TWINGO / 1.2 /;Francija;FRA;osebni avtomobil;150;vozilo z dviûnimi vrati zadaj;TWINGO 
43;905;5.6;0;OPEL;BA11-1A01A2BBCA5;CORSA / 1.0 /;Nemcija;DEU;osebni avtomobil;170;vozilo z dviûnimi vrati zadaj;CORSA 
43;905;5.6;0;OPEL;BA11-1A01A2BBCA5;CORSA / 1.0 / 12V;Nemcija;DEU;osebni avtomobil;155;vozilo z dviûnimi vrati zadaj;CORSA 
43;1000;5.6;0;RENAULT;CN0D05;TWINGO / 1.2 /;Francija;FRA;osebni avtomobil;150;vozilo z dviûnimi vrati zadaj;TWINGO 
43;895;5.7;0;RENAULT;C06G05;TWINGO / 1.2 /;Francija;FRA;osebni avtomobil;151;vozilo z dviûnimi vrati zadaj;TWINGO 
43;915;5.8;0;RENAULT;C061CK;TWINGO / 1.2 /;Francija;FRA;osebni avtomobil;151;vozilo z dviûnimi vrati zadaj;TWINGO 
43;895;5.8;0;RENAULT;C068AE;TWINGO / 1.2 /;Francija;FRA;osebni avtomobil;151;vozilo z dviûnimi vrati zadaj;TWINGO 
43;820;5.8;0;RENAULT;C068AE;TWINGO / 1.2 /;Francija;FRA;osebni avtomobil;140;vozilo z dviûnimi vrati zadaj;TWINGO 
43;959;5.9;0;HYUNDAI;A-O;ATOS-PRIME / 1.1;Indija;IND;osebni avtomobil;146;vozilo z dviûnimi vrati zadaj;ATOS-PRIME 
43;1040;5.9;0;RENAULT;BB2T05;CLIO / 1.2;Francija;FRA;osebni avtomobil;170;vozilo z dviûnimi vrati zadaj;CLIO 
43;1010;5.9;0;RENAULT;BB1KEF;CLIO / 1.2 /;Francija;FRA;osebni avtomobil;160;vozilo z dviûnimi vrati zadaj;CLIO 
43;990;5.9;0;RENAULT;CB1KEF;CLIO / 1.2 /;Francija;FRA;osebni avtomobil;160;vozilo z dviûnimi vrati zadaj;CLIO 
43;895;5.9;0;RENAULT;C06-G0E;TWINGO / 1.2;Francija;FRA;osebni avtomobil;151;vozilo z dviûnimi vrati zadaj;TWINGO 
43;975;6.2;0;RENAULT;BB0A0F;CLIO / 1.2 /;Francija;FRA;osebni avtomobil;160;vozilo z dviûnimi vrati zadaj;CLIO 
43;955;6.2;0;RENAULT;CB0-A0F;CLIO / 1.2 /;Francija;FRA;osebni avtomobil;160;vozilo z dviûnimi vrati zadaj;CLIO 
43;925;6.2;0;RENAULT;C0660G;TWINGO / 1.2 /;Francija;FRA;osebni avtomobil;151;vozilo z dviûnimi vrati zadaj;TWINGO 
43;905;6.2;0;RENAULT;BB0-A0F;CLIO / 1.1;Francija;FRA;osebni avtomobil;160;vozilo z dviûnimi vrati zadaj;CLIO 
43;895;6.2;0;RENAULT;C066-MG;TWINGO / 1.2 /;Francija;FRA;osebni avtomobil;151;vozilo z dviûnimi vrati zadaj;TWINGO 
43;890;6.2;0;RENAULT;C06605;TWINGO / 1.2 /;Francija;FRA;osebni avtomobil;151;vozilo z dviûnimi vrati zadaj;TWINGO 
43;880;6.2;0;RENAULT;CB0A0F;CLIO / 1.2 /;Francija;FRA;osebni avtomobil;160;vozilo z dviûnimi vrati zadaj;CLIO 
43;880;6.2;0;RENAULT;CB0FBF;CLIO / 1.2 /;Francija;FRA;osebni avtomobil;158;vozilo z dviûnimi vrati zadaj;CLIO 
43;820;6.2;0;RENAULT;C06-6MG;TWINGO / 1.2;Francija;FRA;osebni avtomobil;151;vozilo z dviûnimi vrati zadaj;TWINGO 
43;940;6.3;0;OPEL;AA11-1A03A1AABA4;AGILA / 1.0 / 12V;Nemcija;DEU;osebni avtomobil;142;vecnamensko vozilo;AGILA 
43;1215;6.9;0;RENAULT;FC0FAF;KANGOO EXPRESS 1.2;Francija;FRA;osebni avtomobil;140;vecnamensko vozilo;KANGOO EXPRESS 1.2
43;1095;6.9;0;RENAULT;KC0AAF;KANGOO / 1.2 /;Francija;FRA;osebni avtomobil;142;karavan;KANGOO 
43;1085;6.9;0;RENAULT;KC0FEF;KANGOO / 1.2;Francija;FRA;osebni avtomobil;136;vecnamensko vozilo;KANGOO 
43;900;7.2;0;RENAULT;BB0-F0F;CLIO / 1.2;Francija;FRA;osebni avtomobil;181;vozilo z dviûnimi vrati zadaj;CLIO 
43;975;7.3;0;RENAULT;A-BB0A0F;CLIO / 1.2;Francija;FRA;osebni avtomobil;150;vozilo z dviûnimi vrati zadaj;CLIO 
43;955;7.3;0;RENAULT;B-CB1K0F;CLIO / 1.2;Francija;FRA;osebni avtomobil;160;vozilo z dviûnimi vrati zadaj;CLIO 
43.3;959;5.9;0;HYUNDAI;A-O;ATOS-PRIME / 1.1 /;Indija;IND;osebni avtomobil;146;vozilo z dviûnimi vrati zadaj;ATOS-PRIME 
44;940;4.1;0;VOLKSWAGEN;ABCHYA-FM5FM5CF0097MMVR2N1SVW61;UP! / 1.0 /;Nemcija;DEU;osebni avtomobil;161;vozilo z dviûnimi vrati zadaj;UP! 
44;934;4.1;0;VOLKSWAGEN;ABCHYA-FM5FM5CF0117MMVR2N1SVW61;UP! / 1.0 /;Nemcija;DEU;osebni avtomobil;162;vozilo z dviûnimi vrati zadaj;UP! 
44;934;4.2;0;äKODA;ABCHYA-FM5FM5CF0117CPVR2N1SSK1B;CITIGO / 1.0 /;Ceöka republika;CZE;osebni avtomobil;162;vozilo z dviûnimi vrati zadaj;CITIGO 
44;937;4.3;0;äKODA;ABCHYA-FS5FS5CT0087MMVR0N1SSK61;CITIGO / 1.0 / AUT.;Ceöka republika;CZE;osebni avtomobil;161;vozilo z dviûnimi vrati zadaj;CITIGO 
44;926;4.4;0;SEAT;ABCHYA-FM5FM5CF0117MMVR0N1SSE61;MII / 1.0 /;äpanija;ESP;osebni avtomobil;161;vozilo z dviûnimi vrati zadaj;MII 
44;932;4.4;0;äKODA;ABCHYA-FS5FS5CT0087MMVR0N1SSK61;CITIGO / 1.0 / AUT.;Ceöka republika;CZE;osebni avtomobil;160;vozilo z dviûnimi vrati zadaj;CITIGO 
44;926;4.4;0;äKODA;ABCHYA-FM5FM5CF0117MMVR0N1SSK61;CITIGO / 1.0 /;Ceöka republika;CZE;osebni avtomobil;162;vozilo z dviûnimi vrati zadaj;CITIGO 
44;926;4.4;0;äKODA;ABCHYA-FM5FM5CF0117MMVR0N1SSK61;CITIGO / 1.0 /;Ceöka republika;CZE;osebni avtomobil;161;vozilo z dviûnimi vrati zadaj;CITIGO 
44;1056;4.4;1;VOLKSWAGEN;SCAKUX01-SGFM5850341N1K4;LUPO / 1.7 / SDI;Nemcija;DEU;osebni avtomobil;157;vozilo z dviûnimi vrati zadaj;LUPO 
44;1043;4.4;1;VOLKSWAGEN;SCAKUX01-SGFM5850481N1K40GZ;LUPO / 1.7 / SDI;Nemcija;DEU;osebni avtomobil;157;vozilo z dviûnimi vrati zadaj;LUPO 
44;1020;4.4;1;VOLKSWAGEN;6X-AKU;LUPO / 1.7 / SDI;Nemcija;DEU;osebni avtomobil;157;vozilo z dviûnimi vrati zadaj;LUPO 
44;1005;4.4;1;VOLKSWAGEN;6XSCAKUX01-SGFM5850481N1K40GE;LUPO / 1.7 / SDI;Nemcija;DEU;osebni avtomobil;157;vozilo z dviûnimi vrati zadaj;LUPO 
44;926;4.4;0;VOLKSWAGEN;ABCHYA-FM5FM5CF0117MMVR0N1SVW61;UP! / 1.0 /;Nemcija;DEU;osebni avtomobil;162;vozilo z dviûnimi vrati zadaj;UP! 
44;929;4.5;0;SEAT;ABCHYA-FM5FM5CF0097MMVR0N1SSE61;MII / 1.0 /;äpanija;ESP;osebni avtomobil;160;vozilo z dviûnimi vrati zadaj;MII 
44;929;4.5;0;äKODA;ABCHYA-FM5FM5CF0097MMVR0N1SSK61;CITIGO / 1.0 /;Ceöka republika;CZE;osebni avtomobil;160;vozilo z dviûnimi vrati zadaj;CITIGO 
44;929;4.5;0;VOLKSWAGEN;ABCHYA-FM5FM5CF0037MGVR0N1FA1VW;UP! / 1.0 /;Nemcija;DEU;osebni avtomobil;160;vozilo z dviûnimi vrati zadaj;UP! 
44;1234;4.6;1;VOLKSWAGEN;6KV-AKW;POLO / VAR. 1.7 / SDI;Nemcija;DEU;osebni avtomobil;150;karavan;POLO 
44;1055;4.7;0;äKODA;ABCHYAX01-NFM5FM5CF007N617;FABIA / 1.0 /;Ceöka republika;CZE;osebni avtomobil;160;vozilo z dviûnimi vrati zadaj;FABIA 
44;936;4.9;0;KIA;M211-521121;PICANTO / 1.0;Koreja. republika;KOR;osebni avtomobil;150;vecnamensko vozilo;PICANTO 
44;929;4.9;0;KIA;BAM211-421111;PICANTO / 1.0;Koreja. republika;KOR;osebni avtomobil;150;vozilo z dviûnimi vrati zadaj;PICANTO 
44;1080;4.9;0;äKODA;ABCHYAX01-NFM5FM5CF007N617;FABIA / 1.0 /;Ceöka republika;CZE;osebni avtomobil;160;vozilo z dviûnimi vrati zadaj;FABIA 
44;982;5.1;0;KIA;M211-521111;PICANTO / 1.0;Koreja. republika;KOR;osebni avtomobil;150;vecnamensko vozilo;PICANTO 
44;936;5.1;0;KIA;BAM211-521111;PICANTO / 1.0;Koreja. republika;KOR;osebni avtomobil;150;vecnamensko vozilo;PICANTO 
44;934;5.1;0;äKODA;ABCHYA-FM5FM5CF0117CPVR2N1SSK1B;CITIGO / 1.0 /;Ceöka republika;CZE;osebni avtomobil;162;vozilo z dviûnimi vrati zadaj;CITIGO 
44;1054;5.2;0;FORD;JA8-STJC1D-5ABCAF;FIESTA / 1.25 / 5 vr;Nemcija;DEU;osebni avtomobil;152;vozilo z dviûnimi vrati zadaj;FIESTA 
44;1045;5.2;0;FORD;JA8-STJB1C5ABCAE;FIESTA / 1.25 / 3 vr;Nemcija;DEU;osebni avtomobil;152;vozilo z dviûnimi vrati zadaj;FIESTA 
44;1044;5.2;0;FORD;JA8-STJC1C-5ABCAE;FIESTA / 1.25 / 3 vr;Nemcija;DEU;osebni avtomobil;152;vozilo z dviûnimi vrati zadaj;FIESTA 
44;980;5.2;0;OPEL;AG11-1A01A1ADCA5;CORSA / 1.0;Nemcija;DEU;osebni avtomobil;156;vozilo z dviûnimi vrati zadaj;CORSA 
44;945;5.2;0;äKODA;ABCHYA-FM5FM5CF0117CPVR2N1SSK1BO;CITIGO / 1.0 /;Ceöka republika;CZE;osebni avtomobil;162;vozilo z dviûnimi vrati zadaj;CITIGO 
44;934;5.2;0;äKODA;ABCHYA-FM5FM5CF0117CPVR2N1SSK1B;CITIGO / 1.0 /;Ceöka republika;CZE;osebni avtomobil;162;vozilo z dviûnimi vrati zadaj;CITIGO 
44;945;5.2;0;VOLKSWAGEN;ABCHYA-FM5FM5CF0117CPVR2N1SVW1BM;UP! / 1.0 /;Nemcija;DEU;osebni avtomobil;162;vozilo z dviûnimi vrati zadaj;UP! 
44;1005;5.3;0;OPEL;DG11-1A06A2BBCA5;CORSA / 1.0 / 12V;Nemcija;DEU;osebni avtomobil;156;vozilo z dviûnimi vrati zadaj;CORSA 
44;980;5.3;0;OPEL;BG11-1A01A2BBCA5;CORSA / 1.0 / 12V;Nemcija;DEU;osebni avtomobil;156;vozilo z dviûnimi vrati zadaj;CORSA 
44;930;5.3;0;OPEL;DG11-1A06A2BBCA5;CORSA / 1.0;Nemcija;DEU;osebni avtomobil;156;vozilo z dviûnimi vrati zadaj;CORSA 
44;905;5.3;0;OPEL;AG11-1A01A1ABCA5;CORSA / 1.0;Nemcija;DEU;osebni avtomobil;156;vozilo z dviûnimi vrati zadaj;CORSA 
44;905;5.3;0;OPEL;AG11-1A01A1ABCA5;OPEL / CORSA / 1.0 / 12V;Nemcija;DEU;osebni avtomobil;156;vozilo z dviûnimi vrati zadaj;OPEL 
44;865;5.4;0;FIAT;169AXB1102;PANDA / 1.2 / DUAL LOGIC;Italija;ITA;osebni avtomobil;155;vozilo z dviûnimi vrati zadaj;PANDA 
44;1041;5.4;0;FORD;JA8-STJA1G5AB;FIESTA / 1.25 / 3 vr;Nemcija;DEU;osebni avtomobil;152;vozilo z dviûnimi vrati zadaj;FIESTA 
44;1081;5.4;0;äKODA;ABCHYEX01-NFM5FM5CF0074BFN1B7A;FABIA / 1.0 /;Ceöka republika;CZE;osebni avtomobil;157;vozilo z dviûnimi vrati zadaj;FABIA 
44;980;5.4;0;VOLKSWAGEN;ABCHYE-FM5FM5CF0114BFVR2N1SVW1C14M;UP! / 1.0 /;Nemcija;DEU;osebni avtomobil;162;vozilo z dviûnimi vrati zadaj;UP! 
44;945;5.4;0;VOLKSWAGEN;ABCHYE-FM5FM5CF0114BFVR2N1SVW1B14M;UP! / 1.0 /;Nemcija;DEU;osebni avtomobil;162;vozilo z dviûnimi vrati zadaj;UP! 
44;1054;5.5;0;FORD;JA8-STJB1J5ABAAB;FIESTA / 1.25 / 5 vr;Nemcija;DEU;osebni avtomobil;152;vozilo z dviûnimi vrati zadaj;FIESTA 
44;1041;5.5;0;FORD;JA8-STJB1G5ABAAA;FIESTA / 1.25 / 3 vr;Nemcija;DEU;osebni avtomobil;152;vozilo z dviûnimi vrati zadaj;FIESTA 
44;1049;5.5;0;SEAT;SCNCGPBX0-SGFM52T11127MG;IBIZA / 1.2 /;äpanija;ESP;osebni avtomobil;155;vecnamensko vozilo;IBIZA 
44;1115;5.5;0;äKODA;ACCGPBX01-NFM5FM52T11114N0;FABIA / COMBI 1.2 /;Ceöka republika;CZE;osebni avtomobil;156;karavan;FABIA 
44;1112;5.5;0;äKODA;ABCHYEX01-NFM5FM5CF0074BIN1B7A;FABIA / 1.0 /;Ceöka republika;CZE;osebni avtomobil;159;vozilo z dviûnimi vrati zadaj;FABIA 
44;1095;5.5;0;äKODA;ABCGPBX01-NFM5FM52T11114N0;FABIA / 1.2 /;Ceöka republika;CZE;osebni avtomobil;155;vozilo z dviûnimi vrati zadaj;FABIA 
44;1067;5.5;0;VOLKSWAGEN;ABCGPB-FM5FM52T111LLNVR07MG;POLO / 1.2 /;Nemcija;DEU;osebni avtomobil;157;vozilo z dviûnimi vrati zadaj;POLO 
44;980;5.5;0;VOLKSWAGEN;ABCHYE-FM5FM5CF0114BFVR2N1SVW1B14M;UP! / 1.0 /;Nemcija;DEU;osebni avtomobil;162;vozilo z dviûnimi vrati zadaj;UP! 
44;945;5.5;0;VOLKSWAGEN;ABCHYE-FM5FM5CF0114BFVR2N1SVW1B17M;UP! / 1.0 /;Nemcija;DEU;osebni avtomobil;162;vozilo z dviûnimi vrati zadaj;UP! 
44;950;5.6;0;FIAT;188BXA1A01AL;PUNTO / 1.2 /;Italija;ITA;osebni avtomobil;155;vozilo z dviûnimi vrati zadaj;PUNTO 
44;935;5.6;0;FIAT;169AXB1A01C;PANDA / 1.2 /;Italija;ITA;osebni avtomobil;155;vecnamensko vozilo;PANDA 
44;935;5.6;0;FIAT;188AXA1A00AF;PUNTO / 1.2 /;Italija;ITA;osebni avtomobil;155;vozilo z dviûnimi vrati zadaj;PUNTO 
44;935;5.6;0;FIAT;169AXB1A01C;PANDA / 1.2 /;Italija;ITA;osebni avtomobil;155;vozilo z dviûnimi vrati zadaj;PANDA 
44;860;5.6;0;FIAT;169AXB1A01C;PANDA / 1.2;Italija;ITA;osebni avtomobil;155;vozilo z dviûnimi vrati zadaj;PANDA 
44;860;5.6;0;FIAT;169AXB1A01C;FIAT / PANDA / 1.2 /;Italija;ITA;osebni avtomobil;155;vozilo z dviûnimi vrati zadaj;FIAT 
44;1145;5.6;0;OPEL;KA11-1A04A5DADA5;CORSA / 1.0 / 12V;Nemcija;DEU;osebni avtomobil;150;vecnamensko vozilo;CORSA 
44;1100;5.6;0;OPEL;BA11-1A01A3CADA5;CORSA / 1.0 / 12V;Nemcija;DEU;osebni avtomobil;150;vecnamensko vozilo;CORSA 
44;1116;5.6;0;äKODA;ABCHYEX01-NFM5FM5CF0074BIN1B7A;FABIA / 1.0 /;Ceöka republika;CZE;osebni avtomobil;159;vozilo z dviûnimi vrati zadaj;FABIA 
44;980;5.6;0;VOLKSWAGEN;ABCHYE-FM5FM5CF0114BFVR2N1SVW1C16M;UP! / 1.0 /;Nemcija;DEU;osebni avtomobil;162;vozilo z dviûnimi vrati zadaj;UP! 
44;920;5.6;1;VOLKSWAGEN;17ZF;GOLF / JGLD;Nemcija;DEU;osebni avtomobil;130;vozilo z dviûnimi vrati zadaj;GOLF 
44;981;5.7;0;FIAT;188AXA1A-00AD;PUNTO / 1.2 /;Italija;ITA;osebni avtomobil;155;vozilo z dviûnimi vrati zadaj;PUNTO 
44;950;5.7;0;FIAT;188BXA1A01X;PUNTO / 1.2;Italija;ITA;osebni avtomobil;155;vozilo z dviûnimi vrati zadaj;PUNTO 
44;950;5.7;0;FIAT;188BXA1A01W;PUNTO / 1.2 /;Italija;ITA;osebni avtomobil;155;limuzina;PUNTO 
44;935;5.7;0;FIAT;188AXA1A00Z;PUNTO / 1.2 /;Italija;ITA;osebni avtomobil;155;vozilo z dviûnimi vrati zadaj;PUNTO 
44;920;5.7;0;FIAT;188AXA1A00Z;PUNTO / 1.2;Italija;ITA;osebni avtomobil;155;vozilo z dviûnimi vrati zadaj;PUNTO 
44;875;5.7;0;FIAT;188BXA1A01X;FIAT / PUNTO / 1.2 /;Italija;ITA;osebni avtomobil;155;vozilo z dviûnimi vrati zadaj;FIAT 
44;860;5.7;0;FIAT;188AXA1A00Z;FIAT / PUNTO / 1.2 /;Italija;ITA;osebni avtomobil;155;vozilo z dviûnimi vrati zadaj;FIAT 
44;850;5.7;0;FIAT;188AXA1A00M;PUNTO / 1.2 /;Italija;ITA;osebni avtomobil;155;vozilo z dviûnimi vrati zadaj;PUNTO 
44;935;5.7;0;LANCIA;840AF1A07;Y / 1.2 / i.e.;Italija;ITA;osebni avtomobil;158;vozilo z dviûnimi vrati zadaj;Y 
44;1020;5.7;0;PEUGEOT;2MHFX-A;206 / 1.1 / I;Francija;FRA;osebni avtomobil;159;vozilo z dviûnimi vrati zadaj;206
44;1110;5.7;0;äKODA;ACCHFAX01-NFM5FM52T11114N0;FABIA / COMBI 1.2 /;Ceöka republika;CZE;osebni avtomobil;156;karavan;FABIA 
44;1090;5.7;0;äKODA;ABCHFAX01-NFM5FM52T11114N;FABIA / 1.2 /;Ceöka republika;CZE;osebni avtomobil;155;vozilo z dviûnimi vrati zadaj;FABIA 
44;1086;5.7;0;äKODA;ABCHYAX01-NFM5FM5CF0077CPN1C7A;FABIA / 1.0 /;Ceöka republika;CZE;osebni avtomobil;157;vozilo z dviûnimi vrati zadaj;FABIA 
44;1007;5.8;0;CITROEN;JMHFXC;C2 / 1.1 / i;Francija;FRA;osebni avtomobil;158;vozilo z dviûnimi vrati zadaj;C2 
44;1040;5.8;0;OPEL;AC11-1A05A3CABA5;AGILA / 1.0 / 12V;Nemcija;DEU;osebni avtomobil;145;vecnamensko vozilo;AGILA 
44;965;5.8;0;OPEL;AC11-1A05A3CABA5;AGILA / 1.0;Nemcija;DEU;osebni avtomobil;145;vecnamensko vozilo;AGILA 
44;1089;5.8;0;VOLKSWAGEN;ABSBBMX01-FM5FM52T0891N10GG;POLO / 1.2 /;Nemcija;DEU;osebni avtomobil;157;vozilo z dviûnimi vrati zadaj;POLO 
44;1053;5.9;0;CITROEN;FCHFXB;C3 / 1.1 / i;Francija;FRA;osebni avtomobil;153;vozilo z dviûnimi vrati zadaj;C3 
44;1007;5.9;0;CITROEN;JMHFXBJ*HFX*-JMHFX*;C 2 / 1.1;Francija;FRA;osebni avtomobil;158;vozilo z dviûnimi vrati zadaj;C 2 
44;1007;5.9;0;CITROEN;JMHFXB;C2 / 1.1 / i;Francija;FRA;osebni avtomobil;158;vozilo z dviûnimi vrati zadaj;C2 
44;983;5.9;0;FORD;RBT-J4D1;KA / 1.3 /;Nemcija;DEU;osebni avtomobil;155;vozilo z dviûnimi vrati zadaj;KA 
44;962;5.9;0;FORD;RBT-BAA;KA / 1.3 /;Nemcija;DEU;osebni avtomobil;155;vozilo z dviûnimi vrati zadaj;KA 
44;959;5.9;0;HYUNDAI;A-O;ATOS-PRIME / 1.1;Indija;IND;osebni avtomobil;146;vozilo z dviûnimi vrati zadaj;ATOS-PRIME 
44;1032;5.9;0;NISSAN;K12-F02;MICRA / 1.2;Japonska ;JPN;osebni avtomobil;167;vozilo z dviûnimi vrati zadaj;MICRA 
44;1115;5.9;0;äKODA;ABBBMX01-NFM5FM52T08913S;FABIA / 1.2 /;Ceöka republika;CZE;osebni avtomobil;155;vozilo z dviûnimi vrati zadaj;FABIA 
44;1105;5.9;0;äKODA;ABCHFAX01-NFM5FM52T08914;FABIA / 1.2 /;Ceöka republika;CZE;osebni avtomobil;155;vozilo z dviûnimi vrati zadaj;FABIA 
44;1081;5.9;0;äKODA;ABCHYEX01-NFM5FM5CF0074BFN1C7A;FABIA / 1.0 / TSI;Ceöka republika;CZE;osebni avtomobil;158;vozilo z dviûnimi vrati zadaj;FABIA 
44;880;6.1;0;CITROEN;S0HFXB;SAXO / 1.1 / i;Francija;FRA;osebni avtomobil;164;vozilo z dviûnimi vrati zadaj;SAXO 
44;1117;6.1;0;FORD;JD3-BAJA15BCBKA;FIESTA / 1.3 /;Nemcija;DEU;osebni avtomobil;151;vozilo z dviûnimi vrati zadaj;FIESTA 
44;920;6.1;0;NISSAN;K11;MICRA / 1.0;Zdruûeno kraljestvo;GBR;osebni avtomobil;150;vozilo z dviûnimi vrati zadaj;MICRA 
44;1070;6.1;0;VOLKSWAGEN;6N;POLO / 1.4;Nemcija;DEU;osebni avtomobil;160;vozilo z dviûnimi vrati zadaj;POLO 
44;1024;6.1;0;VOLKSWAGEN;6XSCAUDX01 SGFM5850551N1I40GG;LUPO / 1.4 /;Nemcija;DEU;osebni avtomobil;160;vozilo z dviûnimi vrati zadaj;LUPO 
44;998;6.1;0;VOLKSWAGEN;SCAKKX01-SGFM5850371N113I;POLO / 1.4 /;Nemcija;DEU;osebni avtomobil;160;vozilo z dviûnimi vrati zadaj;POLO 
44;998;6.1;0;VOLKSWAGEN;6N;POLO / 1.4;Nemcija;DEU;osebni avtomobil;155;vozilo z dviûnimi vrati zadaj;POLO 
44;996;6.1;0;VOLKSWAGEN;SCAUDX01-SGFM5850371N113I;POLO / 1.4 /;Nemcija;DEU;osebni avtomobil;160;vozilo z dviûnimi vrati zadaj;POLO 
44;985;6.2;0;PEUGEOT;2AHFXF;206 / 1.1;Francija;FRA;osebni avtomobil;158;vozilo z dviûnimi vrati zadaj;206
44;910;6.2;0;PEUGEOT;2CHFXF;206 / 1.1 / I;Francija;FRA;osebni avtomobil;158;vozilo z dviûnimi vrati zadaj;206
44;871;6.2;0;VOLKSWAGEN;SCAUDX01-SGFM5850371N1I4;LUPO / 1.4 /;Nemcija;DEU;osebni avtomobil;160;vozilo z dviûnimi vrati zadaj;LUPO 
44;945;6.3;0;FORD;RBT-J4P;KA / 1.3 /;Nemcija;DEU;osebni avtomobil;155;vozilo z dviûnimi vrati zadaj;KA 
44;888;6.3;0;FORD;RBT-BAA;KA / 1.3 /;Nemcija;DEU;osebni avtomobil;155;vozilo z dviûnimi vrati zadaj;KA 
44;1000;6.3;0;PEUGEOT;2SHFXU;206 1.1;Francija;FRA;osebni avtomobil;158;vozilo z dviûnimi vrati zadaj;206 1.1
44;1101;6.3;0;VOLKSWAGEN;SEAEXX01-SGFM5850134;POLO / 1.4 /;Nemcija;DEU;osebni avtomobil;155;karavan;POLO 
44;965;6.3;0;VOLKSWAGEN;6N SCAEX01;POLO / 1.4 /;Nemcija;DEU;osebni avtomobil;160;vozilo z dviûnimi vrati zadaj;POLO 
44;915;6.3;0;VOLKSWAGEN;6N-AXE;POLO 60 / 1.4 /;Nemcija;DEU;osebni avtomobil;160;vozilo z dviûnimi vrati zadaj;POLO 60 
44;1073;6.4;0;VOLKSWAGEN;SCAUDX01-SGFM5850551N113K0GG;POLO / 1.4 /;Nemcija;DEU;osebni avtomobil;160;vozilo z dviûnimi vrati zadaj;POLO 
44;1020;6.4;0;VOLKSWAGEN;NA8W50FM5;POLO / 1.4 CLASSIC;Nemcija;DEU;osebni avtomobil;172;limuzina;POLO 
44;996;6.4;0;VOLKSWAGEN;SCAUDX01-SGFM5850371N;POLO / 1.4 /;Nemcija;DEU;osebni avtomobil;160;vozilo z dviûnimi vrati zadaj;POLO 
44;1065;6.5;0;PEUGEOT;2EHFXF;206 / BREAK 1.1 / i;Francija;FRA;osebni avtomobil;160;karavan;206
44;1055;6.6;0;FIAT;169AXB2A04C;PANDA / 1.2 / 4X4;Italija;ITA;osebni avtomobil;145;vozilo z dviûnimi vrati zadaj;PANDA 
44;1055;6.6;0;FIAT;169AXB2A04C;PANDA / 1.2 / 4X4;Italija;ITA;osebni avtomobil;145;vecnamensko vozilo;PANDA 
44;1055;6.6;0;FIAT;169CXB2AAX;PANDA 1.2;Italija;ITA;osebni avtomobil;145;vecnamensko vozilo;PANDA 1.2
44;1040;6.6;0;FIAT;169AXB2A04;PANDA / 1.2 / 4X4;Italija;ITA;osebni avtomobil;145;vozilo z dviûnimi vrati zadaj;PANDA 
44;1040;6.6;0;FIAT;169AXB2A04E;PANDA / 1.2 / 4X4;Italija;ITA;osebni avtomobil;145;vecnamensko vozilo;PANDA 
44;965;6.6;0;FIAT;169AXB2A04;PANDA / 1.2;Italija;ITA;osebni avtomobil;145;vozilo z dviûnimi vrati zadaj;PANDA 
44;995;6.6;0;SEAT;SCAKVX01-SGFM5850132;IBIZA / 1.4 /;äpanija;ESP;osebni avtomobil;157;vozilo z dviûnimi vrati zadaj;IBIZA 
44;943;6.6;0;SEAT;SCAKKX01-SGFM5850132K;IBIZA / 1.4 /;äpanija;ESP;osebni avtomobil;157;vozilo z dviûnimi vrati zadaj;IBIZA 
44;992;6.7;0;FORD;RBT-J4K14C11;KA / 1.3 /;Nemcija;DEU;osebni avtomobil;155;vozilo z dviûnimi vrati zadaj;KA 
44;888;6.7;0;FORD;RBT;KA / 1.3 /;Nemcija;DEU;osebni avtomobil;155;vozilo z dviûnimi vrati zadaj;KA 
44;935;6.7;0;LANCIA;840AA1A-00D;Y / 1.2 / I.E.;Italija;ITA;osebni avtomobil;160;vozilo z dviûnimi vrati zadaj;Y 
44;860;6.7;0;LANCIA;840AA1A-00;Y / 1.2 /;Italija;ITA;osebni avtomobil;160;vozilo z dviûnimi vrati zadaj;Y 
44;1015;6.7;0;PEUGEOT;1AHDZE;106 / 1.1 / i;Francija;FRA;osebni avtomobil;165;vozilo z dviûnimi vrati zadaj;106
44;890;6.7;0;PEUGEOT;1CHDZE;106 / 1.1 / i;Francija;FRA;osebni avtomobil;165;vozilo z dviûnimi vrati zadaj;106
44;955;6.8;0;FIAT;176AR55A-06;PUNTO / 60 /;Italija;ITA;osebni avtomobil;160;vozilo z dviûnimi vrati zadaj;PUNTO 
44;940;6.8;0;FIAT;176AR53A-05;PUNTO / 60 / S;Italija;ITA;osebni avtomobil;160;vozilo z dviûnimi vrati zadaj;PUNTO 
44;900;6.8;0;FIAT;176AR55A06C;PUNTO / 60 / S;Italija;ITA;osebni avtomobil;160;vozilo z dviûnimi vrati zadaj;PUNTO 
44;1034;6.8;0;FORD;JAS-J4J;FIESTA / 1.3 /;Nemcija;DEU;osebni avtomobil;155;vozilo z dviûnimi vrati zadaj;FIESTA 
44;1185;6.8;0;SEAT;6KSEAKKX01-SGFM5850134K;CORDOBA / VAR. 1.4;äpanija;ESP;osebni avtomobil;155;karavan;CORDOBA 
44;980;6.8;0;VOLKSWAGEN;1HX0;GOLF / 1.4 / CL;Nemcija;DEU;osebni avtomobil;157;vozilo z dviûnimi vrati zadaj;GOLF 
44;908;6.9;0;FORD;RBT-J4D1;KA / 1.3;Nemcija;DEU;osebni avtomobil;155;vozilo z dviûnimi vrati zadaj;KA 
44;960;7.1;0;FIAT;176AR52C09;PUNTO / 1.2 / CABRIO;Italija;ITA;osebni avtomobil;150;kabriolet;PUNTO 
44;1064;7.1;0;FORD;JBS-J4C;FIESTA / 1.3 /;Nemcija;DEU;osebni avtomobil;155;vozilo z dviûnimi vrati zadaj;FIESTA 
44;850;7.4;0;VOLKSWAGEN;17-GF;GOLF / JGL;Nemcija;DEU;osebni avtomobil;150;vozilo z dviûnimi vrati zadaj;GOLF 
44;1410;7.8;1;MERCEDES BENZ;123D;200 / D;Nemcija;DEU;osebni avtomobil;135;limuzina;200
44;940;8.5;0;CITROEN;GS;GS / 1200;Francija;FRA;osebni avtomobil;151;karavan;GS 
44;1160;9.5;0;OPEL;C;REKORD / CARAVAN 1.5;Nemcija;DEU;osebni avtomobil;140;karavan;REKORD 
44.1;1020;5.7;0;PEUGEOT;2MHFXA;206+ / 1.1 / i;Francija;FRA;osebni avtomobil;159;vozilo z dviûnimi vrati zadaj;206+ 
44.1;1013;5.7;0;PEUGEOT;2LHFXA;206+ / 1.1 / i;Francija;FRA;osebni avtomobil;159;vozilo z dviûnimi vrati zadaj;206+ 
44.1;1085;5.8;0;CITROEN;JMHFXC;C2 / 1.1 / i;Francija;FRA;osebni avtomobil;158;vozilo z dviûnimi vrati zadaj;C2 
44.1;1085;5.9;0;CITROEN;SCHFV0/1;C3 / 1.1 / i;Francija;FRA;osebni avtomobil;155;vozilo z dviûnimi vrati zadaj;C3 
44.1;890;6.1;0;PEUGEOT;1CHFXF;106 / 1.1 / i;Francija;FRA;osebni avtomobil;164;vozilo z dviûnimi vrati zadaj;106
44.1;985;6.2;0;PEUGEOT;2AHFXF;206 / 1.1 / i;Francija;FRA;osebni avtomobil;158;vozilo z dviûnimi vrati zadaj;206
44.1;985;6.2;0;PEUGEOT;2CHFXF;PEUGEOT / 206 / 1.1 / i;Francija;FRA;osebni avtomobil;158;vozilo z dviûnimi vrati zadaj;PEUGEOT 
44.5;929;4.9;0;KIA;BAM211-422111;PICANTO / 1.0 /;Koreja. republika;KOR;osebni avtomobil;150;vozilo z dviûnimi vrati zadaj;PICANTO 
44.5;861;4.9;0;KIA;M211-521121;PICANTO / 1.0 /;Koreja. republika;KOR;osebni avtomobil;150;vecnamensko vozilo;PICANTO 
44.5;936;5.1;0;KIA;BAM211-521111;PICANTO / 1.0 /;Koreja. republika;KOR;osebni avtomobil;150;vecnamensko vozilo;PICANTO 
45;825;4.2;0;SMART;4329F0-JZAAA200;FORTWO / COUPE / MHD;Nemcija;DEU;osebni avtomobil;145;kupe;FORTWO 
45;825;4.3;0;SMART;4329F0-QZAAA200;FORTWO / COUPE / MHD;Nemcija;DEU;osebni avtomobil;145;kupe;FORTWO 
45;825;4.4;0;SMART;4329F0-JZAAA200;FORTWO / COUPE / MHD;Nemcija;DEU;osebni avtomobil;145;kupe;FORTWO 
45;970;4.7;0;SMART;5210G0-AZBAA402;FORFOUR / /;Nemcija;DEU;osebni avtomobil;151;limuzina;FORFOUR 
45;815;4.7;0;SMART;1432C0-MAAAZ200;FORTWO / CABRIO 45 /;Nemcija;DEU;osebni avtomobil;135;kabriolet;FORTWO 
45;805;4.7;0;SMART;1332C0-MAAAZ200;FORTWO / COUPE 45;Nemcija;DEU;osebni avtomobil;135;kupe;FORTWO 
45;815;4.8;0;SMART;1432C0-AAAAZ200;FORTWO / CABRIO 45 /;Nemcija;DEU;osebni avtomobil;135;kabriolet;FORTWO 
45;815;4.8;0;SMART;MC011432C0-AAAZ200;CABRIO / 45 /;Nemcija;DEU;osebni avtomobil;135;kabriolet;CABRIO 
45;805;4.8;0;SMART;MC01-1332C0AAAAZ200;COUPE / 45 /;Nemcija;DEU;osebni avtomobil;135;kupe;COUPE 
45;805;4.8;0;SMART;1332C0-AAAAZ200;FORTWO / COUPE 45 /;Nemcija;DEU;osebni avtomobil;135;kupe;FORTWO 
45;795;4.8;0;SMART;MC01-1432C0;FORTWO / CABRIO /;Nemcija;DEU;osebni avtomobil;135;kabriolet;FORTWO 
45;740;4.8;0;SMART;MC-01;FORTWO / CABRIOLET;Nemcija;DEU;osebni avtomobil;135;kabriolet;FORTWO 
45;865;4.9;0;SMART;452;ROADSTER / 45;Francija;FRA;osebni avtomobil;160;kabriolet;ROADSTER 
45;865;4.9;0;SMART;2432C0-MAAAZ201;ROADSTER / 45 /;Nemcija;DEU;osebni avtomobil;160;kabriolet;ROADSTER 
45;815;4.9;0;SMART;1432C0-MAAAZ211;FORTWO / CABRIO 45;Nemcija;DEU;osebni avtomobil;135;kabriolet;FORTWO 
45;815;4.9;0;SMART;MC01;CABRIO 45 /;Nemcija;DEU;osebni avtomobil;135;kabriolet;CABRIO 45 
45;805;4.9;0;SMART;1332C0-MAAAZ211;FORTWO / COUPE 45;Nemcija;DEU;osebni avtomobil;135;kupe;FORTWO 
45;691;4.9;0;SMART;MCC01B05E3-ASG6A00A0;COUPE / 45 /;Francija;FRA;osebni avtomobil;135;kupe;COUPE 
45;936;5.1;0;KIA;BAM211-521111;PICANTO / 1.0;Koreja. republika;KOR;osebni avtomobil;150;vecnamensko vozilo;PICANTO 
45;865;5.1;0;SMART;452;ROADSTER / 45;Nemcija;DEU;osebni avtomobil;160;kabriolet;ROADSTER 
45;805;5.1;0;SMART;1332C0-AAAAZ211;FORTWO / COUPE 45;Nemcija;DEU;osebni avtomobil;135;kupe;FORTWO 
45;790;5.1;0;SMART;452-2432C0-AAAAZ201;ROADSTER / 45;Nemcija;DEU;osebni avtomobil;160;kabriolet;ROADSTER 
45.6;1007;4.8;0;KIA;BAH411-444111;PICANTO / 1.0 /;Koreja. republika;KOR;osebni avtomobil;150;vozilo z dviûnimi vrati zadaj;PICANTO 
45.6;1007;4.8;0;KIA;BAM411-544111;PICANTO / 1.0 /;Koreja. republika;KOR;osebni avtomobil;150;vecnamensko vozilo;PICANTO 
45.6;929;4.9;0;KIA;BAH411-444111;PICANTO / 1.0 /;Koreja. republika;KOR;osebni avtomobil;150;vozilo z dviûnimi vrati zadaj;PICANTO 
45.6;936;5.1;0;KIA;BAM411-544111;PICANTO / 1.0 /;Koreja. republika;KOR;osebni avtomobil;150;vecnamensko vozilo;PICANTO 
46;895;4.9;0;SUZUKI;FFB21S-5MT;ALTO / 1.0;Indija;IND;osebni avtomobil;155;vozilo z dviûnimi vrati zadaj;ALTO 
46;875;4.9;0;SUZUKI;FFB21S-5MT;ALTO / 1.1;Indija;IND;osebni avtomobil;155;vozilo z dviûnimi vrati zadaj;ALTO 
46;959;5.4;0;HYUNDAI;C-OX;ATOS-PRIME / 1.1;Indija;IND;osebni avtomobil;147;vozilo z dviûnimi vrati zadaj;ATOS-PRIME 
46;975;5.5;0;HYUNDAI;E1-OVN;GETZ / 1.1 /;Koreja. republika;KOR;osebni avtomobil;145;vecnamensko vozilo;GETZ 
46;959;5.5;0;HYUNDAI;C-OY;ATOS-PRIME / 1.1;Indija;IND;osebni avtomobil;147;vozilo z dviûnimi vrati zadaj;ATOS-PRIME 
46;1030;5.6;0;HYUNDAI;A-MOKWI;GETZ / 1.1;Koreja. republika;KOR;osebni avtomobil;150;vecnamensko vozilo;GETZ 
46;1030;5.8;0;HYUNDAI;A-MOKW;GETZ / 1.1;Koreja. republika;KOR;osebni avtomobil;150;vecnamensko vozilo;GETZ 
46;1290;7.7;1;FIAT;223AXB1A01G;DOBLO / 1.9 /;Italija;ITA;osebni avtomobil;141;vecnamensko vozilo;DOBLO 
46;770;7.7;0;ROVER;XN;MINI / 1.3;Zdruûeno kraljestvo;GBR;osebni avtomobil;148;vozilo z dviûnimi vrati zadaj;MINI 
46.3;1007;5.4;0;HYUNDAI;C-OX;ATOS-PRIME / 1.1 /;Indija;IND;osebni avtomobil;147;vozilo z dviûnimi vrati zadaj;ATOS-PRIME 
46.3;1007;5.5;0;HYUNDAI;C-OY;ATOS-PRIME / 1.1 /;Indija;IND;osebni avtomobil;147;vozilo z dviûnimi vrati zadaj;ATOS-PRIME 
46.3;1021;6.1;0;HYUNDAI;C-PY;ATOS-PRIME / 1.1 / AUT.;Indija;IND;osebni avtomobil;139;vozilo z dviûnimi vrati zadaj;ATOS-PRIME 
46.4;1030;5.6;0;HYUNDAI;A-MOKWI;GETZ / 1.1 /;Koreja. republika;KOR;osebni avtomobil;150;vecnamensko vozilo;GETZ 
46.4;1030;5.8;0;HYUNDAI;A-MOKW;GETZ / 1.1 /;Koreja. republika;KOR;osebni avtomobil;150;vecnamensko vozilo;GETZ 
46.4;1030;5.8;0;HYUNDAI;A-MOKW;HYUNDAI / GETZ / 1.1 /;Koreja. republika;KOR;osebni avtomobil;150;vecnamensko vozilo;HYUNDAI 
47;1055;4.3;1;RENAULT;CN0E05;TWINGO / 1.5 / DCI;Francija;FRA;osebni avtomobil;164;vozilo z dviûnimi vrati zadaj;TWINGO 
47;1090;4.4;1;RENAULT;BB8M05;CLIO / 1.5 / DCI;Francija;FRA;osebni avtomobil;162;vozilo z dviûnimi vrati zadaj;CLIO 
47;1070;4.4;1;RENAULT;SB8M05;CLIO SERVISER 1.5 / DCI;Francija;FRA;osebni avtomobil;162;vozilo z dviûnimi vrati zadaj;CLIO SERVISER 1.5 
47;1055;4.4;1;RENAULT;CBBM05;CLIO / 1.5 / DCI;Francija;FRA;osebni avtomobil;162;vozilo z dviûnimi vrati zadaj;CLIO 
47;1090;4.5;1;RENAULT;BBBM05;CLIO / 1.5 / DCI;Francija;FRA;osebni avtomobil;162;vozilo z dviûnimi vrati zadaj;CLIO 
47;1055;4.5;1;RENAULT;CBBM05;CLIO / 1.5 / DCI;Francija;FRA;osebni avtomobil;162;vozilo z dviûnimi vrati zadaj;CLIO 
47;1110;4.5;1;VOLKSWAGEN;1HX0;GOLF / CL D;Nemcija;DEU;osebni avtomobil;156;vozilo z dviûnimi vrati zadaj;GOLF 
47;1240;4.7;1;VOLKSWAGEN;ABSASYX01-FM5FM52T0301N1L0GZ;POLO / 1.9;Nemcija;DEU;osebni avtomobil;160;vozilo z dviûnimi vrati zadaj;POLO 
47;1234;4.7;1;VOLKSWAGEN;ABSASYX01-FM5FM52T0301N1L0GZ;POLO / 1.9 SDI;Nemcija;DEU;osebni avtomobil;160;vozilo z dviûnimi vrati zadaj;POLO 
47;1165;4.7;1;VOLKSWAGEN;SCASYX01-SGFM52T0301N1L0GZ;POLO / 1.9 / SDI;Nemcija;DEU;osebni avtomobil;160;vozilo z dviûnimi vrati zadaj;POLO 
47;1162;4.7;1;VOLKSWAGEN;SCASYX01-SGFM52T0301N1;POLO / 1.9 / SDI;Nemcija;DEU;osebni avtomobil;160;vozilo z dviûnimi vrati zadaj;POLO 
47;1151;4.7;1;VOLKSWAGEN;SCASYX01-SGFM52T0301N1L0GE;POLO / 1.9 / SDI;Nemcija;DEU;osebni avtomobil;160;vozilo z dviûnimi vrati zadaj;POLO 
47;1256;4.8;1;SEAT;STASYX01-SGFM52T030L41N10GZ;CORDOBA / 1.9;äpanija;ESP;osebni avtomobil;165;limuzina;CORDOBA 
47;1252;4.8;1;SEAT;STASYX01-SGFM52T030L41N10GZ;CORDOBA / 1.9 / SDI;äpanija;ESP;osebni avtomobil;165;limuzina;CORDOBA 
47;1252;4.8;1;SEAT;6L STASYX01-SGFM52T030L41N10GZ;SEAT / CORDOBA  / 1.9 / SDI;äpanija;ESP;osebni avtomobil;165;limuzina;SEAT 
47;1244;4.8;1;SEAT;STASYX01-SGFM52T030L40GZ;CORDOBA / 1.9;äpanija;ESP;osebni avtomobil;165;limuzina;CORDOBA 
47;1237;4.8;1;SEAT;SCASYX01-SGFM52T030L40GZ;IBIZA / 1.9;äpanija;ESP;osebni avtomobil;162;vozilo z dviûnimi vrati zadaj;IBIZA 
47;1229;4.8;1;SEAT;SCASYX01-SGFM52T030L41N10GZ;IBIZA / 1.9 / SDI;äpanija;ESP;osebni avtomobil;162;vozilo z dviûnimi vrati zadaj;IBIZA 
47;1206;4.8;1;SEAT;SCASYX01-SGFM52T030L20GZ;IBIZA / 1.9;äpanija;ESP;osebni avtomobil;162;vozilo z dviûnimi vrati zadaj;IBIZA 
47;1202;4.8;1;SEAT;SCASYX01-SGFM52T030L21N10GZ;IBIZA / 1.9;äpanija;ESP;osebni avtomobil;162;vozilo z dviûnimi vrati zadaj;IBIZA 
47;1180;4.8;1;SEAT;6L STASYX01-SGFM52T030L41N10GZ;CORDOBA / 1.9;äpanija;ESP;osebni avtomobil;165;limuzina;CORDOBA 
47;1172;4.8;1;SEAT;6L SCASYX01-SGFM52T030L41N10GZ;SEAT / IBIZA / 1.9 / SDI;äpanija;ESP;osebni avtomobil;162;vozilo z dviûnimi vrati zadaj;SEAT 
47;1164;4.8;1;SEAT;6L SCASYX01-SGFM52T030L41N10GZ;IBIZA / 1.9;äpanija;ESP;osebni avtomobil;162;vozilo z dviûnimi vrati zadaj;IBIZA 
47;1161;4.8;1;SEAT;6LSCASYX01-SGFM52T030L41N10GZ;IBIZA / 1.9 / SDI;äpanija;ESP;osebni avtomobil;162;vozilo za posebne namene;IBIZA 
47;1160;4.8;0;SEAT;SCASYX01-SGFM52T030L41N10GZ;IBIZA / 1.9;äpanija;ESP;osebni avtomobil;162;vozilo z dviûnimi vrati zadaj;IBIZA 
47;1137;4.8;1;SEAT;6L SCASYX01-SGFM52T030L21N10GZ;IBIZA / 1.9;äpanija;ESP;osebni avtomobil;162;vozilo z dviûnimi vrati zadaj;IBIZA 
47;1280;4.8;1;äKODA;SEASYX01-FM5FM52T030LALLE0GZS5;FABIA / COMBI 1.9 / SDI;Ceöka republika;CZE;osebni avtomobil;162;karavan;FABIA 
47;1278;4.8;1;äKODA;SEASYX01-FM5FM52T030LALLE0GZS5;FABIA / COMBI 1.9;Ceöka republika;CZE;osebni avtomobil;162;karavan;FABIA 
47;1277;4.8;1;äKODA;SEASYX01-NFM5FM52T030LALLE0GZS5;FABIA / COMBI 1.9 / SDI;Ceöka republika;CZE;osebni avtomobil;162;karavan;FABIA 
47;1252;4.8;1;äKODA;SCASYX01-NFM5FM52T030LALLE0GZS5;FABIA / 1.9 / SDI;Ceöka republika;CZE;osebni avtomobil;158;vozilo z dviûnimi vrati zadaj;FABIA 
47;1251;4.8;1;äKODA;SCASYX01-FM5FM52T030LALLE0GZ;FABIA / 1.9;Ceöka republika;CZE;osebni avtomobil;158;vozilo z dviûnimi vrati zadaj;FABIA 
47;1242;4.8;1;äKODA;SC ASYX01-FM5FM52T030LALLE0GZ;FABIA / 1.9 / SDI;Ceöka republika;CZE;osebni avtomobil;158;vozilo z dviûnimi vrati zadaj;FABIA 
47;1241;4.8;1;äKODA;SCASYX01-NFM5FM52T030LALLE0GZS5;FABIA / 1.9;Ceöka republika;CZE;osebni avtomobil;158;vozilo z dviûnimi vrati zadaj;FABIA 
47;1230;4.8;1;äKODA;SCASYX01-FM5FM52T030LALLE0GZ;FABIA / 1.9 / SDI;Ceöka republika;CZE;osebni avtomobil;158;vozilo z dviûnimi vrati zadaj;FABIA 
47;1201;4.8;1;äKODA;6Y SEASYX01-FM5FM52T030LALLE0GZ;FABIA / COMBI 1.9;Ceöka republika;CZE;osebni avtomobil;162;karavan;FABIA 
47;1199;4.8;1;äKODA;6Y SE ASYX01-FM5FM52T030LALLE0GZ;FABIA / COMBI 1.9;Ceöka republika;CZE;osebni avtomobil;162;karavan;FABIA 
47;1171;4.8;1;äKODA;6Y SC ASYX01-FM5FM52T030LALLE0GZ;FABIA / 1.9;Ceöka republika;CZE;osebni avtomobil;158;limuzina;FABIA 
47;1168;4.8;1;äKODA;6Y SC ASYX01-FM5FM52T030LALLE0GZ;äKODA / FABIA / 1.9 / SDI;Ceöka republika;CZE;osebni avtomobil;158;vozilo z dviûnimi vrati zadaj;äKODA 
47;1166;4.8;1;äKODA;6Y SCASYX01-FM5FM52T030LALLE0GZ;FABIA / 1.9;Ceöka republika;CZE;osebni avtomobil;158;limuzina;FABIA 
47;1162;4.8;1;äKODA;6Y SC ASYX01-FM5FM52T030LALLE0GZ;FABIA / 1.9;Ceöka republika;CZE;osebni avtomobil;158;vozilo z dviûnimi vrati zadaj;FABIA 
47;1241;4.8;1;VOLKSWAGEN;9N SC ASYX01-SGFM52T0301N1L0GZ;VOLKSWAGEN / POLO / 1.9 / SDI;Nemcija;DEU;osebni avtomobil;160;limuzina;VOLKSWAGEN 
47;1241;4.8;1;VOLKSWAGEN;9N SC ASYX01-SGFM52T0301N1L0GZ;POLO / 1.9;Nemcija;DEU;osebni avtomobil;160;limuzina;POLO 
47;1240;4.8;1;VOLKSWAGEN;ABSASYX01-FM5FM52T0301N1L0GZ;POLO / 1.9;Nemcija;DEU;osebni avtomobil;160;vozilo z dviûnimi vrati zadaj;POLO 
47;1234;4.8;1;VOLKSWAGEN;ABSASYX01-FM5FM52T0301N1L0GZ;POLO / 1.9 / SDI;Nemcija;DEU;osebni avtomobil;160;vozilo z dviûnimi vrati zadaj;POLO 
47;1180;4.8;1;VOLKSWAGEN;9N;POLO / 1.9 SDI;Nemcija;DEU;osebni avtomobil;160;vozilo z dviûnimi vrati zadaj;POLO 
47;1171;4.8;1;VOLKSWAGEN;9N ABSASYX01-FM5FM52T0301N1L0GZ;POLO / 1.9;Nemcija;DEU;osebni avtomobil;160;vozilo z dviûnimi vrati zadaj;POLO 
47;1168;4.8;1;VOLKSWAGEN;9N SC ASYX01-SGFM52T0301N1L0GZ;POLO / 1.9;Nemcija;DEU;osebni avtomobil;160;vozilo z dviûnimi vrati zadaj;POLO 
47;1166;4.8;1;VOLKSWAGEN;9N SC ASYX01-SGFM52T0301N1L0GZ;VOLKSWAGEN / POLO / 1.9 / SDI;Nemcija;DEU;osebni avtomobil;160;vozilo z dviûnimi vrati zadaj;VOLKSWAGEN 
47;1166;4.8;1;VOLKSWAGEN;SCASYX01-SGFM52T0301N1L0GZ;POLO / 1.9 / SDI;Nemcija;DEU;osebni avtomobil;160;vozilo z dviûnimi vrati zadaj;POLO 
47;1066;4.8;1;VOLKSWAGEN;6NSCASXX01-SGFM5850481N113K0GE;POLO / 1.9;Nemcija;DEU;osebni avtomobil;160;vozilo z dviûnimi vrati zadaj;POLO 
47;1249;4.9;1;SEAT;6L-ASY;IBIZA / 1.9 / SDI;äpanija;ESP;osebni avtomobil;162;vozilo z dviûnimi vrati zadaj;IBIZA 
47;1245;4.9;1;SEAT;STASYX01-SGFM52T030L40GZ;CORDOBA / 1.9 / SDI;äpanija;ESP;osebni avtomobil;165;limuzina;CORDOBA 
47;1244;4.9;1;SEAT;STASYX01-SGFM52T030L40GZ;CORDOBA / 1.9;äpanija;ESP;osebni avtomobil;165;limuzina;CORDOBA 
47;1232;4.9;1;SEAT;SCASYX01-SGFM52T030L40GZ;IBIZA / 1.9;äpanija;ESP;osebni avtomobil;162;vozilo z dviûnimi vrati zadaj;IBIZA 
47;1229;4.9;1;SEAT;SCASYX01-SGFM52T030L40GZ;IBIZA / 1.9 / SDI;äpanija;ESP;osebni avtomobil;162;vozilo z dviûnimi vrati zadaj;IBIZA 
47;1212;4.9;1;SEAT;SCASYX01-SGFM52T030L21N10GZ;IBIZA / 1.9 / SDI;äpanija;ESP;osebni avtomobil;162;vozilo z dviûnimi vrati zadaj;IBIZA 
47;1202;4.9;1;SEAT;SCASYX01-SGFM52T030L20GZ;IBIZA / 1.9;äpanija;ESP;osebni avtomobil;162;vozilo z dviûnimi vrati zadaj;IBIZA 
47;1297;4.9;1;äKODA;SEASYX01-FM5FM52T030MALLE0GZS5;FABIA / COMBI 1.9;Ceöka republika;CZE;osebni avtomobil;162;karavan;FABIA 
47;1293;4.9;1;äKODA;SEASYX01-FM5FM52T030MALLE0GZ;FABIA / COMBI 1.9;Ceöka republika;CZE;osebni avtomobil;162;karavan;FABIA 
47;1288;4.9;1;äKODA;SEASYX01-FM5FM52T030MALLE0GZ;FABIA / COMBI 1.9 / SDI;Ceöka republika;CZE;osebni avtomobil;162;karavan;FABIA 
47;1283;4.9;1;äKODA;SEASYX01-FM5FM52T030MALLE0GZ;FABIA / 1.9;Ceöka republika;CZE;osebni avtomobil;162;karavan;FABIA 
47;1278;4.9;1;äKODA;SEASYX01-FM5FM52T030LALLE0GZS5;FABIA / COMBI 1.9;Ceöka republika;CZE;osebni avtomobil;162;karavan;FABIA 
47;1276;4.9;1;äKODA;SEASYX01-NFM5FM52T030LALLE0GZS5;FABIA / COMBI 1.9;Ceöka republika;CZE;osebni avtomobil;162;karavan;FABIA 
47;1274;4.9;1;äKODA;SEASYX01-FM5FM52T030LALLE0GZ;FABIA / COMBI 1.9;Ceöka republika;CZE;osebni avtomobil;162;karavan;FABIA 
47;1273;4.9;1;äKODA;STASYX01-FM5FM52T030LALLE0GZS5;FABIA / SEDAN 1.9;Ceöka republika;CZE;osebni avtomobil;158;limuzina;FABIA 
47;1256;4.9;1;äKODA;SCASYX01-FM5FM52T030LALLE0GZS5;FABIA / 1.9;Ceöka republika;CZE;osebni avtomobil;158;vozilo z dviûnimi vrati zadaj;FABIA 
47;1252;4.9;1;äKODA;SCASYX01-NFM5FM52T030LALLE0GZS5;FABIA / 1.9;Ceöka republika;CZE;osebni avtomobil;158;vozilo z dviûnimi vrati zadaj;FABIA 
47;1213;4.9;1;äKODA;6Y SEASYX01-FM5FM52T030MALLE0GZ;FABIA / COMBI 1.9;Ceöka republika;CZE;osebni avtomobil;162;karavan;FABIA 
47;1207;4.9;1;äKODA;6Y SE ASYX01-FM5FM52T030MALLE0GZ;FABIA / COMBI 1.9;Ceöka republika;CZE;osebni avtomobil;162;karavan;FABIA 
47;1206;4.9;1;äKODA;6Y STASYX01-FM5FM52T030MALLE0GE;FABIA / SEDAN 1.9;Ceöka republika;CZE;osebni avtomobil;158;limuzina;FABIA 
47;1205;4.9;1;äKODA;6Y;FABIA / 1.9 / SDI;Ceöka republika;CZE;osebni avtomobil;162;karavan;FABIA 
47;1205;5.1;1;äKODA;6Y-SY;FABIA / COMBI 1.9 / D;Ceöka republika;CZE;osebni avtomobil;178;karavan;FABIA 
47;1200;5.2;1;äKODA;6Y;FABIA / 1.9;Ceöka republika;CZE;osebni avtomobil;158;vozilo z dviûnimi vrati zadaj;FABIA 
47;1284;5.3;1;VOLKSWAGEN;SEAEYX01-SGFM5200095NM;GOLF / VAR. 1.9 / SDI;Nemcija;DEU;osebni avtomobil;154;karavan;GOLF 
47;1040;5.4;0;SMART;323DC2-CEAAZA00;FORFOUR / 1.0 /;Nemcija;DEU;osebni avtomobil;158;karavan;FORFOUR 
47;1090;5.5;1;RENAULT;BBBM05;CLIO / 1.5 / DCI;Francija;FRA;osebni avtomobil;162;vozilo z dviûnimi vrati zadaj;CLIO 
47;1030;5.6;0;HYUNDAI;A-MOKWI;GETZ / 1.1;Koreja. republika;KOR;osebni avtomobil;150;vecnamensko vozilo;GETZ 
47;1071;5.6;1;VOLKSWAGEN;6N-AEF;POLO / 1.9 / D;Nemcija;DEU;osebni avtomobil;160;vozilo z dviûnimi vrati zadaj;POLO 
47;1166;5.9;0;SEAT;SCBMEX01-SGFM52T037L40GG;IBIZA / 1.2;äpanija;ESP;osebni avtomobil;166;vozilo z dviûnimi vrati zadaj;IBIZA 
47;1162;5.9;0;SEAT;SCBMEX01-SGFM52T037K40GG;IBIZA / 1.2 /;äpanija;ESP;osebni avtomobil;166;vozilo z dviûnimi vrati zadaj;IBIZA 
47;1158;5.9;0;SEAT;SCAZQX01-SGFM52T037K41N10GG;IBIZA / 1.2;äpanija;ESP;osebni avtomobil;166;vozilo z dviûnimi vrati zadaj;IBIZA 
47;1144;5.9;0;SEAT;SCAZQX01-SGFM52T037K21N10GG;IBIZA / 1.2 /;äpanija;ESP;osebni avtomobil;166;vozilo z dviûnimi vrati zadaj;IBIZA 
47;1142;5.9;0;SEAT;SCBMEX01-SGFM52T037K20GG;IBIZA / 1.2 /;äpanija;ESP;osebni avtomobil;166;vozilo z dviûnimi vrati zadaj;IBIZA 
47;1139;5.9;0;SEAT;SCBMEX01-SGFM52T037K20GG;IBIZA / 1.2;äpanija;ESP;osebni avtomobil;166;vozilo z dviûnimi vrati zadaj;IBIZA 
47;1056;5.9;0;SEAT;6L SCAZQX01-SGFM52T037K21N10GG;IBIZA / 1.2;äpanija;ESP;osebni avtomobil;166;vozilo z dviûnimi vrati zadaj;IBIZA 
47;1165;5.9;0;äKODA;SCBMEX01-FM5FM52T037K13S0GGS5;FABIA / 1.2;Ceöka republika;CZE;osebni avtomobil;160;vozilo z dviûnimi vrati zadaj;FABIA 
47;1133;5.9;0;äKODA;SCBMEX01-FM5FM52T037KALLE0GGS5;FABIA / 1.2 /;Ceöka republika;CZE;osebni avtomobil;160;vozilo z dviûnimi vrati zadaj;FABIA 
47;1125;5.9;0;äKODA;SCBMEX01-NFM5FM52T09013S0GGS5;FABIA / 1.2 /;Ceöka republika;CZE;osebni avtomobil;160;vozilo z dviûnimi vrati zadaj;FABIA 
47;1080;5.9;0;äKODA;6Y SCAZQX01-FM5FM52T037KALLE0GG;FABIA / 1.2;Ceöka republika;CZE;osebni avtomobil;160;limuzina;FABIA 
47;1248;5.9;0;VOLKSWAGEN;SCAZQX01-SGFM52T0371N1K0GG;POLO / 1.2 /;Nemcija;DEU;osebni avtomobil;162;vozilo z dviûnimi vrati zadaj;POLO 
47;1165;5.9;0;VOLKSWAGEN;ABSAZQX01-FM5FM52T0371N1K0GG;POLO / 1.2;Nemcija;DEU;osebni avtomobil;162;vozilo z dviûnimi vrati zadaj;POLO 
47;1160;5.9;0;VOLKSWAGEN;SC AZQX01-SGFM52T0371N1K0GG;POLO / 1.2 /;Nemcija;DEU;osebni avtomobil;162;limuzina;POLO 
47;1160;5.9;0;VOLKSWAGEN;9N SC AZQX01-SGFM52T0371N1K0GG;VOLKSWAGEN  POLO  1.2 ;Nemcija;DEU;osebni avtomobil;162;limuzina;VOLKSWAGEN  POLO  1.2 
47;1159;5.9;0;VOLKSWAGEN;ABSBMEX01-FM5FM52T0371N1K0GG;POLO / 1.2 /;Nemcija;DEU;osebni avtomobil;162;vozilo z dviûnimi vrati zadaj;POLO 
47;1148;5.9;0;VOLKSWAGEN;ABSBMEX01-FM5FM52T0901N1K0GG;POLO / 1.2 /;Nemcija;DEU;osebni avtomobil;162;vozilo z dviûnimi vrati zadaj;POLO 
47;1121;5.9;0;VOLKSWAGEN;SC AZQX01-SGFM52T0371N1K0GG;POLO / 1.2;Nemcija;DEU;osebni avtomobil;162;limuzina;POLO 
47;1091;5.9;0;VOLKSWAGEN;ABSBMEX01-FM5FM52T0901N1X0GG;POLO / 1.2 /;Nemcija;DEU;osebni avtomobil;162;vozilo z dviûnimi vrati zadaj;POLO 
47;1090;5.9;0;VOLKSWAGEN;9N ABSAZQX01-FM5FM52T0371N1K0GG;POLO / 1.2;Nemcija;DEU;osebni avtomobil;162;vozilo z dviûnimi vrati zadaj;POLO 
47;1085;5.9;0;VOLKSWAGEN;9N SC AZQX01-SGFM52T0371N1K0GG;POLO / 1.2;Nemcija;DEU;osebni avtomobil;162;limuzina;POLO 
47;1085;5.9;0;VOLKSWAGEN;9N SC AZQX01-SGFM52T0371N1K0GG;POLO / 1.2;Nemcija;DEU;osebni avtomobil;162;vozilo z dviûnimi vrati zadaj;POLO 
47;1115;6.4;1;VOLKSWAGEN;1HX0;GOLF / 1.9 / D;Nemcija;DEU;osebni avtomobil;156;vozilo z dviûnimi vrati zadaj;GOLF 
47;930;6.6;0;CHEVROLET;MH2-122;MATIZ / 1.0;Koreja. republika;KOR;osebni avtomobil;152;vozilo z dviûnimi vrati zadaj;MATIZ 
47;1264;6.8;0;äKODA;AFBMEX01-NFM5FM52T101L14;ROOMSTER / 1.2 /;Ceöka republika;CZE;osebni avtomobil;155;vecnamensko vozilo;ROOMSTER 
47;1225;6.8;0;äKODA;AFBMEX01-NFM5FM52T10114;ROOMSTER / 1.2 /;Ceöka republika;CZE;osebni avtomobil;155;vecnamensko vozilo;ROOMSTER 
47.8;1012;5.2;0;KIA;BAM111-512111;PICANTO / 1.1 /;Koreja. republika;KOR;osebni avtomobil;154;vecnamensko vozilo;PICANTO 
47.8;936;5.2;0;KIA;BAM111-514111;PICANTO / 1.1 /;Koreja. republika;KOR;osebni avtomobil;154;vecnamensko vozilo;PICANTO 
47.8;929;5.2;0;KIA;BAM111-411112;KIA / PICANTO / 1.1;Koreja. republika;KOR;osebni avtomobil;154;vecnamensko vozilo;KIA 
47.8;929;5.2;0;KIA;BAM111-411112;PICANTO / 1.1;Koreja. republika;KOR;osebni avtomobil;154;vecnamensko vozilo;PICANTO 
47.8;861;5.2;0;KIA;BAM111-511122;PICANTO / 1.1;Koreja. republika;KOR;osebni avtomobil;154;vecnamensko vozilo;PICANTO 
47.8;936;5.3;0;KIA;BAM111-511112;PICANTO / 1.1 /;Koreja. republika;KOR;osebni avtomobil;154;vecnamensko vozilo;PICANTO 
48;1055;4.3;0;FORD;JA8-XMJC1D-5AMAAF;FIESTA / 1.0 / 48 S 5 vr;Nemcija;DEU;osebni avtomobil;155;vozilo z dviûnimi vrati zadaj;FIESTA 
48;1055;4.3;1;RENAULT;BBR7CF;CLIO / 1.5 / DCI;Francija;FRA;osebni avtomobil;163;vozilo z dviûnimi vrati zadaj;CLIO 
48;1055;4.3;1;RENAULT;BBR7CF; /;Francija;FRA;osebni avtomobil;163;vozilo z dviûnimi vrati zadaj;
48;1045;4.3;1;RENAULT;CBR7EF;CLIO / 1.5;Francija;FRA;osebni avtomobil;163;vozilo z dviûnimi vrati zadaj;CLIO 
48;1045;4.3;1;RENAULT;SBR7-EF;CLIO / 1.5 / DCI;Francija;FRA;osebni avtomobil;160;vozilo z dviûnimi vrati zadaj;CLIO 
48;970;4.3;1;RENAULT;CBR7EF;CLIO / 1.5 / DCI;Francija;FRA;osebni avtomobil;163;vozilo z dviûnimi vrati zadaj;CLIO 
48;960;4.3;1;RENAULT;CBR7CF;CLIO / 1.5 / DCI;Francija;FRA;osebni avtomobil;163;vozilo z dviûnimi vrati zadaj;CLIO 
48;1055;4.5;1;RENAULT;B;CLIO / 1.5 / DCI;Francija;FRA;osebni avtomobil;163;vozilo z dviûnimi vrati zadaj;CLIO 
48;1105;4.6;1;NISSAN;K12-H01;MICRA / 1.5 / DCI;Zdruûeno kraljestvo;GBR;osebni avtomobil;155;vozilo z dviûnimi vrati zadaj;MICRA 
48;1054;4.6;1;NISSAN;K12-D01;MICRA / 1.5 / DCI;Zdruûeno kraljestvo;GBR;osebni avtomobil;155;vozilo z dviûnimi vrati zadaj;MICRA 
48;1260;4.6;1;RENAULT;KR2T0H;CLIO / GRANDTOUR 1.5 / DCI;Francija;FRA;osebni avtomobil;162;karavan;CLIO 
48;1255;4.6;1;RENAULT;JP3B05;MODUS / 1.5 / DCI;Francija;FRA;osebni avtomobil;158;vecnamensko vozilo;MODUS 
48;1250;4.6;1;RENAULT;BR2T0H;CLIO / 1.5 / DCI;Francija;FRA;osebni avtomobil;162;vozilo z dviûnimi vrati zadaj;CLIO 
48;1260;4.7;1;OPEL;BE11-1A09AFKCAC5;CORSA / 1.7 / DTI;Nemcija;DEU;osebni avtomobil;170;vozilo z dviûnimi vrati zadaj;CORSA 
48;1255;4.7;1;RENAULT;JP0E05;MODUS / 1.5 / DCI /;Francija;FRA;osebni avtomobil;156;vecnamensko vozilo;MODUS 
48;1255;4.7;1;RENAULT;JP0E05;MODUS / 1.5;Francija;FRA;osebni avtomobil;156;vozilo z dviûnimi vrati zadaj;MODUS 
48;1180;4.7;1;RENAULT;JP0E05;MODUS / 1.5 / DCI;Francija;FRA;osebni avtomobil;156;vecnamensko vozilo;MODUS 
48;1020;4.7;1;RENAULT;LBR7CF;THALIA / 1.5;Francija;FRA;osebni avtomobil;163;limuzina;THALIA 
48;1105;4.7;0;VOLKSWAGEN;ABCHYC-FM5FM5DF010N1VR27MM63;POLO / 1.0 /;Nemcija;DEU;osebni avtomobil;164;vozilo z dviûnimi vrati zadaj;POLO 
48;1105;4.8;0;VOLKSWAGEN;ABCHYC-FM5FM5DF010N2VR27MM61;POLO / 1.0 /;Nemcija;DEU;osebni avtomobil;164;vozilo z dviûnimi vrati zadaj;POLO 
48;1095;4.9;1;OPEL;BB11-1A02A3CBCA5;CORSA / 1.7 / DT;Nemcija;DEU;osebni avtomobil;162;vozilo z dviûnimi vrati zadaj;CORSA 
48;1005;5.1;0;RENAULT;AH2BE2MK5UA1L11000;TWINGO / 1.0 /;Francija;FRA;osebni avtomobil;158;vozilo z dviûnimi vrati zadaj;TWINGO 
48;1050;5.1;0;SUZUKI;EXB22S-MT;SPLASH / 1.0 /;Madûarska;HUN;osebni avtomobil;160;karavan;SPLASH 
48;1026;5.1;0;VOLKSWAGEN;ABDSGC-FM5FM5CF0114BIVR2N1SVW1B14M;UP! / 1.0 /;Nemcija;DEU;osebni avtomobil;163;vozilo z dviûnimi vrati zadaj;UP! 
48;861;5.2;0;KIA;BAM111-511122;PICANTO / 1.1;Koreja. republika;KOR;osebni avtomobil;154;vecnamensko vozilo;PICANTO 
48;1018;5.2;0;RENAULT;AH2BE2MK5UA1L13000;TWINGO / 1.0 /;Francija;FRA;osebni avtomobil;158;vozilo z dviûnimi vrati zadaj;TWINGO 
48;1012;5.2;0;RENAULT;AH2BE2MK5UA1L12000;TWINGO / 1.0 /;Francija;FRA;osebni avtomobil;158;vozilo z dviûnimi vrati zadaj;TWINGO 
48;989;5.2;0;RENAULT;AH2BE2MJ5TA0A10000;TWINGO / 1.0 /;Francija;FRA;osebni avtomobil;158;vozilo z dviûnimi vrati zadaj;TWINGO 
48;1028;5.2;0;VOLKSWAGEN;ABDSGC-FM5FM5CF0114BIVR2N1SVW1B15M;UP! / 1.0 /;Nemcija;DEU;osebni avtomobil;163;vozilo z dviûnimi vrati zadaj;UP! 
48;936;5.3;0;KIA;BAM111-511112;PICANTO / 1.1;Koreja. republika;KOR;osebni avtomobil;154;vecnamensko vozilo;PICANTO 
48;1042;5.3;0;VOLKSWAGEN;ABDSGC-FM5FM5CF0114BIVR2N1SVW1C16M;UP! / 1.0 /;Nemcija;DEU;osebni avtomobil;163;vozilo z dviûnimi vrati zadaj;UP! 
48;1203;5.4;1;OPEL;BC11-1A02DDAAA5;COMBO-C / 1.7 / DI;Nemcija;DEU;osebni avtomobil;147;vecnamensko vozilo;COMBO-C 
48;976;5.4;0;TOYOTA;SCP10L-CHMRKW(1F);YARIS / 1.0;Francija;FRA;osebni avtomobil;155;vozilo z dviûnimi vrati zadaj;YARIS 
48;975;5.4;0;TOYOTA;SCP10L-CHMRKW(1F);YARIS / 1.0 /;Francija;FRA;osebni avtomobil;155;vozilo z dviûnimi vrati zadaj;YARIS 
48;1050;5.5;0;HYUNDAI;E1-OVM;GETZ / 1.1;Koreja. republika;KOR;osebni avtomobil;150;vecnamensko vozilo;GETZ 
48;1206;5.5;1;RENAULT;KCR7BF;KANGOO / 1.5 / DCI;Francija;FRA;osebni avtomobil;146;vecnamensko vozilo;KANGOO 
48;1195;5.5;1;RENAULT;KC07BF;KANGOO / 1.5 / DCI;Francija;FRA;osebni avtomobil;146;vecnamensko vozilo;KANGOO 
48;1170;5.5;1;RENAULT;KCE7-EF;KANGOO / 1.5 / DCI;Francija;FRA;osebni avtomobil;146;vecnamensko vozilo;KANGOO 
48;1160;5.5;1;RENAULT;KCE7EF;KANGOO / 1.5;Francija;FRA;osebni avtomobil;146;vecnamensko vozilo;KANGOO 
48;1085;5.5;1;RENAULT;KC07EF;KANGOO / 1.5 / DCI;Francija;FRA;osebni avtomobil;146;vozilo z dviûnimi vrati zadaj;KANGOO 
48;870;5.6;0;CHEVROLET;KH2-122;SPARK / 1.0;Koreja. republika;KOR;osebni avtomobil;156;vozilo z dviûnimi vrati zadaj;SPARK 
48;1050;5.6;0;TOYOTA;SCP10L-CHMRKW(2G);YARIS / 1.0;Francija;FRA;osebni avtomobil;155;vozilo z dviûnimi vrati zadaj;YARIS 
48;1040;5.6;0;TOYOTA;SCP10L-CGMRKW(2G);YARIS / 1.0;Francija;FRA;osebni avtomobil;155;vozilo z dviûnimi vrati zadaj;YARIS 
48;1010;5.6;0;TOYOTA;SCP10L-CGMGKW(1G);YARIS / 1.0 /;Francija;FRA;osebni avtomobil;155;vozilo z dviûnimi vrati zadaj;YARIS 
48;1000;5.6;0;TOYOTA;SCP10L-CGMRKW(1F);YARIS / 1.0 /;Francija;FRA;osebni avtomobil;155;vozilo z dviûnimi vrati zadaj;YARIS 
48;945;5.6;0;TOYOTA;SCP10L-CHMGKW1F;YARIS / 1.0 /;Francija;FRA;osebni avtomobil;155;vozilo z dviûnimi vrati zadaj;YARIS 
48;935;5.6;0;TOYOTA;SCP10L-CHMRKW1G;YARIS / 1.0 /;Francija;FRA;osebni avtomobil;155;vozilo z dviûnimi vrati zadaj;YARIS 
48;910;5.6;0;TOYOTA;SCP10L-CHMGKW(1F);YARIS / 1.0 /;Francija;FRA;osebni avtomobil;155;vozilo z dviûnimi vrati zadaj;YARIS 
48;880;5.6;0;TOYOTA;SCP10L-CGMRKW(2F);YARIS / 1.0;Francija;FRA;osebni avtomobil;155;vozilo z dviûnimi vrati zadaj;YARIS 
48;1105;5.7;0;FIAT;199BXA1A01E;PUNTO EVO / 1.2 /;Italija;ITA;osebni avtomobil;155;vecnamensko vozilo;PUNTO EVO 
48;1105;5.7;0;FIAT;199BXA1A01C;GRANDE PUNTO / 1.2 /;Italija;ITA;osebni avtomobil;155;vecnamensko vozilo;GRANDE PUNTO 
48;1090;5.7;0;FIAT;199AXA1A00H;PUNTO EVO / 1.2 /;Italija;ITA;osebni avtomobil;155;vecnamensko vozilo;PUNTO EVO 
48;1090;5.7;0;FIAT;199AXA1A00G;PUNTO / 1.2 /;Italija;ITA;osebni avtomobil;155;vecnamensko vozilo;PUNTO 
48;1105;5.9;0;FIAT;199BXA1A01;GRANDE PUNTO / 1.2 /;Italija;ITA;osebni avtomobil;165;vecnamensko vozilo;GRANDE PUNTO 
48;1105;5.9;0;FIAT;199BXA1A01B;GRANDE PUNTO / 1.2 /;Italija;ITA;osebni avtomobil;155;vecnamensko vozilo;GRANDE PUNTO 
48;1105;5.9;0;FIAT;199BXA1A01B;PUNTO / 1.2 /;Italija;ITA;osebni avtomobil;155;vecnamensko vozilo;PUNTO 
48;1090;5.9;0;FIAT;199AXA1A00;GRANDE PUNTO / 1.2 /;Italija;ITA;osebni avtomobil;155;vecnamensko vozilo;GRANDE PUNTO 
48;1074;5.9;0;NISSAN;K12-B01;MICRA / 1.2 /;Zdruûeno kraljestvo;GBR;osebni avtomobil;154;vozilo z dviûnimi vrati zadaj;MICRA 
48;1055;5.9;0;NISSAN;K12-F01;MICRA / 1.2 /;Francija;FRA;osebni avtomobil;154;vozilo z dviûnimi vrati zadaj;MICRA 
48;1155;5.9;0;RENAULT;CR1R0H;CLIO / 1.2 / 16V;Francija;FRA;osebni avtomobil;157;vozilo z dviûnimi vrati zadaj;CLIO 
48;1105;6.1;0;FIAT;199BXA1A01;PUNTO / GRANDE 1.2;Italija;ITA;osebni avtomobil;155;vecnamensko vozilo;PUNTO 
48;1105;6.1;0;FIAT;199BXA1A01;PUNTO GRANDE / 1.2 /;Italija;ITA;osebni avtomobil;155;vecnamensko vozilo;PUNTO GRANDE 
48;1105;6.1;0;FIAT;199BXA1A01;GRANDE PUNTO / 1.2 /;Italija;ITA;osebni avtomobil;155;vecnamensko vozilo;GRANDE PUNTO 
48;1090;6.1;0;FIAT;199AXA1A00;GRANDE PUNTO / 1.2 /;Italija;ITA;osebni avtomobil;155;vecnamensko vozilo;GRANDE PUNTO 
48;1090;6.1;0;FIAT;199AXA1A00;PUNTO GRANDE / 1.2 /;Italija;ITA;osebni avtomobil;155;vecnamensko vozilo;PUNTO GRANDE 
48;1090;6.1;0;FIAT;199AXA1A00;PUNTO / GRANDE 1.2;Italija;ITA;osebni avtomobil;155;vecnamensko vozilo;PUNTO 
48;1270;6.1;1;SUZUKI;FJ5B53C1-5MT;JIMNY / 1.5 / 4WD TD;äpanija;ESP;osebni avtomobil;134;kabriolet;JIMNY 
48;1270;6.1;1;SUZUKI;FJB53C-5MT;JIMNY / 1.5;Japonska ;JPN;osebni avtomobil;134;limuzina;JIMNY 
48;1250;6.1;1;SUZUKI;FJB53V-5MT;JIMNY / 1.5;Japonska ;JPN;osebni avtomobil;130;limuzina;JIMNY 
48;1250;6.1;1;SUZUKI;FJB53V-5MT;JIMNY / 1.5 / 4WD TD;Japonska ;JPN;osebni avtomobil;130;karavan;JIMNY 
48;1215;6.1;1;SUZUKI;FJ;JIMNY / 1.5/4WD TD;äpanija;ESP;osebni avtomobil;134;kabriolet;JIMNY 
48;880;6.3;0;HONDA;GA3-11;LOGO / 1.3 /;Japonska ;JPN;osebni avtomobil;152;vozilo z dviûnimi vrati zadaj;LOGO 
48;980;6.3;0;OPEL;FR11-0A05ACCFAB5;CORSA / 1.2 / 16V;Nemcija;DEU;osebni avtomobil;163;vozilo z dviûnimi vrati zadaj;CORSA 
48;905;6.3;0;OPEL;ER11-0A02A7CFAB5;CORSA / 1.2 /;Nemcija;DEU;osebni avtomobil;163;vozilo z dviûnimi vrati zadaj;CORSA 
48;875;6.5;0;OPEL;ER-11;CORSA / 1.2;Nemcija;DEU;osebni avtomobil;163;vozilo z dviûnimi vrati zadaj;CORSA 
48.5;1048;4.3;0;HYUNDAI;B4P21-M51AZ1;i10 / 1.0 /;Turcija;TUR;osebni avtomobil;155;vozilo z dviûnimi vrati zadaj;i10 
48.5;930;4.4;0;KIA;TAF5P21-M51BZ1;PICANTO / 1.0 /;Koreja. republika;KOR;osebni avtomobil;158;vecnamensko vozilo;PICANTO 
48.5;930;4.5;0;KIA;TAF5P11-M51BZ1;Picanto / 1.0 /;Koreja. republika;KOR;osebni avtomobil;158;vecnamensko vozilo;Picanto 
48.5;1057;4.7;0;HYUNDAI;B5P11-M52BZ1;i10 / 1.0 /;Turcija;TUR;osebni avtomobil;155;vozilo z dviûnimi vrati zadaj;i10 
48.5;1008;4.7;0;HYUNDAI;B5P11-M52BZ1;i10 / 1.0 /;Turcija;TUR;osebni avtomobil;156;vozilo z dviûnimi vrati zadaj;i10 
48.5;1083;4.8;0;HYUNDAI;F5P11-M51AZ1;i 10 / 1.1 /;Indija;IND;osebni avtomobil;151;vecnamensko vozilo;i 10 
48.5;1122;5.5;0;HYUNDAI;E1-OVM;GETZ / 1.1 /;Koreja. republika;KOR;osebni avtomobil;150;vecnamensko vozilo;GETZ 
48.5;1122;5.5;0;HYUNDAI;F5P11-M51AZ1;GETZ / 1.1 /;Indija;IND;osebni avtomobil;150;vecnamensko vozilo;GETZ 
48.5;1050;5.5;0;HYUNDAI;E1-OVN;GETZ / 1.1 /;Koreja. republika;KOR;osebni avtomobil;150;vecnamensko vozilo;GETZ 
48.5;930;5.6;0;CHEVROLET;KH2-122;SPARK / 1.0 /;Koreja. republika;KOR;osebni avtomobil;156;vozilo z dviûnimi vrati zadaj;SPARK 
48.5;870;5.6;0;CHEVROLET;KH2-122;SPARK / 1.0;Koreja. republika;KOR;osebni avtomobil;156;vozilo z dviûnimi vrati zadaj;SPARK 
48.5;870;5.6;0;CHEVROLET;KH2-122;MATIZ / 1.0 /;Koreja. republika;KOR;osebni avtomobil;156;vozilo z dviûnimi vrati zadaj;MATIZ 
48.5;1027;5.8;0;HYUNDAI;B5P11-A41BZ1;i10 / 1.0 / AUT.;Turcija;TUR;osebni avtomobil;150;vozilo z dviûnimi vrati zadaj;i10 
48.5;1113;5.9;0;HYUNDAI;F5P11-A41CZ1;i 10 / 1.1 / AUT.;Indija;IND;osebni avtomobil;142;vecnamensko vozilo;i 10 
49;1151;5.2;0;RENAULT;RJABE2MG5UA3HA5000;CLIO / 1.0 /;Francija;FRA;osebni avtomobil;160;vozilo z dviûnimi vrati zadaj;CLIO 
49;1150;5.2;0;RENAULT;RJABE2MG5UA5HA5000;CLIO / 1.0 /;Francija;FRA;osebni avtomobil;160;vozilo z dviûnimi vrati zadaj;CLIO 
49;1134;5.2;0;RENAULT;RJABE2MG5UA4HA5000;CLIO / 1.0 /;Francija;FRA;osebni avtomobil;160;vozilo z dviûnimi vrati zadaj;CLIO 
49;1122;5.3;0;DACIA;DJFBESMG5UA21M5100;SANDERO / 1.0 /;Romunija;ROM;osebni avtomobil;158;vozilo z dviûnimi vrati zadaj;SANDERO 
49;1132;5.4;0;DACIA;DJFBESMG5UA21M5200;SANDERO / 1.0 /;Romunija;ROM;osebni avtomobil;158;vozilo z dviûnimi vrati zadaj;SANDERO 
49;1440;5.5;0;HYUNDAI;E1-OVN;GETZ / 1.1;Koreja. republika;KOR;osebni avtomobil;150;vecnamensko vozilo;GETZ 
49;1010;5.5;0;HYUNDAI;TB;GETZ / 1.1 / I;Koreja. republika;KOR;osebni avtomobil;150;vozilo z dviûnimi vrati zadaj;GETZ 
49;880;5.6;0;TOYOTA;SCP10L-CGMRKW(2F);YARIS / 1.0;Francija;FRA;osebni avtomobil;155;vozilo z dviûnimi vrati zadaj;YARIS 
49;1158;6.6;0;CITROEN;FCKFVC/GN;C3 / 1.4 / I;Francija;FRA;osebni avtomobil;158;vozilo z dviûnimi vrati zadaj;C3 
49.3;935;4.4;0;KIA;JAF5P11-M51AZ1;PICANTO / 1.0 /;Koreja. republika;KOR;osebni avtomobil;161;vecnamensko vozilo;PICANTO 
49.3;930;4.5;0;KIA;JAF4P21-M53BZ1;PICANTO / 1.0 /;Koreja. republika;KOR;osebni avtomobil;161;vecnamensko vozilo;PICANTO 
49.3;1039;4.8;0;HYUNDAI;B4P11-M51A11;i10 / 1.0 /;Turcija;TUR;osebni avtomobil;156;vozilo z dviûnimi vrati zadaj;i10 
49.3;1041;4.9;0;HYUNDAI;B4P11-M52A11;i10 / 1.0 /;Turcija;TUR;osebni avtomobil;156;vozilo z dviûnimi vrati zadaj;i10 
49.3;1050;5.1;0;HYUNDAI;B5P11-M52BZ1;i10 / 1.0 /;Turcija;TUR;osebni avtomobil;156;vozilo z dviûnimi vrati zadaj;i10 
49.3;1062;5.3;0;HYUNDAI;B5P11-M53A11;i10 / 1.0 /;Turcija;TUR;osebni avtomobil;156;vozilo z dviûnimi vrati zadaj;i10 
49.3;1047;5.3;0;HYUNDAI;B4P11-A51A11;i10 / 1.0 / AUT.;Turcija;TUR;osebni avtomobil;156;vozilo z dviûnimi vrati zadaj;i10 
49.3;1045;5.3;0;HYUNDAI;B5P11-A51A11;i10 / 1.0 / AUT.;Turcija;TUR;osebni avtomobil;156;vozilo z dviûnimi vrati zadaj;i10 
49.3;1067;5.6;0;HYUNDAI;B5P11-A41BZ1;i10 / 1.0 / AUT.;Turcija;TUR;osebni avtomobil;150;vozilo z dviûnimi vrati zadaj;i10 
50;1165;3.4;1;CITROEN;SC8HP4/TPS;C3 / 1.4 / HDI AUT.;Francija;FRA;osebni avtomobil;165;vozilo za posebne namene;C3 
50;1165;3.4;1;CITROEN;SC8HP4/TPS;C3 / 1.4 / HDI AUT.;Francija;FRA;osebni avtomobil;165;vozilo z dviûnimi vrati zadaj;C3 
50;1135;3.4;1;PEUGEOT;CC8HP0/PS;208 / 1.4 / HDI;Francija;FRA;osebni avtomobil;165;vozilo z dviûnimi vrati zadaj;208
50;1164;3.6;1;CITROEN;SC8HR4/T;C3 / 1.4 / HDI;Francija;FRA;osebni avtomobil;163;vozilo z dviûnimi vrati zadaj;C3 
50;1164;3.8;1;CITROEN;SC8HR4/T;C3 / 1.4 / HDi;Francija;FRA;osebni avtomobil;163;vozilo z dviûnimi vrati zadaj;C3 
50;1164;3.8;1;CITROEN;SC8HR4/T;C3 / 1.4 / HDi;Francija;FRA;osebni avtomobil;163;vozilo za posebne namene;C3 
50;1145;3.8;1;CITROEN;SC8HR4;C3 / 1.4 / HDi;Francija;FRA;osebni avtomobil;163;vozilo z dviûnimi vrati zadaj;C3 
50;1202;3.8;1;PEUGEOT;CR8HR0;208 / 1.4 / HDI;Francija;FRA;osebni avtomobil;163;vozilo z dviûnimi vrati zadaj;208
50;1186;3.8;1;PEUGEOT;CC8HR0/T;208 / 1.4 / HDI;Francija;FRA;osebni avtomobil;163;vozilo z dviûnimi vrati zadaj;208
50;1171;3.8;1;PEUGEOT;CC8HR0/CU;208 / 1.4 / HDI;Francija;FRA;osebni avtomobil;165;vozilo z dviûnimi vrati zadaj;208
50;1125;3.8;1;PEUGEOT;CC8HR0;208 / 1.4 / HDI;Francija;FRA;osebni avtomobil;163;vozilo z dviûnimi vrati zadaj;208
50;1110;3.8;1;PEUGEOT;CA8HR0;208 / 1.4 / HDI;Francija;FRA;osebni avtomobil;163;vozilo z dviûnimi vrati zadaj;208
50;1164;3.9;1;CITROEN;SC8HR4/T;C3 / 1.4 / HDi;Francija;FRA;osebni avtomobil;163;vozilo z dviûnimi vrati zadaj;C3 
50;1164;3.9;1;CITROEN;SC8HR4/T;C3 1.4 / HDi;Francija;FRA;osebni avtomobil;163;vozilo z dviûnimi vrati zadaj;C3 1.4 
50;1145;3.9;1;CITROEN;SC8HR4;C3 / 1.4 / HDi;Francija;FRA;osebni avtomobil;163;vozilo z dviûnimi vrati zadaj;C3 
50;1164;4.1;1;CITROEN;SC8HR0/1T;C3 / 1.4 / HDi;Francija;FRA;osebni avtomobil;163;vozilo z dviûnimi vrati zadaj;C3 
50;1145;4.1;1;CITROEN;SC8HR0;C3 / 1.4 / HDi;Francija;FRA;osebni avtomobil;163;vozilo z dviûnimi vrati zadaj;C3 
50;1071;4.1;1;CITROEN;JM8HXBJ*8HX*-JM8HX*;C 2 / 1.4;Francija;FRA;osebni avtomobil;166;vozilo z dviûnimi vrati zadaj;C 2 
50;1071;4.1;1;CITROEN;JM8HZB;C2 / 1.4 / HDi;Francija;FRA;osebni avtomobil;166;vozilo z dviûnimi vrati zadaj;C2 
50;1050;4.1;1;MAZDA;DE1442;MAZDA 2 / 1.4 / D;Japonska ;JPN;osebni avtomobil;162;vozilo z dviûnimi vrati zadaj;MAZDA 2 
50;1125;4.1;0;PEUGEOT;CCZMZ0/1;208 / 1.0 /;Francija;FRA;osebni avtomobil;163;vozilo z dviûnimi vrati zadaj;208
50;1160;4.2;1;CITROEN;SC8HZC/1T;C3 / 1.4 / HDi;Francija;FRA;osebni avtomobil;163;vozilo z dviûnimi vrati zadaj;C3 
50;1160;4.2;1;CITROEN;SC8HZC/1T;C3 1.4 / HDi;Francija;FRA;osebni avtomobil;163;vozilo z dviûnimi vrati zadaj;C3 1.4 
50;1140;4.2;1;CITROEN;SC8HZC/1;C3 / 1.4 / HDi;Nemcija;DEU;osebni avtomobil;163;vozilo z dviûnimi vrati zadaj;C3 
50;1097;4.2;1;CITROEN;FC8HXB;C3 / 1.4 / HDI;Francija;FRA;osebni avtomobil;165;vozilo z dviûnimi vrati zadaj;C3 
50;1097;4.2;1;CITROEN;FC8HZB;C 3 / 1.4;Francija;FRA;osebni avtomobil;165;vozilo z dviûnimi vrati zadaj;C 3 
50;1170;4.2;1;FORD;JR8-F6JD1R2AEABG;FIESTA VAN 1.4 / TDCI;Nemcija;DEU;osebni avtomobil;162;vozilo z dviûnimi vrati zadaj;FIESTA VAN 1.4 
50;1105;4.2;1;FORD;JA8-F6JD1J5AE;FIESTA / 1.4 / TDCI 5 vr;Nemcija;DEU;osebni avtomobil;162;vozilo z dviûnimi vrati zadaj;FIESTA 
50;1105;4.2;1;FORD;JA8-F6JD1J5AEABH;FIESTA / 1.4 / TDCI 5 vr;Nemcija;DEU;osebni avtomobil;162;vozilo za posebne namene;FIESTA 
50;1086;4.2;1;FORD;JA8-F6JD1G5AE;FIESTA / 1.4 / TDCI 3 vr;Nemcija;DEU;osebni avtomobil;162;vozilo z dviûnimi vrati zadaj;FIESTA 
50;1294;4.2;1;PEUGEOT;WC8HR0/1;207 / 1.4 / HDI;Francija;FRA;osebni avtomobil;166;vozilo z dviûnimi vrati zadaj;207
50;1246;4.2;1;PEUGEOT;WA8HR0/1;207 / 1.4 / HDI;Francija;FRA;osebni avtomobil;166;vozilo z dviûnimi vrati zadaj;207
50;1097;4.3;1;CITROEN;FC8HXC/P;C3 / 1.4 / HDi AUT.;Francija;FRA;osebni avtomobil;165;vozilo z dviûnimi vrati zadaj;C3 
50;1078;4.3;1;CITROEN;JM8HZC;C2 / 1.4 / HDi;Francija;FRA;osebni avtomobil;166;vozilo z dviûnimi vrati zadaj;C2 
50;1071;4.3;1;CITROEN;JM8HZC;C 2 / 1.4;Francija;FRA;osebni avtomobil;166;vozilo z dviûnimi vrati zadaj;C 2 
50;1048;4.3;0;CITROEN;SCZMZ0/1;C3 / 1.1 / i;Francija;FRA;osebni avtomobil;163;vozilo z dviûnimi vrati zadaj;C3 
50;880;4.3;0;CITROEN;PNCFB4;C1 / 1.0 / i;Francija;FRA;osebni avtomobil;157;vozilo z dviûnimi vrati zadaj;C1 
50;1162;4.3;1;FORD;JU2-F6JA;FUSION / 1.4 / TDCI;Nemcija;DEU;osebni avtomobil;158;vecnamensko vozilo;FUSION 
50;1141;4.3;1;FORD;JH1-F6JA;FIESTA / 1.4;Nemcija;DEU;osebni avtomobil;164;vozilo z dviûnimi vrati zadaj;FIESTA 
50;1138;4.3;1;FORD;JH1-F6JA;FIESTA / 1.4 / TDCI;Nemcija;DEU;osebni avtomobil;164;vozilo z dviûnimi vrati zadaj;FIESTA 
50;1136;4.3;1;FORD;JD3-F6JA15BAA;FIESTA / 1.4 / TDCI;Nemcija;DEU;osebni avtomobil;163;vozilo z dviûnimi vrati zadaj;FIESTA 
50;1066;4.3;1;FORD;JH1-F6JA;FORD / FIESTA / 1.4 / TDCI;Nemcija;DEU;osebni avtomobil;164;vozilo z dviûnimi vrati zadaj;FORD 
50;1055;4.3;1;MAZDA;DE1442;MAZDA 2 / 1.4 / D;Japonska ;JPN;osebni avtomobil;162;vozilo z dviûnimi vrati zadaj;MAZDA 2 
50;1253;4.3;1;PEUGEOT;WC8HZC/1;207 / 1.4 / HDI;Francija;FRA;osebni avtomobil;166;vozilo z dviûnimi vrati zadaj;207
50;1253;4.3;1;PEUGEOT;WC8HZC/1;207 / 1.4 / HDI;Francija;FRA;osebni avtomobil;166;vecnamensko vozilo;207
50;1246;4.3;1;PEUGEOT;WA8HR0;207 / 1.4 / HDI;Francija;FRA;osebni avtomobil;166;vozilo z dviûnimi vrati zadaj;207
50;1243;4.3;1;PEUGEOT;WA8HZC/1;207 / 1.4 / HDI;Francija;FRA;osebni avtomobil;166;vozilo z dviûnimi vrati zadaj;207
50;1061;4.3;1;PEUGEOT;2A8HZF;206 / 1.4;Francija;FRA;osebni avtomobil;168;vozilo z dviûnimi vrati zadaj;206
50;1055;4.3;1;PEUGEOT;2M8HZA;206+ / 1.4 / HDI;Francija;FRA;osebni avtomobil;169;vozilo z dviûnimi vrati zadaj;206+ 
50;1050;4.3;0;PEUGEOT;CCZMZ0;208 / 1.0 /;Francija;FRA;osebni avtomobil;163;vozilo z dviûnimi vrati zadaj;208
50;1049;4.3;1;PEUGEOT;2C8HZF;206 / 1.4 / HDI;Francija;FRA;osebni avtomobil;168;vozilo z dviûnimi vrati zadaj;206
50;1049;4.3;1;PEUGEOT;2C8HXF;PEUGEOT / 206 / 1.4 / HDI;Francija;FRA;osebni avtomobil;168;vozilo z dviûnimi vrati zadaj;PEUGEOT 
50;1045;4.3;0;PEUGEOT;CCZMZ6;208 / 1.0 /;Francija;FRA;osebni avtomobil;163;vozilo z dviûnimi vrati zadaj;208
50;1042;4.3;1;PEUGEOT;2L8HZA;206+ / 1.4 / HDI;Francija;FRA;osebni avtomobil;169;vozilo z dviûnimi vrati zadaj;206+ 
50;1035;4.3;1;PEUGEOT;2E8-HXF;206 / 1.4 / HDI;Francija;FRA;osebni avtomobil;168;karavan;206
50;986;4.3;1;PEUGEOT;2-8HX;206  1.4;Francija;FRA;osebni avtomobil;168;vozilo z dviûnimi vrati zadaj;206  1.4
50;974;4.3;1;PEUGEOT;2C8HZ;206 / 1.4 / HDI;Francija;FRA;osebni avtomobil;168;vozilo z dviûnimi vrati zadaj;206
50;973;4.3;1;PEUGEOT;2S8HXF;206 /  1.4  /  HDI;Francija;FRA;osebni avtomobil;168;vozilo z dviûnimi vrati zadaj;206
50;880;4.3;0;PEUGEOT;PNCFB4;107 / 1.0 / i;Francija;FRA;osebni avtomobil;157;vozilo z dviûnimi vrati zadaj;107
50;875;4.3;0;PEUGEOT;PMCFB4;107 / 1.0 / i;Francija;FRA;osebni avtomobil;157;vozilo z dviûnimi vrati zadaj;107
50;1290;4.3;1;RENAULT;JP37F5;MODUS / 1.5 / DCI;Francija;FRA;osebni avtomobil;158;vecnamensko vozilo;MODUS 
50;1260;4.3;1;RENAULT;JP3705;MODUS / 1.5 / DCI;Francija;FRA;osebni avtomobil;158;vecnamensko vozilo;MODUS 
50;1250;4.3;1;RENAULT;BR270E;CLIO / 1.5 / DCI;Francija;FRA;osebni avtomobil;160;vozilo z dviûnimi vrati zadaj;CLIO 
50;1106;4.3;1;RENAULT;SBTJ05;CLIO SERVISER 1.5 / DCI;Francija;FRA;osebni avtomobil;163;vozilo z dviûnimi vrati zadaj;CLIO SERVISER 1.5 
50;1090;4.3;1;RENAULT;BBTJ05;CLIO / 1.5 / DCI;Francija;FRA;osebni avtomobil;163;vozilo z dviûnimi vrati zadaj;CLIO 
50;1070;4.3;1;RENAULT;CBTJ05;CLIO / 1.5 / DCI;Francija;FRA;osebni avtomobil;163;vozilo z dviûnimi vrati zadaj;CLIO 
50;1045;4.3;1;RENAULT;SBTJ05;CLIO 1.5 / DCI;Francija;FRA;osebni avtomobil;163;vozilo z dviûnimi vrati zadaj;CLIO 1.5 
50;1045;4.3;1;RENAULT;SBTJ05;CLIO STORIA 1.5 / DCI;Francija;FRA;osebni avtomobil;163;vozilo z dviûnimi vrati zadaj;CLIO STORIA 1.5 
50;1045;4.3;1;RENAULT;SBTJ05;CLIO / 1.5 / DCI;Francija;FRA;osebni avtomobil;163;vozilo z dviûnimi vrati zadaj;CLIO 
50;880;4.3;0;SUZUKI;LFE42S-MT5S;CELERIO / 1.0 /;Tajska;THA;osebni avtomobil;155;vozilo z dviûnimi vrati zadaj;CELERIO 
50;921;4.3;0;TOYOTA;KGB10L-AHMGKW(3K);AYGO / 1.0 /;Japonska ;JPN;osebni avtomobil;157;vozilo z dviûnimi vrati zadaj;AYGO 
50;920;4.3;0;TOYOTA;KGJ10L-BGMRGW(2A);iQ / 1.0 /;Japonska ;JPN;osebni avtomobil;150;kupe;iQ 
50;915;4.3;0;TOYOTA;KGB10L-AHMRKW(3K);AYGO / 1.0 /;Japonska ;JPN;osebni avtomobil;157;vozilo z dviûnimi vrati zadaj;AYGO 
50;915;4.3;0;TOYOTA;KGB10L-AHMRKW(3L);AYGO / 1.0 /;Ceöka republika;CZE;osebni avtomobil;157;vozilo z dviûnimi vrati zadaj;AYGO 
50;911;4.3;0;TOYOTA;KGB10L-AGMRKW(3K);AYGO / 1.0 /;Japonska ;JPN;osebni avtomobil;157;vozilo z dviûnimi vrati zadaj;AYGO 
50;1128;4.4;1;CITROEN;FC8HZC/N4;C3 / 1.4 / HDI;Francija;FRA;osebni avtomobil;165;vozilo z dviûnimi vrati zadaj;C3 
50;1123;4.4;1;CITROEN;FC8HZC;C3 / 1.4 / HDi;Francija;FRA;osebni avtomobil;165;vozilo z dviûnimi vrati zadaj;C3 
50;1097;4.4;1;CITROEN;FC8HZC;C 3 / 1.4;Francija;FRA;osebni avtomobil;165;vozilo z dviûnimi vrati zadaj;C 3 
50;1097;4.4;1;CITROEN;FC8HZC;C3 1.4 / HDi;Francija;FRA;osebni avtomobil;165;vozilo z dviûnimi vrati zadaj;C3 1.4 
50;1048;4.4;0;CITROEN;SCZMZ0;C3 / 1.1 / i;Francija;FRA;osebni avtomobil;163;vozilo z dviûnimi vrati zadaj;C3 
50;1165;4.4;1;DACIA;BSDEKP;SANDERO / 1.5 / DCI;Romunija;ROM;osebni avtomobil;157;vozilo z dviûnimi vrati zadaj;SANDERO 
50;1172;4.4;1;FORD;JH1-F6JA15BAALF;FIESTA / 1.4 / TDCI;Nemcija;DEU;osebni avtomobil;164;vozilo z dviûnimi vrati zadaj;FIESTA 
50;1171;4.4;1;FORD;JU2-F6JA;FUSION / 1.4 / TDCI;Nemcija;DEU;osebni avtomobil;158;vozilo z dviûnimi vrati zadaj;FUSION 
50;1143;4.4;1;FORD;JU2-F6JA15BAFKL;FUSION / 1.4 / TDCI;Nemcija;DEU;osebni avtomobil;158;vecnamensko vozilo;FUSION 
50;1137;4.4;1;FORD;JU2-F6JA5BAFLL;FUSION / 1.4 / TDCI;Nemcija;DEU;osebni avtomobil;158;vecnamensko vozilo;FUSION 
50;1136;4.4;1;FORD;JD3-F6JA15BAA;FIESTA / 1.4 / TDCI;Nemcija;DEU;osebni avtomobil;163;vozilo z dviûnimi vrati zadaj;FIESTA 
50;1090;4.4;1;FORD;JH1-F6JA;FIESTA / 1.4 / TDCI;Nemcija;DEU;osebni avtomobil;164;vozilo z dviûnimi vrati zadaj;FIESTA 
50;1082;4.4;1;FORD;JU2-F6JA;FUSION / 1.4;Nemcija;DEU;osebni avtomobil;158;vecnamensko vozilo;FUSION 
50;1082;4.4;1;FORD;JU2-F6JA;FORD / FUSION / 1.4 / TDCI;Nemcija;DEU;osebni avtomobil;158;vecnamensko vozilo;FORD 
50;1082;4.4;1;FORD;JU2-F6JA;FUSION / 1.4;Nemcija;DEU;osebni avtomobil;158;vozilo z dviûnimi vrati zadaj;FUSION 
50;1066;4.4;1;FORD;JH1-F6JA15BAAKF;FIESTA / 1.4 / TDCI;Nemcija;DEU;osebni avtomobil;164;vozilo z dviûnimi vrati zadaj;FIESTA 
50;1061;4.4;1;FORD;JD3-F6JA;FIESTA / 1.4 D /;Nemcija;DEU;osebni avtomobil;163;vozilo z dviûnimi vrati zadaj;FIESTA 
50;1261;4.4;1;PEUGEOT;WC8HZC;207 / 1.4 / HDI;Francija;FRA;osebni avtomobil;166;vozilo z dviûnimi vrati zadaj;207
50;1253;4.4;1;PEUGEOT;WC8HZC/1;207 / 1.4 / HDI;Francija;FRA;osebni avtomobil;166;vecnamensko vozilo;207
50;1251;4.4;1;PEUGEOT;WA8HZC;207 / 1.4 / HDI;Francija;FRA;osebni avtomobil;166;vozilo z dviûnimi vrati zadaj;207
50;1243;4.4;1;PEUGEOT;KM8HZB;1007 / 1.4;Francija;FRA;osebni avtomobil;160;vozilo z dviûnimi vrati zadaj;1007
50;1110;4.4;1;PEUGEOT;2E8HZF;206 / BREAK 1.4;Francija;FRA;osebni avtomobil;168;karavan;206
50;1110;4.4;1;PEUGEOT;2E8HXF;PEUGEOT / 206 / BREAK 1.4 / HDI;Francija;FRA;osebni avtomobil;168;karavan;PEUGEOT 
50;1061;4.4;1;PEUGEOT;2A8HZA;206 / 1.4 / HDI;Francija;FRA;osebni avtomobil;168;vozilo z dviûnimi vrati zadaj;206
50;1049;4.4;1;PEUGEOT;2C8HZA;206 / 1.4 / HDI;Francija;FRA;osebni avtomobil;168;vozilo z dviûnimi vrati zadaj;206
50;1035;4.4;1;PEUGEOT;2E8HXF;206 / 1.4 / HDI;Francija;FRA;osebni avtomobil;168;karavan;206
50;930;4.4;0;SUZUKI;GFC31S/MT;ALTO / 1.0 / 2WD;Indija;IND;osebni avtomobil;150;vozilo z dviûnimi vrati zadaj;ALTO 
50;920;4.4;0;TOYOTA;KGJ10L-BGMRGW(2F);iQ / 1.0 /;Japonska ;JPN;osebni avtomobil;150;kupe;iQ 
50;915;4.4;0;TOYOTA;KGB10L-AGMGKW(1L);AYGO / 1.0 /;Ceöka republika;CZE;osebni avtomobil;157;vozilo z dviûnimi vrati zadaj;AYGO 
50;895;4.4;0;TOYOTA;KGB10L-AGMGKW(1K);AYGO / 1.0 /;Japonska ;JPN;osebni avtomobil;157;vozilo z dviûnimi vrati zadaj;AYGO 
50;1275;4.5;1;CITROEN;AJ8HSL/H;NEMO / 1.4 / HDI;Francija;FRA;osebni avtomobil;151;vecnamensko vozilo;NEMO 
50;1260;4.5;1;CITROEN;AJ8HSL;NEMO / 1.4 / HDI;Francija;FRA;osebni avtomobil;151;vecnamensko vozilo;NEMO 
50;1249;4.5;1;CITROEN;HB8HZB;C3 PLURIEL / 1.4 / Hdi;Francija;FRA;osebni avtomobil;158;kabriolet;C3 PLURIEL 
50;880;4.5;0;CITROEN;PNCFB4;C1 / 1.0 / i;Francija;FRA;osebni avtomobil;157;vozilo z dviûnimi vrati zadaj;C1 
50;875;4.5;0;CITROEN;PMCFB4;C1 / 1.0 / i;Francija;FRA;osebni avtomobil;157;vozilo z dviûnimi vrati zadaj;C1 
50;1356;4.5;1;DACIA;KSDEKJ;LOGAN / MCV 1.5 / DCI;Romunija;ROM;osebni avtomobil;150;karavan;LOGAN 
50;1165;4.5;1;DACIA;BSDEKH;SANDERO / 1.5 / DCI;Romunija;ROM;osebni avtomobil;157;vozilo z dviûnimi vrati zadaj;SANDERO 
50;1162;4.5;1;FORD;JU2-F6JB;FUSION / 1.4 / TDCI / EST;Nemcija;DEU;osebni avtomobil;158;vecnamensko vozilo;FUSION 
50;1157;4.5;1;FORD;JU2-F6JB;FUSION / 1.4 / TDCI;Nemcija;DEU;osebni avtomobil;158;vecnamensko vozilo;FUSION 
50;1144;4.5;1;FORD;JU2-F6JB15BBEKL;FUSION / 1.4 / TDCI / EST;Nemcija;DEU;osebni avtomobil;158;vecnamensko vozilo;FUSION 
50;1138;4.5;1;FORD;JH1-F6JB;FIESTA / 1.4 / TDCI;Nemcija;DEU;osebni avtomobil;164;vozilo z dviûnimi vrati zadaj;FIESTA 
50;1132;4.5;1;FORD;JD3-F6JB;FIESTA / 1.4 / TDCI;Nemcija;DEU;osebni avtomobil;163;vozilo z dviûnimi vrati zadaj;FIESTA 
50;1119;4.5;1;FORD;JC3-F6JB;FIESTA VAN 1.4 / TDCI;Nemcija;DEU;osebni avtomobil;163;vozilo z dviûnimi vrati zadaj;FIESTA VAN 1.4 
50;1080;4.5;1;FORD;JC3 F6JB1-2BAAKQ;FIESTA VAN 1.4 / TDCi;Nemcija;DEU;osebni avtomobil;163;vozilo z dviûnimi vrati zadaj;FIESTA VAN 1.4 
50;1063;4.5;1;FORD;JH1-F6JB1-5BABKF;FIESTA / 1.4 / TDCI;Nemcija;DEU;osebni avtomobil;164;vozilo z dviûnimi vrati zadaj;FIESTA 
50;1170;4.5;1;MAZDA;DY1NEA;2 / 1.4 / D;Japonska ;JPN;osebni avtomobil;160;karavan;2
50;1155;4.5;1;MAZDA;DY1NE23;MAZDA 2 / 1.4 / D;Japonska ;JPN;osebni avtomobil;160;karavan;MAZDA 2 
50;1085;4.5;1;MAZDA;NE2;2 / 1.4;Japonska ;JPN;osebni avtomobil;160;karavan;2
50;1085;4.5;1;MAZDA;NE2;MAZDA 2 / 1.4 / D;Japonska ;JPN;osebni avtomobil;160;karavan;MAZDA 2 
50;1135;4.5;1;OPEL;DJ11-1A18A0PCAC5;CORSA / 1.3;Nemcija;DEU;osebni avtomobil;165;vozilo z dviûnimi vrati zadaj;CORSA 
50;1271;4.5;1;PEUGEOT;3C8HZ-B;307 / 1.4 / HDI;Francija;FRA;osebni avtomobil;165;vozilo z dviûnimi vrati zadaj;307
50;1271;4.5;1;PEUGEOT;3C8HZB;307 / 1.4 / HDI;Francija;FRA;osebni avtomobil;160;vozilo z dviûnimi vrati zadaj;307
50;1261;4.5;1;PEUGEOT;WC8HZC;207 / 1.4 / HDI;Francija;FRA;osebni avtomobil;166;vozilo z dviûnimi vrati zadaj;207
50;1261;4.5;1;PEUGEOT;WC8HZC;207 / 1.4 / HDI;Francija;FRA;osebni avtomobil;166;vozilo za posebne namene;207
50;1260;4.5;1;PEUGEOT;AJ8HSL;BIPPER 1.4 / HDI;Francija;FRA;osebni avtomobil;151;vecnamensko vozilo;BIPPER 1.4 
50;1260;4.5;1;PEUGEOT;AJ8HSL;BIPPER / 1.4 / HDI;Francija;FRA;osebni avtomobil;151;vecnamensko vozilo;BIPPER 
50;1254;4.5;1;PEUGEOT;3A8HZB;PEUGEOT / 307 / 1.4 / HDI;Francija;FRA;osebni avtomobil;160;vozilo z dviûnimi vrati zadaj;PEUGEOT 
50;1251;4.5;1;PEUGEOT;WA8HZC;207 / 1.4 / HDI;Francija;FRA;osebni avtomobil;166;vozilo z dviûnimi vrati zadaj;207
50;1110;4.5;1;PEUGEOT;2E8HZA;206 / BREAK 1.4 / HDI;Francija;FRA;osebni avtomobil;168;karavan;206
50;915;4.5;0;PEUGEOT;PNCFB0/P;107 / 1.0 / i AUT.;Francija;FRA;osebni avtomobil;157;vozilo z dviûnimi vrati zadaj;107
50;905;4.5;0;PEUGEOT;PNCFB4;107 / 1.0 / i;Francija;FRA;osebni avtomobil;157;vozilo z dviûnimi vrati zadaj;107
50;875;4.5;0;PEUGEOT;PMCFB4;107 / 1.0 / i;Francija;FRA;osebni avtomobil;157;vozilo z dviûnimi vrati zadaj;107
50;1260;4.5;1;RENAULT;KR1G0H;CLIO / GRANDTOUR 1.5 / DCI;Francija;FRA;osebni avtomobil;162;karavan;CLIO 
50;1253;4.5;1;RENAULT;SR1G0H;CLIO 1.5 / DCI;Francija;FRA;osebni avtomobil;162;vozilo z dviûnimi vrati zadaj;CLIO 1.5 
50;1253;4.5;1;RENAULT;SR1G0H;CLIO / 1.5 / DCI;Francija;FRA;osebni avtomobil;162;vozilo z dviûnimi vrati zadaj;CLIO 
50;1240;4.5;1;RENAULT;BR1G0H;CLIO / 1.5 / DCI;Francija;FRA;osebni avtomobil;162;vozilo z dviûnimi vrati zadaj;CLIO 
50;1230;4.5;1;RENAULT;CR1G0H;CLIO / 1.5 / DCI;Francija;FRA;osebni avtomobil;162;vozilo z dviûnimi vrati zadaj;CLIO 
50;1090;4.5;1;RENAULT;BBCJ05;CLIO / 1.5 / DCI;Francija;FRA;osebni avtomobil;163;vozilo z dviûnimi vrati zadaj;CLIO 
50;1070;4.5;1;RENAULT;CBCJ05;CLIO / 1.5 / DCI;Francija;FRA;osebni avtomobil;163;vozilo z dviûnimi vrati zadaj;CLIO 
50;1025;4.5;1;RENAULT;LB2905;THALIA / 1.5 / DCI;Francija;FRA;osebni avtomobil;163;limuzina;THALIA 
50;926;4.5;0;TOYOTA;KGB10L-AHGGKW(1K);AYGO / 1.0 / AUT.;Japonska ;JPN;osebni avtomobil;157;vozilo z dviûnimi vrati zadaj;AYGO 
50;905;4.5;0;TOYOTA;KGB10L-AHMGKW(3J);AYGO / 1.0 /;Japonska ;JPN;osebni avtomobil;157;vozilo z dviûnimi vrati zadaj;AYGO 
50;905;4.5;0;TOYOTA;KGB10L-AHMGKW(1G);AYGO / 1.0 /;Ceöka republika;CZE;osebni avtomobil;157;vozilo z dviûnimi vrati zadaj;AYGO 
50;880;4.5;0;TOYOTA;KGB10L-AHMRKW(3J);AYGO / 1.0 /;Japonska ;JPN;osebni avtomobil;157;vozilo z dviûnimi vrati zadaj;AYGO 
50;880;4.5;0;TOYOTA;KGB10L-AHMRKW(3J);AYGO / 1.0 /;Japonska ;JPN;osebni avtomobil;157;vozilo za posebne namene;AYGO 
50;1260;4.6;1;CITROEN;AJ8HSC;NEMO / 1.4 / HDI;Francija;FRA;osebni avtomobil;151;vecnamensko vozilo;NEMO 
50;910;4.6;0;CITROEN;PNCFAC/P;C1 / 1.0 / i AUT.;Francija;FRA;osebni avtomobil;157;vozilo z dviûnimi vrati zadaj;C1 
50;880;4.6;0;CITROEN;PNCFAC;C1 / 1.0 / i;Francija;FRA;osebni avtomobil;157;vozilo z dviûnimi vrati zadaj;C1 
50;875;4.6;0;CITROEN;PNCFAC;C 1 / 1.0;Francija;FRA;osebni avtomobil;157;vozilo z dviûnimi vrati zadaj;C 1 
50;865;4.6;0;CITROEN;PMCFAC;C1 / 1.0 / i;Francija;FRA;osebni avtomobil;157;vozilo z dviûnimi vrati zadaj;C1 
50;865;4.6;0;CITROEN;PMCFAC;C 1 / 1.0;Francija;FRA;osebni avtomobil;157;vozilo z dviûnimi vrati zadaj;C 1 
50;1172;4.6;1;FORD;JH1-F6JA15BABLF;FIESTA / 1.4 / TDCI;Nemcija;DEU;osebni avtomobil;164;vozilo z dviûnimi vrati zadaj;FIESTA 
50;1157;4.6;1;FORD;JU2-F6JB;FUSION / 1.4 / TDCI;Nemcija;DEU;osebni avtomobil;158;vecnamensko vozilo;FUSION 
50;915;4.6;0;PEUGEOT;PNCFAC/P;107 / 1.0 / i AUT.;Francija;FRA;osebni avtomobil;157;vozilo z dviûnimi vrati zadaj;107
50;880;4.6;0;PEUGEOT;PNCFAC;107 / 1.0 / i;Francija;FRA;osebni avtomobil;157;vozilo z dviûnimi vrati zadaj;107
50;875;4.6;0;PEUGEOT;PMCFAC;107 / 1.0 / i;Francija;FRA;osebni avtomobil;157;vozilo z dviûnimi vrati zadaj;107
50;1240;4.6;1;RENAULT;BR1G0H;CLIO / 1.5 / DCI;Francija;FRA;osebni avtomobil;162;vozilo z dviûnimi vrati zadaj;CLIO 
50;1240;4.6;1;RENAULT;BR1G0H;CLIO / 1.5 / DCI;Francija;FRA;osebni avtomobil;162;vozilo za posebne namene;CLIO 
50;1230;4.6;1;RENAULT;CR1G-0H;CLIO / 1.5 / DCI;Francija;FRA;osebni avtomobil;162;vozilo z dviûnimi vrati zadaj;CLIO 
50;930;4.6;0;TOYOTA;KGB10L-AHMGKW(1C);AYGO / 1.0 /;Japonska ;JPN;osebni avtomobil;157;vozilo z dviûnimi vrati zadaj;AYGO 
50;925;4.6;0;TOYOTA;KGB10L-AGMGKW(1J);AYGO / 1.0 /;Japonska ;JPN;osebni avtomobil;157;vozilo z dviûnimi vrati zadaj;AYGO 
50;920;4.6;0;TOYOTA;KGB10L-AGMGKW(1B);AYGO / 1.0 /;Japonska ;JPN;osebni avtomobil;157;vozilo z dviûnimi vrati zadaj;AYGO 
50;915;4.6;0;TOYOTA;KGB10L-AHGGKW(1E);AYGO / 1.0 / AUT.;Japonska ;JPN;osebni avtomobil;157;vozilo z dviûnimi vrati zadaj;AYGO 
50;915;4.6;0;TOYOTA;KGB10L-AHGGKW(1G);AYGO / 1.0 / AUT.;Ceöka republika;CZE;osebni avtomobil;157;vozilo z dviûnimi vrati zadaj;AYGO 
50;905;4.6;0;TOYOTA;KGB10L-AHMGKW(1B);AYGO / 1.0;Japonska ;JPN;osebni avtomobil;157;vozilo z dviûnimi vrati zadaj;AYGO 
50;905;4.6;0;TOYOTA;KGB10L-AHMGKW(1B);AYGO / 1.0 /;Ceöka republika;CZE;osebni avtomobil;157;vozilo z dviûnimi vrati zadaj;AYGO 
50;895;4.6;0;TOYOTA;KGB10L-AGMGKW(1E);AYGO / 1.0 /;Japonska ;JPN;osebni avtomobil;157;vozilo z dviûnimi vrati zadaj;AYGO 
50;895;4.6;0;TOYOTA;KGB10L-AGMGKW(1F);AYGO / 1.0 /;Ceöka republika;CZE;osebni avtomobil;157;vozilo z dviûnimi vrati zadaj;AYGO 
50;880;4.6;0;TOYOTA;KGB10L-AHMRKW(1D);AYGO / 1.0 /;Japonska ;JPN;osebni avtomobil;157;vozilo z dviûnimi vrati zadaj;AYGO 
50;1260;4.7;1;CITROEN;HB8HZC;C3 PLURIEL / 1.4 / HDi;Francija;FRA;osebni avtomobil;158;kabriolet;C3 PLURIEL 
50;1055;4.7;0;CITROEN;SXHMP6/A00;C3 / 1.2 / i;Francija;FRA;osebni avtomobil;164;vozilo z dviûnimi vrati zadaj;C3 
50;1080;4.7;1;MAZDA;1NE24;MAZDA 2 / 1.4 / D;Japonska ;JPN;osebni avtomobil;160;karavan;MAZDA 2 
50;1332;4.7;1;PEUGEOT;3E8HZB;PEUGEOT / 307 / BREAK 1.4 / HDI;Francija;FRA;osebni avtomobil;157;karavan;PEUGEOT 
50;1243;4.7;1;PEUGEOT;KM8HZC;1007 / 1.4 / HDI;Francija;FRA;osebni avtomobil;160;vozilo z dviûnimi vrati zadaj;1007
50;1285;4.7;1;RENAULT;JP0GF5;MODUS / 1.5 / DCI;Francija;FRA;osebni avtomobil;158;vecnamensko vozilo;MODUS 
50;1255;4.7;1;RENAULT;JP0G05;MODUS / 1.5 / DCI;Francija;FRA;osebni avtomobil;159;vecnamensko vozilo;MODUS 
50;1255;4.7;1;RENAULT;JP0G05;MODUS / 1.5 / DCI;Francija;FRA;osebni avtomobil;158;vecnamensko vozilo;MODUS 
50;1050;4.7;0;SUZUKI;EXB22S-MT1;SPLASH / 1.0 /;Madûarska;HUN;osebni avtomobil;160;karavan;SPLASH 
50;935;4.7;0;TOYOTA;KGJ10L-BGXNGW(2C);iQ / 1.0 / CVT;Japonska ;JPN;osebni avtomobil;150;kupe;iQ 
50;1097;4.8;1;CITROEN;FC8HZBT;C3 / 1.4 / HDI;Francija;FRA;osebni avtomobil;165;vozilo z dviûnimi vrati zadaj;C3 
50;1160;4.8;1;SMART;320AC2-FGAAZA01;FORFOUR / 1.5 / CDI;Nemcija;DEU;osebni avtomobil;160;karavan;FORFOUR 
50;965;4.8;0;TOYOTA;KGJ10L-BGXNGW(2G);iQ / 1.0 / CVT;Japonska ;JPN;osebni avtomobil;150;kupe;iQ 
50;935;4.8;0;TOYOTA;KGJ10L-BGXNGW(2F);iQ / 1.0 / CVT;Japonska ;JPN;osebni avtomobil;150;kupe;iQ 
50;1140;4.9;1;DACIA;LSDJKF;LOGAN / 1.5 / DCI;Romunija;ROM;osebni avtomobil;158;limuzina;LOGAN 
50;1065;5.1;0;CHEVROLET;MHA12-1AA5;SPARK / 1.0 /;Koreja. republika;KOR;osebni avtomobil;154;vozilo z dviûnimi vrati zadaj;SPARK 
50;1065;5.1;0;CHEVROLET;MMA12-1AA5;SPARK / 1.0 /;Koreja. republika;KOR;osebni avtomobil;154;vecnamensko vozilo;SPARK 
50;1149;5.1;1;SEAT;6K STAQMX01-SGFM52K0434L;CORDOBA / 1.9 / SDI;äpanija;ESP;osebni avtomobil;155;limuzina;CORDOBA 
50;1346;5.1;1;VOLKSWAGEN;1JSCAGPX01-SGFM52K036L4;GOLF / 1.9 / SDI;Nemcija;DEU;osebni avtomobil;160;vozilo z dviûnimi vrati zadaj;GOLF 
50;1295;5.1;1;VOLKSWAGEN;SCAQMX01-SGFM52K036L;GOLF / 1.9 / SDI;Nemcija;DEU;osebni avtomobil;160;vozilo z dviûnimi vrati zadaj;GOLF 
50;1273;5.1;1;VOLKSWAGEN;1JSCAQMX01-SGFM52K036L21N10GE;GOLF / 1.9;Nemcija;DEU;osebni avtomobil;160;vozilo z dviûnimi vrati zadaj;GOLF 
50;1262;5.1;1;VOLKSWAGEN;SCAQMX01-SGFM52K036M41N10GE;GOLF / 1.9 / SDI;Nemcija;DEU;osebni avtomobil;160;vozilo z dviûnimi vrati zadaj;GOLF 
50;1213;5.1;1;VOLKSWAGEN;SCAQMX01-SGFM52K036M21N10GE;GOLF / 1.9 / SDI;Nemcija;DEU;osebni avtomobil;160;vozilo z dviûnimi vrati zadaj;GOLF 
50;1210;5.1;1;VOLKSWAGEN;STAQMX01-SGFM52K0434L;POLO / CLASSIC 1.9 / SDI;Nemcija;DEU;osebni avtomobil;161;limuzina;POLO 
50;1195;5.1;1;VOLKSWAGEN;SCAQMX01-SGFMÅ52K036M41N10GE;GOLF / 1.9 / SDI;Nemcija;DEU;osebni avtomobil;160;vozilo z dviûnimi vrati zadaj;GOLF 
50;1187;5.1;1;VOLKSWAGEN;SCAGPX01-SGFM52K036L2;GOLF / 1.9 / SDI;Nemcija;DEU;osebni avtomobil;160;vozilo z dviûnimi vrati zadaj;GOLF 
50;1150;5.1;1;VOLKSWAGEN;SCAGPX01-SGFM52K036M4;GOLF / 1.9 / SDI;Nemcija;DEU;osebni avtomobil;160;vozilo z dviûnimi vrati zadaj;GOLF 
50;1130;5.1;1;VOLKSWAGEN;SCAQMX01-SGFM52K036L21N10GE;GOLF / 1.9 / SDI;Nemcija;DEU;osebni avtomobil;160;vozilo z dviûnimi vrati zadaj;GOLF 
50;1464;5.2;1;RENAULT;KW0VB5;KANGOO / 1.5 / DCI;Francija;FRA;osebni avtomobil;146;vecnamensko vozilo;KANGOO 
50;1351;5.2;1;VOLKSWAGEN;1J;GOLF / 1.9 / SDI;Nemcija;DEU;osebni avtomobil;160;karavan;GOLF 
50;1336;5.2;1;VOLKSWAGEN;SCAQMX01-SGFM52K036M41N10GZ;GOLF / 1.9 / SDI;Nemcija;DEU;osebni avtomobil;160;vozilo z dviûnimi vrati zadaj;GOLF 
50;1334;5.2;1;VOLKSWAGEN;1JSCAQMX01-SGFM52K036M41N10GE;GOLF / 1.9;Nemcija;DEU;osebni avtomobil;160;vozilo z dviûnimi vrati zadaj;GOLF 
50;1334;5.2;1;VOLKSWAGEN;SEAQMX01-SGFM52K036N41N10GZ;GOLF / VAR. 1.9 / SDI;Nemcija;DEU;osebni avtomobil;160;karavan;GOLF 
50;1327;5.2;1;VOLKSWAGEN;SCAQMX01-SGFM52K036M41N10GE;GOLF / 1.9 / SDI;Nemcija;DEU;osebni avtomobil;160;vozilo z dviûnimi vrati zadaj;GOLF 
50;1308;5.2;1;VOLKSWAGEN;1J;GOLF / 1.9 / SDI;Nemcija;DEU;osebni avtomobil;160;vozilo z dviûnimi vrati zadaj;GOLF 
50;1307;5.2;1;VOLKSWAGEN;SCAQMX01-SGFM52K036M41N10GE;GOLF / 1.9 / SDI;Nemcija;DEU;osebni avtomobil;160;vozilo z dviûnimi vrati zadaj;GOLF 
50;1272;5.2;1;VOLKSWAGEN;1J-AQM;GOLF / 1.9;Nemcija;DEU;osebni avtomobil;160;vozilo z dviûnimi vrati zadaj;GOLF 
50;1270;5.2;1;VOLKSWAGEN;1J STAQMX01-SGFM52K036M41N10GZ;BORA / 1.9;Nemcija;DEU;osebni avtomobil;160;limuzina;BORA 
50;1265;5.2;1;VOLKSWAGEN;1J-AGP;GOLF / 1.9 / SDI;Nemcija;DEU;osebni avtomobil;160;vozilo z dviûnimi vrati zadaj;GOLF 
50;1264;5.2;1;VOLKSWAGEN;1J-AQM;GOLF / 1.9 / SDI;Nemcija;DEU;osebni avtomobil;160;vozilo z dviûnimi vrati zadaj;GOLF 
50;1259;5.2;1;VOLKSWAGEN;1JSCAQMX01-SGFM52K036M41N10GE;GOLF / 1.9 / SDI;Nemcija;DEU;osebni avtomobil;160;vozilo z dviûnimi vrati zadaj;GOLF 
50;1220;5.2;1;VOLKSWAGEN;SCAQMX01-SGFM52K036M41N10GB;GOLF / 1.9 / SDI;Nemcija;DEU;osebni avtomobil;160;vozilo z dviûnimi vrati zadaj;GOLF 
50;1146;5.2;1;VOLKSWAGEN;1J-AQM;GOLF / 1.9 / SDI;Nemcija;DEU;osebni avtomobil;160;vozilo z dviûnimi vrati zadaj;GOLF 
50;1320;5.3;1;DACIA;KSD0KJ;LOGAN / MCV 1.5 / DCI;Romunija;ROM;osebni avtomobil;150;karavan;LOGAN 
50;1280;5.3;1;DACIA;KSDEKJ;LOGAN / MCV 1.5 / DCI;Romunija;ROM;osebni avtomobil;150;karavan;LOGAN 
50;1216;5.3;1;DACIA;BSDEKK;SANDERO / 1.5 / DCI;Romunija;ROM;osebni avtomobil;150;vozilo z dviûnimi vrati zadaj;SANDERO 
50;1424;5.3;1;VOLKSWAGEN;1JSEAQMX01-SGFM52K036N41N10GZ;GOLF / VAR. 1.9 / SDI;Nemcija;DEU;osebni avtomobil;160;karavan;GOLF 
50;1409;5.3;1;VOLKSWAGEN;1JSEAQMX01-SGFM52K036N41N0GZ;GOLF / VAR. 1.9 / SDI;Nemcija;DEU;osebni avtomobil;160;karavan;GOLF 
50;1401;5.3;1;VOLKSWAGEN;SEAQMX01-SGFM52K036N41N10GZ;GOLF / VAR. 1.9;Nemcija;DEU;osebni avtomobil;160;karavan;GOLF 
50;1327;5.4;1;VOLKSWAGEN;SCAQMX01-SGFM52K036M41N10GE;GOLF / 1.9 / SDI;Nemcija;DEU;osebni avtomobil;160;vozilo z dviûnimi vrati zadaj;GOLF 
50;1272;5.4;1;VOLKSWAGEN;1J;GOLF / 1.9;Nemcija;DEU;osebni avtomobil;160;vozilo z dviûnimi vrati zadaj;GOLF 
50;1264;5.4;1;VOLKSWAGEN;1J;GOLF / 1.9 / SDI;Nemcija;DEU;osebni avtomobil;160;vozilo z dviûnimi vrati zadaj;GOLF 
50;1380;5.5;1;RENAULT;KCTEEF;KANGOO / 1.5 / DCI;Francija;FRA;osebni avtomobil;148;vecnamensko vozilo;KANGOO 
50;1235;5.5;1;RENAULT;KC1EGF;KANGOO / 1.5 / DCI;Francija;FRA;osebni avtomobil;148;vecnamensko vozilo;KANGOO 
50;1210;5.5;1;RENAULT;KC1EBF;KANGOO / 1.5 / DCI;Francija;FRA;osebni avtomobil;148;vecnamensko vozilo;KANGOO 
50;1272;5.5;1;VOLKSWAGEN;1J;GOLF / 1.9;Nemcija;DEU;osebni avtomobil;160;vozilo z dviûnimi vrati zadaj;GOLF 
50;955;5.6;0;TOYOTA;SCP10L-CGMRKW(2G);YARIS / 1.0;Japonska ;JPN;osebni avtomobil;155;vozilo z dviûnimi vrati zadaj;YARIS 
50;1264;5.6;1;VOLKSWAGEN;1J;GOLF / 1.9;Nemcija;DEU;osebni avtomobil;160;vozilo z dviûnimi vrati zadaj;GOLF 
50;1221;5.6;1;VOLKSWAGEN;1J;GOLF / 1.9 / SDI;Nemcija;DEU;osebni avtomobil;160;vozilo z dviûnimi vrati zadaj;GOLF 
50;960;5.7;0;TOYOTA;SCP10L-AGMGKW(1A);YARIS / 1.0 /;Japonska ;JPN;osebni avtomobil;155;vozilo z dviûnimi vrati zadaj;YARIS 
50;945;5.7;0;TOYOTA;SCP10L-CGMRKW(1B);YARIS / 1.0 /;Francija;FRA;osebni avtomobil;175;vozilo z dviûnimi vrati zadaj;YARIS 
50;925;5.7;0;TOYOTA;SCP10L-AHMRKW(1A);YARIS / 1.0 /;Japonska ;JPN;osebni avtomobil;155;vozilo z dviûnimi vrati zadaj;YARIS 
50;910;5.7;0;TOYOTA;SCP10L-CGMGKW(1C);YARIS / 1.0 /;Francija;FRA;osebni avtomobil;155;vozilo z dviûnimi vrati zadaj;YARIS 
50;880;5.7;0;TOYOTA;SCP10L-CHMGKW(1B);YARIS / 1.0 /;Belgija;BEL;osebni avtomobil;155;vozilo z dviûnimi vrati zadaj;YARIS 
50;880;5.7;0;TOYOTA;SCP10;YARIS / 1.0;Japonska ;JPN;osebni avtomobil;155;vozilo z dviûnimi vrati zadaj;YARIS 
50;1112;6.2;0;FORD;JH1-A9JB;FIESTA / 1.3;Nemcija;DEU;osebni avtomobil;161;vozilo z dviûnimi vrati zadaj;FIESTA 
50;1170;6.3;1;OPEL;T98-KOMBI;ASTRA / 1.7;Nemcija;DEU;osebni avtomobil;158;karavan;ASTRA 
50;955;6.4;0;SUBARU;MSG35S;JUSTY / 1.3;Madûarska;HUN;osebni avtomobil;155;vozilo z dviûnimi vrati zadaj;JUSTY 
50;935;6.5;0;äKODA;-;FELICIA / 1.3 / LXI;Ceöka republika;CZE;osebni avtomobil;150;vozilo z dviûnimi vrati zadaj;FELICIA 
50;1185;6.6;1;OPEL;F-CC;ASTRA / 1.7;Nemcija;DEU;osebni avtomobil;160;karavan;ASTRA 
50;935;6.7;0;äKODA;EFF613;FELICIA / LXi ;Ceöka republika;CZE;osebni avtomobil;163;vozilo z dviûnimi vrati zadaj;FELICIA 
50;1109;7.2;0;äKODA;SEAQWX01-FM5FM502028LALLE0GG;FABIA / COMBI 1.4 /;Ceöka republika;CZE;osebni avtomobil;164;karavan;FABIA 
50;920;7.5;0;VOLKSWAGEN;15;1302 LS / CABRIOLET;Nemcija;DEU;osebni avtomobil;130;kabriolet;1302 LS 
50;1607;7.8;1;VOLKSWAGEN;7DB;TRANSPORTER / 1.9;Nemcija;DEU;osebni avtomobil;132;vecnamensko vozilo;TRANSPORTER 
50;1607;8.9;1;VOLKSWAGEN;7DB-ABL;TRANSPORTER / 1.9 / TD;Nemcija;DEU;osebni avtomobil;132;vecnamensko vozilo;TRANSPORTER 
50.7;970;4.1;0;KIA;TAF5P21-M51AZ1;PICANTO / 1.0 /;Koreja. republika;KOR;osebni avtomobil;153;vecnamensko vozilo;PICANTO 
50.7;966;4.2;0;KIA;TAF5P11-M51AZ1;PICANTO / 1.0 /;Koreja. republika;KOR;osebni avtomobil;153;vecnamensko vozilo;PICANTO 
50.7;940;4.2;0;KIA;TAF5P11-M51AY1;PICANTO / 1.0 /;Koreja. republika;KOR;osebni avtomobil;153;vecnamensko vozilo;PICANTO 
50.8;1066;4.7;0;HYUNDAI;F5P41-M55AZ1;i 10 / 1.1 /;Indija;IND;osebni avtomobil;156;vecnamensko vozilo;i 10 
50.8;1043;5.8;0;HYUNDAI;F5P41-A41CZ1;i 10 / 1.1 / AUT.;Indija;IND;osebni avtomobil;149;vecnamensko vozilo;i 10 
51;915;4.1;0;CITROEN;PSCFBC-H1A000;C1 / 1.0 / I;Francija;FRA;osebni avtomobil;160;vozilo z dviûnimi vrati zadaj;C1 
51;930;4.1;0;PEUGEOT;PSCFBC-H1A000;108 / 1.0 / i;Francija;FRA;osebni avtomobil;160;vozilo z dviûnimi vrati zadaj;108
51;970;4.1;0;TOYOTA;KGB40L-AHMGKW(2M);AYGO / 1.0 /;Ceöka republika;CZE;osebni avtomobil;160;vozilo z dviûnimi vrati zadaj;AYGO 
51;965;4.1;0;TOYOTA;AB1/KGB40(G)/KGB40L-AGMRKW(2N);AYGO / 1.0 /;Ceöka republika;CZE;osebni avtomobil;160;vozilo z dviûnimi vrati zadaj;AYGO 
51;950;4.1;0;TOYOTA;AB1/KGB40(G)/KGB40L-AGMGKW(2P);AYGO / 1.0 /;Ceöka republika;CZE;osebni avtomobil;160;vozilo z dviûnimi vrati zadaj;AYGO 
51;935;4.1;0;TOYOTA;KGB40L-AHMRKW(2M);AYGO / 1.0 /;Ceöka republika;CZE;osebni avtomobil;160;vozilo z dviûnimi vrati zadaj;AYGO 
51;930;4.1;0;TOYOTA;AB1/KGB40(H)/KGB40L-AHMGKW(2N);AYGO / 1.0 /;Ceöka republika;CZE;osebni avtomobil;160;vozilo z dviûnimi vrati zadaj;AYGO 
51;915;4.1;0;TOYOTA;AB1/KGB40(H)/KGB40L-AHMRKW(2P);AYGO / 1.0 /;Ceöka republika;CZE;osebni avtomobil;160;vozilo z dviûnimi vrati zadaj;AYGO 
51;960;4.2;0;TOYOTA;AB1/KGB40(H)/KGB40L-AHGGKW(1P);AYGO / 1.0 / AUT.;Ceöka republika;CZE;osebni avtomobil;160;vozilo z dviûnimi vrati zadaj;AYGO 
51;955;4.2;0;TOYOTA;AB1/KGB40(H)/KGB40L-AHGGKW(1N);AYGO / 1.0 / AUT.;Ceöka republika;CZE;osebni avtomobil;160;vozilo z dviûnimi vrati zadaj;AYGO 
51;1165;4.3;1;FIAT;169AXC2A05E;PANDA / 1.3 / MULTIJET 4X4;Italija;ITA;osebni avtomobil;150;vecnamensko vozilo;PANDA 
51;1150;4.3;1;FIAT;169AXC2A05C;PANDA / 1.3 / MULTIJET 4X4;Italija;ITA;osebni avtomobil;150;vecnamensko vozilo;PANDA 
51;1150;4.3;1;FIAT;169AXC2A05C;PANDA / 1.3 / MULTIJET 4X4;Italija;ITA;osebni avtomobil;150;vozilo z dviûnimi vrati zadaj;PANDA 
51;1146;4.3;1;FIAT;169AXC2A05;PANDA / 1.3 / MULTIJET 4X4;Italija;ITA;osebni avtomobil;150;vozilo z dviûnimi vrati zadaj;PANDA 
51;1135;4.3;1;FIAT;169AXC2A05;PANDA / 1.3 / MULTIJET 4X4;Italija;ITA;osebni avtomobil;150;vecnamensko vozilo;PANDA 
51;1025;4.3;1;FIAT;169CXC1AAX;PANDA 1.3 / MULTIJET VAN;Italija;ITA;osebni avtomobil;160;vozilo z dviûnimi vrati zadaj;PANDA 1.3 
51;1010;4.3;1;FIAT;169AXC1A03B;PANDA / 1.3 / MULTIJET;Italija;ITA;osebni avtomobil;160;vecnamensko vozilo;PANDA 
51;1010;4.3;1;FIAT;169AXC1A-03B;PANDA / 1.3 / MULTIJET;Italija;ITA;osebni avtomobil;160;vozilo z dviûnimi vrati zadaj;PANDA 
51;940;4.3;0;FIAT;312AXA1A00AU;500 / 1.2 /;Italija;ITA;osebni avtomobil;160;vozilo z dviûnimi vrati zadaj;500
51;935;4.3;1;FIAT;169AXC1A03;PANDA / 1.3 / MULTIJET;Italija;ITA;osebni avtomobil;160;vozilo z dviûnimi vrati zadaj;PANDA 
51;1135;4.3;1;OPEL;DJ11-1A18A0PCAC5;CORSA / 1.3;Nemcija;DEU;osebni avtomobil;165;vozilo z dviûnimi vrati zadaj;CORSA 
51;1110;4.3;1;OPEL;BJ11-1A15A7LEAC5;CORSA / 1.3;Nemcija;DEU;osebni avtomobil;165;vozilo z dviûnimi vrati zadaj;CORSA 
51;1069;4.3;0;TOYOTA;XP13M(a)/KSP13(MH)/KSP130L-CHMRKW(5K);YARIS / 1.0 /;Francija;FRA;osebni avtomobil;155;vecnamensko vozilo;YARIS 
51;1058;4.3;0;TOYOTA;XP13M(a)/KSP13(MH)/KSP130L-CHMNKW(3L);YARIS / 1.0 /;Francija;FRA;osebni avtomobil;155;vecnamensko vozilo;YARIS 
51;1055;4.3;0;TOYOTA;XP13M(a)/KSP13(MH)/KSP130L-CHMRKW(4L);YARIS / 1.0 /;Francija;FRA;osebni avtomobil;155;vecnamensko vozilo;YARIS 
51;1135;4.4;1;OPEL;DJ11-1A18A0PCAC5;CORSA / 1.3 / DTI;Nemcija;DEU;osebni avtomobil;165;vozilo z dviûnimi vrati zadaj;CORSA 
51;1110;4.4;1;OPEL;BJ11-1A15A7LCAC5;CORSA / 1.3 / DTI;Nemcija;DEU;osebni avtomobil;165;vozilo z dviûnimi vrati zadaj;CORSA 
51;1060;4.4;1;OPEL;DJ11-1A18A0PEAC5;CORSA / 1.3;Nemcija;DEU;osebni avtomobil;165;vozilo z dviûnimi vrati zadaj;CORSA 
51;1035;4.4;1;OPEL;BJ11;CORSA / 1.3 / CDTI;Nemcija;DEU;osebni avtomobil;165;vozilo z dviûnimi vrati zadaj;CORSA 
51;1095;4.4;1;SUZUKI;X91S-1;IGNIS / 1.3 / TD;Madûarska;HUN;osebni avtomobil;155;karavan;IGNIS 
51;1080;4.5;1;FIAT;188CXH1A-EX;PUNTO 1.3 / JTD;Italija;ITA;osebni avtomobil;164;vozilo z dviûnimi vrati zadaj;PUNTO 1.3 
51;1080;4.5;1;FIAT;188CXH1A-GX;PUNTO / 1.3 / JTD;Italija;ITA;osebni avtomobil;164;vozilo z dviûnimi vrati zadaj;PUNTO 
51;1080;4.5;1;FIAT;188CXH1AGX;PUNTO VAN 1.3 / JTD;Italija;ITA;osebni avtomobil;164;vozilo z dviûnimi vrati zadaj;PUNTO VAN 1.3 
51;1065;4.5;1;FIAT;188CXH1AHX;PUNTO / 1.3 / JTD;Italija;ITA;osebni avtomobil;164;vozilo z dviûnimi vrati zadaj;PUNTO 
51;1055;4.5;1;FIAT;188BXH1A-17M;PUNTO / 1.3 / MULTIJET;Italija;ITA;osebni avtomobil;164;vozilo z dviûnimi vrati zadaj;PUNTO 
51;1040;4.5;1;FIAT;188AXH1A16M;PUNTO / 1.3 / MULTIJET;Italija;ITA;osebni avtomobil;164;vozilo z dviûnimi vrati zadaj;PUNTO 
51;1015;4.5;0;FIAT;312AXA1103AD;500 / 1.2 / C DUALLOGIC;Italija;ITA;osebni avtomobil;160;vozilo z dviûnimi vrati zadaj;500
51;980;4.5;1;FIAT;188BXH1A17B;PUNTO / 1.3;Italija;ITA;osebni avtomobil;164;vozilo z dviûnimi vrati zadaj;PUNTO 
51;980;4.5;1;FIAT;188BXH1A 17M;PUNTO / 1.3 / JTD;Italija;ITA;osebni avtomobil;155;vozilo z dviûnimi vrati zadaj;PUNTO 
51;975;4.5;0;FIAT;312AXA1103AC;500 / 1.2 / DUALLOGIC;Italija;ITA;osebni avtomobil;160;vozilo z dviûnimi vrati zadaj;500
51;965;4.5;1;FIAT;188AXH1A16B;PUNTO / 1.3;Italija;ITA;osebni avtomobil;164;vozilo z dviûnimi vrati zadaj;PUNTO 
51;1135;4.5;1;OPEL;DJ11-1A18A0PCAC5;CORSA / 1.3 / DTI;Nemcija;DEU;osebni avtomobil;165;vozilo z dviûnimi vrati zadaj;CORSA 
51;1110;4.5;1;OPEL;BJ11-1A15A7LCAC5;CORSA / 1.3 / DTI;Nemcija;DEU;osebni avtomobil;165;vozilo z dviûnimi vrati zadaj;CORSA 
51;1060;4.5;1;OPEL;DJ11-1A18A0PCAC5;CORSA / 1.3;Nemcija;DEU;osebni avtomobil;165;vozilo z dviûnimi vrati zadaj;CORSA 
51;1060;4.5;1;OPEL;DJ11-1A18A0PCAC5;OPEL / CORSA / 1.3 / DTI;Nemcija;DEU;osebni avtomobil;165;vozilo z dviûnimi vrati zadaj;OPEL 
51;1035;4.5;1;OPEL;BJ11-1A15A7LCAC5;OPEL / CORSA / 1.3 / DTI;Nemcija;DEU;osebni avtomobil;165;vozilo z dviûnimi vrati zadaj;OPEL 
51;1035;4.5;1;OPEL;BJ11-1A15A7LCAC5;CORSA / 1.3;Nemcija;DEU;osebni avtomobil;165;vozilo z dviûnimi vrati zadaj;CORSA 
51;1164;4.5;1;VOLKSWAGEN;ABSBNMX01-FM5FM52T0301N1X0GG;POLO / 1.4 / TDI;Nemcija;DEU;osebni avtomobil;164;vozilo z dviûnimi vrati zadaj;POLO 
51;1120;4.6;1;LANCIA;843AXD1A03;YPSILON / 1.3 / MULTIJET;Italija;ITA;osebni avtomobil;165;vozilo z dviûnimi vrati zadaj;YPSILON 
51;1045;4.6;1;LANCIA;843AXD1A 03;YPSILON / 1.3/MULTIJET;Italija;ITA;osebni avtomobil;165;vozilo z dviûnimi vrati zadaj;YPSILON 
51;1045;4.6;1;LANCIA;843AXD1A03;Y / 1.3;Italija;ITA;osebni avtomobil;165;vozilo z dviûnimi vrati zadaj;Y 
51;1278;4.6;1;OPEL;BJ11-1A03A6ECAA2;TIGRA / 1.3 / DTI;Nemcija;DEU;osebni avtomobil;167;kabriolet;TIGRA 
51;1110;4.6;1;OPEL;BJ11-1A15A7LEAH5;CORSA / 1.3 / DTI MTA;Nemcija;DEU;osebni avtomobil;165;vozilo z dviûnimi vrati zadaj;CORSA 
51;1140;4.6;1;SUZUKI;C91S-MT;SWIFT / 1.3 / TD;Madûarska;HUN;osebni avtomobil;165;vozilo z dviûnimi vrati zadaj;SWIFT 
51;1120;4.6;1;SUZUKI;A91S-MT4S;SWIFT / 1.3 / TD;Madûarska;HUN;osebni avtomobil;165;vozilo z dviûnimi vrati zadaj;SWIFT 
51;1253;4.6;1;VOLKSWAGEN;ABSBNMX01-FM5FM52T0301N1L0GG;POLO / 1.4 / TDI;Nemcija;DEU;osebni avtomobil;164;vozilo z dviûnimi vrati zadaj;POLO 
51;1252;4.6;1;VOLKSWAGEN;ABSBNMX01-FM5FM52T0301N1L0GG;POLO / 1.4;Nemcija;DEU;osebni avtomobil;164;vozilo z dviûnimi vrati zadaj;POLO 
51;980;4.7;0;FIAT;312AXA1A00AS;500 / 1.2 / C;Italija;ITA;osebni avtomobil;160;vozilo z dviûnimi vrati zadaj;500
51;975;4.7;0;FIAT;312AXA1103C;500 / 1.2 / DUAL LOGIC;Italija;ITA;osebni avtomobil;160;vozilo z dviûnimi vrati zadaj;500
51;940;4.7;0;FIAT;312AXA1A00AD;500 / 1.2;Italija;ITA;osebni avtomobil;160;vozilo z dviûnimi vrati zadaj;500
51;1325;4.7;1;OPEL;XCF06-Z13DT;COMBO-C / 1.3 / DTI;Nemcija;DEU;osebni avtomobil;150;vecnamensko vozilo;COMBO-C 
51;1135;4.7;1;OPEL;CJ11-1A18A7LCAH5;CORSA / 1.3 / DTI;Nemcija;DEU;osebni avtomobil;165;vozilo z dviûnimi vrati zadaj;CORSA 
51;1035;4.7;1;OPEL;BJ11-1A15A7LCAH5;CORSA / 1.3 / DTI;Nemcija;DEU;osebni avtomobil;165;vozilo z dviûnimi vrati zadaj;CORSA 
51;1257;4.7;1;SEAT;STBNMX01-SGFM52T030L40GG;CORDOBA / 1.4 / TDI;äpanija;ESP;osebni avtomobil;167;limuzina;CORDOBA 
51;1235;4.7;1;SEAT;SCBNMX01-SGFM52T030L40GG;IBIZA / 1.4 / TDI;äpanija;ESP;osebni avtomobil;166;vozilo z dviûnimi vrati zadaj;IBIZA 
51;1219;4.7;1;SEAT;STBNMX01-SGFM52T03040GG;CORDOBA / 1.4 / TDI;äpanija;ESP;osebni avtomobil;167;limuzina;CORDOBA 
51;1206;4.7;1;SEAT;6L-BNM;IBIZA / 1.4 / TDI;äpanija;ESP;osebni avtomobil;166;vozilo z dviûnimi vrati zadaj;IBIZA 
51;1190;4.7;1;SEAT;SCNBNMX01-SGFM52T03040GG;IBIZA / 1.4 / TDI;äpanija;ESP;osebni avtomobil;166;vozilo z dviûnimi vrati zadaj;IBIZA 
51;1181;4.7;1;SEAT;SCBNMX01-SGFM52T030L20GG;IBIZA / 1.4 / TDI;äpanija;ESP;osebni avtomobil;166;vozilo z dviûnimi vrati zadaj;IBIZA 
51;1165;4.7;1;SEAT;SCNBNMX01-SGFM52T03020GG;IBIZA / 1.4 / TDI;äpanija;ESP;osebni avtomobil;166;vozilo z dviûnimi vrati zadaj;IBIZA 
51;1274;4.7;1;äKODA;SEBNMX01-NFM5FM52T030LALLE0GGS5;FABIA / COMBI 1.4 / TDI;Ceöka republika;CZE;osebni avtomobil;166;karavan;FABIA 
51;1237;4.7;1;äKODA;SCBNMX01-NFM5FM52T030LALLE0GGS5;FABIA / 1.4 / TDI;Ceöka republika;CZE;osebni avtomobil;162;vozilo z dviûnimi vrati zadaj;FABIA 
51;1230;4.7;1;äKODA;SEBNMX01-NFM5FM52T030ALLE0GGS5;FABIA / COMBI 1.4 / TDI;Ceöka republika;CZE;osebni avtomobil;166;karavan;FABIA 
51;1255;4.7;1;VOLKSWAGEN;ABSBNMX01-FM5FM52T0301N1L0GG;POLO / 1.4 / TDI;Nemcija;DEU;osebni avtomobil;164;vozilo z dviûnimi vrati zadaj;POLO 
51;1254;4.7;1;VOLKSWAGEN;ABSBNMX01-FM5FM52T0301N1L0GG;POLO / 1.4;Nemcija;DEU;osebni avtomobil;164;vozilo z dviûnimi vrati zadaj;POLO 
51;1252;4.7;1;VOLKSWAGEN;ABSBNMX01-FM5FM52T0301N1L0GG; POLO/1.4/TDI;Nemcija;DEU;osebni avtomobil;164;vozilo z dviûnimi vrati zadaj;POLO
51;980;4.8;0;FIAT;312AXA1A00AA;500 / 1.2 / C;Italija;ITA;osebni avtomobil;160;vozilo z dviûnimi vrati zadaj;500
51;975;4.8;0;FIAT;312AXA1103AA;500 / 1.2 / DUALLOGIC;Italija;ITA;osebni avtomobil;160;vozilo z dviûnimi vrati zadaj;500
51;940;4.8;0;FIAT;312AXA1A00E;500 / 1.2 /;Italija;ITA;osebni avtomobil;160;vozilo z dviûnimi vrati zadaj;500
51;935;4.8;0;FIAT;169AXF1A08D;PANDA / 1.2 /;Italija;ITA;osebni avtomobil;162;vecnamensko vozilo;PANDA 
51;1282;4.8;1;äKODA;SEBNMX01-NFM5FM52T030MALLE0GGS5;FABIA / COMBI 1.4 / TDI;Ceöka republika;CZE;osebni avtomobil;166;karavan;FABIA 
51;1220;4.8;1;äKODA;ACBNMX01-NFM5FM52T10314;FABIA / COMBI 1.4 / TDI;Ceöka republika;CZE;osebni avtomobil;164;karavan;FABIA 
51;1200;4.8;1;äKODA;ABBNMX01-NFM5FM52T10314;FABIA / 1.4 / TDI;Ceöka republika;CZE;osebni avtomobil;163;vozilo z dviûnimi vrati zadaj;FABIA 
51;1075;4.8;0;TOYOTA;KSP130L-CHMRKW(2C);YARIS / 1.0 /;Francija;FRA;osebni avtomobil;155;vecnamensko vozilo;YARIS 
51;1055;4.8;0;TOYOTA;KSP130L-CHMNKW(1C);YARIS / 1.0 /;Francija;FRA;osebni avtomobil;155;vecnamensko vozilo;YARIS 
51;1055;4.8;0;TOYOTA;KSP130L-CHMNKW(1B);YARIS / 1.0 /;Francija;FRA;osebni avtomobil;155;vozilo z dviûnimi vrati zadaj;YARIS 
51;1045;4.8;0;TOYOTA;KSP130L-CHMRKW(2B);YARIS / 1.0 /;Francija;FRA;osebni avtomobil;155;vozilo z dviûnimi vrati zadaj;YARIS 
51;1045;4.8;0;TOYOTA;KSP130L-CHMRKW(2E);YARIS / 1.0 /;Francija;FRA;osebni avtomobil;155;vecnamensko vozilo;YARIS 
51;1275;4.9;1;FIAT;350AXB1A01G;IDEA / 1.3 / JTD;Italija;ITA;osebni avtomobil;159;vecnamensko vozilo;IDEA 
51;980;4.9;0;FIAT;312AXA1A00AX;500 / 1.2 / C;Italija;ITA;osebni avtomobil;160;vozilo z dviûnimi vrati zadaj;500
51;980;4.9;0;FIAT;169CXF1AAX;PANDA 1.2 / VAN;Italija;ITA;osebni avtomobil;160;vecnamensko vozilo;PANDA 1.2 
51;940;4.9;0;FIAT;312AXA1A00AN;500 / 1.2 /;Italija;ITA;osebni avtomobil;160;vozilo z dviûnimi vrati zadaj;500
51;935;4.9;0;FIAT;169AXF1A08;PANDA / 1.2 /;Italija;ITA;osebni avtomobil;162;vecnamensko vozilo;PANDA 
51;940;4.9;0;FORD;RU8ABAA1U-4AAAHA;KA / 1.2 /;Nemcija;DEU;osebni avtomobil;160;vecnamensko vozilo;KA 
51;940;4.9;0;FORD;RU8ABAA1U-4AAAHA;KA / 1.2 /;Nemcija;DEU;osebni avtomobil;159;vecnamensko vozilo;KA 
51;1275;4.9;1;LANCIA;350AXB1A01ML;MUSA / 1.3 / JTD;Italija;ITA;osebni avtomobil;159;vecnamensko vozilo;MUSA 
51;1040;4.9;0;LANCIA;312YXA1AY0B;YPSILON / 1.2;Italija;ITA;osebni avtomobil;163;vecnamensko vozilo;YPSILON 
51;1130;4.9;1;OPEL;AD11-1A07A5EBCB5;AGILA / 1.3 / DT;Nemcija;DEU;osebni avtomobil;153;vecnamensko vozilo;AGILA 
51;1086;4.9;0;OPEL;BABAC12-BX1D3EHLA4;ADAM / 1.2 / 16V;Nemcija;DEU;osebni avtomobil;165;vozilo z dviûnimi vrati zadaj;ADAM 
51;1060;4.9;0;TOYOTA;KSP90L-AHMRKW(1F);YARIS / 1.0 /;Japonska ;JPN;osebni avtomobil;155;vecnamensko vozilo;YARIS 
51;1230;4.9;1;VOLKSWAGEN;ABFBNMX01-FM5FM52T0301N1X0GG;POLO / 1.4 / TDI;Nemcija;DEU;osebni avtomobil;160;vozilo z dviûnimi vrati zadaj;POLO 
51;1162;4.9;1;VOLKSWAGEN;ABSBNM-FM52T0301N114;FOX / 1.4 / TDI;Nemcija;DEU;osebni avtomobil;161;vozilo z dviûnimi vrati zadaj;FOX 
51;1275;5.1;1;FIAT;350AXB1A-01B;IDEA / 1.3 / JTD;Italija;ITA;osebni avtomobil;159;vecnamensko vozilo;IDEA 
51;1175;5.1;1;FIAT;350AXB1A01;IDEA / 1.3 / JTD;Italija;ITA;osebni avtomobil;159;vecnamensko vozilo;IDEA 
51;1105;5.1;0;FIAT;199BXZ1A59;PUNTO / 1.2 /;Italija;ITA;osebni avtomobil;155;vecnamensko vozilo;PUNTO 
51;1100;5.1;1;FIAT;350AXB1A01;IDEA / 1.3;Italija;ITA;osebni avtomobil;159;vecnamensko vozilo;IDEA 
51;1050;5.1;0;FIAT;312AXA1A00BT;500 / 1.2 /;Italija;ITA;osebni avtomobil;160;vozilo z dviûnimi vrati zadaj;500
51;1015;5.1;0;FIAT;312PXA1AP0N;PANDA / 1.2;Italija;ITA;osebni avtomobil;164;vecnamensko vozilo;PANDA 
51;982;5.1;0;FIAT;312AXA1A00G;500 / 1.2 / C;Italija;ITA;osebni avtomobil;160;vozilo z dviûnimi vrati zadaj;500
51;940;5.1;0;FIAT;312AXA1A00;500 / 1.2 /;Italija;ITA;osebni avtomobil;160;vozilo z dviûnimi vrati zadaj;500
51;940;5.1;0;FORD;RU8-AAAA1U4AAAHA;KA / 1.2 /;Nemcija;DEU;osebni avtomobil;159;vecnamensko vozilo;KA 
51;1275;5.1;1;LANCIA;350AXB1A-01CL;MUSA / 1.3 / JTD;Italija;ITA;osebni avtomobil;159;vecnamensko vozilo;MUSA 
51;1040;5.1;0;LANCIA;312YXA1AY0L;YPSILON / 1.2;Italija;ITA;osebni avtomobil;163;vecnamensko vozilo;YPSILON 
51;1325;5.1;1;OPEL;XCF06-Z13DT;COMBO-C / 1.3 / DTI;Nemcija;DEU;osebni avtomobil;150;vecnamensko vozilo;COMBO-C 
51;1075;5.1;0;TOYOTA;KSP90L-CHMGKW(4G);YARIS / 1.0 /;Francija;FRA;osebni avtomobil;155;vecnamensko vozilo;YARIS 
51;1065;5.1;0;TOYOTA;KSP90L-CGMRKW(2F);YARIS / 1.0 /;Francija;FRA;osebni avtomobil;155;vecnamensko vozilo;YARIS 
51;1060;5.1;0;TOYOTA;KSP90L-CHMRKW(2F);YARIS / 1.0 /;Francija;FRA;osebni avtomobil;155;vecnamensko vozilo;YARIS 
51;1165;5.2;1;FIAT;169AXC2A05L;PANDA / 1.3 / MULTIJET 4X4;Italija;ITA;osebni avtomobil;150;vecnamensko vozilo;PANDA 
51;1150;5.2;1;FIAT;169AXC2A05H;PANDA / 1.3 / MULTIJET 4X4;Italija;ITA;osebni avtomobil;150;vecnamensko vozilo;PANDA 
51;1135;5.2;1;FIAT;169AXC2A0FG;PANDA / 1.3 / MULTIJET;Italija;ITA;osebni avtomobil;150;vecnamensko vozilo;PANDA 
51;1105;5.2;0;FIAT;199BXZ1A51C;PUNTO EVO / 1.2 /;Italija;ITA;osebni avtomobil;155;vecnamensko vozilo;PUNTO EVO 
51;1090;5.2;0;FIAT;199AXZ1A50C;PUNTO EVO / 1.2 /;Italija;ITA;osebni avtomobil;155;vecnamensko vozilo;PUNTO EVO 
51;1015;5.2;0;FIAT;312PXA1AP0G;PANDA / 1.2;Italija;ITA;osebni avtomobil;164;vecnamensko vozilo;PANDA 
51;1015;5.2;0;FIAT;312PXA1AP0Y;PANDA / 1.2 /;Italija;ITA;osebni avtomobil;164;karavan;PANDA 
51;1040;5.2;0;LANCIA;312YXA1AY0N;YPSILON / 1.2;Italija;ITA;osebni avtomobil;163;vecnamensko vozilo;YPSILON 
51;1130;5.2;1;OPEL;H00 AD11-1A07A5EBCB5;AGILA / 1.3 / DT;Nemcija;DEU;osebni avtomobil;153;vecnamensko vozilo;AGILA 
51;1130;5.2;1;SUZUKI;MMA43S-MT;WAGON R / 1.25 / TD;Madûarska;HUN;osebni avtomobil;155;karavan;WAGON R 
51;1072;5.2;0;VOLKSWAGEN;ABCGPA-FM5FM52T111LLEVR27MG;POLO / 1.2 /;Nemcija;DEU;osebni avtomobil;165;vozilo z dviûnimi vrati zadaj;POLO 
51;1150;5.3;1;FIAT;169AXC2A05C;PANDA / 1.3 / MULTIJET 4X4;Italija;ITA;osebni avtomobil;150;vozilo z dviûnimi vrati zadaj;PANDA 
51;1105;5.3;0;FIAT;199BXZ1A59C;PUNTO / 1.2 /;Italija;ITA;osebni avtomobil;155;vecnamensko vozilo;PUNTO 
51;1090;5.3;1;FIAT;169 / AXC2A / 05E;PANDA / 1.3 / MULTIJET;Italija;ITA;osebni avtomobil;150;vozilo z dviûnimi vrati zadaj;PANDA 
51;1035;5.3;0;FIAT;312AXA1A00BJ;500 / 1.2 /;Italija;ITA;osebni avtomobil;160;vozilo z dviûnimi vrati zadaj;500
51;940;5.3;0;FIAT;312AXA1A-00C;500 / 1.2;Italija;ITA;osebni avtomobil;160;vozilo z dviûnimi vrati zadaj;500
51;940;5.3;0;FORD;RU8-AAAA1U4AAAHA;KA / 1.2 /;Nemcija;DEU;osebni avtomobil;159;vecnamensko vozilo;KA 
51;1325;5.3;1;OPEL;BE11-1A05LHABC5;COMBO-C / 1.3 / DTI;Nemcija;DEU;osebni avtomobil;150;vecnamensko vozilo;COMBO-C 
51;1250;5.3;1;OPEL;BE11-1A05LHABC5;COMBO-C / 1.3;Nemcija;DEU;osebni avtomobil;150;vecnamensko vozilo;COMBO-C 
51;1141;5.3;0;OPEL;BABDA12-BX1C6EHLJ4;ADAM / 1.2 /;Nemcija;DEU;osebni avtomobil;165;vozilo z dviûnimi vrati zadaj;ADAM 
51;1141;5.3;0;OPEL;BM11-1AABA4D0BDA5;CORSA / 1.2 / 16V;Nemcija;DEU;osebni avtomobil;160;vecnamensko vozilo;CORSA 
51;1310;5.3;1;äKODA;AFBNMX01-NFM5FM52T10215;ROOMSTER / 1.4 / TDI;Ceöka republika;CZE;osebni avtomobil;158;vecnamensko vozilo;ROOMSTER 
51;1208;5.38;0;CHEVROLET;KHAH1-BAA5;AVEO / 1.2 / 16V;Koreja. republika;KOR;osebni avtomobil;162;vozilo z dviûnimi vrati zadaj;AVEO 
51;1105;5.4;0;FIAT;199BXZ1A51G;PUNTO / 1.2 /;Italija;ITA;osebni avtomobil;155;vecnamensko vozilo;PUNTO 
51;1090;5.4;0;FIAT;199AXZ1A58;PUNTO / 1.2 /;Italija;ITA;osebni avtomobil;155;vecnamensko vozilo;PUNTO 
51;1199;5.4;0;OPEL;CABCA12-BX2D6EHTJ5;CORSA / 1.2 /;Nemcija;DEU;osebni avtomobil;162;vozilo z dviûnimi vrati zadaj;CORSA 
51;1120;5.4;0;OPEL;BABCA12-BX2D3EHTJ5;CORSA / 1.2 /;Nemcija;DEU;osebni avtomobil;162;vecnamensko vozilo;CORSA 
51;1049;5.4;0;SEAT;SCCGPAX0-SGNFM52T1117MGGI;IBIZA / 1.2 /;äpanija;ESP;osebni avtomobil;165;vecnamensko vozilo;IBIZA 
51;1049;5.4;0;SEAT;SCCGPAX0-SGNFM52T1117MJGI;IBIZA / 1.2 /;äpanija;ESP;osebni avtomobil;163;vecnamensko vozilo;IBIZA 
51;1085;5.4;0;TOYOTA;KSP90L-CHMGKW(1A);YARIS / 1.0 /;Japonska ;JPN;osebni avtomobil;155;vecnamensko vozilo;YARIS 
51;1075;5.4;0;TOYOTA;KSP90L-CGMGKW(1A);YARIS / 1.0 /;Francija;FRA;osebni avtomobil;155;vecnamensko vozilo;YARIS 
51;1070;5.4;0;TOYOTA;KSP90L-AHMGKW(1A);YARIS / 1.0 /;Japonska ;JPN;osebni avtomobil;155;vecnamensko vozilo;YARIS 
51;1055;5.4;0;TOYOTA;KSP90L-CHMRKW(1B);YARIS / 1.0 /;Francija;FRA;osebni avtomobil;155;vecnamensko vozilo;YARIS 
51;1055;5.4;0;TOYOTA;KSP90L-AHMRKW(1A);YARIS / 1.0 /;Japonska ;JPN;osebni avtomobil;155;vecnamensko vozilo;YARIS 
51;1015;5.4;0;TOYOTA;KSP90L-CGMRKW;YARIS VAN 1.0 /;Francija;FRA;osebni avtomobil;155;vozilo z dviûnimi vrati zadaj;YARIS VAN 1.0 
51;1385;5.5;1;FIAT;223AXG1A05;DOBLO / 1.3 / MULTIJET;Italija;ITA;osebni avtomobil;145;vecnamensko vozilo;DOBLO 
51;1075;5.5;0;FIAT;312PXA1APOAL;PANDA / 1.2 / 4X4 CROSS;Italija;ITA;osebni avtomobil;155;vecnamensko vozilo;PANDA 
51;980;5.5;0;FIAT;312AXA1A-00;500 / 1.2;Italija;ITA;osebni avtomobil;182;vozilo z dviûnimi vrati zadaj;500
51;1163;5.5;0;OPEL;KM11-1A06D5B2DKA5;CORSA / 1.2 / 16V;Nemcija;DEU;osebni avtomobil;160;vecnamensko vozilo;CORSA 
51;1115;5.5;0;äKODA;ACCGPAX01-NFM5FM52T11114N0;FABIA / COMBI 1.2 /;Ceöka republika;CZE;osebni avtomobil;164;karavan;FABIA 
51;1095;5.5;0;äKODA;ABCGPAX01-NFM5FM52T11114N;FABIA / 1.2 /;Ceöka republika;CZE;osebni avtomobil;163;vozilo z dviûnimi vrati zadaj;FABIA 
51;1067;5.5;0;VOLKSWAGEN;ABCGPA-FM5FM52T111LLNVR07MG;POLO / 1.2 /;Nemcija;DEU;osebni avtomobil;165;vozilo z dviûnimi vrati zadaj;POLO 
51;1050;5.6;0;FIAT;312AXA1AE00CD2;500 / 1.2 /;Italija;ITA;osebni avtomobil;160;vozilo z dviûnimi vrati zadaj;500
51;1055;5.7;0;FIAT;312PXA1AEP0BK2;PANDA / 1.2 /;Italija;ITA;osebni avtomobil;164;vecnamensko vozilo;PANDA 
51;1050;5.7;0;FIAT;312AXA1AE00CD2;500 / 1.2 /;Italija;ITA;osebni avtomobil;160;vozilo z dviûnimi vrati zadaj;500
51;1163;5.7;0;OPEL;CA021CA12-BA1SAAEHN25;CORSA / 1.2 /;Nemcija;DEU;osebni avtomobil;162;vozilo z dviûnimi vrati zadaj;CORSA 
51;1086;5.7;0;OPEL;BA022CA12-BA2MABEH224;ADAM / 1.2 /;Nemcija;DEU;osebni avtomobil;165;vozilo z dviûnimi vrati zadaj;ADAM 
51;1084;5.7;1;PEUGEOT;2AWJYF;206 / 1.9 / D;Francija;FRA;osebni avtomobil;161;vozilo z dviûnimi vrati zadaj;206
51;1155;5.8;0;ALFA ROMEO;955AXV1A16C;MITO / 1.4 / 8V;Italija;ITA;osebni avtomobil;160;vecnamensko vozilo;MITO 
51;1209;5.8;0;CHEVROLET;KHAH1-BAA5;AVEO / 1.2 / 16V;Koreja. republika;KOR;osebni avtomobil;162;vozilo z dviûnimi vrati zadaj;AVEO 
51;1055;5.8;0;FIAT;312PXA1AP0BK;PANDA / 1.2 /;Italija;ITA;osebni avtomobil;164;vecnamensko vozilo;PANDA 
51;1091;5.8;0;VOLKSWAGEN;ABSBZGX01-FM5FM52T0901N10GG;POLO / 1.2 /;Nemcija;DEU;osebni avtomobil;167;vozilo z dviûnimi vrati zadaj;POLO 
51;1224;5.9;0;CHEVROLET;KNAH1-MAA5;AVEO / 1.2 / 16V;Koreja. republika;KOR;osebni avtomobil;162;limuzina;AVEO 
51;1223;5.9;0;CHEVROLET;KNAH1-JAA5;AVEO / 1.2 / 16V;Koreja. republika;KOR;osebni avtomobil;162;limuzina;AVEO 
51;1209;5.9;0;CHEVROLET;KHAH1-CAA5;AVEO / 1.2 / 16V;Koreja. republika;KOR;osebni avtomobil;162;vozilo z dviûnimi vrati zadaj;AVEO 
51;1208;5.9;0;CHEVROLET;KHAH1-BAA5;AVEO / 1.2 / 16V;Koreja. republika;KOR;osebni avtomobil;162;vozilo z dviûnimi vrati zadaj;AVEO 
51;1050;5.9;0;FIAT;312AXA1A00CA;500 / 1.2 /;Italija;ITA;osebni avtomobil;160;vozilo z dviûnimi vrati zadaj;500
51;962;5.9;0;FORD;RBT-A9A;KA / 1.3 /;Nemcija;DEU;osebni avtomobil;167;vozilo z dviûnimi vrati zadaj;KA 
51;1151;5.9;0;SEAT;SCBXVX01-SGFM52T090K40GG;IBIZA / 1.2 /;äpanija;ESP;osebni avtomobil;170;vozilo z dviûnimi vrati zadaj;IBIZA 
51;1127;5.9;0;SEAT;SCNBXVX01-SGFM52T09040GG;IBIZA / 1.2 /;äpanija;ESP;osebni avtomobil;170;vozilo z dviûnimi vrati zadaj;IBIZA 
51;1115;5.9;0;SEAT;BBBXVX01-FM50GG;IBIZA VAN / 1.2 /;äpanija;ESP;osebni avtomobil;170;vozilo z dviûnimi vrati zadaj;IBIZA VAN 
51;1102;5.9;0;SEAT;SCNBXVX01-SGFM52T09020GG;IBIZA / 1.2 /;äpanija;ESP;osebni avtomobil;170;vozilo z dviûnimi vrati zadaj;IBIZA 
51;1074;5.9;0;SEAT;SCNCGPAX0-SGFM52T09040GGGI;IBIZA / 1.2 /;äpanija;ESP;osebni avtomobil;165;vecnamensko vozilo;IBIZA 
51;1074;5.9;0;SEAT;SCBZGX0-SGFM52T09040GG;IBIZA / 1.2 /;äpanija;ESP;osebni avtomobil;163;vecnamensko vozilo;IBIZA 
51;1049;5.9;0;SEAT;SCCGPAX0-SGNFM52T0900GGGI;IBIZA / 1.2 /;äpanija;ESP;osebni avtomobil;165;vecnamensko vozilo;IBIZA 
51;1145;5.9;0;äKODA;ACBZGX01-NFM5FM52T09014;FABIA / COMBI 1.2 /;Ceöka republika;CZE;osebni avtomobil;164;karavan;FABIA 
51;1130;5.9;0;äKODA;ACCGPAX01-NFM5FM52T09014;FABIA / COMBI 1.2 /;Ceöka republika;CZE;osebni avtomobil;164;karavan;FABIA 
51;1125;5.9;0;äKODA;ABBZGX01-NFM5FM52T09014;FABIA / 1.2 /;Ceöka republika;CZE;osebni avtomobil;163;vozilo z dviûnimi vrati zadaj;FABIA 
51;1110;5.9;0;äKODA;ABCGPAX01-NFM5FM52T09014;FABIA / 1.2 /;Ceöka republika;CZE;osebni avtomobil;163;vozilo z dviûnimi vrati zadaj;FABIA 
51;1050;6.1;0;FIAT;312AXA1A00BS;500 / 1.2 /;Italija;ITA;osebni avtomobil;160;vozilo z dviûnimi vrati zadaj;500
51;1123;6.1;0;FORD;JH1-A9JA;FIESTA / 1.3 /;Nemcija;DEU;osebni avtomobil;161;vozilo z dviûnimi vrati zadaj;FIESTA 
51;1117;6.1;0;FORD;JD3-A9JB;FIESTA / 1.3 /;Nemcija;DEU;osebni avtomobil;160;vozilo z dviûnimi vrati zadaj;FIESTA 
51;1050;6.2;0;FIAT;312AXA1103AV;500 / 1.2 / CA;Italija;ITA;osebni avtomobil;160;vozilo z dviûnimi vrati zadaj;500
51;1035;6.2;0;FIAT;312AXA1A00BJ;500 / 1.2 /;Italija;ITA;osebni avtomobil;160;vozilo z dviûnimi vrati zadaj;500
51;1540;6.2;0;FORD;JH1-A9JB;FIESTA / 1.3;Nemcija;DEU;osebni avtomobil;161;vozilo z dviûnimi vrati zadaj;FIESTA 
51;1117;6.2;0;FORD;JD3-A9JB;FIESTA / 1.3;Nemcija;DEU;osebni avtomobil;160;vozilo z dviûnimi vrati zadaj;FIESTA 
51;1107;6.2;0;FORD;JH1A9JA1-5BDAKC;FIESTA / 1.3 /;Nemcija;DEU;osebni avtomobil;161;vozilo z dviûnimi vrati zadaj;FIESTA 
51;1042;6.2;0;FORD;JD3-A9JB;FORD / FIESTA / 1.3 /;Nemcija;DEU;osebni avtomobil;160;vozilo z dviûnimi vrati zadaj;FORD 
51;1037;6.2;0;FORD;JH1-A9JB;FORD / FIESTA / 1.3 /;Nemcija;DEU;osebni avtomobil;161;vozilo z dviûnimi vrati zadaj;FORD 
51;1032;6.2;0;FORD;JH1-A9JB;FIESTA / 1.3 /;Nemcija;DEU;osebni avtomobil;161;vozilo z dviûnimi vrati zadaj;FIESTA 
51;1200;6.2;0;äKODA;AFCGPAX01-NFM5FM52T11714N;ROOMSTER / 1.2 /;Ceöka republika;CZE;osebni avtomobil;159;vecnamensko vozilo;ROOMSTER 
51;1044;6.2;0;äKODA;5J;FABIA /  1.2 /;Ceöka republika;CZE;osebni avtomobil;163;vozilo z dviûnimi vrati zadaj;FABIA 
51;1050;6.3;0;FIAT;312AXA1A00BZ;500 / 1.2 / SPORT;Italija;ITA;osebni avtomobil;160;vozilo z dviûnimi vrati zadaj;500
51;1035;6.3;0;FIAT;312AXA1A00BN;500 / 1.2 / SPORT;Italija;ITA;osebni avtomobil;160;vozilo z dviûnimi vrati zadaj;500
51;962;6.3;0;FORD;RBT-A9A;KA / 1.3 /;Nemcija;DEU;osebni avtomobil;167;vozilo z dviûnimi vrati zadaj;KA 
51;1055;6.4;0;FIAT;312PXA1AP0AP;PANDA / 1.2 /;Italija;ITA;osebni avtomobil;164;vecnamensko vozilo;PANDA 
51;1050;6.4;0;FIAT;312AXA1103AJ;500 / 1.2 / CA;Italija;ITA;osebni avtomobil;160;vozilo z dviûnimi vrati zadaj;500
51;1086;6.4;0;OPEL;BA022CA12-BA2MABEH224;ADAM / 1.2 /;Nemcija;DEU;osebni avtomobil;165;vozilo z dviûnimi vrati zadaj;ADAM 
51;1602;6.4;1;VOLKSWAGEN;ACBDJX01-FM5AH003OK0J20GZ;CADDY LIFE / 2.0;Nemcija;DEU;osebni avtomobil;142;limuzina;CADDY LIFE 
51;1595;6.4;1;VOLKSWAGEN;ACBDJX01-FM5AH003OK0J20GZ;CADDY / 2.0;Nemcija;DEU;osebni avtomobil;142;karavan;CADDY 
51;1584;6.4;1;VOLKSWAGEN;ACBDJX01-FM5AH003OB0J20GZ;CADDY / 2.0 / SDI;Nemcija;DEU;osebni avtomobil;142;karavan;CADDY 
51;1582;6.4;1;VOLKSWAGEN;ACBDJX01-FM5AH003OK0J20GZ;CADDY LIFE / 2.0 / SDI;Nemcija;DEU;osebni avtomobil;142;karavan;CADDY LIFE 
51;1538;6.4;1;VOLKSWAGEN;2K ACBDJX01-FM5AH003OK0J2;CADDY LIFE / 2.0;Nemcija;DEU;osebni avtomobil;142;limuzina;CADDY LIFE 
51;1522;6.4;1;VOLKSWAGEN;2K ACBDJX01-FM5AH003OK0J20GZ;CADDY LIFE / 2.0;Nemcija;DEU;osebni avtomobil;142;limuzina;CADDY LIFE 
51;1513;6.4;1;VOLKSWAGEN;2K ACBDJX01-FM5AH003OB0J20GZ;VOLKSWAGEN / CADDY / 2.0 / SDI;Nemcija;DEU;osebni avtomobil;142;limuzina;VOLKSWAGEN 
51;1506;6.4;1;VOLKSWAGEN;2K ACBDJX01-FM5AH003OB;CADDY / 2.0;Nemcija;DEU;osebni avtomobil;142;karavan;CADDY 
51;1493;6.4;1;VOLKSWAGEN;ACBDJX01-FM5AH003OB;CADDY / 2.0 / SDI;Nemcija;DEU;osebni avtomobil;142;karavan;CADDY 
51;1055;6.5;0;FIAT;312PXA1AP0BB;PANDA / 1.2 /;Italija;ITA;osebni avtomobil;164;vecnamensko vozilo;PANDA 
51;1050;6.5;0;FIAT;312AXA1103AJ;500 / 1.2 / CA;Italija;ITA;osebni avtomobil;160;vozilo z dviûnimi vrati zadaj;500
51;1473;6.5;1;VOLKSWAGEN;2K-BDJ;CADDY / 2.0 / SDI;Nemcija;DEU;osebni avtomobil;206;vecnamensko vozilo;CADDY 
51;1267;6.6;1;CITROEN;GJW-JYB;BERLINGO / 1.9 / D;Francija;FRA;osebni avtomobil;160;vozilo z dviûnimi vrati zadaj;BERLINGO 
51;1075;6.6;0;FIAT;312PXA1AP0BN;PANDA / 1.2 / CROSS;Italija;ITA;osebni avtomobil;155;vecnamensko vozilo;PANDA 
51;1163;6.6;0;OPEL;CA021CA12-BA1SAAEHN25;CORSA / 1.2 /;Nemcija;DEU;osebni avtomobil;162;vozilo z dviûnimi vrati zadaj;CORSA 
51;1210;6.6;0;äKODA;AFCGPAX01-NFM5FM52T10114;ROOMSTER / 1.2 /;Ceöka republika;CZE;osebni avtomobil;158;vecnamensko vozilo;ROOMSTER 
51;1285;6.6;1;TOYOTA;WZE110L-DLMDSW(26);COROLLA / 1.9 / D;Zdruûeno kraljestvo;GBR;osebni avtomobil;165;vozilo z dviûnimi vrati zadaj;COROLLA 
51;1210;6.6;1;TOYOTA;E11U;COROLLA / 1.9 / D;Zdruûeno kraljestvo;GBR;osebni avtomobil;165;vozilo z dviûnimi vrati zadaj;COROLLA 
51;1075;6.7;0;FIAT;312PXA1AP0BM;PANDA / 1.2 / CROSS;Italija;ITA;osebni avtomobil;155;vecnamensko vozilo;PANDA 
51;1035;6.7;0;FIAT;312AXA1A00BJ;500 / 1.2 /;Italija;ITA;osebni avtomobil;160;vozilo z dviûnimi vrati zadaj;500
51;1163;6.7;0;OPEL;CA021CA12-BA1SAAEHN25;CORSA / 1.2 /;Nemcija;DEU;osebni avtomobil;162;vozilo z dviûnimi vrati zadaj;CORSA 
51;1225;6.7;0;äKODA;AFBZGX01-NFM5FM52T10114;ROOMSTER / 1.2 /;Ceöka republika;CZE;osebni avtomobil;158;vecnamensko vozilo;ROOMSTER 
51;1035;6.8;0;FIAT;312AXA1A00BJ;500 / 1.2 /;Italija;ITA;osebni avtomobil;160;vozilo z dviûnimi vrati zadaj;500
51;1370;6.9;1;CITROEN;GJWJYB/ES;BERLINGO / 1.9 / D;Francija;FRA;osebni avtomobil;142;vecnamensko vozilo;BERLINGO 
51;1342;6.9;1;CITROEN;GJWJYB;BERLINGO / 1.9 / D;Francija;FRA;osebni avtomobil;142;vecnamensko vozilo;BERLINGO 
51;1055;6.9;0;FIAT;312AXA1A00BK;500 / 1.2 / C;Italija;ITA;osebni avtomobil;160;vozilo z dviûnimi vrati zadaj;500
51;887;6.9;0;FORD;RBT-J4D1;KA / 1.3;Nemcija;DEU;osebni avtomobil;155;vozilo z dviûnimi vrati zadaj;KA 
51;1342;6.9;1;PEUGEOT;GJWJYB;PARTNER / 1.9 / HDI;Francija;FRA;osebni avtomobil;142;vecnamensko vozilo;PARTNER 
51;1266;6.9;1;PEUGEOT;5FWJYF/A;PARTNER / MULTISPACE 1.9 / D;Francija;FRA;osebni avtomobil;140;karavan;PARTNER 
51;1220;6.9;1;PEUGEOT;GJWJYB;PARTNER / 1.9 / D;Francija;FRA;osebni avtomobil;142;vecnamensko vozilo;PARTNER 
51;975;8.3;0;SUZUKI;S-J;SAMURAI / 1.3;äpanija;ESP;osebni avtomobil;130;vecnamensko vozilo;SAMURAI 
51;1050;8.5;0;SUZUKI;SJS00V-MAMN;SAMURAI / 1.3 /;äpanija;ESP;osebni avtomobil;130;vecnamensko vozilo;SAMURAI 
51;1005;8.5;0;SUZUKI;SJ800A;SAMURAI / 1.3 /;Japonska ;JPN;osebni avtomobil;130;vecnamensko vozilo;SAMURAI 
51;960;8.5;0;SUZUKI;SJ80V;SAMURAI / VX;Japonska ;JPN;osebni avtomobil;130;limuzina;SAMURAI 
51.5;1170;4.1;1;FORD;JR8-KVJA1R2AEABC;FIESTA VAN 1.4 / TDCI;Nemcija;DEU;osebni avtomobil;162;vecnamensko vozilo;FIESTA VAN 1.4 
51.5;1105;4.1;1;FORD;JA8-KVJA1J5AEABH;FIESTA / 1.4 / TDCI 5 vr;Nemcija;DEU;osebni avtomobil;162;vozilo z dviûnimi vrati zadaj;FIESTA 
51.5;1086;4.1;1;FORD;JA8-KVJA1G5AEABG;FIESTA / 1.4 / TDCI 3 VR;Nemcija;DEU;osebni avtomobil;162;vozilo z dviûnimi vrati zadaj;FIESTA 
51.5;1055;5.1;0;FIAT;312AYD1BE25CM;500 / 1.0 / HYBRID;Italija;ITA;osebni avtomobil;167;vozilo z dviûnimi vrati zadaj;500
51.5;1045;5.1;0;FIAT;312PYD1BEP18UM;PANDA / 1.0 / HYBRID EASY;Italija;ITA;osebni avtomobil;164;vozilo z dviûnimi vrati zadaj;PANDA 
51.5;1055;5.3;0;FIAT;312AYD1BE25BM;500 / 1.0 /;Italija;ITA;osebni avtomobil;167;vozilo z dviûnimi vrati zadaj;500
51.5;1055;5.4;0;FIAT;312AYD1BE25BM;500 / 1.0 /;Italija;ITA;osebni avtomobil;167;vozilo z dviûnimi vrati zadaj;500
51.5;1055;5.6;0;FIAT;312PYD1BEP18FM;PANDA / 1.0 / HYBRID SPORT;Italija;ITA;osebni avtomobil;164;vozilo z dviûnimi vrati zadaj;PANDA 
51.5;1152;6.1;0;FORD;JHH-XPJD1JX-5APPZNAB9AM;FIESTA / 1.1 / 51.5 5 vr;Nemcija;DEU;osebni avtomobil;160;vozilo z dviûnimi vrati zadaj;FIESTA 
52;1105;4.1;1;FORD;JA8-KVJA1J5AEABH;FIESTA / 1.4 / TDCI 5 vr;Nemcija;DEU;osebni avtomobil;162;vozilo z dviûnimi vrati zadaj;FIESTA 
52;1086;4.1;1;FORD;JA8-KVJA1G5AEABG;FIESTA / 1.4 / TDCI 3 vr;Nemcija;DEU;osebni avtomobil;162;vozilo z dviûnimi vrati zadaj;FIESTA 
52;935;4.1;0;SMART;5311G0-KZBAA202;FORTWO / COUPE / AUT.;Nemcija;DEU;osebni avtomobil;151;kupe;FORTWO 
52;935;4.1;0;SMART;5311G0-KZBAA202;SMART FORTWO / COUPE / AUT.;Nemcija;DEU;osebni avtomobil;151;kupe;SMART FORTWO 
52;890;4.1;0;SMART;5311G0-DZBAA202;FORTWO / COUPE /;Nemcija;DEU;osebni avtomobil;151;kupe;FORTWO 
52;890;4.1;0;SMART;5311G0-DZBAA210;SMART FORTWO / COUPE /;Nemcija;DEU;osebni avtomobil;151;kupe;SMART FORTWO 
52;880;4.1;0;SMART;5311G0-DZAAA200;SMART FORTWO / COUPE /;Nemcija;DEU;osebni avtomobil;151;kupe;SMART FORTWO 
52;920;4.2;0;MITSUBISHI;A0511-AAAAA5A5AAAA;SPACE STAR / 1.0 /;Tajska;THA;osebni avtomobil;172;vozilo z dviûnimi vrati zadaj;SPACE STAR 
52;1025;4.2;0;RENAULT;AHB115;TWINGO / 1.0 /;Francija;FRA;osebni avtomobil;151;vozilo z dviûnimi vrati zadaj;TWINGO 
52;1005;4.2;0;SMART;5211G0-KZBAA442;FORFOUR / AUT. /;Nemcija;DEU;osebni avtomobil;151;limuzina;FORFOUR 
52;1005;4.2;0;SMART;5211G0-KZBAA402;SMART FORFOUR / AUT.;Nemcija;DEU;osebni avtomobil;151;kupe;SMART FORFOUR 
52;975;4.2;0;SMART;5211G0-AZBAA410;SMART FORFOUR / /;Nemcija;DEU;osebni avtomobil;151;limuzina;SMART FORFOUR 
52;975;4.2;0;SMART;5211G0-AZAAA400;smart forfour;Nemcija;DEU;osebni avtomobil;151;limuzina;smart forfour
52;975;4.2;0;SMART;5211G0-AZBAA400;SMART FORFOUR /;Nemcija;DEU;osebni avtomobil;151;kupe;SMART FORFOUR 
52;975;4.2;0;SMART;5211G0-AZBAA402;FORFOUR /;Nemcija;DEU;osebni avtomobil;151;limuzina;FORFOUR 
52;825;4.2;0;SMART;43RAF0-JZAAA200;FORTWO / COUPE / MHD;Nemcija;DEU;osebni avtomobil;145;kupe;FORTWO 
52;975;4.3;0;SMART;5411G0-KZBAA202;FORTWO / CABRIO / AUT.;Nemcija;DEU;osebni avtomobil;151;kabriolet;FORTWO 
52;825;4.3;0;SMART;43RAC0-JZAAA200;FORTWO / COUPE / MHD;Nemcija;DEU;osebni avtomobil;145;kupe;FORTWO 
52;825;4.3;0;SMART;43RAF0-QZAAA200;FORTWO / COUPE / MHD;Francija;FRA;osebni avtomobil;145;kupe;FORTWO 
52;855;4.4;0;SMART;44RAF0-QZABA200;FORTWO / CABRIO / MHD;Nemcija;DEU;osebni avtomobil;145;kabriolet;FORTWO 
52;825;4.4;0;SMART;43RAC0-QZAAA200;FORTWO / COUPE / MHD;Nemcija;DEU;osebni avtomobil;145;kupe;FORTWO 
52;939;4.5;0;RENAULT;AHB005;TWINGO / 1.0 /;Francija;FRA;osebni avtomobil;151;vozilo z dviûnimi vrati zadaj;TWINGO 
52;855;4.5;0;SMART;44RAC0-QZAAA200;FORTWO / CABRIO / MHD;Nemcija;DEU;osebni avtomobil;145;kabriolet;FORTWO 
52;825;4.5;0;SMART;43RAF0-QZAAA200;FORTWO / COUPE / MHD;Nemcija;DEU;osebni avtomobil;145;kupe;FORTWO 
52;1117;4.6;0;NISSAN;K14CC01;MICRA / 1.0 /;Francija;FRA;osebni avtomobil;158;vecnamensko vozilo;MICRA 
52;855;4.6;0;SMART;44RAF0-QZABA200;FORTWO / CABRIO / MHD;Nemcija;DEU;osebni avtomobil;145;kabriolet;FORTWO 
52;1130;4.7;0;FORD;JHH-XPJB1JX-5AEPZN00KAM;FIESTA / 1.1 / 52 5 vr;Nemcija;DEU;osebni avtomobil;160;vozilo z dviûnimi vrati zadaj;FIESTA 
52;939;4.7;0;RENAULT;AHB105;TWINGO / 1.0 /;Francija;FRA;osebni avtomobil;151;vozilo z dviûnimi vrati zadaj;TWINGO 
52;825;4.7;0;SMART;4335C0-HZAAA200;FORTWO / COUPE /;Nemcija;DEU;osebni avtomobil;145;kupe;FORTWO 
52;935;4.8;0;SMART;5311H0-KZBAA20D;FORTWO / COUPE /;Nemcija;DEU;osebni avtomobil;151;kupe;FORTWO 
52;865;4.9;0;SMART;4435C0-HZAAA200;FORTWO / CABRIO /;Nemcija;DEU;osebni avtomobil;145;kabriolet;FORTWO 
52;855;4.9;0;SMART;4435C0-JZAAA200;FORTWO / CABRIO /;Nemcija;DEU;osebni avtomobil;145;kabriolet;FORTWO 
52;945;5.1;0;MITSUBISHI;A0611-ABAAA5A5AAAA;Space Star / 1.0 /;Japonska ;JPN;osebni avtomobil;172;vozilo z dviûnimi vrati zadaj;Space Star 
52;935;5.2;0;MITSUBISHI;A0511-AAAAA5A5AAAA;Space Star / 1.0 /;Japonska ;JPN;osebni avtomobil;172;vozilo z dviûnimi vrati zadaj;Space Star 
52;1013;5.5;0;RENAULT;AH0BE2M7DSA0200000;TWINGO / 1.0 /;Francija;FRA;osebni avtomobil;151;vozilo z dviûnimi vrati zadaj;TWINGO 
52;970;5.8;0;RENAULT;AH0BE2M7LSA0100000;TWINGO / 1.0 /;Francija;FRA;osebni avtomobil;151;vozilo z dviûnimi vrati zadaj;TWINGO 
52;1014;5.9;0;RENAULT;AH0BE2M7DSA0200000;TWINGO / 1.0 /;Francija;FRA;osebni avtomobil;151;vozilo z dviûnimi vrati zadaj;TWINGO 
52;1110;6.1;0;NISSAN;K14CC03;MICRA / 1.0 /;Francija;FRA;osebni avtomobil;158;vozilo z dviûnimi vrati zadaj;MICRA 
52;1005;6.1;0;SMART;5211H0-KZBAA40F;FORFOUR //;Nemcija;DEU;osebni avtomobil;151;limuzina;FORFOUR 
52;970;6.2;0;RENAULT;AH0BE2M7DSA0200000;TWINGO / 1.0 /;Francija;FRA;osebni avtomobil;151;vozilo z dviûnimi vrati zadaj;TWINGO 
53;1445;10.4;1;MERCEDES BENZ;124;260 / E;Nemcija;DEU;osebni avtomobil;215;limuzina;260
53;952;4.1;0;TOYOTA;AB1/KGB40(H)/KGB40L-AHMGKW(1Q);AYGO / 1.0 /;Ceöka republika;CZE;osebni avtomobil;160;vozilo z dviûnimi vrati zadaj;AYGO 
53;1069;4.6;0;TOYOTA;XP13M(a)/KSP13(MH)/KSP130L-CHMRKW(1M);YARIS / 1.0 /;Francija;FRA;osebni avtomobil;155;vecnamensko vozilo;YARIS 
53;1060;4.6;0;TOYOTA;XP13M(a)/KSP13(MH)/KSP130L-CHMNKW(1N);YARIS / 1.0 /;Francija;FRA;osebni avtomobil;155;vecnamensko vozilo;YARIS 
53;1080;4.7;0;TOYOTA;XP13M(a)/KSP13(MH)/KSP130L-CHMNKW(1M);YARIS / 1.0 /;Francija;FRA;osebni avtomobil;155;vecnamensko vozilo;YARIS 
53;1055;5.2;0;CITROEN;DDHMY0/1;C-ELYSEE / 1.2 /;Francija;FRA;osebni avtomobil;160;limuzina;C-ELYSEE 
53;957;5.2;0;TOYOTA;AB1/KGB40(H)/KGB40L-AHGGKW(3Q);AYGO / 1.0 / AUT.;Ceöka republika;CZE;osebni avtomobil;160;vozilo z dviûnimi vrati zadaj;AYGO 
53;955;5.2;0;TOYOTA;AB1/KGB40(H)/KGB40L-AHGGKW(3V);AYGO / 1.0 / AUT.;Ceöka republika;CZE;osebni avtomobil;160;vozilo z dviûnimi vrati zadaj;AYGO 
53;1055;5.3;0;CITROEN;DDHMY0;C-ELYSEE / 1.2 /;Francija;FRA;osebni avtomobil;160;limuzina;C-ELYSEE 
53;1055;5.3;0;PEUGEOT;DDHMY0;301 / 1.2 /;Francija;FRA;osebni avtomobil;160;limuzina;301
53;1163;5.4;0;RENAULT;RJABE2M55TABCA5000;CLIO / 1.0 /;Francija;FRA;osebni avtomobil;162;vozilo z dviûnimi vrati zadaj;CLIO 
53;1162;5.4;0;RENAULT;RJABE2M55TA0CA5000;CLIO / 1.0 /;Francija;FRA;osebni avtomobil;171;vozilo z dviûnimi vrati zadaj;CLIO 
53;1162;5.4;0;RENAULT;RJABE2M55TA0CA5000;CLIO / 1.0 /;Francija;FRA;osebni avtomobil;162;vozilo z dviûnimi vrati zadaj;CLIO 
53;1147;5.4;0;RENAULT;RJABE2M55TA2CA5000;CLIO / 1.0 /;Francija;FRA;osebni avtomobil;162;vozilo z dviûnimi vrati zadaj;CLIO 
53;1176;5.5;0;RENAULT;RJABE2M55TA0CA5000;CLIO / 1.0 /;Francija;FRA;osebni avtomobil;171;vozilo z dviûnimi vrati zadaj;CLIO 
53;1176;5.5;0;RENAULT;RJABE2M55TA0CA5000;CLIO / 1.0 /;Francija;FRA;osebni avtomobil;162;vozilo z dviûnimi vrati zadaj;CLIO 
53;1175;5.5;0;RENAULT;RJABE2M55TA9CA5000;CLIO / 1.0 /;Francija;FRA;osebni avtomobil;162;vozilo z dviûnimi vrati zadaj;CLIO 
53;1070;5.6;0;TOYOTA;XPA1F(EU.M)/KSP211(H)/KSP211L-BHMNKW(5B);YARIS / 1.0 /;Francija;FRA;osebni avtomobil;160;vozilo z dviûnimi vrati zadaj;YARIS 
53;1083;5.8;0;TOYOTA;XP13M(a)/KSP13(MH)/KSP130L-CHMNKW(1Q);YARIS / 1.0 /;Francija;FRA;osebni avtomobil;155;vecnamensko vozilo;YARIS 
53;1072;5.8;0;TOYOTA;XP13M(a)/KSP13(MH)/KSP130L-CHMRKW(1R);YARIS / 1.0 /;Francija;FRA;osebni avtomobil;155;vecnamensko vozilo;YARIS 
53;1295;6.3;1;TOYOTA;CE110L-ALMNEW(11);COROLLA / 2.0 / D;Japonska ;JPN;osebni avtomobil;165;vozilo z dviûnimi vrati zadaj;COROLLA 
53;1160;6.4;0;CHEVROLET;SN2-452;AVEO / 1.2 /;Koreja. republika;KOR;osebni avtomobil;157;limuzina;AVEO 
53;1120;6.4;0;CHEVROLET;SH2-352;AVEO / 1.2 /;Koreja. republika;KOR;osebni avtomobil;157;vozilo z dviûnimi vrati zadaj;AVEO 
53;1104;6.4;0;CHEVROLET;SN2-152;AVEO / 1.2 /;Koreja. republika;KOR;osebni avtomobil;157;limuzina;AVEO 
53;1093;6.4;0;CHEVROLET;SH2-352;KALOS / 1.2;Koreja. republika;KOR;osebni avtomobil;157;vozilo z dviûnimi vrati zadaj;KALOS 
53;1090;6.4;0;CHEVROLET;SH2-252;KALOS / 1.2;Koreja. republika;KOR;osebni avtomobil;157;vozilo z dviûnimi vrati zadaj;KALOS 
53;1065;6.4;0;CHEVROLET;SH2-252;AVEO / 1.2 /;Koreja. republika;KOR;osebni avtomobil;157;vozilo z dviûnimi vrati zadaj;AVEO 
53;930;6.4;0;TOYOTA;AB1/KGB40(H)/KGB40L-AHMGKW(1Q);AYGO / 1.0 /;Ceöka republika;CZE;osebni avtomobil;160;vozilo z dviûnimi vrati zadaj;AYGO 
53;1110;6.5;1;MERCEDES BENZ;201;190 / D;Nemcija;DEU;osebni avtomobil;160;limuzina;190
53;1120;6.6;0;CHEVROLET;SH2-222;KALOS / 1.2 /;Koreja. republika;KOR;osebni avtomobil;157;vozilo z dviûnimi vrati zadaj;KALOS 
53;1100;6.6;0;CHEVROLET;SH2-222;KALOS / 1.2;Koreja. republika;KOR;osebni avtomobil;157;vozilo z dviûnimi vrati zadaj;KALOS 
53;1090;6.6;0;CHEVROLET;SH2-222;CHEVROLET/KALOS/1.2;Koreja. republika;KOR;osebni avtomobil;157;vozilo z dviûnimi vrati zadaj;CHEVROLET
53;1076;6.6;0;CHEVROLET;SH2-322;KALOS / 1.2 /;Koreja. republika;KOR;osebni avtomobil;157;vozilo z dviûnimi vrati zadaj;KALOS 
53;1065;6.6;0;CHEVROLET;SH2-352;AVEO / 1.2 /;Koreja. republika;KOR;osebni avtomobil;157;vozilo z dviûnimi vrati zadaj;AVEO 
53;1140;6.6;1;MERCEDES BENZ;201;190 / D;Nemcija;DEU;osebni avtomobil;160;limuzina;190
53;1215;6.9;1;MERCEDES BENZ;201.122;190 / D /;Nemcija;DEU;osebni avtomobil;160;limuzina;190
53;1200;6.9;1;MERCEDES BENZ;201.122;190 / D / 2.0;Nemcija;DEU;osebni avtomobil;160;limuzina;190
53;1180;6.9;1;MERCEDES BENZ;201.122;190 D / 2.0;Nemcija;DEU;osebni avtomobil;160;limuzina;190 D 
53;1150;6.9;1;MERCEDES BENZ;201;190 / D;Nemcija;DEU;osebni avtomobil;160;limuzina;190
53;1100;6.9;1;MERCEDES BENZ;-;190 D ;Nemcija;DEU;osebni avtomobil;160;limuzina;190 D 
53;1150;7.2;1;MERCEDES BENZ;201;190 / D;Nemcija;DEU;osebni avtomobil;160;limuzina;190
53;1045;7.6;0;CHEVROLET;SH2-222;CHEVROLET /  KALOS / 1.2 / HB;Koreja. republika;KOR;osebni avtomobil;157;vozilo z dviûnimi vrati zadaj;CHEVROLET 
53;1045;7.6;0;CHEVROLET;SH2-222;KALOS / 1.2;Koreja. republika;KOR;osebni avtomobil;157;vozilo z dviûnimi vrati zadaj;KALOS 
53;977;8.6;0;VOLVO;345520;340 / 1.4 / DL AUT.;ävedska;SWE;osebni avtomobil;145;vozilo z dviûnimi vrati zadaj;340
53;1395;8.8;1;MERCEDES BENZ;123-D;240 / D;Nemcija;DEU;osebni avtomobil;143;limuzina;240
54;1175;3.3;0;TOYOTA;XP13M(a)/NHP13(MH)/NHP130L-CHXNBW(1K);YARIS / 1.5 / HIBRID CVT;Francija;FRA;osebni avtomobil;165;vecnamensko vozilo;YARIS 
54;1165;3.3;0;TOYOTA;XP13M(a)/NHP13(MH)/NHP130L-CHXNBW(1L);YARIS / 1.5 / HIBRID CVT;Francija;FRA;osebni avtomobil;165;vecnamensko vozilo;YARIS 
54;1160;3.3;0;TOYOTA;XP13M(a)/NHP13(MH)/NHP130L-CHXNBW(1J);YARIS / 1.5 / HIBRID CVT;Francija;FRA;osebni avtomobil;165;vecnamensko vozilo;YARIS 
54;1195;3.6;0;TOYOTA;XP13M(a)/NHP13(MH)/NHP130L-CHXGBW(2L);YARIS / 1.5 / HIBRID CVT;Francija;FRA;osebni avtomobil;165;vecnamensko vozilo;YARIS 
54;1185;3.6;0;TOYOTA;XP13M(a)/NHP13(MH)/NHP130L-CHXGBW(3K);YARIS / 1.5 / HIBRID CVT;Francija;FRA;osebni avtomobil;165;vecnamensko vozilo;YARIS 
54;1175;3.6;0;TOYOTA;XP13M(a)/NHP13(MH)/NHP130L-CHXSBW(2L);YARIS / 1.5 / HIBRID CVT;Francija;FRA;osebni avtomobil;165;vecnamensko vozilo;YARIS 
54;1165;3.6;0;TOYOTA;XP13M(a)/NHP13(MH)/NHP130L-CHXNBW(2L);YARIS / 1.5 / HIBRID CVT;Francija;FRA;osebni avtomobil;165;vecnamensko vozilo;YARIS 
54;1189;3.7;0;TOYOTA;XP13M(a)/NHP13(MH)/NHP130L-CHXNBW(1M);YARIS / 1.5 / HIBRID CVT;Francija;FRA;osebni avtomobil;165;vecnamensko vozilo;YARIS 
54;1199;3.9;0;TOYOTA;XP13M(a)/NHP13(MH)/NHP130L-CHXNBW(1M);YARIS / 1.5 / HIBRID CVT;Francija;FRA;osebni avtomobil;165;vecnamensko vozilo;YARIS 
54;1209;4.2;0;TOYOTA;XP13M(a)/NHP13(MH)/NHP130L-CHXGBW(1M);YARIS / 1.5 / HIBRID CVT;Francija;FRA;osebni avtomobil;165;vecnamensko vozilo;YARIS 
54;1193;4.2;0;TOYOTA;XP13M(a)/NHP13(MH)/NHP130L-CHXSBW(1M);YARIS / 1.5 / HIBRID CVT;Francija;FRA;osebni avtomobil;165;vecnamensko vozilo;YARIS 
54;1193;4.8;0;TOYOTA;XP13M(a)/NHP13(MH)/NHP130L-CHXNBW(1P);YARIS / 1.5 / HIBRID CVT;Francija;FRA;osebni avtomobil;165;vecnamensko vozilo;YARIS 
54;1190;4.8;0;TOYOTA;XP13M(a)/NHP13(MH)/NHP130L-CHXGBW(1P);YARIS / 1.5 / HIBRID CVT;Francija;FRA;osebni avtomobil;165;vecnamensko vozilo;YARIS 
54;1189;4.8;0;TOYOTA;XP13M(a)/NHP13(MH)/NHP130L-CHXNBW(1M);YARIS / 1.5 / HIBRID CVT;Francija;FRA;osebni avtomobil;165;vecnamensko vozilo;YARIS 
54;1188;4.8;0;TOYOTA;XP13M(a)/NHP13(MH)/NHP130L-CHXNBW(1Q);YARIS / 1.5 / HIBRID CVT;Francija;FRA;osebni avtomobil;165;vecnamensko vozilo;YARIS 
54;1187;4.8;0;TOYOTA;XP13M(a)/NHP13(MH)/NHP130L-CHXNBW(1R);YARIS / 1.5 / HIBRID CVT;Francija;FRA;osebni avtomobil;165;vecnamensko vozilo;YARIS 
54;1199;4.9;0;TOYOTA;XP13M(a)/NHP13(MH)/NHP130L-CHXNBW(1M);YARIS / 1.5 / HIBRID CVT;Francija;FRA;osebni avtomobil;165;vecnamensko vozilo;YARIS 
54;1209;5.1;0;TOYOTA;XP13M(a)/NHP13(MH)/NHP130L-CHXNBW(1N);YARIS / 1.5 / HIBRID CVT;Francija;FRA;osebni avtomobil;165;vecnamensko vozilo;YARIS 
54;1088;5.2;0;DACIA;5SDMC5;SANDERO / 1.0 /;Romunija;ROM;osebni avtomobil;158;vozilo z dviûnimi vrati zadaj;SANDERO 
54;1084;5.2;0;DACIA;4SDMC5;LOGAN / 1.0 /;Romunija;ROM;osebni avtomobil;158;limuzina;LOGAN 
54;1084;5.2;0;DACIA;SD05ESNC5CN000M500;SANDERO / 1.0 /;Romunija;ROM;osebni avtomobil;158;vozilo z dviûnimi vrati zadaj;SANDERO 
54;1014;5.2;0;RENAULT;AH2BE2M45TA0B00000;TWINGO / 1.0 /;Francija;FRA;osebni avtomobil;163;vozilo z dviûnimi vrati zadaj;TWINGO 
54;1010;5.2;0;RENAULT;AH2BE2M45TA0B10000;TWINGO / 1.0 /;Francija;FRA;osebni avtomobil;163;vozilo z dviûnimi vrati zadaj;TWINGO 
54;1084;5.3;0;DACIA;SD05ESNC5CN000M500;SANDERO / 1.0 /;Romunija;ROM;osebni avtomobil;158;vozilo z dviûnimi vrati zadaj;SANDERO 
54;1017;5.3;0;RENAULT;AH2BE2M45TA0F10000;TWINGO / 1.0 /;Francija;FRA;osebni avtomobil;163;vozilo z dviûnimi vrati zadaj;TWINGO 
54;1150;5.4;0;DACIA;7SDMC5;LOGAN MCV / 1.0 /;Romunija;ROM;osebni avtomobil;158;karavan;LOGAN MCV 
54;1187;5.5;0;RENAULT;5R0G0H;CLIO / 1.2 / 16V;Francija;FRA;osebni avtomobil;167;vozilo z dviûnimi vrati zadaj;CLIO 
54;1105;5.5;0;RENAULT;7R0G0H;CLIO / GRANDTOUR 1.2 / 16V;Francija;FRA;osebni avtomobil;167;karavan;CLIO 
54;1055;5.5;0;RENAULT;5R0G0H;CLIO / 1.2 / 16V;Francija;FRA;osebni avtomobil;167;vozilo za posebne namene;CLIO 
54;1238;5.6;0;RENAULT;7RSN0A;CLIO / GRANDTOUR 1.2 / 16V;Francija;FRA;osebni avtomobil;167;karavan;CLIO 
54;1205;5.6;0;RENAULT;5RSN0A;CLIO / 1.2 / 16V;Francija;FRA;osebni avtomobil;167;vozilo z dviûnimi vrati zadaj;CLIO 
54;1105;5.7;0;RENAULT;7RNG0H;CLIO / GRANDTOUR 1.2 / 16V;Francija;FRA;osebni avtomobil;167;karavan;CLIO 
54;1154;5.8;0;DACIA;SD07ESJD5DA190M500;LOGAN / 1.0 /;Romunija;ROM;osebni avtomobil;158;karavan;LOGAN 
54;1147;5.8;0;DACIA;7SDM35;LOGAN MCV / 1.2 / 16V;Romunija;ROM;osebni avtomobil;162;karavan;LOGAN MCV 
54;1097;5.8;0;DACIA;SD05ESJD5DA190M500;SANDERO / 1.0 /;Romunija;ROM;osebni avtomobil;158;vozilo z dviûnimi vrati zadaj;SANDERO 
54;1092;5.8;0;DACIA;5SDM35;SANDERO / 1.2 / 16V;Romunija;ROM;osebni avtomobil;162;vozilo z dviûnimi vrati zadaj;SANDERO 
54;1091;5.8;0;DACIA;7SDE33;LOGAN / 1.2 / 16V;Romunija;ROM;osebni avtomobil;162;karavan;LOGAN 
54;1049;5.8;0;DACIA;4SDE33;LOGAN / 1.2 / 16V;Romunija;ROM;osebni avtomobil;162;limuzina;LOGAN 
54;1024;5.8;0;DACIA;5SDE33;SANDERO / 1.2 / 16V;Romunija;ROM;osebni avtomobil;162;vozilo z dviûnimi vrati zadaj;SANDERO 
54;1066;5.9;0;CITROEN;JMKFVC/PIF;C2 / 1.4 / i VTR AUT.;Francija;FRA;osebni avtomobil;169;vozilo za posebne namene;C2 
54;1066;5.9;0;CITROEN;JMKFVC/PIF;C2 / 1.4 / i VTR AUT.;Francija;FRA;osebni avtomobil;169;vozilo z dviûnimi vrati zadaj;C2 
54;1066;5.9;0;CITROEN;JMKFVB/PJ*KFV*-JMKFV*;C 2 / 1.4;Francija;FRA;osebni avtomobil;169;vozilo z dviûnimi vrati zadaj;C 2 
54;1066;5.9;0;CITROEN;JMKFVB/PJ*KFV*-JMKFV*;CITROÀN / C2 / 1.4 / i VTR AUT.;Francija;FRA;osebni avtomobil;169;vozilo z dviûnimi vrati zadaj;CITROÀN 
54;1132;6.1;0;CITROEN;FLKFVC;C3 / 1.4 / i;Francija;FRA;osebni avtomobil;167;vozilo z dviûnimi vrati zadaj;C3 
54;1089;6.1;0;CITROEN;FCKFVC;C3 / 1.4 / i;Francija;FRA;osebni avtomobil;167;vozilo z dviûnimi vrati zadaj;C3 
54;1080;6.1;0;CITROEN;FCKFVB;C3 / 1.4 / i;Francija;FRA;osebni avtomobil;167;vozilo z dviûnimi vrati zadaj;C3 
54;1062;6.1;0;CITROEN;JMKFVC/IF;C2 / 1.4 / i;Francija;FRA;osebni avtomobil;169;vozilo z dviûnimi vrati zadaj;C2 
54;1062;6.1;0;CITROEN;JMKFVBJ*KFV*-JMKFV*;C 2 / 1.4;Francija;FRA;osebni avtomobil;169;vozilo z dviûnimi vrati zadaj;C 2 
54;1117;6.1;0;DACIA;SD05EVJD5DA190M500;SANDERO / 1.0 /;Romunija;ROM;osebni avtomobil;158;vozilo z dviûnimi vrati zadaj;SANDERO 
54;1093;6.1;0;DACIA;SD05ESJD5DA180M500;SANDERO / 1.0 /;Romunija;ROM;osebni avtomobil;158;vozilo z dviûnimi vrati zadaj;SANDERO 
54;1470;6.2;0;CITROEN;FCKFVB;C 3 / 1.4;Francija;FRA;osebni avtomobil;167;vozilo z dviûnimi vrati zadaj;C 3 
54;1080;6.2;0;CITROEN;FCKFVBF*KFV*-FCKFV*;C 3 / 1.4;Francija;FRA;osebni avtomobil;168;vozilo z dviûnimi vrati zadaj;C 3 
54;1080;6.2;0;CITROEN;FCKFVB;C3 / 1.4 / i;Francija;FRA;osebni avtomobil;168;vozilo z dviûnimi vrati zadaj;C3 
54;1080;6.2;0;CITROEN;FCKFVC/IF;C3 / 1.4 / i;Francija;FRA;osebni avtomobil;167;vozilo z dviûnimi vrati zadaj;C3 
54;1062;6.2;0;CITROEN;JMKFVC/IF;C2 / 1.4 / i;Francija;FRA;osebni avtomobil;169;vozilo z dviûnimi vrati zadaj;C2 
54;1005;6.2;0;CITROEN;FCKFVB;C3 / 1.4 / i;Francija;FRA;osebni avtomobil;167;vozilo z dviûnimi vrati zadaj;C3 
54;1005;6.2;0;CITROEN;FCKFVB;C3 / 1.4 / i;Francija;FRA;osebni avtomobil;158;vozilo z dviûnimi vrati zadaj;C3 
54;1117;6.2;0;DACIA;SD05EVJD5DA180M500;SANDERO / 1.0 /;Romunija;ROM;osebni avtomobil;158;vozilo z dviûnimi vrati zadaj;SANDERO 
54;1071;6.2;0;DACIA;SD05ESNC5CN000M500;SANDERO / 1.0 /;Romunija;ROM;osebni avtomobil;158;vozilo z dviûnimi vrati zadaj;SANDERO 
54;905;6.2;0;FIAT;176AC55P;PUNTO / 75 / SX;Italija;ITA;osebni avtomobil;170;vozilo z dviûnimi vrati zadaj;PUNTO 
54;1220;6.2;0;PEUGEOT;KMKFV-B/P;1007 / 1.4 / I AUT.;Francija;FRA;osebni avtomobil;165;vozilo z dviûnimi vrati zadaj;1007
54;1165;6.3;0;DACIA;SD07ESNC5CN000M500;LOGAN / 1.0 /;Romunija;ROM;osebni avtomobil;158;karavan;LOGAN 
54;1093;6.3;0;DACIA;SD05ESNC5CN000M500;SANDERO / 1.0 /;Romunija;ROM;osebni avtomobil;158;vozilo z dviûnimi vrati zadaj;SANDERO 
54;1245;6.3;0;PEUGEOT;WCKFT0/1;207 / 1.4 / i;Francija;FRA;osebni avtomobil;170;vozilo z dviûnimi vrati zadaj;207
54;1245;6.3;0;PEUGEOT;WCKFT0/1;207 / 1.4 / i;Francija;FRA;osebni avtomobil;167;vozilo z dviûnimi vrati zadaj;207
54;1223;6.3;0;PEUGEOT;WCKFVC;207 / 1.4 / i;Francija;FRA;osebni avtomobil;170;vozilo z dviûnimi vrati zadaj;207
54;1220;6.3;0;PEUGEOT;KMKFVC/P;1007 / 1.4 / i AUT.;Francija;FRA;osebni avtomobil;165;vozilo za posebne namene;1007
54;1213;6.3;0;PEUGEOT;WAKFVC;207 / 1.4 / i;Francija;FRA;osebni avtomobil;170;vozilo z dviûnimi vrati zadaj;207
54;1201;6.3;0;PEUGEOT;WAKFT0/1;207 / 1.4 / I 16V;Francija;FRA;osebni avtomobil;167;vozilo z dviûnimi vrati zadaj;207
54;1117;6.4;0;DACIA;SD05EVNC5CU000M500;SANDERO / 1.0 /;Romunija;ROM;osebni avtomobil;158;vozilo z dviûnimi vrati zadaj;SANDERO 
54;1215;6.4;0;PEUGEOT;KMKFVB;1007 / 1.4;Francija;FRA;osebni avtomobil;165;vozilo z dviûnimi vrati zadaj;1007
54;1214;6.4;0;PEUGEOT;WCKFT0;207 / 1.4 / i 16V;Francija;FRA;osebni avtomobil;170;vozilo z dviûnimi vrati zadaj;207
54;1214;6.4;0;PEUGEOT;WCKFT0;207 / 1.4 / i 16V;Francija;FRA;osebni avtomobil;167;vecnamensko vozilo;207
54;1201;6.4;0;PEUGEOT;WAKFT0;207 / 1.4 / i 16V;Francija;FRA;osebni avtomobil;170;vozilo z dviûnimi vrati zadaj;207
54;1201;6.4;0;PEUGEOT;WAKFT0;207 / 1.4 / i 16V;Francija;FRA;osebni avtomobil;167;vecnamensko vozilo;207
54;1271;6.5;0;PEUGEOT;WEKFVC;207 / BREAK 1.4 / i;Francija;FRA;osebni avtomobil;170;karavan;207
54;1215;6.5;0;PEUGEOT;KMKFVC/IF;1007 / 1.4;Francija;FRA;osebni avtomobil;165;vozilo z dviûnimi vrati zadaj;1007
54;1255;6.6;0;FIAT;225AXF1A07B;QUBO / 1.4 /;Italija;ITA;osebni avtomobil;155;vecnamensko vozilo;QUBO 
54;1255;6.6;0;PEUGEOT;AJKFT0/H;BIPPER / 1.4 / i;Francija;FRA;osebni avtomobil;155;vecnamensko vozilo;BIPPER 
54;1240;6.6;0;PEUGEOT;AJKFVC;BIPPER / 1.4 / i;Francija;FRA;osebni avtomobil;155;vecnamensko vozilo;BIPPER 
54;1215;6.6;0;PEUGEOT;KMKFVC;1007 / 1.4 / i;Francija;FRA;osebni avtomobil;165;vozilo z dviûnimi vrati zadaj;1007
54;1211;6.8;0;CITROEN;HBKFVB;CITROÀN / C3 PLURIEL/ 1.4 / i;Francija;FRA;osebni avtomobil;164;kabriolet;CITROÀN 
54;1211;6.8;0;CITROEN;HBKFVBH*KFV*-FBKFV*;C 3 PLURIEL / 1.4;Francija;FRA;osebni avtomobil;164;kabriolet;C 3 PLURIEL 
54;1211;6.8;0;CITROEN;HBKFVB;C3 PLURIEL / 1.4 / i;Francija;FRA;osebni avtomobil;164;kabriolet;C3 PLURIEL 
54;1211;6.8;0;CITROEN;HBKFVB;C 3 / 1.4;Francija;FRA;osebni avtomobil;164;kabriolet;C 3 
54;965;6.9;0;FIAT;176AC55F;PUNTO / 75 SX;Italija;ITA;osebni avtomobil;170;vozilo z dviûnimi vrati zadaj;PUNTO 
54;960;7.4;0;VOLKSWAGEN;19E-EZ2;GOLF / 1.6 /;Nemcija;DEU;osebni avtomobil;162;vozilo z dviûnimi vrati zadaj;GOLF 
55;1465;3.3;1;RENAULT;5RBF0A;CLIO / 1.5 / DCI;Francija;FRA;osebni avtomobil;168;vozilo z dviûnimi vrati zadaj;CLIO 
55;1325;3.3;1;RENAULT;7RBF0A;CLIO GRANDTOUR / 1.5 / DCI;Francija;FRA;osebni avtomobil;168;karavan;CLIO GRANDTOUR 
55;1290;3.3;1;RENAULT;5RBF0A;CLIO / 1.5 / DCI;Francija;FRA;osebni avtomobil;168;vozilo za posebne namene;CLIO 
55;1055;3.3;1;RENAULT;CNM305;TWINGO / 1.5 / DCI;Francija;FRA;osebni avtomobil;170;vozilo z dviûnimi vrati zadaj;TWINGO 
55;1175;3.3;0;TOYOTA;NHP130L-CHXNBW(1H);YARIS / 1.5 / HIBRID CVT;Francija;FRA;osebni avtomobil;165;vecnamensko vozilo;YARIS 
55;1150;3.3;1;VOLKSWAGEN;ABCFWA-FM5FM52R031LLLVR67MJ;POLO / 1.2 / TDI;Nemcija;DEU;osebni avtomobil;173;vozilo z dviûnimi vrati zadaj;POLO 
55;1055;3.4;1;RENAULT;CN0305;TWINGO / 1.5 / DCI;Francija;FRA;osebni avtomobil;170;vozilo z dviûnimi vrati zadaj;TWINGO 
55;1055;3.4;1;RENAULT;GN0305;TWINGO / 1.5 / DCI;Francija;FRA;osebni avtomobil;170;vecnamensko vozilo;TWINGO 
55;1205;3.4;1;SEAT;SECFWAX0-SGEFM52R0317MJGI;IBIZA ST / 1.2 / TDI;äpanija;ESP;osebni avtomobil;173;karavan;IBIZA ST 
55;1150;3.4;1;SEAT;SCCFWAX0-SGEFM52R0317MGGI;IBIZA / 1.2 / TDI;äpanija;ESP;osebni avtomobil;173;vecnamensko vozilo;IBIZA 
55;1219;3.4;1;äKODA;ACCFWAX01-GFM5FM52R03114N0;FABIA / COMBI 1.2 / TDI;Ceöka republika;CZE;osebni avtomobil;172;karavan;FABIA 
55;1203;3.4;1;äKODA;ABCFWAX01-GFM5FM52R03114N0;FABIA / 1.2 / TDI;Ceöka republika;CZE;osebni avtomobil;172;vozilo z dviûnimi vrati zadaj;FABIA 
55;1152;3.4;1;VOLKSWAGEN;ABCUSA-FM5FM5A4054N2VR27MM;POLO / 1.4 / TDI;Nemcija;DEU;osebni avtomobil;173;vozilo z dviûnimi vrati zadaj;POLO 
55;1150;3.4;1;VOLKSWAGEN;ABCFWA-FM5FM52R031LLEVR67MG;POLO / 1.2 / TDI;Nemcija;DEU;osebni avtomobil;173;vozilo z dviûnimi vrati zadaj;POLO 
55;1155;3.5;1;CITROEN;SCBHW6;C3 / 1.6 / HDI;Francija;FRA;osebni avtomobil;171;vozilo z dviûnimi vrati zadaj;C3 
55;1256;3.5;1;DACIA;7SDKH5;LOGAN MCV / 1.5 / DCI;Romunija;ROM;osebni avtomobil;164;karavan;LOGAN MCV 
55;1187;3.5;1;DACIA;5SDKH5;SANDERO / 1.5 / DCI;Romunija;ROM;osebni avtomobil;164;vozilo z dviûnimi vrati zadaj;SANDERO 
55;1165;3.5;1;DACIA;7SDCH5;LOGAN / 1.5 / DCI;Romunija;ROM;osebni avtomobil;164;karavan;LOGAN 
55;1108;3.5;1;DACIA;5SDCH5;SANDERO / 1.5 / DCI;Romunija;ROM;osebni avtomobil;164;vozilo z dviûnimi vrati zadaj;SANDERO 
55;1255;3.5;1;HYUNDAI;B5D21-M63AZ1;i20 / 1.1 / CRDi;Turcija;TUR;osebni avtomobil;161;vozilo z dviûnimi vrati zadaj;i20 
55;1150;3.5;1;PEUGEOT;CCBHW6;208 / 1.6 / HDI;Francija;FRA;osebni avtomobil;171;vozilo z dviûnimi vrati zadaj;208
55;1150;3.5;1;PEUGEOT;CCBHW6;208 / 1.6 / HDI;Francija;FRA;osebni avtomobil;171;vozilo za posebne namene;208
55;1140;3.5;1;PEUGEOT;CABHW6;208 / 1.6 / HDI;Francija;FRA;osebni avtomobil;171;vozilo z dviûnimi vrati zadaj;208
55;1210;3.5;0;TOYOTA;NHP130L-CHXNBW(1G);YARIS / 1.5 / HIBRID CVT;Francija;FRA;osebni avtomobil;165;vecnamensko vozilo;YARIS 
55;1195;3.5;0;TOYOTA;NHP130L-CHXNBW(1C);YARIS / 1.5 / CVT;Francija;FRA;osebni avtomobil;165;vecnamensko vozilo;YARIS 
55;1165;3.6;1;CITROEN;SXBHW6/A0S;C3 / 1.6 / HDI;Francija;FRA;osebni avtomobil;169;vozilo z dviûnimi vrati zadaj;C3 
55;1108;3.6;1;DACIA;5SDCH4;SANDERO / 1.5 / DCI;Romunija;ROM;osebni avtomobil;159;vozilo z dviûnimi vrati zadaj;SANDERO 
55;1123;3.6;1;FORD;JA8-XUJB1D-5DEABX;FIESTA / 1.5 / 55 TDCI 5 vr;Nemcija;DEU;osebni avtomobil;167;vozilo z dviûnimi vrati zadaj;FIESTA 
55;1123;3.6;1;FORD;JA8-4PXUJB1D-4DEABX;FIESTA / 1.5 / 55 TDCI 5 VR;Nemcija;DEU;osebni avtomobil;167;vecnamensko vozilo;FIESTA 
55;1209;3.6;1;KIA;UBF5D11-M63AZ1;RIO / 1.1 / D;Koreja. republika;KOR;osebni avtomobil;158;vecnamensko vozilo;RIO 
55;1256;3.6;1;RENAULT;5R040H;CLIO / 1.5 / DCI;Francija;FRA;osebni avtomobil;168;vozilo z dviûnimi vrati zadaj;CLIO 
55;1209;3.6;1;RENAULT;6R040H;CLIO / 1.5 / DCI;Francija;FRA;osebni avtomobil;168;vozilo z dviûnimi vrati zadaj;CLIO 
55;1194;3.6;1;RENAULT;7R040H;CLIO GRANDTOUR / 1.5 / DCI;Francija;FRA;osebni avtomobil;168;karavan;CLIO GRANDTOUR 
55;1146;3.6;1;RENAULT;5RU40H;CLIO / 1.5 / DCI;Francija;FRA;osebni avtomobil;181;vozilo z dviûnimi vrati zadaj;CLIO 
55;1146;3.6;1;RENAULT;5R040H;CLIO / 1.5 / DCI;Francija;FRA;osebni avtomobil;168;vozilo za posebne namene;CLIO 
55;1055;3.6;1;RENAULT;CNE305;TWINGO / 1.5 / DCI;Francija;FRA;osebni avtomobil;170;vozilo z dviûnimi vrati zadaj;TWINGO 
55;1155;3.6;1;SEAT;SCCUSA-FM5EFM5A40547MM69;IBIZA / 1.4 / TDI;äpanija;ESP;osebni avtomobil;173;vecnamensko vozilo;IBIZA 
55;1156;3.6;1;äKODA;ABCUSAX01-NFM5FM5A4054M617;FABIA / 1.4 / TDI;Ceöka republika;CZE;osebni avtomobil;172;vozilo z dviûnimi vrati zadaj;FABIA 
55;1185;3.6;0;TOYOTA;NHP130L-CHXGBW(3H);YARIS / 1.5 / HIBRID CVT;Francija;FRA;osebni avtomobil;165;vecnamensko vozilo;YARIS 
55;1146;3.6;1;VOLKSWAGEN;ABCUSA-FM5FM5A4054N2VR07MM00;POLO / 1.4 / TDI;Nemcija;DEU;osebni avtomobil;173;vozilo z dviûnimi vrati zadaj;POLO 
55;1146;3.6;1;VOLKSWAGEN;ABCUSA-FM5FM5A4054N2VR07MM00;POLO / 1.4 / TDI;Nemcija;DEU;osebni avtomobil;173;vozilo za posebne namene;POLO 
55;1128;3.6;1;VOLKSWAGEN;BBCUSA-FM5FM5A4054N0VR27MM;POLO / 1.4 / TDI;Nemcija;DEU;osebni avtomobil;173;vozilo z dviûnimi vrati zadaj;POLO 
55;1334;3.7;1;CHEVROLET;KNES1-XAF5;AVEO / 1.3 / DT;Koreja. republika;KOR;osebni avtomobil;163;limuzina;AVEO 
55;1324;3.7;1;CHEVROLET;KNEE1-TAF5;AVEO / 1.3 / DT;Koreja. republika;KOR;osebni avtomobil;163;limuzina;AVEO 
55;1178;3.7;1;CITROEN;SWBHW6/A0S;C3 / 1.6 / HDI;Francija;FRA;osebni avtomobil;169;vozilo z dviûnimi vrati zadaj;C3 
55;1165;3.7;1;DACIA;7SDCH4;LOGAN / 1.5 / DCI;Romunija;ROM;osebni avtomobil;159;karavan;LOGAN 
55;1194;3.7;1;FORD;JR8-UGJC1R2DEGBV;FIESTA VAN 1.5 / TDCI;Nemcija;DEU;osebni avtomobil;167;vozilo z dviûnimi vrati zadaj;FIESTA VAN 1.5 
55;1118;3.7;1;FORD;JA8-UGJC1D5DEABX;FIESTA / 1.5 / DV5 5 vr;Nemcija;DEU;osebni avtomobil;167;vozilo z dviûnimi vrati zadaj;FIESTA 
55;1108;3.7;1;FORD;JA8-UGJC1C-5DEABV;FIESTA / 1.5 / DV5 3 vr V;Nemcija;DEU;osebni avtomobil;167;vozilo z dviûnimi vrati zadaj;FIESTA 
55;1333;3.7;1;HYUNDAI;B5D11-M62AZ1;I20 / 1.1 / CRDI;Turcija;TUR;osebni avtomobil;161;vozilo z dviûnimi vrati zadaj;I20 
55;1237;3.7;1;OPEL;CACDC12-BX2F5EDTJ5;CORSA / 1.3 / CDTI;Nemcija;DEU;osebni avtomobil;164;vozilo z dviûnimi vrati zadaj;CORSA 
55;1235;3.7;1;PEUGEOT;CUBHW6;2008 / 1.6 /HDI;Francija;FRA;osebni avtomobil;165;karavan;2008
55;1170;3.7;0;TOYOTA;NHP130L-CHXGBW (3C);YARIS / 1.5 / CVT;Francija;FRA;osebni avtomobil;165;vecnamensko vozilo;YARIS 
55;1152;3.7;1;VOLKSWAGEN;ABCUSA-FM5FM5A4054N2VR27MM67;POLO / 1.4 / TDI;Nemcija;DEU;osebni avtomobil;173;vozilo z dviûnimi vrati zadaj;POLO 
55;1319;3.8;1;CHEVROLET;KHES1-UAF5;AVEO / 1.3 / DT;Koreja. republika;KOR;osebni avtomobil;163;vozilo z dviûnimi vrati zadaj;AVEO 
55;1309;3.8;1;CHEVROLET;KHEE1-PAF5;AVEO / 1.3 / DT;Koreja. republika;KOR;osebni avtomobil;163;vozilo z dviûnimi vrati zadaj;AVEO 
55;1316;3.8;1;FORD;JK8-XUJA1K-5DEAMF;B-MAX / 1.5 / TDCI 55 S;Nemcija;DEU;osebni avtomobil;158;vecnamensko vozilo;B-MAX 
55;1272;3.8;1;HYUNDAI;F5D101-M65AZ1;i 20 / 1.1 / CRDi;Turcija;TUR;osebni avtomobil;160;vecnamensko vozilo;i 20 
55;1165;3.8;1;HYUNDAI;B5D11-M62AZ1;i20 / 1.1 / CRDi;Turcija;TUR;osebni avtomobil;161;vozilo z dviûnimi vrati zadaj;i20 
55;1165;3.8;1;HYUNDAI;B5D11-M62AZ1;i20 / 1.1 / CRDi;Turcija;TUR;osebni avtomobil;161;vozilo za posebne namene;i20 
55;1278;3.8;1;OPEL;PW11-4A12B3R0KBD5;CORSA / 1.3 / CDTI;Nemcija;DEU;osebni avtomobil;163;vecnamensko vozilo;CORSA 
55;1237;3.8;1;OPEL;CACDC12-BX2F5EDTJ5;CORSA / 1.3 / CDTI;Nemcija;DEU;osebni avtomobil;164;vozilo z dviûnimi vrati zadaj;CORSA 
55;1204;3.8;1;RENAULT;CR2V0H;CLIO / 1.5 / DCI;Francija;FRA;osebni avtomobil;165;vozilo z dviûnimi vrati zadaj;CLIO 
55;1194;3.8;1;RENAULT;KR2V0H;CLIO / GRANDTOUR 1.5 / DCI;Francija;FRA;osebni avtomobil;165;karavan;CLIO 
55;1174;3.8;1;RENAULT;BR2V0H;CLIO / 1.5 / DCI;Francija;FRA;osebni avtomobil;165;vozilo z dviûnimi vrati zadaj;CLIO 
55;1146;3.8;1;RENAULT;5R040H;CLIO / 1.5 / DCI;Francija;FRA;osebni avtomobil;168;vozilo z dviûnimi vrati zadaj;CLIO 
55;1135;3.8;1;SEAT;SCCFWAX0-SGNFM52R0317MJGI;IBIZA / 1.2 / TDI;äpanija;ESP;osebni avtomobil;168;vecnamensko vozilo;IBIZA 
55;1135;3.8;1;SEAT;SCCFWAX0-SGNFM52R0317MJGI4;IBIZA / 1.2 / TDI;äpanija;ESP;osebni avtomobil;168;vozilo za posebne namene;IBIZA 
55;1135;3.8;1;SEAT;SCCFWAX0-SGNFM52R0317MGGI;IBIZA / 1.2 / TDI;äpanija;ESP;osebni avtomobil;165;vecnamensko vozilo;IBIZA 
55;1209;3.8;1;äKODA;ACCFWAX01-NFM5FM52R03114E;FABIA / COMBI 1.2 / TDI;Ceöka republika;CZE;osebni avtomobil;167;karavan;FABIA 
55;1180;3.8;1;äKODA;ACCUSAX01-NFM5FM5A4054N617;FABIA / COMBI 1.4 / TDI;Ceöka republika;CZE;osebni avtomobil;175;karavan;FABIA 
55;1146;3.8;1;VOLKSWAGEN;ABCUSA-FM5FM5A4054N2VR07MM61;POLO / 1.4 / TDI;Nemcija;DEU;osebni avtomobil;173;vozilo z dviûnimi vrati zadaj;POLO 
55;1146;3.8;1;VOLKSWAGEN;ABCUSA-FM5FM5A4054N2VR07MM61;POLO / 1.4 / TDI;Nemcija;DEU;osebni avtomobil;173;vozilo za posebne namene;POLO 
55;1132;3.8;1;VOLKSWAGEN;ABCFWA-FM5FM52R031LLNVR07MQ;POLO / 1.2 / TDI;Nemcija;DEU;osebni avtomobil;170;vozilo z dviûnimi vrati zadaj;POLO 
55;1165;3.9;1;DACIA;7SDA44;LOGAN / 1.5 / DCI;Romunija;ROM;osebni avtomobil;159;karavan;LOGAN 
55;1108;3.9;1;DACIA;5SDA44;SANDERO / 1.5 / DCI;Romunija;ROM;osebni avtomobil;159;vozilo z dviûnimi vrati zadaj;SANDERO 
55;1110;3.9;1;FIAT;312PXL1AP3;PANDA / 1.3 / JTD;Italija;ITA;osebni avtomobil;168;vecnamensko vozilo;PANDA 
55;1105;3.9;1;FIAT;312CXL1AA5C;FIAT PANDA VAN / 1.3 / MULTIJET;Italija;ITA;osebni avtomobil;168;vozilo z dviûnimi vrati zadaj;FIAT PANDA VAN 
55;1280;3.9;1;KIA;UBF5D31-M63AZ1;RIO / 1.1 / D;Koreja. republika;KOR;osebni avtomobil;158;vecnamensko vozilo;RIO 
55;1278;3.9;1;OPEL;PW11-4A12B3R0KBD5;CORSA / 1.3 / CDTI;Nemcija;DEU;osebni avtomobil;163;vecnamensko vozilo;CORSA 
55;1236;3.9;1;OPEL;Z13DTJ;CORSA VAN / 1.3 CTDI;Nemcija;DEU;osebni avtomobil;163;vozilo z dviûnimi vrati zadaj;CORSA VAN 
55;1199;3.9;1;OPEL;BACDC12-BX2F2EDTJ5;CORSA / 1.3 / CDTI;Nemcija;DEU;osebni avtomobil;164;vecnamensko vozilo;CORSA 
55;1165;3.9;1;RENAULT;JP3DN5;MODUS / 1.5 / DCI;Francija;FRA;osebni avtomobil;162;vecnamensko vozilo;MODUS 
55;1190;3.9;1;SEAT;SECFWAX0-SGNFM52R0317MJGI;IBIZA ST / 1.2 / TDI;äpanija;ESP;osebni avtomobil;168;karavan;IBIZA ST 
55;1135;3.9;1;SEAT;SCCFWAX0-SGNFM52R0317MJGD;IBIZA / 1.2 / TDI;äpanija;ESP;osebni avtomobil;168;vecnamensko vozilo;IBIZA 
55;1209;3.9;1;äKODA;ACCFWAX01-NFM5FM52R03114N;FABIA / COMBI 1.2 / TDI;Ceöka republika;CZE;osebni avtomobil;167;karavan;FABIA 
55;1199;3.9;1;äKODA;ACCUSAX01-NFM5FM5A4054N617;FABIA / COMBI 1.4 / TDI;Ceöka republika;CZE;osebni avtomobil;175;karavan;FABIA 
55;1189;3.9;1;äKODA;ABCFWAX01-NFM5FM52R03114N0;FABIA / 1.2 / TDI;Ceöka republika;CZE;osebni avtomobil;166;vozilo z dviûnimi vrati zadaj;FABIA 
55;1165;4.1;1;DACIA;BSDE4P;SANDERO / 1.5 / DCI;Romunija;ROM;osebni avtomobil;162;vozilo z dviûnimi vrati zadaj;SANDERO 
55;1275;4.1;1;FIAT;225AXD1A04C;QUBO / 1.3 / MULTIJET;Italija;ITA;osebni avtomobil;155;vecnamensko vozilo;QUBO 
55;1220;4.1;1;FIAT;199DXT1AB3B;PUNTO EVO VAN 1.3 / JTD;Italija;ITA;osebni avtomobil;165;vozilo z dviûnimi vrati zadaj;PUNTO EVO VAN 1.3 
55;1205;4.1;1;FIAT;199CXT1AB2E;PUNTO EVO VAN 1.3 / JTD;Italija;ITA;osebni avtomobil;165;vecnamensko vozilo;PUNTO EVO VAN 1.3 
55;1205;4.1;1;FIAT;199CXT1AB2E;PUNTO VAN 1.3 / JTD;Italija;ITA;osebni avtomobil;165;vozilo z dviûnimi vrati zadaj;PUNTO VAN 1.3 
55;1205;4.1;1;FIAT;199CXT1AB2E; PUNTO EVO  VAN 1.3 / JTD;Italija;ITA;osebni avtomobil;165;vecnamensko vozilo;PUNTO EVO  VAN 1.3 
55;1205;4.1;1;FIAT;199CXT1AB2B;GRANDE PUNTO VAN 1.3 / JTD;Italija;ITA;osebni avtomobil;165;vozilo z dviûnimi vrati zadaj;GRANDE PUNTO VAN 1.3 
55;1180;4.1;1;FIAT;199BXT1A38;PUNTO / 1.3 / JTD;Italija;ITA;osebni avtomobil;165;vecnamensko vozilo;PUNTO 
55;1180;4.1;1;FIAT;199BXT1A38;PUNTO EVO / 1.3 / JTD;Italija;ITA;osebni avtomobil;165;vecnamensko vozilo;PUNTO EVO 
55;1165;4.1;1;FIAT;199AXT1A37C;PUNTO / 1.3 / JTD;Italija;ITA;osebni avtomobil;165;vecnamensko vozilo;PUNTO 
55;1165;4.1;1;FIAT;199AXT1A37;PUNTO EVO / 1.3 / JTD;Italija;ITA;osebni avtomobil;165;vecnamensko vozilo;PUNTO EVO 
55;1165;4.1;1;FIAT;199;PUNTO VAN / 1.3 / JTD;Italija;ITA;osebni avtomobil;165;vozilo z dviûnimi vrati zadaj;PUNTO VAN 
55;1165;4.1;1;FIAT;199AXT1A37;PUNTO EVO / 1.3 / JTD;Italija;ITA;osebni avtomobil;165;vozilo z dviûnimi vrati zadaj;PUNTO EVO 
55;1361;4.1;1;FORD;JK8-UGJC1K-5DEAMT;B-MAX / 1.5 / TDCI;Nemcija;DEU;osebni avtomobil;158;vecnamensko vozilo;B-MAX 
55;1278;4.1;1;FORD;JU2-UGCB1L-5CCANG;TOURNEO COURIER / 1.5 / TDCi;Nemcija;DEU;osebni avtomobil;157;vecnamensko vozilo;TOURNEO COURIER 
55;936;4.1;0;VOLKSWAGEN;ABCHYB-FM5FM5CF0117MMVR2N1SVW61;UP! / 1.0 /;Nemcija;DEU;osebni avtomobil;173;vozilo z dviûnimi vrati zadaj;UP! 
55;1365;4.2;1;DACIA;0SDCH5;DOKKER / 1.5 / DCI;Romunija;ROM;osebni avtomobil;152;karavan;DOKKER 
55;1220;4.2;1;FIAT;199DXT1AB3E;PUNTO VAN 1.3 / JTD;Italija;ITA;osebni avtomobil;165;vozilo z dviûnimi vrati zadaj;PUNTO VAN 1.3 
55;1205;4.2;1;FIAT;199CXT1AB2Q;PUNTO VAN 1.3 / JTD;Italija;ITA;osebni avtomobil;165;vecnamensko vozilo;PUNTO VAN 1.3 
55;1205;4.2;1;FIAT;199CXT1AB2R;PUNTO VAN 1.3 / JTD;Italija;ITA;osebni avtomobil;165;vozilo z dviûnimi vrati zadaj;PUNTO VAN 1.3 
55;1180;4.2;1;FIAT;199BXT1A38L;PUNTO / 1.3 / JTD;Italija;ITA;osebni avtomobil;172;vecnamensko vozilo;PUNTO 
55;1180;4.2;1;FIAT;199BXT1A 38P;PUNTO / 1.3 / JTD;Italija;ITA;osebni avtomobil;165;vecnamensko vozilo;PUNTO 
55;1165;4.2;1;FIAT;199AXT1A37L;PUNTO / 1.3 / JTD;Italija;ITA;osebni avtomobil;172;vecnamensko vozilo;PUNTO 
55;1165;4.2;1;FIAT;199AXT1A37P;PUNTO / 1.3 / JTD;Italija;ITA;osebni avtomobil;165;vecnamensko vozilo;PUNTO 
55;1095;4.2;1;FIAT;312AXB1A01D;500 / 1.3 / JTD C;Italija;ITA;osebni avtomobil;165;vozilo z dviûnimi vrati zadaj;500
55;1055;4.2;1;FIAT;312AXB1A01;500 / 1.3 / JTD;Italija;ITA;osebni avtomobil;165;vozilo z dviûnimi vrati zadaj;500
55;1025;4.2;1;FIAT;169CXG1ACX;PANDA / 1.3 / MULTIJET;Italija;ITA;osebni avtomobil;165;vecnamensko vozilo;PANDA 
55;1010;4.2;1;FIAT;169AXG1A10;PANDA / 1.3 / MULTIJET;Italija;ITA;osebni avtomobil;165;vecnamensko vozilo;PANDA 
55;980;4.2;1;FIAT;312AXB1A-01;500 / 1.3 / JTD;Italija;ITA;osebni avtomobil;165;vozilo z dviûnimi vrati zadaj;500
55;1055;4.2;1;FORD;RU8-BAAA1U4BAAJB;KA / 1.3 / Diesel;Nemcija;DEU;osebni avtomobil;162;vecnamensko vozilo;KA 
55;1202;4.2;1;HYUNDAI;F5D51-M54AZ1;I 20 / 1.4 / CRDI LP;Turcija;TUR;osebni avtomobil;161;vecnamensko vozilo;I 20 
55;1278;4.2;1;OPEL;PW11-4A12B3R0KBD5;CORSA / 1.3 / DT;Nemcija;DEU;osebni avtomobil;163;vecnamensko vozilo;CORSA 
55;1259;4.2;1;OPEL;FW11-2AAEB1P0KBD5;CORSA / 1.3 / CDTI;Nemcija;DEU;osebni avtomobil;163;vecnamensko vozilo;CORSA 
55;1237;4.2;1;OPEL;FW11-2AADB1P0KBD5;CORSA / 1.3 / DT;Nemcija;DEU;osebni avtomobil;163;vecnamensko vozilo;CORSA 
55;1184;4.2;1;OPEL;FW11-2AAEB1P0KBD5;CORSA / 1.3 / DT;Nemcija;DEU;osebni avtomobil;163;vecnamensko vozilo;CORSA 
55;1314;4.2;1;äKODA;AFCFWAX01-GFM5FM52R03315N0;ROOMSTER / 1.2 / TDI;Ceöka republika;CZE;osebni avtomobil;165;vecnamensko vozilo;ROOMSTER 
55;1224;4.2;1;äKODA;ACCAYAX01-NFM5FM52R02914N0;FABIA / COMBI 1.6 / TDI;Ceöka republika;CZE;osebni avtomobil;167;karavan;FABIA 
55;1204;4.2;1;äKODA;ABCAYAX01-NFM5FM52R02914N0;FABIA / 1.6 / TDI;Ceöka republika;CZE;osebni avtomobil;166;vozilo z dviûnimi vrati zadaj;FABIA 
55;940;4.2;0;äKODA;ABCHYB-FM5FM5CF0047MJVR2N1SSK;CITIGO / 1.0 /;Ceöka republika;CZE;osebni avtomobil;172;vozilo z dviûnimi vrati zadaj;CITIGO 
55;1110;4.2;1;TOYOTA;NLP10L-CGMRXW(2G);YARIS / 1.4;Francija;FRA;osebni avtomobil;170;vozilo z dviûnimi vrati zadaj;YARIS 
55;1055;4.2;1;TOYOTA;NLP10L-CGMRXW(1G);YARIS / 1.4 / D;Francija;FRA;osebni avtomobil;170;vozilo z dviûnimi vrati zadaj;YARIS 
55;1045;4.2;1;TOYOTA;NLP10L-AHMGXW;YARIS / 1.4 / D-4D;Japonska ;JPN;osebni avtomobil;170;vozilo z dviûnimi vrati zadaj;YARIS 
55;925;4.2;1;TOYOTA;NLP10L-CGMRXW(2F);YARIS / 1.4;Francija;FRA;osebni avtomobil;170;vozilo z dviûnimi vrati zadaj;YARIS 
55;1157;4.2;1;VOLKSWAGEN;ABCAYA-FM5FM52R029LLNVR07MG;POLO / 1.6 / TDI;Nemcija;DEU;osebni avtomobil;170;vozilo z dviûnimi vrati zadaj;POLO 
55;940;4.2;0;VOLKSWAGEN;ABCHYB-FS5FS5CT0097MMVR2N1SVW61;UP! / 1.0 / AUT.;Nemcija;DEU;osebni avtomobil;173;vozilo z dviûnimi vrati zadaj;UP! 
55;940;4.2;0;VOLKSWAGEN;ABCHYB-FM5FM5CF0047MGVR2N1FA1VW;UP! / 1.0 /;Nemcija;DEU;osebni avtomobil;172;vozilo z dviûnimi vrati zadaj;UP! 
55;1156;4.3;1;AUDI;LBHCF1-FM52J064R8Z50S4K;A2 / 1.4 / TDI;Nemcija;DEU;osebni avtomobil;173;vozilo z dviûnimi vrati zadaj;A2 
55;1449;4.3;1;CITROEN;7JBHW6/3;BERLINGO / 1.6 / HDI;Francija;FRA;osebni avtomobil;156;karavan;BERLINGO 
55;1275;4.3;1;FIAT;225AXD1A04B;QUBO / 1.3 / MULTIJET;Italija;ITA;osebni avtomobil;155;vecnamensko vozilo;QUBO 
55;1202;4.3;1;HYUNDAI;F5D11-M52CZ1;i 10 / 1.1 / CRDi;Indija;IND;osebni avtomobil;163;vecnamensko vozilo;i 10 
55;1235;4.3;1;OPEL;PD11-3A08B3RDBD5;CORSA / 1.3 / DT;Nemcija;DEU;osebni avtomobil;163;vecnamensko vozilo;CORSA 
55;1205;4.3;1;OPEL;FD11-3A07B1PDBD5;CORSA / 1.3 / DT;Nemcija;DEU;osebni avtomobil;163;vecnamensko vozilo;CORSA 
55;1449;4.3;1;PEUGEOT;7JBHW6/3;PARTNER / 1.6 / HDI;Francija;FRA;osebni avtomobil;156;karavan;PARTNER 
55;1061;4.3;1;PEUGEOT;2A8HZF;206 / 1.4;Francija;FRA;osebni avtomobil;168;vozilo z dviûnimi vrati zadaj;206
55;1049;4.3;1;PEUGEOT;2C8HZF;206 / 1.4;Francija;FRA;osebni avtomobil;168;vozilo z dviûnimi vrati zadaj;206
55;1395;4.3;1;RENAULT;KWX7B5;KANGOO / 1.5 / DCI;Francija;FRA;osebni avtomobil;150;karavan;KANGOO 
55;1240;4.3;1;RENAULT;JP3DF5;MODUS / 1.5 / DCI;Francija;FRA;osebni avtomobil;162;vecnamensko vozilo;MODUS 
55;1135;4.4;1;AUDI;LAMFF1-FM52J064R8Z50S4L;A2 / 1.4 / TDI;Nemcija;DEU;osebni avtomobil;173;vozilo z dviûnimi vrati zadaj;A2 
55;1092;4.4;1;AUDI;8Z LAMFF1-FM52J064R8Z50S4L;A 2 / 1.4;Nemcija;DEU;osebni avtomobil;173;vozilo z dviûnimi vrati zadaj;A 2 
55;1089;4.4;1;AUDI;8Z;A2 / 1.4 / TDI;Nemcija;DEU;osebni avtomobil;173;vozilo z dviûnimi vrati zadaj;A2 
55;1065;4.4;1;AUDI;8Z-AMF;A2 / 1.4 / TDI;Nemcija;DEU;osebni avtomobil;173;vozilo z dviûnimi vrati zadaj;A2 
55;1060;4.4;1;AUDI;LAMFF1 FM52J064R8Z50S4L;A2 / 1.4 / TDI;Nemcija;DEU;osebni avtomobil;173;vozilo z dviûnimi vrati zadaj;A2 
55;1306;4.4;1;DACIA;SD07DSJW5DA1C0M500;LOGAN / 1.5 / DCI;Romunija;ROM;osebni avtomobil;166;karavan;LOGAN 
55;1297;4.4;1;HYUNDAI;F5D11-M54AZ1;i 20 / 1.4 / CRDi LP;Indija;IND;osebni avtomobil;161;vecnamensko vozilo;i 20 
55;928;4.4;0;SEAT;ABCHYB-FM5FM5CF0117MMVR0N1SSE61;MII / 1.0 /;äpanija;ESP;osebni avtomobil;172;vozilo z dviûnimi vrati zadaj;MII 
55;936;4.4;0;äKODA;ABCHYB-FS5FS5CT0097MMVR0N1SSK61;CITIGO / 1.0 / AUT.;Ceöka republika;CZE;osebni avtomobil;172;vozilo z dviûnimi vrati zadaj;CITIGO 
55;928;4.4;0;äKODA;ABCHYB-FM5FM5CF0117MMVR0N1SSK61;CITIGO / 1.0 /;Ceöka republika;CZE;osebni avtomobil;173;vozilo z dviûnimi vrati zadaj;CITIGO 
55;928;4.4;0;äKODA;ABCHYB-FM5FM5CF0117MMVR0N1SSK61;CITIGO / 1.0 /;Ceöka republika;CZE;osebni avtomobil;172;vozilo z dviûnimi vrati zadaj;CITIGO 
55;1120;4.4;1;TOYOTA;NLP10L-CHMRXW(2G);YARIS / 1.4 / D;Francija;FRA;osebni avtomobil;170;vozilo z dviûnimi vrati zadaj;YARIS 
55;1115;4.4;1;TOYOTA;NLP10L-AHMRXW(2K);YARIS / 1.4;Japonska ;JPN;osebni avtomobil;170;vozilo z dviûnimi vrati zadaj;YARIS 
55;1110;4.4;1;TOYOTA;NLP10L-CGMGXW(2G);YARIS / 1.4 / D;Francija;FRA;osebni avtomobil;170;vozilo z dviûnimi vrati zadaj;YARIS 
55;1070;4.4;1;TOYOTA;NLP10L-AHMGXW(2K);YARIS / 1.4;Japonska ;JPN;osebni avtomobil;170;vozilo z dviûnimi vrati zadaj;YARIS 
55;1045;4.4;1;TOYOTA;NLP10L-AHMGXW(1G);YARIS / 1.4 / D;Japonska ;JPN;osebni avtomobil;170;vozilo z dviûnimi vrati zadaj;YARIS 
55;1040;4.4;1;TOYOTA;NLP10L-CGMGXW(2G);YARIS / 1.4;Japonska ;JPN;osebni avtomobil;170;vozilo z dviûnimi vrati zadaj;YARIS 
55;1025;4.4;1;TOYOTA;NLP10L-CHMRXW(2G);YARIS / 1.4;Francija;FRA;osebni avtomobil;170;vozilo z dviûnimi vrati zadaj;YARIS 
55;1000;4.4;1;TOYOTA;NLP10L-CGMGXW;YARIS / 1.4 / D;Francija;FRA;osebni avtomobil;170;vozilo z dviûnimi vrati zadaj;YARIS 
55;975;4.4;1;TOYOTA;NLP10L-CHMGXW(1F);YARIS / 1.4 / D;Francija;FRA;osebni avtomobil;170;vozilo z dviûnimi vrati zadaj;YARIS 
55;950;4.4;1;TOYOTA;NLP10L-CHMRXW(2F);YARIS / 1.4 / D;Francija;FRA;osebni avtomobil;170;vozilo z dviûnimi vrati zadaj;YARIS 
55;950;4.4;1;TOYOTA;NLP10L-CHMRXW(2F);YARIS / 1.4;Japonska ;JPN;osebni avtomobil;170;vozilo z dviûnimi vrati zadaj;YARIS 
55;1224;4.4;1;VOLKSWAGEN;9N;POLO / 1.4 / TDI;Nemcija;DEU;osebni avtomobil;170;vozilo z dviûnimi vrati zadaj;POLO 
55;1093;4.4;1;VOLKSWAGEN;SCAMFX01-SGFM52J0521N1K40GE;LUPO / 1.4 / TDI;Nemcija;DEU;osebni avtomobil;170;vozilo z dviûnimi vrati zadaj;LUPO 
55;1086;4.4;1;VOLKSWAGEN;SCAMFX01-SGFM52J0521N114K0GE;POLO / 1.4 / TDI;Nemcija;DEU;osebni avtomobil;170;vozilo z dviûnimi vrati zadaj;POLO 
55;936;4.4;0;VOLKSWAGEN;ABCHYB-FS5FS5CT0097MMVR0N1SVW61;UP! / 1.0 / AUT.;Nemcija;DEU;osebni avtomobil;173;vozilo z dviûnimi vrati zadaj;UP! 
55;936;4.4;0;VOLKSWAGEN;ABCHYB-FS5FS5CT0097MMVR0N1SVW61;UP! / 1.0 / AUT.;Nemcija;DEU;osebni avtomobil;173;vozilo za posebne namene;UP! 
55;928;4.4;0;VOLKSWAGEN;ABCHYB-FM5FM5CF0117MMVR0N1SVW61;UP! / 1.0 /;Nemcija;DEU;osebni avtomobil;173;vozilo z dviûnimi vrati zadaj;UP! 
55;1275;4.5;1;CITROEN;AJFHZ0/H;NEMO / 1.3 / JTD;Francija;FRA;osebni avtomobil;155;vecnamensko vozilo;NEMO 
55;1339;4.5;1;DACIA;0SDA45;DOKKER / 1.5 / DCI;Romunija;ROM;osebni avtomobil;150;karavan;DOKKER 
55;1307;4.5;1;DACIA;SD07DSJW5DA120M500;LOGAN / 1.5 / DCI;Romunija;ROM;osebni avtomobil;166;karavan;LOGAN 
55;1238;4.5;1;DACIA;SD05DSJW5DA120M500;SANDERO / 1.5 / DCI;Romunija;ROM;osebni avtomobil;166;vozilo z dviûnimi vrati zadaj;SANDERO 
55;1300;4.5;1;FIAT;199DXC1AA5D;GRANDE PUNTO VAN 1.3 / JTD;Italija;ITA;osebni avtomobil;165;vozilo z dviûnimi vrati zadaj;GRANDE PUNTO VAN 1.3 
55;1275;4.5;1;FIAT;225AXD1A04E;QUBO / 1.3 / MULTIJET;Italija;ITA;osebni avtomobil;155;vecnamensko vozilo;QUBO 
55;1275;4.5;1;FIAT;225AXB1A01F;FIORINO / 1.3 / MULTIJET;Italija;ITA;osebni avtomobil;155;vecnamensko vozilo;FIORINO 
55;1255;4.5;1;FIAT;199CXC1ADX;GRANDE PUNTO VAN 1.3 / JTD;Italija;ITA;osebni avtomobil;175;vozilo z dviûnimi vrati zadaj;GRANDE PUNTO VAN 1.3 
55;1220;4.5;1;FIAT;199DXC1AAX;GRANDE PUNTO VAN 1.3 / JTD;Italija;ITA;osebni avtomobil;165;vozilo z dviûnimi vrati zadaj;GRANDE PUNTO VAN 1.3 
55;1220;4.5;1;FIAT;199DXC1AA5;GRANDE PUNTO VAN 1.3 / JTD;Italija;ITA;osebni avtomobil;165;vecnamensko vozilo;GRANDE PUNTO VAN 1.3 
55;1220;4.5;1;FIAT;199DXC1A-AX;GRANDE PUNTO / 1.3 / JTD;Italija;ITA;osebni avtomobil;165;vozilo z dviûnimi vrati zadaj;GRANDE PUNTO 
55;1205;4.5;1;FIAT;199CXC1ABX;GRANDE PUNTO VAN 1.3 / JTD;Italija;ITA;osebni avtomobil;165;vozilo z dviûnimi vrati zadaj;GRANDE PUNTO VAN 1.3 
55;1205;4.5;1;FIAT;199CXC1A-AX;GRANDE PUNTO / 1.3 / JTD;Italija;ITA;osebni avtomobil;165;vozilo z dviûnimi vrati zadaj;GRANDE PUNTO 
55;1205;4.5;1;FIAT;199CXC1ACX;GRANDE PUNTO VAN 1.3 / JTD;Italija;ITA;osebni avtomobil;165;vecnamensko vozilo;GRANDE PUNTO VAN 1.3 
55;1180;4.5;1;FIAT;199BXC1A-05C;GRANDE PUNTO / 1.3 / JTD;Italija;ITA;osebni avtomobil;165;vecnamensko vozilo;GRANDE PUNTO 
55;1180;4.5;1;FIAT;199BXC1A05H;PUNTO / 1.3 / JTD;Italija;ITA;osebni avtomobil;165;vecnamensko vozilo;PUNTO 
55;1180;4.5;1;FIAT;199BXC1A05L;PUNTO EVO / 1.3 / JTD;Italija;ITA;osebni avtomobil;165;vecnamensko vozilo;PUNTO EVO 
55;1180;4.5;1;FIAT;199BXC1A05;GRANDE PUNTO / 1.3 / JTD;Italija;ITA;osebni avtomobil;165;vozilo za posebne namene;GRANDE PUNTO 
55;1165;4.5;1;FIAT;199AXC1A04;GRANDE PUNTO / 1.3 / JTD;Italija;ITA;osebni avtomobil;165;vecnamensko vozilo;GRANDE PUNTO 
55;1165;4.5;1;FIAT;199AXC1A-04;PUNTO GRANDE / 1.3 / JTD;Italija;ITA;osebni avtomobil;165;vecnamensko vozilo;PUNTO GRANDE 
55;1165;4.5;1;FIAT;199AXC1A04D;PUNTO / 1.3 / JTD;Italija;ITA;osebni avtomobil;165;vecnamensko vozilo;PUNTO 
55;1165;4.5;1;FIAT;199AXC1A-04C;GRANDE PUNTO / 1.3 / JTD;Italija;ITA;osebni avtomobil;165;vozilo z dviûnimi vrati zadaj;GRANDE PUNTO 
55;1165;4.5;1;FIAT;199AXC1A04H;PUNTO EVO / 1.3 / JTD;Italija;ITA;osebni avtomobil;165;vecnamensko vozilo;PUNTO EVO 
55;1045;4.5;1;LANCIA;843AXF1A09B;YPSILON / 1.3 / MULTIJET;Italija;ITA;osebni avtomobil;167;vozilo z dviûnimi vrati zadaj;YPSILON 
55;1155;4.5;1;MERCEDES BENZ;168-006 M20FF2HDAAAA00;A / 160 / CDI;Nemcija;DEU;osebni avtomobil;182;vozilo z dviûnimi vrati zadaj;A 
55;1155;4.5;1;MERCEDES BENZ;168.006-M20FF2HDAAAA0;A / 160 / CDI;Nemcija;DEU;osebni avtomobil;162;vozilo z dviûnimi vrati zadaj;A 
55;1235;4.5;1;OPEL;PD11-3A08B3RDBE5;CORSA / 1.3 / DT;Nemcija;DEU;osebni avtomobil;163;vecnamensko vozilo;CORSA 
55;1235;4.5;1;OPEL;PD11-3A08B3RDBD5;CORSA / 1.3 / DT;Nemcija;DEU;osebni avtomobil;163;vozilo z dviûnimi vrati zadaj;CORSA 
55;1205;4.5;1;OPEL;FD11-3A07B1PDBD5;CORSA / 1.3 / CDTI;Nemcija;DEU;osebni avtomobil;165;vozilo z dviûnimi vrati zadaj;CORSA 
55;1205;4.5;1;OPEL;FD11-3A07B1PDBE5;CORSA / 1.3 / DT;Nemcija;DEU;osebni avtomobil;163;vecnamensko vozilo;CORSA 
55;1160;4.5;1;OPEL;AC11-1A04A2BCDA5;AGILA / 1.3 / DT;Nemcija;DEU;osebni avtomobil;165;karavan;AGILA 
55;939;4.5;0;RENAULT;CNJ105;TWINGO / 1.2 / 16V;Francija;FRA;osebni avtomobil;169;vozilo z dviûnimi vrati zadaj;TWINGO 
55;1309;4.5;1;SEAT;SCAMFX01-SGFM52R014L41N10GZ;IBIZA / 1.4 / TDI;äpanija;ESP;osebni avtomobil;172;vozilo z dviûnimi vrati zadaj;IBIZA 
55;1251;4.5;1;SEAT;6LSCAMFX01-SGFM52R014L21N10GE;IBIZA / 1.4 / TDI;äpanija;ESP;osebni avtomobil;172;vozilo z dviûnimi vrati zadaj;IBIZA 
55;1185;4.5;1;SEAT;SCAMFX01-SGFM52R014L21N10GZ;IBIZA / 1.4 / TDI;äpanija;ESP;osebni avtomobil;172;vozilo z dviûnimi vrati zadaj;IBIZA 
55;1181;4.5;1;SEAT;SCAMFX01-SGFM52R014L20GZ;IBIZA / 1.4 / TDI;äpanija;ESP;osebni avtomobil;172;vozilo z dviûnimi vrati zadaj;IBIZA 
55;932;4.5;0;SEAT;ABCHYB-FS5FS5CT0097MJVR0N1SSE;MII / 1.0 / AUT.;äpanija;ESP;osebni avtomobil;171;vozilo z dviûnimi vrati zadaj;MII 
55;1308;4.5;1;äKODA;AFCFWAX01-NFM5FM52R03315N;ROOMSTER / 1.2 / TDI;Ceöka republika;CZE;osebni avtomobil;162;vecnamensko vozilo;ROOMSTER 
55;1269;4.5;1;äKODA;SEAMFX01-FM5FM52R014LALLE0GZS5;FABIA / COMBI 1.4;Ceöka republika;CZE;osebni avtomobil;170;karavan;FABIA 
55;1247;4.5;1;äKODA;SCAMFX01-FM5FM52R014LALLE0GZ;FABIA / 1.4;Ceöka republika;CZE;osebni avtomobil;168;vozilo z dviûnimi vrati zadaj;FABIA 
55;1243;4.5;1;äKODA;SCAMFX01-NFM5FM52R014LALLE0GZS5;FABIA / 1.4 / TDI;Ceöka republika;CZE;osebni avtomobil;168;vozilo z dviûnimi vrati zadaj;FABIA 
55;1234;4.5;1;äKODA;SCAMFX01-FM5FM52R014LALLE0GZS5;FABIA / 1.4;Ceöka republika;CZE;osebni avtomobil;168;vozilo z dviûnimi vrati zadaj;FABIA 
55;1204;4.5;1;äKODA;SEAMFX01-FM5FM52R014LALLE0GZ;FABIA / 1.4;Ceöka republika;CZE;osebni avtomobil;170;karavan;FABIA 
55;932;4.5;0;äKODA;ABCHYB-FS5FS5CT0097MMVR0N1SSK61;CITIGO / 1.0 / AUT.;Ceöka republika;CZE;osebni avtomobil;171;vozilo z dviûnimi vrati zadaj;CITIGO 
55;1140;4.5;1;SUZUKI;C91S-MT2;SWIFT / 1.3 / TD;Madûarska;HUN;osebni avtomobil;165;vozilo z dviûnimi vrati zadaj;SWIFT 
55;965;4.5;1;TOYOTA;NLP10L;YARIS / 1.4;Francija;FRA;osebni avtomobil;170;vozilo z dviûnimi vrati zadaj;YARIS 
55;1248;4.5;1;VOLKSWAGEN;SCAMFX01-SGFM52R0141N1L0GE;POLO / 1.4 / TDI;Nemcija;DEU;osebni avtomobil;170;vozilo z dviûnimi vrati zadaj;POLO 
55;1239;4.5;1;VOLKSWAGEN;ABSAMFX01-FM5FM52R0141N1L0GZ;POLO / 1.4 / TDI;Nemcija;DEU;osebni avtomobil;170;vozilo z dviûnimi vrati zadaj;POLO 
55;1225;4.5;1;VOLKSWAGEN;9N SC AMFX01-SGFM52R0141N1L0GZ;POLO / 1.4;Nemcija;DEU;osebni avtomobil;170;limuzina;POLO 
55;1173;4.5;1;VOLKSWAGEN;9N-AMF;POLO / 1.4 / TDI;Nemcija;DEU;osebni avtomobil;188;vozilo z dviûnimi vrati zadaj;POLO 
55;1172;4.5;1;VOLKSWAGEN;9N SC AMFX01-SGFM52R0141N1L0GZ;POLO / 1.4;Nemcija;DEU;osebni avtomobil;170;vozilo z dviûnimi vrati zadaj;POLO 
55;1171;4.5;1;VOLKSWAGEN;9N SC AMFX01-SGFM52R0141N1L0GZ;VOLKSWAGEN / POLO / 1.4 / TDI;Nemcija;DEU;osebni avtomobil;170;vozilo z dviûnimi vrati zadaj;VOLKSWAGEN 
55;1170;4.5;1;VOLKSWAGEN;9N ABSAMFX01-FM5FM52R0141N1L0GZ;POLO / 1.4;Nemcija;DEU;osebni avtomobil;170;vozilo z dviûnimi vrati zadaj;POLO 
55;1164;4.5;1;VOLKSWAGEN;ABSAMFX01-FM5FM52R0141N1L0GZ;POLO / 1.4;Nemcija;DEU;osebni avtomobil;170;vozilo z dviûnimi vrati zadaj;POLO 
55;1161;4.5;1;VOLKSWAGEN;SCAMFX01-SGFM52J0521N114L0GE;POLO / 1.4 / TDI;Nemcija;DEU;osebni avtomobil;170;vozilo z dviûnimi vrati zadaj;POLO 
55;932;4.5;0;VOLKSWAGEN;ABCHYB-FS5FS5CT0097MJVR0N1SVW;UP! / 1.0 / AUT.;Nemcija;DEU;osebni avtomobil;171;vozilo z dviûnimi vrati zadaj;UP! 
55;932;4.5;0;VOLKSWAGEN;ABCHYB-FS5FS5CT0097MMVR0N1SVW61;UP! / 1.0 / AUT.;Nemcija;DEU;osebni avtomobil;171;vozilo za posebne namene;UP! 
55;1330;4.6;1;DACIA;KSD045;LOGAN / MCV 1.5 / DCI;Romunija;ROM;osebni avtomobil;157;karavan;LOGAN 
55;1275;4.6;1;FIAT;225AXB1A01D;FIORINO / 1.3 / MULTIJET;Italija;ITA;osebni avtomobil;155;vecnamensko vozilo;FIORINO 
55;1165;4.6;1;FIAT;199AXC1A;GRANDE PUNTO / 1.3 / JTD;Italija;ITA;osebni avtomobil;175;vozilo z dviûnimi vrati zadaj;GRANDE PUNTO 
55;1235;4.6;1;OPEL;PD11-3A08B3RDBE5;CORSA / 1.3 / DT;Nemcija;DEU;osebni avtomobil;163;vecnamensko vozilo;CORSA 
55;1205;4.6;1;OPEL;DZ11-2A34A850GCD5;ASTRA / 1.7;Nemcija;DEU;osebni avtomobil;188;vozilo z dviûnimi vrati zadaj;ASTRA 
55;1205;4.6;1;OPEL;DJ11-2A34A850GCD5;ASTRA / 1.7;Nemcija;DEU;osebni avtomobil;173;vozilo z dviûnimi vrati zadaj;ASTRA 
55;1205;4.6;1;OPEL;FD11-3A07B1PDBD5;CORSA / 1.3 / DT;Nemcija;DEU;osebni avtomobil;163;vecnamensko vozilo;CORSA 
55;1395;4.6;1;RENAULT;KW27B5;KANGOO / 1.5 / DCI;Francija;FRA;osebni avtomobil;150;karavan;KANGOO 
55;1020;4.6;0;RENAULT;KC0-WEF;KANGOO / 1.2;Francija;FRA;osebni avtomobil;153;vecnamensko vozilo;KANGOO 
55;929;4.6;0;SEAT;ABCHYB-FM5FM5CF0107MMVR0N1SSE61;MII / 1.0 /;äpanija;ESP;osebni avtomobil;171;vozilo z dviûnimi vrati zadaj;MII 
55;1295;4.6;1;äKODA;SEAMFX01-FM5FM52R014MALLE0GZS5;FABIA / COMBI 1.4 / TDI;Ceöka republika;CZE;osebni avtomobil;170;karavan;FABIA 
55;1284;4.6;1;äKODA;SEAMFX01-FM5FM52R014MALLE0GZS5;FABIA / COMBI 1.4;Ceöka republika;CZE;osebni avtomobil;170;karavan;FABIA 
55;1260;4.6;1;äKODA;SCAMFX01-FM5FM52R014LALLE0GZS5;FABIA / 1.4 / TDI;Ceöka republika;CZE;osebni avtomobil;168;vozilo z dviûnimi vrati zadaj;FABIA 
55;1216;4.6;1;äKODA;6Y SEAMFX01-FM5FM52R014MALLE0GZ;FABIA / COMBI 1.4;Ceöka republika;CZE;osebni avtomobil;170;karavan;FABIA 
55;929;4.6;0;äKODA;ABCHYB-FM5FM5CF0107MMVR0N1SSK61;CITIGO / 1.0 /;Ceöka republika;CZE;osebni avtomobil;171;vozilo z dviûnimi vrati zadaj;CITIGO 
55;1442;4.6;1;VOLKSWAGEN;ACDFSFX0-N0J2FM5FM5A4057N1SBVR27MMLL161;CADDY / 2.0 / TDI;Nemcija;DEU;osebni avtomobil;152;karavan;CADDY 
55;1166;4.6;1;VOLKSWAGEN;ABSAMFX01-FM5FM52R0141N1M0GZ;POLO / 1.4 / TDI;Nemcija;DEU;osebni avtomobil;170;vozilo z dviûnimi vrati zadaj;POLO 
55;1004;4.6;0;VOLKSWAGEN;ABCHYB-FM5FM5CF0117MMVR0N1CVW62;UP! / 1.0 /;Nemcija;DEU;osebni avtomobil;158;vozilo z dviûnimi vrati zadaj;UP! 
55;929;4.6;0;VOLKSWAGEN;ABCHYB-FM5FM5CF0107MMVR0N1SVW61;UP! / 1.0 /;Nemcija;DEU;osebni avtomobil;171;vozilo z dviûnimi vrati zadaj;UP! 
55;1190;4.7;1;FIAT;312PXL2AP6;PANDA / 1.3 / JTD 4x4;Italija;ITA;osebni avtomobil;159;vecnamensko vozilo;PANDA 
55;1180;4.7;1;FIAT;199BXC1A05;GRANDE PUNTO / 1.3 / JTD;Italija;ITA;osebni avtomobil;165;vecnamensko vozilo;GRANDE PUNTO 
55;1180;4.7;1;FIAT;199BXC1A05;PUNTO GRANDE / 1.3 / JTD;Italija;ITA;osebni avtomobil;165;vecnamensko vozilo;PUNTO GRANDE 
55;1175;4.7;1;FIAT;312CXL2AA9;PANDA VAN / 1.3 / MULTIJET;Italija;ITA;osebni avtomobil;159;vozilo z dviûnimi vrati zadaj;PANDA VAN 
55;1172;4.7;1;FIAT;312CXL2AA9;FIAT PANDA VAN / 1.3 / MULTIJET 4X4;Italija;ITA;osebni avtomobil;159;vecnamensko vozilo;FIAT PANDA VAN 
55;1165;4.7;1;FIAT;199AXC1A04;GRANDE PUNTO / 1.3 / JTD;Italija;ITA;osebni avtomobil;165;vecnamensko vozilo;GRANDE PUNTO 
55;1050;4.7;0;MAZDA;6HV51W0;MAZDA 2 / G75 /;Japonska ;JPN;osebni avtomobil;171;vozilo z dviûnimi vrati zadaj;MAZDA 2 
55;1050;4.7;0;MAZDA;6HV51W0;MAZDA 2 / G75 /;Japonska ;JPN;osebni avtomobil;171;vozilo za posebne namene;MAZDA 2 
55;1320;4.7;1;OPEL;T98FJ11-2A28B523GCD5;ASTRA / CAR. 1.7 / DT;Nemcija;DEU;osebni avtomobil;165;karavan;ASTRA 
55;1280;4.7;1;OPEL;T98DJ11-2A34A850GCD5;ASTRA / 1.7 / DTI;Nemcija;DEU;osebni avtomobil;173;vozilo z dviûnimi vrati zadaj;ASTRA 
55;1205;4.7;1;OPEL;DJ11-2A34A850GCD5;ASTRA / 1.7 / DT;Nemcija;DEU;osebni avtomobil;173;vozilo z dviûnimi vrati zadaj;ASTRA 
55;1040;4.7;1;OPEL;BD11-1A05AAHCAC5;CORSA / 1.7 / DTI;Nemcija;DEU;osebni avtomobil;170;vozilo z dviûnimi vrati zadaj;CORSA 
55;939;4.7;0;RENAULT;CNJ605;TWINGO / 1.2 / 16V;Francija;FRA;osebni avtomobil;169;vozilo z dviûnimi vrati zadaj;TWINGO 
55;929;4.7;0;SEAT;ABCHYB-FM5FM5CF0107MJVR0N1SSE;MII / 1.0 /;äpanija;ESP;osebni avtomobil;171;vozilo z dviûnimi vrati zadaj;MII 
55;1055;4.7;0;äKODA;ABCHYBX01-NFM5FM5CF008N617;FABIA / 1.0 /;Ceöka republika;CZE;osebni avtomobil;160;vozilo z dviûnimi vrati zadaj;FABIA 
55;929;4.7;0;äKODA;ABCHYB-FM5FM5CF0047MGVR0N1FA1SK;CITIGO / 1.0 /;Ceöka republika;CZE;osebni avtomobil;171;vozilo z dviûnimi vrati zadaj;CITIGO 
55;1140;4.7;1;SUZUKI;C01S-MT;SWIFT / 1.3 / TD;Madûarska;HUN;osebni avtomobil;165;vozilo z dviûnimi vrati zadaj;SWIFT 
55;1105;4.7;0;VOLKSWAGEN;ABCHYB-FM5FM5DF010N2VR27MM63;POLO / 1.0 /;Nemcija;DEU;osebni avtomobil;170;vozilo z dviûnimi vrati zadaj;POLO 
55;996;4.7;0;VOLKSWAGEN;ABCHYB-FM5FM5CF0107MJVR0N1CVW;UP! / 1.0 /;Nemcija;DEU;osebni avtomobil;167;vozilo z dviûnimi vrati zadaj;UP! 
55;929;4.7;0;VOLKSWAGEN;ABCHYB-FM5FM5CF0047MJVR0N1SVW;UP! / 1.0 /;Nemcija;DEU;osebni avtomobil;171;vozilo z dviûnimi vrati zadaj;UP! 
55;1155;4.8;1;MERCEDES BENZ;168M20FF2-HDAAAA0;A / 160 / CDI;Nemcija;DEU;osebni avtomobil;162;karavan;A 
55;1155;4.8;1;MERCEDES BENZ;168M20FF2-HDAAAA0;A / 160 / CDI;Nemcija;DEU;osebni avtomobil;162;limuzina;A 
55;1175;4.8;1;MINI;RB11-01;ONE / / d;Nemcija;DEU;osebni avtomobil;165;vozilo z dviûnimi vrati zadaj;ONE 
55;1280;4.8;1;OPEL;TGF48-Y17DT;ASTRA / 1.7;Nemcija;DEU;osebni avtomobil;170;vozilo z dviûnimi vrati zadaj;ASTRA 
55;1278;4.8;1;OPEL;FJ11-2A28B523GCD5;ASTRA / CAR. 1.7 / DT 16V;Nemcija;DEU;osebni avtomobil;168;vecnamensko vozilo;ASTRA 
55;1278;4.8;1;OPEL;FJ11-2A28B523GCD5;ASTRA / 1.7;Nemcija;DEU;osebni avtomobil;168;karavan;ASTRA 
55;1278;4.8;1;OPEL;FJ11-2A28B523GCD5;OPEL / ASTRA /CAR. 1.7 / DT;Nemcija;DEU;osebni avtomobil;168;karavan;OPEL 
55;1278;4.8;1;OPEL;T98FJ11-2A22BS33GCD5;ASTRA / CAR. 1.7;Nemcija;DEU;osebni avtomobil;165;karavan;ASTRA 
55;1260;4.8;1;OPEL;TGF08-Y17DT;ASTRA / 1.7;Nemcija;DEU;osebni avtomobil;170;vozilo z dviûnimi vrati zadaj;ASTRA 
55;1205;4.8;1;OPEL;DJ11-2A34A850GCN5;ASTRA / 1.7 / DT;Nemcija;DEU;osebni avtomobil;173;vozilo z dviûnimi vrati zadaj;ASTRA 
55;1203;4.8;1;OPEL;FJ11 2A28B523GCD5;ASTRA / CAR. 1.7;Nemcija;DEU;osebni avtomobil;183;karavan;ASTRA 
55;1203;4.8;1;OPEL;FJ11-2A28B523GCD5;ASTRA / CAR. 1.7;Nemcija;DEU;osebni avtomobil;168;karavan;ASTRA 
55;1534;4.8;1;RENAULT;R00BD2N35SA04A5000;CLIO / 1.5 / DCI;Francija;FRA;osebni avtomobil;181;vozilo z dviûnimi vrati zadaj;CLIO 
55;1079;4.8;0;äKODA;ACCHYBX01-NFM5FM5CF00814N7;FABIA / COMBI 1.0 /;Ceöka republika;CZE;osebni avtomobil;175;karavan;FABIA 
55;1055;4.8;0;äKODA;ABCHYBX01-NFM5FM5CF00814N7;FABIA / 1.0 /;Ceöka republika;CZE;osebni avtomobil;172;vozilo z dviûnimi vrati zadaj;FABIA 
55;1248;4.8;1;VOLKSWAGEN;SCAMFX01-SGFM52R0141N1L0GZ;POLO / 1.4 / TDI;Nemcija;DEU;osebni avtomobil;170;vozilo z dviûnimi vrati zadaj;POLO 
55;1105;4.8;0;VOLKSWAGEN;ABCHYB-FM5FM5DF010N2VR27MM61;POLO / 1.0 /;Nemcija;DEU;osebni avtomobil;170;vozilo z dviûnimi vrati zadaj;POLO 
55;1055;4.8;0;VOLKSWAGEN;ABCHYB-FM5FM5CF008N3VR27MM00;POLO / 1.0 /;Nemcija;DEU;osebni avtomobil;173;vozilo z dviûnimi vrati zadaj;POLO 
55;1055;4.8;1;VOLKSWAGEN;6X;LUPO / 1.4;Nemcija;DEU;osebni avtomobil;170;vozilo z dviûnimi vrati zadaj;LUPO 
55;1055;4.8;1;VOLKSWAGEN;6X;LUPO 1.4;Nemcija;DEU;osebni avtomobil;170;vozilo z dviûnimi vrati zadaj;LUPO 1.4
55;1280;4.9;1;DACIA;0SDA44;DOKKER / 1.5 / DCI;Romunija;ROM;osebni avtomobil;150;karavan;DOKKER 
55;1150;4.9;1;FIAT;169AXG2A11D;PANDA / 1.3 / MULTIJET 4X4;Italija;ITA;osebni avtomobil;152;vecnamensko vozilo;PANDA 
55;1150;4.9;1;FIAT;169CXGABX;PANDA  1.3 / MULTIJET VAN 4X4;Italija;ITA;osebni avtomobil;152;vecnamensko vozilo;PANDA  1.3 
55;1087;4.9;0;MAZDA;6HV5AW00;MAZDA 2 / G75 /;Japonska ;JPN;osebni avtomobil;171;vozilo z dviûnimi vrati zadaj;MAZDA 2 
55;1076;4.9;0;MAZDA;6HV5AW01;MAZDA 2 / G75 /;Japonska ;JPN;osebni avtomobil;171;vozilo z dviûnimi vrati zadaj;MAZDA 2 
55;1185;4.9;0;MINI;XP91-6H1400C0;ONE / /;Nemcija;DEU;osebni avtomobil;175;vozilo z dviûnimi vrati zadaj;ONE 
55;1045;4.9;0;MITSUBISHI;Z3111-ANLNA5B5EAAA;COLT / 1.1 /;Nizozemska;NLD;osebni avtomobil;165;karavan;COLT 
55;1471;4.9;1;OPEL;BA11-1AADA8GBBA5;MERIVA / 1.3 / DT 16V;Nemcija;DEU;osebni avtomobil;160;vecnamensko vozilo;MERIVA 
55;1437;4.9;1;OPEL;BA11-1AACA8GBBA5;MERIVA / 1.3 / DT 16V;Nemcija;DEU;osebni avtomobil;160;vecnamensko vozilo;MERIVA 
55;1320;4.9;1;OPEL;T98-KOMBI;ASTRA / 1.7;Nemcija;DEU;osebni avtomobil;165;karavan;ASTRA 
55;1278;4.9;1;OPEL;T98FJ11-2A22BS33GCJ5;ASTRA / CAR. 1.7 / DT;Nemcija;DEU;osebni avtomobil;165;karavan;ASTRA 
55;1260;4.9;1;OPEL;TGF08-Y17DT;ASTRA / 1.7 / DTI;Nemcija;DEU;osebni avtomobil;175;vozilo z dviûnimi vrati zadaj;ASTRA 
55;1245;4.9;1;OPEL;T98-KOMBI-FJ11;ASTRA / 1.7 DTI / KARAVAN;Nemcija;DEU;osebni avtomobil;165;karavan;ASTRA 
55;1185;4.9;1;OPEL;TGF35;ASTRA / CAR. 1.7 / DTI;Nemcija;DEU;osebni avtomobil;168;vecnamensko vozilo;ASTRA 
55;1115;4.9;1;OPEL;CORSA-C;CORSA / 1.7;Nemcija;DEU;osebni avtomobil;170;vozilo z dviûnimi vrati zadaj;CORSA 
55;1394;4.9;1;RENAULT;KW24B5;KANGOO / 1.5 / DCI;Francija;FRA;osebni avtomobil;151;karavan;KANGOO 
55;1305;4.9;1;RENAULT;R00KD2N35SA04A5000;CLIO GRANDTOUR / 1.5 / DCI;Francija;FRA;osebni avtomobil;181;karavan;CLIO GRANDTOUR 
55;1289;4.9;1;RENAULT;R00BD2N35SA04A5000;CLIO / 1.5 / DCI;Francija;FRA;osebni avtomobil;181;vozilo z dviûnimi vrati zadaj;CLIO 
55;1289;4.9;1;RENAULT;R00BD2N35SA04A5000;CLIO / 1.5 / DCI;Francija;FRA;osebni avtomobil;181;vozilo za posebne namene;CLIO 
55;1164;4.9;1;RENAULT;CR2V0H;CLIO / 1.5 / DCI;Francija;FRA;osebni avtomobil;165;vozilo z dviûnimi vrati zadaj;CLIO 
55;1201;4.9;0;SEAT;6L-BBY;IBIZA / 1.4;äpanija;ESP;osebni avtomobil;157;vozilo z dviûnimi vrati zadaj;IBIZA 
55;1091;4.9;0;SEAT;BCHYB-FM5SFM5DF0107MM161;IBIZA / 1.0 /;äpanija;ESP;osebni avtomobil;167;vozilo z dviûnimi vrati zadaj;IBIZA 
55;1106;4.9;0;äKODA;ACCHYBX01-NFM5FM5CF0087CPN1C7A;FABIA / COMBI 1.0 /;Ceöka republika;CZE;osebni avtomobil;169;karavan;FABIA 
55;1104;4.9;0;äKODA;ACCHYBX01-NFM5FM5CF008N617;FABIA / COMBI 1.0 /;Ceöka republika;CZE;osebni avtomobil;175;karavan;FABIA 
55;1086;4.9;0;äKODA;ABCHYBX01-NFM5FM5CF0087CPN1C7A;FABIA / 1.0 /;Ceöka republika;CZE;osebni avtomobil;168;vozilo z dviûnimi vrati zadaj;FABIA 
55;1080;4.9;0;äKODA;ABCHYBX01-NFM5FM5CF008N617;FABIA / 1.0 /;Ceöka republika;CZE;osebni avtomobil;172;vozilo z dviûnimi vrati zadaj;FABIA 
55;1317;5.1;1;FORD;DNWBHDA1-5HDBMU;FOCUS / 1.8;Nemcija;DEU;osebni avtomobil;167;karavan;FOCUS 
55;1295;5.1;1;FORD;DNWBHDA1-5HDBMU;FOCUS / WAGON 1.8;Nemcija;DEU;osebni avtomobil;167;karavan;FOCUS 
55;1267;5.1;1;FORD;DBW-BHDA;FOCUS / 1.8 / TD;Nemcija;DEU;osebni avtomobil;167;vozilo z dviûnimi vrati zadaj;FOCUS 
55;1035;5.1;0;MAZDA;DEA4K2;MAZDA 2 / 1.4 / i LP;Japonska ;JPN;osebni avtomobil;168;vozilo z dviûnimi vrati zadaj;MAZDA 2 
55;1393;5.1;1;OPEL;BH11-2A04A7EBAF5;MERIVA / 1.3 / DT 16V;Nemcija;DEU;osebni avtomobil;157;vecnamensko vozilo;MERIVA 
55;1325;5.1;1;OPEL;BG11-1A05LHCBA5;COMBO-C / 1.3 / DTI;Nemcija;DEU;osebni avtomobil;152;vecnamensko vozilo;COMBO-C 
55;1325;5.1;1;OPEL;DG11-1A05EFCBF5;COMBO-C / 1.3 / DTI;Nemcija;DEU;osebni avtomobil;152;karavan;COMBO-C 
55;1064;5.1;0;RENAULT;CNAV05;TWINGO / 1.2 / 16V;Francija;FRA;osebni avtomobil;169;vozilo z dviûnimi vrati zadaj;TWINGO 
55;1019;5.1;0;RENAULT;CN0405;TWINGO / 1.2 / 16V;Francija;FRA;osebni avtomobil;169;vozilo z dviûnimi vrati zadaj;TWINGO 
55;994;5.1;0;RENAULT;CN0415;TWINGO / 1.2 / 16V;Francija;FRA;osebni avtomobil;169;vozilo z dviûnimi vrati zadaj;TWINGO 
55;1050;5.1;0;VOLKSWAGEN;ABCHYB-FM5FM5CF008N2VR07MM;POLO / 1.0 /;Nemcija;DEU;osebni avtomobil;173;vozilo z dviûnimi vrati zadaj;POLO 
55;1435;5.2;1;CITROEN;7J9HN0/1;BERLINGO / 1.6 / HDI;Francija;FRA;osebni avtomobil;152;karavan;BERLINGO 
55;1295;5.2;1;FORD;DNW;FOCUS / 1.8 / TDDI;Nemcija;DEU;osebni avtomobil;167;karavan;FOCUS 
55;1030;5.2;0;MAZDA;DE14K2;MAZDA 2 / 1.4 / i LP;Japonska ;JPN;osebni avtomobil;168;vozilo z dviûnimi vrati zadaj;MAZDA 2 
55;1225;5.2;0;MINI;XS91-6H1500C0;One / /;Nemcija;DEU;osebni avtomobil;172;karavan;One 
55;1160;5.2;0;MINI;XP11-6H040000;One / /;Nemcija;DEU;osebni avtomobil;175;vozilo z dviûnimi vrati zadaj;One 
55;1199;5.2;0;OPEL;CADSA12-BX2E6EHLK5;CORSA / 1.4 /;Nemcija;DEU;osebni avtomobil;167;vozilo z dviûnimi vrati zadaj;CORSA 
55;1199;5.2;0;OPEL;CADSA12-BX2D6EHLJ5;CORSA-E / 1.4 / 16V;Nemcija;DEU;osebni avtomobil;167;vozilo z dviûnimi vrati zadaj;CORSA-E 
55;1163;5.2;0;OPEL;BADSA12-BX2D3EHLJ5;CORSA-E / 1.4 / 16V;Nemcija;DEU;osebni avtomobil;175;kupe;CORSA-E 
55;1163;5.2;0;OPEL;CADSA12-BX2D6EHLJ5;CORSA / 1.4 /;Nemcija;DEU;osebni avtomobil;167;vozilo z dviûnimi vrati zadaj;CORSA 
55;1163;5.2;0;OPEL;BADSA12-BX2D3EHLJ5;CORSA / 1.4 /;Nemcija;DEU;osebni avtomobil;167;vecnamensko vozilo;CORSA 
55;1141;5.2;0;OPEL;BADSA12-BX2D3EHLJ5;CORSA-E / 1.4 / 16V;Nemcija;DEU;osebni avtomobil;167;kupe;CORSA-E 
55;1141;5.2;0;OPEL;BADSA12-BX2D3EHLJ5;CORSA / 1.4 /;Nemcija;DEU;osebni avtomobil;167;kupe;CORSA 
55;1085;5.2;0;PEUGEOT;UPHMHD-J1B500;208 / 1.2 /;Francija;FRA;osebni avtomobil;170;vozilo z dviûnimi vrati zadaj;208
55;1394;5.2;1;RENAULT;KW24B5;KANGOO / 1.5 / DCI;Francija;FRA;osebni avtomobil;151;karavan;KANGOO 
55;1394;5.2;1;RENAULT;KW04J5;KANGOO / 1.5 / DCI;Francija;FRA;osebni avtomobil;151;vecnamensko vozilo;KANGOO 
55;1043;5.2;0;SEAT;SCCHYB-FM5NFM5CF0087MM66;IBIZA / 1.0 /;äpanija;ESP;osebni avtomobil;173;vecnamensko vozilo;IBIZA 
55;1043;5.2;0;SEAT;SCCHYB-FM5NFM5CF0087MM66;IBIZA / 1.0 /;äpanija;ESP;osebni avtomobil;172;vecnamensko vozilo;IBIZA 
55;1062;5.2;0;VOLKSWAGEN;1J-AKQ;GOLF / 1.4;Nemcija;DEU;osebni avtomobil;171;vozilo z dviûnimi vrati zadaj;GOLF 
55;1055;5.2;1;VOLKSWAGEN;1HX0;GOLF / 1.9 / TD;Nemcija;DEU;osebni avtomobil;165;vozilo z dviûnimi vrati zadaj;GOLF 
55;1485;5.3;1;CITROEN;7J9HN0;BERLINGO / 1.6 / HDI;Francija;FRA;osebni avtomobil;148;karavan;BERLINGO 
55;1393;5.3;1;DACIA;SD00DSJW6DG000M500;DOKKER / 1.5 / DCI;Romunija;ROM;osebni avtomobil;154;karavan;DOKKER 
55;1135;5.3;0;MINI;ME31-AC;ONE / /;Nemcija;DEU;osebni avtomobil;175;vozilo z dviûnimi vrati zadaj;ONE 
55;1455;5.3;1;OPEL;CE11-1A05A9GDBF5;MERIVA / 1.7;Nemcija;DEU;osebni avtomobil;178;limuzina;MERIVA 
55;1055;5.3;0;OPEL;UPHMHD-X1B400;CORSA / 1.2 /;Nemcija;DEU;osebni avtomobil;170;vozilo z dviûnimi vrati zadaj;CORSA 
55;1485;5.3;1;PEUGEOT;7J9HN0;PARTNER / 1.6 / HDI;Francija;FRA;osebni avtomobil;148;karavan;PARTNER 
55;1315;5.3;1;PEUGEOT;GJ9HWC;PARTNER / 1.6 / HDI;Francija;FRA;osebni avtomobil;150;karavan;PARTNER 
55;1093;5.3;0;PEUGEOT;UPHMHD-J1B500;208 / 1.2 /;Francija;FRA;osebni avtomobil;170;vozilo z dviûnimi vrati zadaj;208
55;1077;5.3;0;PEUGEOT;UPHMHD-J1K400;208 / 1.2 /;Francija;FRA;osebni avtomobil;170;vozilo z dviûnimi vrati zadaj;208
55;936;5.3;0;äKODA;ABCHYB-FM5FM5CF0117CPVR2N1SSK1B;CITIGO / 1.0 /;Ceöka republika;CZE;osebni avtomobil;173;vozilo z dviûnimi vrati zadaj;CITIGO 
55;815;5.3;0;SMART;1433C0-BBAAZ200;FORTWO / CABRIO 55 BRABUS / AUT.;Nemcija;DEU;osebni avtomobil;150;kabriolet;FORTWO 
55;805;5.3;0;SMART;1333C0-BBAAZ200;COUPE 55 / AUT.;Nemcija;DEU;osebni avtomobil;150;kupe;COUPE 55 
55;965;5.3;1;TOYOTA;NLP10L-CGMGXW(1F);YARIS / 1.4 / D;Francija;FRA;osebni avtomobil;175;vozilo z dviûnimi vrati zadaj;YARIS 
55;1474;5.3;1;VOLKSWAGEN;ACCAYEX01-N0J2FM5FM5A4056N1EB7MQ;CADDY / 1.6 / TDI;Nemcija;DEU;osebni avtomobil;151;karavan;CADDY 
55;1394;5.3;1;VOLKSWAGEN;ABBDKX0-FM5FM5AF012M40GGN1;GOLF / 2.0 / SDI;Nemcija;DEU;osebni avtomobil;163;vozilo z dviûnimi vrati zadaj;GOLF 
55;1391;5.3;1;VOLKSWAGEN;ABBDKX01-FM5AF012M4;GOLF / 2.0 / SDI;Nemcija;DEU;osebni avtomobil;163;vozilo z dviûnimi vrati zadaj;GOLF 
55;1390;5.3;1;VOLKSWAGEN;1K ABBDKX01-FM5AF012M4;GOLF / 2.0;Nemcija;DEU;osebni avtomobil;163;vozilo z dviûnimi vrati zadaj;GOLF 
55;1389;5.3;1;VOLKSWAGEN;ABBDKX01-FM5AF012M4;GOLF / 2.0;Nemcija;DEU;osebni avtomobil;163;vozilo z dviûnimi vrati zadaj;GOLF 
55;1386;5.3;1;VOLKSWAGEN;ABBDKX0-FM5FM5AF012M40GGN1;GOLF / 2.0;Nemcija;DEU;osebni avtomobil;163;vozilo z dviûnimi vrati zadaj;GOLF 
55;1382;5.3;1;VOLKSWAGEN;1K ABBDKX01-FM5AF012M4;GOLF / 2.0;Nemcija;DEU;osebni avtomobil;163;limuzina;GOLF 
55;1357;5.3;1;VOLKSWAGEN;ABBDKX01-FM5AF012M2;GOLF / 2.0;Nemcija;DEU;osebni avtomobil;163;vozilo z dviûnimi vrati zadaj;GOLF 
55;1354;5.3;1;VOLKSWAGEN;ABBDKX0-FM5FM5AF012M20GGN1;GOLF / 2.0;Nemcija;DEU;osebni avtomobil;163;vozilo z dviûnimi vrati zadaj;GOLF 
55;1353;5.3;1;VOLKSWAGEN;1KABBDKX01-FM5AF012M2;GOLF / 2.0 / SDI;Nemcija;DEU;osebni avtomobil;163;vozilo z dviûnimi vrati zadaj;GOLF 
55;1351;5.3;1;VOLKSWAGEN;ABBDKX01-FM5FM5AF012M20GG;GOLF / 2.0;Nemcija;DEU;osebni avtomobil;163;vozilo z dviûnimi vrati zadaj;GOLF 
55;1346;5.3;1;VOLKSWAGEN;ABBDKX01-FM5AF012M2;GOLF / 2.0 / SDI;Nemcija;DEU;osebni avtomobil;163;vozilo z dviûnimi vrati zadaj;GOLF 
55;1327;5.3;1;VOLKSWAGEN;1K;GOLF / 2.0 / SDI;Nemcija;DEU;osebni avtomobil;163;vozilo z dviûnimi vrati zadaj;GOLF 
55;1292;5.3;1;VOLKSWAGEN;1K ABBDKX01-FM5AF012M2;GOLF / 2.0;Nemcija;DEU;osebni avtomobil;163;vozilo z dviûnimi vrati zadaj;GOLF 
55;936;5.3;0;VOLKSWAGEN;ABCHYB-FM5FM5CF0117CPVR2N1SVW1BM;UP! / 1.0 /;Nemcija;DEU;osebni avtomobil;173;vozilo z dviûnimi vrati zadaj;UP! 
55;1195;5.4;1;AUDI;B4;80 / 1.9 / TDI;Nemcija;DEU;osebni avtomobil;162;limuzina;80
55;1205;5.4;1;CITROEN;GB9HWC;BERLINGO 1.6 / HDI;Francija;FRA;osebni avtomobil;150;vecnamensko vozilo;BERLINGO 1.6 
55;1426;5.4;1;DACIA;SD00DSJW6DA160M500;DOKKER / 1.5 / DCI;Romunija;ROM;osebni avtomobil;154;karavan;DOKKER 
55;1317;5.4;1;FORD;DNW;FOCUS / 1.8;Nemcija;DEU;osebni avtomobil;167;karavan;FOCUS 
55;1030;5.4;0;MAZDA;DE14K2;MAZDA 2 / 1.4 / i LP;Japonska ;JPN;osebni avtomobil;168;vozilo z dviûnimi vrati zadaj;MAZDA 2 
55;1155;5.4;0;MINI;SR11-5H000;ONE / /;Nemcija;DEU;osebni avtomobil;175;vozilo z dviûnimi vrati zadaj;ONE 
55;1145;5.4;0;MINI;SR11-J5;ONE / /;Nemcija;DEU;osebni avtomobil;175;vozilo z dviûnimi vrati zadaj;ONE 
55;1393;5.4;1;OPEL;BC11-1A04A7EBAF5;MERIVA / 1.7;Nemcija;DEU;osebni avtomobil;161;limuzina;MERIVA 
55;1393;5.4;1;OPEL;BC11-1A04A7EBAF5;MERIVA / 1.7;Nemcija;DEU;osebni avtomobil;161;vecnamensko vozilo;MERIVA 
55;1318;5.4;1;OPEL;BC11-1A04A7EBAF5;OPEL / MERIVA / 1.7 /DT 16V;Nemcija;DEU;osebni avtomobil;161;vecnamensko vozilo;OPEL 
55;1055;5.4;0;OPEL;UPHMHD-X1B100;CORSA / 1.2 /;Nemcija;DEU;osebni avtomobil;170;vozilo z dviûnimi vrati zadaj;CORSA 
55;1085;5.4;0;PEUGEOT;UPHMHD-J1B300;208 / 1.2 /;Francija;FRA;osebni avtomobil;170;vozilo z dviûnimi vrati zadaj;208
55;1084;5.4;0;PEUGEOT;UPHMHD-J1B100;208 / 1.2 /;Francija;FRA;osebni avtomobil;170;vozilo z dviûnimi vrati zadaj;208
55;936;5.4;0;äKODA;ABCHYB-FM5FM5CF0117CPVR2N1SSK1B;CITIGO / 1.0 /;Ceöka republika;CZE;osebni avtomobil;173;vozilo z dviûnimi vrati zadaj;CITIGO 
55;1405;5.4;1;VOLKSWAGEN;ABBDKX01-FM5AF012N4;GOLF / 2.0 / SDI;Nemcija;DEU;osebni avtomobil;163;vozilo z dviûnimi vrati zadaj;GOLF 
55;1395;5.4;1;VOLKSWAGEN;ABBDKX01-FM5AF012M4;GOLF / 2.0 / SDI;Nemcija;DEU;osebni avtomobil;163;vozilo z dviûnimi vrati zadaj;GOLF 
55;1385;5.4;1;VOLKSWAGEN;ABBDKX0-FM5FM5AF012M40GGN1;GOLF / 2.0 / SDI;Nemcija;DEU;osebni avtomobil;163;vozilo z dviûnimi vrati zadaj;GOLF 
55;1336;5.4;1;VOLKSWAGEN;ABBDKX01-FM5AF012N40GG;GOLF / 2.0 / SDI;Nemcija;DEU;osebni avtomobil;163;vozilo z dviûnimi vrati zadaj;GOLF 
55;1327;5.4;1;VOLKSWAGEN;1K ABBDKX01-FM5AF012N4;GOLF / 2.0;Nemcija;DEU;osebni avtomobil;163;vozilo z dviûnimi vrati zadaj;GOLF 
55;1325;5.4;1;VOLKSWAGEN;ABBDKX01-FM5FM5AF012N40GG;GOLF / 2.0 / SDI;Nemcija;DEU;osebni avtomobil;163;vozilo z dviûnimi vrati zadaj;GOLF 
55;1292;5.4;1;VOLKSWAGEN;ACBDKX0-FM5FM5AF012N0GGN1;GOLF / 2.0 / SDI;Nemcija;DEU;osebni avtomobil;163;karavan;GOLF 
55;1292;5.4;1;VOLKSWAGEN;ABBDKX0-FM5FM5AF0120GGN1;GOLF / 2.0 / SDI;Nemcija;DEU;osebni avtomobil;163;vozilo z dviûnimi vrati zadaj;GOLF 
55;936;5.4;0;VOLKSWAGEN;ABCHYB-FM5FM5CF0117CPVR2N1SVW1BM;UP! / 1.0 /;Nemcija;DEU;osebni avtomobil;173;vozilo z dviûnimi vrati zadaj;UP! 
55;980;5.5;1;FIAT;312AXB1A-01;500 / 1.3 JTD;Italija;ITA;osebni avtomobil;182;vozilo z dviûnimi vrati zadaj;500
55;1281;5.5;1;FORD;DNW-F9DA1;FOCUS / 1.8 / TDCI;Nemcija;DEU;osebni avtomobil;196;karavan;FOCUS 
55;1040;5.5;0;MITSUBISHI;Z3211-AAAAA5A5A;COLT / 1.1;Nizozemska;NLD;osebni avtomobil;165;karavan;COLT 
55;1010;5.5;0;MITSUBISHI;Z2213-AAAAA5A5A;COLT / 1.1 / CZ3;Nizozemska;NLD;osebni avtomobil;165;vozilo z dviûnimi vrati zadaj;COLT 
55;1005;5.5;0;MITSUBISHI;Z2213-AHEEA5A5A;COLT / 1.1 / CZ3;Nizozemska;NLD;osebni avtomobil;165;vozilo z dviûnimi vrati zadaj;COLT 
55;1005;5.5;0;MITSUBISHI;Z2212-AHEEA5A5A;COLT / 1.1 / CZ3;Nizozemska;NLD;osebni avtomobil;165;vecnamensko vozilo;COLT 
55;1235;5.5;1;OPEL;SD11-3A08B3R0DBD5;CORSA / 1.3 / DT;Nemcija;DEU;osebni avtomobil;163;vecnamensko vozilo;CORSA 
55;1055;5.5;0;OPEL;UPHMHD-X1B300;CORSA / 1.2 /;Nemcija;DEU;osebni avtomobil;170;vozilo z dviûnimi vrati zadaj;CORSA 
55;1100;5.5;0;PEUGEOT;UPHMHD-J1B300;208 / 1.2 /;Francija;FRA;osebni avtomobil;170;vozilo z dviûnimi vrati zadaj;208
55;1099;5.5;0;PEUGEOT;UPHMHD-J1B100;208 / 1.2 /;Francija;FRA;osebni avtomobil;170;vozilo z dviûnimi vrati zadaj;208
55;1055;5.5;0;RENAULT;5R0G0H;CLIO / 1.2 / 16V;Francija;FRA;osebni avtomobil;167;vozilo z dviûnimi vrati zadaj;CLIO 
55;1030;5.5;0;RENAULT;CN0V05;TWINGO / 1.2 / 16V;Francija;FRA;osebni avtomobil;169;vozilo z dviûnimi vrati zadaj;TWINGO 
55;1040;5.5;0;SMART;323AC2-CEAAZA00;FORFOUR / 1.1;Nemcija;DEU;osebni avtomobil;165;karavan;FORFOUR 
55;1292;5.5;1;VOLKSWAGEN;1K;GOLF / 2.0 / SDI;Nemcija;DEU;osebni avtomobil;163;vozilo z dviûnimi vrati zadaj;GOLF 
55;1203;5.6;1;OPEL;BB11-1A02FDAAC5;COMBO-C / 1.7;Nemcija;DEU;osebni avtomobil;156;vecnamensko vozilo;COMBO-C 
55;1055;5.6;0;OPEL;UPHMHD-X1B100;CORSA / 1.2 /;Nemcija;DEU;osebni avtomobil;170;vozilo z dviûnimi vrati zadaj;CORSA 
55;1062;5.6;0;RENAULT;BR9S0H;CLIO / 1.2 / 16V;Francija;FRA;osebni avtomobil;167;vozilo z dviûnimi vrati zadaj;CLIO 
55;1055;5.6;0;RENAULT;CRP31H;CLIO / 1.2 / 16V;Francija;FRA;osebni avtomobil;167;vozilo z dviûnimi vrati zadaj;CLIO 
55;1023;5.6;0;RENAULT;CN040H;TWINGO / 1.2 / 16V AUT.;Francija;FRA;osebni avtomobil;173;vozilo z dviûnimi vrati zadaj;TWINGO 
55;1003;5.6;0;RENAULT;CN041H;TWINGO / 1.2 / 16V AUT.;Francija;FRA;osebni avtomobil;173;vozilo z dviûnimi vrati zadaj;TWINGO 
55;1009;5.6;0;VOLKSWAGEN;ABCHYB-FM5FM5CF0117CPVR2N1CVW1C;UP! / 1.0 /;Nemcija;DEU;osebni avtomobil;158;vozilo z dviûnimi vrati zadaj;UP! 
55;1115;5.7;0;FIAT;199BXH1A20L;PUNTO / 1.4 /;Italija;ITA;osebni avtomobil;165;vecnamensko vozilo;PUNTO 
55;1010;5.7;0;MITSUBISHI;Z2212-AAAAA5A5B;COLT / 1.1 / CZ3;Nizozemska;NLD;osebni avtomobil;165;vecnamensko vozilo;COLT 
55;1163;5.7;0;OPEL;CA031CA12-BA1SABEH225;CORSA / 1.4 /;Nemcija;DEU;osebni avtomobil;167;vozilo z dviûnimi vrati zadaj;CORSA 
55;1100;5.7;0;RENAULT;CB2L05;CLIO / 1.2 / 16V;Francija;FRA;osebni avtomobil;170;vozilo z dviûnimi vrati zadaj;CLIO 
55;1040;5.7;0;RENAULT;BB2L05;CLIO / 1.2 / 16V;Francija;FRA;osebni avtomobil;170;vozilo z dviûnimi vrati zadaj;CLIO 
55;1030;5.7;0;RENAULT;CN0V05;TWINGO / 1.2 / 16V;Francija;FRA;osebni avtomobil;169;vozilo z dviûnimi vrati zadaj;TWINGO 
55;910;5.7;0;RENAULT;C06D0K;TWINGO / 1.2;Francija;FRA;osebni avtomobil;168;vozilo z dviûnimi vrati zadaj;TWINGO 
55;1106;5.7;0;äKODA;ACCHYBX01-NFM5FM5CF0087CPN1C7A;FABIA / COMBI 1.0 /;Ceöka republika;CZE;osebni avtomobil;169;karavan;FABIA 
55;1086;5.7;0;äKODA;ABCHYBX01-NFM5FM5CF0087CPN1C7A;FABIA / 1.0 /;Ceöka republika;CZE;osebni avtomobil;168;vozilo z dviûnimi vrati zadaj;FABIA 
55;1580;5.7;1;VOLKSWAGEN;BBCAYEX01-FM5FM5A4056S0J37MG5NN1G2O;CADDY 1.6 / TDI;Nemcija;DEU;osebni avtomobil;150;vecnamensko vozilo;CADDY 1.6 
55;1522;5.7;1;VOLKSWAGEN;ACCAYEX01-N0J2FM5FM5A4056N1ST7MG;CADDY / 1.6 / TDI;Nemcija;DEU;osebni avtomobil;150;karavan;CADDY 
55;1474;5.7;1;VOLKSWAGEN;ACCAYEX01-FM5FM5A4056SB0J27MGNN1;CADDY / 1.6 / TDI;Nemcija;DEU;osebni avtomobil;150;karavan;CADDY 
55;1102;5.8;0;FORD;JH1-FUJA15BEBKB;FIESTA / 1.25 /;Nemcija;DEU;osebni avtomobil;163;vozilo z dviûnimi vrati zadaj;FIESTA 
55;1010;5.8;0;HONDA;EJ-911;CIVIC / 1.4;Japonska ;JPN;osebni avtomobil;177;vozilo z dviûnimi vrati zadaj;CIVIC 
55;1203;5.8;1;OPEL;COMBO-C;COMBO / 1.7 / DTI;Nemcija;DEU;osebni avtomobil;155;vecnamensko vozilo;COMBO 
55;935;5.8;0;OPEL;DL11-1A07A3CBCA5;CORSA / 1.2 / 16V;Nemcija;DEU;osebni avtomobil;170;vozilo z dviûnimi vrati zadaj;CORSA 
55;1093;5.8;0;RENAULT;KR1S0H;CLIO / GRANDTOUR 1.2 / 16V;Francija;FRA;osebni avtomobil;167;karavan;CLIO 
55;1062;5.8;0;RENAULT;BR1S0H;CLIO / 1.2 / 16V;Francija;FRA;osebni avtomobil;167;vozilo z dviûnimi vrati zadaj;CLIO 
55;1055;5.8;0;RENAULT;CR1S0H;CLIO / 1.2 / 16V;Francija;FRA;osebni avtomobil;167;vozilo z dviûnimi vrati zadaj;CLIO 
55;1045;5.8;0;RENAULT;BB2U05;CLIO / 1.2 / 16V;Francija;FRA;osebni avtomobil;170;vozilo z dviûnimi vrati zadaj;CLIO 
55;1020;5.8;0;RENAULT;CB2U05;CLIO / 1.2 / 16V;Francija;FRA;osebni avtomobil;170;vozilo z dviûnimi vrati zadaj;CLIO 
55;925;5.8;0;RENAULT;C06D0K;TWINGO / 1.2 / 16V AUT.;Francija;FRA;osebni avtomobil;168;vozilo z dviûnimi vrati zadaj;TWINGO 
55;920;5.8;0;RENAULT;C06C05;TWINGO / 1.2 / 16V;Francija;FRA;osebni avtomobil;168;vozilo z dviûnimi vrati zadaj;TWINGO 
55;905;5.8;0;RENAULT;C06W05;TWINGO / 1.2 / 16V;Francija;FRA;osebni avtomobil;168;vozilo z dviûnimi vrati zadaj;TWINGO 
55;905;5.8;0;RENAULT;C06005;TWINGO / 1.2 / 16V;Francija;FRA;osebni avtomobil;167;vozilo z dviûnimi vrati zadaj;TWINGO 
55;1130;5.8;0;äKODA;ABCGPC-NFM5FM52T117STN9P0SK;RAPID / 1.2 /;Ceöka republika;CZE;osebni avtomobil;172;vozilo z dviûnimi vrati zadaj;RAPID 
55;1086;5.8;0;äKODA;ABCHYBX01-NFM5FM5CF0087CPN1C7A;FABIA / 1.0 /;Ceöka republika;CZE;osebni avtomobil;168;vozilo z dviûnimi vrati zadaj;FABIA 
55;1115;5.8;1;VOLKSWAGEN;1H-AAZ;GOLF / 1.9 / TD;Nemcija;DEU;osebni avtomobil;165;vozilo z dviûnimi vrati zadaj;GOLF 
55;979;5.9;0;AUDI;8Z LBBYF1-FM52T008R8Z50S4I;A 2 / 1.4;Nemcija;DEU;osebni avtomobil;173;limuzina;A 2 
55;1148;5.9;0;DACIA;BSDA1P;SANDERO / 1.2 / 16V;Romunija;ROM;osebni avtomobil;161;vozilo z dviûnimi vrati zadaj;SANDERO 
55;1091;5.9;0;DACIA;7SDAG4;LOGAN / 1.2 / 16V;Romunija;ROM;osebni avtomobil;156;karavan;LOGAN 
55;1049;5.9;0;DACIA;4SDAG4;LOGAN / 1.2 / 16V;Romunija;ROM;osebni avtomobil;156;limuzina;LOGAN 
55;1016;5.9;0;DACIA;5SDAG4;SANDERO / 1.2 / 16V;Romunija;ROM;osebni avtomobil;156;vozilo z dviûnimi vrati zadaj;SANDERO 
55;1215;5.9;0;MINI;XP91-DHW400L0;ONE / /;Nemcija;DEU;osebni avtomobil;173;vozilo z dviûnimi vrati zadaj;ONE 
55;1510;5.9;0;RENAULT;BBCU05;CLIO / 1.2;Francija;FRA;osebni avtomobil;170;vozilo z dviûnimi vrati zadaj;CLIO 
55;1264;5.9;1;RENAULT;R00KD2N35SA04A5000;CLIO GRANDTOUR / 1.5 / DCI;Francija;FRA;osebni avtomobil;178;karavan;CLIO GRANDTOUR 
55;1255;5.9;0;RENAULT;JP1CG5;MODUS / 1.2 / 16V;Francija;FRA;osebni avtomobil;163;vecnamensko vozilo;MODUS 
55;1225;5.9;0;RENAULT;JP1RF5;MODUS / 1.2 / 16V;Francija;FRA;osebni avtomobil;163;vecnamensko vozilo;MODUS 
55;1195;5.9;0;RENAULT;JP0C05;MODUS / 1.2 / 16V;Francija;FRA;osebni avtomobil;163;vecnamensko vozilo;MODUS 
55;1185;5.9;0;RENAULT;KR1J0H;CLIO / GRANDTOUR 1.2 / 16V;Francija;FRA;osebni avtomobil;167;karavan;CLIO 
55;1165;5.9;0;RENAULT;BR1J0H;CLIO / 1.2 / 16V;Francija;FRA;osebni avtomobil;167;vozilo z dviûnimi vrati zadaj;CLIO 
55;1155;5.9;0;RENAULT;CR1JBH;CLIO / 1.2 / 16V;Francija;FRA;osebni avtomobil;167;vozilo z dviûnimi vrati zadaj;CLIO 
55;1115;5.9;0;RENAULT;CR1J0H;CLIO / 1.2;Francija;FRA;osebni avtomobil;167;vozilo z dviûnimi vrati zadaj;CLIO 
55;1040;5.9;0;RENAULT;BB2U05;CLIO / 1.2 / 16V;Francija;FRA;osebni avtomobil;170;vozilo z dviûnimi vrati zadaj;CLIO 
55;1040;5.9;0;RENAULT;BB2U05;CLIO / 1.2 / 16V;Francija;FRA;osebni avtomobil;170;limuzina;CLIO 
55;1040;5.9;0;RENAULT;BB2T05;CLIO  1.2;Francija;FRA;osebni avtomobil;170;vozilo z dviûnimi vrati zadaj;CLIO  1.2
55;1040;5.9;0;RENAULT;BB2T05; /;Francija;FRA;osebni avtomobil;170;vozilo z dviûnimi vrati zadaj;
55;1020;5.9;0;RENAULT;CBCU05;CLIO / 1.2 / 16V;Francija;FRA;osebni avtomobil;170;vozilo z dviûnimi vrati zadaj;CLIO 
55;1005;5.9;0;RENAULT;BB05CF;CLIO / 1.2 / 16V;Francija;FRA;osebni avtomobil;175;vozilo z dviûnimi vrati zadaj;CLIO 
55;1005;5.9;0;RENAULT;BB05CF;CLIO / 1.2 / 16V;Francija;FRA;osebni avtomobil;170;vozilo z dviûnimi vrati zadaj;CLIO 
55;990;5.9;0;RENAULT;R-BR1J0H;CLIO / 1.2;Francija;FRA;osebni avtomobil;167;vozilo z dviûnimi vrati zadaj;CLIO 
55;985;5.9;0;RENAULT;CB0WCF;CLIO / 1.2 / 16V;Francija;FRA;osebni avtomobil;170;vozilo z dviûnimi vrati zadaj;CLIO 
55;965;5.9;0;RENAULT;BB05EF;CLIO / 1.2 / 16V;Francija;FRA;osebni avtomobil;170;vozilo z dviûnimi vrati zadaj;CLIO 
55;945;5.9;0;RENAULT;CBCT05;CLIO / 1.2 /;Francija;FRA;osebni avtomobil;170;vozilo z dviûnimi vrati zadaj;CLIO 
55;945;5.9;0;RENAULT;CB2U05;CLIO / 1.2 /;Francija;FRA;osebni avtomobil;158;vozilo z dviûnimi vrati zadaj;CLIO 
55;920;5.9;0;RENAULT;C06C-05;TWINGO / 1.2 / 16V;Francija;FRA;osebni avtomobil;168;vozilo z dviûnimi vrati zadaj;TWINGO 
55;910;5.9;0;RENAULT;CB05CF;CLIO / 1.2 / 16V;Francija;FRA;osebni avtomobil;170;vozilo z dviûnimi vrati zadaj;CLIO 
55;910;5.9;0;RENAULT;CB0-5CF;CLIO / 1.2;Francija;FRA;osebni avtomobil;160;vozilo z dviûnimi vrati zadaj;CLIO 
55;905;5.9;0;RENAULT;C06D-05;TWINGO / 1.2 / 16V;Francija;FRA;osebni avtomobil;168;vozilo z dviûnimi vrati zadaj;TWINGO 
55;845;5.9;0;RENAULT;C06C05;TWINGO / 1.2 / 16V;Francija;FRA;osebni avtomobil;168;vozilo z dviûnimi vrati zadaj;TWINGO 
55;1135;5.9;0;äKODA;AACGPC-NFM5FM52T117ST0P0SK;RAPID / 1.2 /;Ceöka republika;CZE;osebni avtomobil;175;limuzina;RAPID 
55;1130;5.9;0;äKODA;ABCGPC-NFM5FM52T117ST0P0SK;RAPID / 1.2 /;Ceöka republika;CZE;osebni avtomobil;172;vozilo z dviûnimi vrati zadaj;RAPID 
55;1025;6.1;0;AUDI;8ZLAUAF1-FM52T008R8Z50S4K;A2 / 1.4 /;Nemcija;DEU;osebni avtomobil;173;vozilo z dviûnimi vrati zadaj;A2 
55;990;6.1;0;AUDI;LAUAF1-FM52T008R8Z50S4K;A2 / 1.4 /;Nemcija;DEU;osebni avtomobil;173;vozilo z dviûnimi vrati zadaj;A2 
55;970;6.1;0;AUDI;8Z-AUA;A2 / 1.4 /;Nemcija;DEU;osebni avtomobil;173;vozilo z dviûnimi vrati zadaj;A2 
55;1320;6.1;1;OPEL;TGF35-Y17DT;ASTRA / CAR. 1.7;Nemcija;DEU;osebni avtomobil;165;karavan;ASTRA 
55;1035;6.1;0;OPEL;DB11-1A07A3CBCA5;CORSA / 1.2;Nemcija;DEU;osebni avtomobil;170;vozilo z dviûnimi vrati zadaj;CORSA 
55;1010;6.1;0;OPEL;AB11-1A02A2BBCA5;CORSA / 1.2;Nemcija;DEU;osebni avtomobil;170;vozilo z dviûnimi vrati zadaj;CORSA 
55;960;6.1;0;OPEL;CB11-1A07A2BBCA5;CORSA / 1.2;Nemcija;DEU;osebni avtomobil;170;vozilo z dviûnimi vrati zadaj;CORSA 
55;960;6.1;0;OPEL;DB11-1A07A3CBCA5;OPEL / CORSA / 1.2 / 16V;Nemcija;DEU;osebni avtomobil;170;vozilo z dviûnimi vrati zadaj;OPEL 
55;935;6.1;0;OPEL;BB11-1A02A3CBCA5;CORSA / 1.2;Nemcija;DEU;osebni avtomobil;170;vozilo z dviûnimi vrati zadaj;CORSA 
55;935;6.1;0;OPEL;BB11-1A02A3CBCA5;OPEL / CORSA / 1.2 / 16V;Nemcija;DEU;osebni avtomobil;170;vozilo z dviûnimi vrati zadaj;OPEL 
55;1095;6.1;1;VOLKSWAGEN;1HX0;GOLF / 1.9 / GLTD;Nemcija;DEU;osebni avtomobil;165;vozilo z dviûnimi vrati zadaj;GOLF 
55;970;6.2;0;AUDI;8Z;A 2 / 1.4;Nemcija;DEU;osebni avtomobil;173;vozilo z dviûnimi vrati zadaj;A 2 
55;1112;6.2;0;FORD;JH1-A9JB;FIESTA / 1.3;Nemcija;DEU;osebni avtomobil;161;vozilo z dviûnimi vrati zadaj;FIESTA 
55;1102;6.2;0;FORD;JH1-FUJB;FIESTA / 1.25 /;Nemcija;DEU;osebni avtomobil;163;vozilo z dviûnimi vrati zadaj;FIESTA 
55;1027;6.2;0;FORD;JH1 - FUJA15BEBKB;FIESTA / 1.25;Nemcija;DEU;osebni avtomobil;163;vozilo z dviûnimi vrati zadaj;FIESTA 
55;1026;6.2;0;FORD;JD3-FUJA;FIESTA / 1.25 /;Nemcija;DEU;osebni avtomobil;163;vozilo z dviûnimi vrati zadaj;FIESTA 
55;1070;6.2;0;HYUNDAI;CE-JN;ACCENT / 1.3 / 5 FL;Koreja. republika;KOR;osebni avtomobil;171;vozilo z dviûnimi vrati zadaj;ACCENT 
55;1145;6.2;0;OPEL;DN11-2A23AJ33FEA5;ASTRA / 1.2 / 16V;Nemcija;DEU;osebni avtomobil;170;vozilo z dviûnimi vrati zadaj;ASTRA 
55;1035;6.2;0;OPEL;DB11-1A07A3CBCA5;CORSA / 1.2 / 16V;Nemcija;DEU;osebni avtomobil;170;vozilo z dviûnimi vrati zadaj;CORSA 
55;1010;6.2;0;OPEL;AB11-1A02A2BDCL5;CORSA / 1.2;Nemcija;DEU;osebni avtomobil;170;vozilo z dviûnimi vrati zadaj;CORSA 
55;960;6.2;0;OPEL;DB11-1A07A3CBCA5;CORSA / 1.2;Nemcija;DEU;osebni avtomobil;170;vozilo z dviûnimi vrati zadaj;CORSA 
55;960;6.2;0;OPEL;DB11-1A07A3CBCA5;OPEL/CORSA/1.2/16V;Nemcija;DEU;osebni avtomobil;170;vozilo z dviûnimi vrati zadaj;OPEL
55;960;6.2;0;OPEL;DB11-1A07A3CBCA5;OPEL / CORSA / 1.2 / 16V;Nemcija;DEU;osebni avtomobil;170;vozilo z dviûnimi vrati zadaj;OPEL 
55;985;6.2;0;RENAULT;CB0W-0F;CLIO / 1.2 / 16V;Francija;FRA;osebni avtomobil;170;vozilo z dviûnimi vrati zadaj;CLIO 
55;1540;6.2;1;VOLKSWAGEN;2K - ACBSEX01;CADDY / LIFE / 1.9 /TDI;Nemcija;DEU;osebni avtomobil;164;vecnamensko vozilo;CADDY 
55;1473;6.2;1;VOLKSWAGEN;ACBSUX01-FM5FM5A4039SB0J27GGNN1;CADDY / 1.9 / TDI;Nemcija;DEU;osebni avtomobil;150;karavan;CADDY 
55;1025;6.2;0;VOLKSWAGEN;6XSCAHWX01-SGFM5850371N1I4;LUPO / 1.4 /;Nemcija;DEU;osebni avtomobil;172;vozilo z dviûnimi vrati zadaj;LUPO 
55;1125;6.3;0;MAZDA;NB2-WPJ;2 / 1.25;Japonska ;JPN;osebni avtomobil;163;karavan;2
55;1050;6.3;0;MAZDA;NB2;2 / 1.25;Japonska ;JPN;osebni avtomobil;163;karavan;2
55;1050;6.3;0;MAZDA;NB2;MAZDA 2 / 1.25 / i;Japonska ;JPN;osebni avtomobil;163;karavan;MAZDA 2 
55;1050;6.3;0;MAZDA;NB2;MAZDA / 2 / 1.25 / i;Japonska ;JPN;osebni avtomobil;163;karavan;MAZDA 
55;1265;6.3;0;MINI;XT91-DHW500L0;ONE / /;Nemcija;DEU;osebni avtomobil;172;karavan;ONE 
55;1055;6.3;0;OPEL;AB11-1A06A4DAAA5;AGILA / 1.2 / 16V;Nemcija;DEU;osebni avtomobil;155;vecnamensko vozilo;AGILA 
55;980;6.3;0;OPEL;AB11-1A06A4DAAA5;OPEL / AGILA / 1.2 / 16V;Nemcija;DEU;osebni avtomobil;155;vecnamensko vozilo;OPEL 
55;980;6.3;0;OPEL;AB11-1A06A4DAAA5;AGILA / 1.2;Nemcija;DEU;osebni avtomobil;155;vecnamensko vozilo;AGILA 
55;935;6.3;0;OPEL;AB11-1A02A2BBCA5;CORSA / 1.2 / 16V;Nemcija;DEU;osebni avtomobil;170;vozilo z dviûnimi vrati zadaj;CORSA 
55;1027;6.3;0;PEUGEOT;2MKFWA;206+ / 1.4 / i;Francija;FRA;osebni avtomobil;173;vozilo z dviûnimi vrati zadaj;206+ 
55;1026;6.3;0;PEUGEOT;2AKFWF;206 / 1.4;Francija;FRA;osebni avtomobil;170;vozilo z dviûnimi vrati zadaj;206
55;1025;6.3;0;PEUGEOT;2AKFWF;206 / 1.4 / i;Francija;FRA;osebni avtomobil;170;vozilo z dviûnimi vrati zadaj;206
55;1025;6.3;0;PEUGEOT;2CKFWF;PEUGEOT / 206 / 1.4 / i;Francija;FRA;osebni avtomobil;170;vozilo z dviûnimi vrati zadaj;PEUGEOT 
55;1025;6.3;0;PEUGEOT;2CKFWF; /;Francija;FRA;osebni avtomobil;170;vozilo z dviûnimi vrati zadaj;
55;1609;6.3;1;VOLKSWAGEN;ACBSUX01-FM5FM5A4039OSB0J20GG;CADDY / 1.9 / TDI;Nemcija;DEU;osebni avtomobil;150;karavan;CADDY 
55;1605;6.3;1;VOLKSWAGEN;ACBSUX01-FM5FM5A4039OB0J20GG;CADDY / 1.9 / TDI;Nemcija;DEU;osebni avtomobil;150;karavan;CADDY 
55;1550;6.3;1;VOLKSWAGEN;2K AFBSUX01;CADDY LIFE / 1.9 / TDI;Nemcija;DEU;osebni avtomobil;150;vecnamensko vozilo;CADDY LIFE 
55;1020;6.3;0;VOLKSWAGEN;6N-AUA;POLO / 1.4;Nemcija;DEU;osebni avtomobil;188;vozilo z dviûnimi vrati zadaj;POLO 
55;1020;6.3;0;VOLKSWAGEN;SCAHWX01 SGFM5850371N114K;POLO / 1.4 /;Nemcija;DEU;osebni avtomobil;172;vozilo z dviûnimi vrati zadaj;POLO 
55;1035;6.4;0;OPEL;DB11-1A07A3CBBA5;CORSA / 1.2 / 16V;Nemcija;DEU;osebni avtomobil;170;vozilo z dviûnimi vrati zadaj;CORSA 
55;1010;6.4;0;OPEL;AB11-1A02A2BBCA5;CORSA / 1.2 / 16V;Nemcija;DEU;osebni avtomobil;170;vozilo z dviûnimi vrati zadaj;CORSA 
55;960;6.4;0;OPEL;CB11-4A07ABBBCA5;CORSA / 1.2;Nemcija;DEU;osebni avtomobil;170;vozilo z dviûnimi vrati zadaj;CORSA 
55;935;6.4;0;OPEL;BB11-1A02A3CBCA5;CORSA / 1.2 / 16V;Nemcija;DEU;osebni avtomobil;170;vozilo z dviûnimi vrati zadaj;CORSA 
55;1074;6.4;0;PEUGEOT;2EKFWF;206 / BREAK 1.4;Francija;FRA;osebni avtomobil;174;karavan;206
55;1074;6.4;0;PEUGEOT;2EKFWF;PEUGEOT / 206 / BREAK 1.4 / i;Francija;FRA;osebni avtomobil;174;karavan;PEUGEOT 
55;1025;6.4;0;PEUGEOT;2AKFWA;206 / 1.4 / i;Francija;FRA;osebni avtomobil;170;vozilo z dviûnimi vrati zadaj;206
55;1164;6.4;0;SEAT;SCBKYX01-SGFM52T008K21N10GG;IBIZA / 1.4;äpanija;ESP;osebni avtomobil;173;vozilo z dviûnimi vrati zadaj;IBIZA 
55;1163;6.4;0;SEAT;SCBKYX01-SGFM52T008K40GG;IBIZA / 1.4;äpanija;ESP;osebni avtomobil;173;vozilo z dviûnimi vrati zadaj;IBIZA 
55;1159;6.4;0;SEAT;SCBKYX01-SGFM52T008K40GG;IBIZA / 1.4 /;äpanija;ESP;osebni avtomobil;173;vozilo z dviûnimi vrati zadaj;IBIZA 
55;1158;6.4;0;SEAT;SCBBYX01-SGFM52T008K41N10GG;IBIZA / 1.4 /;äpanija;ESP;osebni avtomobil;173;vozilo z dviûnimi vrati zadaj;IBIZA 
55;1141;6.4;0;SEAT;SCBBYX01-SGFM52T008K21N10GG;IBIZA / 1.4 /;äpanija;ESP;osebni avtomobil;173;vozilo z dviûnimi vrati zadaj;IBIZA 
55;1140;6.4;0;SEAT;SCBKYX01-SGFM52T008K20GG;IBIZA / 1.4;äpanija;ESP;osebni avtomobil;173;vozilo z dviûnimi vrati zadaj;IBIZA 
55;1139;6.4;0;SEAT;SCBKYX01-SGFM52T008K20GG;IBIZA / 1.4 /;äpanija;ESP;osebni avtomobil;173;vozilo z dviûnimi vrati zadaj;IBIZA 
55;1103;6.4;0;SEAT;6L-BKY;IBIZA / 1.4 /;äpanija;ESP;osebni avtomobil;173;vozilo z dviûnimi vrati zadaj;IBIZA 
55;1088;6.4;0;SEAT;SCBKYX01-SGFM52T008K41N10GG;IBIZA / 1.4 /;äpanija;ESP;osebni avtomobil;173;vozilo z dviûnimi vrati zadaj;IBIZA 
55;1087;6.4;0;SEAT;6L SCBKYX01-SGFM52T008K41N10GG;IBIZA / 1.4;äpanija;ESP;osebni avtomobil;173;vozilo z dviûnimi vrati zadaj;IBIZA 
55;1087;6.4;0;SEAT;6L SCBBYX01-SGFM52T008K41N10GG;IBIZA / 1.4;äpanija;ESP;osebni avtomobil;173;limuzina;IBIZA 
55;1086;6.4;0;SEAT;6L SCBBYX01-SGFM52T008K41N10GG;IBIZA / 1.4;äpanija;ESP;osebni avtomobil;173;vozilo z dviûnimi vrati zadaj;IBIZA 
55;1084;6.4;0;SEAT;6L SCBKYX01-SGFM52T008K41N10GG;SEAT / IBIZA / 1.4 /;äpanija;ESP;osebni avtomobil;173;vozilo z dviûnimi vrati zadaj;SEAT 
55;1083;6.4;0;SEAT;6L SCBBYX01-SGFM52T008K41N10GG;SEAT / IBIZA / 1.4 /;äpanija;ESP;osebni avtomobil;173;vozilo z dviûnimi vrati zadaj;SEAT 
55;1061;6.4;0;SEAT;6L SCBKYX01-SGFM52T008K21N10GG;IBIZA / 1.4;äpanija;ESP;osebni avtomobil;173;vozilo z dviûnimi vrati zadaj;IBIZA 
55;1060;6.4;0;SEAT;6L SCBBYX01-SGFM52T008K21N10GG;SEAT / IBIZA / 1.4 /;äpanija;ESP;osebni avtomobil;173;vozilo z dviûnimi vrati zadaj;SEAT 
55;1058;6.4;0;SEAT;6L SCBKYX01-SGFM52T008K21N10GG;SEAT / IBIZA / 1.4 /;äpanija;ESP;osebni avtomobil;173;vozilo z dviûnimi vrati zadaj;SEAT 
55;1056;6.4;0;SEAT;SCBBYX01-SGFM52T008K21N10GG;IBIZA / 1.4;äpanija;ESP;osebni avtomobil;173;vozilo z dviûnimi vrati zadaj;IBIZA 
55;1056;6.4;0;SEAT;6L SCBBYX01-SGFM52T008K21N10GG;IBIZA / 1.4;äpanija;ESP;osebni avtomobil;173;limuzina;IBIZA 
55;1658;6.4;1;VOLKSWAGEN;AFBSUX01-FM5FM5A4039PK0J20GG;CADDY LIFE / 1.9;Nemcija;DEU;osebni avtomobil;150;vecnamensko vozilo;CADDY LIFE 
55;1626;6.4;1;VOLKSWAGEN;ACBSUX01-FM5FM5A4039PSK0J20GG;CADDY LIFE / 1.9 / TDI;Nemcija;DEU;osebni avtomobil;150;karavan;CADDY LIFE 
55;1621;6.4;1;VOLKSWAGEN;ACBSUX01-FM5FM5A4039PK0J20GG;CADDY LIFE / 1.9 / TDI;Nemcija;DEU;osebni avtomobil;150;karavan;CADDY LIFE 
55;1229;6.4;0;VOLKSWAGEN;1K-BCA;GOLF / 1.4 /;Nemcija;DEU;osebni avtomobil;164;vozilo z dviûnimi vrati zadaj;GOLF 
55;1204;6.4;0;VOLKSWAGEN;1J-BCA;GOLF / 1.4 /;Nemcija;DEU;osebni avtomobil;171;vozilo z dviûnimi vrati zadaj;GOLF 
55;1177;6.4;0;VOLKSWAGEN;1JSCAKQX01-SGFM52K034L2;GOLF / 1.4 /;Nemcija;DEU;osebni avtomobil;171;vozilo z dviûnimi vrati zadaj;GOLF 
55;1175;6.4;0;VOLKSWAGEN;ABSBKYX01-FM5FM52T0081N1K0GG;POLO / 1.4 /;Nemcija;DEU;osebni avtomobil;172;vozilo z dviûnimi vrati zadaj;POLO 
55;1151;6.4;0;VOLKSWAGEN;SCAHWX01-SGFM52K034L4;GOLF / 1.4 /;Nemcija;DEU;osebni avtomobil;171;vozilo z dviûnimi vrati zadaj;GOLF 
55;1146;6.4;0;VOLKSWAGEN;SC BBYX01-SGFM52T0081N1K0GG;POLO / 1.4;Nemcija;DEU;osebni avtomobil;172;limuzina;POLO 
55;1140;6.4;0;VOLKSWAGEN;SCBBYX01-SGFM52T0081N1K0GG;POLO / 1.4 /;Nemcija;DEU;osebni avtomobil;172;vozilo z dviûnimi vrati zadaj;POLO 
55;1137;6.4;0;VOLKSWAGEN;SCAKQX01-SGFM52K034K2;GOLF / 1.4 /;Nemcija;DEU;osebni avtomobil;171;vozilo z dviûnimi vrati zadaj;GOLF 
55;1095;6.4;0;VOLKSWAGEN;SCAUAX01-SGFM5850551N114K0GG;POLO / 1.4 /;Nemcija;DEU;osebni avtomobil;172;vozilo z dviûnimi vrati zadaj;POLO 
55;1093;6.4;0;VOLKSWAGEN;9N;POLO / 1.4;Nemcija;DEU;osebni avtomobil;172;vozilo z dviûnimi vrati zadaj;POLO 
55;1081;6.4;0;VOLKSWAGEN;ABSBKYX01-FM5FM52T0081N1K0GG;POLO / 1.4;Nemcija;DEU;osebni avtomobil;172;vozilo z dviûnimi vrati zadaj;POLO 
55;1071;6.4;0;VOLKSWAGEN;SCAHWX01-SGFM52K034L2;GOLF / 1.4 /;Nemcija;DEU;osebni avtomobil;171;vozilo z dviûnimi vrati zadaj;GOLF 
55;1064;6.4;0;VOLKSWAGEN;9N SCBBYX01-SGFM52T0081N1K0GG;POLO / 1.4;Nemcija;DEU;osebni avtomobil;172;limuzina;POLO 
55;1111;6.5;0;DACIA;BSDAEP;SANDERO / 1.4 /;Romunija;ROM;osebni avtomobil;161;vozilo z dviûnimi vrati zadaj;SANDERO 
55;995;6.5;0;NISSAN;EBFK11-EANALTFK11EFA5NKF;MICRA / 1.3 /;Zdruûeno kraljestvo;GBR;osebni avtomobil;170;vozilo z dviûnimi vrati zadaj;MICRA 
55;1163;6.5;0;OPEL;CA031CA12-BA1SABEH225;CORSA / 1.4 /;Nemcija;DEU;osebni avtomobil;167;vozilo z dviûnimi vrati zadaj;CORSA 
55;980;6.5;0;OPEL;AB11-1A04A2BAAA4;AGILA / 1.2 / 16V;Nemcija;DEU;osebni avtomobil;155;vecnamensko vozilo;AGILA 
55;1074;6.5;0;PEUGEOT;2EKFWA;206 / BREAK 1.4 / i;Francija;FRA;osebni avtomobil;174;karavan;206
55;1567;6.5;0;SEAT;SCBKYX01-SGFM52T008K40GG;IBIZA / 1.4;äpanija;ESP;osebni avtomobil;173;vozilo z dviûnimi vrati zadaj;IBIZA 
55;1191;6.5;0;SEAT;STBKYX01-SGFM52T008L41N10GG;CORDOBA / 1.4 /;äpanija;ESP;osebni avtomobil;176;limuzina;CORDOBA 
55;1188;6.5;0;SEAT;STBKYX01-SGFM52T008L40GG;CORDOBA / 1.4;äpanija;ESP;osebni avtomobil;176;limuzina;CORDOBA 
55;1188;6.5;0;SEAT;SCBBYX01-SGFM52T008L41N10GG;IBIZA / 1.4 /;äpanija;ESP;osebni avtomobil;173;vozilo z dviûnimi vrati zadaj;IBIZA 
55;1169;6.5;0;SEAT;SCBKYX01-SGFM52T008L40GG;IBIZA / 1.4 /;äpanija;ESP;osebni avtomobil;173;vozilo z dviûnimi vrati zadaj;IBIZA 
55;1167;6.5;0;SEAT;SCBKYX01-SGFM52T008L40GG;IBIZA / 1.4;äpanija;ESP;osebni avtomobil;173;vozilo z dviûnimi vrati zadaj;IBIZA 
55;1164;6.5;0;SEAT;SCBKYX01-SGFM52T008K20GG;IBIZA / 1.4 /;äpanija;ESP;osebni avtomobil;173;vozilo z dviûnimi vrati zadaj;IBIZA 
55;1163;6.5;0;SEAT;SCBKYX01-SGFM52T008K40GG;IBIZA / 1.4 /;äpanija;ESP;osebni avtomobil;173;vozilo z dviûnimi vrati zadaj;IBIZA 
55;1139;6.5;0;SEAT;SCBKYX01-SGFM52T008K20GG;IBIZA / 1.4;äpanija;ESP;osebni avtomobil;173;vozilo z dviûnimi vrati zadaj;IBIZA 
55;1122;6.5;0;SEAT;6L STBBYX01-SGFM52T008L41N10GG;CORDOBA / 1.4;äpanija;ESP;osebni avtomobil;176;limuzina;CORDOBA 
55;1116;6.5;0;SEAT;6L STBKYX01-SGFM52T008L41N10GG;CORDOBA / 1.4;äpanija;ESP;osebni avtomobil;176;limuzina;CORDOBA 
55;1089;6.5;0;SEAT;SCBBYX01-SGFM52T008K21N10GG;IBIZA / 1.4 /;äpanija;ESP;osebni avtomobil;173;vozilo z dviûnimi vrati zadaj;IBIZA 
55;1225;6.5;0;äKODA;SEBKYX01-FM5FM52T008LALLE0GGS5;FABIA / COMBI 1.4;Ceöka republika;CZE;osebni avtomobil;170;karavan;FABIA 
55;1215;6.5;0;äKODA;SEBKYX01-FM5FM52T008LALLE0GGS5;FABIA / COMBI 1.4 /;Ceöka republika;CZE;osebni avtomobil;170;karavan;FABIA 
55;1214;6.5;0;äKODA;SEBKYX01-NFM5FM52T008LALLE0GGS5;FABIA / COMBI 1.4;Ceöka republika;CZE;osebni avtomobil;170;karavan;FABIA 
55;1212;6.5;0;äKODA;SEBKYX01-NFM5FM52T008LALLE0GGS5;FABIA / COMBI 1.4 /;Ceöka republika;CZE;osebni avtomobil;170;karavan;FABIA 
55;1209;6.5;0;äKODA;STBKYX01-FM5FM52T008LALLE0GGS5;FABIA / SEDAN 1.4;Ceöka republika;CZE;osebni avtomobil;168;limuzina;FABIA 
55;1192;6.5;0;äKODA;SCBKYX01-FM5FM52T008LALLE0GGS5;FABIA / 1.4 /;Ceöka republika;CZE;osebni avtomobil;167;vozilo z dviûnimi vrati zadaj;FABIA 
55;1191;6.5;0;äKODA;SCBKYX01-FM5FM52T008LALLE0GGS5;FABIA / 1.4;Ceöka republika;CZE;osebni avtomobil;167;vozilo z dviûnimi vrati zadaj;FABIA 
55;1179;6.5;0;äKODA;SCBKYX01-FM5FM52T008LALLE0GGS5;FABIA  1.4;Ceöka republika;CZE;osebni avtomobil;167;vozilo z dviûnimi vrati zadaj;FABIA  1.4
55;1177;6.5;0;äKODA;SCBKYX01-NFM5FM52T008LALLE0GGS5;FABIA / 1.4;Ceöka republika;CZE;osebni avtomobil;167;vozilo z dviûnimi vrati zadaj;FABIA 
55;1135;6.5;0;äKODA;SCBKYX01-NFM5FM52T008ALLE0GGS5;FABIA / 1.4 /;Ceöka republika;CZE;osebni avtomobil;167;vozilo z dviûnimi vrati zadaj;FABIA 
55;1134;6.5;0;äKODA;SEBBYX01-FM5FM52T008LALLE0GG;FABIA / COMBI 1.4;Ceöka republika;CZE;osebni avtomobil;170;karavan;FABIA 
55;1265;6.5;0;VOLKSWAGEN;1J-AHW;GOLF / 1.4 /;Nemcija;DEU;osebni avtomobil;171;vozilo z dviûnimi vrati zadaj;GOLF 
55;1198;6.5;0;VOLKSWAGEN;SCBCAX01-SGFM52K034L41N10GG;GOLF / 1.4 / ;Nemcija;DEU;osebni avtomobil;171;vozilo z dviûnimi vrati zadaj;GOLF 
55;1191;6.5;0;VOLKSWAGEN;SCBCAX01-SGFM52K034L41N10GG;GOLF / 1.4 /;Nemcija;DEU;osebni avtomobil;171;vozilo z dviûnimi vrati zadaj;GOLF 
55;1190;6.5;0;VOLKSWAGEN;1JSCAHWX01;GOLF / 1.4 /;Nemcija;DEU;osebni avtomobil;171;vozilo z dviûnimi vrati zadaj;GOLF 
55;1185;6.5;0;VOLKSWAGEN;ABSBKYX01-FM5FM52T0081N1L0GG;POLO / 1.4 /;Nemcija;DEU;osebni avtomobil;172;vozilo z dviûnimi vrati zadaj;POLO 
55;1183;6.5;0;VOLKSWAGEN;ABSBKYX01-FM5FM52T0081N1L0GG;POLO / 1.4;Nemcija;DEU;osebni avtomobil;172;vozilo z dviûnimi vrati zadaj;POLO 
55;1178;6.5;0;VOLKSWAGEN;9N SC BBYX01-SGFM52T0081N1L0GG;POLO / 1.4;Nemcija;DEU;osebni avtomobil;172;limuzina;POLO 
55;1178;6.5;0;VOLKSWAGEN;SC BBYX01-SGFM52T0081N1L0GG;POLO / 1.4 /;Nemcija;DEU;osebni avtomobil;172;vozilo z dviûnimi vrati zadaj;POLO 
55;1175;6.5;0;VOLKSWAGEN;SCAUAX01-SGFM52T0081N1L0GG;POLO / 1.4 /;Nemcija;DEU;osebni avtomobil;172;vozilo z dviûnimi vrati zadaj;POLO 
55;1164;6.5;0;VOLKSWAGEN;SCAHWX01-SGFM52K034K2;GOLF / 1.4 /;Nemcija;DEU;osebni avtomobil;171;vozilo z dviûnimi vrati zadaj;GOLF 
55;1161;6.5;0;VOLKSWAGEN;SCAHWX01-SGFM52K034L4;GOLF / 1.4 /;Nemcija;DEU;osebni avtomobil;171;vozilo z dviûnimi vrati zadaj;GOLF 
55;1160;6.5;0;VOLKSWAGEN;ABSBKYX01-FM5FM52T0081N1K0GG;POLO / 1.4;Nemcija;DEU;osebni avtomobil;172;vozilo z dviûnimi vrati zadaj;POLO 
55;1157;6.5;0;VOLKSWAGEN;ABSBKYX01-FM5FM52T0081N1K0GG;POLO / 1.4 /;Nemcija;DEU;osebni avtomobil;172;vozilo z dviûnimi vrati zadaj;POLO 
55;1145;6.5;0;VOLKSWAGEN;1J SCAHWX01;GOLF / 1.4 / 16V;Nemcija;DEU;osebni avtomobil;171;vozilo z dviûnimi vrati zadaj;GOLF 
55;1140;6.5;0;VOLKSWAGEN;SCAHWX01-SGFM52K034L41N1;GOLF / 1.4 /;Nemcija;DEU;osebni avtomobil;171;vozilo z dviûnimi vrati zadaj;GOLF 
55;1114;6.5;0;VOLKSWAGEN;9N ABSBKYX01-FM5FM52T0081N1L0GG;POLO / 1.4;Nemcija;DEU;osebni avtomobil;172;vozilo z dviûnimi vrati zadaj;POLO 
55;1103;6.5;0;VOLKSWAGEN;9N SC BBYX01-SGFM52T0081N1L0GG;POLO / 1.4;Nemcija;DEU;osebni avtomobil;172;vozilo z dviûnimi vrati zadaj;POLO 
55;1100;6.5;0;VOLKSWAGEN;SCBBYX01-SGFM52T0081N1L0GG;POLO / 1.4 /;Nemcija;DEU;osebni avtomobil;172;vozilo z dviûnimi vrati zadaj;POLO 
55;1092;6.5;0;VOLKSWAGEN;SCAXPX01-SGFM52K034L21N10GG;GOLF / 1.4 /;Nemcija;DEU;osebni avtomobil;171;vozilo z dviûnimi vrati zadaj;GOLF 
55;1050;6.5;0;VOLKSWAGEN;SCAXPX01-SGFM52K034L21N10GG;GOLF / 1.4 /;Nemcija;DEU;osebni avtomobil;165;vozilo z dviûnimi vrati zadaj;GOLF 
55;1146;6.6;0;FORD;DNW-FXDD1/5BABKG;FOCUS / 1.4 /;Nemcija;DEU;osebni avtomobil;171;karavan;FOCUS 
55;1136;6.6;0;FORD;DAW-FXDA;FOCUS / 1.4 /;Nemcija;DEU;osebni avtomobil;171;vozilo z dviûnimi vrati zadaj;FOCUS 
55;1088;6.6;0;FORD;DAW-FXDB;FOCUS / 1.4 /;Nemcija;DEU;osebni avtomobil;171;vozilo z dviûnimi vrati zadaj;FOCUS 
55;1065;6.6;0;FORD;DAW-FXDB;FOCUS / 1.4;Nemcija;DEU;osebni avtomobil;171;vozilo z dviûnimi vrati zadaj;FOCUS 
55;1065;6.6;0;FORD;DAW-FXDB;FORD / FOCUS / 1.4 /;Nemcija;DEU;osebni avtomobil;171;vozilo z dviûnimi vrati zadaj;FORD 
55;1052;6.6;0;FORD;DBW-FXDB;FOCUS / 1.4;Nemcija;DEU;osebni avtomobil;171;vozilo z dviûnimi vrati zadaj;FOCUS 
55;1160;6.6;1;MERCEDES BENZ;201.122;190 / D /;Nemcija;DEU;osebni avtomobil;165;limuzina;190
55;1163;6.6;0;OPEL;CA031CA12-BA1SABEH225;CORSA / 1.4 /;Nemcija;DEU;osebni avtomobil;167;vozilo z dviûnimi vrati zadaj;CORSA 
55;1141;6.6;0;OPEL;BA031CA12-BA1SABEH225;CORSA / 1.4 /;Nemcija;DEU;osebni avtomobil;167;vecnamensko vozilo;CORSA 
55;1025;6.6;0;PEUGEOT;2CKF-XE;206 / 1.4 / I;Francija;FRA;osebni avtomobil;170;vozilo z dviûnimi vrati zadaj;206
55;950;6.6;0;PEUGEOT;2CKFXE;206 / 1.4 /;Francija;FRA;osebni avtomobil;170;vozilo z dviûnimi vrati zadaj;206
55;1195;6.6;0;SEAT;STBKYX01-SGFM52T008L40GG;CORDOBA / 1.4 /;äpanija;ESP;osebni avtomobil;176;limuzina;CORDOBA 
55;1177;6.6;0;SEAT;SCBKYX01-SGFM52T008L40GG;IBIZA / 1.4 /;äpanija;ESP;osebni avtomobil;173;vozilo z dviûnimi vrati zadaj;IBIZA 
55;1166;6.6;0;SEAT;SCBKYX01-SGFM52T008L40GG;IBIZA / 1.4;äpanija;ESP;osebni avtomobil;173;vozilo z dviûnimi vrati zadaj;IBIZA 
55;1228;6.6;0;äKODA;SEBKYX01-NFM5FM52T008LALLE0GGS5;FABIA / 1.4;Ceöka republika;CZE;osebni avtomobil;170;karavan;FABIA 
55;1226;6.6;0;äKODA;SEBKYX01-NFM5FM52T008LALLE0GGS5;FABIA / COMBI 1.4;Ceöka republika;CZE;osebni avtomobil;170;karavan;FABIA 
55;1224;6.6;0;äKODA;SEBKYX01-NFM5FM52T008LALLE0GGS5;FABIA / COMBI 1.4 /;Ceöka republika;CZE;osebni avtomobil;170;karavan;FABIA 
55;1200;6.6;0;äKODA;SCBKYX01-NFM5FM52T008LALLE0GGS5;FABIA / 1.4 /;Ceöka republika;CZE;osebni avtomobil;167;vozilo z dviûnimi vrati zadaj;FABIA 
55;1189;6.6;0;äKODA;SCBKYX01-NFM5FM52T008LALLE0GGS5;FABIA / 1.4;Ceöka republika;CZE;osebni avtomobil;167;vozilo z dviûnimi vrati zadaj;FABIA 
55;1265;6.6;0;VOLKSWAGEN;SCAHWX01-SGFM52K034M4;GOLF / 1.4 /;Nemcija;DEU;osebni avtomobil;171;vozilo z dviûnimi vrati zadaj;GOLF 
55;1204;6.6;0;VOLKSWAGEN;SCAXPX01-SGFM52K034L41N10GG;GOLF / 1.4 /;Nemcija;DEU;osebni avtomobil;171;vozilo z dviûnimi vrati zadaj;GOLF 
55;1193;6.6;0;VOLKSWAGEN;ABSBKYX01-FM5FM52T0081N1L0GG;POLO / 1.4;Nemcija;DEU;osebni avtomobil;172;vozilo z dviûnimi vrati zadaj;POLO 
55;1186;6.6;0;VOLKSWAGEN;ABSBKYX01-FM5FM52T0081N1L0GG;POLO / 1.4 /;Nemcija;DEU;osebni avtomobil;172;vozilo z dviûnimi vrati zadaj;POLO 
55;1165;6.6;0;VOLKSWAGEN;1J;GOLF / 1.4;Nemcija;DEU;osebni avtomobil;171;vozilo z dviûnimi vrati zadaj;GOLF 
55;1133;6.6;0;VOLKSWAGEN;ABSBKYX01-FM5FM52T0081N1K0GG;POLO / 1.4;Nemcija;DEU;osebni avtomobil;172;vozilo z dviûnimi vrati zadaj;POLO 
55;1184;6.7;0;CITROEN;N0KFW1/IF;XSARA / 1.4 / i;Francija;FRA;osebni avtomobil;172;vozilo z dviûnimi vrati zadaj;XSARA 
55;1430;6.7;1;MERCEDES BENZ;124.120;E / 200 / DIESEL;Nemcija;DEU;osebni avtomobil;160;limuzina;E 
55;1315;6.7;0;OPEL;FB11-1A02A5EABG5;ASTRA / CAR. 1.6 / 16V;Nemcija;DEU;osebni avtomobil;185;karavan;ASTRA 
55;1234;6.7;0;PEUGEOT;3CKFWB;307 / 1.4 / i;Francija;FRA;osebni avtomobil;167;vozilo z dviûnimi vrati zadaj;307
55;1274;6.7;0;SEAT;ABBCAX01-SGFM52K046L1N10GG5;LEON / 1.4 /;äpanija;ESP;osebni avtomobil;170;vozilo z dviûnimi vrati zadaj;LEON 
55;1269;6.7;0;SEAT;ABBCAX01-SGFM52K046L1N10GG5;LEON / 1.4;äpanija;ESP;osebni avtomobil;170;vozilo z dviûnimi vrati zadaj;LEON 
55;1199;6.7;0;SEAT;1M ABBCAX01-SGFM52K0461L1N10GG5;LEON / 1.4;äpanija;ESP;osebni avtomobil;170;vozilo z dviûnimi vrati zadaj;LEON 
55;1194;6.7;0;SEAT;ABBCAX01-SGFM52K0461L1N10GG5;LEON / 1.4;äpanija;ESP;osebni avtomobil;170;vozilo z dviûnimi vrati zadaj;LEON 
55;1194;6.7;0;SEAT;ABBCAX01-SGFM52K0461L1N10GG5;LEON / 1.4 /;äpanija;ESP;osebni avtomobil;170;limuzina;LEON 
55;1191;6.7;0;SEAT;1M ABBCAX01-SGFM52K0461L1N10GG5;LEON / 1.4;äpanija;ESP;osebni avtomobil;170;limuzina;LEON 
55;1105;6.7;0;äKODA;6Y-AUA;FABIA / 1.4;Ceöka republika;CZE;osebni avtomobil;178;vozilo z dviûnimi vrati zadaj;FABIA 
55;1264;6.7;0;VOLKSWAGEN;1JSCAXPX01-SGFM52K034L41N1;GOLF / 1.4 /;Nemcija;DEU;osebni avtomobil;171;vozilo z dviûnimi vrati zadaj;GOLF 
55;1260;6.7;0;VOLKSWAGEN;1JSCAXPX01-SGFM52K034L41N10GG;GOLF / 1.4;Nemcija;DEU;osebni avtomobil;171;vozilo z dviûnimi vrati zadaj;GOLF 
55;1180;6.7;0;VOLKSWAGEN;1JSCAXPX01-SGFM52K034;GOLF / 1.4 /;Nemcija;DEU;osebni avtomobil;171;vozilo z dviûnimi vrati zadaj;GOLF 
55;1153;6.7;0;VOLKSWAGEN;ABSBKR-FM52T0801N1K14;FOX / 1.4 /;Nemcija;DEU;osebni avtomobil;167;vozilo z dviûnimi vrati zadaj;FOX 
55;1151;6.7;0;VOLKSWAGEN;ABBKR-FM52T0801N1K14;FOX / 1.4 /;Nemcija;DEU;osebni avtomobil;167;vozilo z dviûnimi vrati zadaj;FOX 
55;1131;6.7;0;VOLKSWAGEN;SCAXPX01-SGFM52K034L41N10GG;GOLF / 1.4 /;Nemcija;DEU;osebni avtomobil;171;vozilo z dviûnimi vrati zadaj;GOLF 
55;1093;6.7;0;VOLKSWAGEN;ABSBKR-FM52T0801N114;FOX / 1.4 /;Nemcija;DEU;osebni avtomobil;167;vozilo z dviûnimi vrati zadaj;FOX 
55;1111;6.8;0;DACIA;BSDAEH;SANDERO / 1.4 /;Romunija;ROM;osebni avtomobil;161;vozilo z dviûnimi vrati zadaj;SANDERO 
55;1050;6.8;0;DACIA;LSDAAH;LOGAN / 1.4;Romunija;ROM;osebni avtomobil;162;limuzina;LOGAN 
55;1036;6.8;0;HONDA;EJ94-1;CIVIC / 1.4 / i;Japonska ;JPN;osebni avtomobil;165;vozilo z dviûnimi vrati zadaj;CIVIC 
55;1030;6.8;0;HONDA;EJ94-1 (EJ933);CIVIC / 1.4 / i;Japonska ;JPN;osebni avtomobil;165;vozilo z dviûnimi vrati zadaj;CIVIC 
55;960;6.8;0;HONDA;EJ933;CIVIC / 1.4 i / BINGO;Japonska ;JPN;osebni avtomobil;165;vozilo z dviûnimi vrati zadaj;CIVIC 
55;1035;6.8;0;RENAULT;BB0S0F;CLIO / 1.4 /;Francija;FRA;osebni avtomobil;170;vozilo z dviûnimi vrati zadaj;CLIO 
55;940;6.8;0;RENAULT;CB0S0F;CLIO / 1.4 /;Francija;FRA;osebni avtomobil;170;vozilo z dviûnimi vrati zadaj;CLIO 
55;1229;6.8;0;VOLKSWAGEN;ABBCAX0-FM5FM5AF007L20GGS1;GOLF / 1.4 /;Nemcija;DEU;osebni avtomobil;164;vozilo z dviûnimi vrati zadaj;GOLF 
55;1205;6.8;0;VOLKSWAGEN;1K ABBCAX01-FM5AF007L2;GOLF / 1.4;Nemcija;DEU;osebni avtomobil;164;vozilo z dviûnimi vrati zadaj;GOLF 
55;1154;6.8;0;VOLKSWAGEN;1K-BCA;GOLF / 1.4;Nemcija;DEU;osebni avtomobil;164;vozilo z dviûnimi vrati zadaj;GOLF 
55;1150;6.8;0;VOLKSWAGEN;ABBKR-FM52T0801N1K14;FOX / 1.4;Nemcija;DEU;osebni avtomobil;167;vozilo z dviûnimi vrati zadaj;FOX 
55;1137;6.8;0;VOLKSWAGEN;ABBKR-FM52T0801N1K14;FOX / 1.4 /;Nemcija;DEU;osebni avtomobil;167;vozilo z dviûnimi vrati zadaj;FOX 
55;915;6.9;0;CITROEN;S0KFX-F;SAXO / 1.4 / I;Francija;FRA;osebni avtomobil;175;vozilo z dviûnimi vrati zadaj;SAXO 
55;1111;6.9;0;DACIA;BSDAEF;SANDERO / 1.4 /;Romunija;ROM;osebni avtomobil;161;vozilo z dviûnimi vrati zadaj;SANDERO 
55;1050;6.9;0;DACIA;LSDAEH;LOGAN / 1.4;Romunija;ROM;osebni avtomobil;162;limuzina;LOGAN 
55;1050;6.9;0;DACIA;BSD4EF;SANDERO / 1.4 /;Romunija;ROM;osebni avtomobil;161;vozilo z dviûnimi vrati zadaj;SANDERO 
55;1061;6.9;0;FORD;JASDHB1-5Z03;FIESTA / 1.25 / I;Nemcija;DEU;osebni avtomobil;170;vozilo z dviûnimi vrati zadaj;FIESTA 
55;1017;6.9;0;FORD;JBSDHB1-5Z03;FIESTA / 1.25 / I;Nemcija;DEU;osebni avtomobil;170;vozilo z dviûnimi vrati zadaj;FIESTA 
55;968;6.9;0;FORD;JBS-DHF;FIESTA / 1.25 /;Nemcija;DEU;osebni avtomobil;170;vozilo z dviûnimi vrati zadaj;FIESTA 
55;940;6.9;0;FORD;JAS;FIESTA / 1.2;Nemcija;DEU;osebni avtomobil;170;vozilo z dviûnimi vrati zadaj;FIESTA 
55;1280;6.9;1;MERCEDES BENZ;201.122;190 / D / 2.0;Nemcija;DEU;osebni avtomobil;160;limuzina;190
55;1180;6.9;1;MERCEDES BENZ;201;190 / D;Nemcija;DEU;osebni avtomobil;160;limuzina;190
55;1065;6.9;0;OPEL;F-CAR;ASTRA / 1.6;Nemcija;DEU;osebni avtomobil;163;karavan;ASTRA 
55;1292;6.9;0;PEUGEOT;3EKFWB;307 / BREAK 1.4 / i;Francija;FRA;osebni avtomobil;160;karavan;307
55;1105;6.9;0;PEUGEOT;7AKFX-T;306 / 1.4 / I;Francija;FRA;osebni avtomobil;165;vozilo z dviûnimi vrati zadaj;306
55;1055;6.9;0;PEUGEOT;2CKFWR;206 / 1.4 / i AUT.;Francija;FRA;osebni avtomobil;160;vozilo z dviûnimi vrati zadaj;206
55;1025;6.9;0;PEUGEOT;2KFW;206 / 1.4;Francija;FRA;osebni avtomobil;170;vozilo z dviûnimi vrati zadaj;206
55;1160;6.9;0;RENAULT;KC1DGF;KANGOO / 1.2 / 16V;Francija;FRA;osebni avtomobil;154;vecnamensko vozilo;KANGOO 
55;1145;6.9;0;RENAULT;KC1DBF;KANGOO / 1.2 / 16V;Francija;FRA;osebni avtomobil;154;vecnamensko vozilo;KANGOO 
55;1120;6.9;0;RENAULT;KCEDEF;KANGOO / 1.2 / 16V;Francija;FRA;osebni avtomobil;154;vecnamensko vozilo;KANGOO 
55;1337;6.9;0;äKODA;AABCAX01-FM5FM5AF007M;OCTAVIA / 1.4;Ceöka republika;CZE;osebni avtomobil;170;limuzina;OCTAVIA 
55;985;6.9;0;äKODA;EGF654-SWG11ADDM5BCK;FELICIA / 1.6 / GLX;Ceöka republika;CZE;osebni avtomobil;170;vozilo z dviûnimi vrati zadaj;FELICIA 
55;1366;6.9;0;VOLKSWAGEN;1K;GOLF / 1.4;Nemcija;DEU;osebni avtomobil;164;vozilo z dviûnimi vrati zadaj;GOLF 
55;1326;6.9;0;VOLKSWAGEN;ABBCAX01-FM5AF007M4;GOLF / 1.4 /;Nemcija;DEU;osebni avtomobil;164;vozilo z dviûnimi vrati zadaj;GOLF 
55;1312;6.9;0;VOLKSWAGEN;ABBCAX0-FM5FM5AF007M40GGN1;GOLF / 1.4;Nemcija;DEU;osebni avtomobil;164;vozilo z dviûnimi vrati zadaj;GOLF 
55;1290;6.9;0;VOLKSWAGEN;1K ABBCAX01-FM5AF007M2;GOLF / 1.4;Nemcija;DEU;osebni avtomobil;164;limuzina;GOLF 
55;1270;6.9;0;VOLKSWAGEN;1K ABBCAX0;GOLF / 1.4 / FSI;Nemcija;DEU;osebni avtomobil;164;vozilo z dviûnimi vrati zadaj;GOLF 
55;1253;6.9;0;VOLKSWAGEN;1K ABBCAX01-FM5AF007M4;GOLF / 1.4;Nemcija;DEU;osebni avtomobil;164;vozilo z dviûnimi vrati zadaj;GOLF 
55;1251;6.9;0;VOLKSWAGEN;1K ABBCAX01-FM5AF007M4;GOLF / 1.4;Nemcija;DEU;osebni avtomobil;164;limuzina;GOLF 
55;1229;6.9;0;VOLKSWAGEN;1K;GOLF / 1.4 / I;Nemcija;DEU;osebni avtomobil;164;vozilo z dviûnimi vrati zadaj;GOLF 
55;1228;6.9;0;VOLKSWAGEN;ABBCAX0-FM5FM5AF007M20GGN1;GOLF / 1.4;Nemcija;DEU;osebni avtomobil;164;vozilo z dviûnimi vrati zadaj;GOLF 
55;1217;6.9;0;VOLKSWAGEN;ABBCAX01-FM5AF007M2;GOLF / 1.4;Nemcija;DEU;osebni avtomobil;164;vozilo z dviûnimi vrati zadaj;GOLF 
55;1215;6.9;0;VOLKSWAGEN;1K ABBCAX01-FM5AF007M2;GOLF / 1.4;Nemcija;DEU;osebni avtomobil;164;vozilo z dviûnimi vrati zadaj;GOLF 
55;1125;7.1;0;CITROEN;MFKFWB/A;BERLINGO / BREAK 1.4 / i MUL;Francija;FRA;osebni avtomobil;151;vecnamensko vozilo;BERLINGO 
55;915;7.1;0;CITROEN;S6KFX-B;SAXO / 1.4 / I;Francija;FRA;osebni avtomobil;175;vozilo z dviûnimi vrati zadaj;SAXO 
55;1052;7.1;0;KIA;DCH1-1114;RIO / 1.3;Koreja. republika;KOR;osebni avtomobil;165;vozilo z dviûnimi vrati zadaj;RIO 
55;1163;7.1;0;OPEL;T98;ASTRA / 1.6;Nemcija;DEU;osebni avtomobil;170;vozilo z dviûnimi vrati zadaj;ASTRA 
55;815;7.1;0;PEUGEOT;1CKFXE;106 / 1.4 / i;Francija;FRA;osebni avtomobil;180;vozilo z dviûnimi vrati zadaj;106
55;1015;7.1;0;RENAULT;LB0BC5;THALIA / 1.4;Francija;FRA;osebni avtomobil;170;limuzina;THALIA 
55;1351;7.1;0;VOLKSWAGEN;AEBCAX01-FM5FM52T0501N10GG;NEW BEETLE / CABRIOLET 1.4 /;Nemcija;DEU;osebni avtomobil;160;kabriolet;NEW BEETLE 
55;1338;7.1;0;VOLKSWAGEN;1Y-BCA;NEW BEETLE / CABRIOLET 1.4 /;Nemcija;DEU;osebni avtomobil;160;kabriolet;NEW BEETLE 
55;1305;7.1;0;VOLKSWAGEN;ABBCAX01-FM5FM52T020M1N10GG;NEW BEETLE / 1.4 /;Nemcija;DEU;osebni avtomobil;161;vozilo z dviûnimi vrati zadaj;NEW BEETLE 
55;1288;7.1;0;VOLKSWAGEN;1J;GOLF / 1.4;Nemcija;DEU;osebni avtomobil;171;karavan;GOLF 
55;1257;7.1;0;VOLKSWAGEN;ABBCAX01-FM5FM52T0201N10GG;NEW BEETLE / 1.4 /;Nemcija;DEU;osebni avtomobil;161;vozilo z dviûnimi vrati zadaj;NEW BEETLE 
55;1015;7.1;0;VOLKSWAGEN;1HX0;GOLF / 1.6 /;Nemcija;DEU;osebni avtomobil;168;vozilo z dviûnimi vrati zadaj;GOLF 
55;1200;7.2;0;CITROEN;MFKFWB/A;BERLINGO / BREAK 1.4 / i MUL;Francija;FRA;osebni avtomobil;151;vecnamensko vozilo;BERLINGO 
55;1200;7.2;0;CITROEN;MFKFXF;BERLINGO / BREAK 1.4 / i;Francija;FRA;osebni avtomobil;150;vecnamensko vozilo;BERLINGO 
55;1209;7.2;0;OPEL;T98-KOMBI;ASTRA / 1.6 / I;Nemcija;DEU;osebni avtomobil;165;karavan;ASTRA 
55;1192;7.2;0;OPEL;J96;VECTRA / 1.6;Nemcija;DEU;osebni avtomobil;175;limuzina;VECTRA 
55;1155;7.2;0;OPEL;HC11-2A02AF05FDB5;ASTRA / 1.6 /;Nemcija;DEU;osebni avtomobil;170;vozilo z dviûnimi vrati zadaj;ASTRA 
55;990;7.2;0;OPEL;F;ASTRA / 1.6;Nemcija;DEU;osebni avtomobil;190;karavan;ASTRA 
55;1200;7.2;0;PEUGEOT;5FKFXE;PARTNER / FAMILIALE 1.4 / i;Francija;FRA;osebni avtomobil;150;vecnamensko vozilo;PARTNER 
55;985;7.2;0;RENAULT;BB0-5CF;CLIO / 1.2;Francija;FRA;osebni avtomobil;181;vozilo z dviûnimi vrati zadaj;CLIO 
55;930;7.2;0;RENAULT;BB0-WCF;CLIO / 1.2;Francija;FRA;osebni avtomobil;181;vozilo z dviûnimi vrati zadaj;CLIO 
55;1368;7.2;0;VOLKSWAGEN;1KP;GOLF / 1.4;Nemcija;DEU;osebni avtomobil;161;vozilo z dviûnimi vrati zadaj;GOLF 
55;1368;7.2;0;VOLKSWAGEN;AFBCAX0-FM5FM5AF007N0GG;GOLF PLUS / 1.4 /;Nemcija;DEU;osebni avtomobil;161;vecnamensko vozilo;GOLF PLUS 
55;1288;7.2;0;VOLKSWAGEN;1J;GOLF / 1.4;Nemcija;DEU;osebni avtomobil;171;karavan;GOLF 
55;1126;7.2;0;VOLKSWAGEN;1HX0-AEE;GOLF / 1.6 /;Nemcija;DEU;osebni avtomobil;168;vozilo z dviûnimi vrati zadaj;GOLF 
55;1125;7.3;0;SEAT;SE ALM X01-SGFM5850284;CORDOBA / VAR. 1.6;äpanija;ESP;osebni avtomobil;165;karavan;CORDOBA 
55;1204;7.3;0;VOLKSWAGEN;1J;GOLF / 1.4;Nemcija;DEU;osebni avtomobil;171;vozilo z dviûnimi vrati zadaj;GOLF 
55;1040;7.3;0;VOLKSWAGEN;1H-AEA;GOLF / 1.6;Nemcija;DEU;osebni avtomobil;180;vozilo z dviûnimi vrati zadaj;GOLF 
55;1263;7.4;0;CITROEN;GJKFWC/IF;BERLINGO / 1.4 / i;Francija;FRA;osebni avtomobil;150;vecnamensko vozilo;BERLINGO 
55;1209;7.4;0;OPEL;TGF35-X16SZR;ASTRA / CAR. 1.6;Nemcija;DEU;osebni avtomobil;165;karavan;ASTRA 
55;1163;7.4;0;OPEL;T98;ASTRA / 1.6;Nemcija;DEU;osebni avtomobil;170;vozilo z dviûnimi vrati zadaj;ASTRA 
55;1065;7.4;0;OPEL;RD11-1A38CBCEA5;ASTRA / CAR. 1.6 /;Nemcija;DEU;osebni avtomobil;165;karavan;ASTRA 
55;1272;7.4;0;PEUGEOT;GJKFWC;PARTNER / 1.4 / i;Francija;FRA;osebni avtomobil;150;vecnamensko vozilo;PARTNER 
55;895;7.4;0;RENAULT;C068AE;TWINGO / 1.2;Francija;FRA;osebni avtomobil;180;vozilo z dviûnimi vrati zadaj;TWINGO 
55;1180;7.4;0;VOLKSWAGEN;1J;GOLF / 1.4;Nemcija;DEU;osebni avtomobil;171;vozilo z dviûnimi vrati zadaj;GOLF 
55;1129;7.4;0;VOLKSWAGEN;SEALMX01 SGFM5850284;POLO / VAR. 1.6 /;Nemcija;DEU;osebni avtomobil;167;karavan;POLO 
55;1263;7.5;0;CITROEN;GJKFWB;BERLINGO / 1.4 / ;Francija;FRA;osebni avtomobil;150;vecnamensko vozilo;BERLINGO 
55;1188;7.5;0;CITROEN;GJKFWB;BERLINGO / 1.4 / i;Francija;FRA;osebni avtomobil;150;vecnamensko vozilo;BERLINGO 
55;1155;7.5;0;OPEL;T98;ASTRA / 1.6;Nemcija;DEU;osebni avtomobil;170;vozilo z dviûnimi vrati zadaj;ASTRA 
55;1263;7.5;0;PEUGEOT;GJKFWB;PARTNER / 1.4;Francija;FRA;osebni avtomobil;150;vecnamensko vozilo;PARTNER 
55;1025;7.5;0;PEUGEOT;2KFX;206 / 1.4;Francija;FRA;osebni avtomobil;170;vozilo z dviûnimi vrati zadaj;206
55;1140;7.5;0;RENAULT;KC0HAF;KANGOO / 1.4 /;Francija;FRA;osebni avtomobil;153;vecnamensko vozilo;KANGOO 
55;1125;7.5;0;RENAULT;KC0BEF;KANGOO / 1.4 /;Francija;FRA;osebni avtomobil;153;vecnamensko vozilo;KANGOO 
55;1065;7.5;0;RENAULT;KC0H-AF;KANGOO / 1.4 /;Francija;FRA;osebni avtomobil;153;vozilo z dviûnimi vrati zadaj;KANGOO 
55;1209;7.5;0;VOLKSWAGEN;ABSBKYX01-FA4FA4010071N1L0GG;POLO / 1.4;Nemcija;DEU;osebni avtomobil;168;vozilo z dviûnimi vrati zadaj;POLO 
55;1204;7.5;0;VOLKSWAGEN;1J;GOLF / 1.4;Nemcija;DEU;osebni avtomobil;171;vozilo z dviûnimi vrati zadaj;GOLF 
55;1149;7.5;0;VOLKSWAGEN;9N SC BBYX01-AGFA4010041N1L0GG;POLO / 1.4;Nemcija;DEU;osebni avtomobil;168;limuzina;POLO 
55;1137;7.5;0;VOLKSWAGEN;1J;GOLF / 1.4 / I;Nemcija;DEU;osebni avtomobil;171;vozilo z dviûnimi vrati zadaj;GOLF 
55;1134;7.5;0;VOLKSWAGEN;ABSBKYX01-FA4FA4010071N1L0GG;POLO / 1.4 / AUT.;Nemcija;DEU;osebni avtomobil;168;vozilo z dviûnimi vrati zadaj;POLO 
55;1133;7.5;0;VOLKSWAGEN;ABSBKYX01-FA4FA4010071N1X0GG;POLO / 1.4 / AUT.;Nemcija;DEU;osebni avtomobil;168;vozilo z dviûnimi vrati zadaj;POLO 
55;1128;7.5;0;VOLKSWAGEN;SCBBYX01-AGFA401007L0GG;POLO / 1.4 / AUT.;Nemcija;DEU;osebni avtomobil;168;vozilo z dviûnimi vrati zadaj;POLO 
55;1240;7.6;0;DACIA;KSDAEH;LOGAN / MCV 1.4 /;Romunija;ROM;osebni avtomobil;155;karavan;LOGAN 
55;1248;7.6;0;äKODA;SEBKYX01-NFA4FA401007LALLE0GGS5;FABIA / COMBI 1.4 / AUT.;Ceöka republika;CZE;osebni avtomobil;169;karavan;FABIA 
55;1015;7.6;0;äKODA;EGF614;FELICIA / 1.6 /;Ceöka republika;CZE;osebni avtomobil;170;vozilo z dviûnimi vrati zadaj;FELICIA 
55;1015;7.6;0;äKODA;EGF614;FELICIA / 1.3 /;Ceöka republika;CZE;osebni avtomobil;151;vozilo z dviûnimi vrati zadaj;FELICIA 
55;1226;7.6;0;VOLKSWAGEN;ABSBKYX01-FA4FA4010071N1L0GG;POLO / 1.4;Nemcija;DEU;osebni avtomobil;168;vozilo z dviûnimi vrati zadaj;POLO 
55;1030;7.6;0;VOLKSWAGEN;ST1FX01-SGFM5200144;POLO / CLASSIC 1.6 /;Nemcija;DEU;osebni avtomobil;170;limuzina;POLO 
55;1125;7.7;0;HONDA;MB2-1-7;CIVIC / 1.4;Zdruûeno kraljestvo;GBR;osebni avtomobil;177;limuzina;CIVIC 
55;1205;7.7;0;VOLKSWAGEN;ABSBKYX01-FA4FA4010071N1L0GG;POLO / 1.4;Nemcija;DEU;osebni avtomobil;168;vozilo z dviûnimi vrati zadaj;POLO 
55;1020;7.9;0;AUDI;89;80 / 1.8;Nemcija;DEU;osebni avtomobil;167;limuzina;80
55;1030;7.9;0;CITROEN;N1-KFXF;XSARA / 1.4 / I;Francija;FRA;osebni avtomobil;175;vozilo z dviûnimi vrati zadaj;XSARA 
55;1190;7.9;0;äKODA;ABAF1-AC1C1FM5AK;OCTAVIA / 1.6 /;Ceöka republika;CZE;osebni avtomobil;171;limuzina;OCTAVIA 
55;1190;7.9;0;VOLKSWAGEN;1H-ANN;GOLF / VAR. 1.8;Nemcija;DEU;osebni avtomobil;165;karavan;GOLF 
55;980;7.9;0;VOLKSWAGEN;1G;GOLF / 1.6 / CL;Nemcija;DEU;osebni avtomobil;162;vozilo z dviûnimi vrati zadaj;GOLF 
55;1100;8.2;0;SUZUKI;ETA01V;VITARA / JLX;Japonska ;JPN;osebni avtomobil;150;limuzina;VITARA 
55;1105;8.3;0;OPEL;AB11-1A06A4DAAA5;AGILA / 1.2 / 16V;Nemcija;DEU;osebni avtomobil;155;vecnamensko vozilo;AGILA 
55;980;8.3;0;OPEL;AB11-1A06A4DAAA5;AGILA / 1.2;Nemcija;DEU;osebni avtomobil;155;vecnamensko vozilo;AGILA 
55;1542;8.3;0;VOLKSWAGEN;ACBCAX01-FM5AH004OK0J20GG;CADDY LIFE / 1.4 /;Nemcija;DEU;osebni avtomobil;148;karavan;CADDY LIFE 
55;1501;8.3;0;VOLKSWAGEN;ACBCAX01-FM5AH004NB0J20GG;CADDY / 1.4;Nemcija;DEU;osebni avtomobil;148;vecnamensko vozilo;CADDY 
55;1230;8.6;0;VOLKSWAGEN;1E;GOLF / CABRIOLET / 1.8 ;Nemcija;DEU;osebni avtomobil;163;kabriolet;GOLF 
55;1050;8.8;0;BMW;-;316;Nemcija;DEU;osebni avtomobil;154;limuzina;316
55;1515;9.3;1;NISSAN;C23W-G4;SERENA / 2.3;äpanija;ESP;osebni avtomobil;135;vecnamensko vozilo;SERENA 
55;1602;9.4;1;NISSAN;C23W-G4;SERENA / 2.3 / D;äpanija;ESP;osebni avtomobil;135;vecnamensko vozilo;SERENA 
55;1540;9.6;1;NISSAN;DEV-C23;VANETTE CARGO / 2.3 / D;äpanija;ESP;osebni avtomobil;130;vecnamensko vozilo;VANETTE CARGO 
55.1;1164;5.4;0;FORD;JHH-FSJA1JX-5AEPPNAP7AQ;FIESTA / 1.1 / 55.1 5 vr M5;Nemcija;DEU;osebni avtomobil;165;vozilo z dviûnimi vrati zadaj;FIESTA 
55.2;1123;3.6;1;FORD;JA8-XUJB1D-5DEABX;FIESTA / 1.5 / 55 TDCI 5 vr;Nemcija;DEU;osebni avtomobil;167;vozilo z dviûnimi vrati zadaj;FIESTA 
55.2;1109;4.8;0;HYUNDAI;B5P31-M51AZ1;i20 / 1.25 / LP;Turcija;TUR;osebni avtomobil;170;vozilo z dviûnimi vrati zadaj;i20 
55.2;1120;5.1;0;HYUNDAI;B5P31-M51BZ1;i20 / 1.25 / LP;Turcija;TUR;osebni avtomobil;170;vozilo z dviûnimi vrati zadaj;i20 
55.2;1347;5.2;1;FORD;JU2-XWCA1LX-5DGDHNACHAL;TOURNEO COURIER / 1.5 / DV5 55.2 S;Nemcija;DEU;osebni avtomobil;160;vecnamensko vozilo;TOURNEO COURIER 
55.2;1315;5.3;1;CITROEN;GJ9HWC;BERLINGO / 1.6 / HDI;Francija;FRA;osebni avtomobil;150;karavan;BERLINGO 
55.2;1315;5.3;1;PEUGEOT;GJ9HWC;PARTNER / 1.6 / HDI;Francija;FRA;osebni avtomobil;150;vecnamensko vozilo;PARTNER 
55.2;1401;5.4;1;CITROEN;GJ9HWC;BERLINGO / 1.6 / HDI;Francija;FRA;osebni avtomobil;150;vecnamensko vozilo;BERLINGO 
55.2;1344;5.4;1;PEUGEOT;GJ9HWC;PARTNER / 1.6 / HDI;Francija;FRA;osebni avtomobil;150;vecnamensko vozilo;PARTNER 
55.2;1482;5.7;1;CITROEN;7J9HTC;BERLINGO / 1.6 / HDI;Francija;FRA;osebni avtomobil;152;karavan;BERLINGO 
55.2;1108;5.7;0;HYUNDAI;B5P31-M51AZ1;i20 / 1.25 / LP;Turcija;TUR;osebni avtomobil;170;vozilo z dviûnimi vrati zadaj;i20 
55.2;1482;5.7;1;PEUGEOT;7J9HTC;PARTNER / 1.6 / HDI;Francija;FRA;osebni avtomobil;152;karavan;PARTNER 
55.2;1445;5.8;1;FORD;JU2-XWCB1NX-5DGDZNACFAL;TRANSIT COURIER / 1.5 / DV5 55.2;Nemcija;DEU;osebni avtomobil;160;vecnamensko vozilo;TRANSIT COURIER 
56;1030;5.1;0;RENAULT;CNAA05;TWINGO / 1.2 / 16V;Francija;FRA;osebni avtomobil;169;vozilo z dviûnimi vrati zadaj;TWINGO 
56;1030;5.5;0;RENAULT;CN0A0H;TWINGO / 1.2 / 16V AUT.;Francija;FRA;osebni avtomobil;173;vozilo z dviûnimi vrati zadaj;TWINGO 
56;1555;5.6;1;CITROEN;ECYHWC-A2E000;BERLINGO / 1.5 / HDI L1;Francija;FRA;osebni avtomobil;153;vecnamensko vozilo;BERLINGO 
56;1030;5.6;0;RENAULT;CN0A0H;TWINGO / 1.2 / 16V AUT.;Francija;FRA;osebni avtomobil;173;vozilo z dviûnimi vrati zadaj;TWINGO 
56;1030;5.7;0;RENAULT;CN0A05;TWINGO / 1.2 / 16V;Francija;FRA;osebni avtomobil;169;vozilo z dviûnimi vrati zadaj;TWINGO 
56;1465;5.8;0;RENAULT;R00BE2NP5SA01A5000;CLIO / 0.9 / TCE;Francija;FRA;osebni avtomobil;178;vozilo z dviûnimi vrati zadaj;CLIO 
56;1258;5.9;0;RENAULT;R00KE2NP5SA01A5000;CLIO GRANDTOUR / 0.9 / TCE;Francija;FRA;osebni avtomobil;178;karavan;CLIO GRANDTOUR 
56;1221;5.9;0;RENAULT;R00BE2NP5SA01A5000;CLIO / 0.9 / TCE;Francija;FRA;osebni avtomobil;178;vozilo z dviûnimi vrati zadaj;CLIO 
56;1221;6.1;0;RENAULT;R00BE2NT5TB15A5000;CLIO / 0.9 / TCE;Francija;FRA;osebni avtomobil;167;vozilo z dviûnimi vrati zadaj;CLIO 
56;980;6.1;0;SUZUKI;MMA53S-1;WAGON R / 1.3 /;Madûarska;HUN;osebni avtomobil;150;karavan;WAGON R 
56;1191;6.5;0;SEAT;STBKYX01-SGFM52T008L40GG;CORDOBA / 1.4;äpanija;ESP;osebni avtomobil;176;limuzina;CORDOBA 
56;1090;6.7;0;SUZUKI;MMB53S;WAGON R / 1.3 / 4WD;Madûarska;HUN;osebni avtomobil;150;karavan;WAGON R 
57;1695;10.6;1;VOLKSWAGEN;70X1C-AAB;TRANSPORTER / 2.4 / D SYN.;Nemcija;DEU;osebni avtomobil;135;vecnamensko vozilo;TRANSPORTER 
57;1160;11.6;0;LADA;2121;NIVA / 1600;Ruska federacija;RUS;osebni avtomobil;132;limuzina;NIVA 
57;1446;4.3;1;HYUNDAI;F5D41-M62BZ1;ix20 / 1.4 / CRDi LP;Ceöka republika;CZE;osebni avtomobil;160;vecnamensko vozilo;ix20 
57;1400;4.3;0;TOYOTA;NHW20L-AHEEBW(1B);PRIUS / 1.5;Japonska ;JPN;osebni avtomobil;170;vozilo z dviûnimi vrati zadaj;PRIUS 
57;1375;4.3;0;TOYOTA;NHW20L-AHEEBW(1D);PRIUS / 1.5 / AUT.;Japonska ;JPN;osebni avtomobil;170;vozilo z dviûnimi vrati zadaj;PRIUS 
57;1325;4.3;0;TOYOTA;NHW20L-AHEEBW(1A);PRIUS / 1.5 / AUT.;Japonska ;JPN;osebni avtomobil;170;vozilo z dviûnimi vrati zadaj;PRIUS 
57;1300;4.3;0;TOYOTA;NHW20L-AHEEBW(1B);PRIUS / 1.5 / AUT.;Japonska ;JPN;osebni avtomobil;170;vozilo z dviûnimi vrati zadaj;PRIUS 
57;1345;4.5;1;HYUNDAI;F5D31-M62AZ1;ix20 / 1.4 / CRDi LP;Ceöka republika;CZE;osebni avtomobil;160;vecnamensko vozilo;ix20 
57;1360;4.7;1;KIA;YNF5D91-M61AZ1;VENGA / 1.4 / D;Ceöka republika;CZE;osebni avtomobil;160;vecnamensko vozilo;VENGA 
57;1105;5.5;0;HONDA;GD51-3;JAZZ / 1.2 /;Japonska ;JPN;osebni avtomobil;170;vozilo z dviûnimi vrati zadaj;JAZZ 
57;1054;5.5;0;HONDA;GD51-2;JAZZ / 1.2 /;Japonska ;JPN;osebni avtomobil;170;vozilo z dviûnimi vrati zadaj;JAZZ 
57;1030;5.5;0;HONDA;GE2-11;JAZZ / 1.2 /;Kitajska ;CHN;osebni avtomobil;170;vozilo z dviûnimi vrati zadaj;JAZZ 
57;996;5.5;0;HONDA;GD51-2;JAZZ / 1.2;Japonska ;JPN;osebni avtomobil;170;vozilo z dviûnimi vrati zadaj;JAZZ 
57;996;5.5;0;HONDA;GD51-2;HONDA / JAZZ / 1.2 /;Japonska ;JPN;osebni avtomobil;170;vozilo z dviûnimi vrati zadaj;HONDA 
57;1050;5.5;0;LANCIA;843AXG1A11;YPSILON / 1.4 /;Italija;ITA;osebni avtomobil;167;vozilo z dviûnimi vrati zadaj;YPSILON 
57;1155;5.6;0;ALFA ROMEO;955AXU1A15B;MITO / 1.4 / 8V;Italija;ITA;osebni avtomobil;165;vecnamensko vozilo;MITO 
57;1115;5.7;0;FIAT;199BXB1A03Y;PUNTO EVO / 1.4 /;Italija;ITA;osebni avtomobil;165;vecnamensko vozilo;PUNTO EVO 
57;1115;5.7;0;FIAT;199BXB1A57D;PUNTO / 1.4 /;Italija;ITA;osebni avtomobil;165;vecnamensko vozilo;PUNTO 
57;1115;5.7;0;FIAT;199BXB1116;GRANDE PUNTO / 1.4 /;Italija;ITA;osebni avtomobil;165;vecnamensko vozilo;GRANDE PUNTO 
57;1100;5.7;0;FIAT;199AXB1A02Y;PUNTO EVO / 1.4 /;Italija;ITA;osebni avtomobil;165;vecnamensko vozilo;PUNTO EVO 
57;1100;5.7;0;FIAT;199AXB1A02Y;PUNTO / 1.4 /;Italija;ITA;osebni avtomobil;165;vecnamensko vozilo;PUNTO 
57;1100;5.7;0;FIAT;199AXB1115;GRANDE PUNTO / 1.4 /;Italija;ITA;osebni avtomobil;165;vecnamensko vozilo;GRANDE PUNTO 
57;1105;5.8;0;HONDA;GE2-11;JAZZ / 1.2 /;Kitajska ;CHN;osebni avtomobil;170;vozilo z dviûnimi vrati zadaj;JAZZ 
57;1030;5.8;0;HONDA;GD-5;JAZZ / 1.2;Japonska ;JPN;osebni avtomobil;170;vozilo z dviûnimi vrati zadaj;JAZZ 
57;1115;5.9;0;FIAT;199BXB1A03C;GRANDE PUNTO / 1.4 /;Italija;ITA;osebni avtomobil;165;vecnamensko vozilo;GRANDE PUNTO 
57;1115;5.9;0;FIAT;199BXB1A03S;PUNTO EVO / 1.4 /;Italija;ITA;osebni avtomobil;165;vecnamensko vozilo;PUNTO EVO 
57;1100;5.9;0;FIAT;199AXB1A02D;GRANDE PUNTO / 1.4 /;Italija;ITA;osebni avtomobil;165;vecnamensko vozilo;GRANDE PUNTO 
57;1100;5.9;0;FIAT;199AXB1A02S;PUNTO EVO / 1.4 /;Italija;ITA;osebni avtomobil;165;vecnamensko vozilo;PUNTO EVO 
57;1100;5.9;0;FIAT;199AXB1A02;PUNTO GRANDE / 1.4 /;Italija;ITA;osebni avtomobil;165;vecnamensko vozilo;PUNTO GRANDE 
57;1100;5.9;0;FIAT;199AXB1A02E;PUNTO / 1.4 /;Italija;ITA;osebni avtomobil;165;vecnamensko vozilo;PUNTO 
57;1115;6.1;0;FIAT;199BXB1A03;GRANDE PUNTO / 1.4 /;Italija;ITA;osebni avtomobil;165;vecnamensko vozilo;GRANDE PUNTO 
57;1115;6.1;0;FIAT;199BXB1A03;PUNTO / GRANDE 1.4;Italija;ITA;osebni avtomobil;165;vecnamensko vozilo;PUNTO 
57;1115;6.1;0;FIAT;199BXB1A03;PUNTO GRANDE / 1.4 /;Italija;ITA;osebni avtomobil;165;vecnamensko vozilo;PUNTO GRANDE 
57;1100;6.1;0;FIAT;199AXB1A02;GRANDE PUNTO / 1.4 /;Italija;ITA;osebni avtomobil;165;vecnamensko vozilo;GRANDE PUNTO 
57;1100;6.1;0;FIAT;199AXB1A02;PUNTO / GRANDE 1.4;Italija;ITA;osebni avtomobil;165;vecnamensko vozilo;PUNTO 
57;1100;6.1;0;FIAT;199AXB1A02;PUNTO GRANDE / 1.4 /;Italija;ITA;osebni avtomobil;165;vecnamensko vozilo;PUNTO GRANDE 
57;1230;6.2;0;LANCIA;350AXF1A08EL;MUSA / 1.4 /;Italija;ITA;osebni avtomobil;163;vecnamensko vozilo;MUSA 
57;1235;6.3;0;FIAT;323AXA1A00;LINEA / 1.4 /;Italija;ITA;osebni avtomobil;165;limuzina;LINEA 
57;885;6.5;0;RENAULT;B57-B05;CLIO / 1.4;Francija;FRA;osebni avtomobil;172;vozilo z dviûnimi vrati zadaj;CLIO 
57;1255;6.9;0;FIAT;225AXC1A03H;QUBO / 1.4 /;Italija;ITA;osebni avtomobil;155;vecnamensko vozilo;QUBO 
57;1402;7.4;0;FIAT;223AXP1A10;DOBLO / 1.4 /;Italija;ITA;osebni avtomobil;148;vozilo z dostopom za invalidski vozicek;DOBLO 
57;1305;7.4;0;FIAT;223AXP1A10;DOBLO / 1.4 /;Italija;ITA;osebni avtomobil;148;vecnamensko vozilo;DOBLO 
57;1305;7.4;0;FIAT;223AXP1A10;DOBLO / 1.4 /;Italija;ITA;osebni avtomobil;148;vozilo za invalidski vozicek;DOBLO 
57;1325;7.6;0;FIAT;223AXP1A10B;DOBLO / 1.4 /;Italija;ITA;osebni avtomobil;145;vozilo za invalidski vozicek;DOBLO 
57;1255;8.3;0;FIAT;225AXC1A03U;QUBO / 1.4 /;Italija;ITA;osebni avtomobil;155;vecnamensko vozilo;QUBO 
57.2;1160;5.1;0;HYUNDAI;F5P41-M51AZ1;i 20 / 1.2 /;Turcija;TUR;osebni avtomobil;165;vecnamensko vozilo;i 20 
57.2;1044;5.1;0;HYUNDAI;F5P41-M51AY1;i 20 / 1.2 /;Indija;IND;osebni avtomobil;165;vecnamensko vozilo;i 20 
57.2;1160;5.2;0;HYUNDAI;F5P11-M51AZ1;i 20 / 1.2 /;Indija;IND;osebni avtomobil;165;vecnamensko vozilo;i 20 
57.2;1160;5.2;0;HYUNDAI;F5P11-M51AZ1;i 20 / 1.2 /;Indija;IND;osebni avtomobil;165;vozilo za posebne namene;i 20 
57.2;1150;5.2;0;HYUNDAI;F5P11-M51AY1;i 20 / 1.2 /;Indija;IND;osebni avtomobil;165;vecnamensko vozilo;i 20 
57.5;1235;5.6;0;RENAULT;JP1SGH;MODUS / 1.2 / 16V AUT.;Francija;FRA;osebni avtomobil;167;vecnamensko vozilo;MODUS 
57.5;1195;5.6;0;RENAULT;KR1E05;CLIO / GRANDTOUR 1.2 / 16V AUT.;Francija;FRA;osebni avtomobil;163;karavan;CLIO 
57.5;1175;5.6;0;RENAULT;BR1E05;CLIO / 1.2 / 16V AUT.;Francija;FRA;osebni avtomobil;163;vozilo z dviûnimi vrati zadaj;CLIO 
57.5;1165;5.6;0;RENAULT;CR1E05;CLIO / 1.2 / 16V AUT.;Francija;FRA;osebni avtomobil;163;vozilo z dviûnimi vrati zadaj;CLIO 
58;1035;5.8;0;OPEL;DL11-1A07A3CBCA5;CORSA / 1.2;Nemcija;DEU;osebni avtomobil;175;vozilo z dviûnimi vrati zadaj;CORSA 
58;1155;5.9;0;ALFA ROMEO;955AXB1B01C;MITO / 1.4 / 16V;Italija;ITA;osebni avtomobil;165;vecnamensko vozilo;MITO 
59;1210;11.4;0;LADA;212140;NIVA / 1700 / I;Ruska federacija;RUS;osebni avtomobil;137;limuzina;NIVA 
59;2080;14.9;1;HYUNDAI;WE21-HQKDE;H-1 / WAGON 2.5 / D;Koreja. republika;KOR;osebni avtomobil;125;limuzina;H-1 
59;1280;3.7;1;VOLKSWAGEN;ABDGTC-FM5FM5A4063N3VR27MV63;POLO / 1.6 / TDI;Nemcija;DEU;osebni avtomobil;175;vozilo z dviûnimi vrati zadaj;POLO 
59;1280;3.8;1;VOLKSWAGEN;ABDGTC-FM5FM5A4063N3VR27MV62;POLO / 1.6 / TDI;Nemcija;DEU;osebni avtomobil;175;vozilo z dviûnimi vrati zadaj;POLO 
59;1159;3.8;1;VOLKSWAGEN;ABEBMSX01-FM5FM52R0241N17GG;POLO / 1.4 / TDI;Nemcija;DEU;osebni avtomobil;176;vozilo z dviûnimi vrati zadaj;POLO 
59;920;4.1;0;MITSUBISHI;A0411-AABBA5A5AAAA;SPACE STAR / 1.2 / AS&G;Tajska;THA;osebni avtomobil;180;vozilo z dviûnimi vrati zadaj;SPACE STAR 
59;1215;4.1;1;äKODA;ACBMSX01-GFM5FM52R02414;FABIA / COMBI 1.4 / TDI;Ceöka republika;CZE;osebni avtomobil;172;karavan;FABIA 
59;1195;4.1;1;äKODA;ABBMSX01-GFM5FM52R02414;FABIA / 1.4 / TDI;Ceöka republika;CZE;osebni avtomobil;170;vozilo z dviûnimi vrati zadaj;FABIA 
59;920;4.3;0;MITSUBISHI;A0411-AABBA5A5BAAA;SPACE STAR / 1.2 / AS&G;Tajska;THA;osebni avtomobil;180;vozilo z dviûnimi vrati zadaj;SPACE STAR 
59;1175;4.3;1;SEAT;SCBMSX0-SGFM52R02447GG;IBIZA / 1.4 / TDI;äpanija;ESP;osebni avtomobil;169;vecnamensko vozilo;IBIZA 
59;1150;4.3;1;SEAT;SCNBMSX0-SGFM52R02427GGGI;IBIZA / 1.4 / TDI;äpanija;ESP;osebni avtomobil;170;vecnamensko vozilo;IBIZA 
59;1164;4.4;1;VOLKSWAGEN;ABSBNVX01-FM5FM52R0141N1K0GG;POLO / 1.4 / TDI;Nemcija;DEU;osebni avtomobil;174;vozilo z dviûnimi vrati zadaj;POLO 
59;1275;4.5;1;FIAT;225AXG1A08D;QUBO / 1.3 / MULTIJET;Italija;ITA;osebni avtomobil;161;vecnamensko vozilo;QUBO 
59;1266;4.5;1;VOLKSWAGEN;ABSBNVX01-FM5FM52R0141N1L0GG;POLO / 1.4 / TDI;Nemcija;DEU;osebni avtomobil;174;vozilo z dviûnimi vrati zadaj;POLO 
59;1249;4.5;1;VOLKSWAGEN;ABSBNVX01-FM5FM52R0141N1L0GG;POLO / 1.4;Nemcija;DEU;osebni avtomobil;174;vozilo z dviûnimi vrati zadaj;POLO 
59;1164;4.5;1;VOLKSWAGEN;ABSBNVX01-FM5FM52R0141N10GG;POLO / 1.4 / TDI;Nemcija;DEU;osebni avtomobil;174;vozilo z dviûnimi vrati zadaj;POLO 
59;1055;4.6;0;FORD;JA8-P4JB1D5AMAAF;FIESTA / 1.0 / 59 5 VR;Nemcija;DEU;osebni avtomobil;165;vozilo z dviûnimi vrati zadaj;FIESTA 
59;1054;4.6;0;FORD;JA8-P4JD1D-5AMAAF;FIESTA / 1.0 / 59 5 vr;Nemcija;DEU;osebni avtomobil;165;vozilo z dviûnimi vrati zadaj;FIESTA 
59;1045;4.6;0;FORD;JA8-P4JB1C5AMAAE;FIESTA / 1.0 / 59 3 vr;Nemcija;DEU;osebni avtomobil;165;vozilo z dviûnimi vrati zadaj;FIESTA 
59;1280;4.6;1;OPEL;DZ11-2A34A850GCD5;ASTRA / 1.7 / DT 16V;Nemcija;DEU;osebni avtomobil;173;vozilo z dviûnimi vrati zadaj;ASTRA 
59;1280;4.6;1;OPEL;HZ11-2A23AT17GCD5;ASTRA / 1.7;Nemcija;DEU;osebni avtomobil;173;limuzina;ASTRA 
59;1205;4.6;1;OPEL;DZ11 - 2A34A850GCD5;ASTRA / 1.7;Nemcija;DEU;osebni avtomobil;173;vozilo z dviûnimi vrati zadaj;ASTRA 
59;1205;4.6;1;OPEL;DZ11-2A34A850GCD5;OPEL / ASTRA / 1.7 / DT 16V;Nemcija;DEU;osebni avtomobil;173;vozilo z dviûnimi vrati zadaj;OPEL 
59;1205;4.6;1;OPEL;DZ11-2A34A850GCD5;ASTRA / 1.7;Nemcija;DEU;osebni avtomobil;173;limuzina;ASTRA 
59;1200;4.6;1;RENAULT;KC0-VEF;KANGOO / 1.9 / D;Francija;FRA;osebni avtomobil;153;vecnamensko vozilo;KANGOO 
59;1195;4.6;1;RENAULT;BMR-F05;MEGANE / 1.5 / DCI;Francija;FRA;osebni avtomobil;168;vozilo z dviûnimi vrati zadaj;MEGANE 
59;1219;4.6;1;SEAT;STNBNVX01-SGFM52R01440GG;CORDOBA / 1.4 / TDI;äpanija;ESP;osebni avtomobil;177;limuzina;CORDOBA 
59;1206;4.6;1;SEAT;SCBNVX01-SGFM52R01440GG;IBIZA / 1.4 / TDI;äpanija;ESP;osebni avtomobil;176;vozilo z dviûnimi vrati zadaj;IBIZA 
59;1279;4.6;1;äKODA;SEBNVX01-NFM5FM52R014LALLE0GGS5;FABIA / COMBI 1.4 / TDI;Ceöka republika;CZE;osebni avtomobil;173;karavan;FABIA 
59;1252;4.6;1;äKODA;SCBNVX01-NFM5FM52R014LALLE0GGS5;FABIA / 1.4 / TDI;Ceöka republika;CZE;osebni avtomobil;170;vozilo z dviûnimi vrati zadaj;FABIA 
59;1240;4.6;1;äKODA;SEBNVX01-NFM5FM52R014ALLE0GGS5;FABIA / COMBI 1.4 / TDI;Ceöka republika;CZE;osebni avtomobil;173;karavan;FABIA 
59;1225;4.6;1;äKODA;ACBNVX01-NFM5FM52R01414;FABIA / COMBI 1.4 / TDI;Ceöka republika;CZE;osebni avtomobil;173;karavan;FABIA 
59;1205;4.6;1;äKODA;ABBNVX01-NFM5FM52R01414;FABIA / 1.4 / TDI;Ceöka republika;CZE;osebni avtomobil;172;vozilo z dviûnimi vrati zadaj;FABIA 
59;1254;4.6;1;VOLKSWAGEN;ABSBNVX01-FM5FM52R0141N1L0GG;POLO / 1.4 / TDI;Nemcija;DEU;osebni avtomobil;174;vozilo z dviûnimi vrati zadaj;POLO 
59;1253;4.6;1;VOLKSWAGEN;ABSBNVX01-FM5FM52R0141N1L0GG;POLO / 1.4;Nemcija;DEU;osebni avtomobil;174;vozilo z dviûnimi vrati zadaj;POLO 
59;1234;4.6;1;VOLKSWAGEN;9N ABSBMSX01-FM5FM52R0261N1L7GG;POLO / 1.4 / TDI;Nemcija;DEU;osebni avtomobil;174;vozilo z dviûnimi vrati zadaj;POLO 
59;1230;4.7;1;FIAT;312PXS2AP11B;PANDA / 1.3 / JTD 4X4 CROSS;Italija;ITA;osebni avtomobil;160;vecnamensko vozilo;PANDA 
59;1157;4.7;0;NISSAN;E12BB02;NOTE / 1.2 /;Zdruûeno kraljestvo;GBR;osebni avtomobil;170;vecnamensko vozilo;NOTE 
59;1080;4.7;0;NISSAN;E12-B01;NOTE / 1.2 /;Zdruûeno kraljestvo;GBR;osebni avtomobil;170;vecnamensko vozilo;NOTE 
59;1278;4.7;1;OPEL;FZ11-2A28B523GCD5;ASTRA / CAR. 1.7;Nemcija;DEU;osebni avtomobil;168;vecnamensko vozilo;ASTRA 
59;1278;4.7;1;OPEL;FZ11-2A28B523GCD5;ASTRA / CAR. 1.7;Nemcija;DEU;osebni avtomobil;168;karavan;ASTRA 
59;1203;4.7;1;OPEL;FZ11 - 2A28B523GCD5;ASTRA / CAR. 1.7;Nemcija;DEU;osebni avtomobil;168;karavan;ASTRA 
59;1203;4.7;1;OPEL;FZ11-2A28B523GCD5;ASTRA / CAR. 1.7 / DT 16V;Nemcija;DEU;osebni avtomobil;168;vecnamensko vozilo;ASTRA 
59;1297;4.7;1;äKODA;SEBNVX01-NFM5FM52R014MALLE0GGS5;FABIA / COMBI 1.4 / TDI;Ceöka republika;CZE;osebni avtomobil;173;karavan;FABIA 
59;1278;4.8;1;OPEL;FZ11-2A28B523GCD5;ASTRA / CAR. 1.7 / DT 16V;Nemcija;DEU;osebni avtomobil;168;vecnamensko vozilo;ASTRA 
59;1278;4.8;1;OPEL;FZ11-2A28B523GCD5;ASTRA / CAR. 1.7;Nemcija;DEU;osebni avtomobil;168;karavan;ASTRA 
59;1225;4.8;1;äKODA;ACBMSX01-NFM5FM52R02614;FABIA / COMBI 1.4 / TDI;Ceöka republika;CZE;osebni avtomobil;173;karavan;FABIA 
59;1380;4.9;1;OPEL;FD11-1A05A0JBAG5;ASTRA / CAR. 1.7;Nemcija;DEU;osebni avtomobil;168;karavan;ASTRA 
59;1380;4.9;1;OPEL;FD11-1A05A0JBAG5;ASTRA / CAR. 1.7 / DT 16V;Nemcija;DEU;osebni avtomobil;168;vecnamensko vozilo;ASTRA 
59;1335;4.9;1;OPEL;BD11-1A05A9JBAE5;ASTRA / 1.7;Nemcija;DEU;osebni avtomobil;168;vozilo z dviûnimi vrati zadaj;ASTRA 
59;1305;4.9;1;OPEL;FD11-1A05A0JBAG5;ASTRA / CAR 1.7 / DT 16V;Nemcija;DEU;osebni avtomobil;168;vecnamensko vozilo;ASTRA 
59;1365;5.1;1;OPEL;BD11-1A05A9JBAC5;ASTRA / 1.7 / DT 16V;Nemcija;DEU;osebni avtomobil;168;vozilo z dviûnimi vrati zadaj;ASTRA 
59;1335;5.1;1;OPEL;BD11-1A05A9JBAC5;ASTRA / 1.7;Nemcija;DEU;osebni avtomobil;168;vozilo z dviûnimi vrati zadaj;ASTRA 
59;1278;5.1;1;OPEL;T98-KOMBI;ASTRA / 1.7;Nemcija;DEU;osebni avtomobil;168;karavan;ASTRA 
59;1260;5.1;1;OPEL;BD11-1A05A9JBAC5;OPEL / ASTRA / 1.7 / DT 16V;Nemcija;DEU;osebni avtomobil;168;vozilo z dviûnimi vrati zadaj;OPEL 
59;1210;5.1;1;OPEL;DZ11 - 2A34A850GCD5;OPEL / ASTRA / 1.7 / DT 16V;Nemcija;DEU;osebni avtomobil;173;vozilo z dviûnimi vrati zadaj;OPEL 
59;1364;5.1;1;äKODA;AFBNVX01-NFM5FM52R026M15;ROOMSTER / 1.4 / TDI;Ceöka republika;CZE;osebni avtomobil;165;vecnamensko vozilo;ROOMSTER 
59;1325;5.1;1;äKODA;AFBNVX01-SFM5FM52R02615;ROOMSTER / 1.4 / TDI;Ceöka republika;CZE;osebni avtomobil;163;vecnamensko vozilo;ROOMSTER 
59;1320;5.1;1;äKODA;AFBNVX01-SFM5FM52R026M15;ROOMSTER / 1.4 / TDI;Ceöka republika;CZE;osebni avtomobil;165;vecnamensko vozilo;ROOMSTER 
59;1020;5.2;1;RENAULT;BB0U0F;CLIO / 1.9 / DI;Francija;FRA;osebni avtomobil;174;vozilo z dviûnimi vrati zadaj;CLIO 
59;1320;5.2;1;äKODA;AFBMSX01-NFM5FM52R02615;ROOMSTER / 1.4 / TDI;Ceöka republika;CZE;osebni avtomobil;165;vecnamensko vozilo;ROOMSTER 
59;1180;5.3;1;AUDI;89-RA;80 / TURBO D;Nemcija;DEU;osebni avtomobil;172;limuzina;80
59;980;5.3;0;MITSUBISHI;A0411-AEBCCCA5AAAA;Space Star / 1.2 / CVT;Japonska ;JPN;osebni avtomobil;173;vozilo z dviûnimi vrati zadaj;Space Star 
59;1035;5.3;0;OPEL;DL11-1A07A3CEBA5;CORSA / 1.2 / 16V MTA;Nemcija;DEU;osebni avtomobil;175;vozilo z dviûnimi vrati zadaj;CORSA 
59;1010;5.3;0;OPEL;BL11-1A02A3CEBA5;CORSA / 1.2 / 16V MTA;Nemcija;DEU;osebni avtomobil;175;vozilo z dviûnimi vrati zadaj;CORSA 
59;1325;5.4;1;FIAT;192AXF1A10C;STILO / 1.9;Italija;ITA;osebni avtomobil;172;vozilo z dviûnimi vrati zadaj;STILO 
59;1325;5.4;1;FIAT;192AXF1A-AC1;STILO / 1.9 / JTD;Italija;ITA;osebni avtomobil;172;karavan;STILO 
59;950;5.4;0;MITSUBISHI;A0411-ACBBA5B5BAAA;Space Star / 1.2 /;Japonska ;JPN;osebni avtomobil;180;vozilo z dviûnimi vrati zadaj;Space Star 
59;1054;5.4;0;NISSAN;K13-A04;MICRA / 1.2 / AUT.;Indija;IND;osebni avtomobil;161;vecnamensko vozilo;MICRA 
59;1099;5.4;0;SEAT;BDSGB-FM5SFM5DF0104BF1A1AAC;IBIZA / 1.0 /;äpanija;ESP;osebni avtomobil;170;vozilo z dviûnimi vrati zadaj;IBIZA 
59;1280;5.48;1;VOLKSWAGEN;ABDGTC-FM5FM5A4063N2VR27CN1BA;POLO / 1.6 / TDI;Nemcija;DEU;osebni avtomobil;175;vozilo z dviûnimi vrati zadaj;POLO 
59;1380;5.5;1;FIAT;192BXF1A-11;STILO / 1.9 / JTD;Italija;ITA;osebni avtomobil;170;vozilo z dviûnimi vrati zadaj;STILO 
59;1305;5.5;1;FIAT;192BXF1A11C;STILO / 1.9;Italija;ITA;osebni avtomobil;170;vozilo z dviûnimi vrati zadaj;STILO 
59;1099;5.5;0;SEAT;BDSGB-FM5SFM5DF0104BF1A1CA;IBIZA / 1.0 / TSI;äpanija;ESP;osebni avtomobil;170;vozilo z dviûnimi vrati zadaj;IBIZA 
59;1170;5.5;0;VOLKSWAGEN;ABDSGD-FM5FM5DF010N2VR24BI1AA0G;POLO / 1.0 /;Nemcija;DEU;osebni avtomobil;171;vozilo z dviûnimi vrati zadaj;POLO 
59;1120;5.5;0;VOLKSWAGEN;ABDSGB-FM5FM5DF010N2VR24BF1BA0;POLO / 1.0 /;Nemcija;DEU;osebni avtomobil;171;vozilo z dviûnimi vrati zadaj;POLO 
59;1470;5.6;1;FIAT;192CXF1A15C;STILO / MW 1.9 / JTD;Italija;ITA;osebni avtomobil;170;karavan;STILO 
59;1395;5.6;1;FIAT;192CXF1A15C;STILO / MW 1.9;Italija;ITA;osebni avtomobil;170;karavan;STILO 
59;1395;5.6;1;FIAT;192CXF1A15C;STILO / MW 1.9 / JTD;Italija;ITA;osebni avtomobil;170;vecnamensko vozilo;STILO 
59;1285;5.6;1;RENAULT;KA1U-05;MEGANE / BREAK 1.9 / DTI;Francija;FRA;osebni avtomobil;168;karavan;MEGANE 
59;950;5.7;0;FIAT;188BXA1A01X;PUNTO / 1.2 /;Italija;ITA;osebni avtomobil;155;vozilo z dviûnimi vrati zadaj;PUNTO 
59;1160;5.7;0;OPEL;PB11-1A05A7JCCC5;CORSA / 1.2 / 16V MTA;Nemcija;DEU;osebni avtomobil;168;vecnamensko vozilo;CORSA 
59;1159;5.7;0;OPEL;KB11-1A16A77CCA5;CORSA / 1.2 / 16V MTA;Nemcija;DEU;osebni avtomobil;168;vecnamensko vozilo;CORSA 
59;1130;5.7;0;OPEL;HB11-1A02A4HCCC5;CORSA / 1.2 / 16V MTA;Nemcija;DEU;osebni avtomobil;168;vecnamensko vozilo;CORSA 
59;1128;5.7;0;OPEL;BB11-1A14A4DCCA5;CORSA / 1.2 / 16V MTA;Nemcija;DEU;osebni avtomobil;168;vecnamensko vozilo;CORSA 
59;935;5.7;0;OPEL;BL11-1A02A3CBCA5;CORSA / 1.2;Nemcija;DEU;osebni avtomobil;175;vozilo z dviûnimi vrati zadaj;CORSA 
59;1365;5.7;1;RENAULT;JA1U;MEGANE / SCENIC 1.9;Francija;FRA;osebni avtomobil;170;vozilo z dviûnimi vrati zadaj;MEGANE 
59;1365;5.7;1;RENAULT;JA1U-05;MEGANE / SCENIC 1.9 / DTI;Francija;FRA;osebni avtomobil;162;vecnamensko vozilo;MEGANE 
59;1010;5.8;0;FIAT;188BXB1A03M;PUNTO / 1.2;Italija;ITA;osebni avtomobil;172;vozilo z dviûnimi vrati zadaj;PUNTO 
59;995;5.8;0;FIAT;188AXB1A02M;PUNTO / 1.2;Italija;ITA;osebni avtomobil;172;vozilo z dviûnimi vrati zadaj;PUNTO 
59;995;5.8;0;FIAT;188AXB1A02M;PUNTO / 1.2 / 16V;Italija;ITA;osebni avtomobil;172;vozilo za posebne namene;PUNTO 
59;920;5.8;0;FIAT;188AXB1A02M;PUNTO / 1.2 / 16V;Italija;ITA;osebni avtomobil;172;vozilo z dviûnimi vrati zadaj;PUNTO 
59;1160;5.8;0;OPEL;PB11-1A05A7JBDC5;CORSA / 1.2 / 16V;Nemcija;DEU;osebni avtomobil;168;vecnamensko vozilo;CORSA 
59;1159;5.8;0;OPEL;KB11-1A16A77BDA5;CORSA / 1.2 / 16V;Nemcija;DEU;osebni avtomobil;168;vecnamensko vozilo;CORSA 
59;1130;5.8;0;OPEL;FB11-1A02A4HBDC5;CORSA / 1.2 / 16V;Nemcija;DEU;osebni avtomobil;168;vecnamensko vozilo;CORSA 
59;1128;5.8;0;OPEL;BB11-1A14A4DBDA5;CORSA / 1.2 / 16V;Nemcija;DEU;osebni avtomobil;168;vecnamensko vozilo;CORSA 
59;1110;5.8;0;OPEL;DL11-1A07A3CBCA5;CORSA / 1.2 / 16V;Nemcija;DEU;osebni avtomobil;175;vozilo z dviûnimi vrati zadaj;CORSA 
59;1035;5.8;0;OPEL;DL11-1A07A3CBCA5;CORSA  1.2;Nemcija;DEU;osebni avtomobil;175;vozilo z dviûnimi vrati zadaj;CORSA  1.2
59;1010;5.8;0;OPEL;BL11-1A02A3CBCA5;CORSA / 1.2 / 16V;Nemcija;DEU;osebni avtomobil;175;vozilo z dviûnimi vrati zadaj;CORSA 
59;960;5.8;0;OPEL;DL11-1A07A3CBCA5;CORSA / 1.2;Nemcija;DEU;osebni avtomobil;175;vozilo z dviûnimi vrati zadaj;CORSA 
59;935;5.8;0;OPEL;BL11-1A02A3CBCA5;CORSA / 1.2;Nemcija;DEU;osebni avtomobil;175;vozilo z dviûnimi vrati zadaj;CORSA 
59;1215;5.8;1;RENAULT;BA;MEGANE / 1.9;Francija;FRA;osebni avtomobil;170;vozilo z dviûnimi vrati zadaj;MEGANE 
59;1099;5.8;0;SEAT;BDFNA-FM5SFM5DF0107CP1A1CA;IBIZA / 1.0 /;äpanija;ESP;osebni avtomobil;169;vozilo z dviûnimi vrati zadaj;IBIZA 
59;1125;5.8;0;VOLKSWAGEN;ABDFNA-FM5FM5DF010N1VR27CP1CA;POLO / 1.0 /;Nemcija;DEU;osebni avtomobil;171;vozilo z dviûnimi vrati zadaj;POLO 
59;1088;5.9;0;NISSAN;K12-F02;MICRA / 1.2 /;Zdruûeno kraljestvo;GBR;osebni avtomobil;167;vozilo z dviûnimi vrati zadaj;MICRA 
59;1085;5.9;0;NISSAN;K12-B02;MICRA / 1.2 /;Zdruûeno kraljestvo;GBR;osebni avtomobil;167;vozilo z dviûnimi vrati zadaj;MICRA 
59;1055;5.9;0;NISSAN;K12-F02;MICRA / 1.2;Zdruûeno kraljestvo;GBR;osebni avtomobil;167;vozilo z dviûnimi vrati zadaj;MICRA 
59;1040;5.9;0;NISSAN;K12-B02;MICRA / 1.2;Zdruûeno kraljestvo;GBR;osebni avtomobil;167;vozilo z dviûnimi vrati zadaj;MICRA 
59;1099;5.9;0;SEAT;BDFNA-FM5SFM5DF0107CP2A1CA;IBIZA / 1.0 /;äpanija;ESP;osebni avtomobil;169;vozilo z dviûnimi vrati zadaj;IBIZA 
59;1122;5.9;0;VOLKSWAGEN;ABSBMDX01-FM5FM52T0291N1K0GG;POLO / 1.4 /;Nemcija;DEU;osebni avtomobil;152;vozilo z dviûnimi vrati zadaj;POLO 
59;1159;6.1;0;OPEL;KB11-1A16A77ADA5;CORSA / 1.2 / 16V;Nemcija;DEU;osebni avtomobil;168;vecnamensko vozilo;CORSA 
59;1130;6.1;0;OPEL;FB11-1A02A4HADG5;CORSA / 1.2 / 16V;Nemcija;DEU;osebni avtomobil;168;vecnamensko vozilo;CORSA 
59;1128;6.1;0;OPEL;BB11-1A14A4DADA5;CORSA / 1.2 / 16V;Nemcija;DEU;osebni avtomobil;168;vecnamensko vozilo;CORSA 
59;1110;6.1;0;SUZUKI;F-J;JIMNY / 1.3;Japonska ;JPN;osebni avtomobil;140;kabriolet;JIMNY 
59;918;6.1;0;SUZUKI;F-J;JIMNY / 1.3;äpanija;ESP;osebni avtomobil;140;limuzina;JIMNY 
59;1162;6.2;0;FORD;JU2-FXJA;FUSION / 1.4 / AUT.;Nemcija;DEU;osebni avtomobil;164;vecnamensko vozilo;FUSION 
59;1101;6.2;0;FORD;JH1-FXJA15BDBKB;FIESTA / 1.4 /;Nemcija;DEU;osebni avtomobil;167;vozilo z dviûnimi vrati zadaj;FIESTA 
59;1095;6.2;0;FORD;JD3-FXJA15BDBKA;FIESTA / 1.4 /;Nemcija;DEU;osebni avtomobil;166;vozilo z dviûnimi vrati zadaj;FIESTA 
59;1090;6.3;1;AUDI;89;80 / 1.6 / TD;Nemcija;DEU;osebni avtomobil;174;limuzina;80
59;1005;6.3;0;FIAT;188AXB1B06F;PUNTO / 1.2 / 16V;Italija;ITA;osebni avtomobil;172;vozilo z dviûnimi vrati zadaj;PUNTO 
59;1162;6.3;0;FORD;JU2-FXJA15D;FUSION / 1.4 / EST;Nemcija;DEU;osebni avtomobil;164;vecnamensko vozilo;FUSION 
59;1088;6.3;0;VOLKSWAGEN;ABSBUDX01-FM5FM52T0881N1X0GG;POLO / 1.4 /;Nemcija;DEU;osebni avtomobil;175;vozilo z dviûnimi vrati zadaj;POLO 
59;1380;6.4;1;FIAT;192;STILO / 1.9 / JTD;Italija;ITA;osebni avtomobil;170;vozilo z dviûnimi vrati zadaj;STILO 
59;1107;6.4;0;FORD;JH1-FXJA;FIESTA / 1.4 / AUT.;Nemcija;DEU;osebni avtomobil;168;vozilo z dviûnimi vrati zadaj;FIESTA 
59;1107;6.4;0;FORD;JH1-FXJA;FIESTA / 1.4 / AUT.;Nemcija;DEU;osebni avtomobil;168;vozilo za posebne namene;FIESTA 
59;1102;6.4;0;FORD;JH1-FXJB;FIESTA / 1.4;Nemcija;DEU;osebni avtomobil;167;vozilo z dviûnimi vrati zadaj;FIESTA 
59;1101;6.4;0;FORD;JD3-FXJB;FIESTA / 1.4;Nemcija;DEU;osebni avtomobil;166;vozilo z dviûnimi vrati zadaj;FIESTA 
59;1027;6.4;0;FORD;JH1-FXJB;FORD / FIESTA / 1.4 /;Nemcija;DEU;osebni avtomobil;167;vozilo z dviûnimi vrati zadaj;FORD 
59;1060;6.4;0;MAZDA;NCA;2 / 1.4;Japonska ;JPN;osebni avtomobil;164;karavan;2
59;1217;6.4;0;VOLKSWAGEN;ACCGGAX0-FM5FM5AF015N7MGN1;GOLF / 1.4 /;Nemcija;DEU;osebni avtomobil;172;karavan;GOLF 
59;1151;6.4;0;VOLKSWAGEN;ABSBUDX01-FM5FM52T0881N1K0GG;POLO / 1.4 /;Nemcija;DEU;osebni avtomobil;175;vozilo z dviûnimi vrati zadaj;POLO 
59;1088;6.4;0;VOLKSWAGEN;ABSBUDX01-FM5FM52T0881N1X0GG;POLO / 1.4 /;Nemcija;DEU;osebni avtomobil;175;vozilo z dviûnimi vrati zadaj;POLO 
59;1088;6.4;0;VOLKSWAGEN;ABSBUDX01-FM5FM52T0881N1X0GG;POLO / 1.4 /;Nemcija;DEU;osebni avtomobil;175;limuzina;POLO 
59;1155;6.5;0;FIAT;350AXD1A-03;IDEA / 1.2;Italija;ITA;osebni avtomobil;175;vecnamensko vozilo;IDEA 
59;1155;6.5;0;FIAT;350AXD1A03;IDEA / 1.2 / 16V;Italija;ITA;osebni avtomobil;163;vecnamensko vozilo;IDEA 
59;960;6.5;0;FIAT;188AXB1104I;PUNTO / 1.2 / 16V CA;Italija;ITA;osebni avtomobil;165;vozilo z dviûnimi vrati zadaj;PUNTO 
59;1247;6.5;0;FORD;DA3ASDA1P-5ABCLD;FOCUS / 1.4 /;Nemcija;DEU;osebni avtomobil;164;vozilo z dviûnimi vrati zadaj;FOCUS 
59;1156;6.5;0;FORD;JU2-FXJA;FUSION / 1.4 /;Nemcija;DEU;osebni avtomobil;163;vecnamensko vozilo;FUSION 
59;1125;6.5;0;MAZDA;DY1NC-24;2 / 1.4 / I;Japonska ;JPN;osebni avtomobil;164;vozilo z dviûnimi vrati zadaj;2
59;975;6.5;0;MAZDA;NC2;2 / 1.4;Japonska ;JPN;osebni avtomobil;164;karavan;2
59;1179;6.5;0;VOLKSWAGEN;ABSBUDX01-FM5FM52T0881N1L0GG;POLO / 1.4 /;Nemcija;DEU;osebni avtomobil;175;vozilo z dviûnimi vrati zadaj;POLO 
59;1247;6.6;0;FORD;DA3-ASDA15;FOCUS / 1.4 /;Nemcija;DEU;osebni avtomobil;180;vozilo z dviûnimi vrati zadaj;FOCUS 
59;1247;6.6;0;FORD;DA3-ASDA15;FOCUS / 1.4 /;Nemcija;DEU;osebni avtomobil;164;vozilo z dviûnimi vrati zadaj;FOCUS 
59;1229;6.6;0;FORD;DA3-ASDA13;FOCUS / 1.4 /;Nemcija;DEU;osebni avtomobil;164;vozilo z dviûnimi vrati zadaj;FOCUS 
59;1172;6.6;0;FORD;DA3;FOCUS / 1.4 / I;Nemcija;DEU;osebni avtomobil;164;vozilo z dviûnimi vrati zadaj;FOCUS 
59;1143;6.6;0;FORD;JU2-FXJC15BEEKJ;FUSION / 1.4 /;Nemcija;DEU;osebni avtomobil;163;vecnamensko vozilo;FUSION 
59;977;6.6;0;FORD;JH1;FIESTA / 1.4;Nemcija;DEU;osebni avtomobil;167;vozilo z dviûnimi vrati zadaj;FIESTA 
59;1120;6.6;0;MAZDA;1NC2;MAZDA 2 / 1.4 / i;Japonska ;JPN;osebni avtomobil;164;karavan;MAZDA 2 
59;1050;6.6;0;MAZDA;NC2;MAZDA 2 / 1.4 / i;Japonska ;JPN;osebni avtomobil;164;karavan;MAZDA 2 
59;1032;6.6;0;NISSAN;K12-F03;MICRA / 1.2 / AUT.;Zdruûeno kraljestvo;GBR;osebni avtomobil;145;vozilo z dviûnimi vrati zadaj;MICRA 
59;1214;6.6;0;äKODA;SEBUDX01-NFM5FM52T088LALLE0GGS5;FABIA / COMBI 1.4 /;Ceöka republika;CZE;osebni avtomobil;175;karavan;FABIA 
59;1207;6.6;0;äKODA;STBUDX01-NFM5FM52T088LALLE0GGS5;FABIA / SEDAN 1.4 /;Ceöka republika;CZE;osebni avtomobil;173;limuzina;FABIA 
59;1337;6.6;0;VOLKSWAGEN;ACCGGAX0-FM5FM5AF015N7MGN1;GOLF PLUS / 1.4 /;Nemcija;DEU;osebni avtomobil;169;karavan;GOLF PLUS 
59;1161;6.6;0;VOLKSWAGEN;ABFBUDX01-FM5FM52T0881N1X0GG;POLO / 1.4 /;Nemcija;DEU;osebni avtomobil;170;vozilo z dviûnimi vrati zadaj;POLO 
59;1133;6.6;0;VOLKSWAGEN;ABSBUDX01-FA61N14;POLO / 1.4 / AUT.;Nemcija;DEU;osebni avtomobil;171;vozilo z dviûnimi vrati zadaj;POLO 
59;1145;6.7;0;FORD;JU2-FXJA;FUSION / 1.4 /;Nemcija;DEU;osebni avtomobil;163;vecnamensko vozilo;FUSION 
59;1101;6.7;0;FORD;JH1-FXJA15BDBKB;FIESTA / 1.4 /;Nemcija;DEU;osebni avtomobil;167;vozilo z dviûnimi vrati zadaj;FIESTA 
59;1059;6.7;0;FORD;JU2-FXJB;FUSION / 1.4;Nemcija;DEU;osebni avtomobil;163;vecnamensko vozilo;FUSION 
59;1170;6.7;0;äKODA;SEBUDX01-NFM5FM52T088ALLE0GGS5;FABIA / COMBI 1.4 /;Ceöka republika;CZE;osebni avtomobil;175;karavan;FABIA 
59;1228;6.9;0;VOLKSWAGEN;1KABBUDX0-FM5FM5AF0070GGN1;GOLF / 1.4 / 16V;Nemcija;DEU;osebni avtomobil;168;vozilo z dviûnimi vrati zadaj;GOLF 
59;1133;6.9;0;VOLKSWAGEN;ABSBUDX01-FA6FA69G0891N1X0GG;POLO / 1.4 / AUT.;Nemcija;DEU;osebni avtomobil;171;vozilo z dviûnimi vrati zadaj;POLO 
59;1110;7.2;0;SUZUKI;FJB33C;JIMNY / 1.3 / 4WD;äpanija;ESP;osebni avtomobil;140;limuzina;JIMNY 
59;1383;7.2;0;VOLKSWAGEN;AFBUDX0-FM5FM5AF007M0GGN1;GOLF PLUS / 1.4 /;Nemcija;DEU;osebni avtomobil;165;vecnamensko vozilo;GOLF PLUS 
59;1368;7.2;0;VOLKSWAGEN;1KPAFBUDX0;GOLF PLUS / 1.4;Nemcija;DEU;osebni avtomobil;165;vecnamensko vozilo;GOLF PLUS 
59;1405;7.4;1;RENAULT;KCAV-A8;KANGOO / 1.9 / DCI 4X4;Francija;FRA;osebni avtomobil;142;vecnamensko vozilo;KANGOO 
59;1330;7.4;1;RENAULT;KCAVA8;KANGOO / 1.9 / DCI 4X4;Francija;FRA;osebni avtomobil;147;vecnamensko vozilo;KANGOO 
59;1110;7.5;0;SUZUKI;FJB33C-5MT;JIMNY / 1.3;äpanija;ESP;osebni avtomobil;140;limuzina;JIMNY 
59;1405;7.6;1;RENAULT;KC;KANGOO / 1.9 / DCI;Francija;FRA;osebni avtomobil;142;vecnamensko vozilo;KANGOO 
59;1552;7.9;0;VOLKSWAGEN;ACBUDX01-FM5FM5AH004SB0J20GGNN1;CADDY / 1.4 /;Nemcija;DEU;osebni avtomobil;151;karavan;CADDY 
59;1545;7.9;0;VOLKSWAGEN;ACBUDX01-FM5FM5AH004SK0J20GGNN1;CADDY LIFE / 1.4 /;Nemcija;DEU;osebni avtomobil;151;karavan;CADDY LIFE 
59;1115;8.2;0;SUZUKI;FJB33V-1;JIMNY / 1.3 / 4WD;Japonska ;JPN;osebni avtomobil;140;karavan;JIMNY 
59;1040;8.2;0;SUZUKI;FJB33V1;JIMNY / 1.3;Japonska ;JPN;osebni avtomobil;140;karavan;JIMNY 
59;1085;8.3;0;SUZUKI;ET-6-1;VITARA / 1.6;äpanija;ESP;osebni avtomobil;150;limuzina;VITARA 
59;1110;8.8;0;SUZUKI;FJ;JIMNY / 1.3;Japonska ;JPN;osebni avtomobil;140;limuzina;JIMNY 
59.5;1285;9.5;0;LADA;212140-U;NIVA / 1.7 / I;Ruska federacija;RUS;osebni avtomobil;137;karavan;NIVA 
60;1285;10.5;0;LADA;212140-T;NIVA / 1700 / I;Ruska federacija;RUS;osebni avtomobil;137;karavan;NIVA 
60;1960;10.7;1;MERCEDES BENZ;C-CA1A-21E4DV29;SPRINTER / 208 /CDI;Nemcija;DEU;osebni avtomobil;135;vecnamensko vozilo;SPRINTER 
60;1285;11.4;0;LADA;212140-S;NIVA / 1700;Ruska federacija;RUS;osebni avtomobil;137;limuzina;NIVA 
60;1285;11.4;0;LADA;212140-S;NIVA / 1700 / I;Ruska federacija;RUS;osebni avtomobil;137;karavan;NIVA 
60;1055;4.1;0;PEUGEOT;CCHMZ6/PS;208 / 1.2 / AUT.;Francija;FRA;osebni avtomobil;178;vozilo z dviûnimi vrati zadaj;208
60;1055;4.2;0;PEUGEOT;CCHMZ6/PS;208 / 1.2 / AUT.;Francija;FRA;osebni avtomobil;178;vozilo z dviûnimi vrati zadaj;208
60;1055;4.2;0;PEUGEOT;CCHMZ6/PS;208 / 1.2 / AUT.;Francija;FRA;osebni avtomobil;178;vozilo za posebne namene;208
60;1540;4.2;1;RENAULT;BBR8EF;CLIO / 1.5;Francija;FRA;osebni avtomobil;175;vozilo z dviûnimi vrati zadaj;CLIO 
60;1070;4.2;1;RENAULT;BBR8EF;CLIO / 1.5 / DCI;Francija;FRA;osebni avtomobil;175;vozilo za posebne namene;CLIO 
60;1055;4.2;1;RENAULT;BB080F;CLIO / 1.5 / DCI;Francija;FRA;osebni avtomobil;175;vozilo z dviûnimi vrati zadaj;CLIO 
60;1050;4.2;1;RENAULT;CBR8EF;CLIO / 1.5 / DCI;Francija;FRA;osebni avtomobil;175;vozilo z dviûnimi vrati zadaj;CLIO 
60;1035;4.2;1;RENAULT;CBR80F;CLIO / 1.5 / DCI;Francija;FRA;osebni avtomobil;175;vozilo z dviûnimi vrati zadaj;CLIO 
60;995;4.2;1;RENAULT;BBR8EF;CLIO / 1.5 / DCI;Francija;FRA;osebni avtomobil;175;vozilo z dviûnimi vrati zadaj;CLIO 
60;1155;4.3;0;CITROEN;0PHMZB-C1H000;C4 CACTUS / 1.2e /;Francija;FRA;osebni avtomobil;173;vozilo z dviûnimi vrati zadaj;C4 CACTUS 
60;1055;4.3;0;CITROEN;SCHMZ6/PS;C3 / 1.2 / i;Francija;FRA;osebni avtomobil;176;vozilo z dviûnimi vrati zadaj;C3 
60;1055;4.3;0;CITROEN;DDHMZ6/1PS;C-ELYSEE / 1.2 / AUT.;Francija;FRA;osebni avtomobil;169;limuzina;C-ELYSEE 
60;940;4.3;0;CITROEN;PAHMTB-H1A000;C1 / 1.2 / i;Francija;FRA;osebni avtomobil;170;vozilo z dviûnimi vrati zadaj;C1 
60;1130;4.3;0;PEUGEOT;CUHMZ6/1PS;2008 / 1.2 / AUT.;Francija;FRA;osebni avtomobil;170;karavan;2008
60;1198;4.4;1;HYUNDAI;G-NTLVI;GETZ / 1.5;Koreja. republika;KOR;osebni avtomobil;170;vecnamensko vozilo;GETZ 
60;1198;4.4;1;HYUNDAI;G-NTLVI;GETZ / 1.5;Koreja. republika;KOR;osebni avtomobil;170;vozilo z dviûnimi vrati zadaj;GETZ 
60;1280;4.4;1;MERCEDES BENZ;X30GK2-GZBCA500;A / 160 / CDI;Nemcija;DEU;osebni avtomobil;170;karavan;A 
60;1130;4.4;0;PEUGEOT;CUHMZ6/1PS;2008 / 1.2 / AUT.;Francija;FRA;osebni avtomobil;170;karavan;2008
60;1050;4.5;0;CITROEN;SAHMZ0/1;DS3 / 1.2 / i;Francija;FRA;osebni avtomobil;174;vozilo z dviûnimi vrati zadaj;DS3 
60;1050;4.5;0;CITROEN;SCHMZ0/1;C3 / 1.1 / i;Francija;FRA;osebni avtomobil;174;vozilo z dviûnimi vrati zadaj;C3 
60;1049;4.5;0;CITROEN;SAHMZ6/1;DS3 / 1.2 / i;Francija;FRA;osebni avtomobil;174;vozilo z dviûnimi vrati zadaj;DS3 
60;1325;4.5;1;MERCEDES BENZ;X20GM2-GZACA500;A / 160 / CDI;Nemcija;DEU;osebni avtomobil;170;karavan;A 
60;1105;4.5;1;NISSAN;K12-H02;MICRA / 1.5;Zdruûeno kraljestvo;GBR;osebni avtomobil;167;vozilo z dviûnimi vrati zadaj;MICRA 
60;1054;4.5;1;NISSAN;K12-D02;MICRA / 1.5;Zdruûeno kraljestvo;GBR;osebni avtomobil;167;vozilo z dviûnimi vrati zadaj;MICRA 
60;1050;4.5;0;PEUGEOT;CCHMZ6;208 / 1.2 /;Francija;FRA;osebni avtomobil;178;vozilo z dviûnimi vrati zadaj;208
60;1050;4.5;0;PEUGEOT;CCHMZ6;208 / 1.2 /;Francija;FRA;osebni avtomobil;175;vozilo z dviûnimi vrati zadaj;208
60;1035;4.5;0;PEUGEOT;CAHMZ6;208 / 1.2 /;Francija;FRA;osebni avtomobil;178;vozilo z dviûnimi vrati zadaj;208
60;1035;4.5;0;PEUGEOT;CAHMZ6;208 / 1.2 /;Francija;FRA;osebni avtomobil;175;vozilo z dviûnimi vrati zadaj;208
60;1280;4.5;1;RENAULT;LMRFB5;MEGANE / SEDAN 1.5;Francija;FRA;osebni avtomobil;171;limuzina;MEGANE 
60;1270;4.5;1;RENAULT;BMRF05;MEGANE  1.5  DCI;Francija;FRA;osebni avtomobil;179;vozilo z dviûnimi vrati zadaj;MEGANE  1.5  DCI
60;1270;4.5;1;RENAULT;BMRF05;MEGANE / 1.5;Francija;FRA;osebni avtomobil;170;vozilo z dviûnimi vrati zadaj;MEGANE 
60;1250;4.5;1;RENAULT;CMRF05;MEGANE / 1.5 / DCI;Francija;FRA;osebni avtomobil;170;vozilo z dviûnimi vrati zadaj;MEGANE 
60;1195;4.5;1;RENAULT;BMR-F05;MEGANE / 1.5 / DCI;Francija;FRA;osebni avtomobil;168;vozilo z dviûnimi vrati zadaj;MEGANE 
60;1145;4.6;0;CITROEN;0PHMZA-C1A000;C4 CACTUS / 1.2e /;Francija;FRA;osebni avtomobil;171;vozilo z dviûnimi vrati zadaj;C4 CACTUS 
60;1145;4.6;0;CITROEN;0PHMZB-C1A000;C4 CACTUS / 1.2e /;Francija;FRA;osebni avtomobil;169;vozilo z dviûnimi vrati zadaj;C4 CACTUS 
60;1050;4.6;0;CITROEN;SCHMZ6;C3 / 1.2 / i;Francija;FRA;osebni avtomobil;174;vozilo z dviûnimi vrati zadaj;C3 
60;1049;4.6;0;CITROEN;SAHMZ6;DS3 / 1.2 / i;Francija;FRA;osebni avtomobil;174;vozilo z dviûnimi vrati zadaj;DS3 
60;1325;4.6;1;MERCEDES BENZ;X20GK2-GZACA501;A / 160 / CDI;Nemcija;DEU;osebni avtomobil;170;karavan;A 
60;1310;4.6;1;RENAULT;KMRF05;MEGANE / GRANDTOUR 1.5 / DCI;Francija;FRA;osebni avtomobil;168;karavan;MEGANE 
60;1290;4.6;1;RENAULT;LMRFC5;MEGANE / SEDAN 1.5 / DCI;Francija;FRA;osebni avtomobil;171;limuzina;MEGANE 
60;1270;4.6;1;RENAULT;BM0F-05;MEGANE / 1.5 / DCI;Francija;FRA;osebni avtomobil;170;vozilo z dviûnimi vrati zadaj;MEGANE 
60;1260;4.6;1;RENAULT;JP0D05;MODUS / 1.5;Francija;FRA;osebni avtomobil;168;vecnamensko vozilo;MODUS 
60;1260;4.6;1;RENAULT;JP0D05;MODUS / 1.5;Francija;FRA;osebni avtomobil;168;vozilo z dviûnimi vrati zadaj;MODUS 
60;1195;4.6;1;RENAULT;SMRF05;MEGANE / 1.5 / DCI;Francija;FRA;osebni avtomobil;179;vozilo z dviûnimi vrati zadaj;MEGANE 
60;1195;4.6;1;RENAULT;BM0F05;MEGANE / 1.5 / DCI;Francija;FRA;osebni avtomobil;170;vozilo z dviûnimi vrati zadaj;MEGANE 
60;1175;4.6;1;RENAULT;CM0-F05;MEGANE / 1.5;Francija;FRA;osebni avtomobil;168;vozilo z dviûnimi vrati zadaj;MEGANE 
60;1095;4.6;1;RENAULT;KC0-8EF;KANGOO / 1.5 / DCI;Francija;FRA;osebni avtomobil;153;vozilo z dviûnimi vrati zadaj;KANGOO 
60;1095;4.6;1;RENAULT;KCR-7EF;KANGOO / 1.5 / DCI;Francija;FRA;osebni avtomobil;153;vecnamensko vozilo;KANGOO 
60;1020;4.6;1;RENAULT;LBTE0F;THALIA / 1.5;Francija;FRA;osebni avtomobil;175;limuzina;THALIA 
60;1134;4.7;0;CITROEN;0PHMZB-C1A000;C4 CACTUS / 1.2e /;Francija;FRA;osebni avtomobil;169;vozilo z dviûnimi vrati zadaj;C4 CACTUS 
60;1108;4.7;0;CITROEN;SCHMZ0/T;C3 / 1.1 / i;Francija;FRA;osebni avtomobil;174;vozilo z dviûnimi vrati zadaj;C3 
60;1055;4.7;0;CITROEN;SXHMZ6/A00;C3 / 1.2 / i;Francija;FRA;osebni avtomobil;168;vozilo z dviûnimi vrati zadaj;C3 
60;1051;4.7;0;CITROEN;SXHMZ6/B00;C3 / 1.2 / i;Francija;FRA;osebni avtomobil;173;vozilo z dviûnimi vrati zadaj;C3 
60;1130;4.7;0;PEUGEOT;CCHMZ0/T;208 / 1.2 /;Francija;FRA;osebni avtomobil;175;vozilo z dviûnimi vrati zadaj;208
60;1120;4.7;0;PEUGEOT;CCHMZ6/T;208 / 1.2 /;Francija;FRA;osebni avtomobil;175;vozilo z dviûnimi vrati zadaj;208
60;1092;4.7;0;PEUGEOT;CAHMZ0/T;208 / 1.2 /;Francija;FRA;osebni avtomobil;175;vozilo z dviûnimi vrati zadaj;208
60;1050;4.7;0;PEUGEOT;CCHMZ0/R;208 / 1.2 /;Francija;FRA;osebni avtomobil;175;vozilo z dviûnimi vrati zadaj;208
60;1035;4.7;0;PEUGEOT;CAHMZ0/R;208 / 1.2 /;Francija;FRA;osebni avtomobil;175;vozilo z dviûnimi vrati zadaj;208
60;1055;4.8;0;CITROEN;DDHMZ6/1;C-ELYSEE / 1.2 /;Francija;FRA;osebni avtomobil;168;limuzina;C-ELYSEE 
60;1198;4.8;1;HYUNDAI;G-NSLV;GETZ / 1.5;Koreja. republika;KOR;osebni avtomobil;170;vecnamensko vozilo;GETZ 
60;1265;4.8;1;NISSAN;N16-T01;ALMERA / 1.5;Zdruûeno kraljestvo;GBR;osebni avtomobil;170;vozilo z dviûnimi vrati zadaj;ALMERA 
60;1263;4.8;1;NISSAN;N16-M01;ALMERA / 1.5 / D;Zdruûeno kraljestvo;GBR;osebni avtomobil;170;limuzina;ALMERA 
60;1095;4.9;0;CITROEN;SXHMZ6/A0M;C3 / 1.2 / i;Francija;FRA;osebni avtomobil;168;vozilo z dviûnimi vrati zadaj;C3 
60;1075;4.9;0;CITROEN;SWHMZ6/A00;C3 / 1.2 / i;Francija;FRA;osebni avtomobil;168;vozilo z dviûnimi vrati zadaj;C3 
60;1055;4.9;0;CITROEN;DDHMZ6;C-ELYSEE / 1.2 /;Francija;FRA;osebni avtomobil;168;limuzina;C-ELYSEE 
60;1335;4.9;1;MERCEDES BENZ;169X20GK;A / 160 / CDI;Nemcija;DEU;osebni avtomobil;170;karavan;A 
60;1325;4.9;1;MERCEDES BENZ;X20GL2-GJACA500;A / 160 / CDI;Nemcija;DEU;osebni avtomobil;170;karavan;A 
60;1325;4.9;1;MERCEDES BENZ;169;A / 160 / CDI;Nemcija;DEU;osebni avtomobil;170;vozilo z dviûnimi vrati zadaj;A 
60;1300;4.9;1;MERCEDES BENZ;X30GL2-GJABA500;A / 160 / CDI;Nemcija;DEU;osebni avtomobil;170;karavan;A 
60;1130;4.9;0;PEUGEOT;CUHMZ6;2008 / 1.2 /;Francija;FRA;osebni avtomobil;168;karavan;2008
60;1120;4.9;0;PEUGEOT;CUHMZ0;2008 / 1.2 /;Francija;FRA;osebni avtomobil;169;karavan;2008
60;1055;4.9;0;PEUGEOT;DDHMZ6;301 / 1.2 /;Francija;FRA;osebni avtomobil;168;limuzina;301
60;1065;5.1;0;CHEVROLET;MMB12-2BB5;SPARK / 1.2 /;Koreja. republika;KOR;osebni avtomobil;164;vecnamensko vozilo;SPARK 
60;1065;5.1;0;CHEVROLET;MHB12-2BB5;SPARK / 1.2 /;Koreja. republika;KOR;osebni avtomobil;164;vozilo z dviûnimi vrati zadaj;SPARK 
60;1163;5.1;0;CITROEN;2RHMZB-R1E000;C3 AIRCROSS / 1.2 /;Francija;FRA;osebni avtomobil;165;vecnamensko vozilo;C3 AIRCROSS 
60;885;5.1;0;SMART;2334C0-BBAAZ202;ROADSTER / COUPE 60 / AUT.;Nemcija;DEU;osebni avtomobil;180;kabriolet;ROADSTER 
60;885;5.1;0;SMART;452.434-2434COBBAAZ201;ROADSTER / 60 /;Nemcija;DEU;osebni avtomobil;175;kabriolet;ROADSTER 
60;865;5.1;0;SMART;2434C0-BBAAZ201;ROADSTER / 60 / AUT.;Francija;FRA;osebni avtomobil;175;kabriolet;ROADSTER 
60;865;5.1;0;SMART;2334C0-BBAAZ201;ROADSTER / COUPE 60 / AUT.;Nemcija;DEU;osebni avtomobil;175;kabriolet;ROADSTER 
60;845;5.1;0;SMART;452;ROADSTER / 60;Nemcija;DEU;osebni avtomobil;180;kabriolet;ROADSTER 
60;1055;5.2;0;FORD;JA8-SNJB1D5ABCAF;FIESTA / 1.25 / 5 vr;Nemcija;DEU;osebni avtomobil;168;vozilo z dviûnimi vrati zadaj;FIESTA 
60;1051;5.2;0;FORD;JA8-SNJC1D-5ABCAF;FIESTA / 1.25 / 5 vr;Nemcija;DEU;osebni avtomobil;168;vozilo z dviûnimi vrati zadaj;FIESTA 
60;1300;5.2;1;MERCEDES BENZ;X30GL2-GJAAA501;A / 160 / CDI;Nemcija;DEU;osebni avtomobil;170;karavan;A 
60;1263;5.2;0;OPEL;EA0BDBA12-BA1D1XPDTJ5;CROSSLAND X / 1.2 /;Nemcija;DEU;osebni avtomobil;170;vecnamensko vozilo;CROSSLAND X 
60;1248;5.2;0;OPEL;EA0BDBA12-BA1C7XPDTJ5;CROSSLAND X / 1.2 /;Nemcija;DEU;osebni avtomobil;170;vecnamensko vozilo;CROSSLAND X 
60;1238;5.2;0;OPEL;EA0BDBA12-BA1C7PDTJ5;CROSSLAND X / 1.2 /;Nemcija;DEU;osebni avtomobil;170;vecnamensko vozilo;CROSSLAND X 
60;1234;5.2;0;OPEL;EA0BDBA12-BA1C2XPDTJ5;CROSSLAND X / 1.2 /;Nemcija;DEU;osebni avtomobil;170;vecnamensko vozilo;CROSSLAND X 
60;1163;5.2;0;OPEL;EA0BDBA12-BA1D1PDTJ5;CROSSLAND X / 1.2 /;Nemcija;DEU;osebni avtomobil;170;vecnamensko vozilo;CROSSLAND X 
60;1170;5.2;1;RENAULT;KC08EF;KANGOO / 1.5 / DCI;Francija;FRA;osebni avtomobil;155;vecnamensko vozilo;KANGOO 
60;1205;5.3;1;RENAULT;KCR8BF;KANGOO / 1.5 / DCI;Francija;FRA;osebni avtomobil;155;vecnamensko vozilo;KANGOO 
60;1200;5.3;1;RENAULT;KCR8BF;KANGOO / 1.5;Francija;FRA;osebni avtomobil;155;vecnamensko vozilo;KANGOO 
60;1200;5.3;1;RENAULT;KCR8BF;KANGOO 1.5;Francija;FRA;osebni avtomobil;155;vecnamensko vozilo;KANGOO 1.5
60;1175;5.3;1;RENAULT;KCE8EF;KANGOO / 1.5;Francija;FRA;osebni avtomobil;155;vecnamensko vozilo;KANGOO 
60;1170;5.3;1;RENAULT;KC08EF;KANGOO / 1.5 / DCI;Francija;FRA;osebni avtomobil;155;vozilo z dviûnimi vrati zadaj;KANGOO 
60;1054;5.4;0;FORD;JA8-SNJB1J5AAAAB;FIESTA / 1.25 / 5 vr;Nemcija;DEU;osebni avtomobil;168;vozilo z dviûnimi vrati zadaj;FIESTA 
60;1041;5.4;0;FORD;JA8-SNJB1G5AAAAA;FIESTA / 1.25 / 3 vr;Nemcija;DEU;osebni avtomobil;168;vozilo z dviûnimi vrati zadaj;FIESTA 
60;1370;5.4;1;MERCEDES BENZ;X20GM2-FZACA500;A / 160 / CDI AUT.;Nemcija;DEU;osebni avtomobil;165;karavan;A 
60;1054;5.6;0;FORD;JA8-SNJB1J5AAAAB;FIESTA / 1.25 / 5 vr;Nemcija;DEU;osebni avtomobil;168;vozilo z dviûnimi vrati zadaj;FIESTA 
60;1041;5.6;0;FORD;JA8-SNJB1G5AAAAA;FIESTA / 1.25 / 3 vr;Nemcija;DEU;osebni avtomobil;168;vozilo z dviûnimi vrati zadaj;FIESTA 
60;1370;5.6;1;MERCEDES BENZ;X20GM2-FZACA501;A / 160 / CDI AUT.;Nemcija;DEU;osebni avtomobil;165;karavan;A 
60;860;5.7;0;FIAT;188AXA1A00Z;PUNTO / 1.2;Italija;ITA;osebni avtomobil;155;vozilo z dviûnimi vrati zadaj;PUNTO 
60;1054;5.7;0;FORD;JA8-SNJA1J5AA;FIESTA / 1.25 / 5 vr;Nemcija;DEU;osebni avtomobil;168;vozilo z dviûnimi vrati zadaj;FIESTA 
60;1041;5.7;0;FORD;JA8-SNJA1G5AA;FIESTA / 1.25 / 3 vr;Nemcija;DEU;osebni avtomobil;168;vozilo z dviûnimi vrati zadaj;FIESTA 
60;1370;5.7;1;HYUNDAI;FCV-L;MATRIX / 1.5 / CRDI;Koreja. republika;KOR;osebni avtomobil;160;vozilo z dviûnimi vrati zadaj;MATRIX 
60;1370;5.7;1;HYUNDAI;V-L;MATRIX / 1.5;Koreja. republika;KOR;osebni avtomobil;160;vecnamensko vozilo;MATRIX 
60;1072;5.7;0;HYUNDAI;C1-NPKZ;GETZ / 1.3;Koreja. republika;KOR;osebni avtomobil;166;vecnamensko vozilo;GETZ 
60;1314;5.7;1;OPEL;T98;ASTRA / 2.0;Nemcija;DEU;osebni avtomobil;175;vozilo z dviûnimi vrati zadaj;ASTRA 
60;1275;5.7;1;OPEL;BG11 2A39BB45HHG5;ASTRA / 2.0 / DT 16V;Nemcija;DEU;osebni avtomobil;175;vozilo z dviûnimi vrati zadaj;ASTRA 
60;1427;5.8;1;OPEL;J96-KOMBI;VECTRA / 2.0 / DI;Nemcija;DEU;osebni avtomobil;170;karavan;VECTRA 
60;1342;5.9;1;OPEL;CC11-2A19HDGCB5;VECTRA / 1.7;Nemcija;DEU;osebni avtomobil;175;vozilo z dviûnimi vrati zadaj;VECTRA 
60;1111;6.4;0;KIA;DCN1-1111;RIO / 1.3;Koreja. republika;KOR;osebni avtomobil;165;limuzina;RIO 
60;1069;6.4;0;KIA;DCH1-1114;RIO / 1.3 /;Koreja. republika;KOR;osebni avtomobil;165;vecnamensko vozilo;RIO 
60;1505;6.4;1;OPEL;T98-MONOCAB;ZAFIRA / 2.0 / DI;Nemcija;DEU;osebni avtomobil;160;vecnamensko vozilo;ZAFIRA 
60;1095;6.5;0;MERCEDES BENZ;168;A / 140 /;Nemcija;DEU;osebni avtomobil;170;vozilo z dviûnimi vrati zadaj;A 
60;1505;6.6;1;OPEL;TGF75-X20DTL;ZAFIRA / 2.0;Nemcija;DEU;osebni avtomobil;160;limuzina;ZAFIRA 
60;1505;6.6;1;OPEL;HC11-2A04AH07AAA;ZAFIRA / 2.0 / TD 16V;Nemcija;DEU;osebni avtomobil;160;vecnamensko vozilo;ZAFIRA 
60;1255;6.7;1;OPEL;T98-DU11-2A38CF55BAF5;ASTRA / 2.0 / AUT.;Nemcija;DEU;osebni avtomobil;170;vozilo z dviûnimi vrati zadaj;ASTRA 
60;1020;6.8;0;MERCEDES BENZ;168-M231G2;A / 140 /;Nemcija;DEU;osebni avtomobil;170;vozilo z dviûnimi vrati zadaj;A 
60;1170;6.8;0;MITSUBISHI;DG111-5KK87NN75;SPACE STAR / 1.3 /;Nizozemska;NLD;osebni avtomobil;170;karavan;SPACE STAR 
60;1105;6.9;0;MERCEDES BENZ;168M231K2-HABBBA0;A / 140 /;Nemcija;DEU;osebni avtomobil;170;karavan;A 
60;1160;7.1;0;MERCEDES BENZ;168.031;A / 140;Nemcija;DEU;osebni avtomobil;170;vozilo z dviûnimi vrati zadaj;A 
60;1105;7.1;0;MERCEDES BENZ;168;A / 140 /;Nemcija;DEU;osebni avtomobil;170;karavan;A 
60;1095;7.1;0;MERCEDES BENZ;168.031-M231A2HAAAB50;A / 140 /;Nemcija;DEU;osebni avtomobil;170;karavan;A 
60;1060;7.1;0;MERCEDES BENZ;168.131-M731F2HAAABA0;A / 140 /;Nemcija;DEU;osebni avtomobil;170;karavan;A 
60;1030;7.1;0;MERCEDES BENZ;AGMB 168-M231F2HABBBA00;A / 140 / i;Nemcija;DEU;osebni avtomobil;170;karavan;A 
60;1020;7.1;0;MERCEDES BENZ;168.031-M231G2HAAABA0;A / 140 /;Nemcija;DEU;osebni avtomobil;170;karavan;A 
60;1020;7.1;0;MERCEDES BENZ;168-M231A2-HAAA250;A / 140 / CLASSIC;Nemcija;DEU;osebni avtomobil;170;vozilo z dviûnimi vrati zadaj;A 
60;1020;7.2;0;MERCEDES BENZ;168-0;A / 140;Nemcija;DEU;osebni avtomobil;170;vozilo z dviûnimi vrati zadaj;A 
60;1120;7.2;0;SUZUKI;FJ;JIMNY / 1.3;Japonska ;JPN;osebni avtomobil;140;karavan;JIMNY 
60;1145;7.4;0;MERCEDES BENZ;168.031-M23EK2WBBBBA0;A / 140 /;Nemcija;DEU;osebni avtomobil;167;karavan;A 
60;1135;7.5;0;MERCEDES BENZ;168.031-M23EG2WBAABA0;A / 140 / AUT.;Nemcija;DEU;osebni avtomobil;167;karavan;A 
60;1791;7.7;1;RENAULT;JLABA5;TRAFIC / COMBI 1.9;Francija;FRA;osebni avtomobil;138;vecnamensko vozilo;TRAFIC 
60;1150;7.8;0;SUZUKI;FJ-B43V1;JIMNY / 1.3 / 4WD;Japonska ;JPN;osebni avtomobil;140;limuzina;JIMNY 
60;1137;7.8;0;SUZUKI;FJB43V;JIMNY / 1.3 / 4WD;Japonska ;JPN;osebni avtomobil;140;karavan;JIMNY 
60;1135;7.8;0;SUZUKI;FJB43V;JIMNY / 1.3 / 4WD;Japonska ;JPN;osebni avtomobil;140;limuzina;JIMNY 
60;1135;7.8;0;SUZUKI;FJB43V-5MT;JIMNY / 1.3 / 4WD;Japonska ;JPN;osebni avtomobil;140;karavan;JIMNY 
60;1110;7.8;0;SUZUKI;FJ B43V/C;JIMNY / 1.3 / 4WD;Japonska ;JPN;osebni avtomobil;135;limuzina;JIMNY 
60;1708;7.9;1;MERCEDES BENZ;638;VITO / 108 / CDI;Nemcija;DEU;osebni avtomobil;143;vecnamensko vozilo;VITO 
60;1791;7.9;1;RENAULT;JLAC-A6;TRAFIC / COMBI 1.9;Francija;FRA;osebni avtomobil;138;vecnamensko vozilo;TRAFIC 
60;1708;8.3;1;MERCEDES BENZ;638;VITO / 108 / CDI;Nemcija;DEU;osebni avtomobil;143;vecnamensko vozilo;VITO 
60.3;1198;4.4;1;HYUNDAI;G-NTLVI;GETZ / 1.5 / CRDi;Koreja. republika;KOR;osebni avtomobil;170;vecnamensko vozilo;GETZ 
60.3;1198;4.8;1;HYUNDAI;G-NSLV;GETZ / 1.5 / CRDi;Koreja. republika;KOR;osebni avtomobil;170;vozilo z dviûnimi vrati zadaj;GETZ 
60.5;1266;7.3;0;DACIA;JSDB34;LODGY / 1.6 /;Romunija;ROM;osebni avtomobil;160;karavan;LODGY 
60.5;1165;7.3;0;DACIA;JSDA34;LODGY / 1.6 /;Romunija;ROM;osebni avtomobil;160;karavan;LODGY 
60.5;1165;7.3;0;DACIA;0SDA35;DOKKER / 1.6 /;Romunija;ROM;osebni avtomobil;159;vozilo za posebne namene;DOKKER 
60.5;1165;7.3;0;DACIA;0SDA35;DOKKER / 1.6 /;Romunija;ROM;osebni avtomobil;159;karavan;DOKKER 
60.5;1165;7.8;0;DACIA;0SDA34;DOKKER / 1.6 /;Romunija;ROM;osebni avtomobil;159;karavan;DOKKER 
61;1265;10.5;0;CITROEN;0;ID / 19 / B;Francija;FRA;osebni avtomobil;165;limuzina;ID 
61;1260;10.5;0;CITROEN;DV;D / SPECIAL;Francija;FRA;osebni avtomobil;165;limuzina;D 
61;1097;4.7;0;CITROEN;SXHMRP/ABS;C3 / 1.2 /;Francija;FRA;osebni avtomobil;169;vozilo z dviûnimi vrati zadaj;C3 
61;965;4.7;0;SUZUKI;AZCA3S-MT/L;SWIFT / 1.2 / MT / L / MHEV;Japonska ;JPN;osebni avtomobil;175;vozilo z dviûnimi vrati zadaj;SWIFT 
61;1112;4.8;0;CITROEN;SXHMRP/ACS;C3 / 1.2 /;Francija;FRA;osebni avtomobil;169;vozilo z dviûnimi vrati zadaj;C3 
61;1093;4.8;0;CITROEN;SXHMRP/BCS;C3 / 1.2 /;Francija;FRA;osebni avtomobil;166;vozilo z dviûnimi vrati zadaj;C3 
61;1188;4.8;0;PEUGEOT;CCHMRP/S;208 / 1.2 /;Francija;FRA;osebni avtomobil;175;vozilo z dviûnimi vrati zadaj;208
61;1280;4.9;0;HONDA;ES91-1;CIVIC / 1.3 / IMA;Japonska ;JPN;osebni avtomobil;177;limuzina;CIVIC 
61;940;4.9;0;SUZUKI;AZCA3S-MT/L;SWIFT / 1.2 / MT / L;Japonska ;JPN;osebni avtomobil;175;vozilo z dviûnimi vrati zadaj;SWIFT 
61;935;4.9;0;SUZUKI;MFH91S-MT-5/L2;IGNIS / 1.2 / MT / 5 / L2 / MHEV;Japonska ;JPN;osebni avtomobil;165;vozilo z dviûnimi vrati zadaj;IGNIS 
61;1163;5.1;0;OPEL;EA024CA12-BA1VACPDT25;CROSSLAND X / 1.2 /;Nemcija;DEU;osebni avtomobil;170;vecnamensko vozilo;CROSSLAND X 
61;935;5.1;0;SUZUKI;MFH91S-MT-4/L;IGNIS / 1.2 / MT / 4 / L / MHEV;Japonska ;JPN;osebni avtomobil;165;vozilo z dviûnimi vrati zadaj;IGNIS 
61;1075;5.2;0;CITROEN;SWHMRP/ACS;C3 / 1.2 /;Francija;FRA;osebni avtomobil;169;vozilo z dviûnimi vrati zadaj;C3 
61;1110;5.4;0;CITROEN;SXHMRV/AAXS;C3 / 1.2 /;Francija;FRA;osebni avtomobil;169;vozilo z dviûnimi vrati zadaj;C3 
61;1050;5.4;0;SUZUKI;AZDA3S-MT/L;SWIFT / 1.2 / 4WD / MT / L / MHEV;Japonska ;JPN;osebni avtomobil;165;vozilo z dviûnimi vrati zadaj;SWIFT 
61;995;5.4;0;SUZUKI;MFH91S-CVT-4/L;IGNIS / 1.2 / AUT. / 4 / L / MHEV;Japonska ;JPN;osebni avtomobil;155;vozilo z dviûnimi vrati zadaj;IGNIS 
61;985;5.4;0;SUZUKI;MFJ91S-MT-4/L;IGNIS / 1.2 / 4WD MT / 4 / L / MHEV;Japonska ;JPN;osebni avtomobil;165;vozilo z dviûnimi vrati zadaj;IGNIS 
61;1143;5.5;0;CITROEN;SXHMRV/AAXS;C3 / 1.2 /;Francija;FRA;osebni avtomobil;169;vozilo z dviûnimi vrati zadaj;C3 
61;1050;5.5;0;SUZUKI;AZDA3S-MT/L;SWIFT / 1.2 / 4WD / MT / L / MHEV;Japonska ;JPN;osebni avtomobil;165;vozilo z dviûnimi vrati zadaj;SWIFT 
61;965;5.5;0;SUZUKI;MFH91S-CVT-4/L;IGNIS / 1.2 / AUT. / 4 / L;Japonska ;JPN;osebni avtomobil;155;vozilo z dviûnimi vrati zadaj;IGNIS 
61;1089;5.6;0;CITROEN;SXHMRV/BAJS;C3 / 1.2 /;Francija;FRA;osebni avtomobil;169;vozilo z dviûnimi vrati zadaj;C3 
61;1119;5.7;0;CITROEN;SXHMRV/AAJS;C3 / 1.2 /;Francija;FRA;osebni avtomobil;169;vozilo z dviûnimi vrati zadaj;C3 
61;1108;5.7;0;CITROEN;SXHMRV/AAFS;C3 / 1.2 /;Francija;FRA;osebni avtomobil;169;vozilo z dviûnimi vrati zadaj;C3 
61;1082;5.7;0;CITROEN;SXHMRP/BCS;C3 / 1.2 /;Francija;FRA;osebni avtomobil;166;vozilo z dviûnimi vrati zadaj;C3 
61;1106;5.7;0;HONDA;GD11-8;JAZZ / 1.4 /;Japonska ;JPN;osebni avtomobil;170;vozilo z dviûnimi vrati zadaj;JAZZ 
61;1106;5.7;0;HONDA;GD11-8;JAZZ / 1.4 /;Japonska ;JPN;osebni avtomobil;170;vozilo za posebne namene;JAZZ 
61;1102;5.7;0;HONDA;GD11-8;JAZZ / 1.4;Japonska ;JPN;osebni avtomobil;170;vozilo z dviûnimi vrati zadaj;JAZZ 
61;1102;5.7;0;HONDA;GD11-8;JAZZ / 1.4;Japonska ;JPN;osebni avtomobil;170;limuzina;JAZZ 
61;1071;5.7;0;HONDA;GE3;JAZZ / 1.4;Kitajska ;CHN;osebni avtomobil;170;vozilo z dviûnimi vrati zadaj;JAZZ 
61;998;5.7;0;HONDA;GD11-2;JAZZ / 1.4 /;Japonska ;JPN;osebni avtomobil;170;vozilo z dviûnimi vrati zadaj;JAZZ 
61;996;5.7;0;HONDA;GD11-2;JAZZ / 1.4;Japonska ;JPN;osebni avtomobil;170;vozilo z dviûnimi vrati zadaj;JAZZ 
61;996;5.7;0;HONDA;GD11-2;HONDA / JAZZ / 1.4 /;Japonska ;JPN;osebni avtomobil;170;vozilo z dviûnimi vrati zadaj;HONDA 
61;996;5.7;0;HONDA;GD11-2;JAZZ / 1.4;Japonska ;JPN;osebni avtomobil;170;limuzina;JAZZ 
61;1133;5.8;0;CITROEN;SXHMRV/AAJS;C3 / 1.2 /;Francija;FRA;osebni avtomobil;169;vozilo z dviûnimi vrati zadaj;C3 
61;1126;5.8;0;CITROEN;SXHMRV/AAFS;C3 / 1.2 /;Francija;FRA;osebni avtomobil;169;vozilo z dviûnimi vrati zadaj;C3 
61;1114;5.8;0;CITROEN;SXHMRV/ABJS;C3 / 1.2 /;Francija;FRA;osebni avtomobil;169;vozilo z dviûnimi vrati zadaj;C3 
61;1135;5.8;0;HONDA;GD11-10;JAZZ / 1.4 / CVT;Japonska ;JPN;osebni avtomobil;160;vozilo z dviûnimi vrati zadaj;JAZZ 
61;1130;5.8;0;HONDA;GD11-10;JAZZ / 1.4;Japonska ;JPN;osebni avtomobil;160;vozilo z dviûnimi vrati zadaj;JAZZ 
61;1123;5.8;0;HONDA;GD11-9;JAZZ / 1.4 /;Japonska ;JPN;osebni avtomobil;170;vozilo z dviûnimi vrati zadaj;JAZZ 
61;1121;5.8;0;HONDA;GD11-9;JAZZ / 1.4;Japonska ;JPN;osebni avtomobil;170;vozilo z dviûnimi vrati zadaj;JAZZ 
61;1107;5.8;0;HONDA;GE311;JAZZ / 1.4;Kitajska ;CHN;osebni avtomobil;170;vozilo z dviûnimi vrati zadaj;JAZZ 
61;1048;5.8;0;HONDA;GD11-1.2;JAZZ / 1.4 /;Japonska ;JPN;osebni avtomobil;170;vozilo z dviûnimi vrati zadaj;JAZZ 
61;1035;5.8;0;HONDA;GD11-3;JAZZ / 1.4;Japonska ;JPN;osebni avtomobil;170;vozilo z dviûnimi vrati zadaj;JAZZ 
61;1118;5.8;0;PEUGEOT;CCHMRP/S;208 / 1.2 /;Francija;FRA;osebni avtomobil;175;vozilo z dviûnimi vrati zadaj;208
61;1108;5.8;0;PEUGEOT;CCHMRP/S;208 / 1.2 /;Francija;FRA;osebni avtomobil;175;vozilo za posebne namene;208
61;1130;5.9;0;CITROEN;SXHMRV/ABJS;C3 / 1.2 /;Francija;FRA;osebni avtomobil;169;vozilo z dviûnimi vrati zadaj;C3 
61;1118;5.9;0;CITROEN;SXHMRP/ABS;C3 / 1.2 /;Francija;FRA;osebni avtomobil;169;vozilo z dviûnimi vrati zadaj;C3 
61;1101;5.9;0;CITROEN;SXHMRP/ACS;C3 / 1.2 /;Francija;FRA;osebni avtomobil;169;vozilo z dviûnimi vrati zadaj;C3 
61;1096;5.9;0;CITROEN;DDHMRP;C-ELYSEE / 1.2 /;Francija;FRA;osebni avtomobil;168;limuzina;C-ELYSEE 
61;1095;5.9;0;CITROEN;SXHMRV/ACJS;C3 / 1.2 /;Francija;FRA;osebni avtomobil;169;vozilo z dviûnimi vrati zadaj;C3 
61;1284;5.9;0;HONDA;FK11-2;CIVIC / 1.4 /;Zdruûeno kraljestvo;GBR;osebni avtomobil;170;vozilo z dviûnimi vrati zadaj;CIVIC 
61;1274;5.9;0;HONDA;FK11-2;CIVIC / 1.4;Zdruûeno kraljestvo;GBR;osebni avtomobil;170;vozilo z dviûnimi vrati zadaj;CIVIC 
61;1165;5.9;0;OPEL;EA024DB12-BD1VANPDTA5;CROSSLAND X / 1.2 / TURBO;Nemcija;DEU;osebni avtomobil;170;vecnamensko vozilo;CROSSLAND X 
61;1130;5.9;0;PEUGEOT;CCHMRP/S;208 / 1.2 /;Francija;FRA;osebni avtomobil;175;vozilo z dviûnimi vrati zadaj;208
61;1068;5.9;0;PEUGEOT;DDHMRP;301 / 1.2 /;Francija;FRA;osebni avtomobil;168;limuzina;301
61;1174;6.1;0;PEUGEOT;CUHMRP/S;2008 / 1.2 /;Francija;FRA;osebni avtomobil;166;karavan;2008
61;1165;6.2;0;OPEL;EA024DB12-BA1VANPDTA5;CROSSLAND X / 1.2 /;Nemcija;DEU;osebni avtomobil;170;vecnamensko vozilo;CROSSLAND X 
61;1195;6.2;0;PEUGEOT;CUHMRP/S;2008 / 1.2 /;Francija;FRA;osebni avtomobil;166;karavan;2008
61;1165;6.3;0;OPEL;EA024DB12-BA1VANPDTA5;CROSSLAND X / 1.2 /;Nemcija;DEU;osebni avtomobil;170;vecnamensko vozilo;CROSSLAND X 
61;1163;6.3;0;OPEL;EA024CA12-BA1VACPDT25;CROSSLAND X / 1.2 /;Nemcija;DEU;osebni avtomobil;170;vecnamensko vozilo;CROSSLAND X 
61;1193;6.3;0;PEUGEOT;CUHMRP/S;2008 / 1.2 /;Francija;FRA;osebni avtomobil;166;karavan;2008
61;1163;6.4;0;OPEL;EA024CA12-BA1VACPDT25;CROSSLAND X / 1.2 /;Nemcija;DEU;osebni avtomobil;170;vecnamensko vozilo;CROSSLAND X 
61;1040;6.4;0;SUZUKI;FH;IGNIS / 1.3;Japonska ;JPN;osebni avtomobil;155;karavan;IGNIS 
61;1197;6.5;0;CITROEN;2RHMRC-R1A000;C3 AIRCROSS / 1.2 /;Francija;FRA;osebni avtomobil;164;vecnamensko vozilo;C3 AIRCROSS 
61;1163;6.5;0;OPEL;EA024CA12-BA1VACPDT25;CROSSLAND X / 1.2 /;Nemcija;DEU;osebni avtomobil;170;vecnamensko vozilo;CROSSLAND X 
61;1185;6.6;0;CITROEN;2RHMRC-R1A000;C3 AIRCROSS / 1.2 /;Francija;FRA;osebni avtomobil;164;vecnamensko vozilo;C3 AIRCROSS 
61;1163;6.6;0;OPEL;EA024CA12-BA1VACPDT25;CROSSLAND X / 1.2 /;Nemcija;DEU;osebni avtomobil;170;vecnamensko vozilo;CROSSLAND X 
61;1060;6.9;0;SUZUKI;FHB2-1;IGNIS / 1.3 / 4WD;Japonska ;JPN;osebni avtomobil;155;karavan;IGNIS 
61;1155;7.5;0;CHEVROLET;SH1-211;KALOS / 1.4;Koreja. republika;KOR;osebni avtomobil;170;vozilo z dviûnimi vrati zadaj;KALOS 
61;1138;7.5;0;CHEVROLET;SN1-111;KALOS / 1.4 /;Koreja. republika;KOR;osebni avtomobil;170;limuzina;KALOS 
61;1135;7.5;0;CHEVROLET;SN1-111;KALOS / 1.4;Koreja. republika;KOR;osebni avtomobil;170;limuzina;KALOS 
61;1128;7.5;0;CHEVROLET;SH1-211;KALOS 1.4;Koreja. republika;KOR;osebni avtomobil;170;vozilo z dviûnimi vrati zadaj;KALOS 1.4
61;988;7.5;0;CHEVROLET;SH1-211;KALOS / 1.4 /;Koreja. republika;KOR;osebni avtomobil;170;vozilo z dviûnimi vrati zadaj;KALOS 
61;1110;7.6;0;CHEVROLET;SN1-111;KALOS / 1.4;Koreja. republika;KOR;osebni avtomobil;170;limuzina;KALOS 
61;1110;7.6;0;CHEVROLET;SN1-111;AVEO / 1.4 /;Koreja. republika;KOR;osebni avtomobil;170;limuzina;AVEO 
61;1100;7.6;0;CHEVROLET;SH1-211;KALOS / 1.4 /;Koreja. republika;KOR;osebni avtomobil;170;vozilo z dviûnimi vrati zadaj;KALOS 
61;1545;9.1;1;KIA;JA4-5555;SPORTAGE / 2.0 / TD;Koreja. republika;KOR;osebni avtomobil;145;karavan;SPORTAGE 
61;1285;9.5;0;LADA;MU2121-40-Y;LADA 4X4 Urban /;Ruska federacija;RUS;osebni avtomobil;137;karavan;LADA 4X4 Urban 
61;1285;9.5;0;LADA;212140-Y;NIVA / 1700 / 4X4;Ruska federacija;RUS;osebni avtomobil;137;karavan;NIVA 
61;1285;9.5;0;LADA;M2121-40-Y;LADA / 1700 / 4X4;Ruska federacija;RUS;osebni avtomobil;137;karavan;LADA 
61.8;1142;4.7;0;HYUNDAI;B5P21-M51AZ1;i20 / 1.25 /;Turcija;TUR;osebni avtomobil;170;vozilo z dviûnimi vrati zadaj;i20 
61.8;1183;4.7;0;KIA;UBF5P81-M52DZ1;RIO / 1.2 /;Koreja. republika;KOR;osebni avtomobil;166;vecnamensko vozilo;RIO 
61.8;1145;4.8;0;HYUNDAI;B5P11-M51AZ1;i20 / 1.25 /;Turcija;TUR;osebni avtomobil;170;vozilo z dviûnimi vrati zadaj;i20 
61.8;1130;4.8;0;HYUNDAI;B5P11-M51AZ1;i20 / 1.25 /;Turcija;TUR;osebni avtomobil;170;vozilo za posebne namene;i20 
61.8;1110;4.8;0;KIA;YBB5P31-M53BZ1;RIO / 1.2 /;Koreja. republika;KOR;osebni avtomobil;173;vozilo z dviûnimi vrati zadaj;RIO 
61.8;1155;5.1;0;HYUNDAI;B5P11-M51BZ1;i20 / 1.25 /;Turcija;TUR;osebni avtomobil;170;vozilo z dviûnimi vrati zadaj;i20 
61.8;1052;5.1;0;HYUNDAI;B4P31-M54A11;i10 / 1.2 /;Turcija;TUR;osebni avtomobil;171;vozilo z dviûnimi vrati zadaj;i10 
61.8;939;5.1;0;KIA;JAF5P41-M55CZ1;PICANTO / 1.2 /;Koreja. republika;KOR;osebni avtomobil;173;vecnamensko vozilo;PICANTO 
61.8;1138;5.2;0;HYUNDAI;B5P11-M51AZ2;i20 / 1.2 /;Turcija;TUR;osebni avtomobil;173;vozilo z dviûnimi vrati zadaj;i20 
61.8;1057;5.2;0;HYUNDAI;B5P31-M54A11;i10 / 1.2 /;Turcija;TUR;osebni avtomobil;171;vozilo z dviûnimi vrati zadaj;i10 
61.8;1145;5.2;0;KIA;YBC5P31-M55DZ1;STONIC / 1.2 /;Koreja. republika;KOR;osebni avtomobil;165;karavan;STONIC 
61.8;1150;5.3;0;HYUNDAI;B5P11-M51AZ3;i20 / 1.2 /;Turcija;TUR;osebni avtomobil;173;vozilo z dviûnimi vrati zadaj;i20 
61.8;1142;5.3;0;HYUNDAI;B5P11-M51AZ2;i20 / 1.2 /;Turcija;TUR;osebni avtomobil;173;vozilo z dviûnimi vrati zadaj;i20 
61.8;1110;5.3;0;KIA;YBB5P31-M55AZ1;RIO / 1.25 /;Koreja. republika;KOR;osebni avtomobil;173;vozilo z dviûnimi vrati zadaj;RIO 
61.8;939;5.3;0;KIA;JAF5P31-M54CZ1;PICANTO / 1.2 /;Koreja. republika;KOR;osebni avtomobil;173;vecnamensko vozilo;PICANTO 
61.8;1061;5.4;0;HYUNDAI;B5P31-A52A11;i10 / 1.2 / AUT.;Turcija;TUR;osebni avtomobil;171;vozilo z dviûnimi vrati zadaj;i10 
61.8;1155;5.4;0;KIA;YBC5P81-M58DZ1;STONIC / 1.2 /;Koreja. republika;KOR;osebni avtomobil;165;karavan;STONIC 
61.8;983;5.4;0;KIA;JAF5PA1-M55DZ1;PICANTO / 1.2 /;Koreja. republika;KOR;osebni avtomobil;173;vecnamensko vozilo;PICANTO 
61.8;1113;5.5;0;HYUNDAI;B5P21-M51AZ1;i20 / 1.25 /;Turcija;TUR;osebni avtomobil;170;vozilo z dviûnimi vrati zadaj;i20 
61.8;1082;5.5;0;HYUNDAI;B5P31-M54A11;i10 / 1.2 /;Turcija;TUR;osebni avtomobil;171;vozilo z dviûnimi vrati zadaj;i10 
61.8;1071;5.5;0;HYUNDAI;B4P31-M54A11;i10 / 1.2 /;Turcija;TUR;osebni avtomobil;171;vozilo z dviûnimi vrati zadaj;i10 
61.8;1170;5.6;0;HYUNDAI;BC3 CUV-C5P11-M53DY2;BAYON / 1.2 /;Turcija;TUR;osebni avtomobil;165;karavan;BAYON 
61.8;1140;5.6;0;HYUNDAI;B5P21-M51AZ1;i20 / 1.25 /;Turcija;TUR;osebni avtomobil;170;vozilo z dviûnimi vrati zadaj;i20 
61.8;1082;5.6;0;HYUNDAI;A5P31-M54B11;i10 / 1.2 / NL;Turcija;TUR;osebni avtomobil;171;vozilo z dviûnimi vrati zadaj;i10 
61.8;1110;5.6;0;KIA;YBB5P31-M55AZ1;RIO / 1.25;Koreja. republika;KOR;osebni avtomobil;173;vozilo z dviûnimi vrati zadaj;RIO 
61.8;1069;5.7;0;HYUNDAI;B5P31-A52A11;i10 / 1.2 / AUT.;Turcija;TUR;osebni avtomobil;171;vozilo z dviûnimi vrati zadaj;i10 
61.8;1155;5.7;0;KIA;YBC5P81-M58DZ1;STONIC / 1.2 /;Koreja. republika;KOR;osebni avtomobil;165;karavan;STONIC 
61.8;1145;5.7;0;KIA;YBC5P31-M56BZ1;STONIC / 1.25 / T;Koreja. republika;KOR;osebni avtomobil;165;karavan;STONIC 
61.8;1120;5.7;0;KIA;YBB5P81-M57AZ1;RIO / 1.2 /;Koreja. republika;KOR;osebni avtomobil;173;vozilo z dviûnimi vrati zadaj;RIO 
61.8;1081;5.8;0;HYUNDAI;B5P31-A52A11;i10 / 1.2 / AUT.;Turcija;TUR;osebni avtomobil;171;vozilo z dviûnimi vrati zadaj;i10 
61.8;1120;5.8;0;KIA;YBB5P81-M57AZ1;RIO / 1.2 /;Koreja. republika;KOR;osebni avtomobil;173;vozilo z dviûnimi vrati zadaj;RIO 
61.8;1145;5.9;0;KIA;YBC5P31-M56BZ1;STONIC / 1.25;Koreja. republika;KOR;osebni avtomobil;165;karavan;STONIC 
61.8;1136;6.1;0;HYUNDAI;B5P21-M51AZ1;i20 / 1.25 /;Turcija;TUR;osebni avtomobil;170;vozilo z dviûnimi vrati zadaj;i20 
61.8;1080;6.1;0;HYUNDAI;B5P31-M54A11;i10 / 1.2 /;Turcija;TUR;osebni avtomobil;171;vozilo z dviûnimi vrati zadaj;i10 
61.8;1110;6.2;0;HYUNDAI;CD-JN;ACCENT / 1.3 /;Koreja. republika;KOR;osebni avtomobil;175;vozilo z dviûnimi vrati zadaj;ACCENT 
62;1225;3.5;1;ALFA ROMEO;955AXT1A14C;MITO / 1.3 / JTD;Italija;ITA;osebni avtomobil;174;vecnamensko vozilo;MITO 
62;1220;3.5;1;FIAT;199BXY1A49D;PUNTO / 1.3 / JTD;Italija;ITA;osebni avtomobil;172;vecnamensko vozilo;PUNTO 
62;1390;4.2;1;FIAT;199LXY1AL0B;500L / 1.3 / JTD;Italija;ITA;osebni avtomobil;165;vecnamensko vozilo;500L 
62;1370;4.2;1;FIAT;199LXY1AL0H;500L / 1.3 / JTD;Italija;ITA;osebni avtomobil;165;vecnamensko vozilo;500L 
62;1090;4.2;1;RENAULT;BB8N05;CLIO / 1.5 / DCI;Francija;FRA;osebni avtomobil;176;vozilo z dviûnimi vrati zadaj;CLIO 
62;1220;4.4;1;FIAT;199BXR1A34;PUNTO / 1.3 / JTD;Italija;ITA;osebni avtomobil;175;vecnamensko vozilo;PUNTO 
62;875;4.9;0;SMART;4436C0-JZAAA200;FORTWO / CABRIO /;Nemcija;DEU;osebni avtomobil;145;kabriolet;FORTWO 
62;845;4.9;0;SMART;4336F0-QZAAA200;FORTWO / COUPE /;Nemcija;DEU;osebni avtomobil;145;kupe;FORTWO 
62;1035;5.1;0;MAZDA;DEA4J2;MAZDA 2 / 1.4 / i SP;Japonska ;JPN;osebni avtomobil;172;vozilo z dviûnimi vrati zadaj;MAZDA 2 
62;1495;5.2;1;FIAT;223AXM1A08E;DOBLO / 1.3 / MULTIJET;Italija;ITA;osebni avtomobil;156;vecnamensko vozilo;DOBLO 
62;1405;5.2;1;FIAT;223AXM1A08D;DOBLO / 1.3 / MULTIJET;Italija;ITA;osebni avtomobil;156;vecnamensko vozilo;DOBLO 
62;875;5.2;0;SMART;4436F0-QZAAA200;FORTWO / CABRIO /;Nemcija;DEU;osebni avtomobil;145;kabriolet;FORTWO 
62;845;5.2;0;SMART;4336F0-QZAAA200;FORTWO / COUPE /;Nemcija;DEU;osebni avtomobil;145;kupe;FORTWO 
62;1245;5.3;1;RENAULT;KC1GGF;KANGOO / 1.5 / DCI;Francija;FRA;osebni avtomobil;157;vecnamensko vozilo;KANGOO 
62;1220;5.3;1;RENAULT;KC1GBF;KANGOO / 1.5 / DCI;Francija;FRA;osebni avtomobil;157;vecnamensko vozilo;KANGOO 
62;1200;5.3;1;RENAULT;KCTGEF;KANGOO / 1.5 / DCI;Francija;FRA;osebni avtomobil;157;vecnamensko vozilo;KANGOO 
62;1200;5.3;1;RENAULT;KCTGEF;KANGOO / 1.5;Francija;FRA;osebni avtomobil;139;vecnamensko vozilo;KANGOO 
62;1168;5.4;0;CHEVROLET;SH5-577;AVEO / 1.2 / 16V;Koreja. republika;KOR;osebni avtomobil;170;vozilo z dviûnimi vrati zadaj;AVEO 
62;1115;5.4;0;CHEVROLET;SN5-477;AVEO / 1.2 / 16V;Koreja. republika;KOR;osebni avtomobil;170;limuzina;AVEO 
62;1105;5.4;0;CHEVROLET;SH5-677;AVEO / 1.2 / 16V;Koreja. republika;KOR;osebni avtomobil;170;vozilo z dviûnimi vrati zadaj;AVEO 
62;1178;5.5;0;CHEVROLET;SN5-4A7;AVEO / 1.2 / 16V;Koreja. republika;KOR;osebni avtomobil;170;limuzina;AVEO 
62;1168;5.5;0;CHEVROLET;SH5-577;AVEO / 1.2 / 16V;Koreja. republika;KOR;osebni avtomobil;172;vozilo z dviûnimi vrati zadaj;AVEO 
62;1168;5.5;0;CHEVROLET;SH5-577;AVEO / 1.2 / 16V;Koreja. republika;KOR;osebni avtomobil;170;vozilo z dviûnimi vrati zadaj;AVEO 
62;1155;5.5;0;CHEVROLET;SH5-5A7;AVEO / 1.2 / 16V;Koreja. republika;KOR;osebni avtomobil;170;vozilo z dviûnimi vrati zadaj;AVEO 
62;1145;5.5;0;CHEVROLET;SH5-677;AVEO / 1.2 / 16V;Koreja. republika;KOR;osebni avtomobil;170;vozilo z dviûnimi vrati zadaj;AVEO 
62;1115;5.5;0;CHEVROLET;SN5-477;AVEO / 1.2 / 16V;Koreja. republika;KOR;osebni avtomobil;170;limuzina;AVEO 
62;1495;5.5;1;FIAT;223AXM1A08C;DOBLO / 1.3 / MULTIJET;Italija;ITA;osebni avtomobil;156;vecnamensko vozilo;DOBLO 
62;1405;5.5;1;FIAT;223AXM1A-08;DOBLO / 1.3 / MULTIJET;Italija;ITA;osebni avtomobil;156;vecnamensko vozilo;DOBLO 
62;1487;5.6;1;FIAT;223AXM1A08B;DOBLO / 1.3 / MULTIJET;Italija;ITA;osebni avtomobil;153;vozilo z dostopom za invalidski vozicek;DOBLO 
62;1460;5.6;1;FIAT;223AXM1A08B;DOBLO / 1.3 / MULTIJET;Italija;ITA;osebni avtomobil;153;vecnamensko vozilo;DOBLO 
62;1350;5.6;0;VOLKSWAGEN;ACCYVCX0-N0J2FM5FM5AH017N1SBVR27MMLL161;CADDY / 1.2 / TSI;Nemcija;DEU;osebni avtomobil;157;karavan;CADDY 
62;1076;5.7;0;HYUNDAI;C1-MPKZ;GETZ / 1.3;Koreja. republika;KOR;osebni avtomobil;166;vecnamensko vozilo;GETZ 
62;1075;5.7;0;HYUNDAI;C1-MPLYI;GETZ / 1.3;Koreja. republika;KOR;osebni avtomobil;166;vecnamensko vozilo;GETZ 
62;1072;5.7;0;HYUNDAI;C1-NPKZI;GETZ / 1.3 /;Koreja. republika;KOR;osebni avtomobil;166;vecnamensko vozilo;GETZ 
62;1072;5.7;0;HYUNDAI;C1-NPLYI;GETZ / 1.3;Koreja. republika;KOR;osebni avtomobil;166;vozilo z dviûnimi vrati zadaj;GETZ 
62;1838;5.7;1;VOLKSWAGEN;GCXGA280X0-NNFM52Z1116NVR27MMG01L63281;TRANSPORTER / 2.0 / TDI;Nemcija;DEU;osebni avtomobil;146;vecnamensko vozilo;TRANSPORTER 
62;1350;5.7;0;VOLKSWAGEN;ACCYVCX0-N0J2FM5FM5AH017N1SBVR27MMLL364;CADDY / 1.2 / TSI;Nemcija;DEU;osebni avtomobil;157;karavan;CADDY 
62;1045;5.8;0;NISSAN;FPN13;SUNNY / 1.6 / SLX;Japonska ;JPN;osebni avtomobil;160;vozilo z dviûnimi vrati zadaj;SUNNY 
62;1350;6.1;0;VOLKSWAGEN;ACCYVCX0-N0J2FM5FM5AH017N1SBVR27MMLL161;CADDY / 1.2 / TSI;Nemcija;DEU;osebni avtomobil;157;karavan;CADDY 
62;1080;6.4;0;TOYOTA;NCP20L-CHMGKW(1E);YARIS VERSO / 1.3 /;Japonska ;JPN;osebni avtomobil;165;karavan;YARIS VERSO 
62;1070;6.4;0;TOYOTA;NCP20L - CHMGKW;YARIS VERSO / 1.3 /;Japonska ;JPN;osebni avtomobil;165;karavan;YARIS VERSO 
62;1235;6.6;0;OPEL;T98-KOMBI;ASTRA / 1.6;Nemcija;DEU;osebni avtomobil;177;karavan;ASTRA 
62;1190;6.7;0;MAZDA;BK14J2;MAZDA 3 / 1.4 / i;Japonska ;JPN;osebni avtomobil;169;vozilo z dviûnimi vrati zadaj;MAZDA 3 
62;1102;6.9;0;HYUNDAI;C1-NRKZ;GETZ / 1.3;Koreja. republika;KOR;osebni avtomobil;163;vecnamensko vozilo;GETZ 
62;1237;7.1;0;MAZDA;BK14J2;MAZDA 3 / 1.4 / i;Japonska ;JPN;osebni avtomobil;169;vozilo z dviûnimi vrati zadaj;MAZDA 3 
62;1180;7.1;0;MAZDA;BK14J2;3 / 1.4;Japonska ;JPN;osebni avtomobil;169;vozilo z dviûnimi vrati zadaj;3
62;1255;7.2;0;MAZDA;BK;3 / 1.4 / I;Japonska ;JPN;osebni avtomobil;169;vozilo z dviûnimi vrati zadaj;3
62;1270;7.3;0;DACIA;KSD03H;LOGAN / MCV 1.6 /;Romunija;ROM;osebni avtomobil;163;karavan;LOGAN 
62;1240;7.3;0;DACIA;KSDA3H;LOGAN / MCV 1.6 /;Romunija;ROM;osebni avtomobil;163;karavan;LOGAN 
62;1137;7.3;0;DACIA;BSDA3K;SANDERO / 1.6 /;Romunija;ROM;osebni avtomobil;160;vozilo z dviûnimi vrati zadaj;SANDERO 
62;1165;7.3;0;SUZUKI;FJB43V-5MT;JIMNY / 1.3;Japonska ;JPN;osebni avtomobil;140;limuzina;JIMNY 
62;1165;7.3;0;SUZUKI;FJB43V-5MT;JIMNY / 1.3;Japonska ;JPN;osebni avtomobil;140;karavan;JIMNY 
62;1976;7.3;1;VOLKSWAGEN;GCAAA280X0-NNFM52Z1116NVR07MGG0;TRANSPORTER / 2.0 / TDI;Nemcija;DEU;osebni avtomobil;146;vecnamensko vozilo;TRANSPORTER 
62;920;7.4;0;FIAT;128AS1;X 1-9;Italija;ITA;osebni avtomobil;180;kabriolet;X 1-9
62;1505;7.4;1;RENAULT;KCAVAK;KANGOO / 1.9 / DCI 4x4;Francija;FRA;osebni avtomobil;147;vecnamensko vozilo;KANGOO 
62;1405;7.4;1;RENAULT;KCAVAK;KANGOO / 1.9;Francija;FRA;osebni avtomobil;147;vecnamensko vozilo;KANGOO 
62;1405;7.4;1;RENAULT;KCAVAK;KANGOO / 1.9 / DCI 4x4;Francija;FRA;osebni avtomobil;147;vozilo z dviûnimi vrati zadaj;KANGOO 
62;1405;7.4;1;RENAULT;KCAVAK;KANGOO / 1.9 / DCI 4x4;Francija;FRA;osebni avtomobil;147;limuzina;KANGOO 
62.4;1165;7.1;0;SUZUKI;FJB43V-5MT;JIMNY / 1.3 / 4WD;Japonska ;JPN;osebni avtomobil;140;karavan;JIMNY 
62.4;1150;7.3;0;SUZUKI;FJB43V-4AT;JIMNY / 1.3 / 4WD AUT.;Japonska ;JPN;osebni avtomobil;135;karavan;JIMNY 
62.4;1150;7.3;0;SUZUKI;FJB43V-4AT;JIMNY / 1.3 / 4WD AUT.;Japonska ;JPN;osebni avtomobil;135;vozilo za posebne namene;JIMNY 
62.5;1005;3.8;0;FIAT;312AXG1A08M;500 / 0.9 /;Italija;ITA;osebni avtomobil;173;vozilo z dviûnimi vrati zadaj;500
62.5;1055;3.9;0;FIAT;312AXG1109F;500 / 0.9 / 8V DUALOGIC;Italija;ITA;osebni avtomobil;173;vozilo z dviûnimi vrati zadaj;500
62.5;1055;4.1;0;FIAT;312PXG11P2E;PANDA / 0.9 / CA;Italija;ITA;osebni avtomobil;177;vecnamensko vozilo;PANDA 
62.5;1045;4.1;0;FIAT;312AXG1A08B;500 / 0.9 / 8V C;Italija;ITA;osebni avtomobil;173;vozilo z dviûnimi vrati zadaj;500
62.5;1038;4.1;0;FIAT;312AXG1A08;500 / 0.9 / 8V;Italija;ITA;osebni avtomobil;173;vozilo z dviûnimi vrati zadaj;500
62.5;1050;4.2;0;FIAT;312PXG1AP1;PANDA / 0.9 / 8V;Italija;ITA;osebni avtomobil;177;vecnamensko vozilo;PANDA 
62.5;1050;4.2;0;LANCIA;312YXG1AY1B;YPSILON / 0.9 / 8V;Italija;ITA;osebni avtomobil;176;vecnamensko vozilo;YPSILON 
62.5;930;4.5;0;KIA;TAF5P31-M52AZ1;PICANTO / 1.2 /;Koreja. republika;KOR;osebni avtomobil;171;vecnamensko vozilo;PICANTO 
62.5;1050;4.6;0;FIAT;312PXG1AP1G;PANDA / 0.9 / 8V;Italija;ITA;osebni avtomobil;170;vecnamensko vozilo;PANDA 
62.5;1008;4.6;0;KIA;TAF5P41-M54BZ1;PICANTO / 1.2 /;Koreja. republika;KOR;osebni avtomobil;175;vecnamensko vozilo;PICANTO 
62.5;1125;4.9;0;FIAT;312PXG2BP5;PANDA / 0.9 / 8V / 4x4;Italija;ITA;osebni avtomobil;166;vecnamensko vozilo;PANDA 
62.5;1086;4.9;0;HYUNDAI;F5P71-M51AZ1;i 20 / 1.2 /;Turcija;TUR;osebni avtomobil;168;vecnamensko vozilo;i 20 
62.5;1161;5.1;0;KIA;UBF5P31-M51BY1;RIO / 1.2 /;Koreja. republika;KOR;osebni avtomobil;172;vecnamensko vozilo;RIO 
62.5;1160;5.1;0;KIA;UBF5P31-M51BZ1;RIO / 1.2 /;Koreja. republika;KOR;osebni avtomobil;168;vecnamensko vozilo;RIO 
62.5;1104;5.1;0;KIA;UBF5P31-M51BZ1;RIO / 1.2 /;Koreja. republika;KOR;osebni avtomobil;172;vecnamensko vozilo;RIO 
62.5;1165;5.6;0;FIAT;312PXG2BP5S;PANDA / 0.9 / 4X4 CROSS;Italija;ITA;osebni avtomobil;164;vecnamensko vozilo;PANDA 
62.5;1076;5.7;0;HYUNDAI;C1-MPKZI;GETZ / 1.3 /;Koreja. republika;KOR;osebni avtomobil;166;vecnamensko vozilo;GETZ 
62.5;1076;5.7;0;HYUNDAI;C1-MPKZ;HYUNDAI / GETZ / 1.3 /;Koreja. republika;KOR;osebni avtomobil;166;vecnamensko vozilo;HYUNDAI 
62.5;1072;5.7;0;HYUNDAI;C1-NPKZI;GETZ / 1.3 /;Koreja. republika;KOR;osebni avtomobil;166;vecnamensko vozilo;GETZ 
62.5;1072;5.7;0;HYUNDAI;C1-NPLY;HYUNDAI / GETZ / 1.3 /;Koreja. republika;KOR;osebni avtomobil;166;vecnamensko vozilo;HYUNDAI 
62.5;1141;5.9;0;FORD;KAF-BIKE1UX-5CDBAAAADB;KA+ / 1.2 DRAGON / 62.5;Nemcija;DEU;osebni avtomobil;179;vozilo z dviûnimi vrati zadaj;KA+ 
62.5;1241;6.1;0;FORD;JHH-Q0JC1JX-5CDPZNABGB6;FIESTA / 1.0 / 62.5 S 5 vr;Nemcija;DEU;osebni avtomobil;170;vozilo z dviûnimi vrati zadaj;FIESTA 
62.5;1152;6.1;0;FORD;JHH-XYJE1JX-5APPZNABMAM;FIESTA / 1.1 / 62.5 5 vr;Nemcija;DEU;osebni avtomobil;170;vozilo z dviûnimi vrati zadaj;FIESTA 
62.5;1153;6.5;0;FORD;KAF-BIKE1UX-5CEBABAACC;KA+ / 1.2 DRAGON / ACTIVE / 62.5;Nemcija;DEU;osebni avtomobil;179;vozilo z dviûnimi vrati zadaj;KA+ 
62.5;1165;6.9;0;FIAT;312PXG2BEP5T2;PANDA / 0.9 / 4X4 HEA;Italija;ITA;osebni avtomobil;163;vecnamensko vozilo;PANDA 
62.5;1135;7.1;0;SUZUKI;FJB43V-5MT;JIMNY / 1.3 / 4WD;Japonska ;JPN;osebni avtomobil;140;karavan;JIMNY 
62.5;1165;7.2;0;SUZUKI;FJB43V-5MT;JIMNY / 1.3 / 4WD;Japonska ;JPN;osebni avtomobil;140;karavan;JIMNY 
62.5;1165;7.3;0;FIAT;312PXG2BP5S;PANDA / 0.9 / 4X4 CROSS;Italija;ITA;osebni avtomobil;164;vecnamensko vozilo;PANDA 
62.5;1125;7.3;0;FIAT;312PXG2BEP5S2;PANDA / 0.9 / 4X4 CROSS;Italija;ITA;osebni avtomobil;164;vecnamensko vozilo;PANDA 
62.5;1125;7.3;0;FIAT;312PXG2BEP5N2;PANDA / 0.9 / 4X4;Italija;ITA;osebni avtomobil;163;vecnamensko vozilo;PANDA 
62.5;1175;7.3;0;SUZUKI;FJB43C-1;JIMNY / 1.3 LX / 4WD;äpanija;ESP;osebni avtomobil;140;kabriolet;JIMNY 
62.5;1165;7.3;0;SUZUKI;FJB43V-5MT;JIMNY / 1.3 / 4WD;Japonska ;JPN;osebni avtomobil;140;karavan;JIMNY 
62.5;1080;7.3;0;SUZUKI;FJB43V-5MT;JIMNY / 1.3 / JLX;Japonska ;JPN;osebni avtomobil;140;karavan;JIMNY 
62.5;1070;7.3;0;SUZUKI;FJB43C-5MT;JIMNY / 1.3 / 4WD;Japonska ;JPN;osebni avtomobil;140;karavan;JIMNY 
62.5;1155;7.5;0;FIAT;312PXG2BP5J;PANDA / 0.9 / 4X4;Italija;ITA;osebni avtomobil;163;vecnamensko vozilo;PANDA 
62.5;1165;7.6;0;FIAT;312PXG2BP5M;PANDA / 0.9 / 4X4 CROSS;Italija;ITA;osebni avtomobil;164;vecnamensko vozilo;PANDA 
62.5;1180;7.8;0;SUZUKI;FJB43V-4AT;JIMNY / 1.3 / 4WD AUT.;Japonska ;JPN;osebni avtomobil;135;karavan;JIMNY 
63;1732;1.2;0;CHEVROLET;D1JCI;VOLT / 1.4 / CVT;Zdruûene drûave;USA;osebni avtomobil;160;vozilo z dviûnimi vrati zadaj;VOLT 
63;1735;1.2;0;OPEL;D1JOI;AMPERA / 1.4 / CVT;Zdruûene drûave;USA;osebni avtomobil;160;vozilo z dviûnimi vrati zadaj;AMPERA 
63;1785;10.6;1;TOYOTA;J7;LAND CRUISER / 2.5 / TD;Japonska ;JPN;osebni avtomobil;130;limuzina;LAND CRUISER 
63;1055;3.3;1;RENAULT;CNM005;TWINGO / 1.5 / DCI;Francija;FRA;osebni avtomobil;185;vozilo z dviûnimi vrati zadaj;TWINGO 
63;1191;3.5;1;FORD;JHH-XUJF1JX-5DCDZN00LAY;FIESTA / 1.5 / TDCI / 63 S 5 vr;Nemcija;DEU;osebni avtomobil;175;vozilo z dviûnimi vrati zadaj;FIESTA 
63;1186;3.6;1;FORD;JHH-XUJG1JX-5DCDZN00LAX;FIESTA / 1.5 / TDCI / 63 5 vr;Nemcija;DEU;osebni avtomobil;175;vozilo z dviûnimi vrati zadaj;FIESTA 
63;1250;3.7;1;RENAULT;BR1FDH;CLIO / 1.5 / DCI;Francija;FRA;osebni avtomobil;176;vozilo z dviûnimi vrati zadaj;CLIO 
63;1314;4.2;1;RENAULT;RJABD2AG6TA19A5000;CLIO / 1.5 / DCI;Francija;FRA;osebni avtomobil;178;vozilo z dviûnimi vrati zadaj;CLIO 
63;1310;4.2;1;RENAULT;RJABD2AG6TA69A5000;CLIO / 1.5 / DCI;Francija;FRA;osebni avtomobil;178;vozilo za posebne namene;CLIO 
63;1310;4.2;1;RENAULT;RJABD2AG6TA69A5000;CLIO / 1.5 / DCI;Francija;FRA;osebni avtomobil;178;vozilo z dviûnimi vrati zadaj;CLIO 
63;1297;4.2;1;RENAULT;RJABD2AG6TA11A5000;CLIO / 1.5 / DCI;Francija;FRA;osebni avtomobil;197;vozilo z dviûnimi vrati zadaj;CLIO 
63;1295;4.2;1;RENAULT;RJABD2AG6TA89A5000;CLIO / 1.5 / DCI;Francija;FRA;osebni avtomobil;178;vozilo z dviûnimi vrati zadaj;CLIO 
63;1295;4.2;1;RENAULT;RJABD2AG6TA19A5000;CLIO / 1.5 / DCI;Francija;FRA;osebni avtomobil;178;vozilo za posebne namene;CLIO 
63;1281;4.2;1;RENAULT;RJABD2AG6TA89A5000;CLIO / 1.5 / DCI;Francija;FRA;osebni avtomobil;178;vozilo za posebne namene;CLIO 
63;1290;4.3;1;NISSAN;E11-C02;NOTE / 1.5 / DCI;Zdruûeno kraljestvo;GBR;osebni avtomobil;168;vecnamensko vozilo;NOTE 
63;1240;4.3;1;NISSAN;E11-C02;NOTE / 1.5 / DCI;Zdruûeno kraljestvo;GBR;osebni avtomobil;168;vecnamensko vozilo;NOTE 
63;1290;4.3;1;RENAULT;JP0FF5;MODUS / 1.5 / DCI;Francija;FRA;osebni avtomobil;171;vecnamensko vozilo;MODUS 
63;1260;4.3;1;RENAULT;JP0F05;MODUS / 1.5 / DCI;Francija;FRA;osebni avtomobil;171;vecnamensko vozilo;MODUS 
63;1250;4.3;1;RENAULT;BRCF0H;CLIO / 1.5 / DCI;Francija;FRA;osebni avtomobil;174;vozilo z dviûnimi vrati zadaj;CLIO 
63;1240;4.3;1;RENAULT;SR1F0H;CLIO / 1.5 / DCI;Francija;FRA;osebni avtomobil;160;vozilo z dviûnimi vrati zadaj;CLIO 
63;1364;4.4;1;RENAULT;KZ0A05;MEGANE / GRANDTOUR 1.5 / DCI;Francija;FRA;osebni avtomobil;175;karavan;MEGANE 
63;1290;4.4;1;RENAULT;BZ0A05;MEGANE / 1.5 / DCI;Francija;FRA;osebni avtomobil;175;vozilo z dviûnimi vrati zadaj;MEGANE 
63;1280;4.4;1;RENAULT;LMSFB5;MEGANE / SEDAN 1.5 / DCI;Francija;FRA;osebni avtomobil;175;limuzina;MEGANE 
63;1280;4.4;1;RENAULT;DZ0A05;MEGANE / COUPE 1.5 / DCI;Francija;FRA;osebni avtomobil;175;kupe;MEGANE 
63;1280;4.4;1;RENAULT;KR1F0H;CLIO / GRANDTOUR 1.5 / DCI;Francija;FRA;osebni avtomobil;174;karavan;CLIO 
63;1280;4.4;1;RENAULT;KMSFB5;MEGANE / GRANDTOUR 1.5 / DCI;Francija;FRA;osebni avtomobil;174;karavan;MEGANE 
63;1270;4.4;1;RENAULT;BMSF05;MEGANE / 1.5 / DCI;Francija;FRA;osebni avtomobil;174;vozilo z dviûnimi vrati zadaj;MEGANE 
63;1250;4.4;1;RENAULT;BR1F0H;CLIO / 1.5 / DCI;Francija;FRA;osebni avtomobil;174;vozilo z dviûnimi vrati zadaj;CLIO 
63;1250;4.4;1;RENAULT;CMSF05;MEGANE / 1.5 / DCI;Francija;FRA;osebni avtomobil;174;vozilo z dviûnimi vrati zadaj;MEGANE 
63;1240;4.4;1;RENAULT;CRCF0H;CLIO / 1.5 / DCI;Francija;FRA;osebni avtomobil;174;vozilo z dviûnimi vrati zadaj;CLIO 
63;1240;4.4;1;RENAULT;CR1F0H;CLIO VAN 1.5 / DCI;Francija;FRA;osebni avtomobil;174;vozilo z dviûnimi vrati zadaj;CLIO VAN 1.5 
63;1290;4.5;1;NISSAN;E11-C02;NOTE / 1.5 / DCI;Zdruûeno kraljestvo;GBR;osebni avtomobil;168;vecnamensko vozilo;NOTE 
63;1345;4.5;1;RENAULT;BMSF05;MEGANE / 1.5 / DCI;Francija;FRA;osebni avtomobil;174;vozilo z dviûnimi vrati zadaj;MEGANE 
63;1300;4.5;1;RENAULT;JP0FF5;MODUS / 1.5 / DCI;Francija;FRA;osebni avtomobil;171;vecnamensko vozilo;MODUS 
63;1290;4.5;1;RENAULT;BZ0A05;MEGANE / 1.5 / DCI;Francija;FRA;osebni avtomobil;175;vozilo z dviûnimi vrati zadaj;MEGANE 
63;1280;4.5;1;RENAULT;BZAA05;MEGANE / 1.5 / DCI;Francija;FRA;osebni avtomobil;175;vozilo z dviûnimi vrati zadaj;MEGANE 
63;1280;4.5;1;RENAULT;LZBA05;FLUENCE / 1.5 / DCI;Francija;FRA;osebni avtomobil;175;limuzina;FLUENCE 
63;1280;4.5;1;RENAULT;DZ0A05;MEGANE / COUPE 1.5 / DCI;Francija;FRA;osebni avtomobil;175;kupe;MEGANE 
63;1280;4.5;1;RENAULT;KMSFB5;MEGANE / GRANDTOUR 1.5 / DCI;Francija;FRA;osebni avtomobil;174;karavan;MEGANE 
63;1270;4.5;1;RENAULT;BMSF-05;MEGANE / 1.5 / DCI;Francija;FRA;osebni avtomobil;174;vozilo z dviûnimi vrati zadaj;MEGANE 
63;1260;4.5;1;RENAULT;JP0F05;MODUS / 1.5 / DCI;Francija;FRA;osebni avtomobil;171;vecnamensko vozilo;MODUS 
63;1250;4.5;1;RENAULT;CMSF05;MEGANE / 1.5 / DCI;Francija;FRA;osebni avtomobil;174;vozilo z dviûnimi vrati zadaj;MEGANE 
63;1195;4.5;1;RENAULT;BMS-F05;MEGANE / 1.5 / DCI;Francija;FRA;osebni avtomobil;168;vozilo z dviûnimi vrati zadaj;MEGANE 
63;1165;4.6;1;DACIA;BSDEW5;SANDERO / 1.5 / DCI;Romunija;ROM;osebni avtomobil;167;vozilo z dviûnimi vrati zadaj;SANDERO 
63;1235;4.6;1;RENAULT;KMS-F05;MEGANE / 1.5 / DCI;Francija;FRA;osebni avtomobil;168;karavan;MEGANE 
63;1130;4.7;0;FORD;JHH-XYJC1JX-5AEPZN00KA2;FIESTA / 1.1 / 63 5 vr;Nemcija;DEU;osebni avtomobil;170;vozilo z dviûnimi vrati zadaj;FIESTA 
63;1091;4.7;1;NISSAN;K12-D04;MICRA / 1.5 / DCI;Zdruûeno kraljestvo;GBR;osebni avtomobil;171;vozilo z dviûnimi vrati zadaj;MICRA 
63;1461;4.7;1;RENAULT;KMSF05;MEGANE / GRANDTOUR 1.5 / DCI;Francija;FRA;osebni avtomobil;174;karavan;MEGANE 
63;1310;4.7;1;RENAULT;KMSF05;MEGANE / GRANDTOUR 1.5 / DCI;Francija;FRA;osebni avtomobil;200;karavan;MEGANE 
63;1310;4.7;1;RENAULT;KMSFC5;MEGANE / GRANDTOUR 1.5 / DCI;Francija;FRA;osebni avtomobil;174;karavan;MEGANE 
63;1310;4.7;1;RENAULT;KR2N06;CLIO / GRANDTOUR 1.5 / DCI;Francija;FRA;osebni avtomobil;174;karavan;CLIO 
63;1290;4.7;1;RENAULT;LMSFC5;MEGANE / SEDAN 1.5 / DCI;Francija;FRA;osebni avtomobil;175;limuzina;MEGANE 
63;1275;4.7;1;RENAULT;JP0906;MODUS / 1.5 / DCI;Francija;FRA;osebni avtomobil;172;vecnamensko vozilo;MODUS 
63;1235;4.7;1;RENAULT;KMSF05;MEGANE /  GRANDTOUR 1.5 / DCI;Francija;FRA;osebni avtomobil;170;karavan;MEGANE 
63;1235;4.7;1;RENAULT;KMSF05;MEGANE / GRANDTOUR 1.5 / DCI;Francija;FRA;osebni avtomobil;168;karavan;MEGANE 
63;1247;4.8;0;äKODA;ACCYVAX0-NFM5FM5AF017STVLN617;OCTAVIA / COMBI 1.2 / TSI;Ceöka republika;CZE;osebni avtomobil;178;karavan;OCTAVIA 
63;1225;4.8;0;äKODA;AACYVAX0-NFM5FM5AF017STVL617;OCTAVIA / 1.2 / TSI;Ceöka republika;CZE;osebni avtomobil;181;limuzina;OCTAVIA 
63;1155;4.9;1;FIAT;188CXG1A-GX;PUNTO / 1.9 / JTD;Italija;ITA;osebni avtomobil;173;vozilo z dviûnimi vrati zadaj;PUNTO 
63;1130;4.9;1;FIAT;188BXG1A14E;PUNTO / 1.9 / JTD;Italija;ITA;osebni avtomobil;173;vozilo z dviûnimi vrati zadaj;PUNTO 
63;1209;4.9;1;FORD;JHH-XUJN1JX-5DCDZNABPAX;FIESTA / 1.5 / DV5 / 63 5 vr;Nemcija;DEU;osebni avtomobil;175;vozilo z dviûnimi vrati zadaj;FIESTA 
63;1290;4.9;1;NISSAN;E11-C02;NOTE / 1.5 / DCI;Zdruûeno kraljestvo;GBR;osebni avtomobil;168;vecnamensko vozilo;NOTE 
63;1240;4.9;1;NISSAN;E11-C02;NOTE / 1.5 / DCI;Zdruûeno kraljestvo;GBR;osebni avtomobil;168;vecnamensko vozilo;NOTE 
63;1460;4.9;1;RENAULT;JZ0A06;SCENIC / 1.5 / DCI;Francija;FRA;osebni avtomobil;165;vozilo z dviûnimi vrati zadaj;SCENIC 
63;1247;4.9;0;äKODA;ACCYVAX0-NFM5FM5AF017STVLN617;OCTAVIA / COMBI 1.2 / TSI;Ceöka republika;CZE;osebni avtomobil;178;karavan;OCTAVIA 
63;1225;4.9;0;äKODA;AACYVAX0-NFM5FM5AF017STVLN617;OCTAVIA / 1.2 / TSI;Ceöka republika;CZE;osebni avtomobil;181;limuzina;OCTAVIA 
63;1150;4.9;0;äKODA;ABCBZA-NFM5FM52T106ST7P0SK;RAPID / 1.2 / TSI;Ceöka republika;CZE;osebni avtomobil;180;vozilo z dviûnimi vrati zadaj;RAPID 
63;1229;4.9;0;VOLKSWAGEN;GAC4CYVAX0-FM5FM5AF017N7MMON1VL61VR2;GOLF / 1.2 / TSI;Nemcija;DEU;osebni avtomobil;179;karavan;GOLF 
63;1140;5.1;0;AUDI;SCBZAF1-FM52T106R8X51LLS47MJEM2AN;A1 / 1.2 / TFSI;Nemcija;DEU;osebni avtomobil;180;vozilo z dviûnimi vrati zadaj;A1 
63;1115;5.1;0;AUDI;ACBZAF1-FM52T106R8X51LL7MGEM2;A1 / 1.2 / TFSI;Nemcija;DEU;osebni avtomobil;180;karavan;A1 
63;1255;5.1;1;DACIA;HSDAW5;DUSTER / 1.5 / DCI;Romunija;ROM;osebni avtomobil;156;karavan;DUSTER 
63;1265;5.1;1;NISSAN;E11C-C02;NOTE / 1.5 / DCI;Zdruûeno kraljestvo;GBR;osebni avtomobil;168;vecnamensko vozilo;NOTE 
63;1256;5.1;1;NISSAN;E11-C02;NOTE / 1.5 / DCI;Zdruûeno kraljestvo;GBR;osebni avtomobil;168;vecnamensko vozilo;NOTE 
63;1240;5.1;1;NISSAN;FDAE11-C02;NOTE / 1.5 / DCI;Zdruûeno kraljestvo;GBR;osebni avtomobil;168;vecnamensko vozilo;NOTE 
63;1199;5.1;0;OPEL;KN11-1AACA770CCA5;CORSA / 1.2 / 16V MTA;Nemcija;DEU;osebni avtomobil;172;vecnamensko vozilo;CORSA 
63;1163;5.1;0;OPEL;KN11-1A06A770CCA5;CORSA / 1.2 / 16V MTA;Nemcija;DEU;osebni avtomobil;172;vecnamensko vozilo;CORSA 
63;1159;5.1;0;OPEL;KN11-1A16A770CCA5;CORSA / 1.2 / 16V MTA;Nemcija;DEU;osebni avtomobil;172;vecnamensko vozilo;CORSA 
63;1415;5.1;1;RENAULT;JMSF05;SCENIC / 1.5 / DCI;Francija;FRA;osebni avtomobil;167;vecnamensko vozilo;SCENIC 
63;1233;5.1;0;SEAT;FCYVAX0V-FM5NFM5AF0177MMVLO567;LEON ST / 1.2 / TSI;äpanija;ESP;osebni avtomobil;178;karavan;LEON ST 
63;1188;5.1;0;SEAT;BCYVAX0V-FM5NFM5AF0177MMVLO561;LEON / 1.2 / TSI;äpanija;ESP;osebni avtomobil;178;karavan;LEON 
63;1155;5.1;0;SEAT;AACBZA-NFM5FM52T106ST0P0SE;TOLEDO / 1.2 / TSI;äpanija;ESP;osebni avtomobil;183;limuzina;TOLEDO 
63;1145;5.1;0;SEAT;SECBZAX0-SGNFM52T1067MJGI;IBIZA ST / 1.2 / TSI;äpanija;ESP;osebni avtomobil;180;karavan;IBIZA ST 
63;1155;5.1;0;äKODA;AACBZA-NFM5FM52T106STN0P0SK;RAPID / 1.2 / TSI;Ceöka republika;CZE;osebni avtomobil;183;limuzina;RAPID 
63;1150;5.1;0;äKODA;ABCBZA-NFM5FM52T106ST0P0SK;RAPID / 1.2 / TSI;Ceöka republika;CZE;osebni avtomobil;180;vozilo z dviûnimi vrati zadaj;RAPID 
63;1320;5.1;0;VOLKSWAGEN;SACCYVAX0-FM5FM5AF017N7MMOVL03VR2;GOLF / SPORTSVAN 1.2 / TSI;Nemcija;DEU;osebni avtomobil;177;karavan;GOLF 
63;1330;5.2;1;DACIA;KSD0W5;LOGAN / MCV 1.5 / DCI;Romunija;ROM;osebni avtomobil;161;karavan;LOGAN 
63;1280;5.2;1;DACIA;KSDEW5;LOGAN / MCV 1.5 / DCI;Romunija;ROM;osebni avtomobil;161;karavan;LOGAN 
63;1030;5.2;0;MAZDA;DE14J2;MAZDA 2 / 1.4 / i SP;Japonska ;JPN;osebni avtomobil;172;vozilo z dviûnimi vrati zadaj;MAZDA 2 
63;1025;5.2;0;MAZDA;DE13J2;MAZDA 2 / 1.4 / i SP;Japonska ;JPN;osebni avtomobil;172;vozilo z dviûnimi vrati zadaj;MAZDA 2 
63;1430;5.2;1;NISSAN;M20-H02;NV200 / 1.5 / DCI;äpanija;ESP;osebni avtomobil;158;karavan;NV200 
63;1233;5.2;0;SEAT;FCJZBX0-FM5NFM5AH0197MJVL;LEON ST / 1.2 / TST;äpanija;ESP;osebni avtomobil;178;karavan;LEON ST 
63;1188;5.2;0;SEAT;BCJZBX0-FM5NFM5AH0197MJVL;LEON / 1.2 / TSI;äpanija;ESP;osebni avtomobil;178;karavan;LEON 
63;1225;5.2;0;äKODA;AACJZBX0-NFM5FM5AH019STVL0;OCTAVIA / 1.2 / TSI;Ceöka republika;CZE;osebni avtomobil;181;limuzina;OCTAVIA 
63;1136;5.2;0;äKODA;ACCBZAX01-NFM5FM52T10614N0;FABIA / COMBI 1.2 / TSI;Ceöka republika;CZE;osebni avtomobil;178;karavan;FABIA 
63;1116;5.2;0;äKODA;ABCBZAX01-NFM5FM52T10614N;FABIA / 1.2 / TSI;Ceöka republika;CZE;osebni avtomobil;177;vozilo z dviûnimi vrati zadaj;FABIA 
63;1199;5.3;0;OPEL;KN11-1AACD5B2CCA5;CORSA / 1.2 / 16V MTA;Nemcija;DEU;osebni avtomobil;172;vecnamensko vozilo;CORSA 
63;1163;5.3;0;OPEL;KN11-1A06A770BDA5;CORSA / 1.2 / 16V;Nemcija;DEU;osebni avtomobil;172;vecnamensko vozilo;CORSA 
63;1163;5.3;0;OPEL;BN11-1A06A4D0DKA5;CORSA / 1.2 / 16V;Nemcija;DEU;osebni avtomobil;170;vecnamensko vozilo;CORSA 
63;1163;5.3;0;OPEL;BN11-1A06A4D0BDA5;CORSA / 1.2 / 16V;Nemcija;DEU;osebni avtomobil;160;vecnamensko vozilo;CORSA 
63;1160;5.3;0;OPEL;SN11-1A05A7J0BDA5;CORSA / 1.2 / 16V;Nemcija;DEU;osebni avtomobil;172;vecnamensko vozilo;CORSA 
63;1141;5.3;0;OPEL;BN11-1AABA690CCA5;CORSA / 1.2 / 16V MTA;Nemcija;DEU;osebni avtomobil;172;vecnamensko vozilo;CORSA 
63;1141;5.3;0;OPEL;BN11-1AABA4D0BDA5;CORSA / 1.2 / 16V;Nemcija;DEU;osebni avtomobil;160;vecnamensko vozilo;CORSA 
63;1128;5.3;0;OPEL;BN11-1A14A4D0BDA5;CORSA / 1.2 / 16V;Nemcija;DEU;osebni avtomobil;172;vecnamensko vozilo;CORSA 
63;1128;5.3;0;OPEL;BN11-1A14A4D0BDA5;CORSA / 1.2 / 16V;Nemcija;DEU;osebni avtomobil;160;vecnamensko vozilo;CORSA 
63;1464;5.3;1;RENAULT;KW0BB5;KANGOO / 1.5 / DCI;Francija;FRA;osebni avtomobil;159;vecnamensko vozilo;KANGOO 
63;1463;5.3;1;RENAULT;KW2BC5;KANGOO / 1.5 / DCI;Francija;FRA;osebni avtomobil;159;karavan;KANGOO 
63;1030;5.4;0;MAZDA;DE14J2;MAZDA 2 / 1.4 / i SP;Japonska ;JPN;osebni avtomobil;172;vozilo z dviûnimi vrati zadaj;MAZDA 2 
63;1025;5.4;0;MAZDA;DE13J2;MAZDA 2 / 1.4 / i SP;Japonska ;JPN;osebni avtomobil;172;vozilo z dviûnimi vrati zadaj;MAZDA 2 
63;1191;5.4;0;SEAT;BDKLBX0V-FM5SFM5AH0017CPVLO51BA;LEON / 1.0 / TSI;äpanija;ESP;osebni avtomobil;178;karavan;LEON 
63;1251;5.5;0;CHEVROLET;KNBE1-KAA5;AVEO / 1.2 / 16V;Koreja. republika;KOR;osebni avtomobil;171;limuzina;AVEO 
63;1239;5.5;0;CHEVROLET;KNBE1-HAA5;AVEO / 1.2 / 16V;Koreja. republika;KOR;osebni avtomobil;171;limuzina;AVEO 
63;1238;5.5;0;CHEVROLET;KHBE1-AAA5;AVEO / 1.2 / 16V;Koreja. republika;KOR;osebni avtomobil;171;vozilo z dviûnimi vrati zadaj;AVEO 
63;1237;5.5;0;OPEL;SN11-1AADD5B2DKG5;CORSA / 1.2 / 16V;Nemcija;DEU;osebni avtomobil;172;vecnamensko vozilo;CORSA 
63;1199;5.5;0;OPEL;KN11-1AACD5B2DKA5;CORSA / 1.2 / 16V;Nemcija;DEU;osebni avtomobil;172;vecnamensko vozilo;CORSA 
63;1163;5.5;0;OPEL;KN11-1A06D5B2DKA5;CORSA / 1.2 / 16V;Nemcija;DEU;osebni avtomobil;172;vecnamensko vozilo;CORSA 
63;1163;5.5;0;OPEL;BN11-1A06A690BDA5;CORSA / 1.2 / 16V;Nemcija;DEU;osebni avtomobil;160;vecnamensko vozilo;CORSA 
63;1141;5.5;0;OPEL;BN11-1AABA690BDA5;CORSA / 1.2 / 16V;Nemcija;DEU;osebni avtomobil;172;vecnamensko vozilo;CORSA 
63;1141;5.5;0;OPEL;BN11-1AABA690BDA5;CORSA / 1.2 / 16V;Nemcija;DEU;osebni avtomobil;160;vecnamensko vozilo;CORSA 
63;1120;5.5;0;OPEL;BN11-1AABA690DKA5;CORSA / 1.2 / 16V;Nemcija;DEU;osebni avtomobil;172;vecnamensko vozilo;CORSA 
63;1120;5.5;0;OPEL;BN11-1A06A690DKA5;CORSA / 1.2 / 16V;Nemcija;DEU;osebni avtomobil;160;vecnamensko vozilo;CORSA 
63;1065;5.5;0;OPEL;AB11-1A02A1AABA5;AGILA / 1.2 / 16V;Nemcija;DEU;osebni avtomobil;175;karavan;AGILA 
63;1065;5.5;0;SUZUKI;EXB32S-MT;SPLASH / 1.2 / 2WD;Madûarska;HUN;osebni avtomobil;175;karavan;SPLASH 
63;1229;5.5;0;VOLKSWAGEN;ACCBZAX0-FM5FM5AH018N7MGN1;GOLF / 1.2 / TSI;Nemcija;DEU;osebni avtomobil;178;karavan;GOLF 
63;910;5.7;0;FIAT;176BV53A-29;PUNTO / 1.2;Italija;ITA;osebni avtomobil;177;vozilo z dviûnimi vrati zadaj;PUNTO 
63;1076;5.7;0;HYUNDAI;C1-MPKZ;GETZ / 1.3;Koreja. republika;KOR;osebni avtomobil;166;vecnamensko vozilo;GETZ 
63;1076;5.7;0;HYUNDAI;C1-MPKZI;GETZ 1.3;Koreja. republika;KOR;osebni avtomobil;166;vecnamensko vozilo;GETZ 1.3
63;1072;5.7;0;HYUNDAI;C1-NPKZI;GETZ / 1.3;Koreja. republika;KOR;osebni avtomobil;166;vecnamensko vozilo;GETZ 
63;1072;5.7;0;HYUNDAI;C1-NPKZ;GETZ / 1.3;Koreja. republika;KOR;osebni avtomobil;166;vozilo z dviûnimi vrati zadaj;GETZ 
63;1221;5.7;0;äKODA;AFCBZAX01-NFM5FM52T10614N0;ROOMSTER / 1.2 / TSI;Ceöka republika;CZE;osebni avtomobil;172;vecnamensko vozilo;ROOMSTER 
63;1355;5.8;0;VOLKSWAGEN;ACCBZAX0-FM5FM5AH018N7MGN1;GOLF PLUS / 1.2 / TSI;Nemcija;DEU;osebni avtomobil;175;karavan;GOLF PLUS 
63;1104;5.8;0;VOLKSWAGEN;ABCGGB-FD7FD7AM012LLNVR07MG;POLO / 1.4 / AUT.;Nemcija;DEU;osebni avtomobil;177;vozilo z dviûnimi vrati zadaj;POLO 
63;1270;5.9;0;FORD;DYBXTDA1K-5ABALA;FOCUS / 1.6 / 63;Nemcija;DEU;osebni avtomobil;170;vozilo z dviûnimi vrati zadaj;FOCUS 
63;1081;5.9;1;NISSAN;H-H04;MICRA / 1.5 / DCI;Zdruûeno kraljestvo;GBR;osebni avtomobil;170;vozilo z dviûnimi vrati zadaj;MICRA 
63;1115;5.9;0;OPEL;AB11-1A03A1ABCA5;AGILA / 1.2 / 16V AUT.;Nemcija;DEU;osebni avtomobil;170;karavan;AGILA 
63;1130;5.9;0;SEAT;SECGGBX0-SGNFM52T0887MGGI;IBIZA ST / 1.4 /;äpanija;ESP;osebni avtomobil;177;karavan;IBIZA ST 
63;1075;5.9;0;SEAT;SCCGGBX0-SGNFM52T0887MJGI;IBIZA / 1.4 /;äpanija;ESP;osebni avtomobil;177;vecnamensko vozilo;IBIZA 
63;1124;5.9;0;äKODA;ACCGGBX01-NFM5FM52T08814N0;FABIA / COMBI 1.4 /;Ceöka republika;CZE;osebni avtomobil;176;karavan;FABIA 
63;1104;5.9;0;äKODA;ABCGGBX01-NFM5FM52T08814N0;FABIA / 1.4 /;Ceöka republika;CZE;osebni avtomobil;175;vozilo z dviûnimi vrati zadaj;FABIA 
63;1209;5.9;0;VOLKSWAGEN;ABSAXUX01-FM5FM52T0081N1L0GG;POLO / 1.4 / FSI;Nemcija;DEU;osebni avtomobil;178;vozilo z dviûnimi vrati zadaj;POLO 
63;1070;5.9;0;VOLKSWAGEN;ABCGGB-FM5FM52T088N7MG;POLO / 1.4 /;Nemcija;DEU;osebni avtomobil;177;vozilo z dviûnimi vrati zadaj;POLO 
63;1260;6.1;1;SUZUKI;FJB53V-5MT;JIMNY / 1.5 / 4WD TD;Japonska ;JPN;osebni avtomobil;145;karavan;JIMNY 
63;1168;6.1;1;SUZUKI;FJ-B53V;JIMNY / 1.5 / 4WD TD;Japonska ;JPN;osebni avtomobil;145;karavan;JIMNY 
63;1127;6.1;0;VOLKSWAGEN;ABCGGB-FM5FM52T088LLCVR07MG;POLO / 1.4 /;Nemcija;DEU;osebni avtomobil;173;vozilo z dviûnimi vrati zadaj;POLO 
63;1100;6.2;0;SEAT;SCBXWX0-SGFM52T08840GG;IBIZA / 1.4 /;äpanija;ESP;osebni avtomobil;175;vecnamensko vozilo;IBIZA 
63;1075;6.2;0;SEAT;SCBXWX0-SGFM52T08820GG;IBIZA / 1.4 /;äpanija;ESP;osebni avtomobil;177;vecnamensko vozilo;IBIZA 
63;1250;6.3;0;SEAT;AFCGGBX01-SGNFM5AF0157MG;LEON / 1.4 /;äpanija;ESP;osebni avtomobil;172;vecnamensko vozilo;LEON 
63;1165;6.4;0;HYUNDAI;BU51HB5;GETZ / 1.3;Koreja. republika;KOR;osebni avtomobil;164;vozilo z dviûnimi vrati zadaj;GETZ 
63;1065;6.4;0;HYUNDAI;CD-JN;ACCENT / 1.3 /;Koreja. republika;KOR;osebni avtomobil;175;vozilo z dviûnimi vrati zadaj;ACCENT 
63;1160;6.4;0;SEAT;SCBXWX01-SGFM52T088K20GG;IBIZA / 1.4 /;äpanija;ESP;osebni avtomobil;180;vozilo z dviûnimi vrati zadaj;IBIZA 
63;1206;6.5;0;SEAT;STBXWX01-SGFM52T088L40GG;CORDOBA / 1.4 /;äpanija;ESP;osebni avtomobil;181;limuzina;CORDOBA 
63;1187;6.5;0;SEAT;SCBXWX01-SGFM52T088L40GG;IBIZA / 1.4 /;äpanija;ESP;osebni avtomobil;180;vozilo z dviûnimi vrati zadaj;IBIZA 
63;1150;6.5;0;SEAT;STNBXWX01-SGFM52T08840GG;CORDOBA / 1.4 /;äpanija;ESP;osebni avtomobil;181;limuzina;CORDOBA 
63;1128;6.5;0;SEAT;SCBXWX01-SGFM52T08840GG;IBIZA / 1.4 /;äpanija;ESP;osebni avtomobil;180;vozilo z dviûnimi vrati zadaj;IBIZA 
63;1103;6.5;0;SEAT;SCNBXWX01-SGFM52T08820GG;IBIZA / 1.4 /;äpanija;ESP;osebni avtomobil;180;vozilo z dviûnimi vrati zadaj;IBIZA 
63;1150;6.5;0;äKODA;ACBXWX01-NFM5FM52T08814;FABIA / COMBI 1.4 /;Ceöka republika;CZE;osebni avtomobil;175;karavan;FABIA 
63;1135;6.5;0;äKODA;ABBXWX01-NFM5FM52T08814;FABIA / 1.4 /;Ceöka republika;CZE;osebni avtomobil;174;vozilo z dviûnimi vrati zadaj;FABIA 
63;1080;6.5;0;TOYOTA;NCP20L-CHMGKW(1C);YARIS VERSO / 1.3 /;Japonska ;JPN;osebni avtomobil;165;karavan;YARIS VERSO 
63;990;6.5;0;TOYOTA;NCP20L-CHMNKW(1C);YARIS VERSO / 1.3 / VVT-i;Japonska ;JPN;osebni avtomobil;165;karavan;YARIS VERSO 
63;990;6.7;0;TOYOTA;NCP10L-AGPGKW(1G);YARIS / 1.3 / AUT.;Japonska ;JPN;osebni avtomobil;165;vozilo z dviûnimi vrati zadaj;YARIS 
63;1240;6.8;0;MITSUBISHI;DG111-5CC87NN75;SPACE STAR / 1.3;Nizozemska;NLD;osebni avtomobil;170;vozilo z dviûnimi vrati zadaj;SPACE STAR 
63;1274;6.8;0;äKODA;AFBXWX01-FM5FM52T089L14;ROOMSTER / 1.4 /;Ceöka republika;CZE;osebni avtomobil;171;vecnamensko vozilo;ROOMSTER 
63;1235;6.8;0;äKODA;AFBXWX01-SFM5FM52T08914;ROOMSTER / 1.4 /;Ceöka republika;CZE;osebni avtomobil;169;vecnamensko vozilo;ROOMSTER 
63;1230;6.8;0;äKODA;AFBXWX01-NFM5FM52T08914;ROOMSTER / 1.4 /;Ceöka republika;CZE;osebni avtomobil;171;vecnamensko vozilo;ROOMSTER 
63;1438;6.8;0;VOLKSWAGEN;ACCBZAX01-FM5FM5AH017ST0J27MGNN1;CADDY / 1.2 / TSI;Nemcija;DEU;osebni avtomobil;155;karavan;CADDY 
63;1436;6.8;0;VOLKSWAGEN;ACCBZAX01-N0J2FM5FM5AH017N1STVR07MJ;CADDY / 1.2 / TSI;Nemcija;DEU;osebni avtomobil;155;karavan;CADDY 
63;1292;6.9;0;äKODA;AFBXWX01-FM5FM52T089M14;ROOMSTER / 1.4 /;Ceöka republika;CZE;osebni avtomobil;171;vecnamensko vozilo;ROOMSTER 
63;1155;6.9;0;TOYOTA;EE111L-AGMDKW;COROLLA / 1.4 /;Japonska ;JPN;osebni avtomobil;175;vozilo z dviûnimi vrati zadaj;COROLLA 
63;1158;7.2;0;SUZUKI;FJB43V-5MT;JIMNY / 1.3 / 4WD;Japonska ;JPN;osebni avtomobil;140;karavan;JIMNY 
63;1366;7.3;0;SEAT;AFBXWX01-SGFM5AF0070GG;ALTEA / 1.4 /;äpanija;ESP;osebni avtomobil;169;vecnamensko vozilo;ALTEA 
63;1420;7.3;0;SUZUKI;FJB43V-5MT;JIMNY / 1.3 / 4WD;Japonska ;JPN;osebni avtomobil;140;karavan;JIMNY 
63;1165;7.3;0;SUZUKI;FJB43V-5MT;JIMNY / 1.3;Japonska ;JPN;osebni avtomobil;140;limuzina;JIMNY 
63;1844;7.6;1;FORD;FDGY-F3FA;TRANSIT / 300 L 2.0 / TDI;Nemcija;DEU;osebni avtomobil;136;vecnamensko vozilo;TRANSIT 
63;1905;7.7;1;VOLKSWAGEN;AXCKNX0-L280SGFM52Z002T2802SR;TRANSPORTER / 1.9 / TDI;Nemcija;DEU;osebni avtomobil;146;vecnamensko vozilo;TRANSPORTER 
63;1865;7.7;1;VOLKSWAGEN;ND40AXCX0-NS280FM52Z02T2;TRANSPORTER / 1.9 / TDI;Nemcija;DEU;osebni avtomobil;146;vecnamensko vozilo;TRANSPORTER 
63;2160;7.8;1;FORD;FDFY;TRANSIT / 2.0 / TDCI;Nemcija;DEU;osebni avtomobil;135;vecnamensko vozilo;TRANSIT 
63;2043;7.9;1;FORD;FDE6-P8FA;TRANSIT / 300 S 2.2 / TDI;Nemcija;DEU;osebni avtomobil;141;vecnamensko vozilo;TRANSIT 
63;1958;7.9;1;FORD;FDE6-P8FA1AB9AAA;TRANSIT / 280 S 2.2 / TDI;Nemcija;DEU;osebni avtomobil;142;vecnamensko vozilo;TRANSIT 
63;1830;7.9;1;FORD;FDF6-P8FA1BC9AAA;TRANSIT / 300 M 2.2 / TDI;Nemcija;DEU;osebni avtomobil;139;vecnamensko vozilo;TRANSIT 
63;1300;8.9;0;MERCEDES BENZ;180;220;Nemcija;DEU;osebni avtomobil;135;limuzina;220
64;1890;10.7;1;FIAT;230BIMQB-29B;DUCATO / 2.8;Italija;ITA;osebni avtomobil;133;vecnamensko vozilo;DUCATO 
64;1072;4.9;0;HYUNDAI;B5P31-M53CZ1;i10 / 1.25 /;Turcija;TUR;osebni avtomobil;175;vozilo z dviûnimi vrati zadaj;i10 
64;1141;5.3;0;OPEL;BADEA12-BX1C6EHTA4;ADAM / 1.4 / 16V;Nemcija;DEU;osebni avtomobil;176;vozilo z dviûnimi vrati zadaj;ADAM 
64;1120;5.4;0;OPEL;BAD1A12-BX1D3EHTJ4;ADAM / 1.4 /;Nemcija;DEU;osebni avtomobil;176;vozilo z dviûnimi vrati zadaj;ADAM 
64;1071;5.5;0;HYUNDAI;B5P31-M53BZ1;i10 / 1.25 /;Turcija;TUR;osebni avtomobil;175;vozilo z dviûnimi vrati zadaj;i10 
64;1373;5.5;0;OPEL;CADDA11-BA1G5EKXA5;ASTRA / 1.4/ 16V;Nemcija;DEU;osebni avtomobil;168;vecnamensko vozilo;ASTRA 
64;1199;5.5;0;OPEL;HP11-1AACA5K0ACA5;CORSA / 1.4 / 16V;Nemcija;DEU;osebni avtomobil;173;vecnamensko vozilo;CORSA 
64;1163;5.5;0;OPEL;UP11-1B06E4C5PHT4;ADAM / 1.4 / 16V;Nemcija;DEU;osebni avtomobil;176;vozilo z dviûnimi vrati zadaj;ADAM 
64;1120;5.5;0;OPEL;UP11-1BABE4C5PHR4;ADAM / 1.4 / 16V;Nemcija;DEU;osebni avtomobil;176;vozilo z dviûnimi vrati zadaj;ADAM 
64;1065;5.6;0;TOYOTA;SCP12L-CHMRKW(2G);YARIS / 1.3;Francija;FRA;osebni avtomobil;175;vozilo z dviûnimi vrati zadaj;YARIS 
64;1055;5.6;0;TOYOTA;SCP12L-CGMRKW(2G);YARIS / 1.3;Japonska ;JPN;osebni avtomobil;175;vozilo z dviûnimi vrati zadaj;YARIS 
64;980;5.6;0;TOYOTA;SCP12L-CHMRKW(1G);YARIS / 1.3 /;Francija;FRA;osebni avtomobil;175;vozilo z dviûnimi vrati zadaj;YARIS 
64;906;5.6;0;TOYOTA;SCP12L-CHMRKW(2F);YARIS / 1.3;Francija;FRA;osebni avtomobil;175;vozilo z dviûnimi vrati zadaj;YARIS 
64;895;5.6;0;TOYOTA;SCP12L-CGMRKW(2F);YARIS / 1.3;Francija;FRA;osebni avtomobil;175;vozilo z dviûnimi vrati zadaj;YARIS 
64;1163;5.7;0;OPEL;FP11-1A06A5K0ACG5;CORSA / 1.4 / 16V;Nemcija;DEU;osebni avtomobil;173;vecnamensko vozilo;CORSA 
64;1100;5.8;0;TOYOTA;SCP90L-CHGGKW(1A);YARIS / 1.3 / AUT.;Francija;FRA;osebni avtomobil;170;vecnamensko vozilo;YARIS 
64;1100;5.8;0;TOYOTA;SCP90L-CHGGKW(1A);YARIS / 1.3 / AUT.;Francija;FRA;osebni avtomobil;170;vozilo za posebne namene;YARIS 
64;1065;5.8;0;TOYOTA;SCP12L-CHMGKW(2G);YARIS / 1.3 /;Francija;FRA;osebni avtomobil;175;vozilo z dviûnimi vrati zadaj;YARIS 
64;1055;5.8;0;TOYOTA;SCP12L-CGMGKW(2G);YARIS / 1.3;Francija;FRA;osebni avtomobil;175;vozilo z dviûnimi vrati zadaj;YARIS 
64;995;5.8;0;TOYOTA;SCP12L-CHMGKW(1E);YARIS / 1.3 /;Japonska ;JPN;osebni avtomobil;165;vozilo z dviûnimi vrati zadaj;YARIS 
64;985;5.8;0;TOYOTA;SCP12L-CGMGKW(1G);YARIS / 1.3 /;Francija;FRA;osebni avtomobil;175;vozilo z dviûnimi vrati zadaj;YARIS 
64;945;5.8;0;TOYOTA;CGMGKW;YARIS / 1.3;Francija;FRA;osebni avtomobil;175;vozilo z dviûnimi vrati zadaj;YARIS 
64;920;5.8;0;TOYOTA;SCP12L-CHMGKW(2F);YARIS / 1.3 /;Francija;FRA;osebni avtomobil;175;vozilo z dviûnimi vrati zadaj;YARIS 
64;920;5.8;0;TOYOTA;SCP12L-CHMGKW(2F);YARIS / 1.3;Japonska ;JPN;osebni avtomobil;175;vozilo z dviûnimi vrati zadaj;YARIS 
64;910;5.8;0;TOYOTA;SCP12L-CGMGKW(2F);YARIS / 1.3;Francija;FRA;osebni avtomobil;175;vozilo z dviûnimi vrati zadaj;YARIS 
64;1062;6.1;0;HYUNDAI;B5P31-M53BZ1;i10 / 1.25 /;Turcija;TUR;osebni avtomobil;175;vozilo z dviûnimi vrati zadaj;i10 
64;1084;6.2;0;HYUNDAI;B5P31-A42BZ1;i10 / 1.25 / AUT.;Turcija;TUR;osebni avtomobil;166;vozilo z dviûnimi vrati zadaj;i10 
64;1036;6.2;0;HYUNDAI;B5P31-A42CZ1;i10 / 1.25 / AUT.;Turcija;TUR;osebni avtomobil;163;vozilo z dviûnimi vrati zadaj;i10 
64;1304;6.2;1;SUZUKI;W04V-MTMN;VITARA ET / 2.0 / D;äpanija;ESP;osebni avtomobil;160;karavan;VITARA ET 
64;1075;6.3;0;TOYOTA;SCP12L-CHPGKW(1E);YARIS / 1.3 / AUT.;Francija;FRA;osebni avtomobil;165;vozilo z dviûnimi vrati zadaj;YARIS 
64;895;6.3;0;TOYOTA;SCP12L-CGMRKW(2G);YARIS / 1.3;Francija;FRA;osebni avtomobil;175;vozilo z dviûnimi vrati zadaj;YARIS 
64;1304;6.4;1;SUZUKI;V04V-MTMN;VITARA ET / 2.0 / D;äpanija;ESP;osebni avtomobil;160;karavan;VITARA ET 
64;1111;7.2;0;DACIA;BSDAFH;SANDERO / 1.6 /;Romunija;ROM;osebni avtomobil;174;vozilo z dviûnimi vrati zadaj;SANDERO 
64;1055;7.2;0;DACIA;LSDABH;LOGAN / 1.6 /;Romunija;ROM;osebni avtomobil;175;limuzina;LOGAN 
64;1000;7.2;0;MAZDA;BG1442;323 / 1.6 / 16V;Japonska ;JPN;osebni avtomobil;172;vozilo z dviûnimi vrati zadaj;323
64;1550;7.2;1;SUZUKI;FT 374008;GRAND VITARA / 2.0 / TD;Japonska ;JPN;osebni avtomobil;142;limuzina;GRAND VITARA 
64;1055;7.3;0;DACIA;LSDAFH;LOGAN / 1.6 /;Romunija;ROM;osebni avtomobil;175;limuzina;LOGAN 
64;1350;7.5;0;OPEL;BA11-1A01A2BBAD5;MERIVA / 1.6;Nemcija;DEU;osebni avtomobil;169;vecnamensko vozilo;MERIVA 
64;1350;7.5;0;OPEL;BA11-1A01A2BBAD5;MERIVA / 1.6 /;Nemcija;DEU;osebni avtomobil;169;limuzina;MERIVA 
64;1275;7.5;0;OPEL;BA11 - 1A01A2BBAD5;MERIVA / 1.6;Nemcija;DEU;osebni avtomobil;169;limuzina;MERIVA 
64;1275;7.5;0;OPEL;BA11-1A01A2BBAD5;OPEL / MERIVA / 1.6 /;Nemcija;DEU;osebni avtomobil;169;vecnamensko vozilo;OPEL 
64;1240;7.6;0;DACIA;KSDAFH;LOGAN / MCV 1.6 /;Romunija;ROM;osebni avtomobil;167;karavan;LOGAN 
64;1170;7.6;0;DACIA;BSDAFK;SANDERO / 1.6 /;Romunija;ROM;osebni avtomobil;163;vozilo z dviûnimi vrati zadaj;SANDERO 
64;1260;7.6;0;OPEL;BA11-1A03BBABC5;COMBO / 1.6 ;Nemcija;DEU;osebni avtomobil;164;vecnamensko vozilo;COMBO 
64;1180;7.6;0;OPEL;AA11-1A03AAABC5;COMBO-C / 1.6 /;Nemcija;DEU;osebni avtomobil;164;vecnamensko vozilo;COMBO-C 
64;1240;7.8;0;DACIA;KSDAFH;LOGAN / MCV 1.6 /;Romunija;ROM;osebni avtomobil;167;karavan;LOGAN 
64;1475;7.8;1;SUZUKI;FT;GRAND VITARA / 2.0  / TD;Japonska ;JPN;osebni avtomobil;142;limuzina;GRAND VITARA 
64;1412;8.1;0;RENAULT;KW0EB5;KANGOO / 1.6 /;Francija;FRA;osebni avtomobil;158;vecnamensko vozilo;KANGOO 
64;1460;8.4;1;SUZUKI;ET;VITARA / 2.0 / D;Japonska ;JPN;osebni avtomobil;142;limuzina;VITARA 
64;1550;8.6;1;SUZUKI;FTD32V-1;GRAND VITARA / 2.0 / TD;Japonska ;JPN;osebni avtomobil;142;karavan;GRAND VITARA 
65;1174;3.4;1;RENAULT;BR2HAH;CLIO / 1.5 / DCI;Francija;FRA;osebni avtomobil;182;vozilo z dviûnimi vrati zadaj;CLIO 
65;1194;3.6;1;RENAULT;KR2HDH;CLIO / GRANDTOUR 1.5 / DCI;Francija;FRA;osebni avtomobil;182;karavan;CLIO 
65;1174;3.6;1;RENAULT;BR2HDH;CLIO / 1.5 / DCI;Francija;FRA;osebni avtomobil;182;vozilo z dviûnimi vrati zadaj;CLIO 
65;1164;3.6;1;RENAULT;CR2HDH;CLIO / 1.5 / DCI;Francija;FRA;osebni avtomobil;182;vozilo z dviûnimi vrati zadaj;CLIO 
65;1240;4.3;1;RENAULT;SRSH0H;CLIO / 1.5 / DCI;Francija;FRA;osebni avtomobil;176;vozilo z dviûnimi vrati zadaj;CLIO 
65;1240;4.3;1;RENAULT;JP04F5;MODUS / 1.5 / DCI;Francija;FRA;osebni avtomobil;174;vecnamensko vozilo;MODUS 
65;1288;4.4;0;HONDA;ZE21-3;INSIGHT / 1.3 / HYBRID;Japonska ;JPN;osebni avtomobil;182;vozilo z dviûnimi vrati zadaj;INSIGHT 
65;1234;4.5;0;HONDA;GP11-1;JAZZ / 1.3 / HYBRID;Japonska ;JPN;osebni avtomobil;180;vozilo z dviûnimi vrati zadaj;JAZZ 
65;1275;4.5;1;HYUNDAI;E5-TWN;GETZ / 1.5 / CRDi;Koreja. republika;KOR;osebni avtomobil;173;vecnamensko vozilo;GETZ 
65;1330;4.6;1;DACIA;KSD9L5;LOGAN / MCV 1.5 / DCI;Romunija;ROM;osebni avtomobil;165;karavan;LOGAN 
65;1295;4.6;0;HONDA;ZE21-4;INSIGHT / 1.3 / HYBRID;Japonska ;JPN;osebni avtomobil;182;vozilo z dviûnimi vrati zadaj;INSIGHT 
65;1276;4.6;0;HONDA;ZE21-6;INSIGHT / 1.3 / HYBRID;Japonska ;JPN;osebni avtomobil;182;vozilo z dviûnimi vrati zadaj;INSIGHT 
65;1189;4.8;1;DACIA;BSDBLK;SANDERO / 1.5 / DCI;Romunija;ROM;osebni avtomobil;162;vozilo z dviûnimi vrati zadaj;SANDERO 
65;1190;4.8;1;MINI;RB11-31;ONE / / d;Nemcija;DEU;osebni avtomobil;175;vozilo z dviûnimi vrati zadaj;ONE 
65;1164;4.9;1;RENAULT;CR2H0H;CLIO / 1.5 / DCI;Francija;FRA;osebni avtomobil;176;vozilo z dviûnimi vrati zadaj;CLIO 
65;1132;5.7;0;CITROEN;FCKFUC/PS;C3 / 1.4 / i 16V AUT.;Francija;FRA;osebni avtomobil;180;vozilo z dviûnimi vrati zadaj;C3 
65;1225;5.9;0;NISSAN;E11-A02;NOTE / 1.4 /;Zdruûeno kraljestvo;GBR;osebni avtomobil;165;vecnamensko vozilo;NOTE 
65;1049;6.1;0;PEUGEOT;2AKFUF;PEUGEOT / 206 / 1.4 / i S16;Francija;FRA;osebni avtomobil;178;vozilo z dviûnimi vrati zadaj;PEUGEOT 
65;1049;6.1;0;PEUGEOT;2AKFUA;206 / 1.4 / i S16;Francija;FRA;osebni avtomobil;178;vozilo z dviûnimi vrati zadaj;206
65;1038;6.1;0;PEUGEOT;2CKFUF;206 / 1.4;Francija;FRA;osebni avtomobil;178;vozilo z dviûnimi vrati zadaj;206
65;1126;6.2;0;CITROEN;FCKFUC;C3 / 1.4 / i 16V;Francija;FRA;osebni avtomobil;180;vozilo z dviûnimi vrati zadaj;C3 
65;1233;6.2;0;PEUGEOT;WCKFUC/P;207 / 1.4 / I 16V AUT.;Francija;FRA;osebni avtomobil;180;vozilo z dviûnimi vrati zadaj;207
65;1196;6.3;0;NISSAN;E11A-A01;NOTE / 1.4 /;Zdruûeno kraljestvo;GBR;osebni avtomobil;165;vecnamensko vozilo;NOTE 
65;1167;6.3;0;NISSAN;E11-A01;NOTE / 1.4 /;Zdruûeno kraljestvo;GBR;osebni avtomobil;165;vecnamensko vozilo;NOTE 
65;1092;6.3;0;NISSAN;FAA-E11;NOTE / 1.4 /;Zdruûeno kraljestvo;GBR;osebni avtomobil;165;vecnamensko vozilo;NOTE 
65;1065;6.3;0;NISSAN;K12-G01;MICRA / 1.4;Zdruûeno kraljestvo;GBR;osebni avtomobil;172;vozilo z dviûnimi vrati zadaj;MICRA 
65;1060;6.3;0;NISSAN;K12-G01;MICRA / 1.4 /;Zdruûeno kraljestvo;GBR;osebni avtomobil;172;vozilo z dviûnimi vrati zadaj;MICRA 
65;1045;6.3;0;NISSAN;K12-C01;MICRA / 1.4 /;Francija;FRA;osebni avtomobil;172;vozilo z dviûnimi vrati zadaj;MICRA 
65;1045;6.3;0;NISSAN;K12-C01;MICRA / 1.4;Zdruûeno kraljestvo;GBR;osebni avtomobil;172;vozilo z dviûnimi vrati zadaj;MICRA 
65;1257;6.4;0;CITROEN;LCKFUC;C4 / 1.4 / i 16V;Francija;FRA;osebni avtomobil;182;vozilo z dviûnimi vrati zadaj;C4 
65;1256;6.4;0;CITROEN;LAKFUC;C4 / 1.4 / I 16V;Francija;FRA;osebni avtomobil;182;vozilo z dviûnimi vrati zadaj;C4 
65;1311;6.4;0;PEUGEOT;KMKFU-C;1007 / 1.4 / I;Francija;FRA;osebni avtomobil;173;vozilo z dviûnimi vrati zadaj;1007
65;1238;6.4;0;PEUGEOT;KMKFUC;1007 / 1.4 / i;Francija;FRA;osebni avtomobil;173;vozilo z dviûnimi vrati zadaj;1007
65;1224;6.4;0;PEUGEOT;WCKFUC;207 / 1.4 / i;Francija;FRA;osebni avtomobil;180;vozilo z dviûnimi vrati zadaj;207
65;1216;6.4;0;PEUGEOT;WCKFUC;207 / 1.4 / i 16V;Francija;FRA;osebni avtomobil;180;vozilo z dviûnimi vrati zadaj;207
65;1214;6.4;0;PEUGEOT;WAKFUC;207 / 1.4 / i 16V;Francija;FRA;osebni avtomobil;180;vozilo z dviûnimi vrati zadaj;207
65;1249;6.5;0;PEUGEOT;3CKFUC;307 / 1.4 / i;Francija;FRA;osebni avtomobil;172;vozilo z dviûnimi vrati zadaj;307
65;1245;6.5;0;PEUGEOT;3CKFUB;307 / 1.4 / i;Francija;FRA;osebni avtomobil;172;vozilo z dviûnimi vrati zadaj;307
65;1245;6.5;0;PEUGEOT;3CKFUB;PEUGEOT / 307 / 1.4 / i;Francija;FRA;osebni avtomobil;172;vozilo z dviûnimi vrati zadaj;PEUGEOT 
65;1233;6.5;0;PEUGEOT;3AKFUC;307 / 1.4 / i;Francija;FRA;osebni avtomobil;172;vozilo z dviûnimi vrati zadaj;307
65;1228;6.5;0;PEUGEOT;3AKFUB;307 / 1.4;Francija;FRA;osebni avtomobil;172;vozilo z dviûnimi vrati zadaj;307
65;1113;6.5;0;PEUGEOT;2KKFUF;206 / BREAK 1.4 / i S16;Francija;FRA;osebni avtomobil;179;karavan;206
65;1113;6.5;0;PEUGEOT;2KKFUF;PEUGEOT / 206 / BREAK 1.4 / i S16;Francija;FRA;osebni avtomobil;179;karavan;PEUGEOT 
65;1038;6.5;0;PEUGEOT;2HKFUA;206 / 1.4 / i S16;Francija;FRA;osebni avtomobil;178;vozilo z dviûnimi vrati zadaj;206
65;1038;6.5;0;PEUGEOT;2HKFUF;PEUGEOT / 206 / 1.4 / i S16;Francija;FRA;osebni avtomobil;178;vozilo z dviûnimi vrati zadaj;PEUGEOT 
65;1210;6.6;0;NISSAN;K12-L01;MICRA / 1.4;Zdruûeno kraljestvo;GBR;osebni avtomobil;174;kabriolet;MICRA 
65;1215;6.6;0;RENAULT;CRC90H;CLIO / 1.6 / 16V;Francija;FRA;osebni avtomobil;177;vozilo z dviûnimi vrati zadaj;CLIO 
65;1306;6.7;0;PEUGEOT;3EKFUC;307 / BREAK 1.4 / i;Francija;FRA;osebni avtomobil;170;karavan;307
65;1065;6.8;0;NISSAN;K12-G02;MICRA / 1.4;Zdruûeno kraljestvo;GBR;osebni avtomobil;158;vozilo z dviûnimi vrati zadaj;MICRA 
65;1245;6.8;0;RENAULT;P;MODUS / 1.6;Francija;FRA;osebni avtomobil;175;vozilo z dviûnimi vrati zadaj;MODUS 
65;1245;6.8;0;RENAULT;JP0V05;MODUS / 1.6 / 16V;Francija;FRA;osebni avtomobil;175;vecnamensko vozilo;MODUS 
65;1245;6.8;0;RENAULT;JP0V05;MODUS / 1.6 / 16V;Francija;FRA;osebni avtomobil;170;vecnamensko vozilo;MODUS 
65;1170;6.8;0;RENAULT;JP0V05;MODUS / 1.6 / 16 V;Francija;FRA;osebni avtomobil;175;vecnamensko vozilo;MODUS 
65;985;7.2;0;RENAULT;BR1-90H;CLIO / 1.6;Francija;FRA;osebni avtomobil;181;vozilo z dviûnimi vrati zadaj;CLIO 
65;1122;7.3;0;CITROEN;N2NFZF;XSARA / BREAK 1.6 / i;Francija;FRA;osebni avtomobil;180;karavan;XSARA 
65;920;7.3;0;CITROEN;S6NFZF;SAXO / 1.6 / I SPORT;Francija;FRA;osebni avtomobil;185;vozilo z dviûnimi vrati zadaj;SAXO 
65;1165;7.7;0;PEUGEOT;7ANFZE;306 / 1.6 /;Francija;FRA;osebni avtomobil;180;vozilo z dviûnimi vrati zadaj;306
65;1060;7.7;0;PEUGEOT;7ANFZ2;306 / 1.6 /;Francija;FRA;osebni avtomobil;180;vozilo z dviûnimi vrati zadaj;306
65;1712;7.9;1;VOLKSWAGEN;7DB-AJT;TRANSPORTER / 2.5 / TDI;Nemcija;DEU;osebni avtomobil;150;vecnamensko vozilo;TRANSPORTER 
65;1708;7.9;1;VOLKSWAGEN;AJTKNX0-N1P00J2SGFM52B010R9;TRANSPORTER / 2.5 / TDI;Nemcija;DEU;osebni avtomobil;150;vecnamensko vozilo;TRANSPORTER 
65;1701;7.9;1;VOLKSWAGEN;AJTKNX0-N1P00J2SGFM52B;TRANSPORTER / 2.5 / TDI;Nemcija;DEU;osebni avtomobil;150;vecnamensko vozilo;TRANSPORTER 
65;1637;7.9;1;VOLKSWAGEN;AJTKNX0-N1P00J2SGFM52B010RB;TRANSPORTER / 2.5 / TDI;Nemcija;DEU;osebni avtomobil;157;vecnamensko vozilo;TRANSPORTER 
65;1912;8.1;1;VOLKSWAGEN;7DBAJTKNX0-N1P00J1SGFM52B010R;TRANSPORTER / 2.5 / TDI;Nemcija;DEU;osebni avtomobil;150;vecnamensko vozilo;TRANSPORTER 
65;1140;8.4;0;FIAT;176AL52C;PUNTO / CABRIO 90;Italija;ITA;osebni avtomobil;170;kabriolet;PUNTO 
65;1840;8.9;1;MERCEDES BENZ;639ZK1HL-1B1C2A1;VITO 109 CDI;Nemcija;DEU;osebni avtomobil;145;vozilo z dviûnimi vrati zadaj;VITO 109 CDI
65;1815;8.9;1;MERCEDES BENZ;ZK1HM-1B1C2A1;VITO / 109 / CDI-2.94;Nemcija;DEU;osebni avtomobil;145;vecnamensko vozilo;VITO 
65;1790;8.9;1;MERCEDES BENZ;639;VITO / 109 / CDI;Nemcija;DEU;osebni avtomobil;145;vecnamensko vozilo;VITO 
65;1790;8.9;1;MERCEDES BENZ;639ZK1HM-1B1C2A1;VITO 109 / CDI;Nemcija;DEU;osebni avtomobil;145;vecnamensko vozilo;VITO 109 
65;1450;9.7;1;MERCEDES BENZ;123D;300 / D;Nemcija;DEU;osebni avtomobil;155;limuzina;300
66;970;10.1;0;OPEL;A;MANTA;Nemcija;DEU;osebni avtomobil;170;kupe;MANTA
66;1557;3.3;1;RENAULT;7RKJ0A;CLIO GRANDTOUR / 1.5 / DCI;Francija;FRA;osebni avtomobil;181;karavan;CLIO GRANDTOUR 
66;1332;3.3;1;RENAULT;5RKJ0A;CLIO / 1.5 / DCI;Francija;FRA;osebni avtomobil;181;vozilo z dviûnimi vrati zadaj;CLIO 
66;1162;3.3;1;RENAULT;5RKJ0A;CLIO / 1.5 / DCI;Francija;FRA;osebni avtomobil;181;vozilo za posebne namene;CLIO 
66;1205;3.4;1;AUDI;SCUSBF1-FM5A4054P8X01LLS57MMEM2;A1 / 1.4 / TDI;Nemcija;DEU;osebni avtomobil;182;vozilo z dviûnimi vrati zadaj;A1 
66;1195;3.4;1;AUDI;SCUSBF1-FM5A4054P8X02LLS57MMEM2;A1 / 1.4 / TDI;Nemcija;DEU;osebni avtomobil;182;vozilo z dviûnimi vrati zadaj;A1 
66;1180;3.4;1;äKODA;ACCUSBX01-NFM5FM5A405414N7;FABIA / COMBI 1.4 / TDI;Ceöka republika;CZE;osebni avtomobil;184;karavan;FABIA 
66;1156;3.4;1;äKODA;ABCUSBX01-NFM5FM5A405414N7;FABIA / 1.4 / TDI;Ceöka republika;CZE;osebni avtomobil;182;vozilo z dviûnimi vrati zadaj;FABIA 
66;1151;3.4;1;VOLKSWAGEN;ABCUSB-FM5FM5A4054N2VR27MM00;POLO / 1.4 / TDI;Nemcija;DEU;osebni avtomobil;184;vozilo z dviûnimi vrati zadaj;POLO 
66;1265;3.5;1;DACIA;7SDKJ5;LOGAN MCV / 1.5 / DCI;Romunija;ROM;osebni avtomobil;173;karavan;LOGAN MCV 
66;1165;3.5;1;DACIA;7SDCJ5;LOGAN / 1.5 / DCI;Romunija;ROM;osebni avtomobil;173;karavan;LOGAN 
66;1165;3.5;1;NISSAN;E12-A01;NOTE / 1.5 / DCI;Zdruûeno kraljestvo;GBR;osebni avtomobil;179;vecnamensko vozilo;NOTE 
66;1140;3.5;1;NISSAN;K14AA02;MICRA / 1.5 / DCI;Francija;FRA;osebni avtomobil;179;vecnamensko vozilo;MICRA 
66;1314;3.5;1;RENAULT;5RBJ0D;CLIO / 1.5 / DCI AUT.;Francija;FRA;osebni avtomobil;176;vozilo z dviûnimi vrati zadaj;CLIO 
66;1196;3.5;1;RENAULT;7RFL0H;CLIO GRANDTOUR / 1.5 / DCI;Francija;FRA;osebni avtomobil;178;karavan;CLIO GRANDTOUR 
66;1146;3.5;1;RENAULT;5RFL0H;CLIO / 1.5 / DCI;Francija;FRA;osebni avtomobil;178;vozilo z dviûnimi vrati zadaj;CLIO 
66;1146;3.5;1;RENAULT;5RFL0H;CLIO / 1.5 / DCI;Francija;FRA;osebni avtomobil;178;vozilo za posebne namene;CLIO 
66;1174;3.5;1;TOYOTA;XP13M(a)/NLP13(MH)/NLP130L-CHFGXW(4J);YARIS / 1.4 / D;Francija;FRA;osebni avtomobil;175;vecnamensko vozilo;YARIS 
66;1169;3.5;1;TOYOTA;XP13M(a)/NLP13(MG)/NLP130L-CGFRXW(3J);YARIS / 1.4 / D;Francija;FRA;osebni avtomobil;175;vecnamensko vozilo;YARIS 
66;1160;3.5;1;TOYOTA;XP13M(a)/NLP13(MH)/NLP130L-CHFNXW(4K);YARIS / 1.4 / D;Francija;FRA;osebni avtomobil;175;vecnamensko vozilo;YARIS 
66;1165;3.5;1;VOLKSWAGEN;ABCUSB-FD7FD7CW004N2VR27MM67;POLO / 1.4 / TDI AUT.;Nemcija;DEU;osebni avtomobil;184;vozilo z dviûnimi vrati zadaj;POLO 
66;1229;3.6;1;NISSAN;E12AA02;NOTE / 1.5 / DCI;Zdruûeno kraljestvo;GBR;osebni avtomobil;179;vecnamensko vozilo;NOTE 
66;1165;3.6;1;NISSAN;E12-A01;NOTE / 1.5 / DCI;Zdruûeno kraljestvo;GBR;osebni avtomobil;179;vecnamensko vozilo;NOTE 
66;1369;3.6;1;RENAULT;2RAJ1A;CAPTUR / 1.5 / DCI;Francija;FRA;osebni avtomobil;171;vozilo z dviûnimi vrati zadaj;CAPTUR 
66;1253;3.6;1;RENAULT;2RAJ1A;CAPTUR / 1.5 / DCI;Francija;FRA;osebni avtomobil;171;vozilo za posebne namene;CAPTUR 
66;1245;3.6;1;RENAULT;2RFL1H;CAPTUR / 1.5 / DCI;Francija;FRA;osebni avtomobil;171;vozilo z dviûnimi vrati zadaj;CAPTUR 
66;1194;3.6;1;RENAULT;7R3L0H;CLIO GRANDTOUR / 1.5 / DCI;Francija;FRA;osebni avtomobil;181;karavan;CLIO GRANDTOUR 
66;1146;3.6;1;RENAULT;5R3L0H;CLIO / 1.5 / DCI;Francija;FRA;osebni avtomobil;181;vozilo z dviûnimi vrati zadaj;CLIO 
66;1146;3.6;1;RENAULT;5RFL0H;CLIO / 1.5 / DCI;Francija;FRA;osebni avtomobil;178;vozilo z dviûnimi vrati zadaj;CLIO 
66;1229;3.6;1;äKODA;ABCUSB-NFM5FM5A4054STN761SK;RAPID / 1.4 / TDI;Ceöka republika;CZE;osebni avtomobil;183;vozilo z dviûnimi vrati zadaj;RAPID 
66;1229;3.6;1;äKODA;ABCUSB-NFM5FM5A4054STN761SK;RAPID / 1.4 / TDI;Ceöka republika;CZE;osebni avtomobil;181;vozilo z dviûnimi vrati zadaj;RAPID 
66;1180;3.6;1;äKODA;ACCUSBX01-NFM5FM5A4054N617;FABIA / COMBI 1.4 / TDI;Ceöka republika;CZE;osebni avtomobil;184;karavan;FABIA 
66;1156;3.6;1;äKODA;ABCUSBX01-NFM5FM5A4054N617;FABIA / 1.4 / TDI;Ceöka republika;CZE;osebni avtomobil;182;vozilo z dviûnimi vrati zadaj;FABIA 
66;1151;3.6;1;VOLKSWAGEN;ABCUSB-FM5FM5A4054N2VR27MM61;POLO / 1.4 / TDI;Nemcija;DEU;osebni avtomobil;184;vozilo z dviûnimi vrati zadaj;POLO 
66;1205;3.7;1;AUDI;SCUSBF1-FM5FM5A4054P8X01LLS57MMEM2K1;A1 / 1.4 / TDI;Nemcija;DEU;osebni avtomobil;182;vozilo z dviûnimi vrati zadaj;A1 
66;1205;3.7;1;AUDI;SCUSBF1-FM5A4054P8X01LLS57MMEM2;A1 / 1.4 / TDI;Nemcija;DEU;osebni avtomobil;182;vozilo za posebne namene;A1 
66;1100;3.7;1;FORD;JA8-HHJE1G5AF;FIESTA / 1.6 / TDCI 3 vr ECO;Nemcija;DEU;osebni avtomobil;178;vozilo z dviûnimi vrati zadaj;FIESTA 
66;1240;3.7;1;HYUNDAI;B5D41-M65AZ1;i20 / 1.4 / CRDi;Turcija;TUR;osebni avtomobil;175;vozilo z dviûnimi vrati zadaj;i20 
66;1350;3.7;1;MERCEDES BENZ;1211P2-MZAA1501;A / 160 / d / AUT.;Nemcija;DEU;osebni avtomobil;180;karavan;A 
66;1497;3.7;1;RENAULT;RFBKH2A1662A010000;MEGANE / GRANDTOUR 1.5 / DCI;Francija;FRA;osebni avtomobil;175;karavan;MEGANE 
66;1428;3.7;1;RENAULT;RFBLH2A166SA010000;MEGANE / GRANDCOUPE 1.5 / DCI;Francija;FRA;osebni avtomobil;176;limuzina;MEGANE 
66;1394;3.7;1;RENAULT;RFBBH2A1662A010000;MEGANE / 1.5 / DCI;Francija;FRA;osebni avtomobil;175;vozilo z dviûnimi vrati zadaj;MEGANE 
66;1390;3.7;1;RENAULT;RFBBH2A1662A010000;MEGANE / 1.5 / DCI;Francija;FRA;osebni avtomobil;175;vozilo za posebne namene;MEGANE 
66;1375;3.7;1;RENAULT;2R0115;CAPTUR / 1.5 / DCI;Francija;FRA;osebni avtomobil;171;vozilo z dviûnimi vrati zadaj;CAPTUR 
66;1370;3.7;1;RENAULT;2RBJ1A;CAPTUR / 1.5 / DCI;Francija;FRA;osebni avtomobil;171;vozilo z dviûnimi vrati zadaj;CAPTUR 
66;1255;3.7;1;RENAULT;7RTL0E;CLIO GRANDTOUR / 1.5 / DCI AUT.;Francija;FRA;osebni avtomobil;178;karavan;CLIO GRANDTOUR 
66;1245;3.7;1;RENAULT;2RFL1H;CAPTUR / 1.5 / DCI;Francija;FRA;osebni avtomobil;171;vozilo z dviûnimi vrati zadaj;CAPTUR 
66;1227;3.7;1;RENAULT;5RTL0E;CLIO / 1.5 / DCI AUT.;Francija;FRA;osebni avtomobil;178;vozilo z dviûnimi vrati zadaj;CLIO 
66;1155;3.7;1;SEAT;SCCUSB-FM5SFM5A40547MM61;IBIZA / 1.4 / TDI;äpanija;ESP;osebni avtomobil;182;vecnamensko vozilo;IBIZA 
66;1305;3.7;1;äKODA;AACXXAX0-NFM5FM5A4051STVL617;OCTAVIA / 1.6 / TDI;Ceöka republika;CZE;osebni avtomobil;186;limuzina;OCTAVIA 
66;1165;3.7;1;VOLKSWAGEN;ABCUSB-FD7FD7CW004N3VR27MM61;POLO / 1.4 / TDI AUT.;Nemcija;DEU;osebni avtomobil;184;vozilo z dviûnimi vrati zadaj;POLO 
66;1165;3.7;1;VOLKSWAGEN;ABCAYB-FM5FM52R029LLEVR27MG;POLO / 1.6 / TDI;Nemcija;DEU;osebni avtomobil;180;vozilo z dviûnimi vrati zadaj;POLO 
66;1151;3.7;1;VOLKSWAGEN;ABCUSB-FM5FM5A4054N2VR27MM67;POLO / 1.4 / TDI;Nemcija;DEU;osebni avtomobil;184;vozilo z dviûnimi vrati zadaj;POLO 
66;1128;3.7;1;VOLKSWAGEN;BBCUSB-FM5FM5A4054N0VR27MM67;POLO / 1.4 / TDI;Nemcija;DEU;osebni avtomobil;184;vozilo z dviûnimi vrati zadaj;POLO 
66;1235;3.8;1;AUDI;SCAYBF1-FM52R029R8X52LLS47MQEM3;A1 / 1.6 / TDI;Nemcija;DEU;osebni avtomobil;182;vozilo z dviûnimi vrati zadaj;A1 
66;1220;3.8;1;AUDI;SCUSBF1-FD7FD7AM007P8X02LLS57MMEM2K1;A1 / 1.4 / TDI AUT.;Nemcija;DEU;osebni avtomobil;182;vozilo z dviûnimi vrati zadaj;A1 
66;1210;3.8;1;AUDI;ACAYBF1-FM52R029R8X52LLS47MQEM3;A1 / 1.6 / TDI;Nemcija;DEU;osebni avtomobil;182;karavan;A1 
66;1227;3.8;1;DACIA;5SDKJC;SANDERO / 1.5 / DCI;Romunija;ROM;osebni avtomobil;167;vozilo z dviûnimi vrati zadaj;SANDERO 
66;1158;3.8;1;DACIA;5SDCJC;SANDERO / 1.5 / DCI;Romunija;ROM;osebni avtomobil;167;vozilo z dviûnimi vrati zadaj;SANDERO 
66;1230;3.8;1;KIA;YBB5D11-M63AZ1;RIO / 1.4 / TD;Koreja. republika;KOR;osebni avtomobil;175;vozilo z dviûnimi vrati zadaj;RIO 
66;1455;3.8;1;MERCEDES BENZ;245GM0D1211M2-AZAAB500;A / 160 / CDI;Nemcija;DEU;osebni avtomobil;180;vozilo z dviûnimi vrati zadaj;A 
66;1395;3.8;1;MERCEDES BENZ;1211M2-AZAAB500;A / 160 / CDI;Nemcija;DEU;osebni avtomobil;180;karavan;A 
66;1165;3.8;1;MINI;SW11-5H0C0;ONE D / /;Nemcija;DEU;osebni avtomobil;184;vozilo z dviûnimi vrati zadaj;ONE D 
66;1317;3.8;1;PEUGEOT;WC9HVL/1;207 / 1.6 / HDI 16V;Francija;FRA;osebni avtomobil;185;vozilo z dviûnimi vrati zadaj;207
66;1377;3.8;1;RENAULT;2R0015;CAPTUR / 1.5 / DCI;Francija;FRA;osebni avtomobil;171;vozilo z dviûnimi vrati zadaj;CAPTUR 
66;1279;3.8;1;RENAULT;2RAJ1D;CAPTUR / 1.5 / DCI AUT.;Francija;FRA;osebni avtomobil;170;vozilo z dviûnimi vrati zadaj;CAPTUR 
66;1245;3.8;1;RENAULT;2RAL1H;CAPTUR / 1.5 / DCI;Francija;FRA;osebni avtomobil;171;vozilo z dviûnimi vrati zadaj;CAPTUR 
66;1229;3.8;1;SEAT;AACUSB-NFM5FM5A4054ST061SE;TOLEDO / 1.4 / TDI;äpanija;ESP;osebni avtomobil;183;limuzina;TOLEDO 
66;1327;3.8;1;äKODA;ACCXXAX0-NFM5FM5A4051STVLN617;OCTAVIA / COMBI 1.6 / TDI;Ceöka republika;CZE;osebni avtomobil;183;karavan;OCTAVIA 
66;1258;3.8;1;äKODA;ABCAYB-GFM5FM52R029ST7P1SK;RAPID / 1.6 / TDI;Ceöka republika;CZE;osebni avtomobil;184;vozilo z dviûnimi vrati zadaj;RAPID 
66;1255;3.8;1;äKODA;AACUSB-NFD7FD7CW004STN761SK;RAPID / 1.4 / TDI AUT.;Ceöka republika;CZE;osebni avtomobil;182;limuzina;RAPID 
66;1250;3.8;1;äKODA;ABCUSB-NFD7FD7CW004STN761SK;RAPID / 1.4 / TDI AUT.;Ceöka republika;CZE;osebni avtomobil;180;vozilo z dviûnimi vrati zadaj;RAPID 
66;1229;3.8;1;äKODA;ABCUSB-NFM5FM5A4054STN761SK;RAPID / 1.4 / TDI;Ceöka republika;CZE;osebni avtomobil;183;vozilo z dviûnimi vrati zadaj;RAPID 
66;1180;3.8;1;äKODA;ACCUSBX01-NFM5FM5A4054N617;FABIA / COMBI 1.4 / TDI;Ceöka republika;CZE;osebni avtomobil;184;karavan;FABIA 
66;1156;3.8;1;äKODA;ABCUSBX01-NFM5FM5A4054N617;FABIA / 1.4 / TDI;Ceöka republika;CZE;osebni avtomobil;182;vozilo z dviûnimi vrati zadaj;FABIA 
66;1385;3.8;1;TOYOTA;E15EJ(a)/NDE180(E)/NDE180L-DEFDXW(9M);COROLLA / 1.4 / D;Turcija;TUR;osebni avtomobil;180;limuzina;COROLLA 
66;1174;3.8;1;TOYOTA;NLP130L-CHFNXW(1H);YARIS / 1.4 / D;Francija;FRA;osebni avtomobil;175;vecnamensko vozilo;YARIS 
66;1174;3.8;1;TOYOTA;NLP130L-CHFNXW(1H);YARIS / 1.4 / D;Francija;FRA;osebni avtomobil;175;vozilo z dviûnimi vrati zadaj;YARIS 
66;1140;3.8;1;TOYOTA;NLP130L-CHFNXW(1G);YARIS / 1.4 / D;Francija;FRA;osebni avtomobil;175;vecnamensko vozilo;YARIS 
66;1135;3.8;1;TOYOTA;NLP130L-CHFRXW(1G);YARIS / 1.4 / D;Francija;FRA;osebni avtomobil;175;vecnamensko vozilo;YARIS 
66;1312;3.8;1;VOLKSWAGEN;AC4CLHBX0-FM5FM5A4051N7MJMVLVR2;GOLF / 1.6 / TDI;Nemcija;DEU;osebni avtomobil;185;karavan;GOLF 
66;1165;3.8;1;VOLKSWAGEN;ABCUSB-FD7FD7CW004N2VR27MM67;POLO / 1.4 / TDI AUT.;Nemcija;DEU;osebni avtomobil;184;vozilo z dviûnimi vrati zadaj;POLO 
66;1151;3.8;1;VOLKSWAGEN;ABCUSB-FM5FM5A4054N3VR27MM61;POLO / 1.4 / TDI;Nemcija;DEU;osebni avtomobil;184;vozilo z dviûnimi vrati zadaj;POLO 
66;1290;3.9;1;DACIA;7SDKJC;LOGAN MCV / 1.5 / DCI;Romunija;ROM;osebni avtomobil;170;karavan;LOGAN MCV 
66;1165;3.9;1;DACIA;7SDCL4;LOGAN / 1.5 / DCI;Romunija;ROM;osebni avtomobil;167;karavan;LOGAN 
66;1301;3.9;1;HYUNDAI;B5D31-M64AZ1;i20 / 1.4 / CRDi;Turcija;TUR;osebni avtomobil;175;vozilo z dviûnimi vrati zadaj;i20 
66;1287;3.9;1;HYUNDAI;B5D31-M64AZ1;i20 / 1.4 / CRDi;Turcija;TUR;osebni avtomobil;175;vozilo za posebne namene;i20 
66;1287;3.9;1;KIA;UBF5D61-M65DZ1;RIO / 1.4 / D;Koreja. republika;KOR;osebni avtomobil;172;vecnamensko vozilo;RIO 
66;1395;3.9;1;MERCEDES BENZ;1211P2-AZAA1502;A / 160 / d;Nemcija;DEU;osebni avtomobil;180;karavan;A 
66;1260;3.9;1;MINI;ZH11-5H0C0;ONE D CLUBMAN / /;Nemcija;DEU;osebni avtomobil;182;karavan;ONE D CLUBMAN 
66;1165;3.9;1;MINI;MG51-AA;ONE D / /;Nemcija;DEU;osebni avtomobil;182;vozilo z dviûnimi vrati zadaj;ONE D 
66;1407;3.9;1;RENAULT;2R011A;CAPTUR / 1.5 / DCI;Francija;FRA;osebni avtomobil;170;vozilo z dviûnimi vrati zadaj;CAPTUR 
66;1288;3.9;1;RENAULT;2REL1E;CAPTUR / 1.5 / DCI AUT.;Francija;FRA;osebni avtomobil;170;vozilo z dviûnimi vrati zadaj;CAPTUR 
66;1199;3.9;1;äKODA;ACCUSBX01-NFM5FM5A4054N617;FABIA / COMBI 1.4 / TDI;Ceöka republika;CZE;osebni avtomobil;184;karavan;FABIA 
66;1190;3.9;1;TOYOTA;NLP130L-CGFRXW(2C);YARIS / 1.4 / D;Francija;FRA;osebni avtomobil;175;vecnamensko vozilo;YARIS 
66;1175;3.9;1;TOYOTA;NLP130L-CHFNXW(1C);YARIS / 1.4 / D;Francija;FRA;osebni avtomobil;175;vecnamensko vozilo;YARIS 
66;1140;3.9;1;TOYOTA;NLP130L-CHFNXW(1D);YARIS / 1.4 / D;Francija;FRA;osebni avtomobil;175;vecnamensko vozilo;YARIS 
66;1140;3.9;1;TOYOTA;NLP130L-CHFNXW(1B);YARIS / 1.4 / D;Francija;FRA;osebni avtomobil;175;vozilo z dviûnimi vrati zadaj;YARIS 
66;1415;3.9;1;VOLKSWAGEN;SACCXXAX0-FM5FM5A4051N7MMON1VL01VR2;GOLF / SPORTSVAN 1.6 / TDI;Nemcija;DEU;osebni avtomobil;180;karavan;GOLF 
66;1415;3.9;1;VOLKSWAGEN;SACCXXAX0-FM5FM5A4051N7MMON1VL01VR2;GOLF / SPORTSVAN 1.6 / TDI;Nemcija;DEU;osebni avtomobil;180;vozilo za posebne namene;GOLF 
66;1395;3.9;1;VOLKSWAGEN;ACCLHBX0-FM5FM5A4051N7MJOVLVR2;GOLF / VARIANT 1.6 / TDI;Nemcija;DEU;osebni avtomobil;186;karavan;GOLF 
66;1312;3.9;1;VOLKSWAGEN;GAC45CXXAX0-FM5FM5A4051N7MMON1VL61VR2;GOLF / 1.6 / TDI;Nemcija;DEU;osebni avtomobil;185;karavan;GOLF 
66;1402;4.1;1;DACIA;0SDPJ5;DOKKER 1.5 / DCI;Romunija;ROM;osebni avtomobil;163;karavan;DOKKER 1.5 
66;1388;4.1;1;HYUNDAI;B5D11-M65BZ1;i 30 / 1.4 / CRDi;Ceöka republika;CZE;osebni avtomobil;170;vecnamensko vozilo;i 30 
66;1384;4.1;1;HYUNDAI;B5D11-M65BZ1;i 30 / 1.4 / CRDi;Ceöka republika;CZE;osebni avtomobil;170;vozilo z dviûnimi vrati zadaj;i 30 
66;1352;4.1;1;HYUNDAI;B5D31-M64BZ1;i20 / 1.4 / CRDi;Turcija;TUR;osebni avtomobil;175;vozilo z dviûnimi vrati zadaj;i20 
66;1315;4.1;1;HYUNDAI;B5D31-M64BZ1;i20 / 1.4 / CRDi;Turcija;TUR;osebni avtomobil;175;vozilo za posebne namene;i20 
66;1226;4.1;1;HYUNDAI;F5D61-M62AZ1;i 20 / 1.4 / CRDi;Turcija;TUR;osebni avtomobil;174;vecnamensko vozilo;i 20 
66;1394;4.1;1;KIA;JDB5D11-M64BZ1;CEED / 1.4 / D;Slovaöka;SVK;osebni avtomobil;170;vozilo z dviûnimi vrati zadaj;CEED 
66;1379;4.1;1;KIA;JDB3D11-M64BZ1;CEED / 1.4 / D;Slovaöka;SVK;osebni avtomobil;170;vozilo z dviûnimi vrati zadaj;CEED 
66;1365;4.1;1;KIA;JDB5D11-M64BZ1;CEED / 1.4 / D;Slovaöka;SVK;osebni avtomobil;170;vozilo za posebne namene;CEED 
66;1295;4.1;1;KIA;UBF5D21-M65AZ1;RIO / 1.4 / D;Koreja. republika;KOR;osebni avtomobil;172;vecnamensko vozilo;RIO 
66;1289;4.1;1;KIA;UBF5D21-M65AY1;RIO / 1.4 / D;Koreja. republika;KOR;osebni avtomobil;172;vecnamensko vozilo;RIO 
66;1100;4.1;0;MAZDA;6HD6FW01;MAZDA 2 / G90 /;Japonska ;JPN;osebni avtomobil;183;vozilo z dviûnimi vrati zadaj;MAZDA 2 
66;1450;4.1;1;MERCEDES BENZ;M211P2-MZBA1501;B / 160 / d;Nemcija;DEU;osebni avtomobil;180;karavan;B 
66;1435;4.1;1;MERCEDES BENZ;M211M2-AZAAB500;B / 160 / CDI;Nemcija;DEU;osebni avtomobil;180;karavan;B 
66;1420;4.1;1;MERCEDES BENZ;M211P2-AZBCA502;B / 160 / D;Nemcija;DEU;osebni avtomobil;180;karavan;B 
66;1288;4.1;1;RENAULT;2RBL1E;CAPTUR / 1.5 / DCI AUT.;Francija;FRA;osebni avtomobil;170;vozilo z dviûnimi vrati zadaj;CAPTUR 
66;1326;4.1;1;SEAT;FCLHBX0-FM5NFM5A40517MJVLO;LEON ST / 1.6 / TDI;äpanija;ESP;osebni avtomobil;178;karavan;LEON ST 
66;1281;4.1;1;SEAT;BCLHBX0-FM5NFM5A40517MJVL;LEON / 1.6 / TDI;äpanija;ESP;osebni avtomobil;178;karavan;LEON 
66;1260;4.1;1;SEAT;BCXXAX0V-FM5NFM5A40517MMVLO561;LEON / 1.6 / TDI;äpanija;ESP;osebni avtomobil;180;karavan;LEON 
66;1327;4.1;1;äKODA;ACDDYBX0-NFM5FM5A4051STVLN617;OCTAVIA / COMBI 1.6 / TDI;Ceöka republika;CZE;osebni avtomobil;183;karavan;OCTAVIA 
66;1322;4.1;1;äKODA;ACCLHBX0-NFM5FM5A4051STVL0;OCTAVIA / COMBI 1.6 / TDI;Ceöka republika;CZE;osebni avtomobil;183;karavan;OCTAVIA 
66;1305;4.1;1;äKODA;AADDYBX0-NFM5FM5A4051STVLN617;OCTAVIA / 1.6 / TDI;Ceöka republika;CZE;osebni avtomobil;186;limuzina;OCTAVIA 
66;1300;4.1;1;äKODA;AACLHBX0-NFM5FM5A4051STVL0;OCTAVIA / 1.6 / TDI;Ceöka republika;CZE;osebni avtomobil;186;limuzina;OCTAVIA 
66;940;4.1;0;SMART;5312G0-LZBAA202;FORTWO / COUPE / AUT.;Nemcija;DEU;osebni avtomobil;155;kupe;FORTWO 
66;1430;4.1;1;TOYOTA;E15UT(a)/NDE180(W)/NDE180L-DWFNXW(7W);AURIS / 1.4 / D TS;Zdruûeno kraljestvo;GBR;osebni avtomobil;175;karavan;AURIS 
66;1385;4.1;1;TOYOTA;NDE180L-DEFNXW(4K);COROLLA / 1.4 / D;Turcija;TUR;osebni avtomobil;180;limuzina;COROLLA 
66;1175;4.1;1;TOYOTA;NLP130L-CHFNXW(2G);YARIS / 1.4 / D;Francija;FRA;osebni avtomobil;175;vecnamensko vozilo;YARIS 
66;1140;4.1;1;TOYOTA;NLP130L-CHFNXW(2F);YARIS / 1.4 / D;Francija;FRA;osebni avtomobil;175;vecnamensko vozilo;YARIS 
66;1130;4.1;1;TOYOTA;NLP90L-CHFRXW(1E);YARIS / 1.4 / D;Francija;FRA;osebni avtomobil;175;vecnamensko vozilo;YARIS 
66;1395;4.1;1;VOLKSWAGEN;SACDDYBX0-FM5FM5A4051N7MMON1VL01VR2;GOLF / SPORTSVAN 1.6 / TDI;Nemcija;DEU;osebni avtomobil;180;karavan;GOLF 
66;1319;4.1;1;VOLKSWAGEN;GAC4DDYBX0-FM5FM5A4051N7MMON1VL61VR2;GOLF / 1.6 / TDI;Nemcija;DEU;osebni avtomobil;184;karavan;GOLF 
66;1312;4.1;1;VOLKSWAGEN;GAC45CXXAX0-FM5FM5A4051N7MMON1VL63VR2;GOLF / 1.6 / TDI;Nemcija;DEU;osebni avtomobil;185;karavan;GOLF 
66;1260;4.2;1;AUDI;SCAYBF1-FD7AM007R8X52LLS57MJEM0AN;A1 / 1.6 / TDI AUT.;Nemcija;DEU;osebni avtomobil;182;vozilo z dviûnimi vrati zadaj;A1 
66;1235;4.2;1;AUDI;ACAYBF1-FD7AM007R8X52LLS47MJEM0;A1 / 1.6 / TDI AUT.;Nemcija;DEU;osebni avtomobil;182;karavan;A1 
66;1404;4.2;1;DACIA;0SDCJG;DOKKER / 1.5 / DCI;Romunija;ROM;osebni avtomobil;163;karavan;DOKKER 
66;1395;4.2;1;DACIA;0SDCJ5;DOKKER / 1.5 / DCI;Romunija;ROM;osebni avtomobil;163;karavan;DOKKER 
66;1313;4.2;1;DACIA;JSDDL5;LODGY / 1.5 / DCI;Romunija;ROM;osebni avtomobil;169;karavan;LODGY 
66;1118;4.2;1;FORD;JA8-HHJC1J5AE;FIESTA / 1.6 / TDCI 5 vr;Nemcija;DEU;osebni avtomobil;175;vozilo z dviûnimi vrati zadaj;FIESTA 
66;1486;4.2;1;HYUNDAI;B5DA1-M65CZ1;i 30 / 1.4 / CRDi;Ceöka republika;CZE;osebni avtomobil;173;vozilo z dviûnimi vrati zadaj;i 30 
66;1389;4.2;1;HYUNDAI;F5DB1-M62BZ1;ix20 / 1.4 / CRDi;Ceöka republika;CZE;osebni avtomobil;167;vecnamensko vozilo;ix20 
66;1439;4.2;1;KIA;EDB3DO1-M63AZ1;CEED / 1.6 / D;Slovaöka;SVK;osebni avtomobil;172;vecnamensko vozilo;CEED 
66;1396;4.2;1;KIA;JDB5DA1-M64EZ1;CEED / 1.4 / TD;Slovaöka;SVK;osebni avtomobil;173;vozilo z dviûnimi vrati zadaj;CEED 
66;1386;4.2;1;KIA;JDB5DA1-M64EZ1;CEE'D / 1.4 / TD;Slovaöka;SVK;osebni avtomobil;173;vozilo z dviûnimi vrati zadaj;CEE'D 
66;1280;4.2;1;NISSAN;E11-C04;NOTE / 1.5 / DCI;Zdruûeno kraljestvo;GBR;osebni avtomobil;168;vecnamensko vozilo;NOTE 
66;1141;4.2;0;OPEL;BAABC12-BX1D6KH9A4;ADAM / 1.0 / TURBO;Nemcija;DEU;osebni avtomobil;180;vozilo z dviûnimi vrati zadaj;ADAM 
66;1378;4.2;1;RENAULT;R00JD2N45SA10A5000;CAPTUR / 1.5 / DCI;Francija;FRA;osebni avtomobil;171;vozilo z dviûnimi vrati zadaj;CAPTUR 
66;1157;4.2;0;RENAULT;5R240A;CLIO / 0.9 / TCE;Francija;FRA;osebni avtomobil;170;vozilo z dviûnimi vrati zadaj;CLIO 
66;1305;4.2;1;SEAT;FCXXAX0V-FM5NFM5A40517MMVLO561;LEON ST / 1.6 / TDI;äpanija;ESP;osebni avtomobil;180;karavan;LEON ST 
66;1225;4.2;1;SEAT;SECAYBX0-SGNFM52R0297MGGI;IBIZA ST / 1.6 / TDI;äpanija;ESP;osebni avtomobil;178;karavan;IBIZA ST 
66;1195;4.2;1;SEAT;SCNCAYBX0-SGFM52R02947MGGI;IBIZA / 1.6 / TDI;äpanija;ESP;osebni avtomobil;177;vecnamensko vozilo;IBIZA 
66;1170;4.2;1;SEAT;SCCAYBX0-SGNFM52R0297MGGI;IBIZA / 1.6 / TDI;äpanija;ESP;osebni avtomobil;178;vecnamensko vozilo;IBIZA 
66;1170;4.2;1;SEAT;SCCAYBX0-SGNFM52R0297MGGI;IBIZA ST / 1.6 / TDI;äpanija;ESP;osebni avtomobil;178;vecnamensko vozilo;IBIZA ST 
66;1224;4.2;1;äKODA;ACCAYBX01-NFM5FM52R02914N;FABIA / COMBI 1.6 / TDI;Ceöka republika;CZE;osebni avtomobil;177;karavan;FABIA 
66;1204;4.2;1;äKODA;ABCAYBX01-NFM5FM52R02914N0;FABIA / 1.6 / TDI;Ceöka republika;CZE;osebni avtomobil;176;vozilo z dviûnimi vrati zadaj;FABIA 
66;1025;4.2;0;SMART;5212G0-LZBAA412;FORFOUR / AUT. /;Nemcija;DEU;osebni avtomobil;165;limuzina;FORFOUR 
66;995;4.2;0;SMART;5412G0-LZBAA202;FORTWO / CABRIO / AUT.;Nemcija;DEU;osebni avtomobil;155;kabriolet;FORTWO 
66;915;4.2;0;SMART;5312G0-BZBAA200;SMART FORTWO / COUPE /;Nemcija;DEU;osebni avtomobil;155;kupe;SMART FORTWO 
66;940;4.2;0;SUZUKI;EWB32S-MT;BALENO / 1.2 /;Indija;IND;osebni avtomobil;180;vozilo z dviûnimi vrati zadaj;BALENO 
66;1390;4.2;1;TOYOTA;NDE180L-DWFDXW(3S);AURIS / 1.4 / TS D;Zdruûeno kraljestvo;GBR;osebni avtomobil;175;karavan;AURIS 
66;1375;4.2;1;TOYOTA;NDE180L-DHFNXW(4R);AURIS / 1.4 / D;Zdruûeno kraljestvo;GBR;osebni avtomobil;180;vozilo z dviûnimi vrati zadaj;AURIS 
66;1350;4.2;1;TOYOTA;NDE180L-DHFDXW(4T);AURIS / 1.4 / D;Zdruûeno kraljestvo;GBR;osebni avtomobil;180;vozilo z dviûnimi vrati zadaj;AURIS 
66;1300;4.2;1;TOYOTA;NDE180L-DHFNXW(4T);AURIS / 1.4 / D;Zdruûeno kraljestvo;GBR;osebni avtomobil;180;vozilo z dviûnimi vrati zadaj;AURIS 
66;1270;4.2;1;TOYOTA;NDE180L-DHFNXW(4Q);AURIS / 1.4 / D;Zdruûeno kraljestvo;GBR;osebni avtomobil;180;vozilo z dviûnimi vrati zadaj;AURIS 
66;1130;4.2;1;TOYOTA;NLP90L-CHFGXW(2E);YARIS / 1.4 / D;Francija;FRA;osebni avtomobil;175;vecnamensko vozilo;YARIS 
66;1157;4.2;1;VOLKSWAGEN;ABCAYB-FM5FM52R029N7MG;POLO / 1.6 / TDI;Nemcija;DEU;osebni avtomobil;180;vozilo z dviûnimi vrati zadaj;POLO 
66;1225;4.3;1;ALFA ROMEO;955AXH1B07D;MITO / 1.3 / JTD;Italija;ITA;osebni avtomobil;178;vecnamensko vozilo;MITO 
66;1163;4.3;1;CITROEN;FL8HYBF*8HY*-FL8HY*;C 3 / 1.4;Francija;FRA;osebni avtomobil;177;vozilo z dviûnimi vrati zadaj;C 3 
66;1163;4.3;1;CITROEN;FL8HYB;C3 / 1.4 / HDi 16V XTR;Francija;FRA;osebni avtomobil;177;vozilo z dviûnimi vrati zadaj;C3 
66;1147;4.3;1;CITROEN;FC8HYB;C3 / 1.4 / HDi 16V;Francija;FRA;osebni avtomobil;177;vozilo z dviûnimi vrati zadaj;C3 
66;1386;4.3;1;FORD;DA3HHDA1S-5KAEMN;FOCUS / 1.6 / TDCi;Nemcija;DEU;osebni avtomobil;180;karavan;FOCUS 
66;1446;4.3;1;HYUNDAI;F5D21-M62BZ1;ix20 / 1.4 / CRDi;Koreja. republika;KOR;osebni avtomobil;167;vecnamensko vozilo;ix20 
66;1355;4.3;1;HYUNDAI;B5D11-M65DZ1;i 30 / 1.4 / CRDi;Ceöka republika;CZE;osebni avtomobil;170;vozilo z dviûnimi vrati zadaj;i 30 
66;1275;4.3;1;HYUNDAI;F5D61-M62BZ1;i 20 / 1.4 / CRDi;Turcija;TUR;osebni avtomobil;174;vecnamensko vozilo;i 20 
66;1397;4.3;1;KIA;JDB5D11-M64DZ1;CEED / 1.4 / D;Slovaöka;SVK;osebni avtomobil;170;vozilo z dviûnimi vrati zadaj;CEED 
66;1345;4.3;1;KIA;YNSF5D41-M61BZ1;VENGA / CRDI / 1.4;Slovaöka;SVK;osebni avtomobil;167;vecnamensko vozilo;VENGA 
66;1307;4.3;1;KIA;UBF5D21-M65BZ1;RIO / 1.4 / D;Koreja. republika;KOR;osebni avtomobil;172;vecnamensko vozilo;RIO 
66;1292;4.3;1;KIA;UBF5D21-M65BY1;RIO / 1.4 / D;Koreja. republika;KOR;osebni avtomobil;172;vecnamensko vozilo;RIO 
66;1395;4.3;1;MERCEDES BENZ;XKXB8-KXB8B5;CITAN / 109 / CDI /;Nemcija;DEU;osebni avtomobil;160;karavan;CITAN 
66;1545;4.3;1;RENAULT;KW41B1;KANGOO / 1.5 / DCI;Francija;FRA;osebni avtomobil;160;karavan;KANGOO 
66;1516;4.3;1;RENAULT;KW41B1;KANGOO / 1.5 / DCI;Francija;FRA;osebni avtomobil;160;vozilo z dostopom za invalidski vozicek;KANGOO 
66;1415;4.3;1;RENAULT;KW31J1;KANGOO TPMR / 1.5 / DCI 4;Francija;FRA;osebni avtomobil;160;vozilo z dostopom za invalidski vozicek;KANGOO TPMR 
66;1394;4.3;1;RENAULT;KW58B5;KANGOO / 1.5 / DCI;Francija;FRA;osebni avtomobil;160;karavan;KANGOO 
66;1085;4.3;0;RENAULT;AHB225;TWINGO / 0.9 /;Francija;FRA;osebni avtomobil;165;vozilo z dviûnimi vrati zadaj;TWINGO 
66;1305;4.3;1;SEAT;FCXXAX0V-FM5NFM5A40517MMVLO563;LEON ST / 1.6 / TDI;äpanija;ESP;osebni avtomobil;180;karavan;LEON ST 
66;995;4.3;0;SMART;5212G0-CZBAA412;FORFOUR / /;Nemcija;DEU;osebni avtomobil;165;limuzina;FORFOUR 
66;915;4.3;0;SUZUKI;AZC83S-MT;SWIFT / 1.2 /;Japonska ;JPN;osebni avtomobil;180;vozilo z dviûnimi vrati zadaj;SWIFT 
66;1425;4.3;1;TOYOTA;NDE180L-DWFNXW(4R);AURIS / 1.4 / TS D;Zdruûeno kraljestvo;GBR;osebni avtomobil;175;karavan;AURIS 
66;1325;4.3;1;TOYOTA;NDE180L-DWFNXW(4S);AURIS / 1.4 / TS D;Zdruûeno kraljestvo;GBR;osebni avtomobil;175;karavan;AURIS 
66;1210;4.3;1;TOYOTA;NLP121L-CHFGXW(2A);VERSO-S / 1.4 / D;Japonska ;JPN;osebni avtomobil;175;vozilo z dviûnimi vrati zadaj;VERSO-S 
66;1210;4.3;1;TOYOTA;NLP121L-CHFGXW(1C);VERSO-S / 1.4 / D;Japonska ;JPN;osebni avtomobil;175;vecnamensko vozilo;VERSO-S 
66;1221;4.3;1;VOLKSWAGEN;ABCAYB-FM5FM52R029LLCVR07MG;POLO / 1.6 / TDI;Nemcija;DEU;osebni avtomobil;176;vozilo z dviûnimi vrati zadaj;POLO 
66;1179;4.3;1;VOLKSWAGEN;ABCAYB-FD7FD7AM007LLNVR07MG;POLO / 1.6 / TDI AUT.;Nemcija;DEU;osebni avtomobil;180;vozilo z dviûnimi vrati zadaj;POLO 
66;1395;4.4;1;AUDI;SCAYBF1-FM5A4051R8P607MGEM1;A3 / 1.6 / TDI;Nemcija;DEU;osebni avtomobil;180;karavan;A3 
66;1355;4.4;1;AUDI;ACAYBF1-FM5A4051R8P607MGEM1;A3 / 1.6 / TDI;Nemcija;DEU;osebni avtomobil;180;karavan;A3 
66;1168;4.4;1;AUDI;8ZLATLF1-FM52J070R8Z50S4L;A2 / 1.4 / TDI;Nemcija;DEU;osebni avtomobil;188;vozilo z dviûnimi vrati zadaj;A2 
66;1169;4.4;1;CITROEN;FL9HXC;C 3 / 1.6;Francija;FRA;osebni avtomobil;180;vozilo z dviûnimi vrati zadaj;C 3 
66;1163;4.4;1;CITROEN;FC9HXC;C 3 / 1.6;Francija;FRA;osebni avtomobil;180;vozilo z dviûnimi vrati zadaj;C 3 
66;1391;4.4;1;DACIA;SRDHD2AA6BE00M0000;DUSTER / 1.5 / DCI;Francija;FRA;osebni avtomobil;158;karavan;DUSTER 
66;1359;4.4;1;DACIA;HSDCJ6;DUSTER / 1.5 / DCI;Romunija;ROM;osebni avtomobil;156;karavan;DUSTER 
66;1395;4.4;1;FIAT;198AXM1B09;BRAVO / 1.6 / JTD;Italija;ITA;osebni avtomobil;173;vecnamensko vozilo;BRAVO 
66;1220;4.4;1;FIAT;199BXD1118E;GRANDE PUNTO / 1.3 / JTD;Italija;ITA;osebni avtomobil;175;vecnamensko vozilo;GRANDE PUNTO 
66;1386;4.4;1;FORD;DA3HHDA1S-5KACMP;FOCUS / 1.6 / TDCi;Nemcija;DEU;osebni avtomobil;177;karavan;FOCUS 
66;1352;4.4;1;FORD;DA3GPDA1P-5KACMH;FOCUS / 1.6 / TDCi;Nemcija;DEU;osebni avtomobil;177;vozilo z dviûnimi vrati zadaj;FOCUS 
66;1335;4.4;1;FORD;DA3HHDA1G-5KACMH;FOCUS / 1.6 / TDCi;Nemcija;DEU;osebni avtomobil;177;vozilo z dviûnimi vrati zadaj;FOCUS 
66;1155;4.4;1;FORD;JH1-HHJB15BABKV;FIESTA / 1.6 / TDCI;Nemcija;DEU;osebni avtomobil;180;vozilo z dviûnimi vrati zadaj;FIESTA 
66;1530;4.4;1;HYUNDAI;F5D11-M65BZ1;I 30 CW / 1.4 / CRDI;Ceöka republika;CZE;osebni avtomobil;170;karavan;I 30 CW 
66;1470;4.4;1;HYUNDAI;B5DI1-M63CZ1;i 30 / 1.6 / CRDi LP;Ceöka republika;CZE;osebni avtomobil;172;vecnamensko vozilo;i 30 
66;1385;4.4;1;HYUNDAI;B5DR1-M63CZ1;i 30 / 1.6 / CRDi LP;Ceöka republika;CZE;osebni avtomobil;172;vecnamensko vozilo;i 30 
66;1380;4.4;1;HYUNDAI;B5DR1-M63CZ1;i 30 / 1.6 / CRDi LP;Ceöka republika;CZE;osebni avtomobil;172;vozilo za posebne namene;i 30 
66;1395;4.4;1;KIA;YNSF5DA1-M61DZ1;VENGA / 1.4 / D;Slovaöka;SVK;osebni avtomobil;167;vecnamensko vozilo;VENGA 
66;1367;4.4;1;KIA;EDB5DL1-M62AZ1;CEED / 1.6 / D;Slovaöka;SVK;osebni avtomobil;172;vecnamensko vozilo;CEED 
66;1385;4.4;1;MINI;ZD11-5H25C;ONE D COUNTRYMAN / /;Nemcija;DEU;osebni avtomobil;170;karavan;ONE D COUNTRYMAN 
66;1149;4.4;0;NISSAN;K14BB01;MICRA / 0.9 /;Francija;FRA;osebni avtomobil;175;vecnamensko vozilo;MICRA 
66;1199;4.4;0;OPEL;CAABC12-BX2F5KH9A5;CORSA / 1.0 / TURBO;Nemcija;DEU;osebni avtomobil;180;vozilo z dviûnimi vrati zadaj;CORSA 
66;1325;4.4;1;RENAULT;KZ1A05;MEGANE / GRANDTOUR 1.5 / DCI;Francija;FRA;osebni avtomobil;180;karavan;MEGANE 
66;1290;4.4;1;RENAULT;BZ1A05;MEGANE / 1.5 / DCI;Francija;FRA;osebni avtomobil;180;vozilo z dviûnimi vrati zadaj;MEGANE 
66;1280;4.4;1;RENAULT;DZ1A05;MEGANE / COUPE 1.5 / DCI;Francija;FRA;osebni avtomobil;180;kupe;MEGANE 
66;1280;4.4;1;RENAULT;BZAS05;MEGANE / 1.5 / DCI;Francija;FRA;osebni avtomobil;175;vozilo z dviûnimi vrati zadaj;MEGANE 
66;1280;4.4;1;RENAULT;LZBS05;FLUENCE / 1.5 / DCI;Francija;FRA;osebni avtomobil;175;limuzina;FLUENCE 
66;1265;4.4;1;SEAT;AACAYB-NFM5FM52R029ST0P0SE;TOLEDO / 1.6 / TDI;äpanija;ESP;osebni avtomobil;184;limuzina;TOLEDO 
66;1265;4.4;1;äKODA;AACAYB-NFM5FM52R029STN0P0SK;RAPID / 1.6 / TDI;Ceöka republika;CZE;osebni avtomobil;184;limuzina;RAPID 
66;1260;4.4;1;äKODA;ABCAYB-NFM5FM52R029STN0P0SK;RAPID / 1.6 / TDI;Ceöka republika;CZE;osebni avtomobil;182;vozilo z dviûnimi vrati zadaj;RAPID 
66;1002;4.4;0;VOLKSWAGEN;ABCHZA-FM5FM5DF0047MMVR2N1SVW61;UP! / 1.0 /;Nemcija;DEU;osebni avtomobil;185;vozilo z dviûnimi vrati zadaj;UP! 
66;1225;4.5;1;ALFA ROMEO;955AXH1B07;MITO / 1.3 / JTD;Italija;ITA;osebni avtomobil;178;vecnamensko vozilo;MITO 
66;1395;4.5;1;AUDI;SCAYBF1-FM5A4051R8P607MGEM0;A3 / 1.6 / TDI;Nemcija;DEU;osebni avtomobil;180;karavan;A3 
66;1355;4.5;1;CITROEN;LC9HVC/1;C4 / 1.6 / HDi 16V;Francija;FRA;osebni avtomobil;178;vozilo z dviûnimi vrati zadaj;C4 
66;1313;4.5;1;DACIA;JSDDL4;LODGY / 1.5 / DCI;Romunija;ROM;osebni avtomobil;169;karavan;LODGY 
66;1280;4.5;1;DACIA;JSDCL4;LODGY / 1.5 / DCI;Romunija;ROM;osebni avtomobil;169;karavan;LODGY 
66;1280;4.5;1;DACIA;0SDCL5;DOKKER / 1.5 / DCI;Romunija;ROM;osebni avtomobil;162;karavan;DOKKER 
66;1260;4.5;1;FIAT;199DXD1AA9;GRANDE PUNTO VAN 1.3 / JTD;Italija;ITA;osebni avtomobil;175;vecnamensko vozilo;GRANDE PUNTO VAN 1.3 
66;1220;4.5;1;FIAT;199BXD1B07E;GRANDE PUNTO / 1.3 / JTD;Italija;ITA;osebni avtomobil;175;vecnamensko vozilo;GRANDE PUNTO 
66;1220;4.5;1;FIAT;199BXD1A12E;PUNTO EVO / 1.3 / JTD;Italija;ITA;osebni avtomobil;175;vecnamensko vozilo;PUNTO EVO 
66;1205;4.5;1;FIAT;199AXD1B06L;PUNTO EVO / 1.3 / JTD;Italija;ITA;osebni avtomobil;175;vecnamensko vozilo;PUNTO EVO 
66;1205;4.5;1;FIAT;199AXD1B06L;PUNTO / 1.3 / JTD;Italija;ITA;osebni avtomobil;175;vecnamensko vozilo;PUNTO 
66;1205;4.5;1;FIAT;199AXD1A11C;GRANDE PUNTO / 1.3 / JTD;Italija;ITA;osebni avtomobil;175;vecnamensko vozilo;GRANDE PUNTO 
66;1391;4.5;1;FORD;DM2-HHDA1E5KACMV;C-MAX / 1.6 / TDCi;Nemcija;DEU;osebni avtomobil;174;vecnamensko vozilo;C-MAX 
66;1386;4.5;1;FORD;DA3GPDA1S-5KACMP;FOCUS / 1.6 / TDCi;Nemcija;DEU;osebni avtomobil;177;karavan;FOCUS 
66;1377;4.5;1;FORD;DB3HHDA1H-5KACMH;FOCUS / 1.6 / TDCi;Nemcija;DEU;osebni avtomobil;179;limuzina;FOCUS 
66;1352;4.5;1;FORD;DA3HHDA1P-5KACMH;FOCUS / 1.6 / TDCi;Nemcija;DEU;osebni avtomobil;177;vozilo z dviûnimi vrati zadaj;FOCUS 
66;1335;4.5;1;FORD;DA3HHDA1S-5KACMP;FOCUS / 1.6 / TDCi;Nemcija;DEU;osebni avtomobil;177;karavan;FOCUS 
66;1335;4.5;1;FORD;DA3HHDA1G-5KACMH;FOCUS / 1.6 / TDCi;Nemcija;DEU;osebni avtomobil;177;vozilo z dviûnimi vrati zadaj;FOCUS 
66;1165;4.5;1;FORD;JU2-HHJB;FUSION / 1.6 / TDCI;Nemcija;DEU;osebni avtomobil;176;vecnamensko vozilo;FUSION 
66;1152;4.5;1;FORD;JU2-HHJB15BAEKT;FUSION / 1.6 / TDCI;Nemcija;DEU;osebni avtomobil;176;vecnamensko vozilo;FUSION 
66;1470;4.5;1;HYUNDAI;B5D91-M55AZ1;i 30 / 1.6 / CRDi LP;Koreja. republika;KOR;osebni avtomobil;172;vecnamensko vozilo;i 30 
66;1470;4.5;1;HYUNDAI;B5DH1-M63CZ1;i 30 / 1.6 / CRDi LP;Ceöka republika;CZE;osebni avtomobil;172;vecnamensko vozilo;i 30 
66;1470;4.5;1;HYUNDAI;B5D91-M55AZ1;i 30 / 1.6 / CRDi LP;Koreja. republika;KOR;osebni avtomobil;172;vozilo z dviûnimi vrati zadaj;i 30 
66;1446;4.5;1;HYUNDAI;F5D11-M62AZ1;ix20 / 1.4 / CRDi;Ceöka republika;CZE;osebni avtomobil;167;vecnamensko vozilo;ix20 
66;1429;4.5;1;HYUNDAI;F5DU1-M62AZ1;i 30 CW / 1.6 / CRDi LP;Ceöka republika;CZE;osebni avtomobil;172;vecnamensko vozilo;i 30 CW 
66;1366;4.5;1;HYUNDAI;B5D81-M55AZ1;i 30 / 1.6 / CRDi LP;Ceöka republika;CZE;osebni avtomobil;172;vecnamensko vozilo;i 30 
66;1470;4.5;1;KIA;YNSF5D31-M61AZ1;VENGA / 1.4 / D;Slovaöka;SVK;osebni avtomobil;167;vecnamensko vozilo;VENGA 
66;1436;4.5;1;KIA;JDC5D11-M64DZ1;CEED / 1.4 / D;Slovaöka;SVK;osebni avtomobil;170;karavan;CEED 
66;1427;4.5;1;KIA;JDC5D11-M64DZ1;CEED / 1.4 / D;Slovaöka;SVK;osebni avtomobil;170;vozilo za posebne namene;CEED 
66;1367;4.5;1;KIA;EDB5D11-M55AZ1;CEED / 1.6 / D;Slovaöka;SVK;osebni avtomobil;172;vecnamensko vozilo;CEED 
66;1358;4.5;1;KIA;EDB3D11-M55AZ1;CEED / 1.6 / D;Slovaöka;SVK;osebni avtomobil;172;vecnamensko vozilo;CEED 
66;1345;4.5;1;KIA;YNF5D41-M61BZ1;VENGA / 1.4 / D;Ceöka republika;CZE;osebni avtomobil;167;vecnamensko vozilo;VENGA 
66;1050;4.5;0;MAZDA;6H551W0;MAZDA 2 / G90 /;Japonska ;JPN;osebni avtomobil;183;vozilo z dviûnimi vrati zadaj;MAZDA 2 
66;1235;4.5;1;OPEL;FE11-3A08B3UEAE5;CORSA / 1.3 / DTI;Nemcija;DEU;osebni avtomobil;172;vecnamensko vozilo;CORSA 
66;1141;4.5;0;OPEL;BAABC12-BX1D6KH9K4;ADAM / 1.0 / 12V TURBO;Nemcija;DEU;osebni avtomobil;180;vozilo z dviûnimi vrati zadaj;ADAM 
66;1386;4.5;1;PEUGEOT;4C9HVC/1;308 / 1.6 / HDI;Francija;FRA;osebni avtomobil;180;vecnamensko vozilo;308
66;1343;4.5;1;PEUGEOT;WE9HVC;207 / BREAK 1.6 / HDI;Francija;FRA;osebni avtomobil;182;karavan;207
66;1290;4.5;1;RENAULT;BZ0C05;MEGANE / 1.5 / DCI;Francija;FRA;osebni avtomobil;180;vozilo z dviûnimi vrati zadaj;MEGANE 
66;1280;4.5;1;RENAULT;BZAS05;MEGANE / 1.5 / DCI;Francija;FRA;osebni avtomobil;175;vozilo z dviûnimi vrati zadaj;MEGANE 
66;1280;4.5;1;RENAULT;LZBS05;FLUENCE / 1.5 / DCI;Francija;FRA;osebni avtomobil;175;limuzina;FLUENCE 
66;1252;4.5;0;RENAULT;7RLA0H;CLIO GRANDTOUR / 0.9 / TCE;Francija;FRA;osebni avtomobil;182;karavan;CLIO GRANDTOUR 
66;1211;4.5;0;RENAULT;5RLA0H;CLIO / 0.9 / TCE;Francija;FRA;osebni avtomobil;182;vozilo z dviûnimi vrati zadaj;CLIO 
66;1130;4.5;0;RENAULT;7R5A0H;CLIO GRANDTOUR / 0.9 / TCE;Francija;FRA;osebni avtomobil;182;karavan;CLIO GRANDTOUR 
66;1084;4.5;0;RENAULT;5R5A0H;CLIO / 0.9 / TCE;Francija;FRA;osebni avtomobil;182;vozilo z dviûnimi vrati zadaj;CLIO 
66;1365;4.5;1;SEAT;AFCAYBX01-SGNFM5A40517MG;LEON / 1.6 / TDI;äpanija;ESP;osebni avtomobil;174;vecnamensko vozilo;LEON 
66;1200;4.5;1;SEAT;SCBXJX0-SGFM52R03047GG;IBIZA / 1.9 / TDI;äpanija;ESP;osebni avtomobil;176;vecnamensko vozilo;IBIZA 
66;1280;4.5;1;äKODA;ABCAYB-NFD7FD7AM007ST0P0SK;RAPID / 1.6 / TDI AUT.;Ceöka republika;CZE;osebni avtomobil;182;vozilo z dviûnimi vrati zadaj;RAPID 
66;1035;4.5;0;SUZUKI;AZD53S-MT2;SWIFT / 1.2 / 4WD;Japonska ;JPN;osebni avtomobil;170;vozilo z dviûnimi vrati zadaj;SWIFT 
66;1360;4.5;1;TOYOTA;NDE150L-DHFEXW(1M);AURIS / 1.4 / D;Turcija;TUR;osebni avtomobil;175;vecnamensko vozilo;AURIS 
66;1135;4.5;1;TOYOTA;NLP90L-CHGGXW(1C);YARIS / 1.4 / D AUT.;Francija;FRA;osebni avtomobil;175;vecnamensko vozilo;YARIS 
66;1130;4.5;1;TOYOTA;NLP90L-CHMGXW(1A);YARIS / 1.4;Francija;FRA;osebni avtomobil;175;vecnamensko vozilo;YARIS 
66;1130;4.5;1;TOYOTA;NLP90L-CGMGXW;YARIS / 1.4 / D-4D;Japonska ;JPN;osebni avtomobil;175;vozilo z dviûnimi vrati zadaj;YARIS 
66;1090;4.5;1;TOYOTA;NLP90L-CGGGXW(1A);YARIS / 1.4 / D AUT.;Francija;FRA;osebni avtomobil;175;vecnamensko vozilo;YARIS 
66;1445;4.5;1;VOLKSWAGEN;ACCAYBX0-FM5FM5A4051N7MGN1;GOLF / VARIANT 1.6 / TDI;Nemcija;DEU;osebni avtomobil;179;karavan;GOLF 
66;1314;4.5;1;VOLKSWAGEN;ACCAYBX0-FM5FM5A4051N7MGN1;GOLF / 1.6 / TDI;Nemcija;DEU;osebni avtomobil;178;karavan;GOLF 
66;1314;4.5;1;VOLKSWAGEN;U10VWGVP000N375;GOLF / 1.6 / TDI;Nemcija;DEU;osebni avtomobil;178;vozilo z dviûnimi vrati zadaj;GOLF 
66;1275;4.6;1;FIAT;199DXD1BAX;GRANDE PUNTO 1.3 JTD /;Italija;ITA;osebni avtomobil;175;vozilo z dviûnimi vrati zadaj;GRANDE PUNTO 1.3 JTD 
66;1260;4.6;1;FIAT;199DXD1BAX;GRANDE PUNTO VAN 1.3 / JTD;Italija;ITA;osebni avtomobil;175;vecnamensko vozilo;GRANDE PUNTO VAN 1.3 
66;1260;4.6;1;FIAT;199DXD1BAX;GRANDE PUNTO VAN 1.3 / JTD;Italija;ITA;osebni avtomobil;175;vozilo z dviûnimi vrati zadaj;GRANDE PUNTO VAN 1.3 
66;1260;4.6;1;FIAT;199DXD1B-AX;GRANDE PUNTO / 1.3 / JTD;Italija;ITA;osebni avtomobil;175;vozilo z dviûnimi vrati zadaj;GRANDE PUNTO 
66;1245;4.6;1;FIAT;199CXD1BBX;GRANDE PUNTO VAN 1.3 / JTD;Italija;ITA;osebni avtomobil;175;vozilo z dviûnimi vrati zadaj;GRANDE PUNTO VAN 1.3 
66;1220;4.6;1;FIAT;199BXD1B07;GRANDE PUNTO / 1.3 / JTD;Italija;ITA;osebni avtomobil;175;vecnamensko vozilo;GRANDE PUNTO 
66;1384;4.6;1;FORD;JK8-UGJE1B5AHBMP;ECOSPORT / 1.5 / TDCI;Nemcija;DEU;osebni avtomobil;160;vozilo z dviûnimi vrati zadaj;ECOSPORT 
66;1461;4.6;1;KIA;EDF5DI1-M62AZ1;CEED / 1.6 / D;Slovaöka;SVK;osebni avtomobil;172;vecnamensko vozilo;CEED 
66;1395;4.6;1;MERCEDES BENZ;XKX08-KX08B5;CITAN / CDI;Nemcija;DEU;osebni avtomobil;160;karavan;CITAN 
66;1161;4.6;0;NISSAN;K14BB02;MICRA / 0.9 /;Francija;FRA;osebni avtomobil;175;vecnamensko vozilo;MICRA 
66;1265;4.6;1;OPEL;PE11-3A09B5VEAE5;CORSA / 1.3 / DTI;Nemcija;DEU;osebni avtomobil;172;vecnamensko vozilo;CORSA 
66;1235;4.6;1;OPEL;FE11-3A08B3UEAE5;CORSA / 1.3 / DTI;Nemcija;DEU;osebni avtomobil;172;vecnamensko vozilo;CORSA 
66;1191;4.6;1;PEUGEOT;2RHY;206 / 2.0;Francija;FRA;osebni avtomobil;179;karavan;206
66;1562;4.6;1;RENAULT;KW28B5;KANGOO / 1.5 / DCI;Francija;FRA;osebni avtomobil;160;vozilo z dostopom za invalidski vozicek;KANGOO 
66;1540;4.6;1;RENAULT;KW41C1;KANGOO / 1.5 / DCI;Francija;FRA;osebni avtomobil;160;karavan;KANGOO 
66;1395;4.6;1;RENAULT;KW28B5;KANGOO / 1.5 / DCI;Francija;FRA;osebni avtomobil;160;karavan;KANGOO 
66;1163;4.6;0;RENAULT;7RE20A;CLIO GRANDTOUR / 0.9 / TCE;Francija;FRA;osebni avtomobil;182;karavan;CLIO GRANDTOUR 
66;1092;4.6;0;RENAULT;5RE20A;CLIO / 0.9 / TCE;Francija;FRA;osebni avtomobil;182;vozilo z dviûnimi vrati zadaj;CLIO 
66;885;4.6;0;SUZUKI;MFH11S-MT-5;IGNIS / 1.2 / MT / 5;Japonska ;JPN;osebni avtomobil;170;vozilo z dviûnimi vrati zadaj;IGNIS 
66;1350;4.6;1;TOYOTA;NDE150L-DEFNYW(1D);COROLLA / 1.4 / D;Juûna Afrika;ZAF;osebni avtomobil;175;limuzina;COROLLA 
66;1248;4.6;1;VOLKSWAGEN;ABCAYB-FD7FD7AM007LLCVR07MJ;POLO / 1.6 / TDI AUT.;Nemcija;DEU;osebni avtomobil;176;vozilo z dviûnimi vrati zadaj;POLO 
66;1355;4.7;1;CITROEN;LC9HVC;C4 / 1.6 / HDI 16V;Francija;FRA;osebni avtomobil;178;vozilo z dviûnimi vrati zadaj;C4 
66;1332;4.7;1;CITROEN;LC9HXC;C4 / 1.6 / HDI;Francija;FRA;osebni avtomobil;192;vozilo z dviûnimi vrati zadaj;C4 
66;1332;4.7;1;CITROEN;LC9HXC;C 4 / 1.6;Francija;FRA;osebni avtomobil;180;vozilo z dviûnimi vrati zadaj;C 4 
66;1332;4.7;1;CITROEN;LC9HXC;C4 / 1.6 / HDi 16V;Francija;FRA;osebni avtomobil;180;vozilo z dviûnimi vrati zadaj;C4 
66;1330;4.7;1;CITROEN;LA9HX-C;C4 / 1.6 / HDI 16V;Francija;FRA;osebni avtomobil;180;vozilo z dviûnimi vrati zadaj;C4 
66;1280;4.7;1;DACIA;HSDCL6;DUSTER / 1.5 / DCI;Romunija;ROM;osebni avtomobil;156;karavan;DUSTER 
66;1220;4.7;1;FIAT;199BXD1A12;GRANDE PUNTO / 1.3 / JTD;Italija;ITA;osebni avtomobil;175;vecnamensko vozilo;GRANDE PUNTO 
66;1440;4.7;1;FORD;DA3-HHDA4A5;FOCUS / 1.6 / TDCi;Nemcija;DEU;osebni avtomobil;177;karavan;FOCUS 
66;1391;4.7;1;FORD;DM2-HHDA1E5K;C-MAX / 1.6 / TDCi;Nemcija;DEU;osebni avtomobil;174;vecnamensko vozilo;C-MAX 
66;1386;4.7;1;FORD;DA3-G8DA1W;FOCUS / 1.6 / TDCi;Nemcija;DEU;osebni avtomobil;188;karavan;FOCUS 
66;1386;4.7;1;FORD;DA3-HHDA1W5KAAM8;FOCUS / 1.6 / TDCI;Nemcija;DEU;osebni avtomobil;177;karavan;FOCUS 
66;1352;4.7;1;FORD;DA3-HHDA155KAAMH;FOCUS / 1.6 / TDCi;Nemcija;DEU;osebni avtomobil;177;vozilo z dviûnimi vrati zadaj;FOCUS 
66;1335;4.7;1;FORD;DA3-HHDA13;FOCUS / 1.6 / TDCi;Nemcija;DEU;osebni avtomobil;177;vozilo z dviûnimi vrati zadaj;FOCUS 
66;1517;4.7;1;HYUNDAI;F5DR1-M62CZ1;i 30 CW / 1.6 / CRDi LP;Ceöka republika;CZE;osebni avtomobil;172;vecnamensko vozilo;i 30 CW 
66;1470;4.7;1;HYUNDAI;B5D11-M54AZ1;i 30 / 1.6 / CRDi LP;Koreja. republika;KOR;osebni avtomobil;172;vecnamensko vozilo;i 30 
66;1463;4.7;1;HYUNDAI;F5DH1-M62CZ1;i 30 CW / 1.6 / CRDi LP;Ceöka republika;CZE;osebni avtomobil;172;vecnamensko vozilo;i 30 CW 
66;1445;4.7;1;KIA;YNF5D31-M61AZ1;VENGA / 1.4 / D;Ceöka republika;CZE;osebni avtomobil;167;vecnamensko vozilo;VENGA 
66;1367;4.7;1;KIA;EDB5D11-M54AZ1;CEED / 1.6 / D;Slovaöka;SVK;osebni avtomobil;172;vecnamensko vozilo;CEED 
66;1358;4.7;1;KIA;EDB3D31-M54AZ1;CEED / 1.6 / D;Slovaöka;SVK;osebni avtomobil;172;vecnamensko vozilo;CEED 
66;1345;4.7;1;MAZDA;BK1462;MAZDA 3 / 1.6 / D LP;Japonska ;JPN;osebni avtomobil;174;vozilo z dviûnimi vrati zadaj;MAZDA 3 
66;1265;4.7;1;OPEL;PE11-3A09B5VJGE5;CORSA / 1.3 / DTI MTA;Nemcija;DEU;osebni avtomobil;172;vecnamensko vozilo;CORSA 
66;1542;4.7;1;PEUGEOT;4H9HXC/1;308 / MONOSPACE 1.6 / HDI;Francija;FRA;osebni avtomobil;174;vecnamensko vozilo;308
66;1386;4.7;1;PEUGEOT;4C9HVC/1;308 / 1.6 / HDI;Francija;FRA;osebni avtomobil;180;vozilo z dviûnimi vrati zadaj;308
66;1505;4.7;1;RENAULT;KWB8H5;KANGOO / 1.5 / DCI;Francija;FRA;osebni avtomobil;160;vecnamensko vozilo;KANGOO 
66;1275;4.7;0;RENAULT;7RB20A;CLIO GRANDTOUR / 0.9 / TCE;Francija;FRA;osebni avtomobil;182;karavan;CLIO GRANDTOUR 
66;1262;4.7;0;RENAULT;5RB20A;CLIO / 0.9 / TCE;Francija;FRA;osebni avtomobil;182;vozilo z dviûnimi vrati zadaj;CLIO 
66;1322;4.7;1;äKODA;AFCAYBX01-NFM5FM52R02915N0;ROOMSTER / 1.6 / TDI;Ceöka republika;CZE;osebni avtomobil;171;vecnamensko vozilo;ROOMSTER 
66;1165;4.7;0;äKODA;AACJZC-NFM5FM52T106STN761SK;RAPID / 1.2 / TSI;Ceöka republika;CZE;osebni avtomobil;186;limuzina;RAPID 
66;1160;4.7;0;äKODA;ABCJZC-NFM5FM52T106STN761SK;RAPID / 1.2 / TSI;Ceöka republika;CZE;osebni avtomobil;184;vozilo z dviûnimi vrati zadaj;RAPID 
66;1133;4.7;0;äKODA;ACCJZCX01-NFM5FM52T106N617;FABIA / COMBI 1.2 / TSI;Ceöka republika;CZE;osebni avtomobil;185;karavan;FABIA 
66;1109;4.7;0;äKODA;ABCJZCX01-NFM5FM52T106N617;FABIA / 1.2 / TSI;Ceöka republika;CZE;osebni avtomobil;182;vozilo z dviûnimi vrati zadaj;FABIA 
66;885;4.7;0;SUZUKI;MFH11S-MT-4;IGNIS / 1.2 / MT / 4;Japonska ;JPN;osebni avtomobil;170;vozilo z dviûnimi vrati zadaj;IGNIS 
66;1355;4.7;1;TOYOTA;NDE150L-DHFNYW(1H);AURIS / 1.4 / D;Turcija;TUR;osebni avtomobil;175;vecnamensko vozilo;AURIS 
66;1335;4.7;1;TOYOTA;NDE150L-DHFDYW(1H);AURIS / 1.4 / D;Turcija;TUR;osebni avtomobil;175;vecnamensko vozilo;AURIS 
66;1440;4.7;1;VOLKSWAGEN;ACCAYBX0-FM5FM5A4051N7MGN1;GOLF PLUS / 1.6 / TDI;Nemcija;DEU;osebni avtomobil;174;karavan;GOLF PLUS 
66;1139;4.7;0;VOLKSWAGEN;ABCJZC-FD7FD7CW003N2VR27MM;POLO / 1.2 / TSI AUT.;Nemcija;DEU;osebni avtomobil;184;vozilo z dviûnimi vrati zadaj;POLO 
66;1107;4.7;0;VOLKSWAGEN;ABCJZC-FM5FM52T106N2VR27MM61;POLO / 1.2 / TSI;Nemcija;DEU;osebni avtomobil;184;vozilo z dviûnimi vrati zadaj;POLO 
66;1000;4.7;0;VOLKSWAGEN;ABCHZA-FM5FM5DF0047MMVR0N1SVW61;UP! / 1.0 /;Nemcija;DEU;osebni avtomobil;185;vozilo z dviûnimi vrati zadaj;UP! 
66;1265;4.8;1;DACIA;HSDAG5;DUSTER / 1.5 / DCI;Romunija;ROM;osebni avtomobil;156;karavan;DUSTER 
66;1500;4.8;1;FORD;DM2-HHDA;FOCUS C-MAX / 1.6 / TDCI;Nemcija;DEU;osebni avtomobil;174;vecnamensko vozilo;FOCUS C-MAX 
66;1391;4.8;1;FORD;DM2-HHDA15KACML;FOCUS C-MAX / 1.6 / TDCi;Nemcija;DEU;osebni avtomobil;174;vecnamensko vozilo;FOCUS C-MAX 
66;1391;4.8;1;FORD;DM2-HHDA;C-MAX / 1.6 / TDCi;Nemcija;DEU;osebni avtomobil;174;vecnamensko vozilo;C-MAX 
66;1391;4.8;1;FORD;DM2-HHDA;C-MAX 1.6 / TDCi;Nemcija;DEU;osebni avtomobil;174;vecnamensko vozilo;C-MAX 1.6 
66;1391;4.8;1;FORD;DM2-HHDA1E5K;FOCUS / C-MAX / 1.6 / TDCI;Nemcija;DEU;osebni avtomobil;174;vecnamensko vozilo;FOCUS 
66;1316;4.8;1;FORD;DM2 HHDA1 5KACML;FOCUS C-MAX / 1.6 / TDCI;Nemcija;DEU;osebni avtomobil;177;vecnamensko vozilo;FOCUS C-MAX 
66;1050;4.8;0;MAZDA;6H5A1W0;MAZDA 2 / G90 / AT;Japonska ;JPN;osebni avtomobil;177;vozilo z dviûnimi vrati zadaj;MAZDA 2 
66;1380;4.8;1;OPEL;FN11-1A05A0PHGG5;ASTRA / CAR. 1.3 / DTI 16V;Nemcija;DEU;osebni avtomobil;172;vecnamensko vozilo;ASTRA 
66;1340;4.8;1;OPEL;BL11-1A15ANXHGG5;ASTRA / 1.3 / DTI 16V;Nemcija;DEU;osebni avtomobil;172;vozilo z dviûnimi vrati zadaj;ASTRA 
66;1330;4.8;1;OPEL;BL11-1A09AEJHGG5;ASTRA / 1.3;Nemcija;DEU;osebni avtomobil;172;vozilo z dviûnimi vrati zadaj;ASTRA 
66;1310;4.8;1;OPEL;KL11-2A05A9JHGG5;ASTRA / 1.3 / DTI 16V;Nemcija;DEU;osebni avtomobil;174;kupe;ASTRA 
66;1265;4.8;1;OPEL;PE11-3A09B5VEAE5;CORSA / 1.3 / DTI;Nemcija;DEU;osebni avtomobil;172;vecnamensko vozilo;CORSA 
66;1235;4.8;1;OPEL;HE11-3A08B3U0EAE5;CORSA / 1.3 / DTI;Nemcija;DEU;osebni avtomobil;172;vecnamensko vozilo;CORSA 
66;1190;4.8;1;OPEL;PE11-3A09B5VJGE5;CORSA / 1.3 / DTI MTA;Nemcija;DEU;osebni avtomobil;172;vecnamensko vozilo;CORSA 
66;1163;4.8;0;OPEL;CADRC12-BX2E6EFXJ5;CORSA / 1.4 / MTA;Nemcija;DEU;osebni avtomobil;175;vozilo z dviûnimi vrati zadaj;CORSA 
66;1163;4.8;0;OPEL;CADRC12-BX2E6EFXJ5;CORSA / 1.4 / MTA;Nemcija;DEU;osebni avtomobil;175;vozilo za posebne namene;CORSA 
66;1141;4.8;0;OPEL;BADRC12-BX2D6EFXJ5;CORSA / 1.4 / MTA;Nemcija;DEU;osebni avtomobil;175;vecnamensko vozilo;CORSA 
66;1395;4.8;1;RENAULT;KW28C5;KANGOO / 1.5 / DCI;Francija;FRA;osebni avtomobil;160;karavan;KANGOO 
66;1135;4.8;0;RENAULT;AHB25A;TWINGO / 0.9 / AUT.;Francija;FRA;osebni avtomobil;165;vozilo z dviûnimi vrati zadaj;TWINGO 
66;1068;4.8;0;RENAULT;AHB25A;TWINGO / 0.9 / AUT.;Francija;FRA;osebni avtomobil;165;vozilo za posebne namene;TWINGO 
66;1485;4.8;1;SEAT;ACCAYBX01-SGNFM5A40517MG;ALTEA XL / 1.6 / TDI;äpanija;ESP;osebni avtomobil;172;vecnamensko vozilo;ALTEA XL 
66;1156;4.8;0;SEAT;AACJZC-NFM5FM52T106ST061SE;TOLEDO / 1.2 / TSI;äpanija;ESP;osebni avtomobil;186;limuzina;TOLEDO 
66;1120;4.8;0;SUZUKI;NZD72S-MT3;SWIFT / 1.2 / 4WD;Madûarska;HUN;osebni avtomobil;165;vozilo z dviûnimi vrati zadaj;SWIFT 
66;1360;4.8;1;TOYOTA;NDE120L-DWMNYW(1G);COROLLA / COMBI 1.4;Turcija;TUR;osebni avtomobil;180;karavan;COROLLA 
66;1360;4.8;1;TOYOTA;NDE150L-DHLNYW(1F);AURIS / 1.4 / D AUT.;Turcija;TUR;osebni avtomobil;175;vozilo z dviûnimi vrati zadaj;AURIS 
66;1355;4.8;1;TOYOTA;NDE120L-DWMDYW(1G);COROLLA / COMBI 1.4;Turcija;TUR;osebni avtomobil;180;karavan;COROLLA 
66;1355;4.8;1;TOYOTA;NDE150L-DHFNXW(1M);AURIS / 1.4 / D;Turcija;TUR;osebni avtomobil;175;vecnamensko vozilo;AURIS 
66;1340;4.8;1;TOYOTA;NDE150L-DHFDXW(1M);AURIS / 1.4 / D;Turcija;TUR;osebni avtomobil;175;vecnamensko vozilo;AURIS 
66;1330;4.8;1;TOYOTA;NDE120L-AHMNYW(1E);COROLLA / 1.4 / D;Japonska ;JPN;osebni avtomobil;180;vozilo z dviûnimi vrati zadaj;COROLLA 
66;1330;4.8;1;TOYOTA;NDE120L-DHGDYW(1G);COROLLA / 1.4 / D AUT.;Zdruûeno kraljestvo;GBR;osebni avtomobil;180;vozilo z dviûnimi vrati zadaj;COROLLA 
66;1325;4.8;1;TOYOTA;NDE120L-AHMDYW(1E);COROLLA / 1.4;Japonska ;JPN;osebni avtomobil;180;vozilo z dviûnimi vrati zadaj;COROLLA 
66;1310;4.8;1;TOYOTA;NDE120L-DWMNYW(1H);COROLLA / COMBI 1.4 / D;Turcija;TUR;osebni avtomobil;180;karavan;COROLLA 
66;1305;4.8;1;TOYOTA;NDE120L-DWMDYW(1G);COROLLA / COMBI 1.4 / D;Turcija;TUR;osebni avtomobil;180;karavan;COROLLA 
66;1285;4.8;1;TOYOTA;NDE120L-DHGNYW(1G);COROLLA / 1.4 / D-4D AUT.;Zdruûeno kraljestvo;GBR;osebni avtomobil;180;vozilo z dviûnimi vrati zadaj;COROLLA 
66;1280;4.8;1;TOYOTA;NDE120L-DHMNYW(1H);COROLLA / 1.4 / D;Zdruûeno kraljestvo;GBR;osebni avtomobil;180;vozilo z dviûnimi vrati zadaj;COROLLA 
66;1275;4.8;1;TOYOTA;NDE120L-DGGNYW(1G);COROLLA / 1.4 / D;Zdruûeno kraljestvo;GBR;osebni avtomobil;180;vozilo z dviûnimi vrati zadaj;COROLLA 
66;1270;4.8;1;TOYOTA;NDE120L-DGMNYW(1G);COROLLA / 1.4;Zdruûeno kraljestvo;GBR;osebni avtomobil;180;vozilo z dviûnimi vrati zadaj;COROLLA 
66;1265;4.8;1;TOYOTA;E12U;COROLLA / 1.4 / D;Zdruûeno kraljestvo;GBR;osebni avtomobil;180;vozilo z dviûnimi vrati zadaj;COROLLA 
66;1235;4.8;1;TOYOTA;NDE120L-DWMNYW(1G);COROLLA / COMBI 1.4 / D;Turcija;TUR;osebni avtomobil;180;karavan;COROLLA 
66;1205;4.8;1;TOYOTA;NDE120L-AHMNYW(1E);COROLLA / 1.4;Japonska ;JPN;osebni avtomobil;180;vozilo z dviûnimi vrati zadaj;COROLLA 
66;1048;4.8;0;VOLKSWAGEN;ABCHZA-FM5FM5DF0047MMVR0N1CVW62;UP! / 1.0 /;Nemcija;DEU;osebni avtomobil;179;vozilo z dviûnimi vrati zadaj;UP! 
66;1280;4.9;1;DACIA;0SDCL4;DOKKER / 1.5 / DCI;Romunija;ROM;osebni avtomobil;162;karavan;DOKKER 
66;1150;4.9;0;DACIA;7SDL1F;LOGAN MCV / 0.9 / TCE AUT.;Romunija;ROM;osebni avtomobil;175;karavan;LOGAN MCV 
66;1137;4.9;0;DACIA;5SDL1F;SANDERO / 0.9 / TCE AUT.;Romunija;ROM;osebni avtomobil;175;vozilo z dviûnimi vrati zadaj;SANDERO 
66;1445;4.9;1;FIAT;263AXC1A01;DOBLO / 1.3 / MULTIJET;Italija;ITA;osebni avtomobil;156;vecnamensko vozilo;DOBLO 
66;1260;4.9;1;FIAT;323AXB1A01;LINEA / 1.3 / JTD;Italija;ITA;osebni avtomobil;170;limuzina;LINEA 
66;1517;4.9;1;HYUNDAI;F5D11-M54AZ1;i 30 CW / 1.6 / CRDi LP;Koreja. republika;KOR;osebni avtomobil;172;vecnamensko vozilo;i 30 CW 
66;1517;4.9;1;HYUNDAI;F5D81-M54AZ1;i 30 CW / 1.6 / CRDi LP;Ceöka republika;CZE;osebni avtomobil;172;vecnamensko vozilo;i 30 CW 
66;1419;4.9;1;KIA;EDF5D31-M54AZ1;CEED / 1.6 / D;Slovaöka;SVK;osebni avtomobil;172;vecnamensko vozilo;CEED 
66;1091;4.9;0;MAZDA;6H55AW00;MAZDA 2 / G90 /;Japonska ;JPN;osebni avtomobil;183;vozilo z dviûnimi vrati zadaj;MAZDA 2 
66;1081;4.9;0;MAZDA;6H55AW01;MAZDA 2 / G90 /;Japonska ;JPN;osebni avtomobil;183;vozilo z dviûnimi vrati zadaj;MAZDA 2 
66;1380;4.9;1;OPEL;FN11-1A05A0JHGG5;ASTRA / CAR. 1.3 / DTI 16V;Nemcija;DEU;osebni avtomobil;172;vecnamensko vozilo;ASTRA 
66;1340;4.9;1;OPEL;BL11-1A15ANXHGG5;ASTRA / 1.3 / DTI 16V;Nemcija;DEU;osebni avtomobil;172;vozilo z dviûnimi vrati zadaj;ASTRA 
66;1320;4.9;1;OPEL;KL11-1A19AX3HGG5;ASTRA / 1.3 / DTI 16V;Nemcija;DEU;osebni avtomobil;174;kupe;ASTRA 
66;1265;4.9;1;OPEL;PE11-3A09B5VEAE5;CORSA / 1.3 / DTI;Nemcija;DEU;osebni avtomobil;172;vecnamensko vozilo;CORSA 
66;1235;4.9;1;OPEL;FE11-3A08B3UEAE5;CORSA / 1.3 / DTI;Nemcija;DEU;osebni avtomobil;172;vecnamensko vozilo;CORSA 
66;1235;4.9;1;OPEL;SDL08-Z13DTH;CORSA / 1.3 / DTI;Nemcija;DEU;osebni avtomobil;172;vozilo z dviûnimi vrati zadaj;CORSA 
66;1337;4.9;1;PEUGEOT;3C9HXC;307 / 1.6;Francija;FRA;osebni avtomobil;179;vozilo z dviûnimi vrati zadaj;307
66;1335;4.9;1;PEUGEOT;3C9HVC;307 / 1.6 / HDI;Francija;FRA;osebni avtomobil;179;vozilo z dviûnimi vrati zadaj;307
66;1306;4.9;1;PEUGEOT;3C9HX-C;307 / 1.6 / HDI;Francija;FRA;osebni avtomobil;179;vozilo z dviûnimi vrati zadaj;307
66;1487;4.9;1;RENAULT;KW45B5;KANGOO / 1.5 / DCI DIV 3;Francija;FRA;osebni avtomobil;160;vozilo za invalidski vozicek;KANGOO 
66;1394;4.9;1;RENAULT;KW25B5;KANGOO / 1.5 / DCI;Francija;FRA;osebni avtomobil;160;karavan;KANGOO 
66;1321;4.9;1;RENAULT;R00KD2N45SA06A5000;CLIO GRANDTOUR / 1.5 / DCI;Francija;FRA;osebni avtomobil;181;karavan;CLIO GRANDTOUR 
66;1295;4.9;1;RENAULT;R00BD2N45SA06A5000;CLIO / 1.5 / DCI;Francija;FRA;osebni avtomobil;181;vozilo z dviûnimi vrati zadaj;CLIO 
66;1278;4.9;0;RENAULT;2R5A1H;CAPTUR / 0.9 / TCE;Francija;FRA;osebni avtomobil;171;vozilo z dviûnimi vrati zadaj;CAPTUR 
66;1084;4.9;0;RENAULT;5RAA0H;CLIO / 0.9 / TCE;Francija;FRA;osebni avtomobil;177;vozilo z dviûnimi vrati zadaj;CLIO 
66;1150;4.9;1;SEAT;SEAHUX01-SGFM52A0204;CORDOBA / VAR. 1.9 / TDI;äpanija;ESP;osebni avtomobil;176;karavan;CORDOBA 
66;1139;4.9;0;SEAT;SECJZC-FM5NFM52T1067MM66;IBIZA ST / 1.2 / TSI;äpanija;ESP;osebni avtomobil;184;karavan;IBIZA ST 
66;1089;4.9;0;SEAT;SCCJZC-FM5NFM52T1067MM66;IBIZA / 1.2 / TSI;äpanija;ESP;osebni avtomobil;184;vecnamensko vozilo;IBIZA 
66;1025;4.9;0;SUZUKI;AZD83S-MT;SWIFT / 1.2 / 4WD;Japonska ;JPN;osebni avtomobil;170;vozilo z dviûnimi vrati zadaj;SWIFT 
66;1390;4.9;1;TOYOTA;NDE150L-DHGNYW(1D);AURIS / 1.4 / D AUT.;Turcija;TUR;osebni avtomobil;175;vozilo z dviûnimi vrati zadaj;AURIS 
66;1385;4.9;1;TOYOTA;NDE150L-DHMNYW(1D);AURIS / 1.4 / D;Turcija;TUR;osebni avtomobil;175;vozilo z dviûnimi vrati zadaj;AURIS 
66;1355;4.9;1;TOYOTA;NDE150L-DHMNYW(1C);AURIS / 1.4 / D;Turcija;TUR;osebni avtomobil;175;vozilo z dviûnimi vrati zadaj;AURIS 
66;1350;4.9;1;TOYOTA;NDE150L-AEMNYW(1B);COROLLA / 1.4 / D;Japonska ;JPN;osebni avtomobil;175;limuzina;COROLLA 
66;1350;4.9;1;TOYOTA;NDE150L-DEMNYW(1A);COROLLA / 1.4 / D;Juûna Afrika;ZAF;osebni avtomobil;175;limuzina;COROLLA 
66;1335;4.9;1;TOYOTA;NDE150L-DHMDYW(1B);AURIS / 1.4 / D;Turcija;TUR;osebni avtomobil;175;vozilo z dviûnimi vrati zadaj;AURIS 
66;1315;4.9;1;TOYOTA;NLP115L-AHFNXW(1A);URBAN CRUISER / 1.4 / D;Japonska ;JPN;osebni avtomobil;175;vecnamensko vozilo;URBAN CRUISER 
66;1351;4.9;1;VOLKSWAGEN;SCALHX01-SGFM52J025M41N10GE;GOLF / 1.9 / TDI;Nemcija;DEU;osebni avtomobil;180;vozilo z dviûnimi vrati zadaj;GOLF 
66;1275;4.9;1;VOLKSWAGEN;1J;GOLF / 1.9 / TDI;Nemcija;DEU;osebni avtomobil;180;vozilo z dviûnimi vrati zadaj;GOLF 
66;1215;4.9;1;VOLKSWAGEN;1HX0G-AHU;GOLF / 1.9 / TDI;Nemcija;DEU;osebni avtomobil;178;vozilo z dviûnimi vrati zadaj;GOLF 
66;1120;4.9;1;VOLKSWAGEN;1HX0-1Z;GOLF / 1.9 / TDI;Nemcija;DEU;osebni avtomobil;178;vozilo z dviûnimi vrati zadaj;GOLF 
66;1365;5.1;1;CITROEN;CH9HXC;XSARA PICASSO / 1.6;Francija;FRA;osebni avtomobil;175;vecnamensko vozilo;XSARA PICASSO 
66;1211;5.1;0;DACIA;7SDL1C;LOGAN MCV / 0.9 / TCE;Romunija;ROM;osebni avtomobil;170;karavan;LOGAN MCV 
66;1158;5.1;0;DACIA;5SDL1C;SANDERO / 0.9 / TCE;Romunija;ROM;osebni avtomobil;168;vozilo z dviûnimi vrati zadaj;SANDERO 
66;1098;5.1;0;DACIA;5SDA1C;SANDERO / 0.9 / TCE;Romunija;ROM;osebni avtomobil;168;vozilo z dviûnimi vrati zadaj;SANDERO 
66;1307;5.1;1;FORD;DNWC9DB1-5KFBMU;FOCUS / WAGON 1.8;Nemcija;DEU;osebni avtomobil;184;karavan;FOCUS 
66;1295;5.1;1;FORD;DNW-C9DB;FOCUS / WAGON 1.8;Nemcija;DEU;osebni avtomobil;180;karavan;FOCUS 
66;1180;5.1;1;MAZDA;BJ12RZ-2E;323 / 2.0 DITD / 4T;Japonska ;JPN;osebni avtomobil;178;vozilo z dviûnimi vrati zadaj;323
66;1158;5.1;0;NISSAN;K14BB05;MICRA / 0.9 /;Francija;FRA;osebni avtomobil;175;vecnamensko vozilo;MICRA 
66;1380;5.1;1;OPEL;FN11-2A05A0JHGG5;ASTRA / CAR. 1.3 / DTI 16V;Nemcija;DEU;osebni avtomobil;172;vecnamensko vozilo;ASTRA 
66;1320;5.1;1;OPEL;KL11-1A19AX3HGG5;ASTRA / 1.3 / DTI 16V;Nemcija;DEU;osebni avtomobil;174;kupe;ASTRA 
66;1477;5.1;1;PEUGEOT;3H9HXC;307 / MONOSPACE / 1.6 / HDI;Francija;FRA;osebni avtomobil;174;vecnamensko vozilo;307
66;1477;5.1;1;PEUGEOT;3H9HX-C;307 / MONOSPACE 1.6 / HDI;Francija;FRA;osebni avtomobil;174;karavan;307
66;1469;5.1;1;PEUGEOT;3H9HX-C;307 / MONOSPACE 1.6 / HDI;Francija;FRA;osebni avtomobil;174;vecnamensko vozilo;307
66;1191;5.1;1;PEUGEOT;2ERHYF;206 / BREAK 2.0 / HDI;Francija;FRA;osebni avtomobil;181;karavan;206
66;1116;5.1;1;PEUGEOT;2RHY/E/F;206 / 2.0 / HDI;Francija;FRA;osebni avtomobil;181;karavan;206
66;1430;5.1;0;RENAULT;2RA11A;CAPTUR / 0.9 / TCE;Francija;FRA;osebni avtomobil;171;vozilo z dviûnimi vrati zadaj;CAPTUR 
66;1311;5.1;0;RENAULT;2R0515;CAPTUR / 0.9 / TCE;Francija;FRA;osebni avtomobil;171;vozilo z dviûnimi vrati zadaj;CAPTUR 
66;1184;5.1;0;RENAULT;2RD11A;CAPTUR / 0.9 / TCE;Francija;FRA;osebni avtomobil;171;vozilo z dviûnimi vrati zadaj;CAPTUR 
66;1320;5.1;1;SEAT;1MAAALHX01;TOLEDO / 1.9 / TDI;äpanija;ESP;osebni avtomobil;180;limuzina;TOLEDO 
66;1360;5.1;1;äKODA;ABCF1-AEEFM5BCD;OCTAVIA / 1.9 / TDI;Ceöka republika;CZE;osebni avtomobil;178;vozilo z dviûnimi vrati zadaj;OCTAVIA 
66;1285;5.1;1;äKODA;STAGRX01-A8CFM5FM52J025M;OCTAVIA / 1.9 / TDI;Ceöka republika;CZE;osebni avtomobil;181;vozilo z dviûnimi vrati zadaj;OCTAVIA 
66;1285;5.1;1;äKODA;1UABCF1-AEEFM5BCD;OCTAVIA / 1.9 / TDI;Ceöka republika;CZE;osebni avtomobil;178;vozilo z dviûnimi vrati zadaj;OCTAVIA 
66;915;5.1;0;SUZUKI;AZC83S-MT;SWIFT / 1.2;Japonska ;JPN;osebni avtomobil;180;vozilo z dviûnimi vrati zadaj;SWIFT 
66;1539;5.1;1;VOLKSWAGEN;CAYBAC-FM6FM62S0267MGS5N1VR0SO;TOURAN / 1.6 / TDI;Nemcija;DEU;osebni avtomobil;174;karavan;TOURAN 
66;1391;5.1;1;VOLKSWAGEN;1JSTAGRX01-SGFM52J025M4;BORA / 1.9;Nemcija;DEU;osebni avtomobil;180;limuzina;BORA 
66;1380;5.1;1;VOLKSWAGEN;1J-ALH;GOLF / 1.9;Nemcija;DEU;osebni avtomobil;180;karavan;GOLF 
66;1375;5.1;1;VOLKSWAGEN;1J-AGR;GOLF / 1.9 / TDI;Nemcija;DEU;osebni avtomobil;180;vozilo z dviûnimi vrati zadaj;GOLF 
66;1371;5.1;1;VOLKSWAGEN;STALHX01-SGFM52J025M41N10GE;BORA / 1.9 / TDI;Nemcija;DEU;osebni avtomobil;180;limuzina;BORA 
66;1367;5.1;1;VOLKSWAGEN;1J-ALH;GOLF / VAR. 1.9;Nemcija;DEU;osebni avtomobil;180;karavan;GOLF 
66;1355;5.1;1;VOLKSWAGEN;1JSCAGRX01-SGFM52J026M4;GOLF / 1.9 / TDI;Nemcija;DEU;osebni avtomobil;180;vozilo z dviûnimi vrati zadaj;GOLF 
66;1352;5.1;1;VOLKSWAGEN;STAGRX01-SGFM52J025M4;BORA / 1.9 / TDI;Nemcija;DEU;osebni avtomobil;180;limuzina;BORA 
66;1350;5.1;1;VOLKSWAGEN;1HX1;GOLF / 1.9 / TDI;Nemcija;DEU;osebni avtomobil;172;karavan;GOLF 
66;1338;5.1;1;VOLKSWAGEN;SEALHX01-SGFM52J025N41N10GE;GOLF / VAR. 1.9 / TDI;Nemcija;DEU;osebni avtomobil;180;karavan;GOLF 
66;1326;5.1;1;VOLKSWAGEN;ACBXJX0-FM5FM5A4009N7GGN1;GOLF / 1.9 / TDI;Nemcija;DEU;osebni avtomobil;176;karavan;GOLF 
66;1301;5.1;1;VOLKSWAGEN;1J-AGR;BORA / 1.9 / TDI;Nemcija;DEU;osebni avtomobil;180;limuzina;BORA 
66;1291;5.1;1;VOLKSWAGEN;SEAGRX01-SGFM52J025N4;GOLF / VAR. 1.9 / TDI;Nemcija;DEU;osebni avtomobil;180;karavan;GOLF 
66;1226;5.1;1;VOLKSWAGEN;SCAGRX01-SGFM52J025M41N1;GOLF / 1.9 / TDI;Nemcija;DEU;osebni avtomobil;180;vozilo z dviûnimi vrati zadaj;GOLF 
66;1195;5.1;1;VOLKSWAGEN;1HX0-1Z;GOLF / VAR. 1.9 / TDI;Nemcija;DEU;osebni avtomobil;175;karavan;GOLF 
66;1185;5.1;1;VOLKSWAGEN;SCAGRX01-SGFM52J025M2;GOLF / 1.9 / TDI;Nemcija;DEU;osebni avtomobil;180;kabriolet;GOLF 
66;1185;5.1;1;VOLKSWAGEN;1H-1Z;VENTO / 1.9 / TDI;Nemcija;DEU;osebni avtomobil;178;limuzina;VENTO 
66;1172;5.1;1;VOLKSWAGEN;SCAGRX01-SGFM52J025M2;GOLF / 1.9 / TDI;Nemcija;DEU;osebni avtomobil;180;vozilo z dviûnimi vrati zadaj;GOLF 
66;1102;5.1;0;VOLKSWAGEN;ABCBZC-FM5FM52T106LLNVR07MJ;POLO / 1.2 / TSI;Nemcija;DEU;osebni avtomobil;182;vozilo z dviûnimi vrati zadaj;POLO 
66;1300;5.2;1;AUDI;8L LAGRF1 FM52J009R92;A3 / 1.9 / TDI;Nemcija;DEU;osebni avtomobil;180;vozilo z dviûnimi vrati zadaj;A3 
66;1286;5.2;1;AUDI;8L;A3 / 1.9 / TDI;Nemcija;DEU;osebni avtomobil;181;vozilo z dviûnimi vrati zadaj;A3 
66;1260;5.2;1;AUDI;8L-AGR;A3 / 1.9 / TDI;Nemcija;DEU;osebni avtomobil;180;vozilo z dviûnimi vrati zadaj;A3 
66;1185;5.2;1;AUDI;8L-ALH;A3 / 1.9 / TDI;Nemcija;DEU;osebni avtomobil;180;vozilo z dviûnimi vrati zadaj;A3 
66;1220;5.2;1;CITROEN;N2RHYF;XSARA / BREAK 2.0 / HDi;Francija;FRA;osebni avtomobil;180;karavan;XSARA 
66;1037;5.2;0;DACIA;5SDAA4;SANDERO / 0.9 / TCE;Romunija;ROM;osebni avtomobil;169;vozilo z dviûnimi vrati zadaj;SANDERO 
66;1485;5.2;1;FIAT;263AXH1B07;DOBLO / 1.6 / MULTIJET;Italija;ITA;osebni avtomobil;158;vecnamensko vozilo;DOBLO 
66;1265;5.2;1;FORD;DNW;FOCUS / 1.8 / TDDI;Nemcija;DEU;osebni avtomobil;180;karavan;FOCUS 
66;1220;5.2;1;FORD;DNW;FOCUS / 1.8 / TDDI;Nemcija;DEU;osebni avtomobil;185;karavan;FOCUS 
66;1096;5.2;0;MAZDA;6H5AAW01;MAZDA 2 / G90 / AT;Japonska ;JPN;osebni avtomobil;177;vozilo z dviûnimi vrati zadaj;MAZDA 2 
66;1175;5.2;1;MERCEDES BENZ;168;A / 170 / CDI;Nemcija;DEU;osebni avtomobil;175;karavan;A 
66;1175;5.2;1;MERCEDES BENZ;168.008-M208C2HCAA250;A / 170 / CDI;Nemcija;DEU;osebni avtomobil;168;karavan;A 
66;1100;5.2;1;MERCEDES BENZ;168.008-M208A2HCAAA50;A / 170 / CDI;Nemcija;DEU;osebni avtomobil;175;karavan;A 
66;1340;5.2;1;OPEL;BL11-1A15ANXNKG5;ASTRA / 1.3 / DTI 16V MTA;Nemcija;DEU;osebni avtomobil;171;vozilo z dviûnimi vrati zadaj;ASTRA 
66;1199;5.2;0;OPEL;CADRA12-BX2D6EHLJ5;CORSA / 1.4 /;Nemcija;DEU;osebni avtomobil;175;vozilo z dviûnimi vrati zadaj;CORSA 
66;1199;5.2;0;OPEL;CADRA12-BX2D6EHLJ5;CORSA-E / 1.4 / 16V;Nemcija;DEU;osebni avtomobil;175;vozilo z dviûnimi vrati zadaj;CORSA-E 
66;1163;5.2;0;OPEL;BADRA12-BX2D3EHLJ5;CORSA / 1.4 / 16V;Nemcija;DEU;osebni avtomobil;175;kupe;CORSA 
66;1163;5.2;0;OPEL;BADRA12-BX2D3EHLJ5;CORSA / 1.4 /;Nemcija;DEU;osebni avtomobil;175;vecnamensko vozilo;CORSA 
66;1163;5.2;0;OPEL;BADRA12-BX2D3EHLJ5;CORSA-E / 1.4 / 16V;Nemcija;DEU;osebni avtomobil;175;kupe;CORSA-E 
66;1141;5.2;0;OPEL;BADRA12-BX2D6EHLK5;CORSA / 1.4 /;Nemcija;DEU;osebni avtomobil;175;vecnamensko vozilo;CORSA 
66;1141;5.2;0;OPEL;BADRA12-BX2D3EHLJ5;CORSA / 1.4 /;Nemcija;DEU;osebni avtomobil;175;kupe;CORSA 
66;1336;5.2;1;PEUGEOT;3CRHYB;307 / 2.0;Francija;FRA;osebni avtomobil;179;vozilo z dviûnimi vrati zadaj;307
66;1335;5.2;1;PEUGEOT;3CRHYB;307 / 2.0 / HDI;Francija;FRA;osebni avtomobil;179;vozilo z dviûnimi vrati zadaj;307
66;1335;5.2;1;PEUGEOT;3CRHYB;PEUGEOT / 307 / 2.0 / HDI;Francija;FRA;osebni avtomobil;179;vozilo z dviûnimi vrati zadaj;PEUGEOT 
66;1318;5.2;1;PEUGEOT;3ARHYB;307 / 2.0 / HDI;Francija;FRA;osebni avtomobil;179;vozilo z dviûnimi vrati zadaj;307
66;1260;5.2;1;PEUGEOT;3-RHY;307 / 2.0 / HDI;Francija;FRA;osebni avtomobil;179;vozilo z dviûnimi vrati zadaj;307
66;1395;5.2;1;RENAULT;KW25C5;KANGOO / 1.5 / DCI;Francija;FRA;osebni avtomobil;160;vecnamensko vozilo;KANGOO 
66;1394;5.2;1;RENAULT;KW05B5;KANGOO / 1.5 / DCI;Francija;FRA;osebni avtomobil;160;karavan;KANGOO 
66;1380;5.2;1;RENAULT;KZ0CD5;MEGANE / 1.5 / DCI;Francija;FRA;osebni avtomobil;190;karavan;MEGANE 
66;1301;5.2;0;RENAULT;2R0415;CAPTUR / 0.9 / TCE;Francija;FRA;osebni avtomobil;171;vozilo z dviûnimi vrati zadaj;CAPTUR 
66;1298;5.2;0;RENAULT;2RB11A;CAPTUR / 0.9 / TCE;Francija;FRA;osebni avtomobil;171;vozilo z dviûnimi vrati zadaj;CAPTUR 
66;1176;5.2;0;RENAULT;2RDA1H;CAPTUR / 0.9 / TCE;Francija;FRA;osebni avtomobil;171;vozilo z dviûnimi vrati zadaj;CAPTUR 
66;1385;5.2;1;SEAT;1M-ALH;TOLEDO / 1.9 / TDI;äpanija;ESP;osebni avtomobil;180;limuzina;TOLEDO 
66;1375;5.2;1;SEAT;ABALHX01-SGFM52J025M1N10GZ5;LEON / 1.9 / TDI;äpanija;ESP;osebni avtomobil;180;vozilo z dviûnimi vrati zadaj;LEON 
66;1374;5.2;1;SEAT;ABALHX01-SGFM52J025M1N10GZ5;LEON / 1.9;äpanija;ESP;osebni avtomobil;180;vozilo z dviûnimi vrati zadaj;LEON 
66;1291;5.2;1;SEAT;1M-ALH;TOLEDO / 1.9;äpanija;ESP;osebni avtomobil;180;limuzina;TOLEDO 
66;1432;5.2;1;äKODA;SEALHX01-FM5FM52J025N0GZS5;OCTAVIA / COMBI 1.9 / TDI;Ceöka republika;CZE;osebni avtomobil;182;karavan;OCTAVIA 
66;1423;5.2;1;äKODA;SEALHX01-FM5FM52J025N0GZS5;OCTAVIA / COMBI 1.9;Ceöka republika;CZE;osebni avtomobil;182;karavan;OCTAVIA 
66;1413;5.2;1;äKODA;SE ALHX01-FM5FM52J025N0GZS5;OCTAVIA / COMBI 1.9 / TDI;Ceöka republika;CZE;osebni avtomobil;182;karavan;OCTAVIA 
66;1412;5.2;1;äKODA;SEALHX01-FM5FM52J025N0GZ;OCTAVIA / COMBI 1.9;Ceöka republika;CZE;osebni avtomobil;182;karavan;OCTAVIA 
66;1401;5.2;1;äKODA;1U ST ALHX01-FM5FM52J025N0GZS5;OCTAVIA / 1.9;Ceöka republika;CZE;osebni avtomobil;182;limuzina;OCTAVIA 
66;1382;5.2;1;äKODA;STALHX01-FM5FM52J025M0GZS5;OCTAVIA / 1.9;Ceöka republika;CZE;osebni avtomobil;182;limuzina;OCTAVIA 
66;1370;5.2;1;äKODA;1U;OCTAVIA / 1.9 / TDI;Slovaöka;SVK;osebni avtomobil;178;vozilo z dviûnimi vrati zadaj;OCTAVIA 
66;1344;5.2;1;äKODA;1U SE ALHX01-FM5FM52J025N0GZS5;OCTAVIA / COMBI 1.9;Ceöka republika;CZE;osebni avtomobil;182;karavan;OCTAVIA 
66;1338;5.2;1;äKODA;1U SEALHX01-FM5FM52J025N0GZ;OCTAVIA / COMBI 1.9;Ceöka republika;CZE;osebni avtomobil;182;karavan;OCTAVIA 
66;1326;5.2;1;äKODA;1U STALHX01-FM5FM52J025N0GZ;OCTAVIA / 1.9;Ceöka republika;CZE;osebni avtomobil;182;limuzina;OCTAVIA 
66;1324;5.2;1;äKODA;1U ST ALHX01-FM5FM52J025N0GZS5;äKODA / OCTAVIA / 1.9 / TDI;Ceöka republika;CZE;osebni avtomobil;182;limuzina;äKODA 
66;945;5.2;0;SUZUKI;MFJ11S-MT-4;IGNIS / 1.2 / 4WD MT / 4;Japonska ;JPN;osebni avtomobil;165;vozilo z dviûnimi vrati zadaj;IGNIS 
66;910;5.2;0;SUZUKI;MFH21S-MT2-5;IGNIS / 1.2 / MT2 / 5;Japonska ;JPN;osebni avtomobil;170;vozilo z dviûnimi vrati zadaj;IGNIS 
66;1437;5.2;1;VOLKSWAGEN;1JSEALHX01-SGFM52J025N41N10GE;GOLF / VAR. 1.9;Nemcija;DEU;osebni avtomobil;180;karavan;GOLF 
66;1435;5.2;1;VOLKSWAGEN;ABBRUX0-FM5FM5A4009N40GGS1;GOLF / 1.9;Nemcija;DEU;osebni avtomobil;176;vozilo z dviûnimi vrati zadaj;GOLF 
66;1433;5.2;1;VOLKSWAGEN;ABBRUX0-FM5FM5A4009N40GGN1;GOLF / 1.9 / TDI;Nemcija;DEU;osebni avtomobil;176;vozilo z dviûnimi vrati zadaj;GOLF 
66;1432;5.2;1;VOLKSWAGEN;1JSEALHX01-SGFM52J025N41N10GE;GOLF / VAR.  1.9 / TDI;Nemcija;DEU;osebni avtomobil;180;karavan;GOLF 
66;1431;5.2;1;VOLKSWAGEN;1K;GOLF / 1.9 / TDI;Nemcija;DEU;osebni avtomobil;176;vozilo z dviûnimi vrati zadaj;GOLF 
66;1429;5.2;1;VOLKSWAGEN;ABBXFX0-FM5FM5A4009N40GGN1;GOLF / 1.9 / TDI;Nemcija;DEU;osebni avtomobil;176;vozilo z dviûnimi vrati zadaj;GOLF 
66;1428;5.2;1;VOLKSWAGEN;SEALHX01-SGFM52J025N41N10GE;GOLF / VAR. 1.9 / TDI;Nemcija;DEU;osebni avtomobil;180;karavan;GOLF 
66;1426;5.2;1;VOLKSWAGEN;ABBRUX01-FM5A4009N4;GOLF / 1.9;Nemcija;DEU;osebni avtomobil;176;vozilo z dviûnimi vrati zadaj;GOLF 
66;1424;5.2;1;VOLKSWAGEN;ABBRUX01-FM5FM5A4009N40GG;GOLF / 1.9;Nemcija;DEU;osebni avtomobil;176;vozilo z dviûnimi vrati zadaj;GOLF 
66;1422;5.2;1;VOLKSWAGEN;1JSEALHX01-SGFM52J025N41N1;GOLF / VAR.  1.9 / TDI;Nemcija;DEU;osebni avtomobil;180;karavan;GOLF 
66;1422;5.2;1;VOLKSWAGEN;ABBRUX01-FM5FM5A4009N40GG;GOLF / 1.9 / TDI;Nemcija;DEU;osebni avtomobil;176;vozilo z dviûnimi vrati zadaj;GOLF 
66;1419;5.2;1;VOLKSWAGEN;1JSEALHX01-SGFM52J025N41N10GE;GOLF / VAR.  1.9 / TDI;Nemcija;DEU;osebni avtomobil;180;karavan;GOLF 
66;1415;5.2;1;VOLKSWAGEN;ABBRUX0-FM5FM5A4009N40GGN1;GOLF / 1.9;Nemcija;DEU;osebni avtomobil;176;vozilo z dviûnimi vrati zadaj;GOLF 
66;1414;5.2;1;VOLKSWAGEN;ABBRUX0-FM5FM5A4009N40GGN1; /;Nemcija;DEU;osebni avtomobil;176;vozilo z dviûnimi vrati zadaj;
66;1405;5.2;1;VOLKSWAGEN;1K ABBRUX0;GOLF / 1.9 / TDI;Nemcija;DEU;osebni avtomobil;187;vozilo z dviûnimi vrati zadaj;GOLF 
66;1397;5.2;1;VOLKSWAGEN;1J-ALH;GOLF / 1.9 / TDI;Nemcija;DEU;osebni avtomobil;180;karavan;GOLF 
66;1397;5.2;1;VOLKSWAGEN;1J-ALH; /;Nemcija;DEU;osebni avtomobil;180;karavan;
66;1390;5.2;1;VOLKSWAGEN;1J-ALH;GOLF / 1.9 TDI;Nemcija;DEU;osebni avtomobil;180;vozilo z dviûnimi vrati zadaj;GOLF 
66;1388;5.2;1;VOLKSWAGEN;ABBRUX01-FM5FM5A4009M20G;GOLF / 1.9 / TDI;Nemcija;DEU;osebni avtomobil;176;vozilo z dviûnimi vrati zadaj;GOLF 
66;1386;5.2;1;VOLKSWAGEN;ABBRUX0-FM5FM5A4009M40GGN1;GOLF / 1.9 / TDI;Nemcija;DEU;osebni avtomobil;176;vozilo z dviûnimi vrati zadaj;GOLF 
66;1380;5.2;1;VOLKSWAGEN;1J-ALH;GOLF / VAR. 1.9 / TDI;Nemcija;DEU;osebni avtomobil;180;karavan;GOLF 
66;1370;5.2;1;VOLKSWAGEN;1JSEALHX01-SGFM52J025N41N10GE;GOLF / VAR. 1.9 / TDI;Nemcija;DEU;osebni avtomobil;180;karavan;GOLF 
66;1367;5.2;1;VOLKSWAGEN;1K ABBRUX01-FM5A4009N4;VOLKSWAGEN / GOLF / 1.9 / TDI;Nemcija;DEU;osebni avtomobil;176;vozilo z dviûnimi vrati zadaj;VOLKSWAGEN 
66;1364;5.2;1;VOLKSWAGEN;9CSALHX01-SGFM52J025M41N1;NEW BEETLE / 1.9;Nemcija;DEU;osebni avtomobil;171;vozilo z dviûnimi vrati zadaj;NEW BEETLE 
66;1362;5.2;1;VOLKSWAGEN;1K-BRU;GOLF / 1.9;Nemcija;DEU;osebni avtomobil;180;vozilo z dviûnimi vrati zadaj;GOLF 
66;1362;5.2;1;VOLKSWAGEN;1K-BRU;GOLF / 1.9 / TDI;Nemcija;DEU;osebni avtomobil;176;vozilo z dviûnimi vrati zadaj;GOLF 
66;1359;5.2;1;VOLKSWAGEN;SCALHX01-SGFM52J025M41N1;NEW BEETLE / 1.9 / TDI;Nemcija;DEU;osebni avtomobil;171;vozilo z dviûnimi vrati zadaj;NEW BEETLE 
66;1357;5.2;1;VOLKSWAGEN;ABBRUX01-FM5A4009N4;GOLF / 1.9 / TDI;Nemcija;DEU;osebni avtomobil;176;vozilo z dviûnimi vrati zadaj;GOLF 
66;1355;5.2;1;VOLKSWAGEN;ABBRUX0-FM5FM5A4009N40GGN1;GOLF / 1.9 TDI;Nemcija;DEU;osebni avtomobil;176;vozilo z dviûnimi vrati zadaj;GOLF 
66;1354;5.2;1;VOLKSWAGEN;1K ABBRUX01-FM5A4009N4;GOLF / 1.9 TDI;Nemcija;DEU;osebni avtomobil;176;vozilo z dviûnimi vrati zadaj;GOLF 
66;1347;5.2;1;VOLKSWAGEN;9C;NEW BEETLE / 1.9;Nemcija;DEU;osebni avtomobil;171;vozilo z dviûnimi vrati zadaj;NEW BEETLE 
66;1345;5.2;1;VOLKSWAGEN;1J;GOLF / 1.9 / TDI;Nemcija;DEU;osebni avtomobil;180;karavan;GOLF 
66;1344;5.2;1;VOLKSWAGEN;9CSCALHX01-SGFM52J025M41N1;NEW BEETLE / 1.9 / TDI;Nemcija;DEU;osebni avtomobil;171;vozilo z dviûnimi vrati zadaj;NEW BEETLE 
66;1340;5.2;1;VOLKSWAGEN;ABBRUX01-FM5A4009N4;GOLF / 1.9 TDI;Nemcija;DEU;osebni avtomobil;176;vozilo z dviûnimi vrati zadaj;GOLF 
66;1339;5.2;1;VOLKSWAGEN;1J - SEALHX01;GOLF / 1.9 / TDI;Nemcija;DEU;osebni avtomobil;180;karavan;GOLF 
66;1338;5.2;1;VOLKSWAGEN;1K ABBRUX01-FM5A4009N4;GOLF / 1.9;Nemcija;DEU;osebni avtomobil;176;vozilo z dviûnimi vrati zadaj;GOLF 
66;1330;5.2;1;VOLKSWAGEN;STALHX01-SGFM52J025M41N10GE;BORA / 1.9 / TDI;Nemcija;DEU;osebni avtomobil;180;limuzina;BORA 
66;1328;5.2;1;VOLKSWAGEN;9C-ALH;NEW BEETLE / 1.9 / TDI;Nemcija;DEU;osebni avtomobil;171;vozilo z dviûnimi vrati zadaj;NEW BEETLE 
66;1326;5.2;1;VOLKSWAGEN;1K-BRU;GOLF / 1.9 / TDI;Nemcija;DEU;osebni avtomobil;180;vozilo z dviûnimi vrati zadaj;GOLF 
66;1326;5.2;1;VOLKSWAGEN;1K-BXF;GOLF / 1.9 / TDI;Nemcija;DEU;osebni avtomobil;176;vozilo z dviûnimi vrati zadaj;GOLF 
66;1323;5.2;1;VOLKSWAGEN;9C-ALH;NEW BEETLE / 1.9;Nemcija;DEU;osebni avtomobil;171;vozilo z dviûnimi vrati zadaj;NEW BEETLE 
66;1312;5.2;1;VOLKSWAGEN;1J-ALH;GOLF / 1.9;Nemcija;DEU;osebni avtomobil;180;vozilo z dviûnimi vrati zadaj;GOLF 
66;1305;5.2;1;VOLKSWAGEN;1J-ALH;GOLF / 1.9;Nemcija;DEU;osebni avtomobil;180;karavan;GOLF 
66;1302;5.2;1;VOLKSWAGEN;1J-ALH;GOLF / 1.9 / TDI;Nemcija;DEU;osebni avtomobil;180;vozilo z dviûnimi vrati zadaj;GOLF 
66;1300;5.2;1;VOLKSWAGEN;1J-AGR;GOLF / 1.9;Nemcija;DEU;osebni avtomobil;180;limuzina;GOLF 
66;1300;5.2;1;VOLKSWAGEN;1E-ALE;GOLF / CABRIO / TDI;Nemcija;DEU;osebni avtomobil;175;kabriolet;GOLF 
66;1291;5.2;1;VOLKSWAGEN;SCALHX01-SGFM52J025M41N10GE;GOLF / 1.9 / TDI;Nemcija;DEU;osebni avtomobil;180;vozilo z dviûnimi vrati zadaj;GOLF 
66;1285;5.2;1;VOLKSWAGEN;9C;NEEW BEETLE / 1.9 / TDI;Nemcija;DEU;osebni avtomobil;171;vozilo z dviûnimi vrati zadaj;NEEW BEETLE 
66;1285;5.2;1;VOLKSWAGEN;9C;NEW BEETLE / 1.9 / TDI;Nemcija;DEU;osebni avtomobil;171;vozilo z dviûnimi vrati zadaj;NEW BEETLE 
66;1284;5.2;1;VOLKSWAGEN;9C-ALH;NEWBEETLE / 1.9 / TDI;Nemcija;DEU;osebni avtomobil;171;vozilo z dviûnimi vrati zadaj;NEWBEETLE 
66;1282;5.2;1;VOLKSWAGEN;9C;NEEW / BEETLE / 1.9 / TDI;Nemcija;DEU;osebni avtomobil;171;vozilo z dviûnimi vrati zadaj;NEEW 
66;1275;5.2;1;VOLKSWAGEN;1H-ALE;GOLF / 1.9;Nemcija;DEU;osebni avtomobil;180;karavan;GOLF 
66;1270;5.2;1;VOLKSWAGEN;1H-AHU;GOLF / 1.9 / TDI;Nemcija;DEU;osebni avtomobil;180;karavan;GOLF 
66;1219;5.2;1;VOLKSWAGEN;1E-ALH;GOLF / 1.9 /  TDI / CABRIOLET;Nemcija;DEU;osebni avtomobil;180;kabriolet;GOLF 
66;1195;5.2;1;VOLKSWAGEN;1H-1Z;GOLF / 1.9;Nemcija;DEU;osebni avtomobil;175;karavan;GOLF 
66;1184;5.2;1;VOLKSWAGEN;1J-AGR;GOLF / 1.9 / TDI;Nemcija;DEU;osebni avtomobil;180;limuzina;GOLF 
66;1340;5.3;1;AUDI;B5-AHH;A4 / 1.9 / TDI;Nemcija;DEU;osebni avtomobil;182;limuzina;A4 
66;1300;5.3;1;AUDI;LAGRF1-FM52J009R92;A3 / 1.9 / TDI;Nemcija;DEU;osebni avtomobil;180;vozilo z dviûnimi vrati zadaj;A3 
66;1504;5.3;1;CITROEN;7J9HVC/1;BERLINGO / 1.6 / HDI;Francija;FRA;osebni avtomobil;160;karavan;BERLINGO 
66;1037;5.3;0;DACIA;5SDAA4;SANDERO / 0.9 / TCE;Romunija;ROM;osebni avtomobil;169;vozilo z dviûnimi vrati zadaj;SANDERO 
66;1340;5.3;1;FIAT;192AXV1A48;STILO / 1.9 / JTD;Italija;ITA;osebni avtomobil;177;vozilo z dviûnimi vrati zadaj;STILO 
66;1146;5.3;0;HONDA;GG22-2;JAZZ / 1.2 /;Kitajska ;CHN;osebni avtomobil;177;vozilo z dviûnimi vrati zadaj;JAZZ 
66;1142;5.3;0;HONDA;GG13-2;JAZZ / 1.2 /;Japonska ;JPN;osebni avtomobil;177;vozilo z dviûnimi vrati zadaj;JAZZ 
66;1142;5.3;0;HONDA;GG24-1;JAZZ / 1.2 /;Kitajska ;CHN;osebni avtomobil;177;vozilo z dviûnimi vrati zadaj;JAZZ 
66;1131;5.3;0;HONDA;GG54-1;JAZZ / 1.2 /;Zdruûeno kraljestvo;GBR;osebni avtomobil;177;vozilo z dviûnimi vrati zadaj;JAZZ 
66;1131;5.3;0;HONDA;GG23-3;JAZZ / 1.2 /;Kitajska ;CHN;osebni avtomobil;177;vozilo z dviûnimi vrati zadaj;JAZZ 
66;1122;5.3;0;HONDA;GG22-1;JAZZ / 1.2 /;Kitajska ;CHN;osebni avtomobil;177;vozilo z dviûnimi vrati zadaj;JAZZ 
66;1122;5.3;0;HONDA;GG13-1;JAZZ / 1.2 /;Japonska ;JPN;osebni avtomobil;177;vozilo z dviûnimi vrati zadaj;JAZZ 
66;1100;5.3;0;MAZDA;6HD6FW0A;MAZDA 2 / G90 /;Japonska ;JPN;osebni avtomobil;183;vozilo z dviûnimi vrati zadaj;MAZDA 2 
66;1540;5.3;1;NISSAN;M20M-N12;NV200 / 1.5 / DCI;ävica;CHE;osebni avtomobil;158;vecnamensko vozilo;NV200 
66;1486;5.3;1;NISSAN;M20-N12;NV200 / 1.5 / DCI;äpanija;ESP;osebni avtomobil;158;vecnamensko vozilo;NV200 
66;1318;5.3;1;PEUGEOT;3ARHY-B;307 / 2.0 / HDI;Francija;FRA;osebni avtomobil;179;vozilo z dviûnimi vrati zadaj;307
66;1191;5.3;1;PEUGEOT;2KRHYF;206 / BREAK XS 2.0 / HDI;Francija;FRA;osebni avtomobil;179;karavan;206
66;1191;5.3;1;PEUGEOT;2KRHYF;PEUGEOT / 206 / BREAK XS 2.0 / HDI;Francija;FRA;osebni avtomobil;179;karavan;PEUGEOT 
66;1145;5.3;1;PEUGEOT;2HRHYF;206 / 2.0 / HDI;Francija;FRA;osebni avtomobil;179;vozilo z dviûnimi vrati zadaj;206
66;1145;5.3;1;PEUGEOT;2HRHYF;PEUGEOT / 206 / 2.0 / HDI;Francija;FRA;osebni avtomobil;179;vozilo z dviûnimi vrati zadaj;PEUGEOT 
66;1477;5.3;1;RENAULT;KW0GB5;KANGOO / 1.5 / DCI;Francija;FRA;osebni avtomobil;160;vecnamensko vozilo;KANGOO 
66;1408;5.3;1;RENAULT;R00JD2N4ASA11A5000;CAPTUR / 1.5 / DCI AUT.;Francija;FRA;osebni avtomobil;172;vozilo z dviûnimi vrati zadaj;CAPTUR 
66;1376;5.3;1;RENAULT;R00JD2N45SA10A5000;CAPTUR / 1.5 / DCI;Francija;FRA;osebni avtomobil;171;vozilo z dviûnimi vrati zadaj;CAPTUR 
66;885;5.3;0;SUZUKI;MFH11S-MT-4;IGNIS / 1.2 / MT / 4;Japonska ;JPN;osebni avtomobil;170;vozilo z dviûnimi vrati zadaj;IGNIS 
66;1417;5.3;1;VOLKSWAGEN;1J-1Z;GOLF / 1.9;Nemcija;DEU;osebni avtomobil;160;kabriolet;GOLF 
66;1356;5.3;1;VOLKSWAGEN;SEALHX01-SGFM52J025N41N10GE;GOLF / VAR. 1.9 / TDI;Nemcija;DEU;osebni avtomobil;180;karavan;GOLF 
66;1323;5.3;1;VOLKSWAGEN;SCATDX01-SGFM52J024N41N;NEW BEETLE / 1.9 / TDI;Nemcija;DEU;osebni avtomobil;171;vozilo z dviûnimi vrati zadaj;NEW BEETLE 
66;1294;5.3;1;VOLKSWAGEN;SEAGRX01-SGFM52J025N41N1;GOLF / VAR. 1.9 / TDI;Nemcija;DEU;osebni avtomobil;180;karavan;GOLF 
66;1226;5.3;1;VOLKSWAGEN;SCALHX01-SGFM52J025M41N10GE;GOLF / 1.9 / TDI;Nemcija;DEU;osebni avtomobil;180;vozilo z dviûnimi vrati zadaj;GOLF 
66;1225;5.3;1;VOLKSWAGEN;1E-1Z;GOLF / CABRIO 1.9 / TDI;Nemcija;DEU;osebni avtomobil;172;kabriolet;GOLF 
66;1183;5.3;1;VOLKSWAGEN;SCALHX01;GOLF / 1.9 / TDI;Nemcija;DEU;osebni avtomobil;180;vozilo z dviûnimi vrati zadaj;GOLF 
66;1129;5.3;0;VOLKSWAGEN;ABCBZC-FD7FD7AM017LLNVR07MJ;POLO / 1.2 / TSI AUT.;Nemcija;DEU;osebni avtomobil;182;vozilo z dviûnimi vrati zadaj;POLO 
66;1051;5.3;0;VOLKSWAGEN;ABDKLC-FM5FM5DF0047CPVR2N1CVW1CM;UP! / 1.0 / TSI;Nemcija;DEU;osebni avtomobil;179;vozilo z dviûnimi vrati zadaj;UP! 
66;1455;5.4;1;AUDI;B5-AHH;A 4 / AVANT 1.9;Nemcija;DEU;osebni avtomobil;177;karavan;A 4 
66;1423;5.4;1;AUDI;8DS-1Z;A4 / 1.9 / TDI;Nemcija;DEU;osebni avtomobil;208;limuzina;A4 
66;1423;5.4;1;AUDI;B5AAHHF1-FM52EHR92N;A4 / AVANT 1.9 / TDI;Nemcija;DEU;osebni avtomobil;177;karavan;A4 
66;1405;5.4;1;AUDI;B5-AHH;A4 / AVANT 1.9 / TDI;Nemcija;DEU;osebni avtomobil;177;karavan;A4 
66;1390;5.4;1;AUDI;B5-AHU;A 4 / AVANT 1.9;Nemcija;DEU;osebni avtomobil;178;karavan;A 4 
66;1380;5.4;1;AUDI;B5;A4 / AVANT 1.9 / TDI;Nemcija;DEU;osebni avtomobil;178;karavan;A4 
66;1360;5.4;1;AUDI;B5-AHU;A4 / AVANT 1.9 / TDI;Nemcija;DEU;osebni avtomobil;180;limuzina;A4 
66;1340;5.4;1;AUDI;B-AJM;A 4 / 1.9 TDI;Nemcija;DEU;osebni avtomobil;182;limuzina;A 4 
66;1315;5.4;1;AUDI;B5-AHU;A4 / 1.9 / TDI;Nemcija;DEU;osebni avtomobil;184;limuzina;A4 
66;1315;5.4;1;AUDI;8DS1ZM5F;A4 / 1.9 / TDI;Nemcija;DEU;osebni avtomobil;183;limuzina;A4 
66;1290;5.4;1;AUDI;8E-1Z;A 4 / 1.9;Nemcija;DEU;osebni avtomobil;184;limuzina;A 4 
66;1245;5.4;1;AUDI;8L;A3 / 1.9 / TDI;Nemcija;DEU;osebni avtomobil;180;vozilo z dviûnimi vrati zadaj;A3 
66;1185;5.4;1;AUDI;LAHUF1-FM52DQR92S5;AUDI / A4 / 1.9 / TDI;Nemcija;DEU;osebni avtomobil;184;limuzina;AUDI 
66;1050;5.4;0;AUDI;8E-ADA;80 / 1.8;Nemcija;DEU;osebni avtomobil;208;limuzina;80
66;1725;5.4;1;CITROEN;N1RHYB;XSARA / 2.0;Francija;FRA;osebni avtomobil;180;vozilo z dviûnimi vrati zadaj;XSARA 
66;1315;5.4;1;CITROEN;GJ9HXC;BERLINGO / 1.6 / HDi;Francija;FRA;osebni avtomobil;160;karavan;BERLINGO 
66;1275;5.4;1;CITROEN;N1RHYBN*RHY*-N1RHYB*;CITROÀN / XSARA / 2.0 / HDi;Francija;FRA;osebni avtomobil;180;vozilo z dviûnimi vrati zadaj;CITROÀN 
66;1200;5.4;1;CITROEN;N1R-HYB;XSARA / 2.0 / HDI;Francija;FRA;osebni avtomobil;180;vozilo z dviûnimi vrati zadaj;XSARA 
66;1098;5.4;0;DACIA;5SDAAC;SANDERO / 0.9 / TCE;Romunija;ROM;osebni avtomobil;168;vozilo z dviûnimi vrati zadaj;SANDERO 
66;1307;5.4;1;FORD;DNW;FOCUS / 1.8 / TDI;Nemcija;DEU;osebni avtomobil;184;karavan;FOCUS 
66;1295;5.4;1;FORD;DNW-C9DB;FOCUS / 1.8 / TDI;Nemcija;DEU;osebni avtomobil;180;karavan;FOCUS 
66;1281;5.4;1;FORD;DAWC9DA1-5QFBMR;FOCUS / 1.8;Nemcija;DEU;osebni avtomobil;184;vozilo z dviûnimi vrati zadaj;FOCUS 
66;1273;5.4;1;FORD;DNW;FOCUS / 1.8 / TDDI;Nemcija;DEU;osebni avtomobil;184;karavan;FOCUS 
66;1269;5.4;1;FORD;DAWC9DB1-5KFDMR;FOCUS / 1.8 / DI;Nemcija;DEU;osebni avtomobil;184;vozilo z dviûnimi vrati zadaj;FOCUS 
66;1190;5.4;1;FORD;DNW-C9DB;FORD / FOCUS / 1.8 / TDI;Nemcija;DEU;osebni avtomobil;180;karavan;FORD 
66;1142;5.4;0;HONDA;GG23-2;JAZZ / 1.2 /;Kitajska ;CHN;osebni avtomobil;177;vozilo z dviûnimi vrati zadaj;JAZZ 
66;1290;5.4;1;MAZDA;GF;626 / 2.0 / DITD;Japonska ;JPN;osebni avtomobil;180;vozilo z dviûnimi vrati zadaj;626
66;1465;5.4;1;PEUGEOT;3HRHYB;307 / MONOSPACE 2.0 / HDI;Francija;FRA;osebni avtomobil;174;karavan;307
66;1465;5.4;1;PEUGEOT;3HRHYB;307 / MONOSPACE 2.0 / HDI;Francija;FRA;osebni avtomobil;174;vecnamensko vozilo;307
66;1465;5.4;1;PEUGEOT;3HRHYB;PEUGEOT / 307 / MONOSPACE 2.0 / HDI;Francija;FRA;osebni avtomobil;174;vecnamensko vozilo;PEUGEOT 
66;1405;5.4;1;PEUGEOT;3ERHY-B;307 / BREAK  2.0 / HDI;Francija;FRA;osebni avtomobil;174;karavan;307
66;1403;5.4;1;PEUGEOT;3ERHYB;307 / BREAK 2.0 / HDI;Francija;FRA;osebni avtomobil;176;karavan;307
66;1403;5.4;1;PEUGEOT;3ERHYB;307 / BREAK 2.0 / HDI;Francija;FRA;osebni avtomobil;174;karavan;307
66;1390;5.4;1;PEUGEOT;3-HRHYB;307 / MONOSPACE /  2.0 / HDI;Francija;FRA;osebni avtomobil;174;vecnamensko vozilo;307
66;1344;5.4;1;PEUGEOT;GJ9HWC;PARTNER / 1.6 / HDI;Francija;FRA;osebni avtomobil;150;vecnamensko vozilo;PARTNER 
66;1315;5.4;1;PEUGEOT;GJ9HX-C;PARTNER / 1.6 / HDI;Francija;FRA;osebni avtomobil;160;karavan;PARTNER 
66;1315;5.4;1;PEUGEOT;GJ9HXC;PARTNER / 1.6;Francija;FRA;osebni avtomobil;160;vecnamensko vozilo;PARTNER 
66;1286;5.4;0;RENAULT;R00JE2NF5SA09A5000;CAPTUR / 0.9 / TCE;Francija;FRA;osebni avtomobil;171;vozilo z dviûnimi vrati zadaj;CAPTUR 
66;1307;5.4;1;SEAT;1M;LEON / 1.9;äpanija;ESP;osebni avtomobil;180;vozilo z dviûnimi vrati zadaj;LEON 
66;1360;5.4;1;äKODA;1U;OCTAVIA / 1.9 / TDI;Ceöka republika;CZE;osebni avtomobil;182;karavan;OCTAVIA 
66;1325;5.4;1;äKODA;ADCF1-AP2P2FM5DGL;OCTAVIA / COMBI 1.9 / TDI;Ceöka republika;CZE;osebni avtomobil;178;karavan;OCTAVIA 
66;1324;5.4;1;äKODA;1U-STALHX01FM5FM52J025NOGE;OCTAVIA  1.9;Ceöka republika;CZE;osebni avtomobil;182;vozilo z dviûnimi vrati zadaj;OCTAVIA  1.9
66;1503;5.4;1;VOLKSWAGEN;AFBXFX0-FM5FM5A4032N0GGN1;GOLF PLUS / 1.9 / TDI;Nemcija;DEU;osebni avtomobil;173;vecnamensko vozilo;GOLF PLUS 
66;1494;5.4;1;VOLKSWAGEN;AFBRUX0-FM5FM5A4032N0GGN1;GOLF PLUS / 1.9;Nemcija;DEU;osebni avtomobil;173;vecnamensko vozilo;GOLF PLUS 
66;1481;5.4;1;VOLKSWAGEN;AFBRUX0-FM5FM5A4032N0GGN1;GOLF PLUS / 1.9 / TDI;Nemcija;DEU;osebni avtomobil;173;vecnamensko vozilo;GOLF PLUS 
66;1437;5.4;1;VOLKSWAGEN;3B;PASSAT / 1.9;Nemcija;DEU;osebni avtomobil;176;karavan;PASSAT 
66;1380;5.4;1;VOLKSWAGEN;1J;GOLF / 1.9;Nemcija;DEU;osebni avtomobil;180;karavan;GOLF 
66;1367;5.4;1;VOLKSWAGEN;1J;GOLF / 1.9 TDI;Nemcija;DEU;osebni avtomobil;180;karavan;GOLF 
66;1345;5.4;1;VOLKSWAGEN;3BSTAHUX01-SGFM512089N;PASSAT / 1.9 / TDI;Nemcija;DEU;osebni avtomobil;184;limuzina;PASSAT 
66;1323;5.4;1;VOLKSWAGEN;9C-ALH;NEWBEETLE / 1.9 / TDI;Nemcija;DEU;osebni avtomobil;171;vozilo z dviûnimi vrati zadaj;NEWBEETLE 
66;1323;5.4;1;VOLKSWAGEN;9C;NEEW BEETLE / 1.9 / TDI;Nemcija;DEU;osebni avtomobil;171;vozilo z dviûnimi vrati zadaj;NEEW BEETLE 
66;1323;5.4;1;VOLKSWAGEN;9C;NEW BEETLE / 1.9;Nemcija;DEU;osebni avtomobil;171;vozilo z dviûnimi vrati zadaj;NEW BEETLE 
66;1312;5.4;1;VOLKSWAGEN;1J;GOLF / 1.9;Nemcija;DEU;osebni avtomobil;180;vozilo z dviûnimi vrati zadaj;GOLF 
66;1285;5.4;1;VOLKSWAGEN;SCALHX01-SGFM52J025M4;NEW BEETLE / 1.9 / TDI;Nemcija;DEU;osebni avtomobil;171;vozilo z dviûnimi vrati zadaj;NEW BEETLE 
66;1274;5.4;1;VOLKSWAGEN;1J;GOLF / 1.9 / TDI;Nemcija;DEU;osebni avtomobil;180;vozilo z dviûnimi vrati zadaj;GOLF 
66;1225;5.4;1;VOLKSWAGEN;1EX0;GOLF / CABRIOLET;Nemcija;DEU;osebni avtomobil;172;kabriolet;GOLF 
66;1200;5.4;1;VOLKSWAGEN;1H1Z2;GOLF / 1.9 / TDI;Nemcija;DEU;osebni avtomobil;178;vozilo z dviûnimi vrati zadaj;GOLF 
66;1195;5.4;1;VOLKSWAGEN;1HX0;GOLF / 1.9 / TDI;Nemcija;DEU;osebni avtomobil;175;karavan;GOLF 
66;1158;5.4;0;VOLKSWAGEN;ABCBZC-FM5FM52T106LLCVR07MQ;POLO / 1.2 / TSI;Nemcija;DEU;osebni avtomobil;178;vozilo z dviûnimi vrati zadaj;POLO 
66;1120;5.4;1;VOLKSWAGEN;1Z-1HX0;GOLF / 1.9 / TDI;Nemcija;DEU;osebni avtomobil;178;vozilo z dviûnimi vrati zadaj;GOLF 
66;1345;5.5;1;AUDI;B5;A 4 / 1.9;Nemcija;DEU;osebni avtomobil;180;karavan;A 4 
66;1260;5.5;1;AUDI;8L;A 3 / 1.9;Nemcija;DEU;osebni avtomobil;181;vozilo z dviûnimi vrati zadaj;A 3 
66;1435;5.5;1;CITROEN;CHRHY-B/N4;XSARA PICASSO / 2.0 / HDI;Francija;FRA;osebni avtomobil;175;vecnamensko vozilo;XSARA PICASSO 
66;1375;5.5;1;CITROEN;C-RHY;XSARA / PICASSO / 2.0 / HDI;Francija;FRA;osebni avtomobil;187;vecnamensko vozilo;XSARA 
66;1375;5.5;1;CITROEN;CHRHYB;XSARA PICASSO / 2.0;Francija;FRA;osebni avtomobil;175;vecnamensko vozilo;XSARA PICASSO 
66;1375;5.5;1;CITROEN;CHRHYB;XSARA / PICASSO /  2.0 / HDI;Francija;FRA;osebni avtomobil;175;vecnamensko vozilo;XSARA 
66;1375;5.5;1;CITROEN;CHRHY-B;XSARA PICASSO / 2.0 / HDI;Francija;FRA;osebni avtomobil;175;vozilo z dviûnimi vrati zadaj;XSARA PICASSO 
66;1375;5.5;1;CITROEN;C-RHY;XSARA / PICASSO / 2.0 / HDI;Francija;FRA;osebni avtomobil;175;vozilo z dviûnimi vrati zadaj;XSARA 
66;1375;5.5;1;CITROEN;CHRHYB;XSARA PICASSO / 2.0;Francija;FRA;osebni avtomobil;175;limuzina;XSARA PICASSO 
66;1325;5.5;1;CITROEN;N2RHYB;XSARA / BREAK 2.0;Francija;FRA;osebni avtomobil;181;karavan;XSARA 
66;1306;5.5;1;CITROEN;MFRH-YF;BERLINGO / BREAK 2.0;Francija;FRA;osebni avtomobil;159;vecnamensko vozilo;BERLINGO 
66;1306;5.5;1;CITROEN;MFRHYB-A;BERLINGO / 2.0 / HDI;Francija;FRA;osebni avtomobil;157;vecnamensko vozilo;BERLINGO 
66;1300;5.5;1;CITROEN;CHRHY-B;XSARA PICASSO / 2.0;Francija;FRA;osebni avtomobil;175;vecnamensko vozilo;XSARA PICASSO 
66;1300;5.5;1;CITROEN;CHRHYB;XSARA PICASSO / 2.0 / HDi;Francija;FRA;osebni avtomobil;175;vozilo z dviûnimi vrati zadaj;XSARA PICASSO 
66;1300;5.5;1;CITROEN;C-RHY;XSARA / PICASSO / 2.0 / HDI;Francija;FRA;osebni avtomobil;175;vecnamensko vozilo;XSARA 
66;1265;5.5;1;CITROEN;MFRHYF;BERLINGO / BREAK 2.0 / HDi;Francija;FRA;osebni avtomobil;159;vecnamensko vozilo;BERLINGO 
66;1250;5.5;1;CITROEN;N2-RHY;XSARA / 2.0;Francija;FRA;osebni avtomobil;182;karavan;XSARA 
66;1250;5.5;1;CITROEN;N2RHY-B;XSARA / BREAK 2.0;Francija;FRA;osebni avtomobil;181;karavan;XSARA 
66;1231;5.5;1;CITROEN;MFRHYF/A;BERLINGO / BREAK 2.0 / HDi MUL;Francija;FRA;osebni avtomobil;159;vecnamensko vozilo;BERLINGO 
66;1223;5.5;0;DACIA;SD07EVJR5CK000M500;LOGAN / 0.9 / TCE;Romunija;ROM;osebni avtomobil;168;karavan;LOGAN 
66;1505;5.5;1;FIAT;263AXH1B07P;DOBLO / 1.6 / MULTIJET;Italija;ITA;osebni avtomobil;158;vecnamensko vozilo;DOBLO 
66;1265;5.5;1;FORD;DNW-C9DB1;FOCUS / 1.8 / TDDI;Nemcija;DEU;osebni avtomobil;184;karavan;FOCUS 
66;1175;5.5;1;MERCEDES BENZ;168;A / 170 / CDI;Nemcija;DEU;osebni avtomobil;175;vozilo z dviûnimi vrati zadaj;A 
66;1342;5.5;0;SEAT;FDLABX0-FM5SFM5AH0234BIVL1AAH;LEON SPORTSTOURER / 1.0 / TSI;äpanija;ESP;osebni avtomobil;184;karavan;LEON SPORTSTOURER 
66;1275;5.5;0;SEAT;BDLABX0-FM5SFM5AH0234BIVL1AAH;LEON / 1.0 / TSI;äpanija;ESP;osebni avtomobil;183;karavan;LEON 
66;1110;5.5;0;SUZUKI;FZDA2S-MT;SWIFT / 1.2 / 4WD;Japonska ;JPN;osebni avtomobil;165;vozilo z dviûnimi vrati zadaj;SWIFT 
66;1512;5.5;1;VOLKSWAGEN;AFBRUX0-FM5FM5A4032O0GGN1;GOLF PLUS / 1.9;Nemcija;DEU;osebni avtomobil;173;vecnamensko vozilo;GOLF PLUS 
66;1470;5.5;1;VOLKSWAGEN;AFBXFX0-FM5FM5A4032N0GGN1;GOLF PLUS / 1.9 / TDI;Nemcija;DEU;osebni avtomobil;173;vecnamensko vozilo;GOLF PLUS 
66;1470;5.5;1;VOLKSWAGEN;AFBXFX0-FM5FM5A4032N0GGN1;GOLF PLUS / 1.9 / TDI;Nemcija;DEU;osebni avtomobil;173;limuzina;GOLF PLUS 
66;1437;5.5;1;VOLKSWAGEN;3B-AHH;PASSAT / VAR. 1.9 / TDI;Nemcija;DEU;osebni avtomobil;176;karavan;PASSAT 
66;1400;5.5;1;VOLKSWAGEN;3B;PASSAT / 1.9 / TDI;Nemcija;DEU;osebni avtomobil;178;karavan;PASSAT 
66;1380;5.5;1;VOLKSWAGEN;1J;GOLF / 1.9 / TDI;Nemcija;DEU;osebni avtomobil;180;karavan;GOLF 
66;1376;5.5;1;VOLKSWAGEN;1J;GOLF / 1.9;Nemcija;DEU;osebni avtomobil;180;karavan;GOLF 
66;1350;5.5;1;VOLKSWAGEN;1HX1;GOLF / 1.9 TDI;Nemcija;DEU;osebni avtomobil;172;karavan;GOLF 
66;1312;5.5;1;VOLKSWAGEN;1J;GOLF / 1.9 / TDI;Nemcija;DEU;osebni avtomobil;180;vozilo z dviûnimi vrati zadaj;GOLF 
66;1302;5.5;1;VOLKSWAGEN;1J;GOLF / 1.9;Nemcija;DEU;osebni avtomobil;180;vozilo z dviûnimi vrati zadaj;GOLF 
66;1300;5.5;1;VOLKSWAGEN;3B;PASSAT / 1.9 / TDI;Nemcija;DEU;osebni avtomobil;176;karavan;PASSAT 
66;1300;5.5;1;VOLKSWAGEN;1E;GOLF / 1.9;Nemcija;DEU;osebni avtomobil;175;kabriolet;GOLF 
66;1225;5.5;1;VOLKSWAGEN;1EX0;GOLF / 1.9 / TDI;Nemcija;DEU;osebni avtomobil;172;kabriolet;GOLF 
66;1380;5.6;1;AUDI;B5;A4 / 1.9 / TDI;Nemcija;DEU;osebni avtomobil;182;karavan;A4 
66;1340;5.6;1;AUDI;B5;A 4 / 1.9;Nemcija;DEU;osebni avtomobil;182;limuzina;A 4 
66;1315;5.6;1;AUDI;B5;A4 / 1.9 / TDI;Nemcija;DEU;osebni avtomobil;184;limuzina;A4 
66;1260;5.6;1;AUDI;8L;A3 / 1.9 / TDI;Nemcija;DEU;osebni avtomobil;181;vozilo z dviûnimi vrati zadaj;A3 
66;1504;5.6;1;CITROEN;7J9HVC;BERLINGO / 1.6 / HDI;Francija;FRA;osebni avtomobil;160;karavan;BERLINGO 
66;1275;5.6;1;CITROEN;N-RHY;XSARA / 2.0;Francija;FRA;osebni avtomobil;180;vozilo z dviûnimi vrati zadaj;XSARA 
66;1157;5.6;0;DACIA;SD05EVJR5CK000M500;SANDERO / 0.9 / TCE;Romunija;ROM;osebni avtomobil;168;vozilo z dviûnimi vrati zadaj;SANDERO 
66;1200;5.6;1;MERCEDES BENZ;168.008-M208F2WD;A / 170 / CDI AUT.;Nemcija;DEU;osebni avtomobil;168;karavan;A 
66;1504;5.6;1;PEUGEOT;7J9HVC;PARTNER / 1.6 / HDI;Francija;FRA;osebni avtomobil;160;karavan;PARTNER 
66;1516;5.6;1;VOLKSWAGEN;3B;PASSAT / 1.9 / TDI;Nemcija;DEU;osebni avtomobil;183;karavan;PASSAT 
66;1491;5.6;1;VOLKSWAGEN;AFBRUX0-FM5FM5A4032N0GGN1;GOLF PLUS / 1.9 / TDI;Nemcija;DEU;osebni avtomobil;173;vecnamensko vozilo;GOLF PLUS 
66;1489;5.6;1;VOLKSWAGEN;AFBRUX0-FM5FM5A4032N0GGN1;GOLF PLUS / 1.9;Nemcija;DEU;osebni avtomobil;173;vecnamensko vozilo;GOLF PLUS 
66;1473;5.6;1;VOLKSWAGEN;3B;PASSAT / 1.9 / TDI;Nemcija;DEU;osebni avtomobil;176;karavan;PASSAT 
66;1456;5.6;1;VOLKSWAGEN;3B;PASSAT / 1.9;Nemcija;DEU;osebni avtomobil;176;karavan;PASSAT 
66;1400;5.6;1;VOLKSWAGEN;3B;PASSAT / 1.9;Nemcija;DEU;osebni avtomobil;178;karavan;PASSAT 
66;1398;5.6;1;VOLKSWAGEN;3B AHU;PASSAT / VAR. 1.9 / TDI;Nemcija;DEU;osebni avtomobil;201;karavan;PASSAT 
66;1380;5.6;1;VOLKSWAGEN;1J;GOLF / 1.9;Nemcija;DEU;osebni avtomobil;180;karavan;GOLF 
66;1375;5.6;1;VOLKSWAGEN;3B;PASSAT / 1.9 / TDI;Nemcija;DEU;osebni avtomobil;180;limuzina;PASSAT 
66;1364;5.6;1;VOLKSWAGEN;1J;GOLF / 1.9;Nemcija;DEU;osebni avtomobil;177;vozilo z dviûnimi vrati zadaj;GOLF 
66;1325;5.6;1;VOLKSWAGEN;1H-AHU;GOLF / 1.9 / TDI SYN;Nemcija;DEU;osebni avtomobil;175;vozilo z dviûnimi vrati zadaj;GOLF 
66;1323;5.6;1;VOLKSWAGEN;9C;NEW BEETLE / 1.9 / TDI;Nemcija;DEU;osebni avtomobil;171;vozilo z dviûnimi vrati zadaj;NEW BEETLE 
66;1259;5.6;1;VOLKSWAGEN;1J;GOLF / 1.9 TDI;Nemcija;DEU;osebni avtomobil;180;vozilo z dviûnimi vrati zadaj;GOLF 
66;1395;5.7;1;AUDI;B5;A4 / 1.9 / TDI;Nemcija;DEU;osebni avtomobil;171;karavan;A4 
66;1360;5.7;1;AUDI;B5;A4 / 1.9 / TDI;Nemcija;DEU;osebni avtomobil;180;karavan;A4 
66;1270;5.7;1;AUDI;B4;80 / 1.9 / TDI;Nemcija;DEU;osebni avtomobil;174;limuzina;80
66;1482;5.7;1;CITROEN;7J9HXC;BERLINGO / 1.6 / HDI;Francija;FRA;osebni avtomobil;161;karavan;BERLINGO 
66;1420;5.7;1;CITROEN;GJRHYK;BERLINGO 2.0;Francija;FRA;osebni avtomobil;160;vecnamensko vozilo;BERLINGO 2.0
66;1386;5.7;1;CITROEN;GJRHYK;BERLINGO / 2.0 / HDi;Francija;FRA;osebni avtomobil;160;vecnamensko vozilo;BERLINGO 
66;1386;5.7;1;CITROEN;GJRHYK; /;Francija;FRA;osebni avtomobil;160;vecnamensko vozilo;
66;1340;5.7;1;CITROEN;GJRHYKG*RHY*-GJRHY*;CITROÀN / BERLINGO / 2.0 / HDi;Francija;FRA;osebni avtomobil;160;vecnamensko vozilo;CITROÀN 
66;1340;5.7;1;CITROEN;GJRHYKG*RHY*-GJRHY*;BERLINGO 2.0;Francija;FRA;osebni avtomobil;160;vecnamensko vozilo;BERLINGO 2.0
66;1311;5.7;1;CITROEN;GJRHYKG*RHY*-GJRHY*;BERLINGO / 2.0;Francija;FRA;osebni avtomobil;160;vecnamensko vozilo;BERLINGO 
66;1311;5.7;1;CITROEN;GJRHYK;BERLINGO 2.0 / HDI;Francija;FRA;osebni avtomobil;160;vecnamensko vozilo;BERLINGO 2.0 
66;1274;5.7;1;FORD;DNW;FOCUS / 1.8 / TDCI;Nemcija;DEU;osebni avtomobil;184;karavan;FOCUS 
66;1400;5.7;1;MAZDA;CP19R-2;PREMACY / 2.0 /  DITD;Japonska ;JPN;osebni avtomobil;170;karavan;PREMACY 
66;1163;5.7;0;OPEL;CA033CA12-BA1SACEH225;CORSA / 1.4 /;Nemcija;DEU;osebni avtomobil;175;vozilo z dviûnimi vrati zadaj;CORSA 
66;1053;5.7;0;OPEL;DH11-1A03AEDECC5;CORSA / 1.4 / 16V MTA;Nemcija;DEU;osebni avtomobil;177;vozilo z dviûnimi vrati zadaj;CORSA 
66;1035;5.7;0;OPEL;BH11-1A16ADDECC5;CORSA / 1.4 / 16V MTA;Nemcija;DEU;osebni avtomobil;177;vozilo z dviûnimi vrati zadaj;CORSA 
66;978;5.7;0;OPEL;DH11 - 1A03AEDECC5;CORSA / 1.4;Nemcija;DEU;osebni avtomobil;177;vozilo z dviûnimi vrati zadaj;CORSA 
66;960;5.7;0;OPEL;BH11-1A16ADDECC5;CORSA / 1.4;Nemcija;DEU;osebni avtomobil;177;vozilo z dviûnimi vrati zadaj;CORSA 
66;1482;5.7;1;PEUGEOT;7J9HXC;PARTNER / 1.6 / HDI;Francija;FRA;osebni avtomobil;161;karavan;PARTNER 
66;1440;5.7;1;PEUGEOT;GJRHYK;PARTNER 2.0;Francija;FRA;osebni avtomobil;160;vecnamensko vozilo;PARTNER 2.0
66;1415;5.7;1;PEUGEOT;GJRHYK;PARTNER / 2.0 / HDI;Francija;FRA;osebni avtomobil;160;vecnamensko vozilo;PARTNER 
66;1386;5.7;1;PEUGEOT;GJRHYK;PARTNER / 2.0;Francija;FRA;osebni avtomobil;160;vecnamensko vozilo;PARTNER 
66;1465;5.7;0;RENAULT;R00BE2NF5SA02A5000;CLIO / 0.9 / TCE;Francija;FRA;osebni avtomobil;178;vozilo z dviûnimi vrati zadaj;CLIO 
66;1219;5.7;0;RENAULT;AH0BE2M95SA0400000;TWINGO / 0.9 /;Francija;FRA;osebni avtomobil;165;vozilo z dviûnimi vrati zadaj;TWINGO 
66;1035;5.7;0;SUZUKI;AZD53S-MT2/L;SWIFT / 1.2 / 4WD / MT2 / L;Japonska ;JPN;osebni avtomobil;170;vozilo z dviûnimi vrati zadaj;SWIFT 
66;960;5.7;0;SUZUKI;MFJ21S-MT2-4;IGNIS / 1.2 / 4WD MT2 / 4;Japonska ;JPN;osebni avtomobil;165;vozilo z dviûnimi vrati zadaj;IGNIS 
66;1380;5.7;1;TOYOTA;CDE120L-AHMDYW(1C);COROLLA / 2.0 / D;Japonska ;JPN;osebni avtomobil;185;vozilo z dviûnimi vrati zadaj;COROLLA 
66;1280;5.7;1;TOYOTA;CDE120L-AHMDYW(1C);COROLLA / 2.0;Japonska ;JPN;osebni avtomobil;180;vozilo z dviûnimi vrati zadaj;COROLLA 
66;1280;5.7;1;TOYOTA;CDE120L-DHMDYW(1E);COROLLA / 2.0;Zdruûeno kraljestvo;GBR;osebni avtomobil;180;vozilo z dviûnimi vrati zadaj;COROLLA 
66;1270;5.7;1;TOYOTA;CDE120L-DGMDYW(1A);COROLLA / 2.0 / D;Zdruûeno kraljestvo;GBR;osebni avtomobil;185;vozilo z dviûnimi vrati zadaj;COROLLA 
66;1472;5.7;1;VOLKSWAGEN;1J;GOLF / 1.9;Nemcija;DEU;osebni avtomobil;177;karavan;GOLF 
66;1437;5.7;1;VOLKSWAGEN;3B;PASSAT / 1.9 / TDI;Nemcija;DEU;osebni avtomobil;176;karavan;PASSAT 
66;1425;5.7;1;VOLKSWAGEN;1H;GOLF / 1.9;Nemcija;DEU;osebni avtomobil;172;karavan;GOLF 
66;1398;5.7;1;VOLKSWAGEN;SEAGRX11-SGQM52C006O4;GOLF / VAR. 1.9 / TDI 4M;Nemcija;DEU;osebni avtomobil;177;karavan;GOLF 
66;1380;5.7;1;VOLKSWAGEN;1J;GOLF / 1.9;Nemcija;DEU;osebni avtomobil;180;karavan;GOLF 
66;1340;5.7;1;VOLKSWAGEN;SCAGRX11-SGQM52C006N;GOLF / 1.9 / TDI 4M;Nemcija;DEU;osebni avtomobil;177;vozilo z dviûnimi vrati zadaj;GOLF 
66;1306;5.8;1;CITROEN;M-RHY;BERLINGO / 2.0 / HDI;Francija;FRA;osebni avtomobil;157;vecnamensko vozilo;BERLINGO 
66;1030;5.8;0;HONDA;EJ-951;CIVIC / 1.4;Japonska ;JPN;osebni avtomobil;177;vozilo z dviûnimi vrati zadaj;CIVIC 
66;1030;5.8;0;HONDA;EJ-953;CIVIC / 1.4;Japonska ;JPN;osebni avtomobil;170;vozilo z dviûnimi vrati zadaj;CIVIC 
66;1175;5.8;1;MERCEDES BENZ;168.008;A / 170 / CDI;Nemcija;DEU;osebni avtomobil;175;karavan;A 
66;1163;5.8;0;OPEL;PC11-1A06A8LBCC5;CORSA / 1.4 / 16V;Nemcija;DEU;osebni avtomobil;173;vecnamensko vozilo;CORSA 
66;1140;5.8;0;OPEL;FC11-1A03A5KBCC5;CORSA / 1.4 / 16V;Nemcija;DEU;osebni avtomobil;173;vecnamensko vozilo;CORSA 
66;1306;5.8;1;PEUGEOT;5FRHY-F;PARTNER / 2.0 / HDI;Francija;FRA;osebni avtomobil;157;vecnamensko vozilo;PARTNER 
66;1200;5.8;1;PEUGEOT;7-ERHYF;306 / HDI;Francija;FRA;osebni avtomobil;180;karavan;306
66;1498;5.8;0;RENAULT;R00KE2NF5SA02A5000;CLIO GRANDTOUR / 0.9 / TCE;Francija;FRA;osebni avtomobil;178;karavan;CLIO GRANDTOUR 
66;1066;5.8;0;RENAULT;AH0BE2M95SA0400000;TWINGO / 0.9 /;Francija;FRA;osebni avtomobil;165;vozilo z dviûnimi vrati zadaj;TWINGO 
66;1423;5.8;1;äKODA;SEAGRX11-A8DFM5QM52C006N;OCTAVIA / COMBI 1.9 / TDI ;Ceöka republika;CZE;osebni avtomobil;173;karavan;OCTAVIA 
66;1025;5.8;0;SUZUKI;AZD83S-MT/L;SWIFT / 1.2 / 4WD / MT / L;Japonska ;JPN;osebni avtomobil;170;vozilo z dviûnimi vrati zadaj;SWIFT 
66;945;5.8;0;SUZUKI;MFJ11S-MT-4;IGNIS / 1.2 / 4WD MT / 4;Japonska ;JPN;osebni avtomobil;165;vozilo z dviûnimi vrati zadaj;IGNIS 
66;1395;5.8;1;TOYOTA;E12U-CDE120H-CDE120L-DHMNYW1C;COROLLA / 2.0 / D;Zdruûeno kraljestvo;GBR;osebni avtomobil;180;vozilo z dviûnimi vrati zadaj;COROLLA 
66;1370;5.8;1;TOYOTA;CDE120L-AHMNYW(1C);COROLLA / 2.0;Japonska ;JPN;osebni avtomobil;180;vozilo z dviûnimi vrati zadaj;COROLLA 
66;1561;5.8;1;VOLKSWAGEN;1J;GOLF / 1.9 / TDI / 4 MOTION;Nemcija;DEU;osebni avtomobil;177;karavan;GOLF 
66;1472;5.8;1;VOLKSWAGEN;1J-AGR;GOLF / VAR. 1.9 / TDI 4M;Nemcija;DEU;osebni avtomobil;177;karavan;GOLF 
66;1350;5.8;1;VOLKSWAGEN;1HX1-1Z;GOLF / VAR. 1.9;Nemcija;DEU;osebni avtomobil;172;karavan;GOLF 
66;1285;5.8;1;VOLKSWAGEN;35i;PASSAT / 1.9 / TDI;Nemcija;DEU;osebni avtomobil;173;karavan;PASSAT 
66;1386;5.9;1;CITROEN;G-RHY;BERLINGO / 2.0 / HDI;Francija;FRA;osebni avtomobil;160;vecnamensko vozilo;BERLINGO 
66;1306;5.9;1;CITROEN;MFRHYB/A;BERLINGO / BREAK 2.0 / HDi MUL;Francija;FRA;osebni avtomobil;157;vecnamensko vozilo;BERLINGO 
66;1231;5.9;1;CITROEN;MFRHYB/A;BERLINGO / BREAK 2.0 / HDI MUL;Francija;FRA;osebni avtomobil;159;vecnamensko vozilo;BERLINGO 
66;1231;5.9;1;CITROEN;M-RHY-FRHY-BA;BERLINGO / 2.0 / HDI;Francija;FRA;osebni avtomobil;157;vecnamensko vozilo;BERLINGO 
66;1545;5.9;1;FORD;BWY;MONDEO / 2.0;Nemcija;DEU;osebni avtomobil;177;karavan;MONDEO 
66;1506;5.9;1;FORD;B4Y;MONDEO / 2.0 / TDI;Nemcija;DEU;osebni avtomobil;180;limuzina;MONDEO 
66;1163;5.9;0;OPEL;PC11-1A06A8LBCC5;CORSA / 1.4 / 16V;Nemcija;DEU;osebni avtomobil;173;vecnamensko vozilo;CORSA 
66;1140;5.9;0;OPEL;FC11-1A03A5KBCC5;CORSA / 1.4 / 16V;Nemcija;DEU;osebni avtomobil;173;vecnamensko vozilo;CORSA 
66;1053;5.9;0;OPEL;DH11-1A03AEDBBC5;CORSA / 1.4;Nemcija;DEU;osebni avtomobil;179;vozilo z dviûnimi vrati zadaj;CORSA 
66;1035;5.9;0;OPEL;BH11-1A16ADDBBC5;CORSA / 1.4;Nemcija;DEU;osebni avtomobil;179;vozilo z dviûnimi vrati zadaj;CORSA 
66;978;5.9;0;OPEL;DH11-1A03AEDBBC5;CORSA / 1.4 / 16V;Nemcija;DEU;osebni avtomobil;179;vozilo z dviûnimi vrati zadaj;CORSA 
66;978;5.9;0;OPEL;DH11-1A03AEDBBC5;OPEL / CORSA / 1.4 / 16V;Nemcija;DEU;osebni avtomobil;179;vozilo z dviûnimi vrati zadaj;OPEL 
66;960;5.9;0;OPEL;BH11-1A16ADDBBC5;OPEL / CORSA / 1.4 / 16V;Nemcija;DEU;osebni avtomobil;179;vozilo z dviûnimi vrati zadaj;OPEL 
66;1380;5.9;1;PEUGEOT;8ERHY-F;406 / BREAK 2.0 / HDI;Francija;FRA;osebni avtomobil;172;karavan;406
66;1305;5.9;1;PEUGEOT;8ERHY-F;406 / BREAK 2.0 / HDI;Francija;FRA;osebni avtomobil;172;karavan;406
66;1256;5.9;0;RENAULT;R00KE2NF5SA02A5000;CLIO GRANDTOUR / 0.9 / TCE;Francija;FRA;osebni avtomobil;178;karavan;CLIO GRANDTOUR 
66;1220;5.9;0;RENAULT;R00BE2NF5SA02A5000;CLIO / 0.9 / TCE;Francija;FRA;osebni avtomobil;178;vozilo z dviûnimi vrati zadaj;CLIO 
66;940;5.9;0;SMART;5312H0-LZBAA21J;FORTWO / COUPE / AUT.;Nemcija;DEU;osebni avtomobil;155;kupe;FORTWO 
66;1380;5.9;1;TOYOTA;CDE120L-AHMNYW(1C);COROLLA / 2.0 / D;Japonska ;JPN;osebni avtomobil;185;vozilo z dviûnimi vrati zadaj;COROLLA 
66;1300;5.9;1;TOYOTA;CDE120L-DWMDYW(1E);COROLLA / COMBI 2.0 / D;Turcija;TUR;osebni avtomobil;180;karavan;COROLLA 
66;1651;5.9;1;VOLKSWAGEN;BRUAC-FM6FM62S0020GGOS5;TOURAN / 1.9 / TDI;Nemcija;DEU;osebni avtomobil;171;karavan;TOURAN 
66;1608;5.9;1;VOLKSWAGEN;BXFAC-FM6FM62S0020GGOS5;TOURAN / 1.9 / TDI;Nemcija;DEU;osebni avtomobil;171;karavan;TOURAN 
66;1606;5.9;1;VOLKSWAGEN;BXFAC-FM6FM62S0210GGOS5;TOURAN / 1.9 / TDI;Nemcija;DEU;osebni avtomobil;171;karavan;TOURAN 
66;1603;5.9;1;VOLKSWAGEN;BRUAC-FM6FM62S0020GGO;TOURAN / 1.9 / TDI;Nemcija;DEU;osebni avtomobil;171;karavan;TOURAN 
66;1367;5.9;1;VOLKSWAGEN;1J;GOLF / 1.9 / TDI;Nemcija;DEU;osebni avtomobil;188;vozilo z dviûnimi vrati zadaj;GOLF 
66;1250;5.9;1;VOLKSWAGEN;A3/1HP-IZ1C;GOLF / 1.9 / TDI;Nemcija;DEU;osebni avtomobil;172;vozilo z dviûnimi vrati zadaj;GOLF 
66;1315;6.1;1;AUDI;B5-AHU;A 4 / 1.9 TDI;Nemcija;DEU;osebni avtomobil;184;limuzina;A 4 
66;1120;6.1;0;DACIA;SD05ESAC5DA160M500;SANDERO / 0.9 / TCE;Romunija;ROM;osebni avtomobil;175;vozilo z dviûnimi vrati zadaj;SANDERO 
66;1278;6.1;0;OPEL;FA11-1A11AHBAEG5;ASTRA / CAR. 1.4 / 16V;Nemcija;DEU;osebni avtomobil;178;vecnamensko vozilo;ASTRA 
66;1259;6.1;0;OPEL;KA11-1AAHAT6AEG5;ASTRA / 1.4 / 16V;Nemcija;DEU;osebni avtomobil;180;kupe;ASTRA 
66;1240;6.1;0;OPEL;BA11-1A12AJVAEG5;ASTRA / 1.4 / 16V;Nemcija;DEU;osebni avtomobil;178;vecnamensko vozilo;ASTRA 
66;1240;6.1;0;OPEL;BA11-1A12AJVAEG5;ASTRA / 1.4 / 16V;Nemcija;DEU;osebni avtomobil;178;vozilo z dviûnimi vrati zadaj;ASTRA 
66;1235;6.1;0;OPEL;BH11-1A01A2BBBA2;TIGRA / 1.4 / 16V;Nemcija;DEU;osebni avtomobil;180;kabriolet;TIGRA 
66;1235;6.1;0;OPEL;BH11-1A01A2BBBA2;TIGRA / 1.4;Nemcija;DEU;osebni avtomobil;180;kupe;TIGRA 
66;1230;6.1;0;OPEL;BA11-1A01A2BAEG5;ASTRA / 1.4 / 16V;Nemcija;DEU;osebni avtomobil;178;vozilo z dviûnimi vrati zadaj;ASTRA 
66;1220;6.1;0;OPEL;KA11-1A17AT6AEG5;ASTRA / 1.4 / 16V;Nemcija;DEU;osebni avtomobil;180;kupe;ASTRA 
66;1163;6.1;0;OPEL;F211-2A15BN06FED5;ASTRA / CAR. 1.4;Nemcija;DEU;osebni avtomobil;180;karavan;ASTRA 
66;1163;6.1;0;OPEL;F211-2A15BN06FED5;ASTRA / CAR. 1.4 / 16V;Nemcija;DEU;osebni avtomobil;180;vecnamensko vozilo;ASTRA 
66;1163;6.1;0;OPEL;F211-2A15BN06FED5;ASTRA / 1.4;Nemcija;DEU;osebni avtomobil;175;karavan;ASTRA 
66;1163;6.1;0;OPEL;F211-2A15BN06FED5;ASTRA / CAR. 1.4 / 16V;Nemcija;DEU;osebni avtomobil;175;vecnamensko vozilo;ASTRA 
66;1163;6.1;0;OPEL;PC11-1A06A8LACC5;CORSA / 1.4 / 16V;Nemcija;DEU;osebni avtomobil;173;vecnamensko vozilo;CORSA 
66;1160;6.1;0;OPEL;BH11-1A01A2BBBA2;TIGRA / 1.4;Nemcija;DEU;osebni avtomobil;180;kabriolet;TIGRA 
66;1035;6.1;0;OPEL;BH11-1A16ADDBBN5;CORSA / 1.4;Nemcija;DEU;osebni avtomobil;179;vozilo z dviûnimi vrati zadaj;CORSA 
66;1242;6.1;0;RENAULT;R00BE2NF5SA02A5000;CLIO / 0.9 / TCE;Francija;FRA;osebni avtomobil;178;vozilo z dviûnimi vrati zadaj;CLIO 
66;1198;6.1;0;RENAULT;R00KE2JR5TB06A5000;CLIO GRANDTOUR / 1.5 / DCI;Francija;FRA;osebni avtomobil;171;karavan;CLIO GRANDTOUR 
66;1280;6.2;1;AUDI;LALHF1-FA41M017R92T2L;A3 / 1.9 / TDI AUT.;Nemcija;DEU;osebni avtomobil;177;vozilo z dviûnimi vrati zadaj;A3 
66;1211;6.2;0;DACIA;SD07EVAC5DA1A0M500;LOGAN / 0.9 / TCE;Romunija;ROM;osebni avtomobil;175;karavan;LOGAN 
66;1330;6.2;0;OPEL;BF11-1A06AAAFCD5;MERIVA / 1.4 / 16V;Nemcija;DEU;osebni avtomobil;168;vecnamensko vozilo;MERIVA 
66;1235;6.2;0;OPEL;BD11-1A04HKADA5;COMBO-C / 1.4 / 16V;Nemcija;DEU;osebni avtomobil;164;vecnamensko vozilo;COMBO-C 
66;1220;6.2;0;OPEL;KA11-1A17AT6AEG5;ASTRA / 1.4 / 16V;Nemcija;DEU;osebni avtomobil;180;kupe;ASTRA 
66;1163;6.2;0;OPEL;PC11-1A06A8LACG5;CORSA / 1.4 / 16V;Nemcija;DEU;osebni avtomobil;173;vecnamensko vozilo;CORSA 
66;1140;6.2;0;OPEL;FC11-1A03A5KACG5;CORSA / 1.4 / 16V;Nemcija;DEU;osebni avtomobil;173;vecnamensko vozilo;CORSA 
66;1455;6.2;1;PEUGEOT;8-RHY;406 / 2.0 / HDI;Francija;FRA;osebni avtomobil;172;karavan;406
66;1300;6.2;0;RENAULT;R00JE2NF5SA09A5000;CAPTUR / 0.9 / TCE;Francija;FRA;osebni avtomobil;171;vozilo z dviûnimi vrati zadaj;CAPTUR 
66;1420;6.2;1;TOYOTA;CDE120L-FWMNYW;COROLLA VERSO / 2.0 / D-4D;Japonska ;JPN;osebni avtomobil;170;vozilo z dviûnimi vrati zadaj;COROLLA VERSO 
66;1420;6.2;1;TOYOTA;CDE120L-FWMNYW;COROLLA VERSO / 2.0 / D-4D;Japonska ;JPN;osebni avtomobil;170;karavan;COROLLA VERSO 
66;1345;6.2;1;TOYOTA;CDE120L-FWMNYW(1B);COROLLA VERSO / 2.0 / D;Japonska ;JPN;osebni avtomobil;170;karavan;COROLLA VERSO 
66;1345;6.2;1;TOYOTA;CDE120L-FWMNYW(1C);COROLLA VERSO / 2.0 / D;Japonska ;JPN;osebni avtomobil;170;vozilo z dviûnimi vrati zadaj;COROLLA VERSO 
66;1160;6.3;0;DACIA;SD05EVAC5DA1A0M500;SANDERO / 0.9 / TCE;Romunija;ROM;osebni avtomobil;175;vozilo z dviûnimi vrati zadaj;SANDERO 
66;1160;6.3;0;DACIA;SD05EVAC5DA1A0M500;SANDERO / 0.9 / TCE;Romunija;ROM;osebni avtomobil;168;vozilo z dviûnimi vrati zadaj;SANDERO 
66;1280;6.3;0;FIAT;198AXA1B00E;BRAVO / 1.4 / 16V;Italija;ITA;osebni avtomobil;195;vecnamensko vozilo;BRAVO 
66;1280;6.3;0;FIAT;198AXA1B00E;BRAVO / 1.4 / 16V;Italija;ITA;osebni avtomobil;179;vecnamensko vozilo;BRAVO 
66;1167;6.3;0;HONDA;EP11-5;CIVIC / 1.4;Zdruûeno kraljestvo;GBR;osebni avtomobil;177;vozilo z dviûnimi vrati zadaj;CIVIC 
66;1280;6.3;0;OPEL;FA11-1A01A2BAEG5;ASTRA / CAR. 1.4;Nemcija;DEU;osebni avtomobil;187;karavan;ASTRA 
66;1280;6.3;0;OPEL;FA11-1A01A2BAEG5;ASTRA / CAR. 1.4 / 16V;Nemcija;DEU;osebni avtomobil;178;karavan;ASTRA 
66;1240;6.3;0;OPEL;BA11-1A12AJVAEG5;ASTRA / 1.4 / 16V;Nemcija;DEU;osebni avtomobil;178;vozilo z dviûnimi vrati zadaj;ASTRA 
66;1235;6.3;0;OPEL;BD11-1A04HKADC5;COMBO-C / 1.4;Nemcija;DEU;osebni avtomobil;164;vecnamensko vozilo;COMBO-C 
66;1230;6.3;0;OPEL;BA11-1A01A2BAEG5;ASTRA / 1.4;Nemcija;DEU;osebni avtomobil;178;vozilo z dviûnimi vrati zadaj;ASTRA 
66;1220;6.3;0;OPEL;KA11-1A17AT6AEG5;ASTRA / 1.4 / 16V;Nemcija;DEU;osebni avtomobil;180;kupe;ASTRA 
66;1210;6.3;0;OPEL;KA11-1A01A2BAEG5;ASTRA / 1.4 / 16V;Nemcija;DEU;osebni avtomobil;180;kupe;ASTRA 
66;1155;6.3;0;OPEL;BA11-1A01A2BAEG5;ASTRA / 1.4 / 16V;Nemcija;DEU;osebni avtomobil;178;vozilo z dviûnimi vrati zadaj;ASTRA 
66;1165;6.35;0;RENAULT;R00BE2NF5SA02A5000;CLIO / 0.9 / TCE;Francija;FRA;osebni avtomobil;178;vozilo z dviûnimi vrati zadaj;CLIO 
66;1165;6.39;0;RENAULT;R00BE2JR5TB16A5000;CLIO / 0.9 / TCE;Francija;FRA;osebni avtomobil;171;vozilo z dviûnimi vrati zadaj;CLIO 
66;1306;6.4;1;CITROEN;M-RHY;BERLINGO / 2.0 / HDI;Francija;FRA;osebni avtomobil;157;vecnamensko vozilo;BERLINGO 
66;1225;6.4;0;DACIA;SD07EVAC5DA160M500;LOGAN / 0.9 / TCE;Romunija;ROM;osebni avtomobil;175;karavan;LOGAN 
66;1840;6.4;1;FORD;PJ2-P9PAB-G5ADBA;TOURNEO CONNECT 230 L / 1.8 / TDCI;Nemcija;DEU;osebni avtomobil;152;vozilo za invalidski vozicek;TOURNEO CONNECT 230 L 
66;1669;6.4;1;FORD;PJ2-P9PAB-G5ADBA;TOURNEO CONNECT 230 L / 1.8 / TDCI;Nemcija;DEU;osebni avtomobil;152;karavan;TOURNEO CONNECT 230 L 
66;1594;6.4;1;FORD;PJ2P9PAB-G5ADBA;TOURNEO CONNECT  / 1.8 / TDCI;Nemcija;DEU;osebni avtomobil;152;vecnamensko vozilo;TOURNEO CONNECT  
66;1590;6.4;1;FORD;PH2-P9PAA-B5ADBD;TOURNEO CONNECT 200 S / 1.8 / TDCI;Nemcija;DEU;osebni avtomobil;154;karavan;TOURNEO CONNECT 200 S 
66;1564;6.4;1;FORD;PH2-P9PAA-F5ADBA;TOURNEO CONNECT 220 S / 1.8 / TDCI;Nemcija;DEU;osebni avtomobil;154;karavan;TOURNEO CONNECT 220 S 
66;1230;6.4;0;HONDA;EU71-7;CIVIC / 1.4 /;Zdruûeno kraljestvo;GBR;osebni avtomobil;176;vozilo z dviûnimi vrati zadaj;CIVIC 
66;1213;6.4;0;HONDA;EP11-9;CIVIC / 1.4;Japonska ;JPN;osebni avtomobil;177;vozilo z dviûnimi vrati zadaj;CIVIC 
66;1206;6.4;0;HONDA;EP11-5;CIVIC / 1.4 /;Zdruûeno kraljestvo;GBR;osebni avtomobil;177;vozilo z dviûnimi vrati zadaj;CIVIC 
66;1203;6.4;0;HONDA;EP11-10;CIVIC / 1.4 /;Zdruûeno kraljestvo;GBR;osebni avtomobil;177;vozilo z dviûnimi vrati zadaj;CIVIC 
66;1195;6.4;0;HONDA;EP11-3;CIVIC / 1.4 /;Zdruûeno kraljestvo;GBR;osebni avtomobil;177;vozilo z dviûnimi vrati zadaj;CIVIC 
66;1146;6.4;0;HONDA;EP11-3;CIVIC / 1.4;Zdruûeno kraljestvo;GBR;osebni avtomobil;177;vozilo z dviûnimi vrati zadaj;CIVIC 
66;1120;6.4;0;HONDA;EP-1-13;CIVIC / 1.4;Zdruûeno kraljestvo;GBR;osebni avtomobil;177;vozilo z dviûnimi vrati zadaj;CIVIC 
66;1330;6.4;0;OPEL;AF11-1A06A0HBCA5;MERIVA / 1.4 / 16V;Nemcija;DEU;osebni avtomobil;168;vecnamensko vozilo;MERIVA 
66;1330;6.4;0;OPEL;BF11-1A06AAABCD5;MERIVA / 1.4;Nemcija;DEU;osebni avtomobil;168;limuzina;MERIVA 
66;1255;6.4;0;OPEL;BF11-1A06AAABCA5;MERIVA / 1.4;Nemcija;DEU;osebni avtomobil;168;limuzina;MERIVA 
66;1255;6.4;0;OPEL;BF11-1A06AAABCD5;MERIVA / 1.4 / 16V;Nemcija;DEU;osebni avtomobil;168;vecnamensko vozilo;MERIVA 
66;1163;6.4;0;OPEL;CA033CB12-BA1SADEH225;CORSA / 1.4 /;Nemcija;DEU;osebni avtomobil;175;vozilo z dviûnimi vrati zadaj;CORSA 
66;1301;6.4;0;RENAULT;R00JE2NF5SA09A5000;CAPTUR / 0.9 / TCE;Francija;FRA;osebni avtomobil;171;vozilo z dviûnimi vrati zadaj;CAPTUR 
66;1274;6.4;0;RENAULT;R00JE2JR5TB14A5000;CAPTUR / 0.9 / TCE;Francija;FRA;osebni avtomobil;171;vozilo z dviûnimi vrati zadaj;CAPTUR 
66;1399;6.4;1;äKODA;1U;OCTAVIA / 1.9 / TDI;Slovaöka;SVK;osebni avtomobil;176;vozilo z dviûnimi vrati zadaj;OCTAVIA 
66;1334;6.4;0;VOLKSWAGEN;1K ABBKGX01-FM5AF007M4;GOLF / 1.4;Nemcija;DEU;osebni avtomobil;174;limuzina;GOLF 
66;1334;6.4;0;VOLKSWAGEN;ABBKGX01-FM5FM5AF007M40GG;GOLF / 1.4 / FSI;Nemcija;DEU;osebni avtomobil;174;vozilo z dviûnimi vrati zadaj;GOLF 
66;1273;6.4;1;VOLKSWAGEN;9C-SCALHX01;NEW BEETLE / 1.9 / TDI;Nemcija;DEU;osebni avtomobil;168;vozilo z dviûnimi vrati zadaj;NEW BEETLE 
66;1264;6.4;0;VOLKSWAGEN;1K ABBKGX01-FM5AF007M4;GOLF / 1.4;Nemcija;DEU;osebni avtomobil;174;vozilo z dviûnimi vrati zadaj;GOLF 
66;1211;6.4;0;VOLKSWAGEN;1K ABBKGX01-FM5FM5AF007M20GG;GOLF / 1.4;Nemcija;DEU;osebni avtomobil;174;vozilo z dviûnimi vrati zadaj;GOLF 
66;1260;6.5;1;AUDI;8L 63801P;A 3 / 1.9 / TDI;Nemcija;DEU;osebni avtomobil;181;vozilo z dviûnimi vrati zadaj;A 3 
66;1591;6.5;1;CITROEN;U6U;JUMPY / 1.9;Francija;FRA;osebni avtomobil;157;vecnamensko vozilo;JUMPY 
66;1306;6.5;1;CITROEN;M-RHY;BERLINGO / 2.0 / HDI;Francija;FRA;osebni avtomobil;157;vecnamensko vozilo;BERLINGO 
66;1225;6.5;0;DACIA;SD07EVJR5CK000M500;LOGAN / 0.9 / TCE;Romunija;ROM;osebni avtomobil;168;karavan;LOGAN 
66;1150;6.5;0;DACIA;SD05EVAC5DA160M500;SANDERO / 0.9 / TCE;Romunija;ROM;osebni avtomobil;175;vozilo z dviûnimi vrati zadaj;SANDERO 
66;1147;6.5;0;DACIA;SD05EVAC5DA160M500;SANDERO / 0.9 / TCE;Romunija;ROM;osebni avtomobil;168;vozilo z dviûnimi vrati zadaj;SANDERO 
66;1736;6.5;1;FORD;WGR;GALAXY / 1.9 / TDI;Nemcija;DEU;osebni avtomobil;164;vecnamensko vozilo;GALAXY 
66;1560;6.5;1;FORD;PH2-HCPBA-F5ADBA;TOURNEO CONNECT 210 S / 1.8 / TDCI;Nemcija;DEU;osebni avtomobil;158;karavan;TOURNEO CONNECT 210 S 
66;1560;6.5;1;FORD;PH2-HCPBA-F5ADBA;TOURNEO / CONNECT 1.8;Nemcija;DEU;osebni avtomobil;158;vecnamensko vozilo;TOURNEO 
66;1140;6.5;0;MINI;RA31-31;ONE / /;Nemcija;DEU;osebni avtomobil;181;vozilo z dviûnimi vrati zadaj;ONE 
66;1140;6.5;0;MINI;RA31-31;MINI ONE / /;Nemcija;DEU;osebni avtomobil;181;vozilo z dviûnimi vrati zadaj;MINI ONE 
66;1115;6.5;0;MINI;RA31-31;ONE / /;Nemcija;DEU;osebni avtomobil;185;vozilo z dviûnimi vrati zadaj;ONE 
66;1040;6.5;0;MINI;RA31-01;ONE / /;Nemcija;DEU;osebni avtomobil;181;vozilo z dviûnimi vrati zadaj;ONE 
66;1240;6.5;0;OPEL;BA11-1A12AJVAEG5;ASTRA / 1.4 / 16V;Nemcija;DEU;osebni avtomobil;178;vozilo z dviûnimi vrati zadaj;ASTRA 
66;1235;6.5;0;OPEL;AD11-1A04GJADC5;COMBO-C / 1.4;Nemcija;DEU;osebni avtomobil;164;vecnamensko vozilo;COMBO-C 
66;1230;6.5;0;OPEL;BA11-1A01A2BAEG5;ASTRA / 1.4;Nemcija;DEU;osebni avtomobil;178;vozilo z dviûnimi vrati zadaj;ASTRA 
66;1165;6.5;0;OPEL;FC11-1A10B7XFEC5;CORSA / 1.4 / 16V AUT.;Nemcija;DEU;osebni avtomobil;166;vecnamensko vozilo;CORSA 
66;1163;6.5;0;OPEL;CA033CA12-BA1SACEH225;CORSA / 1.4 /;Nemcija;DEU;osebni avtomobil;175;vozilo z dviûnimi vrati zadaj;CORSA 
66;1155;6.5;0;OPEL;BA11-1A01A2BAEG5;OPEL / ASTRA / 1.4 / 16V;Nemcija;DEU;osebni avtomobil;178;vozilo z dviûnimi vrati zadaj;OPEL 
66;1155;6.5;0;OPEL;BA11-1A01A2BAEG5;OPEL/ASTRA/1.4 /16V;Nemcija;DEU;osebni avtomobil;178;vozilo z dviûnimi vrati zadaj;OPEL
66;1141;6.5;0;OPEL;BA033CA12-BA1SACEH225;CORSA / 1.4 /;Nemcija;DEU;osebni avtomobil;175;vecnamensko vozilo;CORSA 
66;1301;6.5;0;RENAULT;R00JE2JR5TB14A5000;CAPTUR / 0.9 / TCE;Francija;FRA;osebni avtomobil;171;vozilo z dviûnimi vrati zadaj;CAPTUR 
66;1390;6.5;1;TOYOTA;T22CT220L;AVENSIS / COMBI 2.0 / TD;Zdruûeno kraljestvo;GBR;osebni avtomobil;175;karavan;AVENSIS 
66;1818;6.5;1;VOLKSWAGEN;ANUX0AFA8C-FM6FM62N0270GEQ;SHARAN / 1.9 / TDI;Nemcija;DEU;osebni avtomobil;164;vecnamensko vozilo;SHARAN 
66;1812;6.5;1;VOLKSWAGEN;ANUX0AFA8C-FM6FM62N027Q;SHARAN / 1.9 / TDI;Nemcija;DEU;osebni avtomobil;161;vecnamensko vozilo;SHARAN 
66;1765;6.5;1;VOLKSWAGEN;7MSEA8CANUX01-NSGFM62N008Q;SHARAN / 1.9 / TDI;Nemcija;DEU;osebni avtomobil;164;vecnamensko vozilo;SHARAN 
66;1311;6.6;1;CITROEN;GJ-RHY;BERLINGO / 2.0;Francija;FRA;osebni avtomobil;160;vecnamensko vozilo;BERLINGO 
66;1161;6.6;0;DACIA;SD05EVJR5CK000M500;SANDERO / 0.9 / TCE;Romunija;ROM;osebni avtomobil;168;vozilo z dviûnimi vrati zadaj;SANDERO 
66;1160;6.6;0;DACIA;SD05EVAC5DA160M500;SANDERO / 0.9 / TCE;Romunija;ROM;osebni avtomobil;175;vozilo z dviûnimi vrati zadaj;SANDERO 
66;1755;6.6;1;FORD;PJ2-HCPB;TOURNEO CONNECT 230 L / 1.8 / TDCI;Nemcija;DEU;osebni avtomobil;158;vecnamensko vozilo;TOURNEO CONNECT 230 L 
66;1615;6.6;1;FORD;PJ2-HCPB;TOURNEO CONNECT 230L / 1.8 / TDCI;Nemcija;DEU;osebni avtomobil;158;vecnamensko vozilo;TOURNEO CONNECT 230L 
66;1550;6.6;1;FORD;PH2-HCPB;TOURNEO CONNECT 210;Nemcija;DEU;osebni avtomobil;158;vecnamensko vozilo;TOURNEO CONNECT 210
66;1480;6.6;1;FORD;PH2-HCPB;TOURNEO CONNECT 210 S / 1.8 / TDCI;Nemcija;DEU;osebni avtomobil;158;vecnamensko vozilo;TOURNEO CONNECT 210 S 
66;1140;6.6;0;MINI;RA31-31;ONE / /;Nemcija;DEU;osebni avtomobil;181;vozilo z dviûnimi vrati zadaj;ONE 
66;1188;6.6;0;OPEL;PC11-1A11B9YFEC5;CORSA / 1.4 / 16V AUT.;Nemcija;DEU;osebni avtomobil;166;vecnamensko vozilo;CORSA 
66;1163;6.6;0;OPEL;CA033CA12-BA1SACEH225;CORSA / 1.4 /;Nemcija;DEU;osebni avtomobil;175;vozilo z dviûnimi vrati zadaj;CORSA 
66;1141;6.6;0;OPEL;BA033CA12-BA1SACEH225;CORSA / 1.4 /;Nemcija;DEU;osebni avtomobil;175;vecnamensko vozilo;CORSA 
66;1793;6.6;1;SEAT;7-MS;ALHAMBRA / 1.9 / TDI;äpanija;ESP;osebni avtomobil;181;vecnamensko vozilo;ALHAMBRA 
66;1709;6.6;1;SEAT;7MS;ALHAMBRA / 1.9 / TDI;äpanija;ESP;osebni avtomobil;160;vecnamensko vozilo;ALHAMBRA 
66;1135;6.6;0;SUZUKI;EZD11S-MT;SWIFT / 1.3 / 4WD;Japonska ;JPN;osebni avtomobil;167;vozilo z dviûnimi vrati zadaj;SWIFT 
66;1448;6.6;1;TOYOTA;CT220L-AWMETW;AVENSIS / COMBI 2.0 / TD;Zdruûeno kraljestvo;GBR;osebni avtomobil;175;karavan;AVENSIS 
66;1280;6.7;0;FIAT;198AXA1B00B;BRAVO / 1.4 / 16V;Italija;ITA;osebni avtomobil;179;vecnamensko vozilo;BRAVO 
66;1195;6.7;0;HONDA;EU71-7;CIVIC / 1.4 /;Zdruûeno kraljestvo;GBR;osebni avtomobil;175;vozilo z dviûnimi vrati zadaj;CIVIC 
66;1115;6.7;0;MINI;RA-31;COOPER / /;Nemcija;DEU;osebni avtomobil;185;vozilo z dviûnimi vrati zadaj;COOPER 
66;1163;6.7;0;OPEL;CA033CA12-BA1SACEH225;CORSA / 1.4 /;Nemcija;DEU;osebni avtomobil;175;vozilo z dviûnimi vrati zadaj;CORSA 
66;1275;6.7;1;PEUGEOT;7 - DHY;306 / XR;Francija;FRA;osebni avtomobil;175;karavan;306
66;1859;6.7;1;SEAT;SEA8CANUX01-NSGFM62N027R;ALHAMBRA / 1.9;äpanija;ESP;osebni avtomobil;164;limuzina;ALHAMBRA 
66;1335;6.7;1;TOYOTA;NDE120L-DWMNYW(1G);COROLLA / COMBI 1.4 / D;Japonska ;JPN;osebni avtomobil;185;karavan;COROLLA 
66;1040;6.8;0;HONDA;EJ95-1;CIVIC / 1.4 / i S;Japonska ;JPN;osebni avtomobil;177;vozilo z dviûnimi vrati zadaj;CIVIC 
66;1002;6.8;0;HONDA;EJ9 EJ954;CIVIC / 1.4 / IS;Japonska ;JPN;osebni avtomobil;182;limuzina;CIVIC 
66;895;6.8;0;HONDA;ED-6;CIVIC / 1.5;Japonska ;JPN;osebni avtomobil;178;vozilo z dviûnimi vrati zadaj;CIVIC 
66;1140;6.8;0;MINI;RA31-31;ONE /;Nemcija;DEU;osebni avtomobil;181;vozilo z dviûnimi vrati zadaj;ONE 
66;1140;6.8;0;MINI;RA31;MINI ONE;Nemcija;DEU;osebni avtomobil;181;vozilo z dviûnimi vrati zadaj;MINI ONE
66;1115;6.8;0;MINI;RA31-31;ONE / /;Nemcija;DEU;osebni avtomobil;181;vozilo z dviûnimi vrati zadaj;ONE 
66;1100;6.8;0;OPEL;S93COUPEBJ11-A03CCDAB4;TIGRA / 1.4 / I;Nemcija;DEU;osebni avtomobil;190;kupe;TIGRA 
66;1098;6.8;0;OPEL;X-C/ROADSTER;TIGRA / 1.4 / I;Nemcija;DEU;osebni avtomobil;190;kabriolet;TIGRA 
66;1055;6.8;0;OPEL;BC11-1A04A6EBCC5;CORSA / 1.4 / 16V;Nemcija;DEU;osebni avtomobil;180;vozilo z dviûnimi vrati zadaj;CORSA 
66;1791;6.8;1;SEAT;7MS;ALHAMBRA / 1.9;äpanija;ESP;osebni avtomobil;160;limuzina;ALHAMBRA 
66;1095;6.8;0;SUZUKI;MMB33S-MT;WAGON / 1.3 / 4WD;Madûarska;HUN;osebni avtomobil;155;karavan;WAGON 
66;1387;6.9;1;CITROEN;X1DHXF;XANTIA / 1.9 / TD;Francija;FRA;osebni avtomobil;177;vozilo z dviûnimi vrati zadaj;XANTIA 
66;1188;6.9;0;OPEL;PC11-1A11B9YFEC5;CORSA / 1.4 / 16V AUT.;Nemcija;DEU;osebni avtomobil;166;vecnamensko vozilo;CORSA 
66;1987;6.9;1;RENAULT;JLA4AA;TRAFIC / 2.0 / DCI;Francija;FRA;osebni avtomobil;150;vozilo za posebne namene;TRAFIC 
66;1080;6.9;0;SUBARU;NHY51S-MT;JUSTY G3X / 1.3 / AWD;Madûarska;HUN;osebni avtomobil;155;karavan;JUSTY G3X 
66;1005;6.9;0;SUZUKI;Y51S-MT;IGNIS / 1.3 / 4WD;Madûarska;HUN;osebni avtomobil;155;karavan;IGNIS 
66;1450;7.1;1;MERCEDES BENZ;124-125;250 / D /;Nemcija;DEU;osebni avtomobil;175;limuzina;250
66;1375;7.1;1;MERCEDES BENZ;124;250 / D;Nemcija;DEU;osebni avtomobil;175;limuzina;250
66;1250;7.1;1;MERCEDES BENZ;201.126;190 / 2.5 D;Nemcija;DEU;osebni avtomobil;174;limuzina;190
66;1160;7.1;1;MERCEDES BENZ;201;190 / D 2.5;Nemcija;DEU;osebni avtomobil;174;limuzina;190
66;1180;7.1;0;OPEL;FP11-5A16AP12FEM5;ASTRA / 1.4;Nemcija;DEU;osebni avtomobil;175;karavan;ASTRA 
66;1240;7.2;0;MINI;RD31;ONE / CABRIO;Nemcija;DEU;osebni avtomobil;175;kabriolet;ONE 
66;1240;7.2;0;MINI;RD31-31;ONE;Nemcija;DEU;osebni avtomobil;175;kabriolet;ONE
66;1055;7.2;0;OPEL;BC11-1A04A6EBCB5;CORSA / 1.4 / 16V;Nemcija;DEU;osebni avtomobil;180;vozilo z dviûnimi vrati zadaj;CORSA 
66;985;7.2;0;RENAULT;BB0-D0F;CLIO / 1.6;Francija;FRA;osebni avtomobil;181;vozilo z dviûnimi vrati zadaj;CLIO 
66;1415;7.2;1;TOYOTA;E12J1;COROLLA VERSO / 2.0 / D4D;Japonska ;JPN;osebni avtomobil;170;karavan;COROLLA VERSO 
66;1199;7.3;0;OPEL;CA033CA12-BA1SAEAH725;CORSA / 1.4 / AUT.;Nemcija;DEU;osebni avtomobil;170;vozilo z dviûnimi vrati zadaj;CORSA 
66;1180;7.3;0;RENAULT;EA0F-0G;MEGANE / CABRIO 1.6;Francija;FRA;osebni avtomobil;187;kabriolet;MEGANE 
66;980;7.4;0;HONDA;EG855;CIVIC / 1.5;Japonska ;JPN;osebni avtomobil;180;limuzina;CIVIC 
66;1180;7.4;0;MITSUBISHI;DA1ALNDEL6;CARISMA / 1.6 / GLI;Nizozemska;NLD;osebni avtomobil;180;vozilo z dviûnimi vrati zadaj;CARISMA 
66;1015;7.5;0;OPEL;ASTRA - F - CC;ASTRA / 1.8 I;Nemcija;DEU;osebni avtomobil;180;vozilo z dviûnimi vrati zadaj;ASTRA 
66;2037;7.5;1;RENAULT;FLB0B6;TRAFIC 2.0 / DCI;Francija;FRA;osebni avtomobil;150;vecnamensko vozilo;TRAFIC 2.0 
66;1075;7.5;0;VOLKSWAGEN;1-HXO;GOLF / 1.8 / I;Nemcija;DEU;osebni avtomobil;175;vozilo z dviûnimi vrati zadaj;GOLF 
66;1195;7.6;0;HONDA;EU7;CIVIC / 1.4;Zdruûeno kraljestvo;GBR;osebni avtomobil;175;vozilo z dviûnimi vrati zadaj;CIVIC 
66;1957;7.6;1;RENAULT;JLAMA6;TRAFIC / 2.0 / DCI;Francija;FRA;osebni avtomobil;145;vecnamensko vozilo;TRAFIC 
66;1110;7.6;0;VOLKSWAGEN;1H-ADZ;GOLF / 1.8;Nemcija;DEU;osebni avtomobil;178;vozilo z dviûnimi vrati zadaj;GOLF 
66;1050;7.6;0;VOLKSWAGEN;1HX0-ADZ;GOLF / 1.8 / SYNCRO;Nemcija;DEU;osebni avtomobil;178;vozilo z dviûnimi vrati zadaj;GOLF 
66;1200;7.7;0;HONDA;MB218;CIVIC / 1.4 / i;Zdruûeno kraljestvo;GBR;osebni avtomobil;175;vozilo z dviûnimi vrati zadaj;CIVIC 
66;1155;7.7;0;HONDA;MB271;CIVIC / 1.4 / i;Zdruûeno kraljestvo;GBR;osebni avtomobil;175;vozilo z dviûnimi vrati zadaj;CIVIC 
66;1155;7.7;0;MINI;RA31-32;ONE /;Nemcija;DEU;osebni avtomobil;170;vozilo z dviûnimi vrati zadaj;ONE 
66;1035;7.7;0;VOLKSWAGEN;1-HXO;GOLF / 1.8 / I;Nemcija;DEU;osebni avtomobil;180;vozilo z dviûnimi vrati zadaj;GOLF 
66;1500;7.8;1;TOYOTA;CXM10L-ARMDTW(11);PICNIC / 2.2 TDE /;Japonska ;JPN;osebni avtomobil;165;limuzina;PICNIC 
66;1155;7.8;0;VOLKSWAGEN;1EX0 ADZ;GOLF / CABRIO 1.8 /;Nemcija;DEU;osebni avtomobil;172;kabriolet;GOLF 
66;1230;8.1;0;AUDI;8C-ABT;80 / 2.0;Nemcija;DEU;osebni avtomobil;177;limuzina;80
66;1235;8.1;0;NISSAN;N15-N1;ALMERA / 2.0 /;Japonska ;JPN;osebni avtomobil;210;vozilo z dviûnimi vrati zadaj;ALMERA 
66;1472;8.2;0;CITROEN;7JNFRC;BERLINGO / 1.6 / i 16V;Francija;FRA;osebni avtomobil;159;karavan;BERLINGO 
66;2148;8.2;1;OPEL;CM11-7A44AH016AA9;VIVARO / COMBI 2.0 / DT;Nemcija;DEU;osebni avtomobil;145;vecnamensko vozilo;VIVARO 
66;1472;8.2;0;PEUGEOT;7JNFRC;PARTNER / 1.6 / i 16V;Francija;FRA;osebni avtomobil;159;karavan;PARTNER 
66;1957;8.2;1;RENAULT;JLAMA6;TRAFIC / 2.0 / DCI;Francija;FRA;osebni avtomobil;145;vecnamensko vozilo;TRAFIC 
66;1295;8.2;0;RENAULT;JA;MEGANE / SCENIC / 1.6;Francija;FRA;osebni avtomobil;170;vozilo z dviûnimi vrati zadaj;MEGANE 
66;1155;8.2;0;VOLKSWAGEN;1EX0-ADZ;GOLF / CABRIO 1.8;Nemcija;DEU;osebni avtomobil;172;kabriolet;GOLF 
66;990;8.4;0;MAZDA;NA18C2;MX-5 / 1.6 / i;Japonska ;JPN;osebni avtomobil;175;kabriolet;MX-5 
66;2029;8.4;1;RENAULT;JLBMB6;TRAFIC / 2.0 / DCI;Francija;FRA;osebni avtomobil;145;vecnamensko vozilo;TRAFIC 
66;1996;8.4;1;RENAULT;JLUMA6;TRAFIC / 2.0 / DCI;Francija;FRA;osebni avtomobil;145;vecnamensko vozilo;TRAFIC 
66;1897;8.7;1;RENAULT;JDAJ-D5;MASTER / COMBI 2.2 / DCI;Francija;FRA;osebni avtomobil;137;vecnamensko vozilo;MASTER 
66;900;8.8;0;OPEL;-;GT / 1.9 /;Nemcija;DEU;osebni avtomobil;185;kupe;GT 
66;1425;8.9;1;TOYOTA;XM1-CXM10W;PICNIC  2.2 TDE;Japonska ;JPN;osebni avtomobil;180;karavan;PICNIC  2.2 TDE
66.2;1332;4.3;1;CITROEN;LC9HXC/1;C4 / 1.6 / HDi 16V;Francija;FRA;osebni avtomobil;180;vozilo z dviûnimi vrati zadaj;C4 
66.2;1332;4.4;1;CITROEN;LC9HXC/1;C4 / 1.6 / HDi 16V;Francija;FRA;osebni avtomobil;180;vozilo z dviûnimi vrati zadaj;C4 
66.2;1330;4.4;1;CITROEN;LA9HXC/1;C4 / 1.6 / HDi 16V;Francija;FRA;osebni avtomobil;180;vozilo z dviûnimi vrati zadaj;C4 
66.2;1169;4.4;1;CITROEN;FL9HXC;C3 / 1.6 / HDi 16V XTR;Francija;FRA;osebni avtomobil;180;vozilo z dviûnimi vrati zadaj;C3 
66.2;1163;4.4;1;CITROEN;FC9HXC;C3 / 1.6 / HDi 16V;Francija;FRA;osebni avtomobil;180;vozilo z dviûnimi vrati zadaj;C3 
66.2;1332;4.4;1;PEUGEOT;WE9HXC/1;207 / BREAK 1.6 / HDI;Francija;FRA;osebni avtomobil;182;karavan;207
66.2;1280;4.4;1;PEUGEOT;WC9H-xC;207 / 1.6 / HDI;Francija;FRA;osebni avtomobil;182;vozilo z dviûnimi vrati zadaj;207
66.2;1272;4.4;1;PEUGEOT;WA9HXC;207 / 1.6 / HDI;Francija;FRA;osebni avtomobil;182;vozilo z dviûnimi vrati zadaj;207
66.2;1272;4.4;1;PEUGEOT;WC9HXC;207 / 1.6 / HDI;Francija;FRA;osebni avtomobil;182;vecnamensko vozilo;207
66.2;1352;4.5;1;CITROEN;SH9HXC/1;C3 PICASSO / 1.6 / HDI;Francija;FRA;osebni avtomobil;173;vecnamensko vozilo;C3 PICASSO 
66.2;1332;4.5;1;CITROEN;LC9HXC;C4 / 1.6 / HDi 16V;Francija;FRA;osebni avtomobil;180;vozilo z dviûnimi vrati zadaj;C4 
66.2;1330;4.5;1;CITROEN;LA9HXC;C4 / 1.6 / HDI 16V;Francija;FRA;osebni avtomobil;180;vozilo z dviûnimi vrati zadaj;C4 
66.2;1378;4.5;1;PEUGEOT;4C9HXC/1;308 / 1.6 / HDI;Francija;FRA;osebni avtomobil;180;vozilo z dviûnimi vrati zadaj;308
66.2;1378;4.5;1;PEUGEOT;4C9HXC/1;308 / 1.6 / HDI;Francija;FRA;osebni avtomobil;180;vecnamensko vozilo;308
66.2;1368;4.5;1;PEUGEOT;4A9HXC/1;308 / 1.6 / HDI;Francija;FRA;osebni avtomobil;180;vozilo z dviûnimi vrati zadaj;308
66.2;1339;4.5;1;PEUGEOT;WE9HXC;207 / BREAK 1.6 / HDI;Francija;FRA;osebni avtomobil;182;karavan;207
66.2;1280;4.5;1;PEUGEOT;WC9HXC;207 / 1.6 / HDI;Francija;FRA;osebni avtomobil;182;vozilo z dviûnimi vrati zadaj;207
66.2;1272;4.5;1;PEUGEOT;WA9HX-C;207 / 1.6 / HDI;Francija;FRA;osebni avtomobil;182;vozilo z dviûnimi vrati zadaj;207
66.2;1339;4.6;1;PEUGEOT;WE9HXC;207 / BREAK 1.6 / HDI;Francija;FRA;osebni avtomobil;182;karavan;207
66.2;1364;4.7;1;CITROEN;SH9HXC/1;C3 PICASSO / 1.6 / HDI;Francija;FRA;osebni avtomobil;173;vecnamensko vozilo;C3 PICASSO 
66.2;1332;4.7;1;CITROEN;LC9HXC;C4 / 1.6 / HDi 16V;Francija;FRA;osebni avtomobil;180;vozilo z dviûnimi vrati zadaj;C4 
66.2;1330;4.7;1;CITROEN;LA9HXC;C4 / 1.6 / HDI 16V;Francija;FRA;osebni avtomobil;180;vozilo z dviûnimi vrati zadaj;C4 
66.2;1453;4.7;1;PEUGEOT;4E9HXC/1;308 / BREAK 1.6 / HDI;Francija;FRA;osebni avtomobil;174;vecnamensko vozilo;308
66.2;1453;4.7;1;PEUGEOT;4E9HXC/1;308 / BREAK 1.6 / HDI;Francija;FRA;osebni avtomobil;174;karavan;308
66.2;1378;4.7;1;PEUGEOT;4C9HXC;308 / 1.6 / HDI;Francija;FRA;osebni avtomobil;180;vozilo z dviûnimi vrati zadaj;308
66.2;1373;4.7;1;PEUGEOT;WU9HXC;207 / BREAK 1.6 / HDI;Francija;FRA;osebni avtomobil;174;karavan;207
66.2;1368;4.7;1;PEUGEOT;4A9HXC;308 / 1.6 / HDI;Francija;FRA;osebni avtomobil;180;vozilo z dviûnimi vrati zadaj;308
66.2;1368;4.7;1;PEUGEOT;4A9HXC;308 / 1.6 / HDI;Francija;FRA;osebni avtomobil;180;vecnamensko vozilo;308
66.2;1364;4.8;1;CITROEN;SH9HXC;C3 PICASSO / 1.6 / HDI;Francija;FRA;osebni avtomobil;173;vecnamensko vozilo;C3 PICASSO 
66.2;1165;4.9;0;FIAT;312PXR2BP10D;PANDA / 0.9 / 4X4;Italija;ITA;osebni avtomobil;167;vecnamensko vozilo;PANDA 
66.2;1542;4.9;1;PEUGEOT;4H9HXC/1;308 / MONOSPACE 1.6 / HDI;Francija;FRA;osebni avtomobil;174;vecnamensko vozilo;308
66.2;1337;4.9;1;PEUGEOT;3C9HXC;307 / 1.6 / HDI;Francija;FRA;osebni avtomobil;179;vozilo z dviûnimi vrati zadaj;307
66.2;1289;4.9;1;PEUGEOT;3A9HXC;307 / 1.6 / HDI;Francija;FRA;osebni avtomobil;179;vozilo z dviûnimi vrati zadaj;307
66.2;1365;5.1;1;CITROEN;CH9HXC;XSARA PICASSO / 1.6 / HDi 16V;Francija;FRA;osebni avtomobil;175;vecnamensko vozilo;XSARA PICASSO 
66.2;1477;5.1;1;PEUGEOT;3H9HXC;307 / MONOSPACE 1.6 / HDI;Francija;FRA;osebni avtomobil;174;vecnamensko vozilo;307
66.2;1469;5.1;1;PEUGEOT;3H9HX-C;307 / MONOSPACE 1.6 / HDI;Francija;FRA;osebni avtomobil;174;vecnamensko vozilo;307
66.2;1315;5.3;1;PEUGEOT;GJ9HXC;PARTNER / 1.6 / HDI;Francija;FRA;osebni avtomobil;160;karavan;PARTNER 
66.2;1315;5.3;1;PEUGEOT;GJ9HXC;PARTNER / 1. / HDI;Francija;FRA;osebni avtomobil;160;limuzina;PARTNER 
66.2;1300;5.3;1;SUZUKI;EYA71S-MT;SX4 / 1.6 / 2WD TD;Madûarska;HUN;osebni avtomobil;175;vozilo z dviûnimi vrati zadaj;SX4 
66.2;1390;5.4;1;CITROEN;GJ9HXC/N4;BERLINGO / 1.6 / HDI;Francija;FRA;osebni avtomobil;160;vecnamensko vozilo;BERLINGO 
66.2;1320;5.4;1;CITROEN;GJ9HXC;BERLINGO / 1.6 / HDI;Francija;FRA;osebni avtomobil;160;karavan;BERLINGO 
66.2;1315;5.4;1;CITROEN;GJ9HXC;BERLINGO / 1.6 / HDI;Francija;FRA;osebni avtomobil;160;vecnamensko vozilo;BERLINGO 
66.2;1305;5.4;1;CITROEN;GJ9HXC/ES;BERLINGO / 1.6 / HDI;Francija;FRA;osebni avtomobil;160;vecnamensko vozilo;BERLINGO 
66.2;1315;5.4;1;PEUGEOT;GJ9HXC;PARTNER / 1.6 / HDI;Francija;FRA;osebni avtomobil;160;karavan;PARTNER 
66.2;1315;5.4;1;PEUGEOT;GJ9HXC;PARTNER / 1.6 / HDI;Francija;FRA;osebni avtomobil;160;vecnamensko vozilo;PARTNER 
66.2;1301;5.6;0;HYUNDAI;F5P71-M52AZ1;ix20 / 1.4 /;Ceöka republika;CZE;osebni avtomobil;168;vecnamensko vozilo;ix20 
66.2;1519;5.7;1;CITROEN;7J9HXC;BERLINGO / 1.6 / HDI;Francija;FRA;osebni avtomobil;161;karavan;BERLINGO 
66.2;1482;5.7;1;CITROEN;7J9HXC;BERLINGO / 1.6 / HDI;Francija;FRA;osebni avtomobil;161;vozilo za posebne namene;BERLINGO 
66.2;1263;5.7;0;KIA;EDB5PE1-M56AZ1;CEED / 1.4 /;Slovaöka;SVK;osebni avtomobil;180;vecnamensko vozilo;CEED 
66.2;1482;5.7;1;PEUGEOT;7J9HXC;PARTNER / 1.6 / HDI;Francija;FRA;osebni avtomobil;161;karavan;PARTNER 
66.2;1355;5.8;0;KIA;EDB5PB1-M56AZ1;CEED / 1.4 /;Slovaöka;SVK;osebni avtomobil;180;vecnamensko vozilo;CEED 
66.2;1298;5.8;0;KIA;EDB5PD1-M56AZ1;CEED / 1.4 /;Slovaöka;SVK;osebni avtomobil;180;vecnamensko vozilo;CEED 
66.2;1293;5.8;0;KIA;EDB3PD1-M56AZ1;CEED / 1.4 /;Slovaöka;SVK;osebni avtomobil;180;vecnamensko vozilo;CEED 
66.2;1257;5.8;0;KIA;EDB3PB1-M56AZ1;CEED / 1.4 /;Slovaöka;SVK;osebni avtomobil;180;vecnamensko vozilo;CEED 
66.2;1497;5.8;1;PEUGEOT;7N9HXC;PARTNER 1.6 / HDI;Francija;FRA;osebni avtomobil;161;karavan;PARTNER 1.6 
66.2;1253;5.9;0;KIA;YNF5P21-M52BZ1;VENGA / 1.4 /;Ceöka republika;CZE;osebni avtomobil;167;vecnamensko vozilo;VENGA 
66.2;1599;5.9;1;PEUGEOT;7S9HXC;PARTNER / 1.6 / HDI;Francija;FRA;osebni avtomobil;160;vecnamensko vozilo;PARTNER 
66.2;1497;5.9;1;PEUGEOT;7N9HXC;PARTNER 1.6 / HDI 670/5 L1;Francija;FRA;osebni avtomobil;160;vecnamensko vozilo;PARTNER 1.6 
66.2;1352;6.1;0;KIA;EDF5PD1-M56AZ1;CEED / 1.4 /;Slovaöka;SVK;osebni avtomobil;180;vecnamensko vozilo;CEED 
66.2;1290;6.2;0;KIA;YNF5P11-M52AZ1;VENGA / 1.4 /;Ceöka republika;CZE;osebni avtomobil;167;vecnamensko vozilo;VENGA 
66.2;1808;7.2;1;CITROEN;XA9HUC;JUMPY / 1.6 / HDI L1;Francija;FRA;osebni avtomobil;145;karavan;JUMPY 
66.2;1808;7.2;1;PEUGEOT;XA9HUC;EXPERT / 1.6 / HDI L1;Francija;FRA;osebni avtomobil;145;karavan;EXPERT 
66.2;1886;7.5;1;FIAT;270KXA1AAB1;SCUDO / 1.6 / JTD;Italija;ITA;osebni avtomobil;145;vecnamensko vozilo;SCUDO 
66.2;1808;7.5;1;FIAT;270XXA1AAB;SCUDO / 1.6 / JTD;Italija;ITA;osebni avtomobil;145;vecnamensko vozilo;SCUDO 
66.2;2300;8.6;1;FORD;FDAY-D2FA;TRANSIT / 300S HC 2.4 / TD AUT.;Nemcija;DEU;osebni avtomobil;136;vozilo z dostopom za invalidski vozicek;TRANSIT 
67;1707;1.3;0;RENAULT;RFBKJ2NH4UC0120100;MEGANE E-TECH PLUG-IN HYBRID;Francija;FRA;osebni avtomobil;178;karavan;MEGANE E-TECH PLUG-IN HYBRID
67;1372;4.4;0;RENAULT;RJABH2MU4UA3FA5000;CLIO / E-TECH / HYBRID;Francija;FRA;osebni avtomobil;180;vozilo z dviûnimi vrati zadaj;CLIO 
67;1371;4.4;0;RENAULT;RJABH2MU4UA0FA5000;CLIO / E-TECH / HYBRID;Francija;FRA;osebni avtomobil;180;vozilo z dviûnimi vrati zadaj;CLIO 
67;1380;4.5;0;RENAULT;RJABH2MU4UA3FA5000;CLIO / E-TECH / HYBRID;Francija;FRA;osebni avtomobil;180;vozilo z dviûnimi vrati zadaj;CLIO 
67;1210;5.2;0;RENAULT;RJABE2MT6UA3GA5000;CLIO / 1.0 /;Francija;FRA;osebni avtomobil;180;vozilo z dviûnimi vrati zadaj;CLIO 
67;1198;5.2;0;RENAULT;RJABE2MT6UA2GA5000;CLIO / 1.0 /;Francija;FRA;osebni avtomobil;180;vozilo z dviûnimi vrati zadaj;CLIO 
67;1183;5.2;0;RENAULT;RJABE2MT6UA4GA5000;CLIO / 1.0 /;Francija;FRA;osebni avtomobil;180;vozilo z dviûnimi vrati zadaj;CLIO 
67;1171;5.3;0;DACIA;DJFBESM66UA22M5200;SANDERO / 1.0 /;Romunija;ROM;osebni avtomobil;178;vozilo z dviûnimi vrati zadaj;SANDERO 
67;1210;5.3;0;RENAULT;RJABE2MT6UA2GA5000;CLIO / 1.0 /;Francija;FRA;osebni avtomobil;180;vozilo z dviûnimi vrati zadaj;CLIO 
67;1195;5.6;0;DACIA;DJFBEVM66UA23M5200;SANDERO / 1.0 /;Romunija;ROM;osebni avtomobil;172;vozilo z dviûnimi vrati zadaj;SANDERO 
67;1187;5.6;0;DACIA;DJFBEVM66UA23M5100;SANDERO / 1.0 /;Romunija;ROM;osebni avtomobil;172;vozilo z dviûnimi vrati zadaj;SANDERO 
67;1291;5.8;0;RENAULT;RJBHE2M66UA1AA5200;CAPTUR / 1.0 /;Francija;FRA;osebni avtomobil;168;vozilo z dviûnimi vrati zadaj;CAPTUR 
67;1288;5.8;0;RENAULT;RJBHE2M66UA1AA5100;CAPTUR / 1.0 /;Francija;FRA;osebni avtomobil;168;vozilo z dviûnimi vrati zadaj;CAPTUR 
67;1350;5.9;1;MERCEDES BENZ;414.700;VANEO / 1.7 / CDI.;Nemcija;DEU;osebni avtomobil;160;limuzina;VANEO 
67;1330;5.9;0;RENAULT;RJBHE2M66UA2AA5300;CAPTUR / 1.0 /;Francija;FRA;osebni avtomobil;168;vozilo z dviûnimi vrati zadaj;CAPTUR 
67;1311;5.9;0;RENAULT;RJBHE2M66UA1AA5200;CAPTUR / 1.0 /;Francija;FRA;osebni avtomobil;168;vozilo z dviûnimi vrati zadaj;CAPTUR 
67;1309;6.2;0;DACIA;SRDHE2M66UA1M0M050;DUSTER / 1.0 /;Francija;FRA;osebni avtomobil;166;karavan;DUSTER 
67;1065;6.2;0;SUZUKI;C11S-MT;SWIFT / 1.3;Madûarska;HUN;osebni avtomobil;175;vozilo z dviûnimi vrati zadaj;SWIFT 
67;1350;6.6;1;MERCEDES BENZ;414.700;VANEO / 1.7 / CDI;Nemcija;DEU;osebni avtomobil;160;vecnamensko vozilo;VANEO 
67;1350;7.4;1;MERCEDES BENZ;414;VANEO / 1.7 / CDI;Nemcija;DEU;osebni avtomobil;156;limuzina;VANEO 
67;990;8.3;0;SUZUKI;C11S-MT;SWIFT / 1.3 /;Madûarska;HUN;osebni avtomobil;150;vozilo z dviûnimi vrati zadaj;SWIFT 
67.5;1055;5.8;0;SUZUKI;C11S-MT;SWIFT / 1.3 /;Madûarska;HUN;osebni avtomobil;175;vozilo z dviûnimi vrati zadaj;SWIFT 
67.5;1045;5.8;0;SUZUKI;A11S-MT;SWIFT / 1.3 /;Madûarska;HUN;osebni avtomobil;175;vozilo z dviûnimi vrati zadaj;SWIFT 
67.5;1045;6.1;0;SUZUKI;A11S-MT4S;SWIFT / 1.3 /;Madûarska;HUN;osebni avtomobil;175;vozilo z dviûnimi vrati zadaj;SWIFT 
67.5;1135;6.2;0;SUZUKI;EZD11S-MT;SWIFT / 1.3 / 4WD;Japonska ;JPN;osebni avtomobil;167;vozilo z dviûnimi vrati zadaj;SWIFT 
67.5;1065;6.2;0;SUZUKI;C11S-MT;SWIFT / 1.3 /;Madûarska;HUN;osebni avtomobil;175;vozilo z dviûnimi vrati zadaj;SWIFT 
67.5;1065;6.2;0;SUZUKI;EZC11S-MT;SWIFT / 1.3 /;Japonska ;JPN;osebni avtomobil;175;vozilo z dviûnimi vrati zadaj;SWIFT 
67.5;1135;6.3;0;SUZUKI;EZD11S-MT;SWIFT / 1.3 / 4WD;Japonska ;JPN;osebni avtomobil;167;vozilo z dviûnimi vrati zadaj;SWIFT 
68;1160;3.3;1;CITROEN;SC9HP4/S;C3 / 1.6 / HDI;Francija;FRA;osebni avtomobil;182;vozilo z dviûnimi vrati zadaj;C3 
68;1250;3.5;1;CITROEN;0B9HPG-C2H000;C4 CACTUS / 1.6 / HDI;Francija;FRA;osebni avtomobil;182;vozilo z dviûnimi vrati zadaj;C4 CACTUS 
68;1160;3.5;1;CITROEN;SC9HPK/2S;C3 / 1.6 / HDi;Francija;FRA;osebni avtomobil;180;vozilo z dviûnimi vrati zadaj;C3 
68;1160;3.5;1;CITROEN;SA9HPK/2S;DS3 / 1.6 / HDi;Francija;FRA;osebni avtomobil;180;vozilo z dviûnimi vrati zadaj;DS3 
68;1142;3.5;1;PEUGEOT;CA9HP0/1S;208 / 1.6 / HDI 16V;Francija;FRA;osebni avtomobil;185;vozilo z dviûnimi vrati zadaj;208
68;1250;3.6;1;CITROEN;0B9HPG-C2D000;C4 CACTUS / 1.6 / HDI;Francija;FRA;osebni avtomobil;182;vozilo z dviûnimi vrati zadaj;C4 CACTUS 
68;1246;3.6;1;CITROEN;SC9HPK/1S;C3 / 1.6 / HDi;Francija;FRA;osebni avtomobil;180;vozilo z dviûnimi vrati zadaj;C3 
68;1238;3.6;1;CITROEN;0B9HPG-C2D000;C4 CACTUS / 1.6 / HDI;Francija;FRA;osebni avtomobil;176;vozilo z dviûnimi vrati zadaj;C4 CACTUS 
68;1161;3.6;1;CITROEN;SC9HPK/TS;C3 / 1.6 / HDI.;Francija;FRA;osebni avtomobil;180;vozilo z dviûnimi vrati zadaj;C3 
68;1160;3.6;1;CITROEN;SC9HPK/2S;C3 / 1.6 / HDi;Francija;FRA;osebni avtomobil;180;vozilo z dviûnimi vrati zadaj;C3 
68;1160;3.6;1;CITROEN;SA9HPK/1S;DS3 / 1.6 / HDi;Francija;FRA;osebni avtomobil;180;vozilo z dviûnimi vrati zadaj;DS3 
68;1155;3.6;1;PEUGEOT;CC9HP0/S;208 / 1.6 / HDI 16V;Francija;FRA;osebni avtomobil;185;vozilo z dviûnimi vrati zadaj;208
68;1160;3.7;1;CITROEN;SA9HPK/S;DS3 / 1.6 / HDi;Francija;FRA;osebni avtomobil;180;vozilo z dviûnimi vrati zadaj;DS3 
68;1160;3.7;1;CITROEN;SC9HPK/S;C3 / 1.6 / HDi;Francija;FRA;osebni avtomobil;180;vozilo z dviûnimi vrati zadaj;C3 
68;1165;3.7;1;PEUGEOT;LB9HPA-C21000;308 / 1.6 / HDI;Francija;FRA;osebni avtomobil;183;vozilo z dviûnimi vrati zadaj;308
68;1165;3.7;1;PEUGEOT;LB9HPA-C21000;308 / 1.6 / HDI;Francija;FRA;osebni avtomobil;183;vozilo za posebne namene;308
68;1364;3.8;1;CITROEN;3D9HP8/2PS;C4 PICASSO / 1.6 / HDI AUT.;Francija;FRA;osebni avtomobil;175;karavan;C4 PICASSO 
68;1165;3.8;1;CITROEN;SC9HP8/PS;C3 / 1.6 / HDI;Francija;FRA;osebni avtomobil;183;vozilo z dviûnimi vrati zadaj;C3 
68;1165;3.8;1;CITROEN;SA9HP8/PS;DS3 / 1.6 / HDI;Francija;FRA;osebni avtomobil;179;vozilo z dviûnimi vrati zadaj;DS3 
68;1155;3.8;1;CITROEN;SC9HP4/1;C3 / 1.6 / HDi;Francija;FRA;osebni avtomobil;180;vozilo z dviûnimi vrati zadaj;C3 
68;1278;3.8;1;PEUGEOT;WC9HP4;207 / 1.6 / HDI 16V;Francija;FRA;osebni avtomobil;183;vozilo z dviûnimi vrati zadaj;207
68;1255;3.8;1;PEUGEOT;LC9HPA-R2E000;308 / BREAK 1.6 / HDI;Francija;FRA;osebni avtomobil;183;vecnamensko vozilo;308
68;1255;3.8;1;PEUGEOT;LC9HPA-R2E000;308 / BREAK 1.6 / HDI;Francija;FRA;osebni avtomobil;181;vecnamensko vozilo;308
68;1245;3.8;1;PEUGEOT;CU9HP8/1PS;2008 / 1.6 / HDI 16V AUT.;Francija;FRA;osebni avtomobil;180;karavan;2008
68;1245;3.8;1;PEUGEOT;CU9HP8/1PS;2008 / 1.6 / HDI 16V AUT.;Francija;FRA;osebni avtomobil;180;vozilo za posebne namene;2008
68;1165;3.8;1;PEUGEOT;CC9HP8/PS;208 / 1.6 / HDI 16V;Francija;FRA;osebni avtomobil;183;vozilo z dviûnimi vrati zadaj;208
68;1155;3.8;1;PEUGEOT;CC9HP0/S;208 / 1.6 / HDI 16V;Francija;FRA;osebni avtomobil;185;vozilo z dviûnimi vrati zadaj;208
68;1142;3.8;1;PEUGEOT;CA9HP0/S;208 / 1.6 / HDI 16V;Francija;FRA;osebni avtomobil;185;vozilo z dviûnimi vrati zadaj;208
68;1198;3.8;0;TOYOTA;XPA1F(EU.M)/MXPH11(H)/MXPH11L-BHXNBW(1A);YARIS / 1.5 / HIBRID CVT;Francija;FRA;osebni avtomobil;175;vozilo z dviûnimi vrati zadaj;YARIS 
68;1255;3.9;1;PEUGEOT;LC9HPA-R21000;308 / BREAK 1.6 / HDI;Francija;FRA;osebni avtomobil;182;vecnamensko vozilo;308
68;1255;3.9;1;PEUGEOT;LC9HPA-R21000;308 / BREAK 1.6 / HDI;Francija;FRA;osebni avtomobil;181;vecnamensko vozilo;308
68;1233;3.9;1;PEUGEOT;CC9HP0/TS;208 / 1.6 / HDI 16V;Francija;FRA;osebni avtomobil;185;vozilo z dviûnimi vrati zadaj;208
68;1202;3.9;0;TOYOTA;XPA1F(EU.M)/MXPH11(H)/MXPH11L-BHXNBW(1B);YARIS / 1.5 / HIBRID CVT;Francija;FRA;osebni avtomobil;175;vozilo z dviûnimi vrati zadaj;YARIS 
68;1388;4.1;1;CITROEN;NC9HP0/1;C4 / 1.6 / HDI;Francija;FRA;osebni avtomobil;180;vozilo z dviûnimi vrati zadaj;C4 
68;1280;4.1;1;CITROEN;SH9HP4;C3 PICASSO / 1.6 / HDI;Francija;FRA;osebni avtomobil;174;vecnamensko vozilo;C3 PICASSO 
68;1165;4.1;1;CITROEN;DD9HP0/1;C-ELYSEE / 1.6 / HDI;Francija;FRA;osebni avtomobil;180;limuzina;C-ELYSEE 
68;1159;4.1;1;CITROEN;SC9HP0/T;C3 / 1.6 / HDI;Francija;FRA;osebni avtomobil;180;vozilo z dviûnimi vrati zadaj;C3 
68;1155;4.1;1;CITROEN;SA9HP0;DS3 / 1.6 / HDI;Francija;FRA;osebni avtomobil;180;vozilo z dviûnimi vrati zadaj;DS3 
68;1275;4.1;1;PEUGEOT;4C9HP0/1;308 / 1.6 / HDI;Francija;FRA;osebni avtomobil;181;vecnamensko vozilo;308
68;1165;4.1;1;PEUGEOT;DD9HP0/1;301 / 1.6 / HDI;Francija;FRA;osebni avtomobil;180;limuzina;301
68;1388;4.2;1;CITROEN;NC9HP0/1;C4 / 1.6 / HDI;Francija;FRA;osebni avtomobil;180;vozilo z dviûnimi vrati zadaj;C4 
68;1388;4.2;1;CITROEN;SH9HP8/1PS;C3 PICASSO / 1.6 / HDI;Francija;FRA;osebni avtomobil;177;vecnamensko vozilo;C3 PICASSO 
68;1354;4.2;1;CITROEN;3D9HP0/1;C4 PICASSO / 1.6 / HDI;Francija;FRA;osebni avtomobil;173;karavan;C4 PICASSO 
68;1280;4.2;1;CITROEN;SH9HP4;C3 PICASSO / 1.6 / HDI;Francija;FRA;osebni avtomobil;174;vecnamensko vozilo;C3 PICASSO 
68;1374;4.2;1;PEUGEOT;WE9HP0/1;207 / BREAK 1.6 / HDI;Francija;FRA;osebni avtomobil;182;karavan;207
68;1328;4.2;1;PEUGEOT;WA9HP0/1;207 / 1.6 / HDI 16V;Francija;FRA;osebni avtomobil;183;vozilo z dviûnimi vrati zadaj;207
68;1277;4.2;1;PEUGEOT;WC9HP0/1;207 / 1.6 / HDI 16V;Francija;FRA;osebni avtomobil;183;vozilo z dviûnimi vrati zadaj;207
68;1275;4.2;1;PEUGEOT;4C9HP0/1;308 / 1.6 / HDI;Francija;FRA;osebni avtomobil;181;vecnamensko vozilo;308
68;1388;4.3;1;CITROEN;NC9HP0;C4 / 1.6 / HDI;Francija;FRA;osebni avtomobil;180;vozilo z dviûnimi vrati zadaj;C4 
68;1388;4.3;1;CITROEN;SH9HP8/PS;C3 PICASSO / 1.6 / HDI;Francija;FRA;osebni avtomobil;177;vecnamensko vozilo;C3 PICASSO 
68;1277;4.3;1;PEUGEOT;WC9HP0;207 / 1.6 / HDI 16V;Francija;FRA;osebni avtomobil;183;vozilo z dviûnimi vrati zadaj;207
68;1234;4.3;0;TOYOTA;XPA1F(EU.M)/MXPH11(H)/MXPH11L-BHXSBW(2B);YARIS / 1.5 / HIBRID CVT;Francija;FRA;osebni avtomobil;175;vozilo z dviûnimi vrati zadaj;YARIS 
68;1226;4.3;0;TOYOTA;XPA1F(EU.M)/MXPH11(H)/MXPH11L-BHXGBW(2B);YARIS / 1.5 / HIBRID CVT;Francija;FRA;osebni avtomobil;175;vozilo z dviûnimi vrati zadaj;YARIS 
68;1224;4.3;0;TOYOTA;XPA1F(EU.M)/MXPH11(H)/MXPH11L-BHXSBW(2A);YARIS / 1.5 / HIBRID CVT;Francija;FRA;osebni avtomobil;175;vozilo z dviûnimi vrati zadaj;YARIS 
68;1280;4.4;1;CITROEN;NR9HP0/1;C4 / 1.6 / HDI;Francija;FRA;osebni avtomobil;180;vozilo z dviûnimi vrati zadaj;C4 
68;1378;4.4;1;PEUGEOT;4C9HP0/1;308 / 1.6 / HDI;Francija;FRA;osebni avtomobil;181;vecnamensko vozilo;308
68;1322;4.4;1;PEUGEOT;WE9HP0/1;207 / BREAK 1.6 / HDI;Francija;FRA;osebni avtomobil;182;karavan;207
68;1505;4.5;1;PEUGEOT;4H9HP0/1;308 / MONOSPACE 1.6 / HDI;Francija;FRA;osebni avtomobil;176;vecnamensko vozilo;308
68;1453;4.5;1;PEUGEOT;4E9HP0/1;308 / BREAK 1.6 / HDI;Francija;FRA;osebni avtomobil;176;vecnamensko vozilo;308
68;1322;4.5;1;PEUGEOT;WE9HP0;207 / BREAK 1.6 / HDI;Francija;FRA;osebni avtomobil;182;karavan;207
68;1404;4.6;1;CITROEN;SH9HP0/1;C3 PICASSO / 1.6 / HDI;Francija;FRA;osebni avtomobil;174;vecnamensko vozilo;C3 PICASSO 
68;1383;4.6;1;PEUGEOT;WU9HP0;207 / BREAK 1.6 / HDI 16V;Francija;FRA;osebni avtomobil;183;karavan;207
68;1604;4.7;1;CITROEN;7J9HP0/1S;BERLINGO / 1.6 / HDI;Francija;FRA;osebni avtomobil;163;karavan;BERLINGO 
68;1576;4.7;1;PEUGEOT;4H9HP0/1;308 / MONOSPACE 1.6 / HDI;Francija;FRA;osebni avtomobil;176;vecnamensko vozilo;308
68;1485;4.7;1;PEUGEOT;4E9HP0/N4;308 / BREAK 1.6 / HDI;Francija;FRA;osebni avtomobil;176;vecnamensko vozilo;308
68;1464;4.7;1;PEUGEOT;4E9HP0/1;308 / BREAK 1.6 / HDI;Francija;FRA;osebni avtomobil;176;vecnamensko vozilo;308
68;1435;4.7;1;PEUGEOT;7J9HP0/1;PARTNER / 1.6 / HDI;Francija;FRA;osebni avtomobil;165;karavan;PARTNER 
68;1395;4.7;1;PEUGEOT;7J9HP0/1S;PARTNER / 1.6 / HDI;Francija;FRA;osebni avtomobil;163;karavan;PARTNER 
68;1505;4.8;1;CITROEN;7J9HP8/1PS;BERLINGO / 1.6 / HDI AUT.;Francija;FRA;osebni avtomobil;165;vecnamensko vozilo;BERLINGO 
68;1505;4.8;1;CITROEN;7J9HP8/1PS;BERLINGO / 1.6 / HDI AUT.;Francija;FRA;osebni avtomobil;165;karavan;BERLINGO 
68;1505;4.8;1;CITROEN;7J9HP8/1PS;BERLINGO / 1.6 / HDI AUT.;Francija;FRA;osebni avtomobil;165;vozilo za posebne namene;BERLINGO 
68;1604;4.9;1;CITROEN;7J9HP0/1S;BERLINGO / 1.6 / HDI;Francija;FRA;osebni avtomobil;163;karavan;BERLINGO 
68;1395;4.9;1;PEUGEOT;7J9HP0/1S;PARTNER / 1.6 / HDI;Francija;FRA;osebni avtomobil;163;karavan;PARTNER 
68;1601;5.2;1;CITROEN;7J9HP0/1;BERLINGO / 1.6 / HDI;Francija;FRA;osebni avtomobil;165;karavan;BERLINGO 
68;1603;5.2;1;PEUGEOT;7J9HP0/1;PARTNER / 1.6 / HDI;Francija;FRA;osebni avtomobil;165;vozilo z dostopom za invalidski vozicek;PARTNER 
68;1601;5.2;1;PEUGEOT;7J9HP0/1;PARTNER / 1.6 / HDI;Francija;FRA;osebni avtomobil;165;karavan;PARTNER 
68;1504;5.3;1;CITROEN;7N9HP0;BERLINGO 1.6 / HDI 600/5 L1;Francija;FRA;osebni avtomobil;162;vecnamensko vozilo;BERLINGO 1.6 
68;1485;5.3;1;CITROEN;7J9HP0;BERLINGO / 1.6 / HDI;Francija;FRA;osebni avtomobil;162;karavan;BERLINGO 
68;1485;5.3;1;CITROEN;7J9HP0;ERLINGO / 1.6 / HDI;Francija;FRA;osebni avtomobil;162;karavan;ERLINGO 
68;1435;5.3;1;CITROEN;7N9HP0;BERLINGO 1.6 / DHI 600/5 L1;Francija;FRA;osebni avtomobil;162;karavan;BERLINGO 1.6 
68;1535;5.3;1;PEUGEOT;7N9HP0;PARTNER 1.6 / HDI 600/5 L1;Francija;FRA;osebni avtomobil;162;vecnamensko vozilo;PARTNER 1.6 
68;1526;5.3;1;PEUGEOT;7J9HP0;PARTNER / 1.6 / HDI;Francija;FRA;osebni avtomobil;162;karavan;PARTNER 
68;1505;5.3;1;PEUGEOT;7J9HP0;PARTNER / 1.6 / HDI;Francija;FRA;osebni avtomobil;162;vozilo z dostopom za invalidski vozicek;PARTNER 
68;1056;5.3;0;RENAULT;AH2BE2ME5TA0G10000;TWINGO / 0.9 /;Francija;FRA;osebni avtomobil;171;vozilo z dviûnimi vrati zadaj;TWINGO 
68;1601;5.5;1;CITROEN;7S9HP0;BERLINGO / 1.6 / HDI;Francija;FRA;osebni avtomobil;162;vecnamensko vozilo;BERLINGO 
68;1167;5.5;0;NISSAN;K14DD12;MICRA / 1.0 /;Francija;FRA;osebni avtomobil;178;vecnamensko vozilo;MICRA 
68;1601;5.5;1;PEUGEOT;7S9HP0;PARTNER / 1.6 / HDI;Francija;FRA;osebni avtomobil;162;vecnamensko vozilo;PARTNER 
68;1081;5.5;0;RENAULT;AH2BE2ME5TA0J10000;TWINGO / 0.9 /;Francija;FRA;osebni avtomobil;165;vozilo z dviûnimi vrati zadaj;TWINGO 
68;1056;5.5;0;RENAULT;AH2BE2ME5TA0C00000;TWINGO / 0.9 /;Francija;FRA;osebni avtomobil;165;vozilo z dviûnimi vrati zadaj;TWINGO 
68;1172;5.7;0;NISSAN;K14DD12;MICRA / 1.0 /;Francija;FRA;osebni avtomobil;178;vecnamensko vozilo;MICRA 
68;1083;5.8;0;RENAULT;AH2BE2MEATA0D00000;TWINGO / 0.9 / AUT.;Francija;FRA;osebni avtomobil;165;vozilo z dviûnimi vrati zadaj;TWINGO 
68;1425;5.9;1;RENAULT;BG15B6;LAGUNA / 1.9 / DCI;Francija;FRA;osebni avtomobil;182;vozilo z dviûnimi vrati zadaj;LAGUNA 
68;1055;6.1;0;SUZUKI;A11S-MTA5S;SWIFT / 1.3;Madûarska;HUN;osebni avtomobil;175;vozilo z dviûnimi vrati zadaj;SWIFT 
68;1065;6.2;0;SUZUKI;C11S-MT;SWIFT / 1.3;Madûarska;HUN;osebni avtomobil;175;vozilo z dviûnimi vrati zadaj;SWIFT 
68;1135;7.5;0;CHEVROLET;SH1-211;KALOS / 1.4;Zdruûene drûave;USA;osebni avtomobil;170;vozilo z dviûnimi vrati zadaj;KALOS 
68;1050;7.6;0;PEUGEOT;15 BB 22;405 / GL;Francija;FRA;osebni avtomobil;168;limuzina;405
69;1050;4.9;0;SUZUKI;A72S-MT2;SWIFT / 1.2 /;Madûarska;HUN;osebni avtomobil;165;vozilo z dviûnimi vrati zadaj;SWIFT 
69;1095;5.1;0;SUZUKI;EXB32S-MT1;SPLASH / 1.2 /;Madûarska;HUN;osebni avtomobil;175;karavan;SPLASH 
69;1110;5.5;0;SUZUKI;NZD72S-MT;SWIFT / 1.2 / 4WD;Madûarska;HUN;osebni avtomobil;165;vozilo z dviûnimi vrati zadaj;SWIFT 
69;1110;5.5;0;SUZUKI;FZD72S-MT;SWIFT / 1.2 / 4WD;Japonska ;JPN;osebni avtomobil;165;vozilo z dviûnimi vrati zadaj;SWIFT 
69;1110;5.5;0;SUZUKI;FZD72S-MT;SWIFT 1.2 / 4WD;Japonska ;JPN;osebni avtomobil;165;vozilo z dviûnimi vrati zadaj;SWIFT 1.2 
69;1030;5.5;0;SUZUKI;X51S-1;SUZUKI / IGNIS / 1.3 /;Madûarska;HUN;osebni avtomobil;160;karavan;SUZUKI 
69;1030;5.5;0;SUZUKI;X51S-1;IGNIS / 1.3 /;Madûarska;HUN;osebni avtomobil;160;karavan;IGNIS 
69;1065;5.6;0;SUZUKI;C72S-AT;SWIFT / 1.2 / AUT.;Madûarska;HUN;osebni avtomobil;160;vozilo z dviûnimi vrati zadaj;SWIFT 
69;1115;5.7;0;SUZUKI;EXB32S-AT;SPLASH / 1.2 / AUT.;Madûarska;HUN;osebni avtomobil;170;karavan;SPLASH 
69;1080;5.9;0;SUZUKI;Y51S-1;IGNIS / 1.3 / 4WD;Madûarska;HUN;osebni avtomobil;155;karavan;IGNIS 
69;1080;5.9;0;SUZUKI;Y51S-1;IGNIS / 1.3;Japonska ;JPN;osebni avtomobil;155;karavan;IGNIS 
69;1030;6.5;0;SUZUKI;X51S-1;IGNIS / 1.3 /;Madûarska;HUN;osebni avtomobil;160;karavan;IGNIS 
69;1185;6.7;0;CHEVROLET;SN3-463;AVEO / 1.4 / 16V;Koreja. republika;KOR;osebni avtomobil;176;limuzina;AVEO 
69;1173;6.7;0;CHEVROLET;SN3-163;KALOS / 1.4;Koreja. republika;KOR;osebni avtomobil;176;limuzina;KALOS 
69;1170;6.7;0;CHEVROLET;SH3-263;KALOS / 1.4 / 16V;Koreja. republika;KOR;osebni avtomobil;176;vozilo z dviûnimi vrati zadaj;KALOS 
69;1170;6.7;0;CHEVROLET;SH3-263;AVEO / 1.4 / 16V;Koreja. republika;KOR;osebni avtomobil;176;vozilo z dviûnimi vrati zadaj;AVEO 
69;1135;6.7;0;CHEVROLET;SH3-263;KALOS / 1.4 / 16V;Koreja. republika;KOR;osebni avtomobil;175;vozilo z dviûnimi vrati zadaj;KALOS 
69;1135;6.7;0;CHEVROLET;SH3-263;KALOS / 1.4;Zdruûene drûave;USA;osebni avtomobil;175;vozilo z dviûnimi vrati zadaj;KALOS 
69;1122;6.7;0;CHEVROLET;SN3-463;AVEO / 1.4 / 16V;Koreja. republika;KOR;osebni avtomobil;170;limuzina;AVEO 
69;1095;6.8;0;SUZUKI;MMB33S-1;WAGON / 1.3;Madûarska;HUN;osebni avtomobil;155;karavan;WAGON 
69;1005;6.9;0;SUBARU;NHY51S-MT;JUSTY / G3X 1.3 AWD;Madûarska;HUN;osebni avtomobil;155;karavan;JUSTY 
69;1080;6.9;0;SUZUKI;Y51S-1;IGNIS / 1.3 / 4WD;Madûarska;HUN;osebni avtomobil;155;karavan;IGNIS 
69;1258;7.1;0;CHEVROLET;NH3-234;CHEVROLET/LACETTI /1.4/16 V;Koreja. Demokraticna ljudska republika;PRK;osebni avtomobil;175;vozilo z dviûnimi vrati zadaj;CHEVROLET
69;1245;7.1;0;CHEVROLET;NH3-234;LACETTI / 1.4;Koreja. republika;KOR;osebni avtomobil;175;vozilo z dviûnimi vrati zadaj;LACETTI 
69;1195;7.1;0;CHEVROLET;NH3-234;LACETTI / 1.4 / 16V;Koreja. republika;KOR;osebni avtomobil;175;vozilo z dviûnimi vrati zadaj;LACETTI 
69;1190;7.1;0;CHEVROLET;SH3-233;KALOS / 1.4;Koreja. republika;KOR;osebni avtomobil;176;vozilo z dviûnimi vrati zadaj;KALOS 
69;1163;7.1;0;CHEVROLET;SH3-333;KALOS / 1.4 / 16 V;Koreja. republika;KOR;osebni avtomobil;176;vozilo z dviûnimi vrati zadaj;KALOS 
69;1163;7.1;0;CHEVROLET;SH3-333;KALOS / 1.4;Zdruûene drûave;USA;osebni avtomobil;176;vozilo z dviûnimi vrati zadaj;KALOS 
69;1140;7.1;0;CHEVROLET;SH3-264;AVEO / 1.4 / 16V AUT.;Koreja. republika;KOR;osebni avtomobil;170;vozilo z dviûnimi vrati zadaj;AVEO 
69;1140;7.1;0;CHEVROLET;SH3-264;KALOS / 1.4;Koreja. republika;KOR;osebni avtomobil;170;vozilo z dviûnimi vrati zadaj;KALOS 
69;1135;7.1;0;CHEVROLET;SH3-363;AVEO / 1.4 / 16V;Koreja. republika;KOR;osebni avtomobil;176;vozilo z dviûnimi vrati zadaj;AVEO 
69;1135;7.1;0;CHEVROLET;SH3-233;KALOS / 1.4 / 16V;Koreja. republika;KOR;osebni avtomobil;167;vozilo z dviûnimi vrati zadaj;KALOS 
69;1400;7.1;1;MERCEDES BENZ;124.125;250 / D;Nemcija;DEU;osebni avtomobil;175;limuzina;250
69;1325;7.1;1;MERCEDES BENZ;201.126;190 / 2.5 D;Nemcija;DEU;osebni avtomobil;174;limuzina;190
69;1330;8.2;0;SUZUKI;FTA03V-1;GRAND VITARA / 1.6 /;Japonska ;JPN;osebni avtomobil;150;limuzina;GRAND VITARA 
69;1305;8.2;0;SUZUKI;FTA03V-1;GRAND VITARA / 1.6 /;Japonska ;JPN;osebni avtomobil;150;karavan;GRAND VITARA 
69;1300;8.2;0;SUZUKI;GTA03C-1;GRAND VITARA / 1.6 /;Kanada;CAN;osebni avtomobil;150;kabriolet;GRAND VITARA 
69;1365;9.3;0;SUZUKI;FTB03V-01;GRAND VITARA / 1.6;Japonska ;JPN;osebni avtomobil;150;limuzina;GRAND VITARA 
69;1320;9.3;0;SUZUKI;FTB03V-1;GRAND VITARA / 1.6 /;Japonska ;JPN;osebni avtomobil;150;limuzina;GRAND VITARA 
69.5;1195;7.1;0;CHEVROLET;NH3-234;LACETTI / 1.4;Koreja. republika;KOR;osebni avtomobil;175;vozilo z dviûnimi vrati zadaj;LACETTI 
69.9;1164;5.1;0;FORD;JHH-M0JB1JX-5CDPMNAPJAZ;FIESTA / 1.0 / 69.9 5 vr M6;Nemcija;DEU;osebni avtomobil;180;vozilo z dviûnimi vrati zadaj;FIESTA 
69.9;1164;5.3;0;FORD;JHH-M0JB1JX-5CDPMNAPJBZ;FIESTA / 1.0 / 69.9 5 vr M6;Nemcija;DEU;osebni avtomobil;180;vozilo z dviûnimi vrati zadaj;FIESTA 
70;1165;3.3;1;FORD;JA8-T3JA1J5DFCBJ;FIESTA / 1.6 / TDCI 5 vr Eco II;Nemcija;DEU;osebni avtomobil;178;vozilo z dviûnimi vrati zadaj;FIESTA 
70;1130;3.3;1;FORD;JA8-T3JA1C-5DFEBM;FIESTA / 1.6 / TDCI 3 vr Eco V;Nemcija;DEU;osebni avtomobil;178;vozilo z dviûnimi vrati zadaj;FIESTA 
70;1129;3.3;1;FORD;JA8-T3JA1D5DFEBN;FIESTA / 1.6 / TDCI 5 vr Eco;Nemcija;DEU;osebni avtomobil;178;vozilo z dviûnimi vrati zadaj;FIESTA 
70;1108;3.3;1;FORD;JA8-T3JA1C5DFEBM;FIESTA / 1.6 / TDCI 3 VR  ECO;Nemcija;DEU;osebni avtomobil;178;vozilo z dviûnimi vrati zadaj;FIESTA 
70;1278;3.3;1;OPEL;CACEC12-BX2F5EEHA5;CORSA / 1.3 / CDTI;Nemcija;DEU;osebni avtomobil;182;vozilo z dviûnimi vrati zadaj;CORSA 
70;1278;3.3;1;OPEL;PY11-4A12D6A7LJM5;CORSA / 1.3 / CDTI;Nemcija;DEU;osebni avtomobil;177;vecnamensko vozilo;CORSA 
70;1259;3.3;1;OPEL;PY11-4AAED6A7LJM5;CORSA / 1.3 / CDTI;Nemcija;DEU;osebni avtomobil;177;vecnamensko vozilo;CORSA 
70;1225;3.3;1;OPEL;CACEC12-BX2F5EEHJ5;CORSA / 1.3 / CDTI;Nemcija;DEU;osebni avtomobil;182;vozilo z dviûnimi vrati zadaj;CORSA 
70;1199;3.3;1;OPEL;BACEC12-BX2F5EEHK5;CORSA / 1.3 / CDTI;Nemcija;DEU;osebni avtomobil;182;vecnamensko vozilo;CORSA 
70;1225;3.4;1;ALFA ROMEO;955AYC1A24A;MITO / 1.3 / JTD;Italija;ITA;osebni avtomobil;180;vecnamensko vozilo;MITO 
70;1220;3.4;1;FIAT;199BYP1A67A;PUNTO / 1.3 / JTD;Italija;ITA;osebni avtomobil;178;vecnamensko vozilo;PUNTO 
70;1095;3.4;1;FIAT;312AXU1A17B;500 / 1.3 / JTD;Italija;ITA;osebni avtomobil;180;vozilo z dviûnimi vrati zadaj;500
70;1055;3.4;1;FIAT;312AXU1A17;500 / 1.3 / JTD;Italija;ITA;osebni avtomobil;180;vozilo z dviûnimi vrati zadaj;500
70;1190;3.4;1;MINI;XN11-6H1400C0;One D / /;Nemcija;DEU;osebni avtomobil;190;vozilo z dviûnimi vrati zadaj;One D 
70;1278;3.4;1;OPEL;CACEC12-BX2F5EEHJ5;CORSA / 1.3 / CDTI;Nemcija;DEU;osebni avtomobil;182;vozilo z dviûnimi vrati zadaj;CORSA 
70;1278;3.4;1;OPEL;PY11-4A12D6A7LJM5;CORSA / 1.3 / DT;Nemcija;DEU;osebni avtomobil;177;vecnamensko vozilo;CORSA 
70;1259;3.4;1;OPEL;PY11-4AAED6A7LJM5;CORSA / 1.3 / CDTI;Nemcija;DEU;osebni avtomobil;177;vecnamensko vozilo;CORSA 
70;1190;3.5;1;MINI;XN11-6H2400C0;ONE D / /;Nemcija;DEU;osebni avtomobil;190;vozilo z dviûnimi vrati zadaj;ONE D 
70;1259;3.5;1;OPEL;FY11-4AAEB7A7LJM5;CORSA / 1.3 / DTI;Nemcija;DEU;osebni avtomobil;177;vecnamensko vozilo;CORSA 
70;1237;3.5;1;OPEL;FY11-4AADB7A7LJM5;CORSA / 1.3 / DTI;Nemcija;DEU;osebni avtomobil;177;vecnamensko vozilo;CORSA 
70;1395;3.6;1;BMW;1V51-6H150000;114 / / d;Nemcija;DEU;osebni avtomobil;185;karavan;114
70;1055;3.6;1;FIAT;312AXE1A06E;500 / 1.3 / JTD;Italija;ITA;osebni avtomobil;180;vozilo z dviûnimi vrati zadaj;500
70;1123;3.6;1;FORD;JA8-XVJC1D-5DEABX;FIESTA / 1.5 / 70 TDCI 5 vr;Nemcija;DEU;osebni avtomobil;181;vozilo z dviûnimi vrati zadaj;FIESTA 
70;1117;3.6;1;FORD;JA8-TZJA1D5DEABX;FIESTA / 1.6 / TDCI 5 vr;Nemcija;DEU;osebni avtomobil;181;vozilo z dviûnimi vrati zadaj;FIESTA 
70;1108;3.6;1;FORD;JA8-TZJA1C5DEABV;FIESTA / 1.6 / TDCI 3 vr;Nemcija;DEU;osebni avtomobil;181;vozilo z dviûnimi vrati zadaj;FIESTA 
70;1389;3.6;1;HYUNDAI;B5D11-M66AZ1;i30 / 1.6 / CRDi LP;Ceöka republika;CZE;osebni avtomobil;186;vozilo z dviûnimi vrati zadaj;i30 
70;1410;3.6;1;OPEL;DA0FBBA12-BK2G1JBDA5;ASTRA / ST 1.6 / CDTI;Nemcija;DEU;osebni avtomobil;185;karavan;ASTRA 
70;1378;3.6;1;OPEL;DA0FBBA12-BA2F3JBDA5;ASTRA / ST 1.6 / CDTI;Nemcija;DEU;osebni avtomobil;185;karavan;ASTRA 
70;1335;3.6;1;OPEL;CA0FBBA12-BA1E4JBDA5;ASTRA / 1.6 / CDTI;Nemcija;DEU;osebni avtomobil;185;vozilo z dviûnimi vrati zadaj;ASTRA 
70;1278;3.6;1;OPEL;CACEC12-BX2F5EEHJ5;CORSA / 1.3 / CDTI;Nemcija;DEU;osebni avtomobil;182;vozilo z dviûnimi vrati zadaj;CORSA 
70;1278;3.6;1;OPEL;PY11-4A12D6A7LJM5;CORSA / 1.3 / DT;Nemcija;DEU;osebni avtomobil;177;vecnamensko vozilo;CORSA 
70;1259;3.6;1;OPEL;PY11-4AAED6A7LJM5;CORSA / 1.3 / DT;Nemcija;DEU;osebni avtomobil;177;vecnamensko vozilo;CORSA 
70;1259;3.6;1;OPEL;PY11-4AAED6A7LJM5;CORSA / 1.3 / DT;Nemcija;DEU;osebni avtomobil;177;vozilo za posebne namene;CORSA 
70;1199;3.6;1;OPEL;PY11-4AACD6A7LJM5;CORSA / 1.3 / DT;Nemcija;DEU;osebni avtomobil;177;vecnamensko vozilo;CORSA 
70;1331;3.6;1;RENAULT;KZ0C0H;MEGANE / GRANDTOUR 1.5 / DCI;Francija;FRA;osebni avtomobil;190;karavan;MEGANE 
70;1289;3.6;1;RENAULT;BZ0C0H;MEGANE / 1.5 / DCI;Francija;FRA;osebni avtomobil;190;vozilo z dviûnimi vrati zadaj;MEGANE 
70;1375;3.7;1;FIAT;356WXD1AW2;TIPO / 1.3 / JTD;Italija;ITA;osebni avtomobil;180;vecnamensko vozilo;TIPO 
70;1365;3.7;1;FIAT;356HXD1AH2;TIPO / 1.3 / JTD;Italija;ITA;osebni avtomobil;180;vecnamensko vozilo;TIPO 
70;1055;3.7;1;FIAT;312AXE1A06C;500 / 1.3 / JTD;Italija;ITA;osebni avtomobil;180;vozilo z dviûnimi vrati zadaj;500
70;1123;3.7;1;FORD;JA8-UGJC1D5DEABXMOD;FIESTA / 1.5 / DV5 5 VR;Nemcija;DEU;osebni avtomobil;167;vozilo z dviûnimi vrati zadaj;FIESTA 
70;1118;3.7;1;FORD;JA8-TZJB1J5AFCBJ;FIESTA / 1.6 / TDCI 5 vr ECO;Nemcija;DEU;osebni avtomobil;178;vozilo z dviûnimi vrati zadaj;FIESTA 
70;1100;3.7;1;FORD;JA8-TZJB1G5AFCBH;FIESTA / 1.6 / TDCI 3 vr ECO;Nemcija;DEU;osebni avtomobil;178;vozilo z dviûnimi vrati zadaj;FIESTA 
70;1364;3.7;1;OPEL;CA0FBBA12-BA1F2JBDJ5;ASTRA / 1.6 / CDTI;Nemcija;DEU;osebni avtomobil;185;vozilo z dviûnimi vrati zadaj;ASTRA 
70;1229;3.7;1;OPEL;PU11-2A23B7A5LJM5;CORSA / 1.3 / DT;Nemcija;DEU;osebni avtomobil;177;vecnamensko vozilo;CORSA 
70;1280;3.7;1;VOLKSWAGEN;ABDGTD-FM5FM5A4063N3VR27MV63;POLO / 1.6 / TDI;Nemcija;DEU;osebni avtomobil;185;vozilo z dviûnimi vrati zadaj;POLO 
70;1425;3.8;1;BMW;2B11-6H1500C0;214 / / d ACTIVE TOURER;Nemcija;DEU;osebni avtomobil;185;karavan;214
70;1374;3.8;1;FORD;DYBXXDC16-5DAAMC;FOCUS / 1.5 / TDCi 70 M6 S;Nemcija;DEU;osebni avtomobil;187;karavan;FOCUS 
70;1362;3.8;1;FORD;DYB-XXDD16-5DAAMC;FOCUS / 1.5 / TDCi 70 M6 S;Nemcija;DEU;osebni avtomobil;187;karavan;FOCUS 
70;1350;3.8;1;FORD;DYBXXDC15-5DAAMC;FOCUS / 1.5 / TDCi 70 M6 S;Nemcija;DEU;osebni avtomobil;187;vozilo z dviûnimi vrati zadaj;FOCUS 
70;1350;3.8;1;FORD;DYBXXDC15-5DAAMC;FOCUS / 1.5 / TDCi 70 M6 S;Nemcija;DEU;osebni avtomobil;187;vozilo za posebne namene;FOCUS 
70;1338;3.8;1;FORD;DYB-XXDC15X-5DAABAMC;FOCUS / 1.5 / TDCi 70 M6 S;Nemcija;DEU;osebni avtomobil;187;vozilo z dviûnimi vrati zadaj;FOCUS 
70;1316;3.8;1;FORD;JK8-XVJA1K-5DEAMF;B-MAX / 1.5 / TDCI 70 S;Nemcija;DEU;osebni avtomobil;174;vecnamensko vozilo;B-MAX 
70;1280;3.8;1;FORD;JU2-T3CA1L-5CCANG;TOURNEO COURIER / 1.6 / TDCi S;Nemcija;DEU;osebni avtomobil;170;vecnamensko vozilo;TOURNEO COURIER 
70;1168;3.8;1;LANCIA;312YXE1AY2;YPSILON / 1.3 / JTD;Italija;ITA;osebni avtomobil;183;vecnamensko vozilo;YPSILON 
70;1045;3.8;0;MITSUBISHI;Z30-Z3411;COLT / 1.3;Nizozemska;NLD;osebni avtomobil;180;karavan;COLT 
70;1259;3.8;1;OPEL;CACGC12-BX2F5GFKJ5;CORSA / 1.3 / CDTI;Nemcija;DEU;osebni avtomobil;177;vozilo z dviûnimi vrati zadaj;CORSA 
70;1280;3.8;1;VOLKSWAGEN;ABDGTD-FM5FM5A4063N2VR27MV62;POLO / 1.6 / TDI;Nemcija;DEU;osebni avtomobil;185;vozilo za posebne namene;POLO 
70;1395;3.9;1;BMW;1V51-6H250000;114 / / d;Nemcija;DEU;osebni avtomobil;185;karavan;114
70;1380;3.9;1;FIAT;199LYM11L9A;500L / 1.3 / JTD;Italija;ITA;osebni avtomobil;169;vecnamensko vozilo;500L 
70;1095;3.9;1;FIAT;312AXE1A06B;500 / 1.3 / JTD;Italija;ITA;osebni avtomobil;180;vozilo z dviûnimi vrati zadaj;500
70;1055;3.9;1;FIAT;312AXE1A06;500 / 1.3 / JTD;Italija;ITA;osebni avtomobil;180;vozilo z dviûnimi vrati zadaj;500
70;1471;3.9;1;OPEL;CACBC12-BA1H4EJTA5;ASTRA / 1.3 / DTI;Nemcija;DEU;osebni avtomobil;175;vozilo z dviûnimi vrati zadaj;ASTRA 
70;1546;3.9;1;RENAULT;RFAJH2A26RVA015000;SCENIC / 1.5 / DCI;Francija;FRA;osebni avtomobil;184;vozilo z dviûnimi vrati zadaj;SCENIC 
70;1395;4.1;1;BMW;1T91-5H150000;114 / / d;Nemcija;DEU;osebni avtomobil;185;karavan;114
70;1390;4.1;1;BMW;1N51-5H150000;114 / / D;Nemcija;DEU;osebni avtomobil;185;karavan;114
70;1348;4.1;1;CHEVROLET;KNFS1-YDG5;AVEO / 1.3 / DT;Koreja. republika;KOR;osebni avtomobil;174;limuzina;AVEO 
70;1333;4.1;1;CHEVROLET;KHFS1-VDG5;AVEO / 1.3 / DT;Koreja. republika;KOR;osebni avtomobil;174;vozilo z dviûnimi vrati zadaj;AVEO 
70;1332;4.1;1;CHEVROLET;KNFE1-UDG5;AVEO / 1.3 / DT;Koreja. republika;KOR;osebni avtomobil;174;limuzina;AVEO 
70;1323;4.1;1;CHEVROLET;KHFE1-RDG5;AVEO / 1.3 / DT;Koreja. republika;KOR;osebni avtomobil;174;vozilo z dviûnimi vrati zadaj;AVEO 
70;1395;4.1;1;FIAT;334AXH1A09A;500X / 1.3 / JTD CITY;Italija;ITA;osebni avtomobil;172;vecnamensko vozilo;500X 
70;1380;4.1;1;FIAT;199LYM1AL8L;500L / 1.3 / JTD;Italija;ITA;osebni avtomobil;171;vecnamensko vozilo;500L 
70;1280;4.1;1;FIAT;356SXD1A03B;TIPO / 1.3 / JTD;Italija;ITA;osebni avtomobil;180;limuzina;TIPO 
70;1275;4.1;1;FIAT;225AXE1A06C;QUBO / 1.3 / MULTIJET;Italija;ITA;osebni avtomobil;170;vecnamensko vozilo;QUBO 
70;1220;4.1;1;FIAT;199BXU1142;PUNTO EVO / 1.3 / JTD;Italija;ITA;osebni avtomobil;178;vecnamensko vozilo;PUNTO EVO 
70;1413;4.1;1;FORD;DEH-Z2DA1PX-5ZEAZ6ACCAW;FOCUS 1.5 / EcoBlue 70 B6;Nemcija;DEU;osebni avtomobil;181;karavan;FOCUS 1.5 
70;1403;4.1;1;FORD;DXA-XXDC1V-5HA1NA;C-MAX / 1.5 / TDCi 70 M6 S;Nemcija;DEU;osebni avtomobil;170;vecnamensko vozilo;C-MAX 
70;1118;4.1;1;FORD;JA8-TZJA1J5AEABL;FIESTA / 1.6 / TDCI 5 vr;Nemcija;DEU;osebni avtomobil;175;vozilo z dviûnimi vrati zadaj;FIESTA 
70;1100;4.1;1;FORD;JA8-TZJA1G5AEABK;FIESTA / 1.6 / TDCI 3 vr;Nemcija;DEU;osebni avtomobil;175;vozilo z dviûnimi vrati zadaj;FIESTA 
70;1550;4.1;1;OPEL;DACBC11-BA1J3EGTA5;ASTRA / CAR. 1.3 / DTI;Nemcija;DEU;osebni avtomobil;174;vecnamensko vozilo;ASTRA 
70;1471;4.1;1;OPEL;BA11-1AABAEBFCLA5;ASTRA / 1.3 / DTI;Nemcija;DEU;osebni avtomobil;175;vecnamensko vozilo;ASTRA 
70;1471;4.1;1;OPEL;CACBA11-BA1K2EGTA5;ASTRA / 1.3 / DTI;Nemcija;DEU;osebni avtomobil;175;vozilo z dviûnimi vrati zadaj;ASTRA 
70;1471;4.1;1;OPEL;BB11-3AADB5PEEM5;MERIVA / 1.3 / DT 16V;Nemcija;DEU;osebni avtomobil;168;vecnamensko vozilo;MERIVA 
70;1393;4.1;1;OPEL;BA11-1A02AEBFCLA5;ASTRA / 1.3 / DTI;Nemcija;DEU;osebni avtomobil;175;vecnamensko vozilo;ASTRA 
70;1259;4.1;1;OPEL;CACGC12-BX2F5GFKJ5;CORSA / 1.3 / CDTI;Nemcija;DEU;osebni avtomobil;177;vozilo z dviûnimi vrati zadaj;CORSA 
70;1491;4.1;1;RENAULT;JZ0C0H;SCENIC / 1.5 / DCI;Francija;FRA;osebni avtomobil;180;vozilo z dviûnimi vrati zadaj;SCENIC 
70;1395;4.1;1;RENAULT;KZ0R02;MEGANE / GRANDTOUR 1.5 / DCI;Francija;FRA;osebni avtomobil;190;karavan;MEGANE 
70;1290;4.1;1;RENAULT;BZ0R02;MEGANE / 1.5 / DCI;Francija;FRA;osebni avtomobil;190;vozilo z dviûnimi vrati zadaj;MEGANE 
70;1135;4.2;0;AUDI;SCHZBF1-FM5FM5DF002P8X02LLS57MMEM2K1;A1 / 1.0 / TFSI;Nemcija;DEU;osebni avtomobil;186;vozilo z dviûnimi vrati zadaj;A1 
70;1110;4.2;0;AUDI;ACHZBF1-FM5DF002P8X01LLS47MMEM2;A1 / 1.0 / TFSI;Nemcija;DEU;osebni avtomobil;186;karavan;A1 
70;1390;4.2;1;FIAT;199LYM1AL8AG;500L / 1.3 / JTD;Italija;ITA;osebni avtomobil;166;vecnamensko vozilo;500L 
70;1260;4.2;1;FIAT;199DXU1AB5B;GRANDE PUNTO VAN 1.3 / JTD;Italija;ITA;osebni avtomobil;178;vecnamensko vozilo;GRANDE PUNTO VAN 1.3 
70;1220;4.2;1;FIAT;199BXU1A40;PUNTO / 1.3 / JTD;Italija;ITA;osebni avtomobil;178;vecnamensko vozilo;PUNTO 
70;1390;4.2;1;FORD;DXAT3DB1J-5DAAMC;C-MAX / 1.6 / TDCi 70 M6 S;Nemcija;DEU;osebni avtomobil;170;vecnamensko vozilo;C-MAX 
70;1362;4.2;1;FORD;DYBT3DB1L-5DAAMC;FOCUS / 1.6 / TDCi 70 M6 S;Nemcija;DEU;osebni avtomobil;180;karavan;FOCUS 
70;1355;4.2;1;FORD;DYB-T3DB16-5DAAMC;FOCUS / 1.6 / TDCi 70 M6 S;Nemcija;DEU;osebni avtomobil;180;karavan;FOCUS 
70;1338;4.2;1;FORD;DYBT3DB1K-5DAAMC;FOCUS / 1.6 / TDCi 70 M6 S;Nemcija;DEU;osebni avtomobil;180;vozilo z dviûnimi vrati zadaj;FOCUS 
70;1287;4.2;1;FORD;U10FRDVP047G223;FOCUS / 1.6 / TDCi;Nemcija;DEU;osebni avtomobil;180;vozilo z dviûnimi vrati zadaj;FOCUS 
70;1225;4.3;1;ALFA ROMEO;955AXP1A11;MITO / 1.3 / JTD;Italija;ITA;osebni avtomobil;180;vecnamensko vozilo;MITO 
70;1135;4.3;0;AUDI;SCHZBF1-FM5DF002P8X04LLS57MMEM2;A1 / 1.0 / TFSI;Nemcija;DEU;osebni avtomobil;186;vozilo z dviûnimi vrati zadaj;A1 
70;1390;4.3;1;BMW;1N51-5H250000;114 / / d;Nemcija;DEU;osebni avtomobil;185;karavan;114
70;1385;4.3;1;BMW;1T91-5H200;114 / / D;Nemcija;DEU;osebni avtomobil;185;karavan;114
70;1380;4.3;1;BMW;1N51-5H204;114 / / d;Nemcija;DEU;osebni avtomobil;185;karavan;114
70;1275;4.3;1;FIAT;225AXE1A06B;QUBO / 1.3 / MULTIJET;Italija;ITA;osebni avtomobil;170;vecnamensko vozilo;QUBO 
70;1448;4.3;1;FORD;DXAT3DB1J-5DAAMC;C-MAX / 1.6 / TDCi 70 M6 S;Nemcija;DEU;osebni avtomobil;170;vecnamensko vozilo;C-MAX 
70;1503;4.3;1;OPEL;DACBA12-BA1J1EJTA5;ASTRA / CAR. 1.3 / DTI;Nemcija;DEU;osebni avtomobil;174;vecnamensko vozilo;ASTRA 
70;1095;4.3;0;SEAT;SCCHZB-FM5SFM5DF0027MM61;IBIZA / 1.0 / TSI;äpanija;ESP;osebni avtomobil;187;vecnamensko vozilo;IBIZA 
70;1165;4.4;0;AUDI;SCHZBF1-FD7FD7AM006P8X01LLS57MMEM2;A1 / 1.0 / TFSI AUT.;Nemcija;DEU;osebni avtomobil;186;vozilo z dviûnimi vrati zadaj;A1 
70;1200;4.4;1;FIAT;312PXW2AP14;PANDA / 1.3 / JTD 4X4;Italija;ITA;osebni avtomobil;167;vecnamensko vozilo;PANDA 
70;1501;4.4;1;FORD;DXA-XXDC1W-5HD2NJ;Grand C-MAX / 1.5 / TDCi 70 M6 S;Nemcija;DEU;osebni avtomobil;166;karavan;Grand C-MAX 
70;1390;4.4;1;FORD;DXAT3DB1J-5DAAMC;C-MAX / 1.6 / TDCi 70 M6 S;Nemcija;DEU;osebni avtomobil;170;vecnamensko vozilo;C-MAX 
70;1372;4.4;1;FORD;JK8-XVJD1B-5AHBMR;ECOSPORT / 1.5 / TDCI;Nemcija;DEU;osebni avtomobil;163;vozilo z dviûnimi vrati zadaj;ECOSPORT 
70;1372;4.4;1;FORD;JK8-XVJD1B-5AHBMR;ECOSPORT / 1.5 / TDCI;Nemcija;DEU;osebni avtomobil;160;vozilo z dviûnimi vrati zadaj;ECOSPORT 
70;1278;4.4;1;OPEL;PX11-2A12B5V0EAE5;CORSA / 1.3 / DTI;Nemcija;DEU;osebni avtomobil;173;vecnamensko vozilo;CORSA 
70;1259;4.4;1;OPEL;FX11-2AAEB3U0EAE5;CORSA / 1.3 / DTI;Nemcija;DEU;osebni avtomobil;173;vecnamensko vozilo;CORSA 
70;1466;4.4;1;RENAULT;RFBLH2A26TA0B00100;MEGANE / GRANDCOUPE 1.5 / DCI;Francija;FRA;osebni avtomobil;179;limuzina;MEGANE 
70;1365;4.4;1;RENAULT;GZ0R02;MEGANE / 1.5 / DCI;Francija;FRA;osebni avtomobil;190;vozilo z dviûnimi vrati zadaj;MEGANE 
70;1343;4.4;1;RENAULT;GZ0R02;MEGANE / 1.5 / DCI;Francija;FRA;osebni avtomobil;190;karavan;MEGANE 
70;1165;4.4;0;äKODA;ABCHZB-NFM5FM5DF002STN763SK;RAPID / 1.0 / TSI;Ceöka republika;CZE;osebni avtomobil;184;vozilo z dviûnimi vrati zadaj;RAPID 
70;1134;4.4;0;äKODA;ACCHZBX01-NFM5FM5DF002N617;FABIA / COMBI 1.0 / TSI;Ceöka republika;CZE;osebni avtomobil;187;karavan;FABIA 
70;1110;4.4;0;äKODA;ABCHZBX01-NFM5FM5DF002N617;FABIA / 1.0 / TSI;Ceöka republika;CZE;osebni avtomobil;185;vozilo z dviûnimi vrati zadaj;FABIA 
70;1145;4.4;0;VOLKSWAGEN;ABCHZL-FM5FM5DF002N2VR27MM63;POLO / 1.0 / TSI;Nemcija;DEU;osebni avtomobil;187;vozilo z dviûnimi vrati zadaj;POLO 
70;1240;4.5;1;FIAT;312PXW2AP14H;PANDA / 1.3 / JTD 4X4;Italija;ITA;osebni avtomobil;168;vozilo za posebne namene;PANDA 
70;1240;4.5;1;FIAT;312PXW2AP14H;PANDA / 1.3 / JTD 4X4;Italija;ITA;osebni avtomobil;168;vecnamensko vozilo;PANDA 
70;1413;4.5;1;FORD;DEH-Z2DA1PX-5ZEAZ6ACCAW;FOCUS 1.5 / EcoBlue 70 B6;Nemcija;DEU;osebni avtomobil;177;karavan;FOCUS 1.5 
70;1390;4.5;1;FORD;DXAT3DA1J-5DAAMC;C-MAX / 1.6 / TDCi 70 M6;Nemcija;DEU;osebni avtomobil;170;vecnamensko vozilo;C-MAX 
70;1362;4.5;1;FORD;DYBT3DA1L-5DAAMC;FOCUS / 1.6 / TDCI 70 M6;Nemcija;DEU;osebni avtomobil;180;karavan;FOCUS 
70;1355;4.5;1;FORD;DYBT3DA16-5DAAMC;FOCUS / 1.6 / TDCi 70 M6;Nemcija;DEU;osebni avtomobil;180;karavan;FOCUS 
70;1338;4.5;1;FORD;DYBT3DA1K-5DAAMC;FOCUS / 1.6 / TDCi 70 M6;Nemcija;DEU;osebni avtomobil;180;vozilo z dviûnimi vrati zadaj;FOCUS 
70;1471;4.5;1;OPEL;BB11-1AADB5PEEM5;MERIVA / 1.3 / DT 16V;Nemcija;DEU;osebni avtomobil;168;vecnamensko vozilo;MERIVA 
70;1393;4.5;1;OPEL;BB11-1AADB5PEEM5;MERIVA / 1.3 / DT 16V;Nemcija;DEU;osebni avtomobil;168;vozilo za posebne namene;MERIVA 
70;1494;4.5;1;RENAULT;RFBKH2A26TB1C00100;MEGANE / GRANDTOUR 1.5 / DCI;Francija;FRA;osebni avtomobil;188;karavan;MEGANE 
70;1460;4.5;1;RENAULT;JZT206;SCENIC / 1.5 / DCI;Francija;FRA;osebni avtomobil;180;vozilo z dviûnimi vrati zadaj;SCENIC 
70;1442;4.5;1;RENAULT;RFBBH2A26TA0900100;MEGANE / 1.5 / DCI;Francija;FRA;osebni avtomobil;180;vozilo z dviûnimi vrati zadaj;MEGANE 
70;1435;4.5;1;RENAULT;RFBBH2A26TB1C00100;MEGANE / 1.5 / DCI;Francija;FRA;osebni avtomobil;185;vozilo z dviûnimi vrati zadaj;MEGANE 
70;1170;4.5;0;SEAT;AACHZB-NFM5FM5DF002ST761SE;TOLEDO / 1.0 / TSI;äpanija;ESP;osebni avtomobil;187;limuzina;TOLEDO 
70;1170;4.5;0;äKODA;AACHZB-NFM5FM5DF002STN761SK;RAPID / 1.0 / TSI;Ceöka republika;CZE;osebni avtomobil;187;limuzina;RAPID 
70;1165;4.5;0;äKODA;ABCHZB-NFM5FM5DF002STN761SK;RAPID / 1.0 / TSI;Ceöka republika;CZE;osebni avtomobil;184;vozilo z dviûnimi vrati zadaj;RAPID 
70;1145;4.5;0;VOLKSWAGEN;ABCHZL-FM5FM5DF002N2VR27MM61;POLO / 1.0 / TSI;Nemcija;DEU;osebni avtomobil;187;vozilo z dviûnimi vrati zadaj;POLO 
70;1567;4.6;1;FORD;DXAT3DB1H-5DDCNF;Grand C-MAX / 1.6 / TDCi 70 M6 S;Nemcija;DEU;osebni avtomobil;166;karavan;Grand C-MAX 
70;1390;4.6;1;FORD;DXAT3DA1J-5DAAMC;C-MAX / 1.6 / TDCi 95 DPF M6;Nemcija;DEU;osebni avtomobil;170;vecnamensko vozilo;C-MAX 
70;1378;4.6;0;HONDA;FD31-2;CIVIC / 1.3 / HYBRID;Japonska ;JPN;osebni avtomobil;185;limuzina;CIVIC 
70;1160;4.6;1;MITSUBISHI;Z3911-AFDDA5A5A;COLT / 1.5 / DID;Nizozemska;NLD;osebni avtomobil;180;karavan;COLT 
70;1160;4.6;1;MITSUBISHI;Z3911-AFDDA5A5A;COLT / 1.5;Nizozemska;NLD;osebni avtomobil;180;vozilo z dviûnimi vrati zadaj;COLT 
70;1360;4.6;1;RENAULT;LZLL06;FLUENCE / 1.5 / DCI;Francija;FRA;osebni avtomobil;185;limuzina;FLUENCE 
70;1355;4.6;1;RENAULT;BZLL06;MEGANE / 1.5 / DCI;Francija;FRA;osebni avtomobil;185;vozilo z dviûnimi vrati zadaj;MEGANE 
70;1141;4.6;0;äKODA;ACDKLDX01-NFM5FM5DF0027CPN1C7A;FABIA / COMBI 1.0 / TSI;Ceöka republika;CZE;osebni avtomobil;185;karavan;FABIA 
70;1121;4.6;0;äKODA;ABDKLDX01-NFM5FM5DF0027CPN1C7A;FABIA / 1.0 / TSI;Ceöka republika;CZE;osebni avtomobil;184;vozilo z dviûnimi vrati zadaj;FABIA 
70;1165;4.6;1;SMART;3201C2-GGAAZA01;FORFOUR / 1.5 / CDI AUT.;Nemcija;DEU;osebni avtomobil;180;karavan;FORFOUR 
70;1160;4.6;1;SMART;3201C2-FGAAZA00;FORFOUR / 1.5 / CDI;Nemcija;DEU;osebni avtomobil;180;karavan;FORFOUR 
70;1180;4.6;0;VOLKSWAGEN;ABCHZL-FD7FD7CW001N2VR27MM63;POLO / 1.0 / TSI AUT.;Nemcija;DEU;osebni avtomobil;187;vozilo z dviûnimi vrati zadaj;POLO 
70;1180;4.6;0;VOLKSWAGEN;ABCHZL-FD7FD7CW001N2VR27MM63;POLO / 1.0 / TSI AUT.;Nemcija;DEU;osebni avtomobil;187;vozilo za posebne namene;POLO 
70;1145;4.6;0;VOLKSWAGEN;ABDKLA-FM5FM5DF002N2VR27CP1BA;POLO / 1.0 / TSI;Nemcija;DEU;osebni avtomobil;187;vozilo z dviûnimi vrati zadaj;POLO 
70;1336;4.7;1;DACIA;SD07DVJL5DA140M500;LOGAN / 1.5 / DCI;Romunija;ROM;osebni avtomobil;179;karavan;LOGAN 
70;1504;4.7;1;FORD;DXAT3DB1H-5DDCNF;Grand C-MAX / 1.6 / TDCi 70 M6 S;Nemcija;DEU;osebni avtomobil;166;karavan;Grand C-MAX 
70;1465;4.7;1;MERCEDES BENZ;O006T2-KZAA050A;B / 160 / d;Nemcija;DEU;osebni avtomobil;188;karavan;B 
70;1412;4.7;1;RENAULT;RJBHD2AF6TA46A5000;CAPTUR / 1.5 / DCI;Francija;FRA;osebni avtomobil;178;vozilo z dviûnimi vrati zadaj;CAPTUR 
70;1398;4.7;1;RENAULT;RJBHD2AF6TA46A5000;CAPTUR / 1.5 / DCI;Francija;FRA;osebni avtomobil;178;vozilo za posebne namene;CAPTUR 
70;1122;4.7;0;SEAT;BCHZL-FM5FM5DF0027MM261;IBIZA / 1.0 / TSI;äpanija;ESP;osebni avtomobil;182;vozilo z dviûnimi vrati zadaj;IBIZA 
70;1184;4.7;0;äKODA;AADKLD-NFM5FM5DF0027CPSTN71CSKA;RAPID / 1.0 / TSI;Ceöka republika;CZE;osebni avtomobil;189;limuzina;RAPID 
70;1180;4.7;0;VOLKSWAGEN;ABCHZL-FD7FD7CW001N2VR27MM61;POLO / 1.0 / TSI AUT.;Nemcija;DEU;osebni avtomobil;187;vozilo z dviûnimi vrati zadaj;POLO 
70;1269;4.8;1;DACIA;SD05DVJL5DA140M500;SANDERO / 1.5 / DCI;Romunija;ROM;osebni avtomobil;179;vozilo z dviûnimi vrati zadaj;SANDERO 
70;1266;4.8;1;DACIA;SD05DVJL5DA1E0M500;SANDERO / 1.5 / DCI;Romunija;ROM;osebni avtomobil;179;vozilo z dviûnimi vrati zadaj;SANDERO 
70;1165;4.8;1;MITSUBISHI;Z3911-ARDDA5A5B;COLT / 1.5 / DID SAM;Nizozemska;NLD;osebni avtomobil;180;karavan;COLT 
70;1160;4.8;1;MITSUBISHI;Z3912-AFDDA5A5B;COLT / 1.5 / DID;Italija;ITA;osebni avtomobil;180;vecnamensko vozilo;COLT 
70;1428;4.8;1;RENAULT;RJBHD2AF6TA56A5000;CAPTUR / 1.5 / DCI;Francija;FRA;osebni avtomobil;178;vozilo z dviûnimi vrati zadaj;CAPTUR 
70;1297;4.8;1;SEAT;XDGTD-FM5SFM5A40514BF5A1AAB;ARONA / 1.6 / TDI;äpanija;ESP;osebni avtomobil;178;vozilo z dviûnimi vrati zadaj;ARONA 
70;1179;4.8;0;äKODA;ABDKLD-NFM5FM5DF0027CPSTN71CSKA;RAPID / 1.0 / TSI;Ceöka republika;CZE;osebni avtomobil;184;vozilo z dviûnimi vrati zadaj;RAPID 
70;1160;4.8;1;SMART;454;FORFOUR / 1.5 / CDI;Nemcija;DEU;osebni avtomobil;180;karavan;FORFOUR 
70;1160;4.8;1;SMART;4543201C2-FGAAZA01;FORFOUR / 1.5 / DCI;Nemcija;DEU;osebni avtomobil;180;vozilo z dviûnimi vrati zadaj;FORFOUR 
70;1275;4.9;1;FIAT;323AXH1A07;LINEA / 1.3 / JTD;Italija;ITA;osebni avtomobil;170;limuzina;LINEA 
70;1504;4.9;1;FORD;DXAT3DA1H-7DDCNF;Grand C-MAX / 1.6 / TDCi 95 DPF M6;Nemcija;DEU;osebni avtomobil;166;vecnamensko vozilo;Grand C-MAX 
70;1504;4.9;1;FORD;DXAT3DA1H-5DDCNF;Grand C-MAX / 1.6 / TDCi 95 DPF M6;Nemcija;DEU;osebni avtomobil;166;karavan;Grand C-MAX 
70;1297;4.9;1;SEAT;XDGTD-FM5SFM5A40517CN4A1BA;ARONA / 1.6 / TDI;äpanija;ESP;osebni avtomobil;171;vozilo z dviûnimi vrati zadaj;ARONA 
70;1165;4.9;0;SEAT;XCHZL-FM5SFM5DF0097MM381;ARONA / 1.0 / TSI;äpanija;ESP;osebni avtomobil;173;vozilo z dviûnimi vrati zadaj;ARONA 
70;1280;4.9;1;VOLKSWAGEN;ABDGTD-FM5FM5A4063N2VR27CN1BA;POLO / 1.6 / TDI;Nemcija;DEU;osebni avtomobil;185;vozilo z dviûnimi vrati zadaj;POLO 
70;1270;4.9;1;VOLKSWAGEN;ABDGTD-FM5FM5A4063N2VR24BF1BA0;POLO / 1.6 / TDI;Nemcija;DEU;osebni avtomobil;185;vozilo z dviûnimi vrati zadaj;POLO 
70;1140;5.1;0;AUDI;SDKLDF1-FM5FM5DF0021C15LLS57CPAEM2;A1 / 1.0 / TFSI;Nemcija;DEU;osebni avtomobil;186;vozilo z dviûnimi vrati zadaj;A1 
70;1414;5.1;1;DACIA;SD00DSJL6DA1B0M500;DOKKER / 1.5 / DCI;Romunija;ROM;osebni avtomobil;168;karavan;DOKKER 
70;1400;5.1;1;DACIA;SD0JDSJL6DA120M700;LODGY / 1.5 / DCI;Romunija;ROM;osebni avtomobil;172;karavan;LODGY 
70;1485;5.1;1;FIAT;263WXU1ASN5DN;DOBLO CARGO 1.3 / MULTIJET;Italija;ITA;osebni avtomobil;159;vecnamensko vozilo;DOBLO CARGO 1.3 
70;1175;5.1;1;MERCEDES BENZ;168;A / 170 / CDI;Nemcija;DEU;osebni avtomobil;180;vozilo z dviûnimi vrati zadaj;A 
70;1050;5.1;0;MITSUBISHI;Z3311-APMPA5B5EAAA;COLT / 1.3 /  AS&G;Nizozemska;NLD;osebni avtomobil;180;karavan;COLT 
70;1020;5.1;0;MITSUBISHI;Z2313-ALJLA5B5EAAA;COLT / 1.3 / CZ3 AS&G;Nizozemska;NLD;osebni avtomobil;180;vozilo z dviûnimi vrati zadaj;COLT 
70;1280;5.1;1;VOLKSWAGEN;ABDGTD-FM5FM5A4063N3VR27CN1CA;POLO / 1.6 / TDI;Nemcija;DEU;osebni avtomobil;185;vozilo z dviûnimi vrati zadaj;POLO 
70;1452;5.2;1;DACIA;SD00DVJL6DA1B0M500;DOKKER / 1.5 / DCI;Romunija;ROM;osebni avtomobil;168;karavan;DOKKER 
70;1426;5.2;1;DACIA;SD0JDSJL6DA120M700;LODGY / 1.5 / DCI;Romunija;ROM;osebni avtomobil;172;karavan;LODGY 
70;1505;5.2;1;FIAT;263AXP1BSN5DN;DOBLO / 1.6 / MULTIJET;Italija;ITA;osebni avtomobil;160;vecnamensko vozilo;DOBLO 
70;1475;5.2;1;FIAT;199LYT1AL12L;500L / 1.3 / JTD;Italija;ITA;osebni avtomobil;171;vecnamensko vozilo;500L 
70;1190;5.2;1;MERCEDES BENZ;168M709F2-HCAAAA0;A / 170 / CDI;Nemcija;DEU;osebni avtomobil;180;karavan;A 
70;1190;5.2;1;MERCEDES BENZ;168;A / 170 / CDI;Nemcija;DEU;osebni avtomobil;180;vozilo z dviûnimi vrati zadaj;A 
70;1175;5.2;1;MERCEDES BENZ;168.009-M209F2HCAAAA0;A / 170 / CDI;Nemcija;DEU;osebni avtomobil;180;karavan;A 
70;1100;5.2;1;MERCEDES BENZ;168-0;A / 170 / CDI;Nemcija;DEU;osebni avtomobil;175;vozilo z dviûnimi vrati zadaj;A 
70;1149;5.2;0;SEAT;BDLAC-FM5SFM5DF0084BI1A1AAC;IBIZA / 1.0 / TSI;äpanija;ESP;osebni avtomobil;186;vozilo z dviûnimi vrati zadaj;IBIZA 
70;1234;5.2;0;äKODA;ABSDLACX0-NFM5FM5DF0094BISTNN3N1A1A;SCALA / 1.0 / TSI;Ceöka republika;CZE;osebni avtomobil;190;vozilo z dviûnimi vrati zadaj;SCALA 
70;1379;5.2;1;VOLKSWAGEN;DGTDACX05-FM5FM5A40514BF1AA;T-CROSS / 1.6 / TDI;Nemcija;DEU;osebni avtomobil;180;karavan;T-CROSS 
70;1365;5.2;1;VOLKSWAGEN;DGTDACX04-FM5FM5A40514BF1AA;T-CROSS / 1.6 / TDI;Nemcija;DEU;osebni avtomobil;180;karavan;T-CROSS 
70;1365;5.2;1;VOLKSWAGEN;DGTDACX04-FM5FM5A40514BF1AA;T-CROSS / 1.6 / TDI;Nemcija;DEU;osebni avtomobil;180;vozilo za posebne namene;T-CROSS 
70;1135;5.3;0;MINI;ME31-AA;ONE / /;Nemcija;DEU;osebni avtomobil;185;vozilo z dviûnimi vrati zadaj;ONE 
70;1134;5.3;0;SEAT;BDKLA-FM5SFM5DF0027CP2A1CA;IBIZA / 1.0 / TSI;äpanija;ESP;osebni avtomobil;182;vozilo z dviûnimi vrati zadaj;IBIZA 
70;1252;5.3;0;äKODA;ABSDLACX0-NFM5FM5DF0094BISTNN3N1A1A;SCALA / 1.0 / TSI;Ceöka republika;CZE;osebni avtomobil;190;vozilo z dviûnimi vrati zadaj;SCALA 
70;1172;5.3;0;äKODA;ACDKLDX01-NFM5FM5DF0024BIN1B7A;FABIA / COMBI 1.0 / TSI;Ceöka republika;CZE;osebni avtomobil;188;karavan;FABIA 
70;1147;5.3;0;äKODA;ABDKLDX01-NFM5FM5DF0024BIN1B7A;FABIA / 1.0 / TSI;Ceöka republika;CZE;osebni avtomobil;186;vozilo z dviûnimi vrati zadaj;FABIA 
70;1370;5.3;1;VOLKSWAGEN;DGTDACX04-FM5FM5A40514BF1BA;T-CROSS / 1.6 / TDI;Nemcija;DEU;osebni avtomobil;180;karavan;T-CROSS 
70;1216;5.3;0;VOLKSWAGEN;ABDLAC-FM5FM5DF008N2VR24BI1AA0G;POLO / 1.0 / TSI;Nemcija;DEU;osebni avtomobil;187;vozilo z dviûnimi vrati zadaj;POLO 
70;1209;5.3;0;VOLKSWAGEN;ABDLAC-FM5FM5DF008N2VR24BI1AALG;POLO / 1.0 / TSI;Nemcija;DEU;osebni avtomobil;187;vozilo z dviûnimi vrati zadaj;POLO 
70;1145;5.3;0;VOLKSWAGEN;ABDKLA-FM5FM5DF002N2VR27CP1BA;POLO / 1.0 / TSI;Nemcija;DEU;osebni avtomobil;187;vozilo z dviûnimi vrati zadaj;POLO 
70;1445;5.4;1;DACIA;SD00DSJL6DA170M500;DOKKER / 1.5 / DCI;Romunija;ROM;osebni avtomobil;168;karavan;DOKKER 
70;1433;5.4;1;DACIA;SD00DVJL6DH000M500;DOKKER / 1.5 / DCI;Romunija;ROM;osebni avtomobil;168;karavan;DOKKER 
70;1542;5.4;1;RENAULT;WRKK9KA66TA1HBSAB0;KANGOO / 1.5 / DCI;Francija;FRA;osebni avtomobil;161;vecnamensko vozilo;KANGOO 
70;1194;5.4;0;SEAT;XDLAC-FM5SFM5DF0094BI2A1AAC;ARONA / 1.0 / TSI;äpanija;ESP;osebni avtomobil;182;vozilo z dviûnimi vrati zadaj;ARONA 
70;1134;5.4;0;SEAT;BDKLA-FM5SFM5DF0024BF2A1CA;IBIZA / 1.0 / TSI;äpanija;ESP;osebni avtomobil;182;vozilo z dviûnimi vrati zadaj;IBIZA 
70;1184;5.4;0;äKODA;AADKLD-NFM5FM5DF0027CPSTN71CSKA;RAPID / 1.0 / TSI;Ceöka republika;CZE;osebni avtomobil;189;limuzina;RAPID 
70;1136;5.4;0;äKODA;ACDKLDX01-NFM5FM5DF0024BFN1C7A;FABIA / COMBI 1.0 / TSI;Ceöka republika;CZE;osebni avtomobil;187;karavan;FABIA 
70;1116;5.4;0;äKODA;ABDKLDX01-NFM5FM5DF0024BFN1B7A;FABIA / 1.0 / TSI;Ceöka republika;CZE;osebni avtomobil;185;vozilo z dviûnimi vrati zadaj;FABIA 
70;1370;5.4;1;VOLKSWAGEN;DGTDACX04-FM5FM5A40514BF1BA;T-CROSS / 1.6 / TDI;Nemcija;DEU;osebni avtomobil;180;karavan;T-CROSS 
70;1163;5.4;0;VOLKSWAGEN;ABDLAC-FM5FM5DF008N2VR24BI1AALG;POLO / 1.0 / TSI;Nemcija;DEU;osebni avtomobil;187;vozilo z dviûnimi vrati zadaj;POLO 
70;1145;5.4;0;VOLKSWAGEN;ABDKLA-FM5FM5DF002N2VR27CP1BA;POLO / 1.0 / TSI;Nemcija;DEU;osebni avtomobil;187;vozilo z dviûnimi vrati zadaj;POLO 
70;1453;5.5;1;DACIA;SD00DVJL6DH000M500;DOKKER / 1.5 / DCI;Romunija;ROM;osebni avtomobil;168;karavan;DOKKER 
70;1452;5.5;1;DACIA;SD00DVJL6DA170M500;DOKKER / 1.5 / DCI;Romunija;ROM;osebni avtomobil;168;karavan;DOKKER 
70;1200;5.5;1;MERCEDES BENZ;168.009-M209F2WDAACA0;A / 170 / CDI AUT.;Nemcija;DEU;osebni avtomobil;173;karavan;A 
70;1579;5.5;1;RENAULT;WRKK9KA66TA1HBSAB0;KANGOO / 1.5 / DCI;Francija;FRA;osebni avtomobil;161;vecnamensko vozilo;KANGOO 
70;1211;5.5;0;SEAT;XDLAC-FM5SFM5DF0094BI3A1AAC;ARONA / 1.0 / TSI;äpanija;ESP;osebni avtomobil;182;vozilo z dviûnimi vrati zadaj;ARONA 
70;1134;5.5;0;SEAT;BDKLA-FM5SFM5DF0024BF2B1CA;IBIZA / 1.0 / TSI;äpanija;ESP;osebni avtomobil;182;vozilo z dviûnimi vrati zadaj;IBIZA 
70;1192;5.5;0;äKODA;ABSDKLAX0-NFM5FM5DF0094BFSTN3N1B6A;SCALA / 1.0 / TSI;Ceöka republika;CZE;osebni avtomobil;188;vozilo z dviûnimi vrati zadaj;SCALA 
70;1184;5.5;0;äKODA;AADKLD-NFM5FM5DF0027CPSTN71CSKA;RAPID / 1.0 / TSI;Ceöka republika;CZE;osebni avtomobil;189;limuzina;RAPID 
70;1179;5.5;0;äKODA;ABDKLD-NFM5FM5DF0027CPSTN71CSKA;RAPID / 1.0 / TSI;Ceöka republika;CZE;osebni avtomobil;184;vozilo z dviûnimi vrati zadaj;RAPID 
70;1141;5.5;0;äKODA;ACDKLDX01-NFM5FM5DF0027CPN1C7A;FABIA / COMBI 1.0 / TSI;Ceöka republika;CZE;osebni avtomobil;185;karavan;FABIA 
70;1136;5.5;0;äKODA;ACDKLDX01-NFM5FM5DF0024BIM1C7A;FABIA / COMBI 1.0 / TSI;Ceöka republika;CZE;osebni avtomobil;188;karavan;FABIA 
70;1136;5.5;0;äKODA;ACDKLDX01-NFM5FM5DF0024BFN1C7A;FABIA / COMBI 1.0 / TSI;Ceöka republika;CZE;osebni avtomobil;187;karavan;FABIA 
70;1121;5.5;0;äKODA;ABDKLDX01-NFM5FM5DF0027CPN1C7A;FABIA / 1.0 / TSI;Ceöka republika;CZE;osebni avtomobil;184;vozilo z dviûnimi vrati zadaj;FABIA 
70;1116;5.5;0;äKODA;ABDKLDX01-NFM5FM5DF0024BIN1C7A;FABIA / 1.0 / TSI;Ceöka republika;CZE;osebni avtomobil;186;vozilo z dviûnimi vrati zadaj;FABIA 
70;1116;5.5;0;äKODA;ABDKLDX01-NFM5FM5DF0024BFN1C7A;FABIA / 1.0 / TSI;Ceöka republika;CZE;osebni avtomobil;185;vozilo z dviûnimi vrati zadaj;FABIA 
70;1385;5.5;1;VOLKSWAGEN;DGTDACX04-FD7FD7CW0024BF1BA;T-CROSS / 1.6 / TDI AUT.;Nemcija;DEU;osebni avtomobil;180;karavan;T-CROSS 
70;1145;5.5;0;VOLKSWAGEN;ABDKLA-FM5FM5DF002N2VR27CP1CA;POLO / 1.0 / TSI;Nemcija;DEU;osebni avtomobil;187;vozilo z dviûnimi vrati zadaj;POLO 
70;1211;5.6;0;AUDI;SDLACF1-FM5FM5DF008RT11B174BIAEM1AB0;A1 / 1.0 / TFSI;Nemcija;DEU;osebni avtomobil;193;vozilo z dviûnimi vrati zadaj;A1 
70;1190;5.6;0;AUDI;SDLACF1-FM5FM5DF008RT11B164BIAEM10B0;A1 / 1.0 / TFSI;Nemcija;DEU;osebni avtomobil;193;vozilo z dviûnimi vrati zadaj;A1 
70;1165;5.6;0;AUDI;SDKLAF1-FM5FM5DF002RT11C167CPAEM1;A1 / 1.0 / TFSI;Nemcija;DEU;osebni avtomobil;191;vozilo z dviûnimi vrati zadaj;A1 
70;1834;5.6;1;CITROEN;VABHVB-P2A00L;JUMPY SPACE TOURER / 1.6 / HDI L2;Francija;FRA;osebni avtomobil;145;vecnamensko vozilo;JUMPY SPACE TOURER 
70;1050;5.6;0;MITSUBISHI;Z3411-ACBBB6A5A;COLT / 1.3 / AUT.;Nizozemska;NLD;osebni avtomobil;180;karavan;COLT 
70;1145;5.6;0;PEUGEOT;CC8FP0;208 / 1.4 / i 16V;Francija;FRA;osebni avtomobil;188;vozilo z dviûnimi vrati zadaj;208
70;1130;5.6;0;PEUGEOT;CA8FP0;208 / 1.4 / i 16V;Francija;FRA;osebni avtomobil;188;vozilo z dviûnimi vrati zadaj;208
70;1584;5.6;1;RENAULT;WRKK9KA66TA1HBSAB0;KANGOO / 1.5 / DCI;Francija;FRA;osebni avtomobil;161;vecnamensko vozilo;KANGOO 
70;1184;5.6;0;SEAT;AADKLD-NFM5FM5DF0027CPST71CSEA;TOLEDO / 1.0 / TSI;äpanija;ESP;osebni avtomobil;189;limuzina;TOLEDO 
70;1180;5.6;0;SEAT;XDKLA-FM5SFM5DF0094BF3A1BAC;ARONA / 1.0 / TSI;äpanija;ESP;osebni avtomobil;175;vozilo z dviûnimi vrati zadaj;ARONA 
70;1254;5.6;0;äKODA;ABCDLACX0-NFM5FM5DF0094BISTNK3N1A1A;KAMIQ / 1.0 / TSI;Ceöka republika;CZE;osebni avtomobil;183;vozilo z dviûnimi vrati zadaj;KAMIQ 
70;1192;5.6;0;äKODA;ABSDKLAX0-NFM5FM5DF0094BFSTNN3N1B6A;SCALA / 1.0 / TSI;Ceöka republika;CZE;osebni avtomobil;188;vozilo z dviûnimi vrati zadaj;SCALA 
70;1179;5.6;0;äKODA;ABDKLD-NFM5FM5DF0027CPSTN71CSKA;RAPID / 1.0 / TSI;Ceöka republika;CZE;osebni avtomobil;184;vozilo z dviûnimi vrati zadaj;RAPID 
70;1141;5.6;0;äKODA;ACDKLDX01-NFM5FM5DF0027CPN1C7A;FABIA / COMBI 1.0 / TSI;Ceöka republika;CZE;osebni avtomobil;185;karavan;FABIA 
70;1136;5.6;0;äKODA;ACDKLDX01-NFM5FM5DF0024BFM1C7A;FABIA / COMBI 1.0 / TSI;Ceöka republika;CZE;osebni avtomobil;187;karavan;FABIA 
70;1116;5.6;0;äKODA;ABDKLDX01-NFM5FM5DF0024BFN1C8A;FABIA / 1.0 / TSI;Ceöka republika;CZE;osebni avtomobil;185;vozilo z dviûnimi vrati zadaj;FABIA 
70;1390;5.6;1;VOLKSWAGEN;DGTDACX04-FD7FD7CW0024BF1BA;T-CROSS / 1.6 / TDI AUT.;Nemcija;DEU;osebni avtomobil;180;karavan;T-CROSS 
70;1249;5.6;0;VOLKSWAGEN;ABDLAC-FD7FD7CW005N2VR24BI1AA0G;POLO / 1.0 / TSI AUT.;Nemcija;DEU;osebni avtomobil;187;vozilo z dviûnimi vrati zadaj;POLO 
70;1155;5.6;0;VOLKSWAGEN;ABDKLA-FM5FM5DF002N2VR24BF1BA0;POLO / 1.0 / TSI;Nemcija;DEU;osebni avtomobil;187;vozilo z dviûnimi vrati zadaj;POLO 
70;1145;5.6;0;VOLKSWAGEN;ABDKLA-FM5FM5DF002N2VR27CP1CA;POLO / 1.0 / TSI;Nemcija;DEU;osebni avtomobil;187;vozilo z dviûnimi vrati zadaj;POLO 
70;1390;5.6;1;VOLVO;VW73-13;V40 / 1.9 / D;ävedska;SWE;osebni avtomobil;180;karavan;V40 
70;1390;5.6;1;VOLVO;VW73-13;V 40 / 1.9;ävedska;SWE;osebni avtomobil;180;karavan;V 40 
70;1247;5.7;0;AUDI;HDLACF1-FM5FM5DF009RT81B164BIAEM1AB0;A1 / CITYCARVER 1.0 / TFSI;Nemcija;DEU;osebni avtomobil;182;karavan;A1 
70;1238;5.7;0;AUDI;HDLACF1-FM5FM5DF009RT81B174BIAEM1AB0;A1 / CITYCARVER 1.0 / TFSI;Nemcija;DEU;osebni avtomobil;182;karavan;A1 
70;1217;5.7;0;AUDI;SDLACF1-FM5FM5DF008RT11B174BIAEM1AB0;A1 / 1.0 / TFSI;Nemcija;DEU;osebni avtomobil;193;vozilo z dviûnimi vrati zadaj;A1 
70;1175;5.7;0;AUDI;SDLACF1-FM5FM5DF008RT11C164BIAEM10B0;A1 / 1.0 / TFSI;Nemcija;DEU;osebni avtomobil;193;vozilo z dviûnimi vrati zadaj;A1 
70;1165;5.7;0;AUDI;SDKLAF1-FM5FM5DF002RT11C177CPAEM1;A1 / 1.0 / TFSI;Nemcija;DEU;osebni avtomobil;191;vozilo z dviûnimi vrati zadaj;A1 
70;1280;5.7;0;FIAT;356WXA1BW0A;TIPO / 1.4 /;Italija;ITA;osebni avtomobil;185;vecnamensko vozilo;TIPO 
70;1270;5.7;0;FIAT;356HXA1BH0;TIPO / 1.4 /;Italija;ITA;osebni avtomobil;185;vecnamensko vozilo;TIPO 
70;1225;5.7;0;FIAT;356SXA1B00A;TIPO / 1.4 /;Italija;ITA;osebni avtomobil;185;limuzina;TIPO 
70;1135;5.7;0;MINI;ME31-01;ONE / /;Nemcija;DEU;osebni avtomobil;185;vozilo z dviûnimi vrati zadaj;ONE 
70;1180;5.7;0;SEAT;XDKLA-FM5SFM5DF0094BF3A1BA;ARONA / 1.0 / TSI;äpanija;ESP;osebni avtomobil;175;vozilo z dviûnimi vrati zadaj;ARONA 
70;1180;5.7;0;SEAT;XDKLA-FM5SFM5DF0097CP3A1BA;ARONA / 1.0 / TSI;äpanija;ESP;osebni avtomobil;173;vozilo z dviûnimi vrati zadaj;ARONA 
70;1221;5.7;0;äKODA;ABCDLACX0-NFM5FM5DF0094BISTNK3N1A1A;KAMIQ / 1.0 / TSI;Ceöka republika;CZE;osebni avtomobil;183;vozilo z dviûnimi vrati zadaj;KAMIQ 
70;1214;5.7;0;äKODA;ABCDKLAX0-NFM5FM5DF0094BFSTNK3N1B6A;KAMIQ / 1.0 / TSI;Ceöka republika;CZE;osebni avtomobil;183;vozilo z dviûnimi vrati zadaj;KAMIQ 
70;1214;5.7;0;äKODA;ABCDKLAX0-NFM5FM5DF0094BFSTN3N1B6A;KAMIQ / 1.0 / TSI;Ceöka republika;CZE;osebni avtomobil;181;vozilo z dviûnimi vrati zadaj;KAMIQ 
70;1285;5.7;0;VOLKSWAGEN;DLACACX05-FM5FM5DF0094BI1AA0G;T-CROSS / 1.0 / TSI;Nemcija;DEU;osebni avtomobil;180;karavan;T-CROSS 
70;1155;5.7;0;VOLKSWAGEN;ABDKLA-FM5FM5DF002N2VR24BF1CAL;POLO / 1.0 / TSI;Nemcija;DEU;osebni avtomobil;187;vozilo z dviûnimi vrati zadaj;POLO 
70;1218;5.8;0;CITROEN;SC8FP0/1;C3 / 1.4 / 16V;Francija;FRA;osebni avtomobil;184;vozilo z dviûnimi vrati zadaj;C3 
70;1150;5.8;0;CITROEN;SA8FP0/1;DS3 / 1.4 / 16V;Francija;FRA;osebni avtomobil;184;vozilo z dviûnimi vrati zadaj;DS3 
70;1245;5.8;0;MERCEDES BENZ;X2RAK2-DZACA500;A / 150 /;Nemcija;DEU;osebni avtomobil;175;karavan;A 
70;1215;5.8;1;MERCEDES BENZ;168.109-M709F2WDAACA0;A / 170 / CDI AUT.;Nemcija;DEU;osebni avtomobil;173;karavan;A 
70;1200;5.8;1;MERCEDES BENZ;168.009-M209F2WDAACA0;A / 170 / CDI AUT.;Nemcija;DEU;osebni avtomobil;173;karavan;A 
70;1050;5.8;0;MITSUBISHI;Z3411-APBBA5A5A;COLT / 1.3 / SAM;Nizozemska;NLD;osebni avtomobil;180;karavan;COLT 
70;1030;5.8;0;MITSUBISHI;Z2413-AIFFA5A5A;COLT / 1.3 / CZ3;Nizozemska;NLD;osebni avtomobil;180;vozilo z dviûnimi vrati zadaj;COLT 
70;1025;5.8;0;MITSUBISHI;Z2413-ATFFA5A5A;COLT / 1.3 / CZ3 / SAM;Nizozemska;NLD;osebni avtomobil;180;vozilo z dviûnimi vrati zadaj;COLT 
70;1020;5.8;0;MITSUBISHI;Z2413-AJFFB6A5B;COLT / 1.3 / CZ3 AUT.;Nizozemska;NLD;osebni avtomobil;180;vozilo z dviûnimi vrati zadaj;COLT 
70;1274;5.8;0;PEUGEOT;WC8FP0/1;207 / 1.4 / i 16V;Francija;FRA;osebni avtomobil;185;vozilo z dviûnimi vrati zadaj;207
70;1162;5.8;0;PEUGEOT;WA8FP0/1;207 / 1.4 / i 16V;Francija;FRA;osebni avtomobil;185;vozilo z dviûnimi vrati zadaj;207
70;1180;5.8;0;SEAT;XDKLA-FM5SFM5DF0094BF4A1BA;ARONA / 1.0 / TSI;äpanija;ESP;osebni avtomobil;175;vozilo z dviûnimi vrati zadaj;ARONA 
70;1180;5.8;0;SEAT;XDKLA-FM5SFM5DF0097CP3A1BA;ARONA / 1.0 / TSI;äpanija;ESP;osebni avtomobil;173;vozilo z dviûnimi vrati zadaj;ARONA 
70;1214;5.8;0;äKODA;ABCDKLAX0-NFM5FM5DF0094BFSTNK4N1B6A;KAMIQ / 1.0 / TSI;Ceöka republika;CZE;osebni avtomobil;181;vozilo z dviûnimi vrati zadaj;KAMIQ 
70;1050;5.8;0;SMART;3231C2-EFAAZA01;FORFOUR / 1.3;Nemcija;DEU;osebni avtomobil;180;karavan;FORFOUR 
70;1045;5.8;0;SMART;3231C2-CDAAZA00;FORFOUR / 1.3 /;Nemcija;DEU;osebni avtomobil;180;karavan;FORFOUR 
70;1328;5.8;0;VOLKSWAGEN;DLACACX05-FM5FM5DF0094BI1AA0G;T-CROSS / 1.0 / TSI;Nemcija;DEU;osebni avtomobil;180;karavan;T-CROSS 
70;1307;5.8;0;VOLKSWAGEN;DLACACX05-FM5FM5DF0094BI1AA0I;T-CROSS / 1.0 / TSI;Nemcija;DEU;osebni avtomobil;180;karavan;T-CROSS 
70;1245;5.8;0;VOLKSWAGEN;DKLAACX04-FM5FM5DF0097CP1B;T-CROSS / 1.0 / TSI;Nemcija;DEU;osebni avtomobil;180;karavan;T-CROSS 
70;1155;5.8;0;VOLKSWAGEN;ABDKLA-FM5FM5DF002N2VR24BF1CAL;POLO / 1.0 / TSI;Nemcija;DEU;osebni avtomobil;187;vozilo z dviûnimi vrati zadaj;POLO 
70;1140;5.9;0;AUDI;SDKLDF1-FM5FM5DF0021C15LLS57CPAEM2;A1 / 1.0 / TFSI;Nemcija;DEU;osebni avtomobil;186;vozilo z dviûnimi vrati zadaj;A1 
70;1150;5.9;0;FIAT;199BXG1B14C;GRANDE PUNTO / 1.4 /;Italija;ITA;osebni avtomobil;178;vecnamensko vozilo;GRANDE PUNTO 
70;1135;5.9;0;FIAT;199AXG1B13C;GRANDE PUNTO / 1.4 /;Italija;ITA;osebni avtomobil;178;vecnamensko vozilo;GRANDE PUNTO 
70;1498;5.9;1;FORD;DXA-XXDE1VX-5HAAZ6AA366;C-MAX / 1.5 / DV5 70 B6 S;Nemcija;DEU;osebni avtomobil;170;vecnamensko vozilo;C-MAX 
70;1321;5.9;0;PEUGEOT;WE8FP0/1;207 / BREAK 1.4 / i 16V;Francija;FRA;osebni avtomobil;185;karavan;207
70;1279;5.9;0;PEUGEOT;WE8FSC/1;207 / BREAK 1.4 / i 16V;Francija;FRA;osebni avtomobil;185;karavan;207
70;1274;5.9;0;PEUGEOT;WC8FP0/1;207 / 1.4 / i 16V;Francija;FRA;osebni avtomobil;185;vozilo z dviûnimi vrati zadaj;207
70;1245;5.9;0;PEUGEOT;WC8FSC/1;207 / 1.4 / i 16V;Francija;FRA;osebni avtomobil;185;vozilo z dviûnimi vrati zadaj;207
70;1245;5.9;0;PEUGEOT;WC8FSC/1;207 / 1.4 / i 16V;Francija;FRA;osebni avtomobil;185;vecnamensko vozilo;207
70;1232;5.9;0;PEUGEOT;WA8FSC/1;207 / 1.4 / i 16V;Francija;FRA;osebni avtomobil;185;vozilo z dviûnimi vrati zadaj;207
70;1232;5.9;0;PEUGEOT;WA8FSC/1;207 / 1.4 / i 16V;Francija;FRA;osebni avtomobil;185;vecnamensko vozilo;207
70;1330;5.9;0;VOLKSWAGEN;DLACACX05-FM5FM5DF0094BI1AA0G;T-CROSS / 1.0 / TSI;Nemcija;DEU;osebni avtomobil;180;karavan;T-CROSS 
70;1245;5.9;0;VOLKSWAGEN;DKLAACX04-FM5FM5DF0094BF1BA;T-CROSS / 1.0 / TSI;Nemcija;DEU;osebni avtomobil;180;karavan;T-CROSS 
70;1276;6.1;0;CITROEN;SH8FP0/1;C3 PICASSO / 1.4 / 16V;Francija;FRA;osebni avtomobil;178;vecnamensko vozilo;C3 PICASSO 
70;1275;6.1;0;CITROEN;NC8FP0/1;C4 / 1.4 / i;Francija;FRA;osebni avtomobil;182;vozilo z dviûnimi vrati zadaj;C4 
70;1320;6.1;0;FIAT;199LYB1BL1R;500L / 1.4 / 16v;Italija;ITA;osebni avtomobil;178;vecnamensko vozilo;500L 
70;1035;6.1;0;FIAT;188AXM1A20;PUNTO / 1.4 / 16V;Italija;ITA;osebni avtomobil;178;vozilo z dviûnimi vrati zadaj;PUNTO 
70;975;6.1;0;FIAT;188BXM1A21;PUNTO / 1.4;Italija;ITA;osebni avtomobil;178;vozilo z dviûnimi vrati zadaj;PUNTO 
70;1498;6.1;1;FORD;DXA-XXDE1VX-5HAAZ6AA36C;C-MAX / 1.5 / DV5 70 B6 S;Nemcija;DEU;osebni avtomobil;170;vecnamensko vozilo;C-MAX 
70;1253;6.1;0;PEUGEOT;WC8FSC;207 / 1.4 / i 16V;Francija;FRA;osebni avtomobil;185;vozilo z dviûnimi vrati zadaj;207
70;1240;6.1;0;PEUGEOT;WA8FSC;207 / 1.4 / i 16V;Francija;FRA;osebni avtomobil;185;vozilo z dviûnimi vrati zadaj;207
70;1185;6.1;0;VOLKSWAGEN;ABDKLA-FD7FD7CW001N2VR24BF1AA0;POLO / 1.0 / TSI AUT.;Nemcija;DEU;osebni avtomobil;187;vozilo z dviûnimi vrati zadaj;POLO 
70;1180;6.1;0;VOLKSWAGEN;ABDKLA-FD7FD7CW001N2VR27CP1CB;POLO / 1.0 / TSI AUT.;Nemcija;DEU;osebni avtomobil;187;vozilo z dviûnimi vrati zadaj;POLO 
70;1275;6.2;0;CITROEN;NC8FP0;C4 / 1.4 / i;Francija;FRA;osebni avtomobil;182;vozilo z dviûnimi vrati zadaj;C4 
70;1330;6.2;0;FIAT;199LYB1BL1N;500L / 1.4 / 16v;Italija;ITA;osebni avtomobil;165;vecnamensko vozilo;500L 
70;1320;6.2;0;FIAT;199LYB1BL1;500L / 1.4 / 16v;Italija;ITA;osebni avtomobil;178;vecnamensko vozilo;500L 
70;1230;6.2;0;LANCIA;350AXA1B07GL;MUSA / 1.4 / 16V;Italija;ITA;osebni avtomobil;175;vecnamensko vozilo;MUSA 
70;1245;6.2;0;MERCEDES BENZ;X2RAM2-DZACA501;A / 160 /;Nemcija;DEU;osebni avtomobil;175;karavan;A 
70;1245;6.2;0;MERCEDES BENZ;169-X33FK2-FZACA500;A / 150;Nemcija;DEU;osebni avtomobil;170;karavan;A 
70;1225;6.2;0;MERCEDES BENZ;169X23FK2-DVACA500;A / 150;Nemcija;DEU;osebni avtomobil;175;karavan;A 
70;1215;6.2;0;MERCEDES BENZ;X3RAM2-DZACA501;A / 160 /;Nemcija;DEU;osebni avtomobil;175;karavan;A 
70;1195;6.2;0;MERCEDES BENZ;169-X33FK2-DVACA500;A / 150;Nemcija;DEU;osebni avtomobil;175;karavan;A 
70;1150;6.2;0;MERCEDES BENZ;169/X23FK2/DVAAA500;A / 150;Nemcija;DEU;osebni avtomobil;175;karavan;A 
70;1362;6.2;0;PEUGEOT;WU8FP0;207 / BREAK 1.4 / i 16V;Francija;FRA;osebni avtomobil;185;karavan;207
70;1185;6.2;0;VOLKSWAGEN;ABDKLA-FD7FD7CW001N2VR24BF1BA0;POLO / 1.0 / TSI AUT.;Nemcija;DEU;osebni avtomobil;187;vozilo z dviûnimi vrati zadaj;POLO 
70;1180;6.2;0;VOLKSWAGEN;ABDKLA-FD7FD7CW001N2VR27CP1CB;POLO / 1.0 / TSI AUT.;Nemcija;DEU;osebni avtomobil;187;vozilo z dviûnimi vrati zadaj;POLO 
70;1375;6.3;0;CITROEN;SH8FP0;C3 PICASSO / 1.4 / 16V;Francija;FRA;osebni avtomobil;178;vecnamensko vozilo;C3 PICASSO 
70;1318;6.3;0;PEUGEOT;WU8FSC;207 / BREAK 1.4 / i 16V;Francija;FRA;osebni avtomobil;182;karavan;207
70;1290;6.3;0;PEUGEOT;WE8FSC;207 / BREAK 1.4 / i 16V;Francija;FRA;osebni avtomobil;185;karavan;207
70;1180;6.3;0;VOLKSWAGEN;ABDKLA-FD7FD7CW001N2VR27CP1BA;POLO / 1.0 / TSI AUT.;Nemcija;DEU;osebni avtomobil;187;vozilo z dviûnimi vrati zadaj;POLO 
70;1321;6.4;0;CITROEN;SH8FP0/1;C3 PICASSO / 1.4 / 16V;Francija;FRA;osebni avtomobil;178;vecnamensko vozilo;C3 PICASSO 
70;1160;6.4;0;FIAT;350AXA1104B;IDEA / 1.4 / 16V DUAL LOGIC;Italija;ITA;osebni avtomobil;175;vecnamensko vozilo;IDEA 
70;2235;6.4;0;LANCIA;350AXA11-04CL;MUSA / 1.4 / 16V DFN;Italija;ITA;osebni avtomobil;175;vecnamensko vozilo;MUSA 
70;1070;6.4;0;LANCIA;843AXC1105;YPSILON / 1.4 / 16V SELESPEED;Italija;ITA;osebni avtomobil;175;vozilo z dviûnimi vrati zadaj;YPSILON 
70;1335;6.4;0;MERCEDES BENZ;Y2RAM2-DZBAA500;B / 160 /;Nemcija;DEU;osebni avtomobil;174;karavan;B 
70;1320;6.4;0;MERCEDES BENZ;Y2RAM2-DZAAA500;B / 160 /;Nemcija;DEU;osebni avtomobil;174;karavan;B 
70;1326;6.4;0;PEUGEOT;WU8FSC;207 / BREAK 1.4 / i 16V;Francija;FRA;osebni avtomobil;182;karavan;207
70;1165;6.5;0;FIAT;192AXH1B21;STILO / 1.4;Italija;ITA;osebni avtomobil;180;vozilo z dviûnimi vrati zadaj;STILO 
70;1225;6.5;0;MERCEDES BENZ;X23FK2-DZACA501;A / 150 /;Nemcija;DEU;osebni avtomobil;175;karavan;A 
70;1195;6.5;0;MERCEDES BENZ;169X33FK2-DVACA501;A 150;Nemcija;DEU;osebni avtomobil;175;vozilo z dviûnimi vrati zadaj;A 150
70;1195;6.5;0;MERCEDES BENZ;X33FK2-DVACA501;A / 150 /;Nemcija;DEU;osebni avtomobil;175;karavan;A 
70;1346;6.5;0;PEUGEOT;4C8FSC;308 / 1.4 / i 16V;Francija;FRA;osebni avtomobil;182;vozilo z dviûnimi vrati zadaj;308
70;1346;6.5;0;PEUGEOT;4C8FSC;308 / 1.4 / i 16V;Francija;FRA;osebni avtomobil;182;vecnamensko vozilo;308
70;1337;6.5;0;PEUGEOT;4A8FSC;308 / 1.4 / i 16V;Francija;FRA;osebni avtomobil;182;vozilo z dviûnimi vrati zadaj;308
70;1321;6.6;0;CITROEN;SH8FP0;C3 PICASSO / 1.4 / 16V;Francija;FRA;osebni avtomobil;178;vecnamensko vozilo;C3 PICASSO 
70;1230;6.6;0;FIAT;350AXA1A00;IDEA / 1.4;Italija;ITA;osebni avtomobil;175;vecnamensko vozilo;IDEA 
70;1155;6.6;0;FIAT;350AXA1A00;FIAT / IDEA / 1.4 / 16V;Italija;ITA;osebni avtomobil;175;vecnamensko vozilo;FIAT 
70;1035;6.6;0;FIAT;188AXM1B22;PUNTO / 1.4 / 16V;Italija;ITA;osebni avtomobil;178;vozilo z dviûnimi vrati zadaj;PUNTO 
70;960;6.6;0;FIAT;188AXM1B22;PUNTO / 1.4;Italija;ITA;osebni avtomobil;178;vozilo z dviûnimi vrati zadaj;PUNTO 
70;1230;6.6;0;LANCIA;350AXA1B07DL;MUSA / 1.4 / 16V;Italija;ITA;osebni avtomobil;175;vecnamensko vozilo;MUSA 
70;1155;6.6;0;LANCIA;350AXA1A00CL;MUSA / 1.4 / 16V;Italija;ITA;osebni avtomobil;175;vecnamensko vozilo;MUSA 
70;1055;6.6;0;LANCIA;843AXC1A02;YPSILON / 1.4 / 16V;Italija;ITA;osebni avtomobil;175;vozilo z dviûnimi vrati zadaj;YPSILON 
70;1055;6.6;0;LANCIA;843AXC1A02;Y / 1.4;Italija;ITA;osebni avtomobil;175;vozilo z dviûnimi vrati zadaj;Y 
70;1335;6.6;0;MERCEDES BENZ;Y2RAM2-DZBAA501;B / 160 /;Nemcija;DEU;osebni avtomobil;174;karavan;B 
70;1320;6.6;0;MERCEDES BENZ;Y2RAM2-DZAAA501;B / 160 /;Nemcija;DEU;osebni avtomobil;174;karavan;B 
70;1300;6.6;0;MERCEDES BENZ;Y23FK2;B / 150 /;Nemcija;DEU;osebni avtomobil;174;karavan;B 
70;1275;6.6;0;MERCEDES BENZ;X23FK2-FZACA500;A / 150 / AUT.;Nemcija;DEU;osebni avtomobil;170;vozilo za posebne namene;A 
70;1275;6.6;0;MERCEDES BENZ;X23FK2-FFAAA500;A / 150 / AUT.;Nemcija;DEU;osebni avtomobil;170;karavan;A 
70;1245;6.6;0;MERCEDES BENZ;X33FK2-FFABA500;A / 150 / AUT.;Nemcija;DEU;osebni avtomobil;170;karavan;A 
70;1195;6.6;0;MERCEDES BENZ;X23FK2-FZACA500;A / 150 /;Nemcija;DEU;osebni avtomobil;175;karavan;A 
70;1155;6.6;0;RENAULT;BA0W05;MEGANE / 1.4 / 16V;Francija;FRA;osebni avtomobil;185;vozilo z dviûnimi vrati zadaj;MEGANE 
70;1220;6.7;0;FIAT;192BXH1B22;STILO / 1.4 /;Italija;ITA;osebni avtomobil;178;vozilo z dviûnimi vrati zadaj;STILO 
70;1145;6.7;0;FIAT;192BXH1B22;STILO / 1.4;Italija;ITA;osebni avtomobil;178;vozilo z dviûnimi vrati zadaj;STILO 
70;1145;6.7;0;FIAT;192BXH1B22;FIAT / STILO / 1.4 /;Italija;ITA;osebni avtomobil;178;vozilo z dviûnimi vrati zadaj;FIAT 
70;1400;6.7;1;MERCEDES BENZ;H0;C / 220 / D;Nemcija;DEU;osebni avtomobil;175;limuzina;C 
70;1225;6.7;0;MERCEDES BENZ;169X23FK2-DVACA512;A / 150;Nemcija;DEU;osebni avtomobil;175;karavan;A 
70;1195;6.7;0;MERCEDES BENZ;X33FK2-DVACA512;A / 150 /;Nemcija;DEU;osebni avtomobil;175;karavan;A 
70;1426;6.7;0;PEUGEOT;4E8FSC;308 / BREAK 1.4 / i 16V;Francija;FRA;osebni avtomobil;178;karavan;308
70;1426;6.7;0;PEUGEOT;4E8FSC;308 / BREAK 1.4 / i 16V;Francija;FRA;osebni avtomobil;178;vecnamensko vozilo;308
70;1334;6.8;0;CITROEN;SH8FSC/1;C3 PICASSO / 1.4 / 16V;Francija;FRA;osebni avtomobil;178;vecnamensko vozilo;C3 PICASSO 
70;1235;6.8;0;FIAT;192CXH1B23;STILO / MW 1.4;Italija;ITA;osebni avtomobil;176;karavan;STILO 
70;1235;6.8;0;FIAT;192CXH1B23;STILO / MW 1.4 /;Italija;ITA;osebni avtomobil;176;vecnamensko vozilo;STILO 
70;1498;6.8;1;FORD;DXA-XXDE1VX-5HAAZ6AA366;C-MAX / 1.5 / DV5 70 B6 S;Nemcija;DEU;osebni avtomobil;170;vecnamensko vozilo;C-MAX 
70;1300;6.8;0;MERCEDES BENZ;Y23FK2-DUAAA501;B / 150 /;Nemcija;DEU;osebni avtomobil;174;karavan;B 
70;1275;6.8;0;MERCEDES BENZ;X23FM2-FZACA500;A / 160 / AUT.;Nemcija;DEU;osebni avtomobil;170;karavan;A 
70;1225;6.8;0;MERCEDES BENZ;245;B / 150;Nemcija;DEU;osebni avtomobil;174;karavan;B 
70;1280;6.9;0;FIAT;356WXA1BW6L;TIPO / 1.4 /;Italija;ITA;osebni avtomobil;185;vecnamensko vozilo;TIPO 
70;1270;6.9;0;FIAT;356HXA1BH6H;TIPO / 1.4 /;Italija;ITA;osebni avtomobil;185;vecnamensko vozilo;TIPO 
70;1360;6.9;1;MERCEDES BENZ;H0;C / 220 / D;Nemcija;DEU;osebni avtomobil;175;limuzina;C 
70;1350;6.9;0;MERCEDES BENZ;245Y23FK2-FZAAA500;B / 150 / AUT.;Nemcija;DEU;osebni avtomobil;168;karavan;B 
70;1080;6.9;0;RENAULT;BA0-D05;MEGANE / 1.4;Francija;FRA;osebni avtomobil;168;vozilo z dviûnimi vrati zadaj;MEGANE 
70;1295;7.1;0;CHEVROLET;NH3-234;LACETTI / 1.4;Koreja. republika;KOR;osebni avtomobil;175;vozilo z dviûnimi vrati zadaj;LACETTI 
70;1270;7.1;0;FIAT;356HXA1BH6F;TIPO / 1.4 /;Italija;ITA;osebni avtomobil;185;vecnamensko vozilo;TIPO 
70;1365;7.1;0;MERCEDES BENZ;Y23FM2-FZBAA500;B / 160 / AUT.;Nemcija;DEU;osebni avtomobil;168;karavan;B 
70;1350;7.1;0;MERCEDES BENZ;Y23FK2-FZAAA501;B / 150 / AUT.;Nemcija;DEU;osebni avtomobil;168;karavan;B 
70;1295;7.2;0;CHEVROLET;NH3-266;LACETTI / 1.4 / 16V;Koreja. republika;KOR;osebni avtomobil;175;vozilo z dviûnimi vrati zadaj;LACETTI 
70;1250;7.2;0;CHEVROLET;NN3-166;LACETTI / 1.4 / 16V;Koreja. republika;KOR;osebni avtomobil;175;limuzina;LACETTI 
70;1445;7.2;0;FIAT;263AXA1ASN5DS;DOBLO / 1.4 /;Italija;ITA;osebni avtomobil;161;vecnamensko vozilo;DOBLO 
70;1415;7.2;0;FIAT;263AXA1A00B;DOBLO / 1.4 /;Italija;ITA;osebni avtomobil;161;vecnamensko vozilo;DOBLO 
70;1195;7.2;0;MERCEDES BENZ;169-0;A / 150;Nemcija;DEU;osebni avtomobil;175;karavan;A 
70;1195;7.2;0;MERCEDES BENZ;169-0;A / 150;Nemcija;DEU;osebni avtomobil;175;vozilo z dviûnimi vrati zadaj;A 
70;1245;7.3;0;CHEVROLET;NH3-266;LACETTI / 1.4 / 16V;Koreja. republika;KOR;osebni avtomobil;175;vozilo z dviûnimi vrati zadaj;LACETTI 
70;1647;7.4;0;FIAT;263AXA1A00R;DOBLO / 1.4 /;Italija;ITA;osebni avtomobil;156;vozilo z dostopom za invalidski vozicek;DOBLO 
70;1445;7.4;0;FIAT;263AXA1ASN5DN;DOBLO / 1.4 /;Italija;ITA;osebni avtomobil;161;vecnamensko vozilo;DOBLO 
70;1400;7.4;1;MERCEDES BENZ;H004B0-CBAA250;C / 220 / D;Nemcija;DEU;osebni avtomobil;175;limuzina;C 
70;1590;7.4;0;OPEL;WXA1A-LS5BN;COMBO CARGO / 1.4 /;Nemcija;DEU;osebni avtomobil;161;vecnamensko vozilo;COMBO CARGO 
70;1315;7.5;0;CITROEN;CHNFVK;XSARA PICASSO / 1.6 / i;Francija;FRA;osebni avtomobil;171;vecnamensko vozilo;XSARA PICASSO 
70;1315;7.5;0;CITROEN;CHNFVK; /;Francija;FRA;osebni avtomobil;171;vecnamensko vozilo;
70;1300;7.5;0;RENAULT;KCAPA8;KANGOO / 1.6 / 16V 4x4;Francija;FRA;osebni avtomobil;153;vozilo z dviûnimi vrati zadaj;KANGOO 
70;1180;7.5;0;RENAULT;KC0SAF;KANGOO / 1.6 / 16V;Francija;FRA;osebni avtomobil;160;vecnamensko vozilo;KANGOO 
70;1180;7.5;0;RENAULT;KC0SAF;KANGOO / 1.6 / 16V;Francija;FRA;osebni avtomobil;160;vozilo za posebne namene;KANGOO 
70;1105;7.5;0;RENAULT;KC0PAF;KANGOO / 1.6 / 16V;Francija;FRA;osebni avtomobil;160;vecnamensko vozilo;KANGOO 
70;1584;7.6;0;FIAT;263AXA1AHS5DN;DOBLO / 1.4 /;Italija;ITA;osebni avtomobil;156;vozilo z dostopom za invalidski vozicek;DOBLO 
70;1280;7.6;0;FIAT;356WXA1BW6C;TIPO / 1.4 /;Italija;ITA;osebni avtomobil;185;vecnamensko vozilo;TIPO 
70;2076;7.6;1;MERCEDES BENZ;KAA11305N-2M4B2T29;VITO / 110 / CDI BlueEFFICIENCY;Nemcija;DEU;osebni avtomobil;158;karavan;VITO 
70;1270;7.7;0;FIAT;356HXA1BH6B;TIPO / 1.4 /;Italija;ITA;osebni avtomobil;185;vecnamensko vozilo;TIPO 
70;1310;7.8;0;RENAULT;JA;MEGANE / SCENIC 1.4;Francija;FRA;osebni avtomobil;173;vozilo z dviûnimi vrati zadaj;MEGANE 
70;1375;7.9;0;FIAT;199LYB1BL1AG;500L / 1.4 / 16v;Italija;ITA;osebni avtomobil;176;vecnamensko vozilo;500L 
70;1136;7.9;0;FORD;RL2CDRAI-2AACKF;STREET KA / 1.6;Nemcija;DEU;osebni avtomobil;173;kabriolet;STREET KA 
70;1086;7.9;0;FORD;RL2-CDRA1-2AACKF;STREET KA  1.6;Nemcija;DEU;osebni avtomobil;173;kabriolet;STREET KA  1.6
70;1395;8.1;0;FIAT;199LYB1BL1AN;500L / 1.4 / 16v;Italija;ITA;osebni avtomobil;162;vecnamensko vozilo;500L 
70;1355;8.2;0;SUBARU;GG5-020;IMPREZA / WAGON 1.6 / AWD;Japonska ;JPN;osebni avtomobil;171;karavan;IMPREZA 
70;1355;8.2;0;SUBARU;GG5-020;IMPREZA / WAGON 1.6 / AWD;Japonska ;JPN;osebni avtomobil;169;karavan;IMPREZA 
70;1395;8.3;0;FIAT;199LYB1BL1AE;500L / 1.4 / 16v;Italija;ITA;osebni avtomobil;162;vecnamensko vozilo;500L 
70;1180;8.3;0;SUBARU;GF4-020;IMPREZA / COMPACT 1.6 / 4WD;Japonska ;JPN;osebni avtomobil;175;vozilo z dviûnimi vrati zadaj;IMPREZA 
70;1180;8.3;0;SUBARU;GF4LJ4;IMPREZA / COMPACT 1.6 / 4WD;Japonska ;JPN;osebni avtomobil;171;karavan;IMPREZA 
70;1375;8.6;0;RENAULT;KCASA8;KANGOO / 1.6 / 16V 4x4;Francija;FRA;osebni avtomobil;153;vecnamensko vozilo;KANGOO 
70;1375;8.6;0;RENAULT;KCAPA8;KANGOO / 1.6 / 16V 4x4;Francija;FRA;osebni avtomobil;153;vozilo za posebne namene;KANGOO 
70;1300;8.6;0;RENAULT;KCAPA8;KANGOO / 1.6 / 16V 4x4;Francija;FRA;osebni avtomobil;153;vecnamensko vozilo;KANGOO 
70;1790;9.1;1;MERCEDES BENZ;ZKAHK-1B6C2A1;VITO / 109 / CDI;Nemcija;DEU;osebni avtomobil;153;vecnamensko vozilo;VITO 
71;1041;5.4;0;FORD;JA8-SPJC1G5ABAAA;FIESTA / 1.4 / 3 vr;Nemcija;DEU;osebni avtomobil;175;vozilo z dviûnimi vrati zadaj;FIESTA 
71;1054;5.7;0;FORD;JA8-SPJA1J5AB;FIESTA / 1.4 / 5 vr;Nemcija;DEU;osebni avtomobil;175;vozilo z dviûnimi vrati zadaj;FIESTA 
71;1052;5.7;0;FORD;JA8-SPJE1D-5ABCAF;FIESTA / 1.4 / 5 vr;Nemcija;DEU;osebni avtomobil;175;vozilo z dviûnimi vrati zadaj;FIESTA 
71;1041;5.7;0;FORD;JA8-SPJA1G5AB;FIESTA / 1.4 / 3 vr;Nemcija;DEU;osebni avtomobil;175;vozilo z dviûnimi vrati zadaj;FIESTA 
71;1054;5.8;0;FORD;JA8-SPJC1J5ABAAB;FIESTA / 1.4 / 5 vr;Nemcija;DEU;osebni avtomobil;175;vozilo z dviûnimi vrati zadaj;FIESTA 
71;1041;5.8;0;FORD;JA8-SPJC1G5ABAAA;FIESTA / 1.4 / 3 vr;Nemcija;DEU;osebni avtomobil;175;vozilo z dviûnimi vrati zadaj;FIESTA 
71;1154;6.2;0;KIA;DEM111-511A;RIO / 1.4;Koreja. republika;KOR;osebni avtomobil;173;vecnamensko vozilo;RIO 
71;1139;6.2;0;KIA;DES111-511A;RIO / 1.4;Koreja. republika;KOR;osebni avtomobil;177;limuzina;RIO 
71;1101;6.4;0;FORD;JA8-SPJC1J5CCABF;FIESTA / 1.4 / 5 vr AUT.;Nemcija;DEU;osebni avtomobil;166;vozilo z dviûnimi vrati zadaj;FIESTA 
71;1101;6.5;0;FORD;JA8-SPJA1J5CC;FIESTA / 1.4 / 5 vr AUT.;Nemcija;DEU;osebni avtomobil;166;vozilo z dviûnimi vrati zadaj;FIESTA 
71;1101;6.6;0;FORD;JA8-SPJC1J5CCABF;FIESTA / 1.4 / 5 vr AUT.;Nemcija;DEU;osebni avtomobil;166;vozilo z dviûnimi vrati zadaj;FIESTA 
71;1315;6.7;0;TOYOTA;ZZE150L-AEMNKW(1B);COROLLA / 1.4 /;Japonska ;JPN;osebni avtomobil;170;limuzina;COROLLA 
71;1305;6.7;0;TOYOTA;ZZE120L-DWMDKW(1G);COROLLA / COMBI 1.4 /;Turcija;TUR;osebni avtomobil;185;karavan;COROLLA 
71;1290;6.7;0;TOYOTA;ZZE120L-AHMNKW(1E);COROLLA / 1.4;Japonska ;JPN;osebni avtomobil;185;vozilo z dviûnimi vrati zadaj;COROLLA 
71;1280;6.7;0;TOYOTA;ZZE120L-AHMDKW(1E);COROLLA / 1.4 /;Japonska ;JPN;osebni avtomobil;185;vozilo z dviûnimi vrati zadaj;COROLLA 
71;1265;6.7;0;TOYOTA;ZZE120L-AHMNKW(1E);COROLLA / 1.4 /;Japonska ;JPN;osebni avtomobil;185;vozilo z dviûnimi vrati zadaj;COROLLA 
71;1250;6.7;0;TOYOTA;ZZE120L-DWMNKW(1G);COROLLA / COMBI 1.4 /;Turcija;TUR;osebni avtomobil;185;karavan;COROLLA 
71;1240;6.7;0;TOYOTA;ZZE120L-DHMNKW(1G);COROLLA / 1.4 /;Zdruûeno kraljestvo;GBR;osebni avtomobil;185;vozilo z dviûnimi vrati zadaj;COROLLA 
71;1235;6.7;0;TOYOTA;ZZE120L-DGMDKW(1G);COROLLA / 1.4 /;Zdruûeno kraljestvo;GBR;osebni avtomobil;185;vozilo z dviûnimi vrati zadaj;COROLLA 
71;1235;6.7;0;TOYOTA;ZZE120L-AHMNKW;COROLLA / 1.4 /;Japonska ;JPN;osebni avtomobil;185;vozilo z dviûnimi vrati zadaj;COROLLA 
71;1225;6.7;0;TOYOTA;E12UZZE120L-DGMNKW;COROLLA / 1.4 /;Zdruûeno kraljestvo;GBR;osebni avtomobil;185;vozilo z dviûnimi vrati zadaj;COROLLA 
71;1215;6.7;0;TOYOTA;ZZE120L-DHMDKW(1G);COROLLA / 1.4;Zdruûeno kraljestvo;GBR;osebni avtomobil;185;vozilo z dviûnimi vrati zadaj;COROLLA 
71;1205;6.7;0;TOYOTA;ZZE120L-DGMDKW(1G);COROLLA / 1.4;Zdruûeno kraljestvo;GBR;osebni avtomobil;185;vozilo z dviûnimi vrati zadaj;COROLLA 
71;1200;6.7;0;TOYOTA;E12UZZE120L-DGMDKW;COROLLA / 1.4;Zdruûeno kraljestvo;GBR;osebni avtomobil;185;vozilo z dviûnimi vrati zadaj;COROLLA 
71;1190;6.7;0;TOYOTA;ZZE120L-DEMDKW(1G);COROLLA / 1.4;Turcija;TUR;osebni avtomobil;185;limuzina;COROLLA 
71;1170;6.7;0;TOYOTA;ZZE120L-AHMDKW 1C;COROLLA / 1.4 /;Japonska ;JPN;osebni avtomobil;185;vozilo z dviûnimi vrati zadaj;COROLLA 
71;1160;6.7;0;TOYOTA;ZZE120L-AHMDKW(1C);COROLLA / 1.4;Japonska ;JPN;osebni avtomobil;185;vozilo z dviûnimi vrati zadaj;COROLLA 
71;1140;6.7;0;TOYOTA;ZZE120L-AHMDKW(1E);COROLLA / 1.4;Japonska ;JPN;osebni avtomobil;185;vozilo z dviûnimi vrati zadaj;COROLLA 
71;1135;6.7;0;TOYOTA;ZZE120L-AWMDNW(1A);COROLLA / 1.4 /;Japonska ;JPN;osebni avtomobil;185;limuzina;COROLLA 
71;1235;6.8;0;TOYOTA;E12J;COROLLA / 1.4;Japonska ;JPN;osebni avtomobil;185;vozilo z dviûnimi vrati zadaj;COROLLA 
71;1165;6.8;0;TOYOTA;ZZE111L-AGMNKW(2D);COROLLA / 1.4 /;Japonska ;JPN;osebni avtomobil;185;vozilo z dviûnimi vrati zadaj;COROLLA 
71;1325;6.9;0;TOYOTA;ZZE150L-DHMNKW(1A);AURIS / 1.4 /;Turcija;TUR;osebni avtomobil;170;vozilo z dviûnimi vrati zadaj;AURIS 
71;1295;6.9;0;TOYOTA;ZZE150L-DHMDKW(1C);AURIS / 1.4 /;Turcija;TUR;osebni avtomobil;170;vozilo z dviûnimi vrati zadaj;AURIS 
71;1180;7.7;0;SUZUKI;ETV02V-1;VITARA / 1.6 / 16V;äpanija;ESP;osebni avtomobil;150;limuzina;VITARA 
71;1140;7.7;0;SUZUKI;ET;VITARA / 1.6;Japonska ;JPN;osebni avtomobil;152;limuzina;VITARA 
71;1020;8.2;0;SUZUKI;ETA01V;VITARA / 1.6 /;Japonska ;JPN;osebni avtomobil;150;limuzina;VITARA 
71;1145;8.3;0;SUZUKI;ETA02V;VITARA / 1.6 / 16V;Japonska ;JPN;osebni avtomobil;150;limuzina;VITARA 
71.3;1139;5.8;0;KIA;DES111-511A;RIO / 1.4 /;Koreja. republika;KOR;osebni avtomobil;177;limuzina;RIO 
71.3;1154;5.9;0;KIA;DEM111-511A;RIO / 1.4 /;Koreja. republika;KOR;osebni avtomobil;173;vecnamensko vozilo;RIO 
71.3;1241;6.2;0;HYUNDAI;A5P11-M51AZ1;ACCENT / 1.4 /;Turcija;TUR;osebni avtomobil;177;limuzina;ACCENT 
71.3;1154;6.2;0;KIA;DEM111-511A;RIO / 1.4 /;Koreja. republika;KOR;osebni avtomobil;173;vecnamensko vozilo;RIO 
71.3;1218;6.7;0;HYUNDAI;F5P21-A41CZ1;GETZ / 1.4 / AUT.;Indija;IND;osebni avtomobil;167;vecnamensko vozilo;GETZ 
71.3;1218;6.7;0;HYUNDAI;E2-UXN;GETZ / 1.4 / AUT.;Koreja. republika;KOR;osebni avtomobil;167;vecnamensko vozilo;GETZ 
71.3;1263;6.9;0;HYUNDAI;A5P11-A41AZ1;ACCENT / 1.4 / AUT.;Turcija;TUR;osebni avtomobil;168;limuzina;ACCENT 
71.6;1610;7.7;1;LAND ROVER;LNAB-028;FREELANDER / 2.0 / XEdi;Zdruûeno kraljestvo;GBR;osebni avtomobil;157;karavan;FREELANDER 
72;1615;1;0;TOYOTA;XW5P(EU.M)/ZVW52(H)/ZVW52L-AHXEBW(2A);PRIUS / 1.8 / PLUG-IN Hybrid;Japonska ;JPN;osebni avtomobil;162;vozilo z dviûnimi vrati zadaj;PRIUS 
72;1470;3;0;TOYOTA;XW5(EU.M)/ZVW50(H)/ZVW50L-AHXEBW(3A);PRIUS / 1.8 / HIBRID CVT;Japonska ;JPN;osebni avtomobil;180;vozilo z dviûnimi vrati zadaj;PRIUS 
72;1470;3.3;0;TOYOTA;XW5(EU.M)/ZVW50(H)/ZVW50L-AHXEBW(7A);PRIUS / 1.8 / HIBRID CVT;Japonska ;JPN;osebni avtomobil;180;vozilo z dviûnimi vrati zadaj;PRIUS 
72;1495;3.4;0;TOYOTA;AX1T(EU.M)/ZYX10(H)/ZYX10L-AHXGBW(1B);C-HR / 1.8 / CVT HIBRID;Turcija;TUR;osebni avtomobil;170;vozilo z dviûnimi vrati zadaj;C-HR 
72;1455;3.4;0;TOYOTA;XW5(EU.M)/ZVW50(H)/ZVW50L-AHXEBW(1C);PRIUS / 1.8 / HIBRID CVT;Japonska ;JPN;osebni avtomobil;180;vozilo z dviûnimi vrati zadaj;PRIUS 
72;1520;3.8;0;TOYOTA;AX1T(EU.M)/ZYX10(H)/ZYX10L-AHXEBW(1B);C-HR / 1.8 / CVT HIBRID;Turcija;TUR;osebni avtomobil;170;vozilo z dviûnimi vrati zadaj;C-HR 
72;1515;3.8;0;TOYOTA;AX1T(EU.M)/ZYX10(H)/ZYX10L-AHXNBW(1A);C-HR / 1.8 / CVT HIBRID;Turcija;TUR;osebni avtomobil;170;vozilo z dviûnimi vrati zadaj;C-HR 
72;1510;3.8;0;TOYOTA;AX1T(EU.M)/ZYX10(H)/ZYX10L-AHXGBW(1B);C-HR / 1.8 / CVT HIBRID;Turcija;TUR;osebni avtomobil;170;vozilo z dviûnimi vrati zadaj;C-HR 
72;1503;3.8;0;TOYOTA;AX1T(EU.M)/ZYX10(H)/ZYX10L-AHXNBW(1B);C-HR / 1.8 / CVT HIBRID;Turcija;TUR;osebni avtomobil;170;vozilo z dviûnimi vrati zadaj;C-HR 
72;1525;3.9;0;TOYOTA;AX1T(EU.M)/ZYX10(H)/ZYX10L-AHXGBW(3A);C-HR / 1.8 / CVT HIBRID;Turcija;TUR;osebni avtomobil;170;vozilo z dviûnimi vrati zadaj;C-HR 
72;1495;3.9;0;TOYOTA;AX1T(EU.M)/ZYX10(H)/ZYX10L-AHXEBW(3A);C-HR / 1.8 / CVT HIBRID;Turcija;TUR;osebni avtomobil;170;vozilo z dviûnimi vrati zadaj;C-HR 
72;1125;4.3;0;NISSAN;E12-C01;NOTE / 1.2 /;Zdruûeno kraljestvo;GBR;osebni avtomobil;181;vecnamensko vozilo;NOTE 
72;1060;4.3;0;NISSAN;K13-B03;MICRA / 1.2 /;Indija;IND;osebni avtomobil;183;vecnamensko vozilo;MICRA 
72;1060;4.3;0;NISSAN;K13-B06;MICRA / 1.2 /;Indija;IND;osebni avtomobil;180;vecnamensko vozilo;MICRA 
72;1609;4.4;0;TOYOTA;XW5P(EU.M)/ZVW52(H)/ZVW52L-AHXEBW(1C);PRIUS / 1.8 / PLUG-IN Hybrid;Japonska ;JPN;osebni avtomobil;162;vozilo z dviûnimi vrati zadaj;PRIUS 
72;1607;4.4;0;TOYOTA;XW5P(EU.M)/ZVW52(H)/ZVW52L-AHXEBW(1E);PRIUS / 1.8 / PLUG-IN Hybrid;Japonska ;JPN;osebni avtomobil;162;vozilo z dviûnimi vrati zadaj;PRIUS 
72;1464;4.5;0;TOYOTA;ZE1HE(EU.M)/ZWE211(W)/ZWE211L-DWXNBW(1B);COROLLA / 1.8 / TS HIBRID CVT;Zdruûeno kraljestvo;GBR;osebni avtomobil;180;karavan;COROLLA 
72;1452;4.5;0;TOYOTA;ZE1HE(EU.M)/ZWE211(W)/ZWE211L-DWXDBW(2E);COROLLA / 1.8 / TS HIBRID CVT;Zdruûeno kraljestvo;GBR;osebni avtomobil;180;karavan;COROLLA 
72;1445;4.5;0;TOYOTA;ZE1HE(EU.M)/ZWE211(W)/ZWE211L-DWXDBW(1D);COROLLA / 1.8 / TS HIBRID CVT;Zdruûeno kraljestvo;GBR;osebni avtomobil;180;karavan;COROLLA 
72;1443;4.5;0;TOYOTA;ZE1HE(EU.M)/ZWE211(H)/ZWE211L-DHXDBW(1B);COROLLA / 1.8 / HIBRID CVT;Zdruûeno kraljestvo;GBR;osebni avtomobil;180;vozilo z dviûnimi vrati zadaj;COROLLA 
72;1434;4.5;0;TOYOTA;ZE1HE(EU.M)/ZWE211(H)/ZWE211L-DHXNBW(1E);COROLLA / 1.8 / HIBRID CVT;Zdruûeno kraljestvo;GBR;osebni avtomobil;180;vozilo z dviûnimi vrati zadaj;COROLLA 
72;1425;4.5;0;TOYOTA;ZE1HE(EU.M)/ZWE211(H)/ZWE211L-DHXNBW(1D);COROLLA / 1.8 / HIBRID CVT;Zdruûeno kraljestvo;GBR;osebni avtomobil;180;vozilo z dviûnimi vrati zadaj;COROLLA 
72;1310;4.6;0;HONDA;GR301-1;JAZZ / 1.5 / Hibrid;Japonska ;JPN;osebni avtomobil;175;vozilo z dviûnimi vrati zadaj;JAZZ 
72;1622;4.6;0;TOYOTA;XW5P(EU.M)/ZVW52(H)/ZVW52L-AHXEBW(1G);PRIUS / 1.8 / PLUG-IN Hybrid;Japonska ;JPN;osebni avtomobil;162;vozilo z dviûnimi vrati zadaj;PRIUS 
72;1462;4.6;0;TOYOTA;ZE1HE(EU.M)/ZWE211(W)/ZWE211L-DWXNBW(1E);COROLLA / 1.8 / TS HIBRID CVT;Zdruûeno kraljestvo;GBR;osebni avtomobil;180;karavan;COROLLA 
72;1329;4.8;0;HONDA;GR601-2;JAZZ / 1.5 / Hibrid / Cross;Japonska ;JPN;osebni avtomobil;175;vozilo z dviûnimi vrati zadaj;JAZZ 
72;1511;4.8;0;TOYOTA;AX1T(EU.M)/ZYX10(H)/ZYX10L-AHXEBW(1D);C-HR / 1.8 / CVT HIBRID;Turcija;TUR;osebni avtomobil;170;vozilo z dviûnimi vrati zadaj;C-HR 
72;1510;4.8;0;TOYOTA;AX1T(EU.M)/ZYX10(H)/ZYX10L-AHXGBW(1D);C-HR / 1.8 / CVT HIBRID;Turcija;TUR;osebni avtomobil;170;vozilo z dviûnimi vrati zadaj;C-HR 
72;1508;4.8;0;TOYOTA;AX1T(EU.M)/ZYX11(H)/ZYX11L-AHXKBW(1E);C-HR / 1.8 / CVT HIBRID;Turcija;TUR;osebni avtomobil;170;vozilo z dviûnimi vrati zadaj;C-HR 
72;1506;4.8;0;TOYOTA;AX1T(EU.M)/ZYX11(H)/ZYX11L-AHXEBW(1E);C-HR / 1.8 / CVT HIBRID;Turcija;TUR;osebni avtomobil;170;vozilo z dviûnimi vrati zadaj;C-HR 
72;1503;4.8;0;TOYOTA;AX1T(EU.M)/ZYX10(H)/ZYX10L-AHXNBW(1D);C-HR / 1.8 / CVT HIBRID;Turcija;TUR;osebni avtomobil;170;vozilo z dviûnimi vrati zadaj;C-HR 
72;1501;4.8;0;TOYOTA;AX1T(EU.M)/ZYX11(H)/ZYX11L-AHXNBW(1E);C-HR / 1.8 / CVT HIBRID;Turcija;TUR;osebni avtomobil;170;vozilo z dviûnimi vrati zadaj;C-HR 
72;1441;4.8;0;TOYOTA;ZE1HE(EU.M)/ZWE211(H)/ZWE211L-DHXNBW(1B);COROLLA / 1.8 / HIBRID CVT;Zdruûeno kraljestvo;GBR;osebni avtomobil;180;vozilo z dviûnimi vrati zadaj;COROLLA 
72;1005;4.8;0;TOYOTA;NGJ10L-BGFNGW(1B);iQ / 1.33 /;Japonska ;JPN;osebni avtomobil;170;kupe;iQ 
72;1520;4.9;0;TOYOTA;AX1T(EU.M)/ZYX10(H)/ZYX10L-AHXEBW(1B);C-HR / 1.8 / CVT HIBRID;Turcija;TUR;osebni avtomobil;170;vozilo z dviûnimi vrati zadaj;C-HR 
72;1514;4.9;0;TOYOTA;AX1T(EU.M)/ZYX10(H)/ZYX10L-AHXEBW(1C);C-HR / 1.8 / CVT HIBRID;Turcija;TUR;osebni avtomobil;170;vozilo z dviûnimi vrati zadaj;C-HR 
72;1510;4.9;0;TOYOTA;AX1T(EU.M)/ZYX10(H)/ZYX10L-AHXGBW(1C);C-HR / 1.8 / CVT HIBRID;Turcija;TUR;osebni avtomobil;170;vozilo z dviûnimi vrati zadaj;C-HR 
72;1503;4.9;0;TOYOTA;AX1T(EU.M)/ZYX10(H)/ZYX10L-AHXNBW(1B);C-HR / 1.8 / CVT HIBRID;Turcija;TUR;osebni avtomobil;170;vozilo z dviûnimi vrati zadaj;C-HR 
72;1501;4.9;0;TOYOTA;AX1T(EU.M)/ZYX11(H)/ZYX11L-AHXNBW(1F);C-HR / 1.8 / CVT HIBRID;Turcija;TUR;osebni avtomobil;170;vozilo z dviûnimi vrati zadaj;C-HR 
72;1500;4.9;0;TOYOTA;AX1T(EU.M)/ZYX11(H)/ZYX11L-AHXNBW(1G);C-HR / 1.8 / CVT HIBRID;Turcija;TUR;osebni avtomobil;170;vozilo z dviûnimi vrati zadaj;C-HR 
72;1499;4.9;0;TOYOTA;ZE1HE(EU.M)/ZWE211(W)/ZWE211L-DWXGBW(1B);COROLLA / 1.8 / TS HIBRID CVT;Zdruûeno kraljestvo;GBR;osebni avtomobil;180;karavan;COROLLA 
72;1487;4.9;0;TOYOTA;ZE1HE(EU.M)/ZWE211(W)/ZWE211L-DWXNBW(1B);COROLLA / 1.8 / TS HIBRID CVT;Zdruûeno kraljestvo;GBR;osebni avtomobil;180;karavan;COROLLA 
72;1484;4.9;0;TOYOTA;ZE1HE(EU.M)/ZWE211(W)/ZWE211L-DWXNBW(1D);COROLLA / 1.8 / TS HIBRID CVT;Zdruûeno kraljestvo;GBR;osebni avtomobil;180;karavan;COROLLA 
72;1466;4.9;0;TOYOTA;ZE1EE(EU.M)/ZWE211(E)/ZWE211L-DEXNBW(2D);COROLLA /1.8/ HIBRID CVT;Turcija;TUR;osebni avtomobil;180;limuzina;COROLLA 
72;1456;4.9;0;TOYOTA;ZE1EE(EU.M)/ZWE211(E)/ZWE211L-DEXNBW(1C);COROLLA / 1.8 / HIBRID CVT;Turcija;TUR;osebni avtomobil;180;limuzina;COROLLA 
72;1455;4.9;0;TOYOTA;ZE1HE(EU.M)/ZWE211(H)/ZWE211L-DHXNBW(1A);COROLLA / 1.8 / HIBRID CVT;Zdruûeno kraljestvo;GBR;osebni avtomobil;180;vozilo z dviûnimi vrati zadaj;COROLLA 
72;1455;4.9;0;TOYOTA;ZE1HE(EU.M)/ZWE211(H)/ZWE211L-DHXNBW(1B);COROLLA / 1.8 / HIBRID CVT;Zdruûeno kraljestvo;GBR;osebni avtomobil;180;vozilo za posebne namene;COROLLA 
72;1454;4.9;0;TOYOTA;ZE1EE(EU.M)/ZWE211(E)/ZWE211L-DEXNBW(1A);COROLLA / 1.8 / HIBRID CVT;Turcija;TUR;osebni avtomobil;180;limuzina;COROLLA 
72;1453;4.9;0;TOYOTA;ZE1HE(EU.M)/ZWE211(H)/ZWE211L-DHXGBW(1A);COROLLA / 1.8 / HIBRID CVT;Zdruûeno kraljestvo;GBR;osebni avtomobil;180;vozilo z dviûnimi vrati zadaj;COROLLA 
72;1453;4.9;0;TOYOTA;ZE1EE(EU.M)/ZWE211(E)/ZWE211L-DEXNBW(2B);COROLLA / 1.8 / HIBRID CVT;Turcija;TUR;osebni avtomobil;180;limuzina;COROLLA 
72;1450;4.9;0;TOYOTA;ZE1HE(EU.M)/ZWE211(H)/ZWE211L-DHXNBW(1E);COROLLA / 1.8 / HIBRID CVT;Zdruûeno kraljestvo;GBR;osebni avtomobil;180;vozilo z dviûnimi vrati zadaj;COROLLA 
72;1005;4.9;0;TOYOTA;NGJ10L-BGFNGW(1F);iQ / 1.33 /;Japonska ;JPN;osebni avtomobil;170;kupe;iQ 
72;1005;5.2;0;TOYOTA;NGJ10L-BGXNGW(1D);IQ / 1.33 / CVT;Japonska ;JPN;osebni avtomobil;170;kupe;IQ 
72;1155;5.4;0;MINI;SR31-5H000;ONE / /;Nemcija;DEU;osebni avtomobil;186;vozilo z dviûnimi vrati zadaj;ONE 
72;1145;5.4;0;MINI;SR31-J5;ONE / /;Nemcija;DEU;osebni avtomobil;186;vozilo z dviûnimi vrati zadaj;ONE 
72;1285;5.4;1;RENAULT;KA0N-05;MEGANE / 1.9 / DCI;Francija;FRA;osebni avtomobil;182;karavan;MEGANE 
72;1215;5.5;0;MINI;ZE31-A5;ONE CLUBMAN / /;Nemcija;DEU;osebni avtomobil;185;karavan;ONE CLUBMAN 
72;1365;5.6;1;RENAULT;JA;MEGANE / SCENIC / 1.9 / DTI;Francija;FRA;osebni avtomobil;174;vozilo z dviûnimi vrati zadaj;MEGANE 
72;1140;5.6;1;RENAULT;BA-0NM;MEGANE / 1.9;Francija;FRA;osebni avtomobil;168;limuzina;MEGANE 
72;1340;5.7;0;MINI;ZA31-6H1500C0;ONE COUNTRYMAN / /;Nemcija;DEU;osebni avtomobil;175;karavan;ONE COUNTRYMAN 
72;1235;5.7;0;MINI;ZM31-J5;ONE CABRIO / /;Nemcija;DEU;osebni avtomobil;181;kabriolet;ONE CABRIO 
72;1365;5.9;1;RENAULT;JA0N-N5;MEGANE / SCENIC 1.9 / DTI;Francija;FRA;osebni avtomobil;174;vozilo z dviûnimi vrati zadaj;MEGANE 
72;1346;6.3;0;PEUGEOT;4C8FR0/1;308 / 1.4 / i;Francija;FRA;osebni avtomobil;182;vecnamensko vozilo;308
72;1185;6.4;0;MINI;SR31-5K;ONE / / AUT.;Nemcija;DEU;osebni avtomobil;181;vozilo z dviûnimi vrati zadaj;ONE 
72;1000;6.5;0;RENAULT;BB0POG;CLIO / 1.4 / 16V;Francija;FRA;osebni avtomobil;186;vozilo z dviûnimi vrati zadaj;CLIO 
72;980;6.5;0;RENAULT;CB0L0F;CLIO / 1.4 / 16V;Francija;FRA;osebni avtomobil;181;vozilo z dviûnimi vrati zadaj;CLIO 
72;1390;6.6;0;RENAULT;CRCA0H;CLIO / 1.4;Francija;FRA;osebni avtomobil;183;vozilo z dviûnimi vrati zadaj;CLIO 
72;1220;6.6;0;RENAULT;BR1A0H;CLIO / 1.4 / 16V;Francija;FRA;osebni avtomobil;183;vozilo z dviûnimi vrati zadaj;CLIO 
72;1210;6.6;0;RENAULT;CR1A0H;CLIO / 1.4;Francija;FRA;osebni avtomobil;183;vozilo z dviûnimi vrati zadaj;CLIO 
72;1395;6.7;0;CITROEN;7J5FK0/1;BERLINGO / 1.6 / i 16V;Francija;FRA;osebni avtomobil;166;karavan;BERLINGO 
72;1265;6.7;0;NISSAN;N16-R01;ALMERA / 1.5 /;Zdruûeno kraljestvo;GBR;osebni avtomobil;177;vozilo z dviûnimi vrati zadaj;ALMERA 
72;1262;6.7;0;NISSAN;N16-R03;ALMERA / 1.5 /;Zdruûeno kraljestvo;GBR;osebni avtomobil;177;vozilo z dviûnimi vrati zadaj;ALMERA 
72;1253;6.7;0;NISSAN;N16-K03;ALMERA / 1.5;Zdruûeno kraljestvo;GBR;osebni avtomobil;177;limuzina;ALMERA 
72;1245;6.7;0;NISSAN;N16-N01;ALMERA / 1.5;Japonska ;JPN;osebni avtomobil;177;vozilo z dviûnimi vrati zadaj;ALMERA 
72;1245;6.7;0;NISSAN;N16-N03;ALMERA / 1.5;Zdruûeno kraljestvo;GBR;osebni avtomobil;177;vozilo z dviûnimi vrati zadaj;ALMERA 
72;1650;6.7;0;RENAULT;JP0J05;MODUS / 1.4;Francija;FRA;osebni avtomobil;177;vecnamensko vozilo;MODUS 
72;1235;6.7;0;RENAULT;JP0A05;MODUS / 1.4;Francija;FRA;osebni avtomobil;177;vecnamensko vozilo;MODUS 
72;1235;6.7;0;RENAULT;JP0J05;MODUS / 1.4;Francija;FRA;osebni avtomobil;177;vozilo z dviûnimi vrati zadaj;MODUS 
72;1075;6.7;0;RENAULT;BB0PEG;CLIO / 1.4;Francija;FRA;osebni avtomobil;186;vozilo z dviûnimi vrati zadaj;CLIO 
72;1075;6.7;0;RENAULT;BB0P0G;CLIO / 1.4 / 16V;Slovenija;SVN;osebni avtomobil;186;vozilo z dviûnimi vrati zadaj;CLIO 
72;1055;6.7;0;RENAULT;CB0PEG;CLIO / 1.4;Francija;FRA;osebni avtomobil;186;vozilo z dviûnimi vrati zadaj;CLIO 
72;1000;6.7;0;RENAULT;BB0PEG;CLIO / 1.4;Francija;FRA;osebni avtomobil;186;vozilo z dviûnimi vrati zadaj;CLIO 
72;980;6.7;0;RENAULT;CB0P0G;CLIO / 1.4 / 16V;Francija;FRA;osebni avtomobil;186;vozilo z dviûnimi vrati zadaj;CLIO 
72;1280;6.8;0;MITSUBISHI;CS311-ABAAA5A5;LANCER / 1.6 /;Japonska ;JPN;osebni avtomobil;183;limuzina;LANCER 
72;1260;6.8;0;MITSUBISHI;CS311-ABAAA5A5;LANCER / 1.6;Japonska ;JPN;osebni avtomobil;183;limuzina;LANCER 
72;1260;6.8;0;MITSUBISHI;CS311-ABAAA5A5;MITSUBISHI / LANCER / 1.6 /;Japonska ;JPN;osebni avtomobil;183;limuzina;MITSUBISHI 
72;1265;6.8;0;RENAULT;LM0B0H;MEGANE / SEDAN 1.4;Francija;FRA;osebni avtomobil;185;limuzina;MEGANE 
72;1240;6.8;0;RENAULT;BM0B0H;MEGANE / 1.4;Francija;FRA;osebni avtomobil;183;vozilo z dviûnimi vrati zadaj;MEGANE 
72;1220;6.8;0;RENAULT;CM0B0H;MEGANE / 1.4 / 16V;Francija;FRA;osebni avtomobil;183;vozilo z dviûnimi vrati zadaj;MEGANE 
72;1265;6.9;0;RENAULT;LM1S0H;MEGANE / SEDAN 1.4 / 16V;Francija;FRA;osebni avtomobil;185;limuzina;MEGANE 
72;1240;6.9;0;RENAULT;BM1S0H;MEGANE / 1.4 / 16V;Francija;FRA;osebni avtomobil;183;vozilo z dviûnimi vrati zadaj;MEGANE 
72;1220;6.9;0;RENAULT;CM1S0H;MEGANE / 1.4 / 16V;Francija;FRA;osebni avtomobil;183;vozilo z dviûnimi vrati zadaj;MEGANE 
72;1480;7.1;0;CITROEN;7J5FK0;BERLINGO / 1.6 / i 16V;Francija;FRA;osebni avtomobil;162;vecnamensko vozilo;BERLINGO 
72;1480;7.1;0;PEUGEOT;7J5FK0;PARTNER / 1.6 / i 16V;Francija;FRA;osebni avtomobil;162;vecnamensko vozilo;PARTNER 
72;1260;7.2;0;MITSUBISHI;DG311-5BB336685;SPACE STAR / 1.6;Nizozemska;NLD;osebni avtomobil;180;vozilo z dviûnimi vrati zadaj;SPACE STAR 
72;1260;7.2;0;MITSUBISHI;DG311-5BB336685;SPACE STAR / 1.6 /;Nizozemska;NLD;osebni avtomobil;180;karavan;SPACE STAR 
72;1250;7.2;0;MITSUBISHI;DG311-5AA336685;SPACE STAR / 1.6;Nizozemska;NLD;osebni avtomobil;180;karavan;SPACE STAR 
72;1390;7.2;0;RENAULT;JM1S0H;SCENIC / 1.4 / 16V;Francija;FRA;osebni avtomobil;174;vecnamensko vozilo;SCENIC 
72;1115;7.2;0;RENAULT;BB;CLIO / 1.4;Francija;FRA;osebni avtomobil;158;vozilo z dviûnimi vrati zadaj;CLIO 
72;1072;7.3;0;KIA;DCH3-1216;RIO / 1.5;Koreja. republika;KOR;osebni avtomobil;175;vozilo z dviûnimi vrati zadaj;RIO 
72;1395;7.3;0;RENAULT;JM0BCH;SCENIC / 1.4 / 16V;Francija;FRA;osebni avtomobil;174;vecnamensko vozilo;SCENIC 
72;1125;7.3;0;RENAULT;BB1LEA;CLIO / 1.4;Francija;FRA;osebni avtomobil;181;vozilo z dviûnimi vrati zadaj;CLIO 
72;1395;7.4;0;RENAULT;JM1SCH;SCENIC / 1.4;Francija;FRA;osebni avtomobil;174;vecnamensko vozilo;SCENIC 
72;1185;7.5;0;MAZDA;BJ14M2;323 / F 1.6 / i 16V;Japonska ;JPN;osebni avtomobil;182;vozilo z dviûnimi vrati zadaj;323
72;1240;7.5;0;RENAULT;M;MEGANE / 1.4;Francija;FRA;osebni avtomobil;183;vozilo z dviûnimi vrati zadaj;MEGANE 
72;1555;7.7;1;LAND ROVER;LNAAB8;FREELANDER / 2.0 / XEDI;Zdruûeno kraljestvo;GBR;osebni avtomobil;157;limuzina;FREELANDER 
72;1555;7.8;1;LAND ROVER;LN;FREELANDER / 2.0 / D / TURBO;Zdruûeno kraljestvo;GBR;osebni avtomobil;157;limuzina;FREELANDER 
72;1015;9.3;0;VOLKSWAGEN;155-2H;GOLF / CABRIO 1.8;Nemcija;DEU;osebni avtomobil;166;kabriolet;GOLF 
73;1813;10.3;1;MITSUBISHI;VD21-SDDAAN735;PAJERO / 2.5 / TD;Japonska ;JPN;osebni avtomobil;147;limuzina;PAJERO 
73;1765;10.3;1;MITSUBISHI;VE21-SDDAAN73;PAJERO / 2.5 /  TD;Japonska ;JPN;osebni avtomobil;147;limuzina;PAJERO 
73;1334;10.5;0;CITROEN;DS4BCDS20;DS / 20 / PALLAS;Francija;FRA;osebni avtomobil;169;limuzina;DS 
73;1820;10.5;1;HYUNDAI;JK-T01;GALLOPER / 2.5 / TDI;Koreja. republika;KOR;osebni avtomobil;136;karavan;GALLOPER 
73;1765;10.5;1;MITSUBISHI;V20;PAJERO / 2.5 / TDI;Japonska ;JPN;osebni avtomobil;147;limuzina;PAJERO 
73;1958;10.8;1;HYUNDAI;T01H221-L1BGMB1A1;GALLOPER / 2.5 / TDI;Koreja. Demokraticna ljudska republika;PRK;osebni avtomobil;140;karavan;GALLOPER 
73;1820;10.8;1;HYUNDAI;H221-L1BGMB1A2;GALLOPER / 2.5 / TDI;Koreja. republika;KOR;osebni avtomobil;140;limuzina;GALLOPER 
73;1820;10.8;1;HYUNDAI;JKT01-H221;GALLOPER / 2.5 / TDI;Koreja. republika;KOR;osebni avtomobil;136;karavan;GALLOPER 
73;1820;10.8;1;HYUNDAI;JKT01-H221;GALLOPER / 2.5;Koreja. republika;KOR;osebni avtomobil;136;limuzina;GALLOPER 
73;2020;10.8;1;MITSUBISHI;VE21-LMMEBN637;PAJERO / 2.5 / TD GL LWB;Japonska ;JPN;osebni avtomobil;145;limuzina;PAJERO 
73;1998;10.8;1;MITSUBISHI;VD21-LMMEBN637;PAJERO / 2.5 / TD GL LWB;Japonska ;JPN;osebni avtomobil;145;vecnamensko vozilo;PAJERO 
73;1923;10.8;1;MITSUBISHI;V20VE21-LMMEBN637;PAJERO / 2.5 / TD;Japonska ;JPN;osebni avtomobil;147;limuzina;PAJERO 
73;1923;10.8;1;MITSUBISHI;V20VD21-LMMEBN637 V44W;PAJERO / 2.5 / TD;Japonska ;JPN;osebni avtomobil;145;limuzina;PAJERO 
73;1818;10.8;1;MITSUBISHI;VE21-SDDAAN735;PAJERO / 2.5 /  TD;Japonska ;JPN;osebni avtomobil;147;limuzina;PAJERO 
73;1813;10.8;1;MITSUBISHI;VE21-SDDAAN735;PAJERO / 2.5 / TD GL;Japonska ;JPN;osebni avtomobil;147;karavan;PAJERO 
73;1813;10.8;1;MITSUBISHI;VE21-SDDAAN735;PAJERO / 2.5 / TD GL;Japonska ;JPN;osebni avtomobil;147;limuzina;PAJERO 
73;1743;10.8;1;MITSUBISHI;V20VE21SDDAAN735;PAJERO / 2.5 / TD;Japonska ;JPN;osebni avtomobil;147;limuzina;PAJERO 
73;2095;10.9;1;HYUNDAI;H221-L2BHMB2B2;GALLOPER / 2.5 / TDI;Koreja. republika;KOR;osebni avtomobil;140;limuzina;GALLOPER 
73;2095;10.9;1;HYUNDAI;JKT01-H221;GALLOPER / 2.5 / TDI;Koreja. republika;KOR;osebni avtomobil;136;karavan;GALLOPER 
73;1865;10.9;1;HYUNDAI;JK-T01;GALLOPER / 2.5;Koreja. republika;KOR;osebni avtomobil;136;limuzina;GALLOPER 
73;1820;10.9;1;HYUNDAI;JK-T01;GALLOPER / 2.5 / TDI;Koreja. Demokraticna ljudska republika;PRK;osebni avtomobil;136;karavan;GALLOPER 
73;1820;10.9;1;HYUNDAI;JKT01-H221;GALLOPER / 2.5 / TDI;Koreja. republika;KOR;osebni avtomobil;136;limuzina;GALLOPER 
73;1915;10.9;1;MITSUBISHI;V60V6221-SBBAAS535;PAJERO / 2.5 / TD;Japonska ;JPN;osebni avtomobil;150;limuzina;PAJERO 
73;1800;10.9;1;MITSUBISHI;V24;PAJERO / 2.5 /  TD;Japonska ;JPN;osebni avtomobil;147;limuzina;PAJERO 
73;1700;10.9;1;MITSUBISHI;V20;PAJERO / 2.5 TD;Japonska ;JPN;osebni avtomobil;147;limuzina;PAJERO 
73;1820;11.1;1;HYUNDAI;JKT01-H221;GALLOPER / 2.5 / TDI;Koreja. republika;KOR;osebni avtomobil;136;karavan;GALLOPER 
73;1820;11.2;1;HYUNDAI;JKT01-H221;GALLOPER / 2.5;Koreja. republika;KOR;osebni avtomobil;136;limuzina;GALLOPER 
73;2003;11.3;1;MITSUBISHI;VD21-LPPEBN667V44WGPAJE;PAJERO / 2.5 / TD;Japonska ;JPN;osebni avtomobil;145;vecnamensko vozilo;PAJERO 
73;1998;11.3;1;MITSUBISHI;VD21-LMMEBN637;PAJERO / 2.5 / TD GL LWB;Japonska ;JPN;osebni avtomobil;145;limuzina;PAJERO 
73;1998;11.3;1;MITSUBISHI;V20VD21-LMMEBN637;PAJERO / 2.5 / TD GL LWB;Japonska ;JPN;osebni avtomobil;145;vecnamensko vozilo;PAJERO 
73;1940;11.3;1;MITSUBISHI;VD21-LMMEBN637;PAJERO / 2.5 / TD GL LWB;Japonska ;JPN;osebni avtomobil;145;vecnamensko vozilo;PAJERO 
73;1830;11.5;1;HYUNDAI;JK-T01;GALLOPER / 2.5;Koreja. republika;KOR;osebni avtomobil;136;limuzina;GALLOPER 
73;1820;11.5;1;HYUNDAI;JK-T01;GALLOPER / 2.5 TCI;Koreja. republika;KOR;osebni avtomobil;136;limuzina;GALLOPER 
73;2078;11.5;1;MITSUBISHI;VD21-LPPEBN667;PAJERO / 2.5 / TD GL LWB;Japonska ;JPN;osebni avtomobil;145;limuzina;PAJERO 
73;2095;11.56;1;HYUNDAI;H221-L2BHMB2A2;GALLOPER / 2.5 / TDI;Koreja. republika;KOR;osebni avtomobil;140;limuzina;GALLOPER 
73;1998;11.7;1;MITSUBISHI;VD21-LMMEBN637;PAJERO / 2.5 / TD GL LWB;Japonska ;JPN;osebni avtomobil;145;vecnamensko vozilo;PAJERO 
73;1513;2.1;0;TOYOTA;ZVW35L-BHXEBW(1F);PRIUS / 1.8 / PLUG-IN Hybrid;Japonska ;JPN;osebni avtomobil;180;vozilo z dviûnimi vrati zadaj;PRIUS 
73;1500;2.1;0;TOYOTA;ZVW35L-BHXEBW(1D);PRIUS / 1.8 / PLUG-IN;Japonska ;JPN;osebni avtomobil;180;vozilo z dviûnimi vrati zadaj;PRIUS 
73;1280;3.3;1;CITROEN;NCBHY6/2S;C4 / 1.6 / HDI;Francija;FRA;osebni avtomobil;180;vozilo z dviûnimi vrati zadaj;C4 
73;1262;3.4;1;CITROEN;0BBHY3-C2F000;C4 CACTUS / 1.6 / HDI;Francija;FRA;osebni avtomobil;184;vozilo z dviûnimi vrati zadaj;C4 CACTUS 
73;1240;3.4;1;CITROEN;0BBHYH-C2D000;C4 CACTUS / 1.6 / HDI;Francija;FRA;osebni avtomobil;184;vozilo z dviûnimi vrati zadaj;C4 CACTUS 
73;1160;3.4;1;CITROEN;SABHY6/S;DS3 / 1.6 / HDI;Francija;FRA;osebni avtomobil;190;vozilo z dviûnimi vrati zadaj;DS3 
73;1160;3.4;1;CITROEN;SCBHY6/S;C3 / 1.6 / HDI;Francija;FRA;osebni avtomobil;189;vozilo z dviûnimi vrati zadaj;C3 
73;1165;3.4;1;PEUGEOT;CCBHY6/S;208 / 1.6 / HDI;Francija;FRA;osebni avtomobil;187;vozilo z dviûnimi vrati zadaj;208
73;1240;3.5;1;CITROEN;0BBHY3-C2B000;C4 CACTUS / 1.6 / HDI;Francija;FRA;osebni avtomobil;184;vozilo z dviûnimi vrati zadaj;C4 CACTUS 
73;1265;3.5;1;PEUGEOT;CUBHYK/S;2008 / 1.6 / HDI;Francija;FRA;osebni avtomobil;183;karavan;2008
73;1150;3.5;1;PEUGEOT;CCBHY6;208 / 1.6 / HDI;Francija;FRA;osebni avtomobil;187;vozilo z dviûnimi vrati zadaj;208
73;1490;3.5;0;TOYOTA;HE15U(a)/ZWE186(W)/ZWE186L-DWXDBW(4W);AURIS / 1.8 / TS HIBRID CVT;Zdruûeno kraljestvo;GBR;osebni avtomobil;175;vecnamensko vozilo;AURIS 
73;1470;3.5;0;TOYOTA;HE15U(a)/ZWE186(H)/ZWE186L-DHXDBW(8W);AURIS / 1.8 / HIBRID CVT;Zdruûeno kraljestvo;GBR;osebni avtomobil;180;vecnamensko vozilo;AURIS 
73;1385;3.5;0;TOYOTA;HE15U(a)/ZWE186(H)/ZWE186L-DHXDBW(4W);AURIS / 1.8 / HIBRID CVT;Zdruûeno kraljestvo;GBR;osebni avtomobil;180;vecnamensko vozilo;AURIS 
73;1275;3.6;1;CITROEN;NCBHY6/1;C4 / 1.6 / HDI;Francija;FRA;osebni avtomobil;180;vozilo z dviûnimi vrati zadaj;C4 
73;1225;3.6;1;CITROEN;0BBHYB-C2A000;C4 CACTUS / 1.6 / HDI;Francija;FRA;osebni avtomobil;184;vozilo z dviûnimi vrati zadaj;C4 CACTUS 
73;1218;3.6;1;CITROEN;0BBHY3-C2F000;C4 CACTUS / 1.6 / HDI;Francija;FRA;osebni avtomobil;184;vozilo z dviûnimi vrati zadaj;C4 CACTUS 
73;1278;3.6;1;OPEL;EA0FHBB12-BA1F3PCRA5;CROSSLAND X / 1.6 / CDTI;Nemcija;DEU;osebni avtomobil;180;vecnamensko vozilo;CROSSLAND X 
73;1432;3.6;1;PEUGEOT;LCBHYB-R2F000;308 / BREAK 1.6 / HDI;Francija;FRA;osebni avtomobil;184;vecnamensko vozilo;308
73;1270;3.6;1;PEUGEOT;CUBHYM/1PS;2008 / 1.6 / HDI AUT.;Francija;FRA;osebni avtomobil;180;karavan;2008
73;1255;3.6;1;PEUGEOT;CUBHY6/S;2008 / 1.6 / HDI;Francija;FRA;osebni avtomobil;180;karavan;2008
73;1235;3.6;1;PEUGEOT;LBBHYB-C2F000;308 / 1.6 / HDI;Francija;FRA;osebni avtomobil;186;vozilo z dviûnimi vrati zadaj;308
73;1490;3.6;0;TOYOTA;HE15U(a)/ZWE186(W)/ZWE186L-DWXNBW(2V);AURIS / 1.8 / TS HIBRID CVT;Zdruûeno kraljestvo;GBR;osebni avtomobil;175;vecnamensko vozilo;AURIS 
73;1480;3.6;0;TOYOTA;HE15U(a)/ZWE186(H)/ZWE186L-DHXGBW(2V);AURIS / 1.8 / HIBRID CVT;Zdruûeno kraljestvo;GBR;osebni avtomobil;180;vecnamensko vozilo;AURIS 
73;1470;3.6;0;TOYOTA;HE15U(a)/ZWE186(H)/ZWE186L-DHXNBW(2W);AURIS / 1.8 / HIBRID CVT;Zdruûeno kraljestvo;GBR;osebni avtomobil;180;vecnamensko vozilo;AURIS 
73;1410;3.6;0;TOYOTA;HE15U(a)/ZWE186(W)/ZWE186L-DWXNBW(9V);AURIS / 1.8 / TS HIBRID CVT;Zdruûeno kraljestvo;GBR;osebni avtomobil;175;vecnamensko vozilo;AURIS 
73;1385;3.6;0;TOYOTA;HE15U(a)/ZWE186(H)/ZWE186L-DHXNBW(9W);AURIS / 1.8 / HIBRID CVT;Zdruûeno kraljestvo;GBR;osebni avtomobil;180;vecnamensko vozilo;AURIS 
73;1218;3.7;1;CITROEN;0BBHY3-C2B000;C4 CACTUS / 1.6 / HDI;Francija;FRA;osebni avtomobil;184;vozilo z dviûnimi vrati zadaj;C4 CACTUS 
73;1165;3.7;1;CITROEN;SXBHY6/A0S;C3 / 1.6 / HDI;Francija;FRA;osebni avtomobil;185;vozilo z dviûnimi vrati zadaj;C3 
73;1275;3.7;1;PEUGEOT;LCBHYB-R2B000;308 / BREAK 1.6 / HDI;Francija;FRA;osebni avtomobil;179;vecnamensko vozilo;308
73;1235;3.7;1;PEUGEOT;LBBHYB-C2B000;308 / 1.6 / HDI;Francija;FRA;osebni avtomobil;181;vozilo z dviûnimi vrati zadaj;308
73;1235;3.7;1;PEUGEOT;CUBHY6;2008 / 1.6 / HDI;Francija;FRA;osebni avtomobil;180;karavan;2008
73;1410;3.7;0;TOYOTA;ZWE186L-DWXNBW(BS);AURIS / 1.8 / TS HIBRID CVT;Zdruûeno kraljestvo;GBR;osebni avtomobil;175;vecnamensko vozilo;AURIS 
73;1395;3.8;1;CITROEN;3ABHY6/1S;C4 PICASSO / 1.6 / HDI;Francija;FRA;osebni avtomobil;176;vecnamensko vozilo;C4 PICASSO 
73;1371;3.8;1;CITROEN;3DBHY6/1S;C4 PICASSO / 1.6 / HDI;Francija;FRA;osebni avtomobil;176;karavan;C4 PICASSO 
73;1315;3.8;1;CITROEN;SHBHY6;C3 PICASSO / 1.6 / HDI;Francija;FRA;osebni avtomobil;179;vecnamensko vozilo;C3 PICASSO 
73;1275;3.8;1;CITROEN;NCBHY6;C4 / 1.6 / HDI;Francija;FRA;osebni avtomobil;177;vozilo z dviûnimi vrati zadaj;C4 
73;1186;3.8;1;CITROEN;DDBHY6/1;C-ELYSEE / 1.6 / HDI;Francija;FRA;osebni avtomobil;183;limuzina;C-ELYSEE 
73;1165;3.8;1;CITROEN;DDBHY6/1;C-ELYSEE / 1.6 / HDI;Francija;FRA;osebni avtomobil;180;limuzina;C-ELYSEE 
73;1150;3.8;1;CITROEN;0BBHYB-C2A000;C4 CACTUS / 1.6 / HDI;Francija;FRA;osebni avtomobil;184;vozilo z dviûnimi vrati zadaj;C4 CACTUS 
73;1515;3.8;0;LEXUS;A10(a)/ZWA10(H)/ZWA10L-AHXBBW(1F);LEXUS CT200h / 1.8 / CVT;Japonska ;JPN;osebni avtomobil;180;vozilo z dviûnimi vrati zadaj;LEXUS CT200h 
73;1485;3.8;0;LEXUS;ZWA10L-AHXEBW(1A);LEXUS CT200h / 1.8 / CVT;Japonska ;JPN;osebni avtomobil;180;vozilo z dviûnimi vrati zadaj;LEXUS CT200h 
73;1186;3.8;1;PEUGEOT;DDBHY6/1;301 / 1.6 / HDI;Francija;FRA;osebni avtomobil;183;limuzina;301
73;1165;3.8;1;PEUGEOT;DDBHY6/1;301 / 1.6 / HDI;Francija;FRA;osebni avtomobil;180;limuzina;301
73;1495;3.8;0;TOYOTA;ZWE150L-DHXNBW(2N);AURIS / 1.8 / CVT;Zdruûeno kraljestvo;GBR;osebni avtomobil;180;vecnamensko vozilo;AURIS 
73;1475;3.8;0;TOYOTA;ZWE186L-DWXNBW(2R);AURIS / 1.8 / TS HIBRID CVT;Zdruûeno kraljestvo;GBR;osebni avtomobil;175;vecnamensko vozilo;AURIS 
73;1470;3.8;0;TOYOTA;ZWE186L-DHXNBW(1R);AURIS / 1.8 / HIBRID CVT;Zdruûeno kraljestvo;GBR;osebni avtomobil;180;vecnamensko vozilo;AURIS 
73;1465;3.8;0;TOYOTA;ZWE150L-DHXNBW(2P);AURIS / 1.8 / CVT;Zdruûeno kraljestvo;GBR;osebni avtomobil;180;vecnamensko vozilo;AURIS 
73;1455;3.8;0;TOYOTA;ZWE150L-DHXNBW(2M);AURIS / 1.8 / CVT;Zdruûeno kraljestvo;GBR;osebni avtomobil;180;vecnamensko vozilo;AURIS 
73;1455;3.8;0;TOYOTA;ZWE150L-DHXNBW(1K);AURIS / 1.8 / CVT;Japonska ;JPN;osebni avtomobil;180;vozilo za posebne namene;AURIS 
73;1315;3.9;1;CITROEN;SHBHY6;C3 PICASSO / 1.6 / HDI;Francija;FRA;osebni avtomobil;179;vecnamensko vozilo;C3 PICASSO 
73;1165;3.9;1;CITROEN;DDBHY6;C-ELYSEE / 1.6 / HDI;Francija;FRA;osebni avtomobil;183;limuzina;C-ELYSEE 
73;1278;3.9;1;OPEL;EA0FHBA12-BA1F2PCYJ5;CROSSLAND X / 1.6 / CDTI;Nemcija;DEU;osebni avtomobil;180;vecnamensko vozilo;CROSSLAND X 
73;1480;3.9;0;TOYOTA;ZWE186L-DHXGBW(2Q);AURIS / 1.8 / HIBRID CVT;Zdruûeno kraljestvo;GBR;osebni avtomobil;180;vecnamensko vozilo;AURIS 
73;1470;3.9;0;TOYOTA;HE15U(a)/ZWE186(H)/ZWE186L-DHXSBW(1W);AURIS / 1.8 / HIBRID CVT;Zdruûeno kraljestvo;GBR;osebni avtomobil;180;vecnamensko vozilo;AURIS 
73;1460;3.9;0;TOYOTA;ZVW30L-AHXEBW(2E);PRIUS / 1.8 / HIBRID CVT;Japonska ;JPN;osebni avtomobil;180;vozilo z dviûnimi vrati zadaj;PRIUS 
73;1445;3.9;0;TOYOTA;ZVW30L-AHXEBW(2A);PRIUS / 1.8 / CVT;Japonska ;JPN;osebni avtomobil;180;vozilo z dviûnimi vrati zadaj;PRIUS 
73;1410;3.9;0;TOYOTA;ZWE186L-DWXNBW(5S);AURIS / 1.8 / TS HIBRID CVT;Zdruûeno kraljestvo;GBR;osebni avtomobil;175;vecnamensko vozilo;AURIS 
73;1660;4.1;1;CITROEN;7JBHY6/3S;BERLINGO / 1.6 / HDI;Francija;FRA;osebni avtomobil;166;vozilo z dostopom za invalidski vozicek;BERLINGO 
73;1458;4.1;1;CITROEN;7JBHY6/3S;BERLINGO / 1.6 / HDI;Francija;FRA;osebni avtomobil;166;karavan;BERLINGO 
73;1540;4.1;0;LEXUS;ZWA10L-AHXBBW(3A);LEXUS CT200h / 1.8 / CVT;Japonska ;JPN;osebni avtomobil;180;vozilo z dviûnimi vrati zadaj;LEXUS CT200h 
73;1496;4.1;1;PEUGEOT;7SBHY6/3S;PARTNER / 1.6 / HDI;Francija;FRA;osebni avtomobil;166;vecnamensko vozilo;PARTNER 
73;1458;4.1;1;PEUGEOT;7JBHY6/3S;PARTNER / 1.6 / HDI;Francija;FRA;osebni avtomobil;166;karavan;PARTNER 
73;1605;4.1;0;TOYOTA;ZVW40L-AWXEBW(1A);PRIUS PLUS / 1.8 / CVT;Japonska ;JPN;osebni avtomobil;165;vecnamensko vozilo;PRIUS PLUS 
73;1575;4.1;0;TOYOTA;XW3(a)/ZVW40(W)/ZVW40L-AWXEBW(1M);PRIUS PLUS / 1.8 / HIBRID CVT;Japonska ;JPN;osebni avtomobil;165;vecnamensko vozilo;PRIUS PLUS 
73;1490;4.1;0;TOYOTA;HE15U(a)/ZWE186(W)/ZWE186L-DWXDBW(2W);AURIS / 1.8 / TS HIBRID CVT;Zdruûeno kraljestvo;GBR;osebni avtomobil;175;vecnamensko vozilo;AURIS 
73;1470;4.1;0;TOYOTA;HE15U(a)/ZWE186(H)/ZWE186L-DHXDBW(2W);AURIS / 1.8 / HIBRID CVT;Zdruûeno kraljestvo;GBR;osebni avtomobil;180;vecnamensko vozilo;AURIS 
73;1461;4.1;0;TOYOTA;HE15U(a)/ZWE186(H)/ZWE186L-DHXGBW(1X);AURIS / 1.8 / HIBRID CVT;Zdruûeno kraljestvo;GBR;osebni avtomobil;180;vecnamensko vozilo;AURIS 
73;1457;4.1;0;TOYOTA;HE15U(a)/ZWE186(H)/ZWE186L-DHXSBW(1X);AURIS / 1.8 / HIBRID CVT;Zdruûeno kraljestvo;GBR;osebni avtomobil;180;vecnamensko vozilo;AURIS 
73;1474;4.2;1;CITROEN;7JBHYM/3PS;BERLINGO / 1.6 / HDI AUT.;Francija;FRA;osebni avtomobil;171;karavan;BERLINGO 
73;1474;4.2;1;CITROEN;7JBHYM/3PS;BERLINGO / 1.6 / HDI AUT.;Francija;FRA;osebni avtomobil;171;vozilo za posebne namene;BERLINGO 
73;1449;4.2;1;CITROEN;7JBHY6/2S;BERLINGO / 1.6 / HDI;Francija;FRA;osebni avtomobil;162;karavan;BERLINGO 
73;1502;4.2;0;LEXUS;A10(a)/ZWA10(H)/ZWA10L-AHXBBW(1H);LEXUS CT200h / 1.8 / CVT;Japonska ;JPN;osebni avtomobil;180;vozilo z dviûnimi vrati zadaj;LEXUS CT200h 
73;1474;4.2;1;PEUGEOT;7JBHYM/3PS;PARTNER / 1.6 / HDI AUT.;Francija;FRA;osebni avtomobil;171;karavan;PARTNER 
73;1468;4.2;0;TOYOTA;HE15U(a)/ZWE186(W)/ZWE186L-DWXDBW(8X);AURIS / 1.8 / TS HIBRID CVT;Zdruûeno kraljestvo;GBR;osebni avtomobil;175;vecnamensko vozilo;AURIS 
73;1648;4.3;1;CITROEN;7JBHY6/3;BERLINGO / 1.6 / HDI;Francija;FRA;osebni avtomobil;166;vozilo z dostopom za invalidski vozicek;BERLINGO 
73;1530;4.3;1;CITROEN;7JBHY6/3;BERLINGO / 1.6 / HDI;Francija;FRA;osebni avtomobil;166;vozilo za posebne namene;BERLINGO 
73;1496;4.3;1;CITROEN;7SBHY6/3;BERLINGO / 1.6 / HDI;Francija;FRA;osebni avtomobil;166;vecnamensko vozilo;BERLINGO 
73;1449;4.3;1;CITROEN;7JBHY6/3;BERLINGO / 1.6 / HDI;Francija;FRA;osebni avtomobil;166;karavan;BERLINGO 
73;1496;4.3;1;PEUGEOT;7SBHY6/3;PARTNER / 1.6 / HDI;Francija;FRA;osebni avtomobil;166;vecnamensko vozilo;PARTNER 
73;1449;4.3;1;PEUGEOT;7JBHY6/3;PARTNER / 1.6 / HDI;Francija;FRA;osebni avtomobil;166;karavan;PARTNER 
73;1497;4.3;0;TOYOTA;HE15U(a)/ZWE186(W)/ZWE186L-DWXGBW(1X);AURIS / 1.8 / TS HIBRID CVT;Zdruûeno kraljestvo;GBR;osebni avtomobil;175;vecnamensko vozilo;AURIS 
73;1605;4.4;0;TOYOTA;ZVW40L-AWXEBW(2A);PRIUS PLUS / 1.8 / CVT;Japonska ;JPN;osebni avtomobil;165;vecnamensko vozilo;PRIUS PLUS 
73;1496;4.5;1;CITROEN;7SBHY6;BERLINGO / 1.6 / HDI;Francija;FRA;osebni avtomobil;162;vecnamensko vozilo;BERLINGO 
73;1131;4.9;0;TOYOTA;XP13M(a)/NSP13(MH)/NSP130L-CHFNKW(1K);YARIS / 1.33 /;Francija;FRA;osebni avtomobil;175;vecnamensko vozilo;YARIS 
73;1131;4.9;0;TOYOTA;XP13M(a)/NSP13(MH)/NSP130L-CHXNKW(1J);YARIS / 1.33 / CVT;Francija;FRA;osebni avtomobil;175;vozilo za posebne namene;YARIS 
73;1121;4.9;0;TOYOTA;XP13M(a)/NSP13(MH)/NSP130L-CHFNKW(1J);YARIS / 1.33 /;Francija;FRA;osebni avtomobil;175;vecnamensko vozilo;YARIS 
73;1115;4.9;0;TOYOTA;NSP130L-CHFNKW(1H);YARIS / 1.33 /;Francija;FRA;osebni avtomobil;175;vecnamensko vozilo;YARIS 
73;1498;5.1;0;LEXUS;A10(a)/ZWA10(H)/ZWA10L-AHXBBW(1J);LEXUS CT200h / 1.8 / e-CVT;Japonska ;JPN;osebni avtomobil;180;vozilo z dviûnimi vrati zadaj;LEXUS CT200h 
73;1480;5.1;0;TOYOTA;HE15U(a)/ZWE186(W)/ZWE186L-DWXNBW(2X);AURIS / 1.8 / TS HIBRID CVT;Zdruûeno kraljestvo;GBR;osebni avtomobil;175;vecnamensko vozilo;AURIS 
73;1459;5.1;0;TOYOTA;HE15U(a)/ZWE186(H)/ZWE186L-DHXSBW(1X);AURIS / 1.8 / HIBRID CVT;Zdruûeno kraljestvo;GBR;osebni avtomobil;180;vecnamensko vozilo;AURIS 
73;1444;5.1;0;TOYOTA;HE15U(a)/ZWE186(H)/ZWE186L-DHXNBW(2X);AURIS / 1.8 / HIBRID CVT;Zdruûeno kraljestvo;GBR;osebni avtomobil;180;vecnamensko vozilo;AURIS 
73;1135;5.1;0;TOYOTA;NSP130L-CHXNKW(4C);YARIS / 1.33 / CVT;Francija;FRA;osebni avtomobil;175;vecnamensko vozilo;YARIS 
73;1131;5.1;0;TOYOTA;NSP130L-CHFSKW(3H);YARIS / 1.33 /;Francija;FRA;osebni avtomobil;175;vecnamensko vozilo;YARIS 
73;1121;5.1;0;TOYOTA;XP13M(a)/NSP13(MH)/NSP130L-CHFGKW(5J);YARIS / 1.33 /;Francija;FRA;osebni avtomobil;175;vecnamensko vozilo;YARIS 
73;1110;5.1;0;TOYOTA;NSP130L-CHXNKW(4E);YARIS / 1.33 / CVT;Francija;FRA;osebni avtomobil;175;vecnamensko vozilo;YARIS 
73;1497;5.2;0;TOYOTA;HE15U(a)/ZWE186(W)/ZWE186L-DWXGBW(1X);AURIS / 1.8 / TS HIBRID CVT;Zdruûeno kraljestvo;GBR;osebni avtomobil;175;vecnamensko vozilo;AURIS 
73;1187;5.3;0;HONDA;GE62-4;JAZZ / 1.4 / i-SHIFT;Japonska ;JPN;osebni avtomobil;180;vozilo z dviûnimi vrati zadaj;JAZZ 
73;1154;5.3;0;HONDA;GG32-2;JAZZ / 1.4 / i-SHIFT;Kitajska ;CHN;osebni avtomobil;180;vozilo z dviûnimi vrati zadaj;JAZZ 
73;1130;5.3;0;TOYOTA;NSP130L-CHXSKW(3B);YARIS / 1.33 / CVT;Francija;FRA;osebni avtomobil;175;vozilo z dviûnimi vrati zadaj;YARIS 
73;1308;5.4;0;HONDA;FK14-2;CIVIC / 1.4 /;Zdruûeno kraljestvo;GBR;osebni avtomobil;187;vozilo z dviûnimi vrati zadaj;CIVIC 
73;1177;5.4;0;HONDA;GG33-6;JAZZ / 1.4 / CVT;Kitajska ;CHN;osebni avtomobil;175;vozilo z dviûnimi vrati zadaj;JAZZ 
73;1150;5.4;0;HONDA;GE62-2;JAZZ / 1.4 /;Japonska ;JPN;osebni avtomobil;182;vozilo z dviûnimi vrati zadaj;JAZZ 
73;1148;5.4;0;HONDA;GG32-1;JAZZ / 1.4 /;Kitajska ;CHN;osebni avtomobil;182;vozilo z dviûnimi vrati zadaj;JAZZ 
73;1148;5.4;0;HONDA;GG61-2;JAZZ / 1.4 /;Zdruûeno kraljestvo;GBR;osebni avtomobil;182;vozilo z dviûnimi vrati zadaj;JAZZ 
73;1125;5.4;0;TOYOTA;NSP130L-CHFNKW(4C);YARIS / 1.33 /;Francija;FRA;osebni avtomobil;175;vecnamensko vozilo;YARIS 
73;1100;5.4;0;TOYOTA;NSP130L-CHFNKW(4B);YARIS / 1.33 /;Francija;FRA;osebni avtomobil;175;vozilo z dviûnimi vrati zadaj;YARIS 
73;1090;5.4;0;TOYOTA;NSP130L-CHFRKW(4B);YARIS / 1.33 /;Francija;FRA;osebni avtomobil;175;vecnamensko vozilo;YARIS 
73;1326;5.5;0;HONDA;FK14-3;CIVIC / 1.4 /;Zdruûeno kraljestvo;GBR;osebni avtomobil;187;vozilo z dviûnimi vrati zadaj;CIVIC 
73;1204;5.5;0;HONDA;GG33-8;JAZZ / 1.4 / CVT;Kitajska ;CHN;osebni avtomobil;175;vozilo z dviûnimi vrati zadaj;JAZZ 
73;1202;5.5;0;HONDA;GG34-4;JAZZ / 1.4 / CVT;Kitajska ;CHN;osebni avtomobil;175;vozilo z dviûnimi vrati zadaj;JAZZ 
73;1180;5.5;0;HONDA;GE62-3;JAZZ / 1.4 /;Japonska ;JPN;osebni avtomobil;182;vozilo z dviûnimi vrati zadaj;JAZZ 
73;1180;5.5;0;HONDA;GG61-4;JAZZ / 1.4 /;Zdruûeno kraljestvo;GBR;osebni avtomobil;182;vozilo z dviûnimi vrati zadaj;JAZZ 
73;1157;5.5;0;HONDA;GE62-7;JAZZ / 1.4 /;Japonska ;JPN;osebni avtomobil;182;vozilo z dviûnimi vrati zadaj;JAZZ 
73;1155;5.5;0;HONDA;GG32-3;JAZZ / 1.4 /;Kitajska ;CHN;osebni avtomobil;182;vozilo z dviûnimi vrati zadaj;JAZZ 
73;1151;5.5;0;HONDA;GG33-5;JAZZ / 1.4 /;Kitajska ;CHN;osebni avtomobil;182;vozilo z dviûnimi vrati zadaj;JAZZ 
73;1150;5.5;0;HONDA;GG33-1;JAZZ / 1.4 /;Kitajska ;CHN;osebni avtomobil;182;vozilo z dviûnimi vrati zadaj;JAZZ 
73;1146;5.5;0;HONDA;GG61-4;JAZZ / 1.4;Zdruûeno kraljestvo;GBR;osebni avtomobil;182;vozilo z dviûnimi vrati zadaj;JAZZ 
73;1139;5.5;0;HONDA;GG34-1;JAZZ / 1.4 /;Kitajska ;CHN;osebni avtomobil;182;vozilo z dviûnimi vrati zadaj;JAZZ 
73;1137;5.5;0;HONDA;GG63-1;JAZZ / 1.4 /;Zdruûeno kraljestvo;GBR;osebni avtomobil;182;vozilo z dviûnimi vrati zadaj;JAZZ 
73;1167;5.5;0;SUBARU;NSP120L-FHFGKW;SUBARU TREZIA / 1.3 /FWD 6MT.;Japonska ;JPN;osebni avtomobil;170;vozilo z dviûnimi vrati zadaj;SUBARU TREZIA 
73;1320;5.5;0;TOYOTA;NRE180L-DHFNKW(4R);AURIS / 1.33;Zdruûeno kraljestvo;GBR;osebni avtomobil;175;vecnamensko vozilo;AURIS 
73;1290;5.5;0;TOYOTA;E15UT(a)/NRE180(HM)/NRE180L-DHFDKW(3U);AURIS / 1.33;Zdruûeno kraljestvo;GBR;osebni avtomobil;175;vecnamensko vozilo;AURIS 
73;1260;5.5;0;TOYOTA;NRE180L-DHFNKW(4T);AURIS / 1.33;Zdruûeno kraljestvo;GBR;osebni avtomobil;175;vecnamensko vozilo;AURIS 
73;1225;5.5;0;TOYOTA;NRE180L-DHFDKW(3Q);AURIS / 1.33;Zdruûeno kraljestvo;GBR;osebni avtomobil;175;vecnamensko vozilo;AURIS 
73;1210;5.5;0;TOYOTA;NSP120L-CHFGKW(4A);VERSO-S / 1.33 /;Japonska ;JPN;osebni avtomobil;170;vozilo z dviûnimi vrati zadaj;VERSO-S 
73;1145;5.5;0;TOYOTA;NSP120L-CHFGKW(4B);VERSO-S / 1.33 /;Japonska ;JPN;osebni avtomobil;170;vecnamensko vozilo;VERSO-S 
73;1125;5.5;0;TOYOTA;NSP130L-CHFNKW(5G);YARIS / 1.33 /;Francija;FRA;osebni avtomobil;175;vecnamensko vozilo;YARIS 
73;1120;5.5;0;TOYOTA;NSP130L-CHFSKW(3C);YARIS / 1.33 /;Francija;FRA;osebni avtomobil;175;vecnamensko vozilo;YARIS 
73;1100;5.5;0;TOYOTA;NSP130L-CHFSKW(3B);YARIS / 1.33 /;Francija;FRA;osebni avtomobil;175;vozilo z dviûnimi vrati zadaj;YARIS 
73;1100;5.5;0;TOYOTA;NSP130L-CHFNKW(5E);YARIS / 1.33 /;Francija;FRA;osebni avtomobil;175;vecnamensko vozilo;YARIS 
73;1177;5.6;0;HONDA;GG33-7;JAZZ / 1.4 /;Kitajska ;CHN;osebni avtomobil;182;vozilo z dviûnimi vrati zadaj;JAZZ 
73;1174;5.6;0;HONDA;GG34-2;JAZZ / 1.4 /;Kitajska ;CHN;osebni avtomobil;182;vozilo z dviûnimi vrati zadaj;JAZZ 
73;1163;5.6;0;HONDA;GG62-10;JAZZ / 1.4 /;Zdruûeno kraljestvo;GBR;osebni avtomobil;182;vozilo z dviûnimi vrati zadaj;JAZZ 
73;1157;5.6;0;HONDA;GG33-3;JAZZ / 1.4 /;Kitajska ;CHN;osebni avtomobil;182;vozilo z dviûnimi vrati zadaj;JAZZ 
73;1154;5.6;0;HONDA;GG34-5;JAZZ / 1.4 /;Kitajska ;CHN;osebni avtomobil;182;vozilo z dviûnimi vrati zadaj;JAZZ 
73;1140;5.6;0;HONDA;GG63-2;JAZZ / 1.4 /;Zdruûeno kraljestvo;GBR;osebni avtomobil;182;vozilo z dviûnimi vrati zadaj;JAZZ 
73;1370;5.6;0;TOYOTA;NRE180L-DWFNKW(4R);AURIS / 1.33 / TS;Zdruûeno kraljestvo;GBR;osebni avtomobil;175;vecnamensko vozilo;AURIS 
73;1345;5.6;0;TOYOTA;E15EJ(a)/NRE180(E)/NRE180L-DEFNKW(2P);COROLLA / 1.33 /;Turcija;TUR;osebni avtomobil;180;limuzina;COROLLA 
73;1335;5.6;0;TOYOTA;NRE180L-DEFNKW(2K);COROLLA / 1.33 /;Turcija;TUR;osebni avtomobil;180;limuzina;COROLLA 
73;1335;5.6;0;TOYOTA;E15UT(a)/NRE180(W)/NRE180L-DWFDKW(3V);AURIS / 1.33 / TS;Zdruûeno kraljestvo;GBR;osebni avtomobil;175;vecnamensko vozilo;AURIS 
73;1330;5.6;0;TOYOTA;NRE180L-DWFDKW(3T);AURIS / 1.33 / TS;Zdruûeno kraljestvo;GBR;osebni avtomobil;175;vecnamensko vozilo;AURIS 
73;1320;5.6;0;TOYOTA;E15EJ(a)/NRE180(E)/NRE180L-DEFDKW(3N);COROLLA / 1.33 /;Turcija;TUR;osebni avtomobil;180;limuzina;COROLLA 
73;1320;5.6;0;TOYOTA;E15UT(a)/NRE180(H)/NRE180L-DHFNKW(1U);AURIS / 1.33;Zdruûeno kraljestvo;GBR;osebni avtomobil;175;vecnamensko vozilo;AURIS 
73;1285;5.6;0;TOYOTA;NRE180L-DWFNKW(4T);AURIS / 1.33 / TS;Zdruûeno kraljestvo;GBR;osebni avtomobil;175;vecnamensko vozilo;AURIS 
73;1260;5.6;0;TOYOTA;NRE180L-DHFNKW(5R);AURIS / 1.33;Zdruûeno kraljestvo;GBR;osebni avtomobil;175;vecnamensko vozilo;AURIS 
73;1195;5.6;0;TOYOTA;NSP110L-AHFRKW(2C);URBAN CRUISER / 1.3 /;Japonska ;JPN;osebni avtomobil;175;vecnamensko vozilo;URBAN CRUISER 
73;1301;5.7;0;HONDA;FK13-2;CIVIC / 1.4 / i-SHIFT;Zdruûeno kraljestvo;GBR;osebni avtomobil;177;vozilo z dviûnimi vrati zadaj;CIVIC 
73;1370;5.7;0;TOYOTA;E15UT(a)/NRE180(W)/NRE180L-DWFNKW(1W);AURIS / 1.33 / TS;Zdruûeno kraljestvo;GBR;osebni avtomobil;175;vecnamensko vozilo;AURIS 
73;1050;5.8;0;SUZUKI;X81S-2; /;Madûarska;HUN;osebni avtomobil;165;karavan;
73;1298;5.9;0;HONDA;FK13-1;CIVIC / 1.4 /;Zdruûeno kraljestvo;GBR;osebni avtomobil;177;vozilo z dviûnimi vrati zadaj;CIVIC 
73;1292;5.9;0;HONDA;FN42-1;CIVIC / 1.4 /;Zdruûeno kraljestvo;GBR;osebni avtomobil;177;vozilo z dviûnimi vrati zadaj;CIVIC 
73;1257;5.9;0;HONDA;FK13-1;CIVIC / 1.4 /;Zdruûeno kraljestvo;GBR;osebni avtomobil;170;vozilo z dviûnimi vrati zadaj;CIVIC 
73;1085;6.1;0;SUZUKI;Y81S-1;IGNIS / 1.5 / 4WD;Madûarska;HUN;osebni avtomobil;165;karavan;IGNIS 
73;1075;6.7;0;RENAULT;BB0PEG;CLIO / 1.4;Francija;FRA;osebni avtomobil;186;vozilo z dviûnimi vrati zadaj;CLIO 
73;1205;6.7;0;SUZUKI;EYA11S-MT;SX4 / 1.5 / 2WD;Madûarska;HUN;osebni avtomobil;175;vozilo z dviûnimi vrati zadaj;SX4 
73;1205;6.8;0;SUZUKI;EYA11S-MT;SX4 / 1.5 / 2WD;Madûarska;HUN;osebni avtomobil;175;vozilo z dviûnimi vrati zadaj;SX4 
73;1085;7.2;0;SUBARU;NH Y81S MT;JUSTY / G3X / 1.5;Madûarska;HUN;osebni avtomobil;165;karavan;JUSTY 
73;1085;7.2;0;SUZUKI;Y81S-1;IGNIS / 1.5 / 4WD;Madûarska;HUN;osebni avtomobil;165;karavan;IGNIS 
73;1010;7.2;0;SUZUKI;Y81S;IGNIS / 1.5 /;Japonska ;JPN;osebni avtomobil;165;karavan;IGNIS 
73;1310;7.2;0;VOLVO;MS-2042;S / 40 / 1.6;ävedska;SWE;osebni avtomobil;185;limuzina;S 
73;1148;7.4;0;MITSUBISHI;DA1ALNVL6;CARISMA / 1.6;Nizozemska;NLD;osebni avtomobil;200;vozilo z dviûnimi vrati zadaj;CARISMA 
73;1892;9.1;1;HYUNDAI;WF11-HQ3GN;H-1 / WAGON 2.5;Koreja. republika;KOR;osebni avtomobil;148;limuzina;H-1 
73;1820;9.1;1;HYUNDAI;JK-T01;GALLOPER / 2.5 / TD;Koreja. republika;KOR;osebni avtomobil;136;limuzina;GALLOPER 
73;1820;9.1;1;HYUNDAI;JK-T01;GALLOPER / 2.5 / TD;Koreja. republika;KOR;osebni avtomobil;136;vecnamensko vozilo;GALLOPER 
73;1820;9.8;1;HYUNDAI;JK-T01;GALLOPER / 2.5 / TDI;Koreja. republika;KOR;osebni avtomobil;136;karavan;GALLOPER 
73.2;1278;5.6;0;KIA;JDB3P21-M61AZ1;CEED / 1.4 /;Slovaöka;SVK;osebni avtomobil;182;vozilo z dviûnimi vrati zadaj;CEED 
73.2;1277;5.6;0;KIA;JDB5P21-M61AZ1;CEED / 1.4 /;Slovaöka;SVK;osebni avtomobil;182;vozilo z dviûnimi vrati zadaj;CEED 
73.2;1285;6.1;0;HYUNDAI;B5P11-M61CZ1;i 30 / 1.4 /;Ceöka republika;CZE;osebni avtomobil;182;vozilo z dviûnimi vrati zadaj;i 30 
73.2;1325;6.1;0;KIA;JDC5P21-M61AZ1;CEED / 1.4 /;Slovaöka;SVK;osebni avtomobil;180;karavan;CEED 
73.2;1308;6.1;0;KIA;JDB3P11-M61CZ1;CEED / 1.4 /;Slovaöka;SVK;osebni avtomobil;182;vozilo z dviûnimi vrati zadaj;CEED 
73.2;1294;6.1;0;KIA;JDB5P11-M61CZ1;CEED / 1.4 /;Slovaöka;SVK;osebni avtomobil;182;vozilo z dviûnimi vrati zadaj;CEED 
73.2;1326;6.5;0;HYUNDAI;F5P11-M61BZ1;i 30 CW / 1.4 /;Ceöka republika;CZE;osebni avtomobil;180;karavan;i 30 CW 
73.2;1337;6.5;0;KIA;JDC5P11-M61BZ1;CEED / 1.4 /;Slovaöka;SVK;osebni avtomobil;180;karavan;CEED 
73.2;1319;6.6;0;HYUNDAI;F5P11-M61CZ1;i 30 CW / 1.4 /;Ceöka republika;CZE;osebni avtomobil;180;karavan;i 30 CW 
73.2;1340;6.6;0;KIA;JDC5P11-M61CZ1;CEED / 1.4 /;Slovaöka;SVK;osebni avtomobil;180;karavan;CEED 
73.3;1301;5.4;0;HYUNDAI;B5P21-M63AZ1;i30 / 1.4 /;Ceöka republika;CZE;osebni avtomobil;183;vozilo z dviûnimi vrati zadaj;i30 
73.3;1160;5.5;0;KIA;YBC5P41-M68CZ1;STONIC / 1.4 /;Koreja. republika;KOR;osebni avtomobil;172;karavan;STONIC 
73.3;1315;5.6;0;FIAT;356HXN1ANBAA3BE;TIPO / 1.0 / BASE;Italija;ITA;osebni avtomobil;192;vecnamensko vozilo;TIPO 
73.3;1358;5.6;0;HYUNDAI;F5P21-M63AZ1;i30 CW / 1.4 /;Ceöka republika;CZE;osebni avtomobil;181;karavan;i30 CW 
73.3;1343;5.6;0;HYUNDAI;B5P21-M63BZ1;i30 / 1.4 /;Ceöka republika;CZE;osebni avtomobil;183;vozilo z dviûnimi vrati zadaj;i30 
73.3;1160;5.7;0;KIA;YBC5P41-M65BZ1;STONIC / 1.4;Koreja. republika;KOR;osebni avtomobil;172;karavan;STONIC 
73.3;1374;5.8;0;HYUNDAI;F5P21-M63BZ1;i30 CW / 1.4 /;Ceöka republika;CZE;osebni avtomobil;181;karavan;i30 CW 
73.3;1160;5.8;0;KIA;YBC5P41-M66CZ1;STONIC / 1.4 /;Koreja. republika;KOR;osebni avtomobil;172;karavan;STONIC 
73.3;1130;5.8;0;KIA;YBB5P41-M64AZ1;RIO / 1.4;Koreja. republika;KOR;osebni avtomobil;176;vozilo z dviûnimi vrati zadaj;RIO 
73.3;1341;6.1;0;HYUNDAI;F5P21-M63B11;i30 CW / 1.4 /;Ceöka republika;CZE;osebni avtomobil;181;karavan;i30 CW 
73.3;1312;6.1;0;HYUNDAI;B5P21-M63B11;i30 / 1.4 /;Ceöka republika;CZE;osebni avtomobil;183;vozilo z dviûnimi vrati zadaj;i30 
73.3;1158;6.1;0;KIA;YBB5P51-A41BZ1;RIO / 1.4 / AUT.;Koreja. republika;KOR;osebni avtomobil;166;vozilo z dviûnimi vrati zadaj;RIO 
73.3;1359;6.2;0;HYUNDAI;B5P21-M63BZ1;i30 / 1.4 /;Ceöka republika;CZE;osebni avtomobil;183;vozilo z dviûnimi vrati zadaj;i30 
73.3;1315;6.2;0;HYUNDAI;B5P21-M63AZ1;i30 / 1.4 /;Ceöka republika;CZE;osebni avtomobil;183;vozilo z dviûnimi vrati zadaj;i30 
73.3;1323;6.4;0;HYUNDAI;F5P21-M63A11;i30 CW / 1.4 /;Ceöka republika;CZE;osebni avtomobil;181;karavan;i30 CW 
73.3;1297;6.4;0;KIA;CDF5P21-M63A11;CEED / 1.4 /;Slovaöka;SVK;osebni avtomobil;183;karavan;CEED 
73.3;1260;6.4;0;KIA;CDB5P21-M63A11;CEED / 1.4 /;Slovaöka;SVK;osebni avtomobil;183;vozilo z dviûnimi vrati zadaj;CEED 
73.3;1292;6.6;0;HYUNDAI;B5P21-M63A11;i30 / 1.4 /;Ceöka republika;CZE;osebni avtomobil;183;vozilo z dviûnimi vrati zadaj;i30 
73.3;1339;6.8;0;HYUNDAI;F5P21-M63B11;i30 CW / 1.4 /;Ceöka republika;CZE;osebni avtomobil;181;karavan;i30 CW 
73.3;1310;6.9;0;HYUNDAI;B5P21-M63B11;i30 / 1.4 /;Ceöka republika;CZE;osebni avtomobil;183;vozilo z dviûnimi vrati zadaj;i30 
73.4;1820;10.9;1;HYUNDAI;JK-T01;GALLOPER / 2.5 / TDI;Koreja. Demokraticna ljudska republika;PRK;osebni avtomobil;140;karavan;GALLOPER 
73.4;1700;9.1;1;HYUNDAI;JK-T01;GALLOPER / 2.5 / TDI;Koreja. republika;KOR;osebni avtomobil;136;vecnamensko vozilo;GALLOPER 
73.5;1163;4.3;0;FORD;JHH-SFJK1JX-5CDPZN00KAW;FIESTA / 1.0 / 73.5 S 5 vr;Nemcija;DEU;osebni avtomobil;183;vozilo z dviûnimi vrati zadaj;FIESTA 
73.5;1230;4.8;0;KIA;YBC5P51-D71DZ1;STONIC / 1.0 / T / AUT.;Koreja. republika;KOR;osebni avtomobil;175;karavan;STONIC 
73.5;1195;4.9;0;KIA;YBC5P51-M6BDZ1;STONIC / 1.0 / T /;Koreja. republika;KOR;osebni avtomobil;185;karavan;STONIC 
73.5;1206;5.2;0;FORD;JHH-SFJH1JX-5BAPZN00LAY;FIESTA / 1.0 / 73.5 S / A6 5 vr;Nemcija;DEU;osebni avtomobil;180;vozilo z dviûnimi vrati zadaj;FIESTA 
73.5;1191;5.2;0;HYUNDAI;B5P51-M62CZ2;i20 / 1.0 / T-GDI;Turcija;TUR;osebni avtomobil;188;vozilo z dviûnimi vrati zadaj;i20 
73.5;1244;5.3;0;HYUNDAI;BC3 CUV-C5P71-M66EY3;BAYON / 1.0 / T-GDI 48V HEV;Turcija;TUR;osebni avtomobil;183;karavan;BAYON 
73.5;1205;5.3;0;HYUNDAI;BC3-B5P51-D71CZ2;i20 / 1.0 / T-GDI DCT;Turcija;TUR;osebni avtomobil;185;vozilo z dviûnimi vrati zadaj;i20 
73.5;1202;5.3;0;HYUNDAI;B5P51-M62CZ3;i20 / 1.0 / T-GDI;Turcija;TUR;osebni avtomobil;188;vozilo z dviûnimi vrati zadaj;i20 
73.5;1191;5.3;0;HYUNDAI;BC3-B5P51-M62CZ2;i20 / 1.0 / T-GDI;Turcija;TUR;osebni avtomobil;188;vozilo z dviûnimi vrati zadaj;i20 
73.5;1203;5.4;0;HYUNDAI;B5P51-M62CZ3;i20 / 1.0 / T-GDI;Turcija;TUR;osebni avtomobil;188;vozilo z dviûnimi vrati zadaj;i20 
73.5;1199;5.4;0;HYUNDAI;BC3-B5P51-M62CW3;i20 / 1.0 / T-GDI N-Line;Turcija;TUR;osebni avtomobil;188;vozilo z dviûnimi vrati zadaj;i20 
73.5;1234;5.5;0;HYUNDAI;BC3 CUV-C5P51-M66EY3;BAYON / 1.0 / T-GDI;Turcija;TUR;osebni avtomobil;183;karavan;BAYON 
73.5;1228;5.5;0;HYUNDAI;B5P51-D71CZ3;i20 / 1.0 / T-GDI DCT;Turcija;TUR;osebni avtomobil;185;vozilo z dviûnimi vrati zadaj;i20 
73.5;1230;5.5;0;KIA;YBC5P51-D71DZ1;STONIC / 1.0 / T / AUT.;Koreja. republika;KOR;osebni avtomobil;175;karavan;STONIC 
73.5;1195;5.5;0;KIA;YBC5P51-M6BDZ1;STONIC / 1.0 / T /;Koreja. republika;KOR;osebni avtomobil;185;karavan;STONIC 
73.5;1164;5.6;0;FORD;JHH-SFJN1JX-5CDPZNABDAX;FIESTA / 1.0 / 73.5 S 5 vr;Nemcija;DEU;osebni avtomobil;183;vozilo z dviûnimi vrati zadaj;FIESTA 
73.5;1163;5.6;0;FORD;JHH-SFJN1FX-5CDPZNABDAT;FIESTA / 1.0 / 73.5 S 3 vr;Nemcija;DEU;osebni avtomobil;183;vozilo z dviûnimi vrati zadaj;FIESTA 
73.5;1195;5.6;0;KIA;YBC5P51-M6BDZ1;STONIC / 1.0 / T /;Koreja. republika;KOR;osebni avtomobil;185;karavan;STONIC 
73.5;1190;5.7;0;FORD;JHH-SFJN1JX-5CDPZNABDAX;FIESTA / 1.0 / 73.5 S 5 vr;Nemcija;DEU;osebni avtomobil;183;vozilo z dviûnimi vrati zadaj;FIESTA 
73.5;1230;5.7;0;KIA;YBC5P51-D71DZ1;STONIC / 1.0 / T / AUT.;Koreja. republika;KOR;osebni avtomobil;175;karavan;STONIC 
73.5;1195;5.7;0;KIA;YBC5P51-M6BDZ1;STONIC / 1.0 / T /;Koreja. republika;KOR;osebni avtomobil;185;karavan;STONIC 
73.5;1190;5.8;0;FORD;JHH-SFJN1JX-5CDPZNABDDX;FIESTA / 1.0 / 73.5 S 5 vr;Nemcija;DEU;osebni avtomobil;183;vozilo z dviûnimi vrati zadaj;FIESTA 
73.5;1298;5.8;0;KIA;CDB5P11-M61B11;CEED / 1.0 / T;Slovaöka;SVK;osebni avtomobil;183;vozilo z dviûnimi vrati zadaj;CEED 
73.5;1359;5.9;0;FORD;JK8-SFJL11X-5AAPBNAPLDV;ECOSPORT / 1.0 / 73.5 S;Nemcija;DEU;osebni avtomobil;170;vozilo z dviûnimi vrati zadaj;ECOSPORT 
73.5;1005;6.1;0;FIAT;312AXC1B02F;500 / 1.4 / 16V;Italija;ITA;osebni avtomobil;182;vozilo z dviûnimi vrati zadaj;500
73.5;1241;6.1;0;FORD;JHH-SFJN1JX-5CDPZNABDB6;FIESTA / 1.0 / 73.5 S 5 vr;Nemcija;DEU;osebni avtomobil;181;vozilo z dviûnimi vrati zadaj;FIESTA 
73.5;1045;6.3;0;FIAT;312AXC1B02D;500 / 1.4 / 16V C;Italija;ITA;osebni avtomobil;182;vozilo z dviûnimi vrati zadaj;500
73.5;1005;6.3;0;FIAT;312AXC1B02;500 / 1.4 / 16V;Italija;ITA;osebni avtomobil;182;vozilo z dviûnimi vrati zadaj;500
73.5;930;6.3;0;FIAT;312AXC1B-02;500 / 1.4;Italija;ITA;osebni avtomobil;182;vozilo z dviûnimi vrati zadaj;500
73.5;1050;6.5;0;FIAT;169AXE1B07;PANDA / 1.4 / 16V;Italija;ITA;osebni avtomobil;185;vecnamensko vozilo;PANDA 
73.5;1828;6.5;1;FORD;PJ2-Z2GA1HMX-E7CCBSABDADHN;G TOURNEO CONNECT 1.5 74 230 L2 LWB CK 310V A8;Nemcija;DEU;osebni avtomobil;169;karavan;G TOURNEO CONNECT 1.5 74 230 L2 LWB CK 310V A8
73.5;1324;6.5;0;FORD;JU2-SFCE1LX-5AKPZNACLAH;TOURNEO COURIER / 1.0 / 73.5 S;Nemcija;DEU;osebni avtomobil;173;vecnamensko vozilo;TOURNEO COURIER 
73.5;1324;6.6;0;FORD;JU2-SFCF1LX-5AKPZNACJAH;TOURNEO COURIER / 1.0 / 73.5;Nemcija;DEU;osebni avtomobil;173;vecnamensko vozilo;TOURNEO COURIER 
73.5;1324;6.7;0;FORD;JU2-SFCE1LX-5AKPZNACLAH;TOURNEO COURIER / 1.0 / 73.5 S;Nemcija;DEU;osebni avtomobil;173;vecnamensko vozilo;TOURNEO COURIER 
73.5;1243;6.7;0;FORD;JHH-SFJP1JX-5BAPZNABJAY;FIESTA / 1.0 / 73.5 S / A6 5 vr;Nemcija;DEU;osebni avtomobil;180;vozilo z dviûnimi vrati zadaj;FIESTA 
73.5;1243;6.7;0;FORD;JHH-SFJP1JX-5BAPZNABJAY;FIESTA / 1.0 / 73.5 S / A6 5 vr;Nemcija;DEU;osebni avtomobil;180;vozilo za posebne namene;FIESTA 
73.5;1324;6.8;0;FORD;JU2-SFCF1LX-5AKPZNACJAH;TOURNEO COURIER / 1.0 / 73.5;Nemcija;DEU;osebni avtomobil;173;vecnamensko vozilo;TOURNEO COURIER 
73.5;1324;6.9;0;FORD;JU2-SFCF1LX-5AKPZNACJAH;TOURNEO COURIER / 1.0 / 73.5;Nemcija;DEU;osebni avtomobil;173;vecnamensko vozilo;TOURNEO COURIER 
73.5;1284;6.9;0;FORD;JHH-SFJP1JX-5BAPZNABJBZ;FIESTA / 1.0 / 73.5 S / A6 5 vr;Nemcija;DEU;osebni avtomobil;177;vozilo z dviûnimi vrati zadaj;FIESTA 
73.5;1313;7.2;0;VOLVO;MS2042;S40 / 1.6 /;ävedska;SWE;osebni avtomobil;185;limuzina;S40 
73.6;1216;4.3;0;HYUNDAI;B5P71-M54AZ1;i20 / 1.0 / T-GDI LP;Turcija;TUR;osebni avtomobil;186;vozilo z dviûnimi vrati zadaj;i20 
73.6;1204;4.4;0;HYUNDAI;B5P91-M54AZ1;i20 / 1.0 / T-GDI LP;Turcija;TUR;osebni avtomobil;186;vozilo z dviûnimi vrati zadaj;i20 
73.6;1233;4.5;0;HYUNDAI;B5P71-M54BZ1;i20 / 1.0 / T-GDI LP;Turcija;TUR;osebni avtomobil;186;vozilo z dviûnimi vrati zadaj;i20 
73.6;1223;4.6;0;HYUNDAI;B5P91-M54BZ1;i20 / 1.0 / T-GDI LP;Turcija;TUR;osebni avtomobil;186;vozilo z dviûnimi vrati zadaj;i20 
73.6;1144;5.2;0;HYUNDAI;F5P51-M63AZ1;i 20 / 1.4 /;Turcija;TUR;osebni avtomobil;181;vecnamensko vozilo;i 20 
73.6;1180;5.2;0;KIA;YBC5P11-M54CZ1;STONIC / 1.0 / T;Koreja. republika;KOR;osebni avtomobil;182;karavan;STONIC 
73.6;1173;5.3;0;HYUNDAI;B5P51-M61AZ1;i20 / 1.4 /;Turcija;TUR;osebni avtomobil;184;vozilo z dviûnimi vrati zadaj;i20 
73.6;1182;5.4;0;HYUNDAI;F5P51-M63BZ1;i 20 / 1.4 /;Turcija;TUR;osebni avtomobil;181;vecnamensko vozilo;i 20 
73.6;1115;5.4;0;HYUNDAI;A5P51-M55B11;i10 / 1.0 / T-GDI NL;Turcija;TUR;osebni avtomobil;185;vozilo z dviûnimi vrati zadaj;i10 
73.6;1110;5.4;0;HYUNDAI;F5P51-M52AZ1;i 20 / 1.4 /;Turcija;TUR;osebni avtomobil;180;vecnamensko vozilo;i 20 
73.6;1183;5.5;0;HYUNDAI;B5P51-M61BZ1;i20 / 1.4 /;Turcija;TUR;osebni avtomobil;184;vozilo z dviûnimi vrati zadaj;i20 
73.6;1334;5.5;0;KIA;CDF5P51-M61A11;CEED / 1.0 / T;Slovaöka;SVK;osebni avtomobil;183;karavan;CEED 
73.6;1315;5.5;0;KIA;CDBBP51-M61G11;CEED / 1.0 / T;Slovaöka;SVK;osebni avtomobil;183;vozilo z dviûnimi vrati zadaj;CEED 
73.6;1297;5.5;0;KIA;CDB5P51-M61A11;CEED / 1.0 / T;Slovaöka;SVK;osebni avtomobil;183;vozilo z dviûnimi vrati zadaj;CEED 
73.6;1334;5.6;0;HYUNDAI;F5PB1-M61AZ1;i 30 CW / 1.4 /;Ceöka republika;CZE;osebni avtomobil;181;karavan;i 30 CW 
73.6;1322;5.6;0;HYUNDAI;B5PB1-M61AZ1;i 30 / 1.4 /;Ceöka republika;CZE;osebni avtomobil;183;vozilo z dviûnimi vrati zadaj;i 30 
73.6;1202;5.6;0;HYUNDAI;F5P21-M52AZ1;i 20 / 1.4 /;Indija;IND;osebni avtomobil;180;vecnamensko vozilo;i 20 
73.6;1192;5.6;0;HYUNDAI;F5P21-M52AY1;i 20 / 1.4 /;Indija;IND;osebni avtomobil;180;vecnamensko vozilo;i 20 
73.6;1323;5.6;0;KIA;JDC5PB1-M61AZ1;CEE'D / 1.4 /;Slovaöka;SVK;osebni avtomobil;181;karavan;CEE'D 
73.6;1322;5.6;0;KIA;JDC5PB1-M61AZ1;CEED / 1.4 /;Slovaöka;SVK;osebni avtomobil;181;karavan;CEED 
73.6;1304;5.6;0;KIA;JDB5PB1-M61AZ1;CEED / 1.4 /;Slovaöka;SVK;osebni avtomobil;183;vozilo z dviûnimi vrati zadaj;CEED 
73.6;1304;5.6;0;KIA;JDB5PB1-M61AZ1;CEE'D / 1.4 /;Slovaöka;SVK;osebni avtomobil;183;vozilo z dviûnimi vrati zadaj;CEE'D 
73.6;1285;5.6;0;KIA;JDB3PB1-M61AZ1;CEE'D / 1.4 /;Slovaöka;SVK;osebni avtomobil;183;vozilo z dviûnimi vrati zadaj;CEE'D 
73.6;1365;5.8;0;HYUNDAI;F5PB1-M61BZ1;i 30 CW / 1.4 /;Ceöka republika;CZE;osebni avtomobil;181;karavan;i 30 CW 
73.6;1331;5.8;0;HYUNDAI;B5PB1-M61BZ1;i 30 / 1.4 /;Ceöka republika;CZE;osebni avtomobil;183;vozilo z dviûnimi vrati zadaj;i 30 
73.6;1238;5.8;0;HYUNDAI;B5P71-D71AZ1;i20 / 1.0 / T-GDI LP DCT;Turcija;TUR;osebni avtomobil;190;vozilo z dviûnimi vrati zadaj;i20 
73.6;1185;5.8;0;HYUNDAI;B5P71-M53AZ1;i20 / 1.0 / T-GDI LP;Turcija;TUR;osebni avtomobil;186;vozilo z dviûnimi vrati zadaj;i20 
73.6;1138;5.8;0;HYUNDAI;F5P51-A41AZ1;i 20 / 1.4 / AUT.;Turcija;TUR;osebni avtomobil;172;vecnamensko vozilo;i 20 
73.6;1313;5.8;0;KIA;JDB5PB1-M61CZ1;CEE'D / 1.4 /;Slovaöka;SVK;osebni avtomobil;183;vozilo z dviûnimi vrati zadaj;CEE'D 
73.6;1312;5.8;0;KIA;JDB5PB1-M61CZ1;CEED / 1.4 /;Slovaöka;SVK;osebni avtomobil;183;vozilo z dviûnimi vrati zadaj;CEED 
73.6;1215;5.9;0;HYUNDAI;B5P71-M53AZ1;i20 / 1.0 / T-GDI LP;Turcija;TUR;osebni avtomobil;186;vozilo z dviûnimi vrati zadaj;i20 
73.6;1230;6.2;0;HYUNDAI;F5P21-A41AZ1;i 20 / 1.4 / AUT.;Indija;IND;osebni avtomobil;172;vecnamensko vozilo;i 20 
73.6;1175;6.2;0;HYUNDAI;B5P51-A41AZ1;i20 / 1.4 / AUT.;Turcija;TUR;osebni avtomobil;170;vozilo z dviûnimi vrati zadaj;i20 
73.6;1200;6.4;0;HYUNDAI;B5P51-A41BZ1;i20 / 1.4 / AUT.;Turcija;TUR;osebni avtomobil;170;vozilo z dviûnimi vrati zadaj;i20 
73.8;1357;4.1;1;FORD;JK8-XUJH11-5ACDZN00MDK;ECOSPORT / 1.5 / DV5 73 S;Nemcija;DEU;osebni avtomobil;160;vozilo z dviûnimi vrati zadaj;ECOSPORT 
73.8;1347;5.4;1;FORD;JU2-XXCA1LX-5DGDHNACDAL;TOURNEO COURIER / 1.5 / DV5 73.8 S;Nemcija;DEU;osebni avtomobil;175;vecnamensko vozilo;TOURNEO COURIER 
74;1545;10.8;1;VOLKSWAGEN;1J;GOLF / 2.8  I / 4MOTION;Nemcija;DEU;osebni avtomobil;235;vozilo z dviûnimi vrati zadaj;GOLF 
74;1345;4.1;1;OPEL;KE11-1A07ABLCCC5;ASTRA / 1.7 / DTI 16V;Nemcija;DEU;osebni avtomobil;182;kupe;ASTRA 
74;1130;4.3;0;FORD;JA8-SFJC1D-5DHABL;FIESTA / 1.0 / 74 S 5 vr;Nemcija;DEU;osebni avtomobil;180;vozilo z dviûnimi vrati zadaj;FIESTA 
74;1129;4.3;0;FORD;JA8-SFJC1C-5DHABK;FIESTA / 1.0 / 74 S 3 vr;Nemcija;DEU;osebni avtomobil;180;vozilo z dviûnimi vrati zadaj;FIESTA 
74;1455;4.3;1;OPEL;CE11-1A05A9GDBF5;MERIVA / 1.7 / DTI 16V;Nemcija;DEU;osebni avtomobil;178;vecnamensko vozilo;MERIVA 
74;1075;4.3;1;RENAULT;BB2G05;CLIO / 1.5 / DCI;Francija;FRA;osebni avtomobil;185;vozilo z dviûnimi vrati zadaj;CLIO 
74;1055;4.3;1;RENAULT;B;CLIO / 1.5 / DCI;Francija;FRA;osebni avtomobil;185;vozilo z dviûnimi vrati zadaj;CLIO 
74;1392;4.5;1;FORD;DM2-MTDA1E5KACMV;C-MAX TREND / 1.6 TDCI 74KW;Nemcija;DEU;osebni avtomobil;180;vecnamensko vozilo;C-MAX TREND 
74;1391;4.5;1;FORD;DA3G8DC1S-5KACMP;FOCUS / 1.6 / TDCi;Nemcija;DEU;osebni avtomobil;188;karavan;FOCUS 
74;1391;4.5;1;FORD;DA3G8DC1S-5KACMP;FOCUS / 1.6 / TDCi;Nemcija;DEU;osebni avtomobil;183;karavan;FOCUS 
74;1124;4.5;0;FORD;JA8-SFJD1D-5DHABL;FIESTA / 1.0 / 74 5 vr;Nemcija;DEU;osebni avtomobil;180;vozilo z dviûnimi vrati zadaj;FIESTA 
74;1101;4.5;0;FORD;JA8-SFJB1D5DHABL;FIESTA / 1.0 / 74 5 vr;Nemcija;DEU;osebni avtomobil;180;vozilo z dviûnimi vrati zadaj;FIESTA 
74;1571;4.5;1;OPEL;DAFKE12-BA1K2JDJC5;ASTRA / CAR. 1.7 / DTI 16V;Nemcija;DEU;osebni avtomobil;182;karavan;ASTRA 
74;1745;4.5;1;RENAULT;BMR205;MEGANE / 1.5;Francija;FRA;osebni avtomobil;179;vozilo z dviûnimi vrati zadaj;MEGANE 
74;1270;4.5;1;RENAULT;BMR205;MEGANE / 1.5 / DCI;Francija;FRA;osebni avtomobil;179;vozilo z dviûnimi vrati zadaj;MEGANE 
74;1270;4.5;1;RENAULT;BMR2-05;MEGANE / 1.5 / DCI;Francija;FRA;osebni avtomobil;170;vozilo z dviûnimi vrati zadaj;MEGANE 
74;1250;4.5;1;RENAULT;CMR2-05;MEGANE / COUPE 1.5 / DCI;Francija;FRA;osebni avtomobil;179;vozilo z dviûnimi vrati zadaj;MEGANE 
74;1195;4.5;1;RENAULT;BMR-205;MEGANE / 1.5 / DCI;Francija;FRA;osebni avtomobil;168;vozilo z dviûnimi vrati zadaj;MEGANE 
74;1175;4.5;1;RENAULT;CMR205;MEGANE / 1.5 / DCI;Francija;FRA;osebni avtomobil;179;vozilo z dviûnimi vrati zadaj;MEGANE 
74;1276;4.6;0;FORD;DYBM2DC15-5ECALC;FOCUS / 1.0 / 74 S;Nemcija;DEU;osebni avtomobil;185;vozilo z dviûnimi vrati zadaj;FOCUS 
74;1123;4.6;0;FORD;JA8-SFJD1C-5DHABK;FIESTA / 1.0 / 74 3 vr;Nemcija;DEU;osebni avtomobil;180;vozilo z dviûnimi vrati zadaj;FIESTA 
74;1310;4.6;1;RENAULT;KMR2-05;MEGANE / BREAK 1.5 / DCI;Francija;FRA;osebni avtomobil;178;karavan;MEGANE 
74;1310;4.6;1;RENAULT;KMR205;MEGANE/GRANDTOUR 1.5/DCI;Francija;FRA;osebni avtomobil;178;karavan;MEGANE
74;1290;4.6;1;RENAULT;LMR2C5;MEGANE / SEDAN 1.5 / DCI;Francija;FRA;osebni avtomobil;182;limuzina;MEGANE 
74;1235;4.6;1;RENAULT;KMR-205;MEGANE / 1.5 / DCI;Francija;FRA;osebni avtomobil;168;karavan;MEGANE 
74;1276;4.7;0;FORD;DYBM2DA1K-5ECALC;FOCUS / 1.0 / 74;Nemcija;DEU;osebni avtomobil;185;vozilo z dviûnimi vrati zadaj;FOCUS 
74;1163;4.7;1;OPEL;DK11-1A17AJMFEJ5;CORSA / 1.7 / DTI;Nemcija;DEU;osebni avtomobil;188;vozilo z dviûnimi vrati zadaj;CORSA 
74;1155;4.7;1;OPEL;BK11-1A14AGMFEJ5;CORSA / 1.7 / DTI;Nemcija;DEU;osebni avtomobil;188;vozilo z dviûnimi vrati zadaj;CORSA 
74;1581;4.8;1;AUDI;8E-AVB;A 4 / AVANT 1.9;Nemcija;DEU;osebni avtomobil;191;karavan;A 4 
74;1563;4.8;1;AUDI;8E-AVB;A4 / AVANT / 1.9 / TDI;Nemcija;DEU;osebni avtomobil;191;karavan;A4 
74;1440;4.8;1;AUDI;8E-AVB;A4 / AVANT / 1.9 / TDI;Nemcija;DEU;osebni avtomobil;208;karavan;A4 
74;1430;4.8;1;AUDI;8E-AVB;A4 / AVANT / 1.9 / TDI;Nemcija;DEU;osebni avtomobil;191;limuzina;A4 
74;1313;4.8;0;FORD;DYB-M2DC16-5ECAMC;FOCUS / 1.0 / 74 S;Nemcija;DEU;osebni avtomobil;185;karavan;FOCUS 
74;1303;4.8;0;FORD;DYB-M2DC14X-5ECBCAMC;FOCUS / 1.0 / 74 S;Nemcija;DEU;osebni avtomobil;187;limuzina;FOCUS 
74;1276;4.8;0;FORD;DYBM2DA1K-5ECALC;FOCUS / 1.0 / 74;Nemcija;DEU;osebni avtomobil;185;vozilo z dviûnimi vrati zadaj;FOCUS 
74;1163;4.8;1;OPEL;DK11-1A17AJMFEJ5;CORSA / 1.7;Nemcija;DEU;osebni avtomobil;188;vozilo z dviûnimi vrati zadaj;CORSA 
74;1088;4.8;1;OPEL;DK11-1A17AJMFEJ5;OPEL / CORSA / 1.7 / DTI;Nemcija;DEU;osebni avtomobil;188;vozilo z dviûnimi vrati zadaj;OPEL 
74;1080;4.8;1;OPEL;BK11-1A14AGMFEJ5;CORSA / 1.7;Nemcija;DEU;osebni avtomobil;188;vozilo z dviûnimi vrati zadaj;CORSA 
74;1202;4.8;1;VOLKSWAGEN;ABSAXRX01-FM5FM52R0271N1X0GG;POLO / 1.9 / TDI;Nemcija;DEU;osebni avtomobil;188;vozilo z dviûnimi vrati zadaj;POLO 
74;1313;4.9;0;FORD;DYBM2DA1L-5ECAMC;FOCUS / 1.0 / 74;Nemcija;DEU;osebni avtomobil;185;karavan;FOCUS 
74;1279;4.9;0;FORD;JK8-SFJA1K5ABALR;B-MAX / 1.0 / 74 S;Nemcija;DEU;osebni avtomobil;175;vecnamensko vozilo;B-MAX 
74;1122;4.9;0;FORD;JA8-SFJB1D5EKABX;FIESTA / 1.0 / 74 A6 5 vr;Nemcija;DEU;osebni avtomobil;180;vozilo z dviûnimi vrati zadaj;FIESTA 
74;1121;4.9;0;FORD;JA8-SFJD1D-5EKABX;FIESTA / 1.0 / 74 A6 5 vr;Nemcija;DEU;osebni avtomobil;180;vozilo z dviûnimi vrati zadaj;FIESTA 
74;1380;4.9;1;OPEL;A-H-SW;ASTRA / 1.7 / CDTI;Nemcija;DEU;osebni avtomobil;168;vecnamensko vozilo;ASTRA 
74;1278;4.9;1;SEAT;STATDX01-SGFM52R011L40GZ;CORDOBA / 1.9;äpanija;ESP;osebni avtomobil;192;limuzina;CORDOBA 
74;1270;4.9;1;SEAT;SCAXRX01-SGFM52R011L40GG;IBIZA / 1.9 / TDI;äpanija;ESP;osebni avtomobil;190;vozilo z dviûnimi vrati zadaj;IBIZA 
74;1264;4.9;1;SEAT;6L;IBIZA / 1.9 / TDI;äpanija;ESP;osebni avtomobil;190;vozilo z dviûnimi vrati zadaj;IBIZA 
74;1257;4.9;1;SEAT;SCAXRX01-SGFM52R011L40GZ;IBIZA / 1.9 / TDI;äpanija;ESP;osebni avtomobil;190;vozilo z dviûnimi vrati zadaj;IBIZA 
74;1246;4.9;1;SEAT;STAXRX01-SGFM52R01140GG;CORDOBA / 1.9 / TDI;äpanija;ESP;osebni avtomobil;192;limuzina;CORDOBA 
74;1246;4.9;1;SEAT;SCATDX01-SGFM52R011L20GZ;IBIZA / 1.9;äpanija;ESP;osebni avtomobil;190;vozilo z dviûnimi vrati zadaj;IBIZA 
74;1244;4.9;1;SEAT;SCNAXRX01-SGFM52R01140GG;IBIZA / 1.9 / TDI;äpanija;ESP;osebni avtomobil;190;vozilo z dviûnimi vrati zadaj;IBIZA 
74;1235;4.9;1;SEAT;SCATDX01-SGFM52R011L21N10GZ;IBIZA / 1.9 / TDI;äpanija;ESP;osebni avtomobil;190;vozilo z dviûnimi vrati zadaj;IBIZA 
74;1223;4.9;1;SEAT;6L SCATDX01-SGFM52R011L41NN0GE;IBIZA / 1.9 / TDI;äpanija;ESP;osebni avtomobil;190;vozilo z dviûnimi vrati zadaj;IBIZA 
74;1219;4.9;1;SEAT;SCAXRX01-SGFM52R01120GG;IBIZA / 1.9 / TDI;äpanija;ESP;osebni avtomobil;190;vozilo z dviûnimi vrati zadaj;IBIZA 
74;1200;4.9;1;SEAT;6L SCATDX01-SGFM52R011L41N10GZ;IBIZA / 1.9;äpanija;ESP;osebni avtomobil;190;vozilo z dviûnimi vrati zadaj;IBIZA 
74;1189;4.9;1;SEAT;6L SCATDX01-SGFM52R011L21N10GE;IBIZA / 1.9 / TDI;äpanija;ESP;osebni avtomobil;190;vozilo z dviûnimi vrati zadaj;IBIZA 
74;1160;4.9;1;SEAT;6L SCATDX01-SGFM52R011L21N10GZ;SEAT / IBIZA / 1.9 / TDI;äpanija;ESP;osebni avtomobil;190;vozilo z dviûnimi vrati zadaj;SEAT 
74;1275;4.9;1;äKODA;SCAXRX01-NFM5FM52R011LALLE0GGS5;FABIA / 1.9 / TDI;Ceöka republika;CZE;osebni avtomobil;185;vozilo z dviûnimi vrati zadaj;FABIA 
74;1258;4.9;1;äKODA;SCAXRX01-NFM5FM52R011LALLE0GGS5;FABIA / 1.9;Ceöka republika;CZE;osebni avtomobil;185;vozilo z dviûnimi vrati zadaj;FABIA 
74;1255;4.9;1;äKODA;SEAXRX01-EFM5FM52R027ALLE0GGS5;FABIA / COMBI 1.9 / TDI;Ceöka republika;CZE;osebni avtomobil;187;karavan;FABIA 
74;1227;4.9;1;äKODA;SEAXRX01-NFM5FM52R027ALLE0GGS4;FABIA / COMBI 1.9 / TDI;Ceöka republika;CZE;osebni avtomobil;187;karavan;FABIA 
74;1220;4.9;1;äKODA;SCAXRX01-NFM5FM52R027ALLE0GGS5;FABIA / 1.9 / TDI;Ceöka republika;CZE;osebni avtomobil;185;vozilo z dviûnimi vrati zadaj;FABIA 
74;1190;4.9;1;äKODA;6Y SCATDX01-FM5FM52R011LALLE0GE;FABIA / 1.9;Ceöka republika;CZE;osebni avtomobil;185;limuzina;FABIA 
74;1183;4.9;1;äKODA;6Y SCATDX01-FM5FM52R011LALLE0GE;äKODA / FABIA / 1.9 / TDI;Ceöka republika;CZE;osebni avtomobil;185;limuzina;äKODA 
74;1279;4.9;1;VOLKSWAGEN;ABSAXRX01-FM5FM52R0271N1L0GG;POLO / 1.9 / TDI;Nemcija;DEU;osebni avtomobil;188;vozilo z dviûnimi vrati zadaj;POLO 
74;1278;4.9;1;VOLKSWAGEN;ABSAXRX01-FM5FM52R0111N1L0GG;POLO / 1.9 / TDI;Nemcija;DEU;osebni avtomobil;188;vozilo z dviûnimi vrati zadaj;POLO 
74;1272;4.9;1;VOLKSWAGEN;SCATDX01-SGFM52R0111N1L0GE;POLO / 1.9 / TDI;Nemcija;DEU;osebni avtomobil;188;vozilo z dviûnimi vrati zadaj;POLO 
74;1202;4.9;1;VOLKSWAGEN;ABSAXRX01-FM5FM52R0111N1X0GG;POLO / 1.9 / TDI;Nemcija;DEU;osebni avtomobil;188;vozilo z dviûnimi vrati zadaj;POLO 
74;1200;4.9;1;VOLKSWAGEN;9N ABSATDX01-FM5FM52R0111N1L0GZ;POLO / 1.9;Nemcija;DEU;osebni avtomobil;188;vozilo z dviûnimi vrati zadaj;POLO 
74;1190;4.9;1;VOLKSWAGEN;ABSATDX01-FM5FM52R0111N1L0GZ;POLO / 1.9;Nemcija;DEU;osebni avtomobil;188;vozilo z dviûnimi vrati zadaj;POLO 
74;1331;5.1;1;AUDI;LATDF1-FM52J060R8L60T2M;A3 / 1.9 / TDI;Nemcija;DEU;osebni avtomobil;188;vozilo z dviûnimi vrati zadaj;A3 
74;1326;5.1;1;AUDI;8LLATDF1-FM52J060R8L60T2M;A3 / 1.9 / TDI;Nemcija;DEU;osebni avtomobil;188;vozilo z dviûnimi vrati zadaj;A3 
74;1305;5.1;1;AUDI;8L-ATD;A3 / 1.9 / TDI;Nemcija;DEU;osebni avtomobil;188;vozilo z dviûnimi vrati zadaj;A3 
74;1305;5.1;1;AUDI;8L-ATD;A 3 / 1.9;Nemcija;DEU;osebni avtomobil;188;vozilo z dviûnimi vrati zadaj;A 3 
74;1265;5.1;1;AUDI;LATDF1-FM52J060R8L60T2M;A3 / 1.9 / TDI;Nemcija;DEU;osebni avtomobil;183;vozilo z dviûnimi vrati zadaj;A3 
74;1260;5.1;1;AUDI;8L-AXR;A3 / 1.9 / TDI;Nemcija;DEU;osebni avtomobil;188;vozilo z dviûnimi vrati zadaj;A3 
74;1260;5.1;1;AUDI;8LLALHF1-FM52J017R8L60T4M;A 3 / 1.9;Nemcija;DEU;osebni avtomobil;188;vozilo z dviûnimi vrati zadaj;A 3 
74;1250;5.1;1;AUDI;8L-LATDF1-FM52J060R8L60T4M;A3 / 1.9 / TDI;Nemcija;DEU;osebni avtomobil;188;vozilo z dviûnimi vrati zadaj;A3 
74;1205;5.1;1;AUDI;8L;A3 / 1.9 / TDI;Nemcija;DEU;osebni avtomobil;187;vozilo z dviûnimi vrati zadaj;A3 
74;1391;5.1;0;FORD;DXAM2DA1J-5CCAMB;C-MAX / 1.0 / SCTi Ecoboost 74 S;Nemcija;DEU;osebni avtomobil;174;vecnamensko vozilo;C-MAX 
74;1279;5.1;0;FORD;JK8-SFJB1K5ABALR;B-MAX / 1.0 / 74;Nemcija;DEU;osebni avtomobil;175;vecnamensko vozilo;B-MAX 
74;1274;5.1;0;FORD;JK8-SFJD1K-5ABALP;B-MAX / 1.0 / 74;Nemcija;DEU;osebni avtomobil;175;vecnamensko vozilo;B-MAX 
74;1346;5.1;0;MAZDA;64561WX;MAZDA 3 / SP / G100;Japonska ;JPN;osebni avtomobil;182;vozilo z dviûnimi vrati zadaj;MAZDA 3 
74;1310;5.1;0;MAZDA;64A61WX;MAZDA 3 / SP / G100;Japonska ;JPN;osebni avtomobil;190;vozilo z dviûnimi vrati zadaj;MAZDA 3 
74;1265;5.1;0;MAZDA;54561W0;MAZDA 3 / SP / G100;Japonska ;JPN;osebni avtomobil;182;vozilo z dviûnimi vrati zadaj;MAZDA 3 
74;1393;5.1;1;OPEL;FE11-1A06ABLCCC5;ASTRA / CAR. 1.7 / DTI 16V;Nemcija;DEU;osebni avtomobil;180;karavan;ASTRA 
74;1393;5.1;1;OPEL;EE11-1A06AAKFFC5;ASTRA / CAR. 1.7 / DTI 16V;Nemcija;DEU;osebni avtomobil;180;vecnamensko vozilo;ASTRA 
74;1386;5.1;1;OPEL;BE11-1A06ABKFFD5;ASTRA / 1.7 / DTI 16V;Nemcija;DEU;osebni avtomobil;180;limuzina;ASTRA 
74;1380;5.1;1;OPEL;AH-SW;ASTRA / 1.7 / CDTI;Nemcija;DEU;osebni avtomobil;180;karavan;ASTRA 
74;1365;5.1;1;OPEL;BE11-1A06AALCCC5;ASTRA / 1.7;Nemcija;DEU;osebni avtomobil;181;vozilo z dviûnimi vrati zadaj;ASTRA 
74;1365;5.1;1;OPEL;BE11-1A06AALCCC5;ASTRA / 1.7 / DTI 16V;Nemcija;DEU;osebni avtomobil;180;vozilo z dviûnimi vrati zadaj;ASTRA 
74;1365;5.1;1;OPEL;BE11-1A06AALCCC5;ASTRA / 1.7 / DTI 16V;Nemcija;DEU;osebni avtomobil;180;limuzina;ASTRA 
74;1345;5.1;1;OPEL;KE11-1A07ABLCCC5;ASTRA / 1.7 / DTI 16V;Nemcija;DEU;osebni avtomobil;182;kupe;ASTRA 
74;1290;5.1;1;OPEL;BE11-1A06AALCCC5;ASTRA / 1.7 / DTI 16V;Nemcija;DEU;osebni avtomobil;181;vozilo z dviûnimi vrati zadaj;ASTRA 
74;1163;5.1;0;OPEL;UR11-4B06E4C5PHR4;ADAM / 1.4 / 16V;Nemcija;DEU;osebni avtomobil;185;vozilo z dviûnimi vrati zadaj;ADAM 
74;1120;5.1;0;OPEL;BADTC12-BX1D3EHTK4;ADAM / 1.4 / 16V;Nemcija;DEU;osebni avtomobil;185;vozilo z dviûnimi vrati zadaj;ADAM 
74;1505;5.1;1;RENAULT;JM0205;MEGANE / SCENIC / 1.5 / DCI;Francija;FRA;osebni avtomobil;172;vecnamensko vozilo;MEGANE 
74;1415;5.1;1;RENAULT;JM0205;SCENIC / 1.5;Francija;FRA;osebni avtomobil;172;vecnamensko vozilo;SCENIC 
74;1415;5.1;1;RENAULT;JM-0205;MEGANE / SCENIC / 1.5 / DCI;Francija;FRA;osebni avtomobil;172;vecnamensko vozilo;MEGANE 
74;1174;5.1;0;RENAULT;RJABE2MT5TA08A5000;CLIO / 1.0 /;Francija;FRA;osebni avtomobil;187;vozilo z dviûnimi vrati zadaj;CLIO 
74;1075;5.1;1;ROVER;WN-01NRFWNN;25 / 2.0 / SDI;Zdruûeno kraljestvo;GBR;osebni avtomobil;185;vozilo z dviûnimi vrati zadaj;25
74;1389;5.1;1;äKODA;STAXRX01-FM5FM52J067M0GGS5;OCTAVIA / 1.9 / TDI;Ceöka republika;CZE;osebni avtomobil;189;limuzina;OCTAVIA 
74;1386;5.1;1;äKODA;STAXRX01-FM5FM52J067M0GGS5;OCTAVIA / 1.9;Ceöka republika;CZE;osebni avtomobil;189;limuzina;OCTAVIA 
74;1380;5.1;1;äKODA;SEAXRX01-FM5FM52J067M0GGS5;OCTAVIA / COMBI 1.9 / TDI;Ceöka republika;CZE;osebni avtomobil;189;karavan;OCTAVIA 
74;1360;5.1;1;äKODA;SEAXRX01-NFM5FM52J0670GGS5;OCTAVIA / COMBI 1.9 / TDI;Ceöka republika;CZE;osebni avtomobil;189;karavan;OCTAVIA 
74;1345;5.1;1;äKODA;STAXRX01-NFM5FM52J0670GGS5;OCTAVIA / 1.9 / TDI;Ceöka republika;CZE;osebni avtomobil;189;limuzina;OCTAVIA 
74;1225;5.1;1;äKODA;6Y-ATD;FABIA / COMBI 1.9;Ceöka republika;CZE;osebni avtomobil;178;karavan;FABIA 
74;1125;5.1;0;TOYOTA;NSP90L-CHFGKW(3D);YARIS / 1.3 /;Francija;FRA;osebni avtomobil;175;vecnamensko vozilo;YARIS 
74;1115;5.1;0;TOYOTA;NSP90L-CHFRKW(3E);YARIS / 1.3 /;Francija;FRA;osebni avtomobil;175;vecnamensko vozilo;YARIS 
74;1463;5.1;1;VOLKSWAGEN;1J;GOLF / 1.9 / TDI;Nemcija;DEU;osebni avtomobil;185;vozilo z dviûnimi vrati zadaj;GOLF 
74;1405;5.1;1;VOLKSWAGEN;SCATDX01-SGFM52J024M41N1;NEW BEETLE / 1.9 / TDI;Nemcija;DEU;osebni avtomobil;178;vozilo z dviûnimi vrati zadaj;NEW BEETLE 
74;1398;5.1;1;VOLKSWAGEN;SCAXRX01-SGFM52J060M41N10GR;GOLF / 1.9 / TDI;Nemcija;DEU;osebni avtomobil;188;vozilo z dviûnimi vrati zadaj;GOLF 
74;1395;5.1;1;VOLKSWAGEN;1J-AXR;GOLF / VAR. 1.9 / TDI;Nemcija;DEU;osebni avtomobil;188;karavan;GOLF 
74;1395;5.1;1;VOLKSWAGEN;SCATDX01-SGFM52J060M;GOLF / 1.9 / TDI;Nemcija;DEU;osebni avtomobil;188;vozilo z dviûnimi vrati zadaj;GOLF 
74;1383;5.1;1;VOLKSWAGEN;STATDX01-SGFM52J060M41N10GZ;BORA / 1.9;Nemcija;DEU;osebni avtomobil;188;limuzina;BORA 
74;1378;5.1;1;VOLKSWAGEN;SCATDX01-SGFM52J060M41N10GE;GOLF / 1.9 / TDI;Nemcija;DEU;osebni avtomobil;188;vozilo z dviûnimi vrati zadaj;GOLF 
74;1376;5.1;1;VOLKSWAGEN;1J;GOLF / 1.9 / TDI;Nemcija;DEU;osebni avtomobil;188;vozilo z dviûnimi vrati zadaj;GOLF 
74;1375;5.1;1;VOLKSWAGEN;1J-ATD;GOLF / VAR. 1.9 / TDI;Nemcija;DEU;osebni avtomobil;188;karavan;GOLF 
74;1372;5.1;1;VOLKSWAGEN;9C-ATD;NEW BEETLE / 1.9 / TDI;Mehika;MEX;osebni avtomobil;178;limuzina;NEW BEETLE 
74;1371;5.1;1;VOLKSWAGEN;SCATDX01-SGFM52J060M41N10GZ;GOLF / 1.9 / TDI;Nemcija;DEU;osebni avtomobil;188;vozilo z dviûnimi vrati zadaj;GOLF 
74;1370;5.1;1;VOLKSWAGEN;1JSCATDX01-SGFM52J060M41N10GE;GOLF / 1.9 / TDI;Nemcija;DEU;osebni avtomobil;188;vozilo z dviûnimi vrati zadaj;GOLF 
74;1370;5.1;1;VOLKSWAGEN;1J;GOLF / 1.9 / TDI;Nemcija;DEU;osebni avtomobil;188;karavan;GOLF 
74;1367;5.1;1;VOLKSWAGEN;9C-ATD;NEW BEETLE / 1.9 / TDI;Nemcija;DEU;osebni avtomobil;178;vozilo z dviûnimi vrati zadaj;NEW BEETLE 
74;1363;5.1;1;VOLKSWAGEN;1J-ATD;GOLF / 1.9;Nemcija;DEU;osebni avtomobil;188;vozilo z dviûnimi vrati zadaj;GOLF 
74;1359;5.1;1;VOLKSWAGEN;SCATDX01-SGFM52J024M41N10GZ;NEW BEETLE / 1.9 / TDI;Nemcija;DEU;osebni avtomobil;178;vozilo z dviûnimi vrati zadaj;NEW BEETLE 
74;1326;5.1;1;VOLKSWAGEN;1J-ATD;GOLF / 1.9 / TDI;Nemcija;DEU;osebni avtomobil;188;vozilo z dviûnimi vrati zadaj;GOLF 
74;1326;5.1;1;VOLKSWAGEN;STATDX01-SGFM52J060N41N10GZ;BORA / 1.9 / TDI;Nemcija;DEU;osebni avtomobil;188;limuzina;BORA 
74;1325;5.1;1;VOLKSWAGEN;SCATDX01-SGFM52J060M21N10GE;GOLF / 1.9 / TDI;Nemcija;DEU;osebni avtomobil;188;vozilo z dviûnimi vrati zadaj;GOLF 
74;1323;5.1;1;VOLKSWAGEN;SCAXRX01-SGFM52J060M41NN0GG;GOLF / 1.9 / TDI;Nemcija;DEU;osebni avtomobil;188;vozilo z dviûnimi vrati zadaj;GOLF 
74;1323;5.1;1;VOLKSWAGEN;1J-ATD;BORA / VAR. 1.9 / TDI;Nemcija;DEU;osebni avtomobil;188;karavan;BORA 
74;1308;5.1;1;VOLKSWAGEN;STATDX01-SGFM52J060M41N10GE;BORA / 1.9 / TDI;Nemcija;DEU;osebni avtomobil;188;limuzina;BORA 
74;1285;5.1;1;VOLKSWAGEN;SCAXRX01-SGFM52J060M21N10GR;GOLF / 1.9 / TDI;Nemcija;DEU;osebni avtomobil;188;vozilo z dviûnimi vrati zadaj;GOLF 
74;1265;5.1;1;VOLKSWAGEN;ABFAXRX01-FM5FM52R0271N10GG;POLO / 1.9 / TDI;Nemcija;DEU;osebni avtomobil;182;vozilo z dviûnimi vrati zadaj;POLO 
74;1228;5.1;1;VOLKSWAGEN;SCATDX01-SGFM52J060M41N1;GOLF / 1.9 / TDI;Nemcija;DEU;osebni avtomobil;188;vozilo z dviûnimi vrati zadaj;GOLF 
74;1190;5.1;1;VOLKSWAGEN;SCAXRX01-SGFM52R0111N;POLO / 1.9 / TDI;Nemcija;DEU;osebni avtomobil;188;vozilo z dviûnimi vrati zadaj;POLO 
74;1162;5.1;1;VOLKSWAGEN;SCATDX01-SGFM52J060M21N1;GOLF / 1.9 / TDI;Nemcija;DEU;osebni avtomobil;188;vozilo z dviûnimi vrati zadaj;GOLF 
74;1273;5.2;1;FORD;DNWFFDA1-PUERT;FOCUS / WAGON 1.8 / TDCI;Nemcija;DEU;osebni avtomobil;185;karavan;FOCUS 
74;1264;5.2;1;FORD;DFWFFDA1-5UFDLX;FOCUS / 1.8 / TDCi;Nemcija;DEU;osebni avtomobil;185;limuzina;FOCUS 
74;1242;5.2;1;FORD;DBWFFDA1-5PFDLP;FOCUS / 1.8 / TDCI;Nemcija;DEU;osebni avtomobil;185;vozilo z dviûnimi vrati zadaj;FOCUS 
74;1198;5.2;1;FORD;DNW-FFDA1;FOCUS / 1.8 / TDCi;Nemcija;DEU;osebni avtomobil;185;karavan;FOCUS 
74;1198;5.2;1;FORD;DNW-FFDA;FORD / FOCUS / 1.8 / TDCi;Nemcija;DEU;osebni avtomobil;185;karavan;FORD 
74;1182;5.2;1;FORD;DAW-FFDA;FOCUS / 1.8 / TDCi;Nemcija;DEU;osebni avtomobil;185;vozilo z dviûnimi vrati zadaj;FOCUS 
74;1350;5.2;1;LANCIA;350AXC1A02GL;MUSA / 1.9 / JTD;Italija;ITA;osebni avtomobil;179;vecnamensko vozilo;MUSA 
74;1455;5.2;1;OPEL;BE11-1A05A9GDBF5;MERIVA / 1.7 / DTI 16V;Nemcija;DEU;osebni avtomobil;178;vecnamensko vozilo;MERIVA 
74;1365;5.2;1;OPEL;BE11-1A06AALCCC5;ASTRA / 1.7;Nemcija;DEU;osebni avtomobil;181;vozilo z dviûnimi vrati zadaj;ASTRA 
74;1365;5.2;1;OPEL;CF11-1A06EFBCF5;COMBO-C / 1.7 / DTI;Nemcija;DEU;osebni avtomobil;170;vecnamensko vozilo;COMBO-C 
74;1290;5.2;1;OPEL;BE11 - 1A06AALCCC5;ASTRA / 1.7;Nemcija;DEU;osebni avtomobil;181;vozilo z dviûnimi vrati zadaj;ASTRA 
74;1290;5.2;1;OPEL;BE11-1A06AALCCC5;OPEL / ASTRA / 1.7 / DTI 16V;Nemcija;DEU;osebni avtomobil;181;vozilo z dviûnimi vrati zadaj;OPEL 
74;1290;5.2;1;OPEL;BE11-1A06AALCCC5;ASTRA / 1.7;Nemcija;DEU;osebni avtomobil;180;vozilo z dviûnimi vrati zadaj;ASTRA 
74;1290;5.2;1;OPEL;BF11-1A06JMBCB5;COMBO-C / 1.7;Nemcija;DEU;osebni avtomobil;170;vecnamensko vozilo;COMBO-C 
74;1278;5.2;0;OPEL;CADUC12-BX2F5JBFJ5;CORSA / 1.4 / TURBO;Nemcija;DEU;osebni avtomobil;185;vozilo z dviûnimi vrati zadaj;CORSA 
74;1055;5.2;0;OPEL;UPHNEK-X1B500;CORSA / 1.2 /;Francija;FRA;osebni avtomobil;188;vozilo z dviûnimi vrati zadaj;CORSA 
74;1229;5.2;0;RENAULT;RJABE2MT5TA07A5000;CLIO / 1.0 /;Francija;FRA;osebni avtomobil;187;vozilo z dviûnimi vrati zadaj;CLIO 
74;1225;5.2;0;RENAULT;RJABE2MT5TA06A5000;CLIO / 1.0 / 16 V;Francija;FRA;osebni avtomobil;197;vozilo z dviûnimi vrati zadaj;CLIO 
74;1222;5.2;0;RENAULT;RJABE2MT5TA08A5000;CLIO / 1.0 /;Francija;FRA;osebni avtomobil;187;vozilo z dviûnimi vrati zadaj;CLIO 
74;1190;5.2;0;RENAULT;RJABE2MT5TA08A5000;CLIO / 1.0 /;Francija;FRA;osebni avtomobil;187;vozilo za posebne namene;CLIO 
74;1174;5.2;0;RENAULT;RJABE2MT5TA28A5000;CLIO / 1.0 /;Francija;FRA;osebni avtomobil;188;vozilo z dviûnimi vrati zadaj;CLIO 
74;1406;5.2;1;äKODA;SEAXRX01-FM5FM52J067N0GGS5;OCTAVIA / COMBI 1.9 / TDI;Ceöka republika;CZE;osebni avtomobil;189;karavan;OCTAVIA 
74;1399;5.2;1;äKODA;SEAXRX01-FM5FM52J067N0GGS5;OCTAVIA / COMBI 1.9;Ceöka republika;CZE;osebni avtomobil;189;karavan;OCTAVIA 
74;1125;5.2;0;TOYOTA;NSP90L-CHFGKW(2F);YARIS / 1.33 /;Francija;FRA;osebni avtomobil;175;vecnamensko vozilo;YARIS 
74;1115;5.2;0;TOYOTA;NSP90L-CHLGKW(1F);YARIS / 1.33 / AUT.;Francija;FRA;osebni avtomobil;175;vecnamensko vozilo;YARIS 
74;1553;5.2;1;VOLKSWAGEN;1J-ATD;GOLF / VARIANT / 1.9 / TDI;Nemcija;DEU;osebni avtomobil;180;karavan;GOLF 
74;1417;5.2;1;VOLKSWAGEN;1J-ATD;BORA / 1.9 / TDI;Nemcija;DEU;osebni avtomobil;180;karavan;BORA 
74;1395;5.2;1;VOLKSWAGEN;1J;GOLF / 1.9 / TDI;Nemcija;DEU;osebni avtomobil;188;karavan;GOLF 
74;1323;5.2;1;VOLKSWAGEN;1J-AXR;GOLF / 1.9 / TDI;Nemcija;DEU;osebni avtomobil;188;vozilo z dviûnimi vrati zadaj;GOLF 
74;1323;5.2;1;VOLKSWAGEN;1J-ATD;GOLF / 1.9 / TDI;Nemcija;DEU;osebni avtomobil;180;vozilo z dviûnimi vrati zadaj;GOLF 
74;1320;5.2;1;VOLKSWAGEN;1J-AXR;GOLF / 1.9 / TDI;Nemcija;DEU;osebni avtomobil;180;karavan;GOLF 
74;1265;5.2;1;VOLKSWAGEN;ABFBMTX01-FM5FM52R0271N17GG;POLO / 1.9 / TDI;Nemcija;DEU;osebni avtomobil;182;vozilo z dviûnimi vrati zadaj;POLO 
74;1248;5.2;1;VOLKSWAGEN;1J-AXR;GOLF / 1.9;Nemcija;DEU;osebni avtomobil;180;limuzina;GOLF 
74;1051;5.2;0;VOLKSWAGEN;1E-AFT;GOLF / CABRIO 1.6;Nemcija;DEU;osebni avtomobil;185;kabriolet;GOLF 
74;1263;5.3;0;CHEVROLET;KNCS1-PAA5;AVEO / 1.4 / 16V;Koreja. republika;KOR;osebni avtomobil;174;limuzina;AVEO 
74;1256;5.3;0;CHEVROLET;KHCS1-FAA5;AVEO / 1.4 / 16V;Koreja. republika;KOR;osebni avtomobil;174;vozilo z dviûnimi vrati zadaj;AVEO 
74;1280;5.3;0;FORD;DEH-B3DA1NX-5APBH6AP8BK;FOCUS 1.0 / EB 74 M6;Nemcija;DEU;osebni avtomobil;186;vozilo z dviûnimi vrati zadaj;FOCUS 1.0 
74;1280;5.3;0;FORD;JU2-SFCD1L-5BDAND;TOURNEO COURIER / 1.0 /;Nemcija;DEU;osebni avtomobil;173;vecnamensko vozilo;TOURNEO COURIER 
74;1275;5.3;1;FORD;FFDA1-5PFDMY;FOCUS / 1.8 / TDCi;Nemcija;DEU;osebni avtomobil;185;karavan;FOCUS 
74;1400;5.3;1;MAZDA;CP;PREMACY / 2.0;Japonska ;JPN;osebni avtomobil;170;vozilo z dviûnimi vrati zadaj;PREMACY 
74;1455;5.3;1;OPEL;BE11-1A05A9GDBF5;MERIVA / 1.7;Nemcija;DEU;osebni avtomobil;178;limuzina;MERIVA 
74;1455;5.3;1;OPEL;CE11-1A05A9GDBF5;MERIVA / 1.7 / DTI 16V;Nemcija;DEU;osebni avtomobil;178;vecnamensko vozilo;MERIVA 
74;1455;5.3;1;OPEL;BE11-1A05A9GDBF5;MERIVA / 1.7 / DTI 16V;Nemcija;DEU;osebni avtomobil;161;vecnamensko vozilo;MERIVA 
74;1455;5.3;1;OPEL;BE11-1A05A9GDBF5;MERIVA / 1.7;Nemcija;DEU;osebni avtomobil;161;limuzina;MERIVA 
74;1380;5.3;1;OPEL;BE11-1A05A9GDBF5;MERIVA / 1.7;Nemcija;DEU;osebni avtomobil;178;vecnamensko vozilo;MERIVA 
74;1320;5.3;1;OPEL;X01MONOCAB BE11 1A05A9GDBF5;MERIVA / 1.7 / DTI;Nemcija;DEU;osebni avtomobil;178;vozilo z dviûnimi vrati zadaj;MERIVA 
74;1318;5.3;0;OPEL;CADUC12-BX2G1JBFJ5;CORSA / 1.4 /;Nemcija;DEU;osebni avtomobil;185;vozilo z dviûnimi vrati zadaj;CORSA 
74;1278;5.3;0;OPEL;CADUC12-BX2F5JBFJ5;CORSA-E / 1.4 / 16V TURBO;Nemcija;DEU;osebni avtomobil;185;vozilo z dviûnimi vrati zadaj;CORSA-E 
74;1237;5.3;0;OPEL;CADUC12-BX2F5JBFJ5;CORSA / 1.4 / TURBO;Nemcija;DEU;osebni avtomobil;185;vozilo z dviûnimi vrati zadaj;CORSA 
74;1199;5.3;0;OPEL;PR11-4AACB9Y0DKA5;CORSA / 1.4 / 16V;Nemcija;DEU;osebni avtomobil;180;vecnamensko vozilo;CORSA 
74;1055;5.3;0;OPEL;UPHNEK-X1B500;CORSA / 1.2 /;Francija;FRA;osebni avtomobil;188;vozilo z dviûnimi vrati zadaj;CORSA 
74;642;5.3;1;OPEL;BE11-1A05A9GDBC5;MERIVA / 1.7;Nemcija;DEU;osebni avtomobil;178;limuzina;MERIVA 
74;1212;5.3;0;PEUGEOT;UPHNEK-J1B700;208 / 1.2 /;Francija;FRA;osebni avtomobil;188;vozilo z dviûnimi vrati zadaj;208
74;1183;5.3;0;PEUGEOT;UPHNEK-J1B500;208 / 1.2 /;Francija;FRA;osebni avtomobil;188;vozilo z dviûnimi vrati zadaj;208
74;1540;5.3;1;RENAULT;JM02D5;GRAND SCENIC / 1.5;Francija;FRA;osebni avtomobil;172;vecnamensko vozilo;GRAND SCENIC 
74;1540;5.3;1;RENAULT;JM02-05;SCENIC / 1.5 / DCI;Francija;FRA;osebni avtomobil;172;vecnamensko vozilo;SCENIC 
74;1540;5.3;1;RENAULT;JM;MEGANE / SCENIC / 1.5 / DCI;Francija;FRA;osebni avtomobil;172;vecnamensko vozilo;MEGANE 
74;1221;5.3;0;RENAULT;RJABE2MT5TA07A5000;CLIO / 1.0 /;Francija;FRA;osebni avtomobil;188;vozilo z dviûnimi vrati zadaj;CLIO 
74;1220;5.3;0;RENAULT;RJABE2MT5TA38A5000;CLIO / 1.0 /;Francija;FRA;osebni avtomobil;188;vozilo z dviûnimi vrati zadaj;CLIO 
74;1219;5.3;0;RENAULT;RJABE2MT5TAA8A5000;CLIO / 1.0 /;Francija;FRA;osebni avtomobil;187;vozilo z dviûnimi vrati zadaj;CLIO 
74;1218;5.3;0;RENAULT;RJABE2MT5TA98A5000;CLIO / 1.0 /;Francija;FRA;osebni avtomobil;187;vozilo z dviûnimi vrati zadaj;CLIO 
74;1209;5.3;0;RENAULT;RJABE2MT5TA37A5000;CLIO / 1.0 /;Francija;FRA;osebni avtomobil;188;vozilo z dviûnimi vrati zadaj;CLIO 
74;1206;5.3;0;RENAULT;RJABE2MT5TA08A5000;CLIO / 1.0 /;Francija;FRA;osebni avtomobil;188;vozilo z dviûnimi vrati zadaj;CLIO 
74;1190;5.3;0;RENAULT;RJABE2MT5TAB8A5000;CLIO / 1.0 /;Francija;FRA;osebni avtomobil;187;vozilo z dviûnimi vrati zadaj;CLIO 
74;1130;5.3;1;RENAULT;JM02D5;SCENIC / 1.5;Francija;FRA;osebni avtomobil;172;vecnamensko vozilo;SCENIC 
74;1125;5.3;0;TOYOTA;NSP90L-CHFGKW(1E);YARIS / 1.3 /;Francija;FRA;osebni avtomobil;175;vecnamensko vozilo;YARIS 
74;1115;5.3;0;TOYOTA;NSP90L-CHFRKW(1E);YARIS / 1.3 /;Francija;FRA;osebni avtomobil;175;vecnamensko vozilo;YARIS 
74;1552;5.3;1;VOLKSWAGEN;3BG 612000;PASSAT / VARIANT 1.9 / TDI;Nemcija;DEU;osebni avtomobil;184;karavan;PASSAT 
74;1485;5.3;1;VOLKSWAGEN;1JSEATDX01-SGFM52J060N41N10GZ;GOLF / VAR. 1.9 / TDI;Nemcija;DEU;osebni avtomobil;188;karavan;GOLF 
74;1465;5.3;1;VOLKSWAGEN;1JSEAXRX01-SGFM52J060N41N10GG;GOLF / VAR. 1.9 / TDI;Nemcija;DEU;osebni avtomobil;188;karavan;GOLF 
74;1451;5.3;1;VOLKSWAGEN;ACAXRX0-FM5FM52J067N1N1;GOLF / VAR. 1.9 / TDI;Nemcija;DEU;osebni avtomobil;188;karavan;GOLF 
74;1442;5.3;1;VOLKSWAGEN;ACAXRX0-FM5FM52J067N1N1;GOLF / VAR. 1.9;Nemcija;DEU;osebni avtomobil;188;karavan;GOLF 
74;1439;5.3;1;VOLKSWAGEN;ACAXRX0-FM5FM52J067N1N1;GOLF / 1.9;Nemcija;DEU;osebni avtomobil;188;karavan;GOLF 
74;1436;5.3;1;VOLKSWAGEN;SEATDX01-SGFM52J060N41N10GZ;GOLF / VAR. 1.9 / TDI;Nemcija;DEU;osebni avtomobil;188;karavan;GOLF 
74;1434;5.3;1;VOLKSWAGEN;SEATDX01-SGFM52J060N41N10GZ;GOLF / VAR. 1.9;Nemcija;DEU;osebni avtomobil;188;karavan;GOLF 
74;1417;5.3;1;VOLKSWAGEN;1J;BORA / VAR. 1.9 / TDI;Nemcija;DEU;osebni avtomobil;188;karavan;BORA 
74;1410;5.3;1;VOLKSWAGEN;SEATDX01-SGFM52J060N41N10GE;GOLF / VAR. 1.9 / TDI;Nemcija;DEU;osebni avtomobil;188;karavan;GOLF 
74;1410;5.3;1;VOLKSWAGEN;1J-ATD;GOLF / 1.9 / TDI;Nemcija;DEU;osebni avtomobil;180;karavan;GOLF 
74;1410;5.3;1;VOLKSWAGEN;1J-ATD;GOLF / 1.9;Nemcija;DEU;osebni avtomobil;160;karavan;GOLF 
74;1405;5.3;1;VOLKSWAGEN;SCATDX01-SGFM52J024N41N1;NEW BEETLE / 1.9 / TDI;Nemcija;DEU;osebni avtomobil;178;vozilo z dviûnimi vrati zadaj;NEW BEETLE 
74;1398;5.3;1;VOLKSWAGEN;SCAXRX01-SGFM52J060N41N10GR;GOLF / 1.9 / TDI;Nemcija;DEU;osebni avtomobil;188;vozilo z dviûnimi vrati zadaj;GOLF 
74;1376;5.3;1;VOLKSWAGEN;SEATDX01-SGFM52J060N41NN;GOLF / VAR. 1.9 / TDI;Nemcija;DEU;osebni avtomobil;188;karavan;GOLF 
74;1375;5.3;1;VOLKSWAGEN;1JSEATDX01-SGFM52J060N41N10GE;GOLF / 1.9;Nemcija;DEU;osebni avtomobil;188;karavan;GOLF 
74;1367;5.3;1;VOLKSWAGEN;SCATDX01-SGFM52J024N41N;NEW BEETLE / 1.9 / TDI;Nemcija;DEU;osebni avtomobil;178;vozilo z dviûnimi vrati zadaj;NEW BEETLE 
74;1360;5.3;1;VOLKSWAGEN;1J SEATDX01-SGFM52J060N41N10GZ;GOLF / VAR. 1.9;Nemcija;DEU;osebni avtomobil;188;karavan;GOLF 
74;1323;5.3;1;VOLKSWAGEN;1J-AXR;GOLF / 1.9 / TDI;Nemcija;DEU;osebni avtomobil;188;vozilo z dviûnimi vrati zadaj;GOLF 
74;1320;5.3;1;VOLKSWAGEN;1J-ATD;GOLF / 1.9 / TDI;Nemcija;DEU;osebni avtomobil;188;karavan;GOLF 
74;1505;5.4;1;AUDI;8E-AVB;A4 / 1.9 / TDI;Nemcija;DEU;osebni avtomobil;182;karavan;A4 
74;1450;5.4;1;AUDI;8E-AVB;A4 / 1.9 / TDI;Nemcija;DEU;osebni avtomobil;195;limuzina;A4 
74;1450;5.4;1;AUDI;8E-AVB;A 4 / 1.9;Nemcija;DEU;osebni avtomobil;190;limuzina;A 4 
74;1445;5.4;1;AUDI;8E-AVB;A4 / 1.9 / TDI;Nemcija;DEU;osebni avtomobil;182;limuzina;A4 
74;1430;5.4;1;AUDI;8E-AVB;A4 / AVANT / 1.9 / TDI;Nemcija;DEU;osebni avtomobil;182;karavan;A4 
74;1382;5.4;1;AUDI;8E-AVB;A 4 / 1.9;Nemcija;DEU;osebni avtomobil;182;limuzina;A 4 
74;1325;5.4;1;FIAT;192AXP1A-33;STILO / 1.9 / JTD;Italija;ITA;osebni avtomobil;172;vozilo z dviûnimi vrati zadaj;STILO 
74;1460;5.4;1;OPEL;CL11-2A08AFKHEC5;MERIVA / 1.7 / DTI 16V;Nemcija;DEU;osebni avtomobil;180;vecnamensko vozilo;MERIVA 
74;1365;5.4;1;OPEL;537002;COMBO-C / 1.7 / DTI;Nemcija;DEU;osebni avtomobil;170;vecnamensko vozilo;COMBO-C 
74;1234;5.4;0;OPEL;CA0DCAA12-BA1C2EAUA5;ASTRA / 1.4 /;Nemcija;DEU;osebni avtomobil;185;vozilo z dviûnimi vrati zadaj;ASTRA 
74;1120;5.4;0;OPEL;BADTA12-BX1C6EHTJ4;ADAM / 1.4 /;Nemcija;DEU;osebni avtomobil;185;vozilo z dviûnimi vrati zadaj;ADAM 
74;1277;5.4;0;PEUGEOT;USHNKK-R1B500;2008 / 1.2 /;Francija;FRA;osebni avtomobil;185;vecnamensko vozilo;2008
74;1264;5.4;0;PEUGEOT;USHNKK-R1B400;2008 / 1.2 /;Francija;FRA;osebni avtomobil;185;vecnamensko vozilo;2008
74;1232;5.4;0;PEUGEOT;UPHNKS-J1BC00;208 / 1.2 / AUT.;Francija;FRA;osebni avtomobil;188;vozilo z dviûnimi vrati zadaj;208
74;1203;5.4;0;PEUGEOT;UPHNKS-J1BG00;208 / 1.2 / AUT.;Francija;FRA;osebni avtomobil;188;vozilo z dviûnimi vrati zadaj;208
74;1171;5.4;0;PEUGEOT;UPHNKK-J1B300;208 / 1.2 /;Francija;FRA;osebni avtomobil;188;vozilo z dviûnimi vrati zadaj;208
74;1168;5.4;0;PEUGEOT;UPHNKK-J1B100;208 / 1.2 /;Francija;FRA;osebni avtomobil;188;vozilo z dviûnimi vrati zadaj;208
74;1419;5.4;0;RENAULT;RFBKF2MS66SA010000;MEGANE / GRANDTOUR 1.2 / 16V;Francija;FRA;osebni avtomobil;182;karavan;MEGANE 
74;1415;5.4;1;RENAULT;JM;MEGANE / SCENIC / 1.5 / DCI;Francija;FRA;osebni avtomobil;172;vozilo z dviûnimi vrati zadaj;MEGANE 
74;1390;5.4;1;RENAULT;BGRE-05;LAGUNA / 1.9 / DCI;Francija;FRA;osebni avtomobil;185;vozilo z dviûnimi vrati zadaj;LAGUNA 
74;1352;5.4;0;RENAULT;RFBBF2MS66SA010000;MEGANE / 1.2 / 16V;Francija;FRA;osebni avtomobil;182;vozilo z dviûnimi vrati zadaj;MEGANE 
74;1315;5.4;1;RENAULT;BGRE05;LAGUNA / 1.9 / DCI;Francija;FRA;osebni avtomobil;185;vozilo z dviûnimi vrati zadaj;LAGUNA 
74;1175;5.4;0;RENAULT;BR140H;CLIO / 1.2 / 16V;Francija;FRA;osebni avtomobil;188;vozilo z dviûnimi vrati zadaj;CLIO 
74;1125;5.4;0;TOYOTA;NSP90L-CHFRKW(1F);YARIS / 1.33 /;Francija;FRA;osebni avtomobil;175;vecnamensko vozilo;YARIS 
74;1516;5.4;1;VOLKSWAGEN;3BG-AVB;PASSAT / 1.9 / TDI;Nemcija;DEU;osebni avtomobil;191;limuzina;PASSAT 
74;1504;5.4;1;VOLKSWAGEN;3BGSTAVBX01-SGFM512062NN0GE;PASSAT / 1.9;Nemcija;DEU;osebni avtomobil;191;limuzina;PASSAT 
74;1503;5.4;1;VOLKSWAGEN;3BG;PASSAT / 1.9;Nemcija;DEU;osebni avtomobil;191;limuzina;PASSAT 
74;1502;5.4;1;VOLKSWAGEN;3BGSTAVBX01-SGFM512062NN0GZ;PASSAT / 1.9 / TDI;Nemcija;DEU;osebni avtomobil;191;limuzina;PASSAT 
74;1501;5.4;1;VOLKSWAGEN;3BGSTAVBX01-SGFM512062NN0GE;PASSAT / 1.9 / TDI;Nemcija;DEU;osebni avtomobil;191;limuzina;PASSAT 
74;1500;5.4;1;VOLKSWAGEN;3BGSTAVBX01-SGFM512062NN0GE;PASSAT / VARIANT 1.9 / TDI;Nemcija;DEU;osebni avtomobil;191;karavan;PASSAT 
74;1471;5.4;1;VOLKSWAGEN;3BG-AVB;PASSAT / 1.9;Nemcija;DEU;osebni avtomobil;191;limuzina;PASSAT 
74;1442;5.4;1;VOLKSWAGEN;3BG;PASSAT / 1.9 / TDI;Nemcija;DEU;osebni avtomobil;191;limuzina;PASSAT 
74;1437;5.4;1;VOLKSWAGEN;SEATDX01-SGFM52J060N41N10GZ;GOLF / VAR. 1.9 / TDI;Nemcija;DEU;osebni avtomobil;188;karavan;GOLF 
74;1429;5.4;1;VOLKSWAGEN;3BG STAVBX01-SGFM512062NN0GZ;PASSAT / 1.9;Nemcija;DEU;osebni avtomobil;191;limuzina;PASSAT 
74;1426;5.4;1;VOLKSWAGEN;3BGSTAVBX01-SGFM512062NN;PASSAT / 1.9 / TDI;Nemcija;DEU;osebni avtomobil;191;limuzina;PASSAT 
74;1395;5.4;1;VOLKSWAGEN;1J;GOLF / 1.9 / TDI;Nemcija;DEU;osebni avtomobil;188;karavan;GOLF 
74;1323;5.4;1;VOLKSWAGEN;1J;GOLF / 1.9 / TDI;Nemcija;DEU;osebni avtomobil;188;vozilo z dviûnimi vrati zadaj;GOLF 
74;1588;5.5;1;AUDI;8EAAVBF1-FM52DHR8E500;A 4 / AVANT 1.9;Nemcija;DEU;osebni avtomobil;191;karavan;A 4 
74;1585;5.5;1;AUDI;8E-AVB;A4 / AVANT 1.9 / TDI;Nemcija;DEU;osebni avtomobil;191;karavan;A4 
74;1577;5.5;1;AUDI;8EAAVBF1-FM52DHR8E500;A4 / AVANT 1.9 / TDI;Nemcija;DEU;osebni avtomobil;191;karavan;A4 
74;1568;5.5;1;AUDI;8E;A4 / 1.9 / TDI / AVANT;Nemcija;DEU;osebni avtomobil;191;karavan;A4 
74;1565;5.5;1;AUDI;8E;A4 / 1.9 / TDI;Nemcija;DEU;osebni avtomobil;191;karavan;A4 
74;1539;5.5;1;AUDI;8E-LAVBF1;A4 / 1.9 / TDI;Nemcija;DEU;osebni avtomobil;195;limuzina;A4 
74;1523;5.5;1;AUDI;LAVBF1-FM52DHR8E50O;A4 / 1.9 / TDI;Nemcija;DEU;osebni avtomobil;195;limuzina;A4 
74;1520;5.5;1;AUDI;8E LAVBF1-FM52DHR8E50O;A 4 / 1.9;Nemcija;DEU;osebni avtomobil;195;limuzina;A 4 
74;1515;5.5;1;AUDI;8E;A4 / 1.9 / TDI;Nemcija;DEU;osebni avtomobil;195;limuzina;A4 
74;1513;5.5;1;AUDI;8ELAVBF1-FM52DHR8E500;A4 / 1.9 / TDI;Nemcija;DEU;osebni avtomobil;195;limuzina;A4 
74;1512;5.5;1;AUDI;8ELAVBF1-FM52DHR8E500;A4 / 1.9 / TDI;Nemcija;DEU;osebni avtomobil;195;limuzina;A4 
74;1510;5.5;1;AUDI;8ELAVBF1-FM52DHR8E500;A 4 / 1.9;Nemcija;DEU;osebni avtomobil;195;limuzina;A 4 
74;1510;5.5;1;AUDI;8ELAVBF1-FM52DHR8E500;A4 / 1.9 / TDI;Nemcija;DEU;osebni avtomobil;190;limuzina;A4 
74;1505;5.5;1;AUDI;8E;A4 / 1.9 / TDI;Nemcija;DEU;osebni avtomobil;195;karavan;A4 
74;1505;5.5;1;AUDI;8E-AVB;A 4 / AVANT 1.9;Nemcija;DEU;osebni avtomobil;191;karavan;A 4 
74;1501;5.5;1;AUDI;8E-AVB;A 4 / 1.9;Nemcija;DEU;osebni avtomobil;195;limuzina;A 4 
74;1450;5.5;1;AUDI;8E-AVB;A4 / 1.9 / TDI;Nemcija;DEU;osebni avtomobil;195;limuzina;A4 
74;1450;5.5;1;AUDI;8E;A 4 / 1.9;Nemcija;DEU;osebni avtomobil;195;limuzina;A 4 
74;1450;5.5;1;AUDI;8E;A4 / 1.9 / TDI;Nemcija;DEU;osebni avtomobil;190;limuzina;A4 
74;1375;5.5;1;AUDI;8E-AVB;A 4 / 1.9;Nemcija;DEU;osebni avtomobil;182;limuzina;A 4 
74;1350;5.5;1;FIAT;350AXC1A02B;IDEA / 1.9 / JTD;Italija;ITA;osebni avtomobil;179;vecnamensko vozilo;IDEA 
74;1275;5.5;1;FIAT;350AXC1A02B;IDEA / 1.9;Italija;ITA;osebni avtomobil;179;vecnamensko vozilo;IDEA 
74;1275;5.5;1;FIAT;350AXC1A02B;FIAT / IDEA / 1.9 / JTD;Italija;ITA;osebni avtomobil;179;vecnamensko vozilo;FIAT 
74;1275;5.5;1;FIAT;350AXC1A-02B;IDEA / 1.9 / JTD;Italija;ITA;osebni avtomobil;175;vecnamensko vozilo;IDEA 
74;1275;5.5;1;LANCIA;350AXC1A02CL;MUSA / 1.9 / JTD;Italija;ITA;osebni avtomobil;179;vecnamensko vozilo;MUSA 
74;1471;5.5;0;OPEL;BB11-2AABA2ADANA5;ASTRA / 1.4 / 16V;Nemcija;DEU;osebni avtomobil;178;vecnamensko vozilo;ASTRA 
74;1437;5.5;0;OPEL;CADTA12-BA1H1EKXA5;ASTRA / 1.4 /;Nemcija;DEU;osebni avtomobil;178;vozilo z dviûnimi vrati zadaj;ASTRA 
74;1393;5.5;0;OPEL;BB11-1A02A2ACANA5;ASTRA / 1.4 / 16V;Nemcija;DEU;osebni avtomobil;178;vecnamensko vozilo;ASTRA 
74;1393;5.5;0;OPEL;CADTA12-BA1G5EKXA5;ASTRA / 1.4 /;Nemcija;DEU;osebni avtomobil;178;vozilo z dviûnimi vrati zadaj;ASTRA 
74;1373;5.5;0;OPEL;BB11-1A01A2ACANA5;ASTRA / 1.4 / 16V;Nemcija;DEU;osebni avtomobil;178;vecnamensko vozilo;ASTRA 
74;1291;5.5;0;OPEL;DA0DCAA12-BA2D4EAUA5;ASTRA / ST 1.4 /;Nemcija;DEU;osebni avtomobil;185;karavan;ASTRA 
74;1284;5.5;0;OPEL;CA0DCAA12-BA1D3EAUK5;ASTRA / 1.4 /;Nemcija;DEU;osebni avtomobil;185;vozilo z dviûnimi vrati zadaj;ASTRA 
74;1278;5.5;0;OPEL;CA0DCAA12-BA1D3EAUJ5;ASTRA / 1.4 /;Nemcija;DEU;osebni avtomobil;185;vozilo z dviûnimi vrati zadaj;ASTRA 
74;1263;5.5;0;OPEL;USHNEK-41B500;MOKKA / 1.2 /;Francija;FRA;osebni avtomobil;188;vecnamensko vozilo;MOKKA 
74;1263;5.5;0;OPEL;CA0DCAA12-BA1D1XEAUJ5;ASTRA / 1.4 /;Nemcija;DEU;osebni avtomobil;185;vozilo z dviûnimi vrati zadaj;ASTRA 
74;1234;5.5;0;OPEL;CA0DCAA12-BA1D1EAUJ5;ASTRA / 1.4 /;Nemcija;DEU;osebni avtomobil;185;vozilo z dviûnimi vrati zadaj;ASTRA 
74;1199;5.5;0;OPEL;PR11-1AACA8L0ACA5;CORSA / 1.4 / 16V;Nemcija;DEU;osebni avtomobil;180;vecnamensko vozilo;CORSA 
74;1163;5.5;0;OPEL;UR11-1B06E4C5PHT4;ADAM / 1.4 / 16V;Nemcija;DEU;osebni avtomobil;185;vozilo z dviûnimi vrati zadaj;ADAM 
74;1163;5.5;0;OPEL;FR11-1A06D5X0BCA5;CORSA / 1.4 / 16V;Nemcija;DEU;osebni avtomobil;180;vecnamensko vozilo;CORSA 
74;1163;5.5;0;OPEL;PR11-1A06A8LACC5;CORSA / 1.4 / 16V;Nemcija;DEU;osebni avtomobil;173;vecnamensko vozilo;CORSA 
74;1141;5.5;0;OPEL;FR11-1A06D5X0DKA5;CORSA / 1.4 / 16V;Nemcija;DEU;osebni avtomobil;180;vecnamensko vozilo;CORSA 
74;1140;5.5;0;OPEL;FR11-1A06A5K0BCA5;CORSA / 1.4 / 16V;Nemcija;DEU;osebni avtomobil;180;vecnamensko vozilo;CORSA 
74;1120;5.5;0;OPEL;UR11-1B06E4C5PHS4;ADAM / 1.4 / 16V;Nemcija;DEU;osebni avtomobil;185;vozilo z dviûnimi vrati zadaj;ADAM 
74;1055;5.5;0;OPEL;UPHNKK-X1B300;CORSA / 1.2 /;Francija;FRA;osebni avtomobil;194;vozilo z dviûnimi vrati zadaj;CORSA 
74;1315;5.5;0;PEUGEOT;USHNKK-R1B500;2008 / 1.2 /;Francija;FRA;osebni avtomobil;185;vecnamensko vozilo;2008
74;1286;5.5;0;PEUGEOT;USHNKK-R1B300;2008 / 1.2 /;Francija;FRA;osebni avtomobil;185;vecnamensko vozilo;2008
74;1231;5.5;0;PEUGEOT;UPHNKS-J1BC00;208 / 1.2 / AUT.;Francija;FRA;osebni avtomobil;188;vozilo z dviûnimi vrati zadaj;208
74;1202;5.5;0;PEUGEOT;UPHNKK-J1B300;208 / 1.2 /;Francija;FRA;osebni avtomobil;188;vozilo z dviûnimi vrati zadaj;208
74;1199;5.5;0;PEUGEOT;UPHNKK-J1B100;208 / 1.2 /;Francija;FRA;osebni avtomobil;188;vozilo z dviûnimi vrati zadaj;208
74;1540;5.5;1;RENAULT;JM;MEGANE / SCENIC / 1.5 / DCI;Francija;FRA;osebni avtomobil;172;vecnamensko vozilo;MEGANE 
74;1315;5.5;1;RENAULT;BG0E05;LAGUNA / 1.9 / DCI;Francija;FRA;osebni avtomobil;190;vozilo z dviûnimi vrati zadaj;LAGUNA 
74;1195;5.5;0;RENAULT;KR140H;CLIO / GRANDTOUR 1.2 / 16V;Francija;FRA;osebni avtomobil;188;karavan;CLIO 
74;1175;5.5;0;RENAULT;BR140H;CLIO / 1.2 / 16V;Francija;FRA;osebni avtomobil;188;vozilo z dviûnimi vrati zadaj;CLIO 
74;1165;5.5;0;RENAULT;CR140H;CLIO / 1.2 / 16V;Francija;FRA;osebni avtomobil;188;vozilo z dviûnimi vrati zadaj;CLIO 
74;1542;5.5;1;äKODA;STAVBX01-FM5FM512062O;SUPERB / 1.9;Ceöka republika;CZE;osebni avtomobil;189;vozilo z dviûnimi vrati zadaj;SUPERB 
74;1205;5.5;0;TOYOTA;NSP110L-AHFNKW(2A);URBAN CRUISER / 1.33 /;Japonska ;JPN;osebni avtomobil;175;vecnamensko vozilo;URBAN CRUISER 
74;1195;5.5;0;TOYOTA;NSP110L-AHFRKW(2A);URBAN CRUISER / 1.33 /;Japonska ;JPN;osebni avtomobil;175;vecnamensko vozilo;URBAN CRUISER 
74;1528;5.5;1;VOLKSWAGEN;3BG;PASSAT / 1.9;Nemcija;DEU;osebni avtomobil;191;limuzina;PASSAT 
74;1520;5.5;1;VOLKSWAGEN;SEAVBX01-SGFM512062NN0GZ;PASSAT / VAR. 1.9 / TDI;Nemcija;DEU;osebni avtomobil;184;karavan;PASSAT 
74;1515;5.5;1;VOLKSWAGEN;3BGSTAVBX01-SGFM512062NN0Ge;PASSAT / 1.9 / TDI;Nemcija;DEU;osebni avtomobil;191;limuzina;PASSAT 
74;1509;5.5;1;VOLKSWAGEN;STAVBX01-SGFM512062NO0GZ;PASSAT / 1.9;Nemcija;DEU;osebni avtomobil;191;limuzina;PASSAT 
74;1508;5.5;1;VOLKSWAGEN;3BG;PASSAT / 1.9 / TDI;Nemcija;DEU;osebni avtomobil;191;limuzina;PASSAT 
74;1498;5.5;1;VOLKSWAGEN;STAVBX01-SGFM512062NN0GZ;PASSAT / 1.9 / TDI;Nemcija;DEU;osebni avtomobil;191;limuzina;PASSAT 
74;1497;5.5;1;VOLKSWAGEN;STAVBX01-SGFM512062NN0GE;PASSAT / 1.9 / TDI;Nemcija;DEU;osebni avtomobil;191;limuzina;PASSAT 
74;1480;5.5;1;VOLKSWAGEN;3BGSEAVBX01-SGFM512062N00GE;PASSAT / VARIANT 1.9;Nemcija;DEU;osebni avtomobil;184;karavan;PASSAT 
74;1471;5.5;1;VOLKSWAGEN;STAVBX01-SGFM512062NO0GE;PASSAT / 1.9 / TDI;Nemcija;DEU;osebni avtomobil;191;limuzina;PASSAT 
74;1469;5.5;1;VOLKSWAGEN;3BG;PASSAT / 1.9;Nemcija;DEU;osebni avtomobil;184;karavan;PASSAT 
74;1452;5.5;1;VOLKSWAGEN;3BG STAVBX01-SGFM512062NO0GZ;PASSAT / 1.9;Nemcija;DEU;osebni avtomobil;191;limuzina;PASSAT 
74;1444;5.5;1;VOLKSWAGEN;ABAXRX01-SGFM52J066N41N10GG;NEW BEETLE / CABRIOLET 1.9 / TDI;Nemcija;DEU;osebni avtomobil;177;kabriolet;NEW BEETLE 
74;1434;5.5;1;VOLKSWAGEN;3BG-AVB;PASSAT / VARIANT / 1.9 / TDI;Nemcija;DEU;osebni avtomobil;184;karavan;PASSAT 
74;1426;5.5;1;VOLKSWAGEN;3BGSTAVBX01-SGFM512062NN0GE;PASSAT / 1.9;Nemcija;DEU;osebni avtomobil;191;limuzina;PASSAT 
74;1425;5.5;1;VOLKSWAGEN;1Y;NEW BEETLE/ 1.9 TDI / CABRIO;Nemcija;DEU;osebni avtomobil;177;kabriolet;NEW BEETLE
74;1419;5.5;1;VOLKSWAGEN;AEAXRX01-FM5FM52J066N1N10GG;NEW BEETLE / CABRIOLET 1.9 / TDI;Nemcija;DEU;osebni avtomobil;177;kabriolet;NEW BEETLE 
74;1407;5.5;1;VOLKSWAGEN;3BGSTAVBX01-SGFM512062N00GE;PASSAT / 1.9 / TDI;Nemcija;DEU;osebni avtomobil;191;limuzina;PASSAT 
74;1395;5.5;1;VOLKSWAGEN;1-J;GOLF / 1.9 / TDI;Nemcija;DEU;osebni avtomobil;188;karavan;GOLF 
74;1367;5.5;1;VOLKSWAGEN;9C;NEW BEETLE / 1.9;Nemcija;DEU;osebni avtomobil;178;vozilo z dviûnimi vrati zadaj;NEW BEETLE 
74;1367;5.5;1;VOLKSWAGEN;9C;NEEW BEETLE / 1.9 / TDI;Nemcija;DEU;osebni avtomobil;178;vozilo z dviûnimi vrati zadaj;NEEW BEETLE 
74;1330;5.5;1;VOLKSWAGEN;1J;GOLF / 1.9 / TDI;Nemcija;DEU;osebni avtomobil;188;vozilo z dviûnimi vrati zadaj;GOLF 
74;1505;5.6;1;AUDI;8E;A4 / 1.9 / TDI;Nemcija;DEU;osebni avtomobil;191;karavan;A4 
74;1450;5.6;1;AUDI;8E;A 4 / 1.9;Nemcija;DEU;osebni avtomobil;195;limuzina;A 4 
74;1450;5.6;1;AUDI;8E;A4 / 1.9 / TDI;Nemcija;DEU;osebni avtomobil;190;limuzina;A4 
74;1450;5.6;1;AUDI;8E;A 4 / 1.9;Nemcija;DEU;osebni avtomobil;190;limuzina;A 4 
74;1448;5.6;1;AUDI;8E;A4 / 1.9 / TDI;Nemcija;DEU;osebni avtomobil;195;limuzina;A4 
74;1395;5.6;1;FIAT;192CXP1A 35;STILO / SW 1.9 / JTD;Italija;ITA;osebni avtomobil;203;vecnamensko vozilo;STILO 
74;1395;5.6;1;FIAT;192CXP1A 35;STILO / MW  1.9 / JTD;Italija;ITA;osebni avtomobil;190;vecnamensko vozilo;STILO 
74;1395;5.6;1;FIAT;192CXP1A35;STILO / MW 1.9 / JTD;Italija;ITA;osebni avtomobil;181;vecnamensko vozilo;STILO 
74;1505;5.6;1;FORD;BA7-FFBA1E5A;MONDEO / 1.8 / TDCI;Nemcija;DEU;osebni avtomobil;185;vozilo z dviûnimi vrati zadaj;MONDEO 
74;1473;5.6;0;FORD;DXA-B3DA1VX-5KKBZ6AAA65;C-MAX / 1.0 / EB 74 S;Nemcija;DEU;osebni avtomobil;174;vecnamensko vozilo;C-MAX 
74;1322;5.6;0;FORD;DEH-B3DA1NX-5APBZ6ABYAK;FOCUS / 1.0 / 74 EB M6 S;Nemcija;DEU;osebni avtomobil;186;vozilo z dviûnimi vrati zadaj;FOCUS 
74;1322;5.6;0;FORD;DEH-B3DA1NX-5APBZ6ABYAK;FOCUS 1.0 / EB 74 M6;Nemcija;DEU;osebni avtomobil;186;vozilo z dviûnimi vrati zadaj;FOCUS 1.0 
74;1322;5.6;0;FORD;DEH-B3DA1NX-5APBZ6ABYAK;FOCUS 1.0 / EB 74 M6;Nemcija;DEU;osebni avtomobil;182;vozilo z dviûnimi vrati zadaj;FOCUS 1.0 
74;1163;5.6;0;NISSAN;K14DD06;MICRA / 1.0 /;Francija;FRA;osebni avtomobil;184;vecnamensko vozilo;MICRA 
74;1137;5.6;0;NISSAN;K14DD01;MICRA / 1.0 /;Francija;FRA;osebni avtomobil;184;vecnamensko vozilo;MICRA 
74;1490;5.6;1;OPEL;VECTABH11-1A09AJAZCDA;VECTRA / 2.0;Nemcija;DEU;osebni avtomobil;192;limuzina;VECTRA 
74;1415;5.6;1;OPEL;BH11-1A09AJAZCDA5;VECTRA / 2.0;Nemcija;DEU;osebni avtomobil;192;limuzina;VECTRA 
74;1415;5.6;1;OPEL;BH11-1A09AJAZCDA5;OPEL / VECTRA / 2.0 / DT 16V;Nemcija;DEU;osebni avtomobil;192;limuzina;OPEL 
74;1366;5.6;1;OPEL;J96-BH11;VECTRA / 2.0 / DTI;Nemcija;DEU;osebni avtomobil;183;limuzina;VECTRA 
74;1361;5.6;0;OPEL;EADRC11-BX1G5EKXA5;MERIVA / 1.4 / 16V;Nemcija;DEU;osebni avtomobil;177;vecnamensko vozilo;MERIVA 
74;1237;5.6;0;OPEL;CA037CB12-BA1SAGJBD25;CORSA / 1.4 / TURBO;Nemcija;DEU;osebni avtomobil;185;vozilo z dviûnimi vrati zadaj;CORSA 
74;1055;5.6;0;OPEL;UPHNKK-X1B600;CORSA / 1.2 /;Nemcija;DEU;osebni avtomobil;194;vozilo z dviûnimi vrati zadaj;CORSA 
74;1055;5.6;0;OPEL;UPHNKK-X1B300;CORSA / 1.2 /;Francija;FRA;osebni avtomobil;194;vozilo z dviûnimi vrati zadaj;CORSA 
74;1316;5.6;0;PEUGEOT;USHNKK-R1B300;2008 / 1.2 /;Francija;FRA;osebni avtomobil;185;vecnamensko vozilo;2008
74;1212;5.6;0;PEUGEOT;UPHNKK-J1B100;208 / 1.2 /;Francija;FRA;osebni avtomobil;188;vozilo z dviûnimi vrati zadaj;208
74;1425;5.6;1;RENAULT;KG0E-05;LAGUNA / GRANDTOUR 1.9 / DCI;Francija;FRA;osebni avtomobil;182;karavan;LAGUNA 
74;1610;5.6;1;VOLKSWAGEN;SEAVBX01-SGFM512062NO0GZ;PASSAT / VAR. 1.9 / TDI;Nemcija;DEU;osebni avtomobil;184;karavan;PASSAT 
74;1569;5.6;1;VOLKSWAGEN;3BG-AVB;PASSAT / VARIANT / 1.9 / TDI;Nemcija;DEU;osebni avtomobil;201;karavan;PASSAT 
74;1566;5.6;1;VOLKSWAGEN;3BGSEAVBX01-SGFM512062N00GE;PASSAT / VARIANT 1.9 / TDI;Nemcija;DEU;osebni avtomobil;184;karavan;PASSAT 
74;1564;5.6;1;VOLKSWAGEN;3BGSEAVBX01-SGFM512062N00GE;PASSAT / VAR. 1.9 / TDI;Nemcija;DEU;osebni avtomobil;184;karavan;PASSAT 
74;1563;5.6;1;VOLKSWAGEN;3BG-AVB;PASSAT / VARIANT 1.9 / TDI;Nemcija;DEU;osebni avtomobil;184;karavan;PASSAT 
74;1562;5.6;1;VOLKSWAGEN;3BG;PASSAT / 1.9 / TDI;Nemcija;DEU;osebni avtomobil;184;karavan;PASSAT 
74;1559;5.6;1;VOLKSWAGEN;3BG-AVB;PASSAT / VARIANT 1.9;Nemcija;DEU;osebni avtomobil;184;karavan;PASSAT 
74;1551;5.6;1;VOLKSWAGEN;3BGSEAVBX01-SGFM512062N00GZ;PASSAT / VARIANT 1.9 / TDI;Nemcija;DEU;osebni avtomobil;184;karavan;PASSAT 
74;1548;5.6;1;VOLKSWAGEN;3BG-AVF;PASSAT / VARIANT 1.9 / TDI;Nemcija;DEU;osebni avtomobil;184;karavan;PASSAT 
74;1545;5.6;1;VOLKSWAGEN;3BG;PASSAT / 1.9;Nemcija;DEU;osebni avtomobil;184;karavan;PASSAT 
74;1538;5.6;1;VOLKSWAGEN;3BGSEAVBX01-SGFM512062N00GE;PASSAT / VARIANT 1.9;Nemcija;DEU;osebni avtomobil;184;karavan;PASSAT 
74;1537;5.6;1;VOLKSWAGEN;3BGSEAVBX01-SGFM512062N00GE;PASSAT / VAR. 1.9 / TDI;Nemcija;DEU;osebni avtomobil;184;karavan;PASSAT 
74;1516;5.6;1;VOLKSWAGEN;1J;GOLF / 1.9 / TDI;Nemcija;DEU;osebni avtomobil;185;karavan;GOLF 
74;1509;5.6;1;VOLKSWAGEN;3BG-AVB;PASSAT / VAR. 1.9 / TDI;Nemcija;DEU;osebni avtomobil;184;karavan;PASSAT 
74;1495;5.6;1;VOLKSWAGEN;3BG-AVB;PASSAT / 1.9 TD;Nemcija;DEU;osebni avtomobil;178;karavan;PASSAT 
74;1489;5.6;1;VOLKSWAGEN;3BG-AVB;PASSAT / VARIANT 1.9;Nemcija;DEU;osebni avtomobil;201;karavan;PASSAT 
74;1483;5.6;1;VOLKSWAGEN;SEAVBX01-SGFM512062NO0GZ;PASSAT /  VAR. 1.9 / TDI;Nemcija;DEU;osebni avtomobil;184;karavan;PASSAT 
74;1480;5.6;1;VOLKSWAGEN;3BG SEAVBX01-SGFM512062NO0GZ;PASSAT / 1.9;Nemcija;DEU;osebni avtomobil;184;karavan;PASSAT 
74;1479;5.6;1;VOLKSWAGEN;SEAVBX01-SGFM512062NO0GZ;PASSAT / VARIANT 1.9;Nemcija;DEU;osebni avtomobil;184;karavan;PASSAT 
74;1473;5.6;1;VOLKSWAGEN;3BG-AVB;PASSAT / VARIANT / 1.9 / TDI;Nemcija;DEU;osebni avtomobil;184;karavan;PASSAT 
74;1471;5.6;1;VOLKSWAGEN;3BG;PASSAT / 1.9 / TDI;Nemcija;DEU;osebni avtomobil;191;limuzina;PASSAT 
74;1395;5.6;1;VOLKSWAGEN;1J;GOLF / 1.9;Nemcija;DEU;osebni avtomobil;188;karavan;GOLF 
74;1367;5.6;1;VOLKSWAGEN;9C;NEW BEETLE / 1.9;Nemcija;DEU;osebni avtomobil;178;vozilo z dviûnimi vrati zadaj;NEW BEETLE 
74;1323;5.6;1;VOLKSWAGEN;1J;GOLF / 1.9;Nemcija;DEU;osebni avtomobil;188;vozilo z dviûnimi vrati zadaj;GOLF 
74;1285;5.6;1;VOLKSWAGEN;1J;GOLF / 1.9 / TDI;Nemcija;DEU;osebni avtomobil;188;vozilo z dviûnimi vrati zadaj;GOLF 
74;1505;5.7;1;AUDI;8E;A4 / 1.9 / TDI;Nemcija;DEU;osebni avtomobil;191;karavan;A4 
74;1505;5.7;1;AUDI;8E;A 4 / 1.9;Nemcija;DEU;osebni avtomobil;191;karavan;A 4 
74;1459;5.7;1;AUDI;8E;A 4 / 1.9;Nemcija;DEU;osebni avtomobil;190;limuzina;A 4 
74;1450;5.7;1;AUDI;8E;A4 / 1.9 / TDI;Nemcija;DEU;osebni avtomobil;195;limuzina;A4 
74;1450;5.7;1;AUDI;8E;A4 / 1.9 / TDI;Nemcija;DEU;osebni avtomobil;190;limuzina;A4 
74;1524;5.7;1;FORD;BA7-FFBA1G5ADCPV;MONDEO / 1.8 / TDCI;Nemcija;DEU;osebni avtomobil;180;karavan;MONDEO 
74;1154;5.7;0;NISSAN;K14DD01;MICRA / 1.0 /;Francija;FRA;osebni avtomobil;184;vecnamensko vozilo;MICRA 
74;1153;5.7;0;NISSAN;K14DD01;MICRA / 1.0 /;Francija;FRA;osebni avtomobil;184;vozilo z dviûnimi vrati zadaj;MICRA 
74;1505;5.7;1;OPEL;BR11-4A12ANDDPMA5;VECTRA / 1.9 / DT;Nemcija;DEU;osebni avtomobil;186;limuzina;VECTRA 
74;1503;5.7;1;OPEL;DR11-4A10BBDCPMA5;VECTRA / 1.9 / DT;Nemcija;DEU;osebni avtomobil;186;vozilo z dviûnimi vrati zadaj;VECTRA 
74;1395;5.7;1;OPEL;JBF19;VECTRA / 2.0 / DTI 16V;Nemcija;DEU;osebni avtomobil;178;limuzina;VECTRA 
74;1366;5.7;1;OPEL;J96-BT11;VECTRA / 2.0;Nemcija;DEU;osebni avtomobil;183;limuzina;VECTRA 
74;1330;5.7;1;OPEL;T98DK11-2A38CF55HKU5;ASTRA / 2.0 / DTI;Nemcija;DEU;osebni avtomobil;188;vozilo z dviûnimi vrati zadaj;ASTRA 
74;1320;5.7;0;OPEL;DA0DCAA12-BA2E2EAUJ5;ASTRA / ST 1.4 /;Nemcija;DEU;osebni avtomobil;185;karavan;ASTRA 
74;1263;5.7;0;OPEL;DA0DCAA12-BA2E2EAUK5;ASTRA / ST 1.4 /;Nemcija;DEU;osebni avtomobil;185;karavan;ASTRA 
74;1239;5.7;1;OPEL;T98-DK11-2A19BD51HKU5;ASTRA / 2.0 / DTI;Nemcija;DEU;osebni avtomobil;188;vozilo z dviûnimi vrati zadaj;ASTRA 
74;1199;5.7;0;OPEL;PR11-1AACA8L0ACA5;CORSA / 1.4 / 16V;Nemcija;DEU;osebni avtomobil;180;vecnamensko vozilo;CORSA 
74;1199;5.7;0;OPEL;PR11-1AACB9Y0BCA5;CORSA / 1.4 / 16V;äpanija;ESP;osebni avtomobil;180;vecnamensko vozilo;CORSA 
74;1165;5.7;0;OPEL;FR11-1A10B7X0FEA5;CORSA / 1.4 / 16V AUT.;Nemcija;DEU;osebni avtomobil;172;vecnamensko vozilo;CORSA 
74;1163;5.7;0;OPEL;PR11-1AACB9Y0DKA5;CORSA / 1.4 / 16V;Nemcija;DEU;osebni avtomobil;180;vecnamensko vozilo;CORSA 
74;1163;5.7;0;OPEL;PR11-1A06A8L0ACA5;CORSA / 1.4 / 16V;Nemcija;DEU;osebni avtomobil;173;vecnamensko vozilo;CORSA 
74;1140;5.7;0;OPEL;FR11-1A06A5K0ACA5;CORSA / 1.4 / 16V;Nemcija;DEU;osebni avtomobil;180;vecnamensko vozilo;CORSA 
74;1055;5.7;0;RENAULT;CN0F05;TWINGO / 1.2 / 16V T.;Francija;FRA;osebni avtomobil;185;vozilo z dviûnimi vrati zadaj;TWINGO 
74;1567;5.7;1;VOLKSWAGEN;3BG;PASSAT / 1.9;Nemcija;DEU;osebni avtomobil;184;karavan;PASSAT 
74;1563;5.7;1;VOLKSWAGEN;3BG;PASSAT / 1.9 / TDI;Nemcija;DEU;osebni avtomobil;184;karavan;PASSAT 
74;1535;5.7;1;VOLKSWAGEN;3BG-AVB;PASSAT / VARIANT  / 1.9 / TDI;Nemcija;DEU;osebni avtomobil;201;karavan;PASSAT 
74;1520;5.7;1;VOLKSWAGEN;3-BG;PASSAT / 1.9 / TDI;Nemcija;DEU;osebni avtomobil;184;karavan;PASSAT 
74;1516;5.7;1;VOLKSWAGEN;1J;GOLF / 1.9 / TDI;Nemcija;DEU;osebni avtomobil;185;karavan;GOLF 
74;1509;5.7;1;VOLKSWAGEN;3BG; /;Nemcija;DEU;osebni avtomobil;184;karavan;
74;1493;5.7;1;VOLKSWAGEN;3BG-AVB;PASSAT / 1.9 / TDI;Nemcija;DEU;osebni avtomobil;184;karavan;PASSAT 
74;1471;5.7;1;VOLKSWAGEN;3BG;PASSAT / 1.9 / TDI;Nemcija;DEU;osebni avtomobil;191;limuzina;PASSAT 
74;1469;5.7;1;VOLKSWAGEN;3BG;PASSAT 1.9;Nemcija;DEU;osebni avtomobil;184;karavan;PASSAT 1.9
74;1463;5.7;1;VOLKSWAGEN;1J;GOLF / 1.9;Nemcija;DEU;osebni avtomobil;185;vozilo z dviûnimi vrati zadaj;GOLF 
74;1425;5.7;1;VOLKSWAGEN;3BG;PASSAT / 1.9;Nemcija;DEU;osebni avtomobil;191;limuzina;PASSAT 
74;1405;5.7;1;VOLKSWAGEN;SEAVBX01-SGFM512062NO0GE;PASSAT / VAR. 1.9 / TDI;Nemcija;DEU;osebni avtomobil;184;karavan;PASSAT 
74;1395;5.7;1;VOLKSWAGEN;1-J;GOLF / 1.9 / TDI;Nemcija;DEU;osebni avtomobil;188;karavan;GOLF 
74;1323;5.7;1;VOLKSWAGEN;1J;GOLF / 1.9 / TDI;Nemcija;DEU;osebni avtomobil;188;vozilo z dviûnimi vrati zadaj;GOLF 
74;1285;5.7;1;VOLKSWAGEN;1-J;GOLF / 1.9 / TDI;Nemcija;DEU;osebni avtomobil;188;vozilo z dviûnimi vrati zadaj;GOLF 
74;1505;5.8;1;AUDI;8E;A4 / 1.9 / TDI;Nemcija;DEU;osebni avtomobil;191;karavan;A4 
74;1190;5.8;1;MAZDA;BJ12R Z X/2;323 /  DITD / 4T / ELEGANCE;Japonska ;JPN;osebni avtomobil;189;limuzina;323
74;1495;5.8;1;OPEL;J96FT11-2A17VWNCD5;VECTRA / CAR. 2.0 / DTI;Nemcija;DEU;osebni avtomobil;188;karavan;VECTRA 
74;1463;5.8;1;OPEL;J96-KOMBI;VECTRA / 2.0;Nemcija;DEU;osebni avtomobil;187;karavan;VECTRA 
74;1395;5.8;1;OPEL;BM11-2A10ACRFFD5;ASTRA / 1.9 / DT;Nemcija;DEU;osebni avtomobil;180;vozilo z dviûnimi vrati zadaj;ASTRA 
74;1393;5.8;0;OPEL;AADTA12-BA2H1EKXJ5;ASTRA / 1.4 /;Nemcija;DEU;osebni avtomobil;183;limuzina;ASTRA 
74;1393;5.8;1;OPEL;FL11-2A06ACMFFD5;ASTRA / CAR. 1.9 / DT;Nemcija;DEU;osebni avtomobil;180;karavan;ASTRA 
74;1373;5.8;0;OPEL;CADTA12-BA1G5EKXJ5;ASTRA / 1.4 /;Nemcija;DEU;osebni avtomobil;178;vozilo z dviûnimi vrati zadaj;ASTRA 
74;1370;5.8;1;OPEL;T98-KOMBI;ASTRA / 2.0;Nemcija;DEU;osebni avtomobil;183;karavan;ASTRA 
74;1320;5.8;1;OPEL;J96-FJ11-2A11TNNKD5;VECTRA / 2.0;Nemcija;DEU;osebni avtomobil;187;karavan;VECTRA 
74;1120;5.8;0;OPEL;BA034CA12-BA2MAFEHN24;ADAM / 1.4 /;Nemcija;DEU;osebni avtomobil;185;vozilo z dviûnimi vrati zadaj;ADAM 
74;1202;5.8;0;PEUGEOT;UPHNKS-J1B300;208 / 1.2 / AUT.;Francija;FRA;osebni avtomobil;188;vozilo z dviûnimi vrati zadaj;208
74;1195;5.8;0;RENAULT;KR1P0H;CLIO / GRANDTOUR 1.2 / 16V;Francija;FRA;osebni avtomobil;183;karavan;CLIO 
74;1175;5.8;0;RENAULT;BRCP0H;CLIO / 1.2 / 16V;Francija;FRA;osebni avtomobil;183;vozilo z dviûnimi vrati zadaj;CLIO 
74;1165;5.8;0;RENAULT;CR1P0H;CLIO / 1.2 / 16V;Francija;FRA;osebni avtomobil;183;vozilo z dviûnimi vrati zadaj;CLIO 
74;1535;5.8;1;VOLKSWAGEN;3BG-AVB;PASSAT / 1.9 / TDI / VARIANT;Nemcija;DEU;osebni avtomobil;184;karavan;PASSAT 
74;1520;5.8;1;VOLKSWAGEN;3BG;PASSAT / 1.9;Nemcija;DEU;osebni avtomobil;184;karavan;PASSAT 
74;1516;5.8;1;VOLKSWAGEN;1J;GOLF / 1.9;Nemcija;DEU;osebni avtomobil;185;karavan;GOLF 
74;1471;5.8;1;VOLKSWAGEN;3BG;PASSAT / 1.9 / TDI;Nemcija;DEU;osebni avtomobil;191;limuzina;PASSAT 
74;1469;5.8;1;VOLKSWAGEN;3BG;PASSAT / 1.9 / TDI;Nemcija;DEU;osebni avtomobil;184;karavan;PASSAT 
74;1395;5.8;1;VOLKSWAGEN;1J;GOLF / 1.9;Nemcija;DEU;osebni avtomobil;188;karavan;GOLF 
74;1323;5.8;1;VOLKSWAGEN;1J;GOLF / 1.9;Nemcija;DEU;osebni avtomobil;188;vozilo z dviûnimi vrati zadaj;GOLF 
74;1268;5.9;0;CHEVROLET;KNCH1-KAA5;AVEO / 1.4 / 16V;Koreja. republika;KOR;osebni avtomobil;174;limuzina;AVEO 
74;1253;5.9;0;CHEVROLET;KHCH1-DAA5;AVEO / 1.4 / 16V;Koreja. republika;KOR;osebni avtomobil;174;vozilo z dviûnimi vrati zadaj;AVEO 
74;1218;5.9;0;CHEVROLET;SN6-483;AVEO / 1.4 / 16V;Koreja. republika;KOR;osebni avtomobil;175;limuzina;AVEO 
74;1208;5.9;0;CHEVROLET;SH6-583;AVEO / 1.4 / 16V;Koreja. republika;KOR;osebni avtomobil;175;vozilo z dviûnimi vrati zadaj;AVEO 
74;1185;5.9;0;CHEVROLET;SH6-683;AVEO / 1.4 / 16V;Koreja. republika;KOR;osebni avtomobil;175;vozilo z dviûnimi vrati zadaj;AVEO 
74;1145;5.9;0;CHEVROLET;SH6-583;AVEO / 1.4 / 16V;Koreja. republika;KOR;osebni avtomobil;172;vozilo z dviûnimi vrati zadaj;AVEO 
74;1340;5.9;1;FIAT;223AXF1A04B;DOBLO / 1.9 / JTD;Italija;ITA;osebni avtomobil;165;vecnamensko vozilo;DOBLO 
74;1595;5.9;1;OPEL;HF11-1A04ADADCDB5;SIGNUM / 2.0 / DTI;Nemcija;DEU;osebni avtomobil;185;vozilo z dviûnimi vrati zadaj;SIGNUM 
74;1585;5.9;1;OPEL;Z-C/SW BL11 2A13ASARPMJ5;VECTRA / CAR. 1.9 / CDTI;Nemcija;DEU;osebni avtomobil;182;karavan;VECTRA 
74;1580;5.9;1;OPEL;C - SW;VECTRA / 2.0 / DTI;Nemcija;DEU;osebni avtomobil;186;karavan;VECTRA 
74;1550;5.9;1;OPEL;BF 11;VECTRA / 2.0 / DTI;Nemcija;DEU;osebni avtomobil;186;karavan;VECTRA 
74;1505;5.9;1;OPEL;BF11-1A11ARBMCDJ5;VECTRA / CAR. 2.0 / DT 16V;Nemcija;DEU;osebni avtomobil;186;karavan;VECTRA 
74;1505;5.9;1;OPEL;BF11-1A11ARBMCDJ5;OPEL/VECTRA/CAR. 2.0/DT 16V;Nemcija;DEU;osebni avtomobil;186;karavan;OPEL
74;1495;5.9;1;OPEL;J96-KOMBI;VECTRA / 2.0;Nemcija;DEU;osebni avtomobil;188;karavan;VECTRA 
74;1490;5.9;1;OPEL;BH11;VECTRA / 2.0 / DTI;Nemcija;DEU;osebni avtomobil;192;limuzina;VECTRA 
74;1471;5.9;0;OPEL;BADFC11-BA3H4EH2A5;ASTRA / GTC 1.4 / 16V;Nemcija;DEU;osebni avtomobil;178;vozilo z dviûnimi vrati zadaj;ASTRA 
74;1463;5.9;1;OPEL;J96-KOMBI;VECTRA / 2.0;Nemcija;DEU;osebni avtomobil;187;karavan;VECTRA 
74;1435;5.9;1;OPEL;FL11-2A09ACMFFD5;ASTRA / CAR. 1.9 / DT;Nemcija;DEU;osebni avtomobil;180;vecnamensko vozilo;ASTRA 
74;1393;5.9;0;OPEL;DADFA12-BA1H4EHXC5;ASTRA / CAR. 1.4 / 16V;Nemcija;DEU;osebni avtomobil;175;karavan;ASTRA 
74;1385;5.9;1;OPEL;TGF35-Y20DTH;ASTRA / CAR. 2.0;Nemcija;DEU;osebni avtomobil;183;karavan;ASTRA 
74;1370;5.9;1;OPEL;T98FK11-2A13BK34HKM5;ASTRA / CAR. 2.0;Nemcija;DEU;osebni avtomobil;183;karavan;ASTRA 
74;1360;5.9;1;OPEL;T98-KOMBI;ASTRA / 2.0 / DTI;Nemcija;DEU;osebni avtomobil;183;karavan;ASTRA 
74;1310;5.9;1;OPEL;FK11-2A23BT37HKM5;ASTRA / CAR. 2.0 / DT 16V;Nemcija;DEU;osebni avtomobil;183;karavan;ASTRA 
74;1188;5.9;0;OPEL;PR11-1A11B9Y0FEA5;CORSA / 1.4 / 16V AUT.;Nemcija;DEU;osebni avtomobil;172;vecnamensko vozilo;CORSA 
74;1055;5.9;0;OPEL;UPHNKS-X1B300;CORSA / 1.2 / AUT.;Nemcija;DEU;osebni avtomobil;192;vozilo z dviûnimi vrati zadaj;CORSA 
74;1055;5.9;0;OPEL;UPHNKS-X1B600;CORSA / 1.2 / AUT.;Francija;FRA;osebni avtomobil;192;vozilo z dviûnimi vrati zadaj;CORSA 
74;1245;5.9;0;PEUGEOT;UPHNKS-J1B100;208 / 1.2 / AUT.;Francija;FRA;osebni avtomobil;188;vozilo z dviûnimi vrati zadaj;208
74;1223;5.9;0;PEUGEOT;UPHNKS-J1B300;208 / 1.2 / AUT.;Francija;FRA;osebni avtomobil;188;vozilo z dviûnimi vrati zadaj;208
74;1277;5.9;0;RENAULT;RJBHE2MT5TA61A5000;CAPTUR / 1.0 /;Francija;FRA;osebni avtomobil;184;vozilo z dviûnimi vrati zadaj;CAPTUR 
74;1277;5.9;0;RENAULT;RJBHE2MT5TA61A5000;CAPTUR / 1.0 /;Francija;FRA;osebni avtomobil;173;vozilo z dviûnimi vrati zadaj;CAPTUR 
74;1235;5.9;0;RENAULT;JP0WF5;MODUS / 1.2 / 16V;Francija;FRA;osebni avtomobil;180;vecnamensko vozilo;MODUS 
74;1195;5.9;0;RENAULT;KRCP0H;CLIO / GRANDTOUR 1.2 / 16V;Francija;FRA;osebni avtomobil;183;karavan;CLIO 
74;1175;5.9;0;RENAULT;BR1P0H;CLIO / 1.2 / 16V;Francija;FRA;osebni avtomobil;183;vozilo z dviûnimi vrati zadaj;CLIO 
74;1165;5.9;0;RENAULT;CRCP0H;CLIO / 1.2 / 16V;Francija;FRA;osebni avtomobil;183;vozilo z dviûnimi vrati zadaj;CLIO 
74;1165;5.9;0;RENAULT;JP0W05;MODUS / 1.2 / 16V;Francija;FRA;osebni avtomobil;180;vecnamensko vozilo;MODUS 
74;1155;5.9;0;RENAULT;CR1J0H;CLIO / 1.2 / 16V;Francija;FRA;osebni avtomobil;167;vozilo z dviûnimi vrati zadaj;CLIO 
74;1055;5.9;0;RENAULT;CN0C05;TWINGO / 1.2 / 16V T.;Francija;FRA;osebni avtomobil;185;vozilo z dviûnimi vrati zadaj;TWINGO 
74;1355;5.9;0;TOYOTA;NRE150L-DHFDKW(1D);AURIS / 1.33 /;Turcija;TUR;osebni avtomobil;175;vozilo z dviûnimi vrati zadaj;AURIS 
74;1325;5.9;0;TOYOTA;NRE150L-DHFNKW(1H);AURIS / 1.4 /;Turcija;TUR;osebni avtomobil;175;vecnamensko vozilo;AURIS 
74;1295;5.9;0;TOYOTA;NRE150L-DHFDKW(1G);AURIS / 1.4 /;Turcija;TUR;osebni avtomobil;175;vecnamensko vozilo;AURIS 
74;1295;5.9;0;TOYOTA;NRE150L-DHFDKW(1F);AURIS / 1.4 /;Turcija;TUR;osebni avtomobil;175;vozilo z dviûnimi vrati zadaj;AURIS 
74;1668;5.9;1;VOLKSWAGEN;BKCAF-FM6FM62S0020GGO;TOURAN / 1.9 / TDI;Nemcija;DEU;osebni avtomobil;179;vecnamensko vozilo;TOURAN 
74;1614;5.9;1;VOLKSWAGEN;AVQAF1X0-FM6FM62S002O0GG;TOURAN / 1.9 / TDI;Nemcija;DEU;osebni avtomobil;177;vecnamensko vozilo;TOURAN 
74;1609;5.9;1;VOLKSWAGEN;1T AVQAC1X0-FM62S002O0GG;TOURAN / 1.9;Nemcija;DEU;osebni avtomobil;177;karavan;TOURAN 
74;1608;5.9;1;VOLKSWAGEN;1TSEAVQX01-SGFM62S00205N5K;TOURAN / 1.9 / TDI;Nemcija;DEU;osebni avtomobil;177;karavan;TOURAN 
74;1606;5.9;1;VOLKSWAGEN;AVQAC1X0-FM62S002O0GG;TOURAN / 1.9;Nemcija;DEU;osebni avtomobil;177;limuzina;TOURAN 
74;1605;5.9;1;VOLKSWAGEN;1TBKCAC1X0-FM6FM62S00200GG;TOURAN / 1.9 / TDI;Nemcija;DEU;osebni avtomobil;179;karavan;TOURAN 
74;1605;5.9;1;VOLKSWAGEN;AVQAC1X0-FM62S002O0GG;TOURAN / 1.9 / TDI;Nemcija;DEU;osebni avtomobil;177;vecnamensko vozilo;TOURAN 
74;1573;5.9;1;VOLKSWAGEN;1T;TOURAN / 1.9 / TDI;Nemcija;DEU;osebni avtomobil;177;vecnamensko vozilo;TOURAN 
74;1573;5.9;1;VOLKSWAGEN;1T;TOURAN / 1.9 / TDI;Nemcija;DEU;osebni avtomobil;177;karavan;TOURAN 
74;1535;5.9;1;VOLKSWAGEN;3BG-AVB;PASSAT / 1.9 / TDI;Nemcija;DEU;osebni avtomobil;184;karavan;PASSAT 
74;1535;5.9;1;VOLKSWAGEN;1T AVQAC1X0-FM62S002O0GG;TOURAN / 1.9;Nemcija;DEU;osebni avtomobil;177;limuzina;TOURAN 
74;1523;5.9;1;VOLKSWAGEN;3BG;PASSAT / 1.9 / TDI;Nemcija;DEU;osebni avtomobil;184;karavan;PASSAT 
74;1520;5.9;1;VOLKSWAGEN;3BG;PASSAT / VAR. 1.9 / TDI;Nemcija;DEU;osebni avtomobil;184;karavan;PASSAT 
74;1323;5.9;1;VOLKSWAGEN;1J;GOLF / 1.9 / TDI;Nemcija;DEU;osebni avtomobil;188;vozilo z dviûnimi vrati zadaj;GOLF 
74;424;5.9;1;VOLKSWAGEN;1J;GOLF / 1.9 / TDI / 4 MOTION;Nemcija;DEU;osebni avtomobil;185;vozilo z dviûnimi vrati zadaj;GOLF 
74;1284;6.1;0;CHEVROLET;KNCE1-RCD5;AVEO / 1.4 / 16V AUT.;Koreja. republika;KOR;osebni avtomobil;175;limuzina;AVEO 
74;1218;6.1;0;CHEVROLET;SN6-4C3;AVEO / 1.4 / 16V;Koreja. republika;KOR;osebni avtomobil;175;limuzina;AVEO 
74;1208;6.1;0;CHEVROLET;SH6-5C3;AVEO / 1.4 / 16V;Koreja. republika;KOR;osebni avtomobil;175;vozilo z dviûnimi vrati zadaj;AVEO 
74;1613;6.1;1;OPEL;BD11-3A05ACPDEC7;ZAFIRA / 1.9 / DT 16V;Nemcija;DEU;osebni avtomobil;174;vecnamensko vozilo;ZAFIRA 
74;1613;6.1;1;OPEL;BD11-3A05ACPDEC7;ZAFIRA / 1.9;Nemcija;DEU;osebni avtomobil;174;limuzina;ZAFIRA 
74;1471;6.1;0;OPEL;BC11-2AADA2BADA5;MERIVA / 1.4 / 16V;Nemcija;DEU;osebni avtomobil;177;vecnamensko vozilo;MERIVA 
74;1437;6.1;0;OPEL;BC11-1AACA2BADA5;MERIVA / 1.4 / 16V;Nemcija;DEU;osebni avtomobil;177;vecnamensko vozilo;MERIVA 
74;1435;6.1;1;OPEL;A-H-SW;ASTRA / 1.9 / CDTI;Nemcija;DEU;osebni avtomobil;180;vecnamensko vozilo;ASTRA 
74;1393;6.1;0;OPEL;BC11-1AABA2BADA5;MERIVA / 1.4 / 16V;Nemcija;DEU;osebni avtomobil;177;vecnamensko vozilo;MERIVA 
74;1393;6.1;0;OPEL;BC11-1AABA2BADA5;MERIVA / 1.4 / 16V;Nemcija;DEU;osebni avtomobil;177;karavan;MERIVA 
74;1360;6.1;0;OPEL;BC11-1AAAA2BADA5;MERIVA / 1.4 / 16V;Nemcija;DEU;osebni avtomobil;177;karavan;MERIVA 
74;1199;6.1;0;OPEL;FR11-1AACB7X0FEA5;CORSA / 1.4 / 16V AUT.;Nemcija;DEU;osebni avtomobil;172;vecnamensko vozilo;CORSA 
74;1255;6.1;0;RENAULT;JP0WS5;MODUS / 1.2 / 16V;Francija;FRA;osebni avtomobil;180;vecnamensko vozilo;MODUS 
74;1573;6.1;1;VOLKSWAGEN;1T;TOURAN / 1.9 / TDI;Nemcija;DEU;osebni avtomobil;177;limuzina;TOURAN 
74;1573;6.1;1;VOLKSWAGEN;1T;TOURAN / 1.9 / TDI;Nemcija;DEU;osebni avtomobil;177;karavan;TOURAN 
74;1460;6.2;1;AUDI;8E-AVB;A4 / AVANT / 1.9 / TDI;Nemcija;DEU;osebni avtomobil;191;karavan;A4 
74;1450;6.2;1;AUDI;8E-AVB;A4 / 1.9 / TDI;Nemcija;DEU;osebni avtomobil;191;limuzina;A4 
74;1337;6.2;0;DACIA;SRDHE2MT5DA120M00E;DUSTER / 1.0 /;Francija;FRA;osebni avtomobil;173;karavan;DUSTER 
74;1736;6.2;1;FORD;FFWA-1S7AFARG;S-MAX / 1.8 / TDCi;Nemcija;DEU;osebni avtomobil;174;vecnamensko vozilo;S-MAX 
74;1335;6.2;0;RENAULT;RJBHE2MT5TA71A5000;CAPTUR / 1.0 /;Francija;FRA;osebni avtomobil;173;vozilo z dviûnimi vrati zadaj;CAPTUR 
74;1527;6.2;1;äKODA;SEATDX11-FM6QM62Y006O0GE;OCTAVIA / COMBI 1.9 / TDI 4X4;Ceöka republika;CZE;osebni avtomobil;184;karavan;OCTAVIA 
74;1503;6.2;1;äKODA;SE ATDX11-FM6QM62Y006N0GZS5;OCTAVIA / COMBI 1.9 / TDI 4X4;Ceöka republika;CZE;osebni avtomobil;184;karavan;OCTAVIA 
74;1475;6.2;1;äKODA;1U-ATD;OCTAVIA / COMBI 1.9;Ceöka republika;CZE;osebni avtomobil;184;karavan;OCTAVIA 
74;1573;6.2;1;VOLKSWAGEN;1T;TOURAN / 1.9 / TDI;Nemcija;DEU;osebni avtomobil;177;karavan;TOURAN 
74;1519;6.2;1;VOLKSWAGEN;SCATDX11-SGQM62M012O41N10GE;GOLF / 1.9 / TDI 4M;Nemcija;DEU;osebni avtomobil;185;vozilo z dviûnimi vrati zadaj;GOLF 
74;1516;6.2;1;VOLKSWAGEN;1J-ATD; VAR. 1.9 / TDI 4M;Nemcija;DEU;osebni avtomobil;185;karavan;VAR. 1.9 
74;1516;6.2;1;VOLKSWAGEN;1J-ATD;GOLF / VAR. 1.9 / TDI 4M;Nemcija;DEU;osebni avtomobil;185;karavan;GOLF 
74;1477;6.2;1;VOLKSWAGEN;1J-SEATDX11;GOLF / 1.9 / TDI;Nemcija;DEU;osebni avtomobil;185;karavan;GOLF 
74;1463;6.2;1;VOLKSWAGEN;SCATDX11-SGQM62Y006N41N10GZ;GOLF / 1.9 / TDI 4M;Nemcija;DEU;osebni avtomobil;185;vozilo z dviûnimi vrati zadaj;GOLF 
74;1429;6.2;1;VOLKSWAGEN;1J SEATDX11-SGQM62M012O41N10GE;GOLF / VAR. 1.9 / TDI 4M;Nemcija;DEU;osebni avtomobil;185;karavan;GOLF 
74;1395;6.2;1;VOLKSWAGEN;1J;GOLF / VAR. 1.9 / TDI;Nemcija;DEU;osebni avtomobil;188;karavan;GOLF 
74;1284;6.3;0;CHEVROLET;KHCE1-GCD5;AVEO / 1.4 / 16V AUT.;Koreja. republika;KOR;osebni avtomobil;175;vozilo z dviûnimi vrati zadaj;AVEO 
74;1005;6.3;0;FIAT;312AXC1B02;500 / 1.4 / 16V;Italija;ITA;osebni avtomobil;182;vozilo z dviûnimi vrati zadaj;500
74;1793;6.3;1;FORD;FFWA-1M7AFARG;GALAXY / 1.8 / TDCI;Nemcija;DEU;osebni avtomobil;171;vecnamensko vozilo;GALAXY 
74;1400;6.3;1;MAZDA;CP19R-2;PREMACY / 2.0;Japonska ;JPN;osebni avtomobil;170;vozilo z dviûnimi vrati zadaj;PREMACY 
74;1560;6.3;1;OPEL;HF11-2A15A225AAB7;ZAFIRA / 2.0 / DTI;Nemcija;DEU;osebni avtomobil;175;vecnamensko vozilo;ZAFIRA 
74;1503;6.3;1;OPEL;T98M0N0CABHF11;ZAFIRA / 2.0 / DTI;Nemcija;DEU;osebni avtomobil;175;vecnamensko vozilo;ZAFIRA 
74;1503;6.3;1;OPEL;HF11-2A15A225AAB7;ZAFIRA / 2.0;Nemcija;DEU;osebni avtomobil;175;limuzina;ZAFIRA 
74;1428;6.3;1;OPEL;HF11-2A15A225AAB7;ZAFIRA / 2.0 / DT 16V;Nemcija;DEU;osebni avtomobil;175;vecnamensko vozilo;ZAFIRA 
74;1237;6.3;0;OPEL;PR11-1AADB9Y0FEA5;CORSA / 1.4 / 16V AUT.;Nemcija;DEU;osebni avtomobil;172;vecnamensko vozilo;CORSA 
74;1199;6.3;0;OPEL;PR11-1AACB9Y0FEA5;CORSA / 1.4 / 16V AUT.;Nemcija;DEU;osebni avtomobil;172;vecnamensko vozilo;CORSA 
74;1188;6.3;0;OPEL;SR11-1AAEB9Y0FEA5;CORSA / 1.4 / 16V AUT.;Nemcija;DEU;osebni avtomobil;172;vecnamensko vozilo;CORSA 
74;1206;6.3;0;RENAULT;EN0F05;WIND / 1.2 / 16V T.;Francija;FRA;osebni avtomobil;190;kabriolet;WIND 
74;1475;6.3;1;äKODA;SEATDX11-FM6QM62Y006O0GZS5;OCTAVIA / COMBI 1.9 / TDI 4X4;Ceöka republika;CZE;osebni avtomobil;184;karavan;OCTAVIA 
74;1582;6.3;1;VOLKSWAGEN;SEATDX11-SGQM62Y006O41N10GZ;GOLF / VAR. 1.9 / TDI 4M;Nemcija;DEU;osebni avtomobil;185;karavan;GOLF 
74;1569;6.3;1;VOLKSWAGEN;1JSEATDX11-SGQM62Y006041N10GZ;GOLF / VAR. 1.9 / TDI 4M;Nemcija;DEU;osebni avtomobil;185;karavan;GOLF 
74;1516;6.3;1;VOLKSWAGEN;1J;GOLF / 1.9 / TDI 4 MOTION;Nemcija;DEU;osebni avtomobil;185;karavan;GOLF 
74;1483;6.3;1;VOLKSWAGEN;SEATDX11-SGQM62Y006O41N10GE;GOLF / VAR. 1.9 / TDI 4M;Nemcija;DEU;osebni avtomobil;185;karavan;GOLF 
74;1440;6.3;1;VOLKSWAGEN;SCATDX11-SGQM62M012O41N10GE;GOLF / 1.9 / TDI 4M;Nemcija;DEU;osebni avtomobil;185;vozilo z dviûnimi vrati zadaj;GOLF 
74;1295;6.4;1;AUDI;LATDF1-FA59A020R8L60T2N;A3 / 1.9 / TDI AUT.;Nemcija;DEU;osebni avtomobil;183;vozilo z dviûnimi vrati zadaj;A3 
74;1213;6.4;0;CHEVROLET;SH6-588;AVEO / 1.4 / 16V AUT.;Koreja. republika;KOR;osebni avtomobil;170;vozilo z dviûnimi vrati zadaj;AVEO 
74;1160;6.4;0;CHEVROLET;SN6-488;AVEO / 1.4 / 16V AUT.;Koreja. republika;KOR;osebni avtomobil;170;limuzina;AVEO 
74;1395;6.4;1;FIAT;223AXE1A-02;DOBLO / 1.9 / JTD;Italija;ITA;osebni avtomobil;168;vecnamensko vozilo;DOBLO 
74;1330;6.4;1;FIAT;182AF1AA-06;BRAVO / 1.9;Italija;ITA;osebni avtomobil;182;vozilo z dviûnimi vrati zadaj;BRAVO 
74;1320;6.4;1;FIAT;223AXE1A02;DOBLO / 1.9 / JTD;Italija;ITA;osebni avtomobil;168;vecnamensko vozilo;DOBLO 
74;2057;6.4;1;FORD;FAC-DRFF1EBX-E9WJCZCBSATA;TRANSIT CUSTOM KOMBI / 2.2 TDCi 74 / 310 L2 H1;Nemcija;DEU;osebni avtomobil;150;vecnamensko vozilo;TRANSIT CUSTOM KOMBI 
74;1975;6.4;1;FORD;FAC-DRFF1EBXD9WJAZCBSATA;TRANSIT CUSTOM KOMBI / 2.2 TDCi 74 / 300 L1 H1;Nemcija;DEU;osebni avtomobil;150;vecnamensko vozilo;TRANSIT CUSTOM KOMBI 
74;1465;6.4;0;FORD;DEH-B3DA1NX-5APBZ6ABYBK;FOCUS 1.0 / EB 74 M6;Nemcija;DEU;osebni avtomobil;186;vozilo z dviûnimi vrati zadaj;FOCUS 1.0 
74;1104;6.4;0;FORD;JH1-FYJA;FIESTA / 1.6 /;Nemcija;DEU;osebni avtomobil;183;vozilo z dviûnimi vrati zadaj;FIESTA 
74;1482;6.4;1;MAZDA;CP19R-2;PREMACY / 2.0 /  DITD;Japonska ;JPN;osebni avtomobil;170;vozilo z dviûnimi vrati zadaj;PREMACY 
74;1455;6.4;1;MAZDA;CP;PREMACY / 2.0 / D;Japonska ;JPN;osebni avtomobil;170;karavan;PREMACY 
74;1380;6.4;1;MAZDA;CP19R2;MAZDA / PREMACY / 2.0 / DITD;Japonska ;JPN;osebni avtomobil;170;vozilo z dviûnimi vrati zadaj;MAZDA 
74;1613;6.4;1;OPEL;BH11-2AAHB1MDAG5;MERIVA / 1.7 / DTI 16V AUT.;Nemcija;DEU;osebni avtomobil;172;vecnamensko vozilo;MERIVA 
74;1571;6.4;1;OPEL;BH11-1AAGB1MDAG5;MERIVA / 1.7 / DTI 16V AUT.;Nemcija;DEU;osebni avtomobil;172;vecnamensko vozilo;MERIVA 
74;1560;6.4;1;OPEL;T98-MONOCAB;ZAFIRA / 1.9 / DTI;Nemcija;DEU;osebni avtomobil;175;limuzina;ZAFIRA 
74;1503;6.4;1;OPEL;T98-MONOCAB;ZAFIRA / 2.0 / DTI;Nemcija;DEU;osebni avtomobil;175;vecnamensko vozilo;ZAFIRA 
74;1503;6.4;1;OPEL;BH11-1AAGB9KDAG5;MERIVA / 1.7 / DTI 16V AUT.;Nemcija;DEU;osebni avtomobil;172;vecnamensko vozilo;MERIVA 
74;1503;6.4;1;OPEL;BH11-1AAEB1MDAG5;MERIVA / 1.7 / DTI 16V AUT.;Nemcija;DEU;osebni avtomobil;172;karavan;MERIVA 
74;1120;6.4;0;OPEL;BA034CB12-BA2MAGEHN24;ADAM / 1.4 /;Nemcija;DEU;osebni avtomobil;185;vozilo z dviûnimi vrati zadaj;ADAM 
74;1573;6.4;1;VOLKSWAGEN;1T;TOURAN / 1.9 / TDI;Nemcija;DEU;osebni avtomobil;177;karavan;TOURAN 
74;1554;6.4;1;VOLKSWAGEN;3BG-AVB;PASSAT / 1.9 / TDI;Nemcija;DEU;osebni avtomobil;184;karavan;PASSAT 
74;1372;6.4;1;VOLKSWAGEN;1J-ATD;GOLF / 1.9;Nemcija;DEU;osebni avtomobil;185;vozilo z dviûnimi vrati zadaj;GOLF 
74;1103;6.5;0;FIAT;169AXE1B07;PANDA / 1.4 / 16V;Italija;ITA;osebni avtomobil;185;vecnamensko vozilo;PANDA 
74;1199;6.5;0;NISSAN;K14DD09;MICRA / 1.0 / AUT.;Francija;FRA;osebni avtomobil;177;vecnamensko vozilo;MICRA 
74;1650;6.5;1;OPEL;T98M0N0CABHF11-2A15A225AAB7;ZAFIRA / 2.0 / DTI;Nemcija;DEU;osebni avtomobil;175;vecnamensko vozilo;ZAFIRA 
74;1503;6.5;1;OPEL;HF11-2A15A225AAB;ZAFIRA / 2.0 / DTI;Nemcija;DEU;osebni avtomobil;175;vecnamensko vozilo;ZAFIRA 
74;1503;6.5;1;OPEL;T98M0N0CABHF11-2A15A225AAB7;ZAFIRA / 2.0;Nemcija;DEU;osebni avtomobil;175;limuzina;ZAFIRA 
74;1237;6.5;0;OPEL;CA037CB12-BA1SAGJBD25;CORSA / 1.4 / TURBO;Nemcija;DEU;osebni avtomobil;185;vozilo z dviûnimi vrati zadaj;CORSA 
74;1120;6.5;0;OPEL;BA034CA12-BA2MAFEHN24;ADAM / 1.4 /;Nemcija;DEU;osebni avtomobil;185;vozilo z dviûnimi vrati zadaj;ADAM 
74;1475;6.5;1;äKODA;1U;OCTAVIA / 1.9 / TDI / 4X4;Ceöka republika;CZE;osebni avtomobil;184;karavan;OCTAVIA 
74;1255;6.6;1;FIAT;182BF1AA;BRAVA / 1.9;Italija;ITA;osebni avtomobil;180;vozilo z dviûnimi vrati zadaj;BRAVA 
74;1473;6.6;0;FORD;DXA-B3DA1VX-5KKBZ6AAA65;C-MAX / 1.0 / EB 74 S;Nemcija;DEU;osebni avtomobil;174;vecnamensko vozilo;C-MAX 
74;1159;6.6;0;FORD;JU2-FYJA;FUSION / 1.6 /;Nemcija;DEU;osebni avtomobil;178;vecnamensko vozilo;FUSION 
74;1159;6.6;0;FORD;JU2-FYJA15C;FUSION / 1.6 /;Nemcija;DEU;osebni avtomobil;178;vozilo za posebne namene;FUSION 
74;1159;6.6;0;FORD;JU2-FYJA;FUSION / 1.6;Nemcija;DEU;osebni avtomobil;178;vozilo z dviûnimi vrati zadaj;FUSION 
74;1038;6.6;0;FORD;JH1-FYJA;FIESTA / 1.6;Nemcija;DEU;osebni avtomobil;183;vozilo z dviûnimi vrati zadaj;FIESTA 
74;1560;6.6;1;OPEL;T98-MONOCAB;ZAFIRA / 2.0;Nemcija;DEU;osebni avtomobil;175;limuzina;ZAFIRA 
74;1560;6.6;1;OPEL;T98HF11-2A11AW20AAA7;ZAFIRA / 2.0 / DTI;Nemcija;DEU;osebni avtomobil;175;vecnamensko vozilo;ZAFIRA 
74;1503;6.6;1;OPEL;HF11-2A15A225AAB;ZAFIRA / 2.0 / DTI;Nemcija;DEU;osebni avtomobil;175;vecnamensko vozilo;ZAFIRA 
74;1485;6.6;1;OPEL;T98M0N0CABHF-2A11AW20AAA;ZAFIRA / 2.0 / TDI;Nemcija;DEU;osebni avtomobil;175;vozilo z dviûnimi vrati zadaj;ZAFIRA 
74;1237;6.6;0;OPEL;CA037CB12-BA1SAGJBD25;CORSA / 1.4 / TURBO;Nemcija;DEU;osebni avtomobil;185;vozilo z dviûnimi vrati zadaj;CORSA 
74;1120;6.6;0;OPEL;BA034CA12-BA2MAFEHN14;ADAM / 1.4 /;Nemcija;DEU;osebni avtomobil;185;vozilo z dviûnimi vrati zadaj;ADAM 
74;1152;6.6;0;SEAT;SCBBZX01-SGFM52T011K20GG;IBIZA / 1.4 /;äpanija;ESP;osebni avtomobil;190;vozilo z dviûnimi vrati zadaj;IBIZA 
74;1103;6.6;0;SEAT;SCBBZX01-SGFM52T01120GG;IBIZA / 1.4 /;äpanija;ESP;osebni avtomobil;190;vozilo z dviûnimi vrati zadaj;IBIZA 
74;1140;6.6;0;äKODA;SCBBZX01-NFM5FM52T011ALLE0GGS5;FABIA / 1.4 / 16V;Ceöka republika;CZE;osebni avtomobil;185;vozilo z dviûnimi vrati zadaj;FABIA 
74;1469;6.6;1;VOLKSWAGEN;3BG;PASSAT / 1.9;Nemcija;DEU;osebni avtomobil;184;karavan;PASSAT 
74;1453;6.6;1;VOLKSWAGEN;STATDX01-AGFA59A019N41N10GZ;BORA / 1.9 / TDI AUT.;Nemcija;DEU;osebni avtomobil;185;limuzina;BORA 
74;1429;6.6;1;VOLKSWAGEN;1J-ATD;GOLF / 1.9 / TDI;Nemcija;DEU;osebni avtomobil;185;vozilo z dviûnimi vrati zadaj;GOLF 
74;1161;6.6;0;VOLKSWAGEN;ABSBBZX01-FM5FM52T0111N1K0GG;POLO / 1.4;Nemcija;DEU;osebni avtomobil;188;vozilo z dviûnimi vrati zadaj;POLO 
74;1137;6.6;0;VOLKSWAGEN;SCBBZX01-SGFM52T0111N1K0GG;POLO / 1.4 /;Nemcija;DEU;osebni avtomobil;188;vozilo z dviûnimi vrati zadaj;POLO 
74;1340;6.7;1;FIAT;223AXE1A02D;DOBLO / 1.9 / JTD;Italija;ITA;osebni avtomobil;165;vecnamensko vozilo;DOBLO 
74;1730;6.7;0;FORD;DA3-HWDA15;FOCUS / 1.6;Nemcija;DEU;osebni avtomobil;180;vozilo z dviûnimi vrati zadaj;FOCUS 
74;1473;6.7;0;FORD;DXA-B3DA1VX-5KKBZ6AAA65;C-MAX / 1.0 / EB 74 S;Nemcija;DEU;osebni avtomobil;174;vecnamensko vozilo;C-MAX 
74;1277;6.7;0;FORD;DA3SHDC1S-5ABCLE;FOCUS / 1.6 /;Nemcija;DEU;osebni avtomobil;180;karavan;FOCUS 
74;1270;6.7;0;FORD;DB3-HWDA14;FOCUS / 1.6 /;Nemcija;DEU;osebni avtomobil;182;limuzina;FOCUS 
74;1249;6.7;0;FORD;DA3SHDA1P-5ABCLE;FOCUS / 1.6 /;Nemcija;DEU;osebni avtomobil;180;vozilo z dviûnimi vrati zadaj;FOCUS 
74;1146;6.7;0;FORD;JU2-FYJC15CEEKJ;FUSION / 1.6 /;Nemcija;DEU;osebni avtomobil;178;vecnamensko vozilo;FUSION 
74;1385;6.7;1;OPEL;T98/KOMBI FK11 2A24BY39HKM5;ASTRA / CAR. 2.0 / 16V DTI;Nemcija;DEU;osebni avtomobil;183;karavan;ASTRA 
74;1375;6.7;0;OPEL;X01-MONOCAB;MERIVA / 1.6;Nemcija;DEU;osebni avtomobil;178;vecnamensko vozilo;MERIVA 
74;1375;6.7;0;OPEL;X01-MONOCAB;MERIVA / 1.6;Nemcija;DEU;osebni avtomobil;175;vecnamensko vozilo;MERIVA 
74;1340;6.7;0;RENAULT;KZ0H05;MEGANE / GRANDTOUR 1.6 / 16V;Francija;FRA;osebni avtomobil;190;karavan;MEGANE 
74;1280;6.7;0;RENAULT;BZ0H05;MEGANE / 1.6 / 16V;Francija;FRA;osebni avtomobil;190;vozilo z dviûnimi vrati zadaj;MEGANE 
74;1260;6.7;0;RENAULT;BZA305;MEGANE / 1.6 / 16V;Francija;FRA;osebni avtomobil;185;vozilo z dviûnimi vrati zadaj;MEGANE 
74;1095;6.7;0;SEAT;SCBBZX01-SGFM52T011L21N10GG;IBIZA / 1.4 /;äpanija;ESP;osebni avtomobil;190;vozilo z dviûnimi vrati zadaj;IBIZA 
74;1241;6.7;0;äKODA;STBBZX01-NFM5FM52T011LALLE0GGS5;FABIA / SEDAN 1.4 / 16V;Ceöka republika;CZE;osebni avtomobil;185;limuzina;FABIA 
74;1231;6.7;0;äKODA;SEBBZX01-NFM5FM52T011LALLE0GGS5;FABIA / COMBI 1.4 / 16V;Ceöka republika;CZE;osebni avtomobil;186;karavan;FABIA 
74;1229;6.7;0;äKODA;SEBBZX01-NFM5FM52T011LALLE0GGS5;FABIA / COMBI 1.4;Ceöka republika;CZE;osebni avtomobil;186;karavan;FABIA 
74;1227;6.7;0;äKODA;6Y SE BBZX01-FM5FM52T011LALLE0GG;FABIA / COMBI 1.4;Ceöka republika;CZE;osebni avtomobil;186;karavan;FABIA 
74;1222;6.7;0;äKODA;SEBBZX01-FM5FM52T011LALLE0GGS5;FABIA / COMBI 1.4 / 16V;Ceöka republika;CZE;osebni avtomobil;186;karavan;FABIA 
74;1214;6.7;0;äKODA;SEBBZX01-NFM5FM52T011LALLE0GGS5;FABIA / 1.4;Ceöka republika;CZE;osebni avtomobil;186;karavan;FABIA 
74;1196;6.7;0;äKODA;SCBBZX01-NFM5FM52T011LALLE0GGS5;FABIA / 1.4 / 16V;Ceöka republika;CZE;osebni avtomobil;185;vozilo z dviûnimi vrati zadaj;FABIA 
74;1195;6.7;0;äKODA;SCBBZX01-NFM5FM52T011LALLE0GGS5;FABIA / 1.4;Ceöka republika;CZE;osebni avtomobil;185;vozilo z dviûnimi vrati zadaj;FABIA 
74;1185;6.7;0;äKODA;SCBBZX01-FM5FM52T011LALLE0GGS5;FABIA / 1.4;Ceöka republika;CZE;osebni avtomobil;185;vozilo z dviûnimi vrati zadaj;FABIA 
74;1146;6.7;0;äKODA;STBBZX01-FM5FM52T011LALLE0GG;FABIA / SEDAN 1.4 / 16V;Ceöka republika;CZE;osebni avtomobil;185;limuzina;FABIA 
74;1138;6.7;0;äKODA;SEBBZX01-FM5FM52T011LALLE0GG;FABIA / COMBI 1.4 / 16V;Ceöka republika;CZE;osebni avtomobil;186;karavan;FABIA 
74;1200;6.7;0;VOLKSWAGEN;ABSBBZX01-FM5FM52T0111N1L0GG;POLO / 1.4;Nemcija;DEU;osebni avtomobil;188;vozilo z dviûnimi vrati zadaj;POLO 
74;1126;6.7;0;VOLKSWAGEN;9N ABSBBZX01-FM5FM52T0111N1L0GG;POLO / 1.4;Nemcija;DEU;osebni avtomobil;188;vozilo z dviûnimi vrati zadaj;POLO 
74;1113;6.7;0;VOLKSWAGEN;9N SC BBZX01-SGFM52T0111N1L0GG;POLO / 1.4;Nemcija;DEU;osebni avtomobil;188;vozilo z dviûnimi vrati zadaj;POLO 
74;1590;6.8;0;FORD;DAW-FYDB;FOCUS / 1.6;Nemcija;DEU;osebni avtomobil;185;vozilo z dviûnimi vrati zadaj;FOCUS 
74;1180;6.8;0;FORD;DNW-FYDD;FOCUS / 1.6 /;Nemcija;DEU;osebni avtomobil;185;karavan;FOCUS 
74;1144;6.8;0;FORD;DAW-FYDB15CADKC;FOCUS / 1.6 /;Nemcija;DEU;osebni avtomobil;185;vozilo z dviûnimi vrati zadaj;FOCUS 
74;1141;6.8;0;FORD;DAW-FYDB;FOCUS / 1.6 /;Nemcija;DEU;osebni avtomobil;185;vozilo z dviûnimi vrati zadaj;FOCUS 
74;1105;6.8;0;FORD;DNW-FYDB;FOCUS / 1.6;Nemcija;DEU;osebni avtomobil;185;karavan;FOCUS 
74;1077;6.8;0;FORD;DFW-FYDB;FOCUS / 1.6;Nemcija;DEU;osebni avtomobil;185;limuzina;FOCUS 
74;1075;6.8;0;FORD;DNW-FYDB;FORD / FOCUS / 1.6 /;Nemcija;DEU;osebni avtomobil;185;karavan;FORD 
74;1069;6.8;0;FORD;DAW-FYDB;FORD / FOCUS / 1.6 /;Nemcija;DEU;osebni avtomobil;185;vozilo z dviûnimi vrati zadaj;FORD 
74;1067;6.8;0;FORD;DAW-FYDD;FOCUS / 1.6 / 16V;Nemcija;DEU;osebni avtomobil;185;vozilo z dviûnimi vrati zadaj;FOCUS 
74;1275;6.8;1;HONDA;EP-4;CIVIC / 1.7 /CTDI;Zdruûeno kraljestvo;GBR;osebni avtomobil;235;vozilo z dviûnimi vrati zadaj;CIVIC 
74;1280;6.8;0;RENAULT;KZ1R05;MEGANE / GRANDTOUR 1.6 / 16V;Francija;FRA;osebni avtomobil;190;karavan;MEGANE 
74;1280;6.8;0;RENAULT;BZ1R07;MEGANE / 1.6 / 16V;Francija;FRA;osebni avtomobil;190;vozilo z dviûnimi vrati zadaj;MEGANE 
74;1260;6.8;0;RENAULT;BZA305;MEGANE / 1.6 / 16V;Francija;FRA;osebni avtomobil;185;vozilo z dviûnimi vrati zadaj;MEGANE 
74;1175;6.8;0;äKODA;SEBBZX01-NFM5FM52T011ALLE0GGS5;FABIA / COMBI 1.4 / 16V;Ceöka republika;CZE;osebni avtomobil;186;karavan;FABIA 
74;1571;6.8;1;VOLKSWAGEN;3BGSEAVBX01-AGFA41N013N00GZ;PASSAT / VARIANT 1.9;Nemcija;DEU;osebni avtomobil;178;karavan;PASSAT 
74;1196;6.8;0;VOLKSWAGEN;ABSBBZX01-FM5FM52T0111N1L0GG;POLO / 1.4 /;Nemcija;DEU;osebni avtomobil;188;vozilo z dviûnimi vrati zadaj;POLO 
74;1132;6.8;0;VOLKSWAGEN;9N ABFBBZX01-FM5FM52T0111N1L0GG;POLO / 1.4;Nemcija;DEU;osebni avtomobil;183;vozilo z dviûnimi vrati zadaj;POLO 
74;1802;6.9;1;FORD;FDFYABFAB-F9CAA;TRANSIT / 2.0 / D;Nemcija;DEU;osebni avtomobil;152;vecnamensko vozilo;TRANSIT 
74;1334;6.9;0;FORD;DM2-SHDC1E5ABCMK;C-MAX / 1.6 /;Nemcija;DEU;osebni avtomobil;175;vecnamensko vozilo;C-MAX 
74;1334;6.9;0;FORD;DM2-HWDA;FOCUS C-MAX / 1.6 /;Nemcija;DEU;osebni avtomobil;175;vecnamensko vozilo;FOCUS C-MAX 
74;1334;6.9;0;FORD;DM2;FOCUS / C-MAX / 1.6;Nemcija;DEU;osebni avtomobil;175;vecnamensko vozilo;FOCUS 
74;1259;6.9;0;FORD;DM2-HWDA;FOCUS / C-MAX 1.6;Nemcija;DEU;osebni avtomobil;175;vecnamensko vozilo;FOCUS 
74;1259;6.9;0;FORD;DM2-HWDA;FOCUS C-MAX / 1.6;Nemcija;DEU;osebni avtomobil;175;vecnamensko vozilo;FOCUS C-MAX 
74;1259;6.9;0;FORD;DM2-HWDA;FOCUS C-MAX / 1.6 /;Nemcija;DEU;osebni avtomobil;175;karavan;FOCUS C-MAX 
74;1259;6.9;0;FORD;DM2HWDA1-5AB_MG;FORD / FOCUS C-MAX / 1.6 /;Nemcija;DEU;osebni avtomobil;175;vecnamensko vozilo;FORD 
74;1059;6.9;0;FORD;JU2-FYJA;FUSION / 1.6 /;Nemcija;DEU;osebni avtomobil;178;vecnamensko vozilo;FUSION 
74;1059;6.9;0;FORD;JU2-FYJA;FUSION / 1.6;Nemcija;DEU;osebni avtomobil;178;vozilo za posebne namene;FUSION 
74;1490;6.9;1;OPEL;VECTRA/LIM;VECTRA / 2.0;Nemcija;DEU;osebni avtomobil;192;limuzina;VECTRA 
74;1190;6.9;0;OPEL;51-X16XEL;ASTRA / CAR. 1.6 / 16V;Nemcija;DEU;osebni avtomobil;180;karavan;ASTRA 
74;1575;6.9;1;VOLKSWAGEN;3BGSEAVBX01-AGFA41N013N00GZ;PASSAT / VAR. 1.9 / TDI AUT.;Nemcija;DEU;osebni avtomobil;178;karavan;PASSAT 
74;1275;7.01;0;VOLVO;MK2042;C30 / 1.6 /;ävedska;SWE;osebni avtomobil;185;kupe;C30 
74;1473;7.1;0;FORD;DB3-SHDA1X;FOCUS / COUPE - CABRIOLET 1.6 /;Nemcija;DEU;osebni avtomobil;182;kabriolet;FOCUS 
74;1791;7.1;1;NISSAN;J4ACA6;PRIMA STAR / 1.9 / DCI;Francija;FRA;osebni avtomobil;163;vecnamensko vozilo;PRIMA STAR 
74;1920;7.1;1;OPEL;X83-CC11;VIVARO / 1.9 / D;Nemcija;DEU;osebni avtomobil;155;vecnamensko vozilo;VIVARO 
74;1245;7.1;0;OPEL;FS11-2A18AS14FDH5;ASTRA / CAR. 1.6;Nemcija;DEU;osebni avtomobil;183;karavan;ASTRA 
74;1245;7.1;0;OPEL;FS11-2A18AS14FDH5;ASTRA / CAR. 1.6 / 16V;Nemcija;DEU;osebni avtomobil;183;vozilo za posebne namene;ASTRA 
74;1245;7.1;0;OPEL;FS11-2A18AS14FDH5;ASTRA / CAR. 1.6 / 16V;Nemcija;DEU;osebni avtomobil;183;vecnamensko vozilo;ASTRA 
74;1205;7.1;0;OPEL;DS11-2A25BT37FDH5;ASTRA-G / 1.6 / 16V;Nemcija;DEU;osebni avtomobil;188;vozilo z dviûnimi vrati zadaj;ASTRA-G 
74;1170;7.1;0;OPEL;FS11-2A18AS14FDH5;OPEL / ASTRA / CAR. / 1.6 / 16V;Nemcija;DEU;osebni avtomobil;183;karavan;OPEL 
74;1256;7.1;0;äKODA;1U ST BFQX01-FM5FM52K028M0GGS5;OCTAVIA / 1.6;Ceöka republika;CZE;osebni avtomobil;190;limuzina;OCTAVIA 
74;1145;7.1;0;äKODA;6Y SEAUBX01-FM5FM52T011LALLE0GG;FABIA / 1.4 /;Ceöka republika;CZE;osebni avtomobil;185;karavan;FABIA 
74;1081;7.1;0;äKODA;SCAUBX01-A8DFM5FM52T011L;FABIA / 1.4 / ;Ceöka republika;CZE;osebni avtomobil;162;vozilo z dviûnimi vrati zadaj;FABIA 
74;1220;7.2;0;AUDI;8LLAKLF1-FM52K028R92C;A3 / 1.6;Nemcija;DEU;osebni avtomobil;188;vozilo z dviûnimi vrati zadaj;A3 
74;1375;7.2;0;OPEL;DA11-1A02ADAFAEA5;VECTRA / 1.6 / 16V;Nemcija;DEU;osebni avtomobil;192;vozilo z dviûnimi vrati zadaj;VECTRA 
74;1375;7.2;0;OPEL;BB11-1A02A4CCAF5;MERIVA / 1.6;Nemcija;DEU;osebni avtomobil;178;limuzina;MERIVA 
74;1375;7.2;0;OPEL;BB11-1A02A4CCAF5;MERIVA / 1.6 / 16V MTA;Nemcija;DEU;osebni avtomobil;178;vozilo za posebne namene;MERIVA 
74;1360;7.2;0;OPEL;BA11-1A01ABAEAEA5;VECTRA / 1.6 / 16V;Nemcija;DEU;osebni avtomobil;192;limuzina;VECTRA 
74;1300;7.2;0;OPEL;BB11-1A02A4CCAF5;MERIVA / 1.6;Nemcija;DEU;osebni avtomobil;178;vecnamensko vozilo;MERIVA 
74;1245;7.2;0;OPEL;T98-KOMBI;ASTRA / 1.6;Nemcija;DEU;osebni avtomobil;183;karavan;ASTRA 
74;1199;7.2;0;OPEL;T98-KOMBI;ASTRA / 1.6 / I;Nemcija;DEU;osebni avtomobil;183;karavan;ASTRA 
74;1155;7.2;0;OPEL;T98;ASTRA-G-CC;Nemcija;DEU;osebni avtomobil;178;kupe;ASTRA-G-CC
74;1120;7.2;0;OPEL;RD-11;ASTRA / 1.6;Nemcija;DEU;osebni avtomobil;190;vozilo z dviûnimi vrati zadaj;ASTRA 
74;1360;7.2;0;äKODA;AABGUX01-FM5FM5AF006M;OCTAVIA / 1.6;Ceöka republika;CZE;osebni avtomobil;190;limuzina;OCTAVIA 
74;1324;7.2;0;VOLVO;MS2042;S40 / 1.6 /;ävedska;SWE;osebni avtomobil;185;limuzina;S40 
74;1310;7.2;0;VOLVO;MS2042;S 40 / 1.6;ävedska;SWE;osebni avtomobil;185;limuzina;S 40 
74;2010;7.3;1;CITROEN;YBAMRA;JUMPER / KOMBI 33 2.2 / HDi L1H1;Francija;FRA;osebni avtomobil;140;vecnamensko vozilo;JUMPER 
74;2155;7.3;1;FIAT;250AAMRA06;DUCATO / COMBINATO 2.2 / JTD;Italija;ITA;osebni avtomobil;140;vecnamensko vozilo;DUCATO 
74;1523;7.3;1;OPEL;HF11-2A18A328EGB7;ZAFIRA / 2.0 / DT 16V AUT.;Nemcija;DEU;osebni avtomobil;172;vecnamensko vozilo;ZAFIRA 
74;1375;7.3;0;OPEL;BB11-1A02A4CBAF5;MERIVA / 1.6 / 16V;Nemcija;DEU;osebni avtomobil;178;vecnamensko vozilo;MERIVA 
74;1375;7.3;0;OPEL;BB11-1A02A4CBAF5;MERIVA / 1.6;Nemcija;DEU;osebni avtomobil;178;limuzina;MERIVA 
74;1350;7.3;0;OPEL;SS11-2A04AM03FDC4;ASTRA / COUPE 1.6 / 16V;Nemcija;DEU;osebni avtomobil;190;kabriolet;ASTRA 
74;1300;7.3;0;OPEL;BB11-1A02A4CBAF5;OPEL / MERIVA / 1.6 / 16V;Nemcija;DEU;osebni avtomobil;178;vecnamensko vozilo;OPEL 
74;1205;7.3;0;OPEL;DS11-5A25BT37FDY5;ASTRA / 1.6 / 16V;Nemcija;DEU;osebni avtomobil;188;vozilo z dviûnimi vrati zadaj;ASTRA 
74;2010;7.3;1;PEUGEOT;YBAMRA;BOXER / KOMBI 33 2.2 / HDi L1H1;Francija;FRA;osebni avtomobil;140;vecnamensko vozilo;BOXER 
74;1202;7.3;0;VOLKSWAGEN;1J-BCB;GOLF / 1.6;Nemcija;DEU;osebni avtomobil;180;vozilo z dviûnimi vrati zadaj;GOLF 
74;1200;7.3;0;VOLKSWAGEN;1J-AKL;GOLF / 1.6;Nemcija;DEU;osebni avtomobil;180;vozilo z dviûnimi vrati zadaj;GOLF 
74;1270;7.4;0;AUDI;B5;A4 / 1.6 / I;Nemcija;DEU;osebni avtomobil;191;limuzina;A4 
74;1166;7.4;0;FORD;DFW;FOCUS / 1.6;Nemcija;DEU;osebni avtomobil;185;limuzina;FOCUS 
74;1856;7.4;1;OPEL;X83;VIVARO / 1.9 / DTI;Nemcija;DEU;osebni avtomobil;155;vecnamensko vozilo;VIVARO 
74;1163;7.4;0;OPEL;BD11-2A05AT38FDH5;ASTRA / 1.6 / 16V;Nemcija;DEU;osebni avtomobil;188;limuzina;ASTRA 
74;1163;7.4;0;OPEL;T98BD11-2A28AT38FDH5;ASTRA / 1.6 / 16V;Nemcija;DEU;osebni avtomobil;188;vozilo z dviûnimi vrati zadaj;ASTRA 
74;2062;7.4;1;RENAULT;MLJ0AA;MASTER / 2.3 / DCI;Francija;FRA;osebni avtomobil;134;vecnamensko vozilo;MASTER 
74;1798;7.4;1;RENAULT;JL;TRAFIC / 1.9 / DCI;Francija;FRA;osebni avtomobil;155;vecnamensko vozilo;TRAFIC 
74;1260;7.5;0;AUDI;B5-ADP;A4 / 1.6  /;Nemcija;DEU;osebni avtomobil;191;limuzina;A4 
74;1165;7.5;0;AUDI;8L;A 3 / 1.6;Nemcija;DEU;osebni avtomobil;188;vozilo z dviûnimi vrati zadaj;A 3 
74;1165;7.5;0;AUDI;8L-APF;A3 / 1.6;Nemcija;DEU;osebni avtomobil;188;vozilo z dviûnimi vrati zadaj;A3 
74;1165;7.5;0;AUDI;8L-APF;A3 / 1.6;Nemcija;DEU;osebni avtomobil;188;limuzina;A3 
74;2209;7.5;1;FORD;FDG6-DRFB1B-C9ESHF;TRANSIT / T300 2.2 / TDI;Nemcija;DEU;osebni avtomobil;148;vecnamensko vozilo;TRANSIT 
74;1277;7.5;0;FORD;DA3;FOCUS / 1.6;Nemcija;DEU;osebni avtomobil;180;karavan;FOCUS 
74;1393;7.5;0;OPEL;HD11-2A06AK22BCB7;ZAFIRA / 1.6 / 16V;Nemcija;DEU;osebni avtomobil;176;vecnamensko vozilo;ZAFIRA 
74;1393;7.5;0;OPEL;HD11-2A06AK22BCB7;ZAFIRA / 1.6;Nemcija;DEU;osebni avtomobil;176;limuzina;ZAFIRA 
74;1390;7.5;0;OPEL;T98M0N0CABHD11-2A06AK22BCB;ZAFIRA / 1.6 / 16V;Nemcija;DEU;osebni avtomobil;176;vecnamensko vozilo;ZAFIRA 
74;1375;7.5;0;OPEL;BB11-1A02A4CAAC5;MERIVA / 1.6 / 16V;Nemcija;DEU;osebni avtomobil;177;vecnamensko vozilo;MERIVA 
74;1300;7.5;0;OPEL;BB11-1A02A4CAAF5;MERIVA / 1.6;Nemcija;DEU;osebni avtomobil;177;limuzina;MERIVA 
74;1300;7.5;0;OPEL;BB11-1A02A4CAAF5;MERIVA / 1.6 / 16V;Nemcija;DEU;osebni avtomobil;177;vecnamensko vozilo;MERIVA 
74;1245;7.5;0;OPEL;T98-KOMBI;ASTRA / 1.6;Nemcija;DEU;osebni avtomobil;183;karavan;ASTRA 
74;1210;7.5;0;OPEL;T 98-KOMBI;ASTRA / 1.6 / I;Nemcija;DEU;osebni avtomobil;183;karavan;ASTRA 
74;1194;7.5;0;OPEL;T98;ASTRA   1.6 / I;Nemcija;DEU;osebni avtomobil;188;vozilo z dviûnimi vrati zadaj;ASTRA   1.6 
74;1165;7.6;0;AUDI;LAEHF1-FM52K028R92L;A3 / 1.6 /;Nemcija;DEU;osebni avtomobil;188;vozilo z dviûnimi vrati zadaj;A3 
74;1085;7.6;0;AUDI;LAKLF1-FM52K028R92T2L;A3 / 1.6 /;Nemcija;DEU;osebni avtomobil;188;vozilo z dviûnimi vrati zadaj;A3 
74;1817;7.6;1;FORD;FDFY-ABFA;TRANSIT / 300 M 2.0;Nemcija;DEU;osebni avtomobil;152;vecnamensko vozilo;TRANSIT 
74;1699;7.6;1;FORD;FDEY-ABFA;TRANSIT / 300 S 2.0;Nemcija;DEU;osebni avtomobil;152;vecnamensko vozilo;TRANSIT 
74;1229;7.6;0;OPEL;T98-KOMBI;ASTRA / 1.6;Nemcija;DEU;osebni avtomobil;183;karavan;ASTRA 
74;1188;7.6;0;VOLKSWAGEN;SCAKLX01-SGFM52K028L4;GOLF / 1.6 /;Nemcija;DEU;osebni avtomobil;188;vozilo z dviûnimi vrati zadaj;GOLF 
74;1120;7.6;0;VOLKSWAGEN;SCAKLX01-SGFM52K028L4;GOLF / 1.6 / ;Nemcija;DEU;osebni avtomobil;188;vozilo z dviûnimi vrati zadaj;GOLF 
74;1245;7.7;0;AUDI;LAKLF1-FM52K028R92T2L;A3 / 1.6 /;Nemcija;DEU;osebni avtomobil;188;vozilo z dviûnimi vrati zadaj;A3 
74;1165;7.7;0;AUDI;8L-AKL;A3 / 1.6 /;Nemcija;DEU;osebni avtomobil;188;vozilo z dviûnimi vrati zadaj;A3 
74;1165;7.7;0;AUDI;8L-AKL;A 3 / 1.6;Nemcija;DEU;osebni avtomobil;188;vozilo z dviûnimi vrati zadaj;A 3 
74;1308;7.7;0;FORD;DA3-HWDA1W;FOCUS / 1.6 / AUT.;Nemcija;DEU;osebni avtomobil;172;karavan;FOCUS 
74;1286;7.7;0;FORD;DA3SHDA1P-5GFCMH;FOCUS / 1.6 / A4;Nemcija;DEU;osebni avtomobil;172;vozilo z dviûnimi vrati zadaj;FOCUS 
74;2735;7.7;1;OPEL;CC11-7A07AA016AA9;VIVARO / COMBI 1.9 / DTI;Nemcija;DEU;osebni avtomobil;155;vozilo za posebne namene;VIVARO 
74;2074;7.7;1;OPEL;CC11-7A07AA016AA9;VIVARO / COMBI 1.9 / DTI;Nemcija;DEU;osebni avtomobil;155;vecnamensko vozilo;VIVARO 
74;2010;7.7;1;OPEL;CC11-7A07AA016AA9;VIVARO / COMBI 1.9 / DTI;Nemcija;DEU;osebni avtomobil;155;vozilo z dostopom za invalidski vozicek;VIVARO 
74;1981;7.7;1;OPEL;HC11-7A29AN016AA8;VIVARO / COMBI 1.9 / DTI;Nemcija;DEU;osebni avtomobil;155;vecnamensko vozilo;VIVARO 
74;1975;7.7;1;OPEL;X83-CC11;VIVARO / 1.9;Nemcija;DEU;osebni avtomobil;156;vecnamensko vozilo;VIVARO 
74;1975;7.7;1;OPEL;FC11-9B09AC026AB9;VIVARO / COMBI 1.9;Nemcija;DEU;osebni avtomobil;155;vecnamensko vozilo;VIVARO 
74;1927;7.7;1;OPEL;X83CC11-9A08AB026AB9;VIVARO / COMBI 1.9 / DTI;Nemcija;DEU;osebni avtomobil;155;vecnamensko vozilo;VIVARO 
74;1910;7.7;1;OPEL;X83-F9QU7;VIVARO / COMBI 1.9;Nemcija;DEU;osebni avtomobil;155;vecnamensko vozilo;VIVARO 
74;1910;7.7;1;OPEL;EC11-9B06AC026AB6;VIVARO / COMBI 1.9;Nemcija;DEU;osebni avtomobil;155;karavan;VIVARO 
74;1856;7.7;1;OPEL;X83-CC11;VIVARO / COMBI 1.9 / DTI;Nemcija;DEU;osebni avtomobil;155;vecnamensko vozilo;VIVARO 
74;1845;7.7;1;OPEL;CC11 7A07AA016AA9;VIVARO / COMBI 1.9 / DTI;Nemcija;DEU;osebni avtomobil;156;vecnamensko vozilo;VIVARO 
74;1845;7.7;1;OPEL;CC11-7A07AA016AA9;VIVARO / COMBI 1.9;Nemcija;DEU;osebni avtomobil;155;vecnamensko vozilo;VIVARO 
74;1781;7.7;1;OPEL;BC11-7A04AA016AA6;VIVARO / COMBI 1.9;Nemcija;DEU;osebni avtomobil;155;vecnamensko vozilo;VIVARO 
74;1771;7.7;1;OPEL;DC11-9B03AC026AB3;VIVARO 1.9;Nemcija;DEU;osebni avtomobil;155;vecnamensko vozilo;VIVARO 1.9
74;1229;7.7;0;OPEL;TGF35-X16XEL;ASTRA / CAR. 1.6 / I;Nemcija;DEU;osebni avtomobil;183;karavan;ASTRA 
74;1210;7.7;0;OPEL;FD11-2A04AS16FDH5;ASTRA / CAR. 1.6 / 16V;Nemcija;DEU;osebni avtomobil;183;karavan;ASTRA 
74;1199;7.7;0;OPEL;FD11-2A04AL11FDH5;ASTRA / CAR. 1.6 / 16V;Nemcija;DEU;osebni avtomobil;183;karavan;ASTRA 
74;1971;7.7;1;RENAULT;JLACA6;TRAFIC / 1.9;Francija;FRA;osebni avtomobil;155;vecnamensko vozilo;TRAFIC 
74;1880;7.7;1;RENAULT;JLACA6; /;Francija;FRA;osebni avtomobil;155;vecnamensko vozilo;
74;1800;7.7;1;RENAULT;JLBCA6;TRAFIC COMBI / 1.9 / DCI /;Francija;FRA;osebni avtomobil;155;vecnamensko vozilo;TRAFIC COMBI 
74;1798;7.7;1;RENAULT;JLBCA6;TRAFIC / 1.9;Francija;FRA;osebni avtomobil;155;vecnamensko vozilo;TRAFIC 
74;1791;7.7;1;RENAULT;JLACA6;TRAFIC / 1.9 / DCI;Francija;FRA;osebni avtomobil;155;vecnamensko vozilo;TRAFIC 
74;1791;7.7;1;RENAULT;JLDCA6;TRAFIC COMBI 1.9;Francija;FRA;osebni avtomobil;155;vecnamensko vozilo;TRAFIC COMBI 1.9
74;1725;7.7;1;RENAULT;JLBCA6;TRAFIC / 1.9 / DCI;Francija;FRA;osebni avtomobil;155;vecnamensko vozilo;TRAFIC 
74;1275;7.7;0;VOLKSWAGEN;SCAKLX01-SGFM52K028L4;GOLF / 1.6 /;Nemcija;DEU;osebni avtomobil;188;limuzina;GOLF 
74;1230;7.7;0;VOLKSWAGEN;SCAKLX01-SGFM52K028M4;GOLF / 1.6 /;Nemcija;DEU;osebni avtomobil;188;vozilo z dviûnimi vrati zadaj;GOLF 
74;1202;7.7;0;VOLKSWAGEN;1J SCAKLX01;GOLF / 1.6 /;Nemcija;DEU;osebni avtomobil;188;vozilo z dviûnimi vrati zadaj;GOLF 
74;1200;7.7;0;VOLKSWAGEN;SCAKLX01-SGFM52K028L4;GOLF / 1.6 /;Nemcija;DEU;osebni avtomobil;188;vozilo z dviûnimi vrati zadaj;GOLF 
74;1192;7.7;0;VOLKSWAGEN;1J-AKL;GOLF / 1.6 /;Nemcija;DEU;osebni avtomobil;188;vozilo z dviûnimi vrati zadaj;GOLF 
74;1155;7.7;0;VOLKSWAGEN;1J;GOLF / 1.6 /;Nemcija;DEU;osebni avtomobil;188;vozilo z dviûnimi vrati zadaj;GOLF 
74;1245;7.8;0;AUDI;B5;A4 / 1.6;Nemcija;DEU;osebni avtomobil;191;limuzina;A4 
74;1165;7.8;0;AUDI;8L;A3 / 1.6;Nemcija;DEU;osebni avtomobil;188;vozilo z dviûnimi vrati zadaj;A3 
74;1164;7.8;0;SEAT;ABAKLX01-SGFM52K0281M;LEON / 1.6 /;äpanija;ESP;osebni avtomobil;193;vozilo z dviûnimi vrati zadaj;LEON 
74;1325;7.8;0;VOLKSWAGEN;SEAHLX01-SGFM51W028;PASSAT / VAR. 1.6 /;Nemcija;DEU;osebni avtomobil;186;karavan;PASSAT 
74;1308;7.8;0;VOLKSWAGEN;3B;PASSAT / 1.6 / I;Nemcija;DEU;osebni avtomobil;191;limuzina;PASSAT 
74;1261;7.8;0;VOLKSWAGEN;1J SEAKLX01-SGFM52K028M4;GOLF / VAR. 1.6 /;Nemcija;DEU;osebni avtomobil;185;karavan;GOLF 
74;1238;7.8;0;VOLKSWAGEN;1J-AKL;BORA / 1.6 /;Nemcija;DEU;osebni avtomobil;180;limuzina;BORA 
74;2460;7.9;1;CITROEN;YAAMPA;JUMPER / KOMBI 30 2.2 / HDi L1H1;Francija;FRA;osebni avtomobil;140;vozilo za posebne namene;JUMPER 
74;2275;7.9;1;CITROEN;YAAMPA;JUMPER / KOMBI 30 2.2 / HDi L1H1;Francija;FRA;osebni avtomobil;140;vecnamensko vozilo;JUMPER 
74;2105;7.9;1;OPEL;CC11-7A06AX016AA9;VIVARO / COMBI 1.9 / DTI;Nemcija;DEU;osebni avtomobil;155;vecnamensko vozilo;VIVARO 
74;1981;7.9;1;OPEL;HC11-7A29AN016AA8;VIVARO / COMBI 1.9;Nemcija;DEU;osebni avtomobil;155;vecnamensko vozilo;VIVARO 
74;1975;7.9;1;OPEL;FC11-9B09AC026AB9;VIVARO / COMBI 1.9 / DTI;Nemcija;DEU;osebni avtomobil;155;vecnamensko vozilo;VIVARO 
74;1906;7.9;1;OPEL;HC11-7A29AN016AA8;VIVARO COMBI 1.9;Nemcija;DEU;osebni avtomobil;155;vecnamensko vozilo;VIVARO COMBI 1.9
74;1390;7.9;0;OPEL;T98M0N0CABHD11-2A06AK22BCB;ZAFIRA / 1.6 / 16V;Nemcija;DEU;osebni avtomobil;176;vecnamensko vozilo;ZAFIRA 
74;1390;7.9;0;OPEL;T98M0N0CABHD11-2A06AK13BCA;ZAFIRA / 1.6;Nemcija;DEU;osebni avtomobil;176;limuzina;ZAFIRA 
74;1375;7.9;0;OPEL;TGF75-X16XEL;ZAFIRA / 1.6 / 16V;Nemcija;DEU;osebni avtomobil;176;vecnamensko vozilo;ZAFIRA 
74;1300;7.9;0;OPEL;BB11-1A02A4CAAF5;MERIVA / 1.6;Nemcija;DEU;osebni avtomobil;177;limuzina;MERIVA 
74;2680;7.9;1;RENAULT;JLBCB6;TRAFIC / 1.9;Francija;FRA;osebni avtomobil;155;vozilo za posebne namene;TRAFIC 
74;2024;7.9;1;RENAULT;JLCCA6;TRAFIC / 1.9 / DCI;Francija;FRA;osebni avtomobil;155;vozilo z dostopom za invalidski vozicek;TRAFIC 
74;2018;7.9;1;RENAULT;JLBCB6;TRAFIC / COMBI 1.9 / DCI;Francija;FRA;osebni avtomobil;155;vozilo za invalidski vozicek;TRAFIC 
74;1981;7.9;1;RENAULT;JLCCA6;TRAFIC / 1.9;Francija;FRA;osebni avtomobil;155;vecnamensko vozilo;TRAFIC 
74;1846;7.9;1;RENAULT;JLBCB6;TRAFIC / 1.9 / DCI;Francija;FRA;osebni avtomobil;155;vecnamensko vozilo;TRAFIC 
74;1791;7.9;1;RENAULT;JLAC-A6;TRAFIC / COMBI 1.9 / DCI;Francija;FRA;osebni avtomobil;155;vecnamensko vozilo;TRAFIC 
74;1395;7.9;0;VOLKSWAGEN;3BSEAHLX01;PASSAT / 1.6 /;Nemcija;DEU;osebni avtomobil;186;karavan;PASSAT 
74;1805;8.1;1;AUDI;4B-AKE;A 6 / AVANT 2.5;Nemcija;DEU;osebni avtomobil;221;karavan;A 6 
74;1305;8.1;0;äKODA;1U;OCTAVIA / 1.6 / I;Ceöka republika;CZE;osebni avtomobil;187;vozilo z dviûnimi vrati zadaj;OCTAVIA 
74;1210;8.2;0;OPEL;T98-KOMBI;ASTRA / 1.6;Nemcija;DEU;osebni avtomobil;183;karavan;ASTRA 
74;1100;8.2;0;OPEL;DD11-2A09A140AFE5;ASTRA / 1.6 / 16V AUT.;Nemcija;DEU;osebni avtomobil;178;vozilo z dviûnimi vrati zadaj;ASTRA 
74;1060;8.2;0;OPEL;E;RECORD / 2.0 / S;Nemcija;DEU;osebni avtomobil;179;limuzina;RECORD 
74;1265;8.2;0;VOLKSWAGEN;ABAFTX01-SGFM52K014KL;GOLF / CABRIO 1.6 /;Nemcija;DEU;osebni avtomobil;185;kabriolet;GOLF 
74;1265;8.2;0;VOLKSWAGEN;1EABAFTX01-SGFM52K014KL;GOLF / CABRIO 1.6;Nemcija;DEU;osebni avtomobil;182;kabriolet;GOLF 
74;1225;8.2;0;VOLKSWAGEN;1E-AFT;GOLF / CABRIO 1.6;Nemcija;DEU;osebni avtomobil;182;kabriolet;GOLF 
74;1310;8.4;0;MAZDA;CP19F2;MAZDA PREMACY / 1.8 / i LP;Japonska ;JPN;osebni avtomobil;175;karavan;MAZDA PREMACY 
74;1275;8.4;0;MAZDA;CP19F2;PREMACY / 1.8;Japonska ;JPN;osebni avtomobil;175;vozilo z dviûnimi vrati zadaj;PREMACY 
74;1275;8.4;0;MAZDA;CP19F2;MAZDA PREMACY / 1.8 / i LP;Japonska ;JPN;osebni avtomobil;175;vozilo z dviûnimi vrati zadaj;MAZDA PREMACY 
74;2050;8.5;1;PEUGEOT;ZBRMRB;BOXER / 2.2 / HDI;Francija;FRA;osebni avtomobil;142;vecnamensko vozilo;BOXER 
74;1170;8.5;0;VOLKSWAGEN;1HX0-GAFT2;GOLF / 1.6 /;Nemcija;DEU;osebni avtomobil;188;vozilo z dviûnimi vrati zadaj;GOLF 
74;1210;8.6;0;AUDI;8L;A3 / 1.6;Nemcija;DEU;osebni avtomobil;183;vozilo z dviûnimi vrati zadaj;A3 
74;2055;8.6;1;CITROEN;ZARMPA;JUMPER / 2.2 / HDI;Francija;FRA;osebni avtomobil;142;vecnamensko vozilo;JUMPER 
74;2150;8.6;1;PEUGEOT;ZBRMRB;BOXER / 2.2 / HDI;Francija;FRA;osebni avtomobil;140;vecnamensko vozilo;BOXER 
74;1350;8.7;0;MAZDA;CP-19F2;PREMACY / 1.8 / I;Japonska ;JPN;osebni avtomobil;175;karavan;PREMACY 
74;1988;8.7;1;RENAULT;JDA2DC;MASTER / COMBI 2.5 / DCI;Francija;FRA;osebni avtomobil;140;vecnamensko vozilo;MASTER 
74;1060;8.9;0;AUDI;100 LS;100 LS;Nemcija;DEU;osebni avtomobil;170;limuzina;100 LS
74;1385;8.9;0;OPEL;T98-MONOCAB;ZAFIRA / 1.6 / I;Nemcija;DEU;osebni avtomobil;176;vecnamensko vozilo;ZAFIRA 
74;1308;8.9;0;VOLKSWAGEN;3B;PASSAT / 1.6;Nemcija;DEU;osebni avtomobil;191;limuzina;PASSAT 
74;1716;9.2;1;RENAULT;JLA-CA6;TRAFIC / 1.9 / DCI;Francija;FRA;osebni avtomobil;155;vecnamensko vozilo;TRAFIC 
74.5;1075;6.5;0;SUZUKI;C21S-MT;SWIFT / 1.5 /;Madûarska;HUN;osebni avtomobil;185;vozilo z dviûnimi vrati zadaj;SWIFT 
74.5;1055;6.5;0;SUZUKI;A21S-MT4S;SWIFT / 1.5 /;Madûarska;HUN;osebni avtomobil;185;vozilo z dviûnimi vrati zadaj;SWIFT 
74.5;1095;6.9;0;SUZUKI;C21S-AT;SWIFT / 1.5 / AUT.;Madûarska;HUN;osebni avtomobil;180;vozilo z dviûnimi vrati zadaj;SWIFT 
74.6;1114;8.4;0;KIA;FBH7-2472;SPECTRA / 1.6 /;Koreja. republika;KOR;osebni avtomobil;175;vozilo z dviûnimi vrati zadaj;SPECTRA 
75;1280;3.7;1;PEUGEOT;LCYHYP-R2K000;308 / BREAK 1.5 / HDI;Francija;FRA;osebni avtomobil;186;vecnamensko vozilo;308
75;1480;4.1;1;OPEL;ECYHYC-A2F000;COMBO LIFE / 1.5 / CDTI;Nemcija;DEU;osebni avtomobil;175;vecnamensko vozilo;COMBO LIFE 
75;1165;4.1;1;OPEL;UBYHYJ-X2B200;CORSA / 1.5 / DT;Francija;FRA;osebni avtomobil;188;vozilo z dviûnimi vrati zadaj;CORSA 
75;1165;4.2;1;OPEL;UBYHYJ-X2B200;CORSA / 1.5 / DT;Nemcija;DEU;osebni avtomobil;188;vozilo z dviûnimi vrati zadaj;CORSA 
75;1252;4.2;1;PEUGEOT;UBYHYJ-J2B000;208 / 1.5 / HDI;Francija;FRA;osebni avtomobil;188;vozilo z dviûnimi vrati zadaj;208
75;1457;4.2;1;VOLKSWAGEN;ACDFSDX0-N0J2FM5FM5A4051S1EBVR27MMLL473;CADDY / 2.0 / TDI;Nemcija;DEU;osebni avtomobil;172;karavan;CADDY 
75;1592;4.3;1;CITROEN;ECYHYC-A2A000;BERLINGO / 1.5 / HDI;Francija;FRA;osebni avtomobil;175;vecnamensko vozilo;BERLINGO 
75;1190;4.4;1;CITROEN;DDYHT2/J2S;C-ELYSEE / 1.5 / HDI;Francija;FRA;osebni avtomobil;190;limuzina;C-ELYSEE 
75;1495;4.4;1;PEUGEOT;LCYHYP-R2K000;308 / BREAK 1.5 / HDI;Francija;FRA;osebni avtomobil;186;vecnamensko vozilo;308
75;1238;4.5;1;CITROEN;SXYHYP/AAS;C3 / 1.5 / HDI;Francija;FRA;osebni avtomobil;188;vozilo z dviûnimi vrati zadaj;C3 
75;1235;4.5;1;CITROEN;0BYHYJ-C2P000;C4 CACTUS / 1.5 / HDI;Francija;FRA;osebni avtomobil;190;vozilo z dviûnimi vrati zadaj;C4 CACTUS 
75;1189;4.5;1;CITROEN;DDYHYS/S;C-ELYSEE / 1.5 / HDI;Francija;FRA;osebni avtomobil;188;limuzina;C-ELYSEE 
75;1179;4.5;1;CITROEN;DDYHYS/S;C-ELYSEE / 1.5 / HDI;Francija;FRA;osebni avtomobil;189;limuzina;C-ELYSEE 
75;1361;4.5;1;PEUGEOT;LBYHYP-C26000;308 / 1.5 / HDI;Francija;FRA;osebni avtomobil;186;vozilo z dviûnimi vrati zadaj;308
75;1360;4.5;1;PEUGEOT;LBYHYP-C2P000;308 / 1.5 / HDI;Francija;FRA;osebni avtomobil;186;vozilo z dviûnimi vrati zadaj;308
75;1304;4.5;1;PEUGEOT;UDYHYJ-R2B200;2008 / 1.5 / HDI;Francija;FRA;osebni avtomobil;185;vecnamensko vozilo;2008
75;1270;4.5;1;RENAULT;BMR205;MEGANE / 1.5;Francija;FRA;osebni avtomobil;179;vozilo z dviûnimi vrati zadaj;MEGANE 
75;1203;4.6;1;CITROEN;DDYHYS/S;C-ELYSEE / 1.5 / HDI;Francija;FRA;osebni avtomobil;189;limuzina;C-ELYSEE 
75;1196;4.6;1;CITROEN;SXYHYS/ACS;C3 / 1.5 / HDI;Francija;FRA;osebni avtomobil;188;vozilo z dviûnimi vrati zadaj;C3 
75;1165;4.6;0;MINI;XN71-6H1400C0;One / /;Nemcija;DEU;osebni avtomobil;195;vozilo z dviûnimi vrati zadaj;One 
75;1382;4.6;1;PEUGEOT;LCYHYP-R26000;308 / BREAK 1.5 / HDI;Francija;FRA;osebni avtomobil;186;vecnamensko vozilo;308
75;1362;4.6;1;PEUGEOT;LBYHYP-C2K000;308 / 1.5 / HDI;Francija;FRA;osebni avtomobil;186;vozilo z dviûnimi vrati zadaj;308
75;1329;4.6;1;PEUGEOT;UDYHYJ-R2B200;2008 / 1.5 / HDI;Francija;FRA;osebni avtomobil;185;vecnamensko vozilo;2008
75;1191;4.6;1;PEUGEOT;DDYHYS/S;301 / 1.5 / HDI;Francija;FRA;osebni avtomobil;189;limuzina;301
75;1608;4.6;1;VOLKSWAGEN;BBCUUDX0-N0J3FM5FM5A4057N1SN5VR27MMG2OLL161;CADDY 2.0 / TDI;Nemcija;DEU;osebni avtomobil;172;karavan;CADDY 2.0 
75;1457;4.6;1;VOLKSWAGEN;ACDFSDX0-N0J2FM5FM5A4057N1SBVR27MMLL161;CADDY / 2.0 / TDI;Nemcija;DEU;osebni avtomobil;172;karavan;CADDY 
75;1316;4.7;1;CITROEN;2CYHYJ-R2K000;C3 AIRCROSS / 1.5 / HDI;Francija;FRA;osebni avtomobil;175;vecnamensko vozilo;C3 AIRCROSS 
75;1203;4.7;1;CITROEN;DDYHYS/S;C-ELYSEE / 1.5 / HDI;Francija;FRA;osebni avtomobil;189;limuzina;C-ELYSEE 
75;1168;4.7;0;HONDA;GK301-3;JAZZ / 1.3 / CVT;Japonska ;JPN;osebni avtomobil;182;vozilo z dviûnimi vrati zadaj;JAZZ 
75;1278;4.7;1;OPEL;EA071CC12-BA1VAFPG9A5;CROSSLAND X / 1.5 / CDTI;Nemcija;DEU;osebni avtomobil;178;vecnamensko vozilo;CROSSLAND X 
75;1390;4.7;1;PEUGEOT;LCYHYP-R2K000;308 / BREAK 1.5 / HDI;Francija;FRA;osebni avtomobil;186;vecnamensko vozilo;308
75;1828;4.7;1;VOLKSWAGEN;ACDFSDX0-L0J2FM5FM5A4057N1SBVR27MMLL167;CADDY MAXI / 2.0 / TDI;Nemcija;DEU;osebni avtomobil;172;vozilo z dostopom za invalidski vozicek;CADDY MAXI 
75;1652;4.7;1;VOLKSWAGEN;BBDFSDX0-L0J3FM5FM5A4057N1SN5VR27MMG2PLL271;CADDY MAXI 2.0 / TDI;Nemcija;DEU;osebni avtomobil;172;vecnamensko vozilo;CADDY MAXI 2.0 
75;1519;4.7;1;VOLKSWAGEN;ACDFSDX0-L0J2FM5FM5A4057N1SBVR27MMLL270;CADDY MAXI / 2.0 / TDI;Nemcija;DEU;osebni avtomobil;172;karavan;CADDY MAXI 
75;1519;4.7;1;VOLKSWAGEN;AFDFSDX0-L0J2FM5FM5A4057N1SBVR27MMLL271;CADDY MAXI / 2.0 / TDI;Nemcija;DEU;osebni avtomobil;172;vecnamensko vozilo;CADDY MAXI 
75;1519;4.7;1;VOLKSWAGEN;ACCUUDX01-L0J2FM5FM5A4057N1SBVR27MMLL167;CADDY / 2.0 / TDI;Nemcija;DEU;osebni avtomobil;172;karavan;CADDY 
75;1313;4.8;1;CITROEN;2CYHYJ-R2K000;C3 AIRCROSS / 1.5 / HDI;Francija;FRA;osebni avtomobil;175;vecnamensko vozilo;C3 AIRCROSS 
75;1211;4.8;1;CITROEN;0BYHYJ-C2F000;C4 CACTUS / 1.5 / HDI;Francija;FRA;osebni avtomobil;190;vozilo z dviûnimi vrati zadaj;C4 CACTUS 
75;1171;4.8;0;HONDA;GK301-4;JAZZ / 1.3 / CVT;Japonska ;JPN;osebni avtomobil;182;vozilo za posebne namene;JAZZ 
75;1171;4.8;0;HONDA;GK301-4;JAZZ / 1.3 / CVT;Japonska ;JPN;osebni avtomobil;182;vozilo z dviûnimi vrati zadaj;JAZZ 
75;1240;4.8;0;MINI;XR11-DAW400L0;ONE / / AUT.;Nemcija;DEU;osebni avtomobil;193;vozilo z dviûnimi vrati zadaj;ONE 
75;1225;4.8;0;MINI;XS11-6H1500C0;One / /;Nemcija;DEU;osebni avtomobil;192;karavan;One 
75;1195;4.8;0;MINI;XN71-6A1400C0;One / / AUT.;Nemcija;DEU;osebni avtomobil;195;vozilo z dviûnimi vrati zadaj;One 
75;1278;4.8;1;OPEL;EA071CC12-BA1VAFPG9A5;CROSSLAND X / 1.5 / CDTI;Nemcija;DEU;osebni avtomobil;178;vecnamensko vozilo;CROSSLAND X 
75;1610;4.8;1;VOLKSWAGEN;ACDTREX0-N222FM6FM6C9008N1N4BI1AA5;CADDY / 2.0 / TDI;Nemcija;DEU;osebni avtomobil;175;karavan;CADDY 
75;1457;4.8;1;VOLKSWAGEN;ACDFSDX0-N0J2FM5FM5A4057N1SBVR27MMLL161;CADDY / 2.0 / TDI;Nemcija;DEU;osebni avtomobil;172;karavan;CADDY 
75;1315;4.9;1;CITROEN;2CYHYJ-R2F000;C3 AIRCROSS / 1.5 / HDI;Francija;FRA;osebni avtomobil;175;vecnamensko vozilo;C3 AIRCROSS 
75;1310;4.9;1;CITROEN;2CYHYJ-R2B000;C3 AIRCROSS / 1.5 / HDI;Francija;FRA;osebni avtomobil;175;vecnamensko vozilo;C3 AIRCROSS 
75;1301;4.9;1;CITROEN;2CYHYJ-R2B000;C3 AIRCROSS / 1.5 / HDI;Francija;FRA;osebni avtomobil;184;vecnamensko vozilo;C3 AIRCROSS 
75;1212;4.9;1;CITROEN;0BYHYJ-C2F000;C4 CACTUS / 1.5 / HDI;Francija;FRA;osebni avtomobil;190;vozilo z dviûnimi vrati zadaj;C4 CACTUS 
75;1152;4.9;0;HONDA;GK301-5;JAZZ / 1.3 / CVT;Japonska ;JPN;osebni avtomobil;182;vozilo z dviûnimi vrati zadaj;JAZZ 
75;1365;4.9;1;KIA;FEM211-5461L;CERATO / 1.5 / D;Koreja. republika;KOR;osebni avtomobil;175;vecnamensko vozilo;CERATO 
75;1345;4.9;1;KIA;FES211-5461K;CERATO / 1.5;Koreja. republika;KOR;osebni avtomobil;175;limuzina;CERATO 
75;1278;4.9;1;OPEL;EA071CB12-BA1VAFPG9A5;CROSSLAND X / 1.5 / CDTI;Nemcija;DEU;osebni avtomobil;178;vecnamensko vozilo;CROSSLAND X 
75;1319;4.9;1;PEUGEOT;CUYHYP/S;2008 / 1.5 / HDI;Francija;FRA;osebni avtomobil;182;karavan;2008
75;1714;4.9;1;VOLKSWAGEN;ACDTREX0-N222FM6FM6C9008N1N4BI1AA5;CADDY / 2.0 / TDI;Nemcija;DEU;osebni avtomobil;175;karavan;CADDY 
75;1709;4.9;1;VOLKSWAGEN;ACDTREX0-N222FM6FM6C9008N1N4BI1AA5D;CADDY / 2.0 / TDI;Nemcija;DEU;osebni avtomobil;175;karavan;CADDY 
75;1519;4.9;1;VOLKSWAGEN;AFDFSDX0-L0J2FM5FM5A4057N1SBVR27MMLL371;CADDY MAXI / 2.0 / TDI;Nemcija;DEU;osebni avtomobil;172;vecnamensko vozilo;CADDY MAXI 
75;1492;4.9;1;VOLKSWAGEN;ACDFSDX0-N0J2FD6FD62E031N1SBVR27MMLL161;CADDY / 2.0 / TDI AUT.;Nemcija;DEU;osebni avtomobil;170;karavan;CADDY 
75;1567;5.1;1;CITROEN;ECYHT2-A2C300;BERLINGO / 1.5 / HDI L1;Francija;FRA;osebni avtomobil;172;vecnamensko vozilo;BERLINGO 
75;1164;5.1;0;HONDA;GK301-1;JAZZ / 1.3 /;Japonska ;JPN;osebni avtomobil;190;vozilo z dviûnimi vrati zadaj;JAZZ 
75;1162;5.1;0;HONDA;GK301-2;JAZZ / 1.3 /;Japonska ;JPN;osebni avtomobil;190;vozilo z dviûnimi vrati zadaj;JAZZ 
75;1825;5.1;1;VOLKSWAGEN;ACDFSDX0-L0J2FD6FD62E031N1SBVR27MMLL269;CADDY MAXI / 2.0 / TDI AUT.;Nemcija;DEU;osebni avtomobil;170;vozilo z dostopom za invalidski vozicek;CADDY MAXI 
75;1554;5.1;1;VOLKSWAGEN;AFDFSDX0-L0J2FD6FD62E031N1SBVR27MMLL271;CADDY MAXI / 2.0 / TDI AUT.;Nemcija;DEU;osebni avtomobil;170;vecnamensko vozilo;CADDY MAXI 
75;1554;5.1;1;VOLKSWAGEN;AFDFSDX0-L0J2FD6FD62E031N1SBVR27MMLL271;CADDY MAXI / 2.0 / TDI AUT.;Nemcija;DEU;osebni avtomobil;170;limuzina;CADDY MAXI 
75;1532;5.1;1;VOLKSWAGEN;ACCAYDX01-FM5FM5A4057ET0J27MGNN1;CADDY / 1.6 / TDI;Nemcija;DEU;osebni avtomobil;170;karavan;CADDY 
75;1522;5.1;1;VOLKSWAGEN;ACCAYDX01-N0J2FM5FM5A4057N1STVR27MJ;CADDY / 1.6 / TDI;Nemcija;DEU;osebni avtomobil;170;karavan;CADDY 
75;1522;5.1;1;VOLKSWAGEN;AFCAYDX01-N0J2FM5FM5A4057N1ET7MQ;CADDY / 1.6 / TDI;Nemcija;DEU;osebni avtomobil;170;vecnamensko vozilo;CADDY 
75;1631;5.2;1;CITROEN;ECYHT2-C2C300;BERLINGO / 1.5 / HDI L2;Francija;FRA;osebni avtomobil;172;vecnamensko vozilo;BERLINGO 
75;1629;5.2;1;CITROEN;ECYHT2-A2C300;BERLINGO / 1.5 / HDI L1;Francija;FRA;osebni avtomobil;172;vecnamensko vozilo;BERLINGO 
75;1365;5.2;1;OPEL;BE11;ASTRA / 1.7;Nemcija;DEU;osebni avtomobil;180;vozilo z dviûnimi vrati zadaj;ASTRA 
75;1215;5.2;1;RENAULT;BA05-05;MEGANE / 1.9;Francija;FRA;osebni avtomobil;188;vozilo z dviûnimi vrati zadaj;MEGANE 
75;1180;5.2;1;RENAULT;DA;MEGANE / COUPE 1.9;Francija;FRA;osebni avtomobil;189;kupe;MEGANE 
75;1450;5.2;1;äKODA;ACBJBX01-FM5FM5A4009N;OCTAVIA / COMBI 1.9;Ceöka republika;CZE;osebni avtomobil;191;karavan;OCTAVIA 
75;1619;5.2;1;TOYOTA;ECYHT2-A2C300(1D);PROACE City Verso / 1.5 / D;äpanija;ESP;osebni avtomobil;172;vecnamensko vozilo;PROACE City Verso 
75;1618;5.2;1;VOLKSWAGEN;AFCAYDX01-L0J2FM5FM5A4057N1EK7MG;CADDY MAXI / 1.6 / TDI;Nemcija;DEU;osebni avtomobil;170;vecnamensko vozilo;CADDY MAXI 
75;1601;5.2;1;VOLKSWAGEN;AFCAYDX01-FM5FM5A4057ET0J27MGLN1;CADDY MAXI / 1.6 / TDI;Nemcija;DEU;osebni avtomobil;170;vecnamensko vozilo;CADDY MAXI 
75;1591;5.2;1;VOLKSWAGEN;AFCAYDX01-L0J2FM5FM5A4057N1STVR27MJ;CADDY MAXI / 1.6 / TDI;Nemcija;DEU;osebni avtomobil;170;vecnamensko vozilo;CADDY MAXI 
75;1556;5.2;1;VOLKSWAGEN;ACCAYDX01-FM5FM5A4057EK0J27MGNN1;CADDY / 1.6 / TDI;Nemcija;DEU;osebni avtomobil;170;karavan;CADDY 
75;1547;5.2;1;VOLKSWAGEN;ACCAYDX01-N0J2FM5FM5A4057N1EK7MQ;CADDY / 1.6 / TDI;Nemcija;DEU;osebni avtomobil;170;karavan;CADDY 
75;1670;5.3;1;CITROEN;ECYHT2-C2C300;BERLINGO / 1.5 / HDI L2;Francija;FRA;osebni avtomobil;172;vecnamensko vozilo;BERLINGO 
75;1601;5.3;1;PEUGEOT;ECYHT2-A2C310;RIFTER / 1.5 / HDI L1;Francija;FRA;osebni avtomobil;172;vecnamensko vozilo;RIFTER 
75;1342;5.3;0;VOLKSWAGEN;ACCHZGX0-N0J2FM5FM5AH017N1SBVR27MMLL161;CADDY / 1.0 / TSI;Nemcija;DEU;osebni avtomobil;172;karavan;CADDY 
75;1415;5.4;0;BMW;2X71-6H1500C0;216 / / i ACTIVE TOURER;Nemcija;DEU;osebni avtomobil;188;karavan;216
75;1700;5.4;1;CITROEN;ECYHT2-D2C300;BERLINGO / 1.5 / HDI L2;Francija;FRA;osebni avtomobil;172;vecnamensko vozilo;BERLINGO 
75;1619;5.4;1;CITROEN;ECYHYC-C2P000;BERLINGO / 1.5 / HDI L2;Francija;FRA;osebni avtomobil;172;vecnamensko vozilo;BERLINGO 
75;1598;5.4;1;CITROEN;ECYHYC-A2P000;BERLINGO / 1.5 / HDI L1;Francija;FRA;osebni avtomobil;172;vecnamensko vozilo;BERLINGO 
75;1380;5.4;1;HYUNDAI;S-N;MATRIX / 1.5 / CRDi;Koreja. republika;KOR;osebni avtomobil;164;vecnamensko vozilo;MATRIX 
75;1370;5.4;0;MERCEDES BENZ;1241Q2-AZAA1501;A / 160 /;Nemcija;DEU;osebni avtomobil;190;karavan;A 
75;1305;5.4;1;RENAULT;KA05-05;MEGANE / BREAK 1.9;Francija;FRA;osebni avtomobil;185;karavan;MEGANE 
75;1285;5.4;1;RENAULT;KA05-05;MEGANE / BREAK 1.9 / DCI;Francija;FRA;osebni avtomobil;185;karavan;MEGANE 
75;1145;5.4;1;RENAULT;KA0-505;MEGANE / 1.9;Francija;FRA;osebni avtomobil;185;karavan;MEGANE 
75;1565;5.4;1;VOLKSWAGEN;ACCAYDX01-N0J2FD7FD7AM006N1EK7MQ;CADDY / 1.6 / TDI AUT.;Nemcija;DEU;osebni avtomobil;168;karavan;CADDY 
75;1413;5.4;1;VOLKSWAGEN;ABBKCX0-FM6FM62S007N40GGN1;GOLF / 1.9;Nemcija;DEU;osebni avtomobil;187;vozilo z dviûnimi vrati zadaj;GOLF 
75;1395;5.4;1;VOLVO;VW78-82;V 40 / 1.9;ävedska;SWE;osebni avtomobil;185;karavan;V 40 
75;1395;5.4;1;VOLVO;VW78-82;V40 / 1.9 / DTI;ävedska;SWE;osebni avtomobil;185;karavan;V40 
75;1370;5.4;1;VOLVO;VS78-82;S40 / 1.9 / DTI;ävedska;SWE;osebni avtomobil;185;limuzina;S40 
75;1320;5.4;1;VOLVO;VW7882;V40 / 1.9 / DT;ävedska;SWE;osebni avtomobil;185;karavan;V40 
75;1360;5.5;0;BMW;1P11-5H104;114 / / i;Nemcija;DEU;osebni avtomobil;195;karavan;114
75;1666;5.5;1;CITROEN;ECYHYC-D2P000;BERLINGO / 1.5 / HDI L2;Francija;FRA;osebni avtomobil;172;vecnamensko vozilo;BERLINGO 
75;1646;5.5;1;CITROEN;ECYHYC-C2P000;BERLINGO / 1.5 / HDI L2;Francija;FRA;osebni avtomobil;172;vecnamensko vozilo;BERLINGO 
75;1643;5.5;1;CITROEN;ECYHYC-A2P000;BERLINGO / 1.5 / HDI L1;Francija;FRA;osebni avtomobil;172;vecnamensko vozilo;BERLINGO 
75;1395;5.5;0;MERCEDES BENZ;M241Q2-AZBA1502;B / 160 /;Nemcija;DEU;osebni avtomobil;190;karavan;B 
75;1370;5.5;0;MERCEDES BENZ;1241Q2-AZAAA502;A / 160 /;Nemcija;DEU;osebni avtomobil;190;karavan;A 
75;1215;5.5;0;MINI;XR11-DHW400L0;ONE / /;Nemcija;DEU;osebni avtomobil;193;vozilo z dviûnimi vrati zadaj;ONE 
75;1360;5.5;1;MITSUBISHI;DA0DA5AL-NUFL6;CARISMA / 1.9;Nizozemska;NLD;osebni avtomobil;190;vozilo z dviûnimi vrati zadaj;CARISMA 
75;1320;5.5;1;MITSUBISHI;DG411-5TT984485;SPACE STAR / 1.9 / DID;Nizozemska;NLD;osebni avtomobil;185;vozilo z dviûnimi vrati zadaj;SPACE STAR 
75;1320;5.5;1;MITSUBISHI;DG4ALNMFL6;SPACE STAR / 1.9 / DID;Nizozemska;NLD;osebni avtomobil;185;karavan;SPACE STAR 
75;1245;5.5;1;MITSUBISHI;DG60;SPACE STAR / 1.9 / DID;Japonska ;JPN;osebni avtomobil;185;karavan;SPACE STAR 
75;1425;5.5;1;RENAULT;BGRG06;LAGUNA / 1.9;Francija;FRA;osebni avtomobil;200;vozilo z dviûnimi vrati zadaj;LAGUNA 
75;1403;5.5;0;VOLKSWAGEN;AFCHZGX0-L0J2FM5FM5AH017N1SBVR27MMLL269;CADDY MAXI / 1.0 / TSI;Nemcija;DEU;osebni avtomobil;172;vecnamensko vozilo;CADDY MAXI 
75;1342;5.5;0;VOLKSWAGEN;ACCHZGX0-N0J2FM5FM5AH017N1SBVR27MMLL270;CADDY / 1.0 / TSI;Nemcija;DEU;osebni avtomobil;172;karavan;CADDY 
75;1710;5.6;1;CITROEN;ECYHYC-D2P000;BERLINGO / 1.5 / HDI L2;Francija;FRA;osebni avtomobil;172;vecnamensko vozilo;BERLINGO 
75;1655;5.6;1;CITROEN;ECYHYC-A2P000;BERLINGO / 1.5 / HDI L1;Francija;FRA;osebni avtomobil;172;vecnamensko vozilo;BERLINGO 
75;1585;5.6;1;CITROEN;ECYHYC-A2E000;BERLINGO / 1.5 / HDI L1;Francija;FRA;osebni avtomobil;175;vecnamensko vozilo;BERLINGO 
75;1370;5.6;0;MERCEDES BENZ;1241Q2-AZAA1504;A / 160 /;Nemcija;DEU;osebni avtomobil;190;karavan;A 
75;1360;5.6;1;MITSUBISHI;DAO;CARISMA / 1.9 / DID;Nizozemska;NLD;osebni avtomobil;190;vozilo z dviûnimi vrati zadaj;CARISMA 
75;1320;5.6;1;MITSUBISHI;DG0;SPACE STAR / 1.9;Japonska ;JPN;osebni avtomobil;185;vozilo z dviûnimi vrati zadaj;SPACE STAR 
75;1469;5.6;1;VOLKSWAGEN;3BG-AVB;PASSAT / 1.9;Nemcija;DEU;osebni avtomobil;184;karavan;PASSAT 
75;1365;5.7;0;BMW;1R11-5H200;114 / / i;Nemcija;DEU;osebni avtomobil;195;karavan;114
75;1360;5.7;0;BMW;1P11-5H205;114 / / i;Nemcija;DEU;osebni avtomobil;195;karavan;114
75;1649;5.7;1;CITROEN;ECYHYC-C2E000;BERLINGO / 1.5 / HDI L2;Francija;FRA;osebni avtomobil;175;vecnamensko vozilo;BERLINGO 
75;1635;5.7;1;CITROEN;ECYHYC-A2E000;BERLINGO / 1.5 / HDI L1;Francija;FRA;osebni avtomobil;175;vecnamensko vozilo;BERLINGO 
75;1575;5.7;1;OPEL;EFYHYC-E2F020;COMBO / CARGO 1.5 DT;Nemcija;DEU;osebni avtomobil;172;vecnamensko vozilo;COMBO 
75;1613;5.7;1;PEUGEOT;ECYHYC-A2E010;RIFTER / 1.5 / HDI L1;Francija;FRA;osebni avtomobil;175;vecnamensko vozilo;RIFTER 
75;1055;5.7;0;RENAULT;CN0F05;TWINGO / 1.2 / 16V T.;Francija;FRA;osebni avtomobil;185;vozilo z dviûnimi vrati zadaj;TWINGO 
75;1051;5.7;0;RENAULT;CN0F15;TWINGO / 1.2 / 16V T.;Francija;FRA;osebni avtomobil;185;vozilo z dviûnimi vrati zadaj;TWINGO 
75;1838;5.7;1;VOLKSWAGEN;GCXGB280X0-NNFM52Z1116NVR27MMG01L63281;TRANSPORTER / 2.0 / TDI;Nemcija;DEU;osebni avtomobil;157;vecnamensko vozilo;TRANSPORTER 
75;1548;5.7;1;VOLKSWAGEN;ACCAYDX01-FM5FM5A4056SK0J27MGNN1;CADDY / 1.6 / TDI;Nemcija;DEU;osebni avtomobil;168;karavan;CADDY 
75;1548;5.7;1;VOLKSWAGEN;AFCAYDX01-FM5FM5A4056SK0J27MGNN1;CADDY / 1.6 / TDI;Nemcija;DEU;osebni avtomobil;168;vecnamensko vozilo;CADDY 
75;1547;5.7;1;VOLKSWAGEN;ACCAYDX01-N0J2FM5FM5A4056N1SKVR07MJ;CADDY / 1.6 / TDI;Nemcija;DEU;osebni avtomobil;168;karavan;CADDY 
75;1547;5.7;1;VOLKSWAGEN;AFCAYDX01-N0J2FM5FM5A4056N1SKVR07MJ;CADDY / 1.6 / TDI;Nemcija;DEU;osebni avtomobil;168;vecnamensko vozilo;CADDY 
75;1534;5.7;1;VOLKSWAGEN;ACCAYDX01-N0J2FM5FM5A4056N1SCVR07MJ;CADDY / 1.6 / TDI;Nemcija;DEU;osebni avtomobil;168;karavan;CADDY 
75;1532;5.7;1;VOLKSWAGEN;ACCAYDX01-L0J2FM5FM5A4056N1SBVR07MJ;CADDY MAXI / 1.6 / TDI;Nemcija;DEU;osebni avtomobil;168;karavan;CADDY MAXI 
75;1524;5.7;1;VOLKSWAGEN;ACCAYDX01-FM5FM5A4056ST0J27MGNN1;CADDY / 1.6 / TDI;Nemcija;DEU;osebni avtomobil;168;karavan;CADDY 
75;1522;5.7;1;VOLKSWAGEN;ACCAYDX01-N0J2FM5FM5A4056N1STVR07MJ;CADDY / 1.6 / TDI;Nemcija;DEU;osebni avtomobil;168;karavan;CADDY 
75;1522;5.7;1;VOLKSWAGEN;AFCAYDX01-N0J2FM5FM5A4056N1ST7MQ;CADDY / 1.6 / TDI;Nemcija;DEU;osebni avtomobil;168;vecnamensko vozilo;CADDY 
75;1522;5.7;1;VOLKSWAGEN;ACCAYDX01-N0J2FM5FM5A4056N1ST7MQ;CADDY / 1.6 / TDI;Nemcija;DEU;osebni avtomobil;168;limuzina;CADDY 
75;1477;5.7;1;VOLKSWAGEN;ACDFSDX0-N0J2FM5FM5A4057N1SBVR27CSLL1AA;CADDY / 2.0 / TDI;Nemcija;DEU;osebni avtomobil;172;karavan;CADDY 
75;1474;5.7;1;VOLKSWAGEN;ACCAYDX01-N0J2FM5FM5A4056N1SBVR07MJ;CADDY / 1.6 / TDI;Nemcija;DEU;osebni avtomobil;168;karavan;CADDY 
75;1698;5.8;1;CITROEN;ECYHYC-D2E000;BERLINGO / 1.5 / HDI L2;Francija;FRA;osebni avtomobil;175;vecnamensko vozilo;BERLINGO 
75;1580;5.8;1;CITROEN;ECYHYC-A22000;BERLINGO / 1.5 / HDI L1;Francija;FRA;osebni avtomobil;175;vecnamensko vozilo;BERLINGO 
75;1155;5.8;0;HONDA;GK303-1;JAZZ / 1.3 /;Japonska ;JPN;osebni avtomobil;190;vozilo z dviûnimi vrati zadaj;JAZZ 
75;1148;5.8;0;HONDA;GK302-1;JAZZ / 1.3 /;Japonska ;JPN;osebni avtomobil;190;vozilo z dviûnimi vrati zadaj;JAZZ 
75;1767;5.8;1;PEUGEOT;ECYHYC-C2E010;RIFTER / 1.5 / HDI L2;Francija;FRA;osebni avtomobil;175;vozilo z dostopom za invalidski vozicek;RIFTER 
75;1639;5.8;1;PEUGEOT;ECYHYC-A2E010;RIFTER / 1.5 / HDI L1;Francija;FRA;osebni avtomobil;175;vecnamensko vozilo;RIFTER 
75;1629;5.8;1;PEUGEOT;ECYHYC-A2E010;RIFTER / 1.5 / HDI;Francija;FRA;osebni avtomobil;175;vecnamensko vozilo;RIFTER 
75;1838;5.8;1;VOLKSWAGEN;GCXGB300X0-NNFM52Z1116VVR27MMG02L63291;TRANSPORTER / 2.0 / TDI;Nemcija;DEU;osebni avtomobil;157;vecnamensko vozilo;TRANSPORTER 
75;1667;5.8;1;VOLKSWAGEN;ACDFSDX0-N0J2FM5FM5A4057N1SBVR27CSLL1BA;CADDY / 2.0 / TDI;Nemcija;DEU;osebni avtomobil;172;vozilo z dostopom za invalidski vozicek;CADDY 
75;1638;5.8;1;VOLKSWAGEN;BBCAYDX01-N0J3FM5FM5A4056N1SN57MQG2P;CADDY 1.6 / TDI;Nemcija;DEU;osebni avtomobil;168;vecnamensko vozilo;CADDY 1.6 
75;1636;5.8;1;VOLKSWAGEN;ACCAYDX01-L0J2FD7FD7AM006N1SK7MQ;CADDY MAXI / 1.6 / TDI AUT.;Nemcija;DEU;osebni avtomobil;168;karavan;CADDY MAXI 
75;1635;5.8;1;VOLKSWAGEN;BBCAYDX01-N0J3FM5FM5A4056N1S57MGG2P;CADDY 1.6 / TDI;Nemcija;DEU;osebni avtomobil;168;karavan;CADDY 1.6 
75;1626;5.8;1;VOLKSWAGEN;BBCAYDX01-N0J3FM5FM5A4056N1S57MGG2P;CADDY 1.6 / TDI;Nemcija;DEU;osebni avtomobil;168;vecnamensko vozilo;CADDY 1.6 
75;1619;5.8;1;VOLKSWAGEN;BBCAYDX01-N0J3FM5FM5A4056N1S57MQG2P;CADDY 1.6 / TDI;Nemcija;DEU;osebni avtomobil;168;vecnamensko vozilo;CADDY 1.6 
75;1618;5.8;1;VOLKSWAGEN;AFCAYDX01-L0J2FM5FM5A4056N1SKVR07MJ;CADDY MAXI / 1.6 / TDI;Nemcija;DEU;osebni avtomobil;168;vecnamensko vozilo;CADDY MAXI 
75;1618;5.8;1;VOLKSWAGEN;ACCAYDX01-L0J2FM5FM5A4056N1SK7MQ;CADDY MAXI / 1.6 / TDI;Nemcija;DEU;osebni avtomobil;168;karavan;CADDY MAXI 
75;1609;5.8;1;VOLKSWAGEN;AFCAYDX01-L0J2FD7FD7AM006N1STVR07MJ;CADDY MAXI / 1.6 / TDI AUT.;Nemcija;DEU;osebni avtomobil;168;vecnamensko vozilo;CADDY MAXI 
75;1591;5.8;1;VOLKSWAGEN;AFCAYDX01-L0J2FM5FM5A4056N1STVR07MJ;CADDY MAXI / 1.6 / TDI;Nemcija;DEU;osebni avtomobil;168;vecnamensko vozilo;CADDY MAXI 
75;1591;5.8;1;VOLKSWAGEN;ACCAYDX01-L0J2FM5FM5A4056N1STVR07MJ;CADDY MAXI / 1.6 / TDI;Nemcija;DEU;osebni avtomobil;168;karavan;CADDY MAXI 
75;1566;5.8;1;VOLKSWAGEN;ACCAYDX01-FD7FD7AM006SK0J27MGNN1;CADDY / 1.6 / TDI AUT.;Nemcija;DEU;osebni avtomobil;168;karavan;CADDY 
75;1477;5.8;1;VOLKSWAGEN;ACDFSDX0-N0J2FM5FM5A4057N1SBVR27CSLL1BA;CADDY / 2.0 / TDI;Nemcija;DEU;osebni avtomobil;172;karavan;CADDY 
75;1647;5.9;1;CITROEN;ECYHYC-A2A000;BERLINGO / 1.5 / HDI L1;Francija;FRA;osebni avtomobil;175;vecnamensko vozilo;BERLINGO 
75;1603;5.9;1;CITROEN;ECYHYC-A22000;BERLINGO / 1.5 / HDI L1;Francija;FRA;osebni avtomobil;175;vecnamensko vozilo;BERLINGO 
75;1598;5.9;1;CITROEN;ECYHYC-C22000;BERLINGO / 1.5 / HDI L2;Francija;FRA;osebni avtomobil;175;vecnamensko vozilo;BERLINGO 
75;1149;5.9;0;HONDA;GK303-1;JAZZ / 1.3 /;Japonska ;JPN;osebni avtomobil;190;vozilo z dviûnimi vrati zadaj;JAZZ 
75;1365;5.9;1;RENAULT;JA05-05;MEGANE / SCENIC 1.9 / DCI;Francija;FRA;osebni avtomobil;177;vecnamensko vozilo;MEGANE 
75;1365;5.9;1;RENAULT;JA;MEGANE / SCENIC / 1.9 / DCI;Francija;FRA;osebni avtomobil;177;vozilo z dviûnimi vrati zadaj;MEGANE 
75;1365;5.9;1;RENAULT;JA0505;SCENIC / 1.9 / DCI;Francija;FRA;osebni avtomobil;177;vecnamensko vozilo;SCENIC 
75;1290;5.9;1;RENAULT;JA0505;SCENIC / 1.9 / DCI;Francija;FRA;osebni avtomobil;177;vozilo z dviûnimi vrati zadaj;SCENIC 
75;1290;5.9;1;RENAULT;JA1F05;MEGANE / SCENIC 1.9 / DT;Francija;FRA;osebni avtomobil;177;vozilo z dviûnimi vrati zadaj;MEGANE 
75;1290;5.9;1;RENAULT;JA05-05;MEGANE / SCENIC 1.9;Francija;FRA;osebni avtomobil;177;limuzina;MEGANE 
75;1290;5.9;1;RENAULT;JA;MEGANE / SCENIC / 1.9 / DCI;Francija;FRA;osebni avtomobil;177;vecnamensko vozilo;MEGANE 
75;1290;5.9;1;RENAULT;JA0505;MEGANE / SCENIC / 1.9 / DCI;Francija;FRA;osebni avtomobil;173;vecnamensko vozilo;MEGANE 
75;1225;5.9;1;RENAULT;JA-05-05;MEGANE / SCENIC 1.9 / DCI;Francija;FRA;osebni avtomobil;177;vozilo z dviûnimi vrati zadaj;MEGANE 
75;1838;5.9;1;VOLKSWAGEN;GCXGB280X0-NNFM52Z1116NVR27MMG02L63281;TRANSPORTER / 2.0 / TDI;Nemcija;DEU;osebni avtomobil;157;vecnamensko vozilo;TRANSPORTER 
75;1539;5.9;1;VOLKSWAGEN;ACDFSDX0-L0J2FM5FM5A4057N1SBVR27CSLL1BA;CADDY MAXI / 2.0 / TDI;Nemcija;DEU;osebni avtomobil;172;karavan;CADDY MAXI 
75;1477;5.9;1;VOLKSWAGEN;ACDFSDX0-N0J2FM5FM5A4057N1SBVR27CSLL1BA;CADDY / 2.0 / TDI;Nemcija;DEU;osebni avtomobil;172;karavan;CADDY 
75;1318;6.1;0;DACIA;JSDDV5;LODGY / 1.6 / 16V;Romunija;ROM;osebni avtomobil;172;karavan;LODGY 
75;1410;6.1;1;MERCEDES BENZ;202.134-H00BC0GHAAA50;C / 200 / CDI;Nemcija;DEU;osebni avtomobil;185;limuzina;C 
75;1335;6.1;1;MERCEDES BENZ;H0;C / 200 / CDI;Nemcija;DEU;osebni avtomobil;185;limuzina;C 
75;1414;6.1;0;RENAULT;RFBKF2N86TB0400100;MEGANE / GRANDTOUR 1.3 / 16V;Francija;FRA;osebni avtomobil;182;karavan;MEGANE 
75;1358;6.1;0;RENAULT;RFBBF2N86TB0400100;MEGANE / 1.3 / 16V;Francija;FRA;osebni avtomobil;180;vozilo z dviûnimi vrati zadaj;MEGANE 
75;1332;6.1;0;RENAULT;RFBBF2N86TA0500100;MEGANE / 1.3 / 16V;Francija;FRA;osebni avtomobil;189;vozilo z dviûnimi vrati zadaj;MEGANE 
75;1946;6.1;1;VOLKSWAGEN;MCXGB300X0-NNFM52Z1116NVR27MMG02L63272;MULTIVAN / 2.0 / TDI;Nemcija;DEU;osebni avtomobil;157;karavan;MULTIVAN 
75;1913;6.1;1;VOLKSWAGEN;GCXGB308X0-NNFM52Z1116NVR27MMG02L63291;TRANSPORTER / 2.0 / TDI;Nemcija;DEU;osebni avtomobil;157;vecnamensko vozilo;TRANSPORTER 
75;1377;6.2;0;DACIA;0SDCV5;DOKKER / 1.6 / 16V;Romunija;ROM;osebni avtomobil;170;vozilo z dostopom za invalidski vozicek;DOKKER 
75;1323;6.2;0;DACIA;0SDCV5;DOKKER / 1.6 / 16V;Romunija;ROM;osebni avtomobil;170;karavan;DOKKER 
75;1540;6.2;1;MERCEDES BENZ;210;E / 200 / CDI;Nemcija;DEU;osebni avtomobil;187;limuzina;E 
75;1460;6.2;1;MERCEDES BENZ;202H20BC0-GHAAA50;C / 200 CDI;Nemcija;DEU;osebni avtomobil;182;karavan;C 
75;1395;6.2;0;MERCEDES BENZ;M241T2-AZBA150A;B / 160 /;Nemcija;DEU;osebni avtomobil;190;karavan;B 
75;1417;6.2;0;RENAULT;RFBKF2N86TB0400100;MEGANE / GRANDTOUR 1.3 / 16V;Francija;FRA;osebni avtomobil;182;karavan;MEGANE 
75;1392;6.2;0;RENAULT;RFBKF2N86TA0500100;MEGANE / GRANDTOUR 1.3 / 16V;Francija;FRA;osebni avtomobil;189;karavan;MEGANE 
75;1362;6.2;0;RENAULT;RFBBF2N86TA0500100;MEGANE / 1.3 / 16V;Francija;FRA;osebni avtomobil;189;vozilo z dviûnimi vrati zadaj;MEGANE 
75;1418;6.3;0;RENAULT;RFBKF2N86TA0500100;MEGANE / GRANDTOUR 1.3 / 16V;Francija;FRA;osebni avtomobil;189;karavan;MEGANE 
75;2250;6.3;1;VOLKSWAGEN;SCXGB300X0-NAFM52Z1116NVR27MMG03L63272;CALIFORNIA BEACH / 2.0 / TDI;Nemcija;DEU;osebni avtomobil;157;karavan;CALIFORNIA BEACH 
75;1894;6.4;1;PEUGEOT;VAYHRK-P2E00L;EXPERT TRAVELLER / 1.5 / HDI L2;Francija;FRA;osebni avtomobil;145;vecnamensko vozilo;EXPERT TRAVELLER 
75;1512;6.4;1;VOLKSWAGEN;ACDFSDX0-N0J2FD6FD62E031N1SCVR27CSLL1AA;CADDY / 2.0 / TDI AUT.;Nemcija;DEU;osebni avtomobil;170;karavan;CADDY 
75;1983;6.5;1;PEUGEOT;VAYHRK-N2E00L;EXPERT TRAVELLER / 1.5 / HDI L2;Francija;FRA;osebni avtomobil;145;vozilo z dostopom za invalidski vozicek;EXPERT TRAVELLER 
75;1906;6.5;1;PEUGEOT;VAYHRK-P2F00L;EXPERT TRAVELLER / 1.5 / HDI L2;Francija;FRA;osebni avtomobil;145;vecnamensko vozilo;EXPERT TRAVELLER 
75;1565;6.5;1;RENAULT;BGRF06;LAGUNA / 2.2;Francija;FRA;osebni avtomobil;215;vozilo z dviûnimi vrati zadaj;LAGUNA 
75;1075;6.5;0;SUZUKI;C21S-MT;SWIFT / 1.5 /;Madûarska;HUN;osebni avtomobil;185;vozilo z dviûnimi vrati zadaj;SWIFT 
75;1044;6.5;0;SUZUKI;A21S-MT4S;SWIFT / 1.5;Madûarska;HUN;osebni avtomobil;185;vozilo z dviûnimi vrati zadaj;SWIFT 
75;1838;6.5;1;VOLKSWAGEN;GCXGB300X0-NNFM52Z1116NVR27MMG02L63291;TRANSPORTER / 2.0 / TDI;Nemcija;DEU;osebni avtomobil;157;vecnamensko vozilo;TRANSPORTER 
75;1885;6.6;1;CITROEN;VAYHRK-N2K00M;JUMPY SPACE TOURER / 1.5 / HDI L2;Francija;FRA;osebni avtomobil;145;vecnamensko vozilo;JUMPY SPACE TOURER 
75;1335;6.7;0;AUDI;SBSEF1-FD7AM011R8P600GGEM0;A3 / 1.6 / AUT.;Nemcija;DEU;osebni avtomobil;185;karavan;A3 
75;1440;6.7;1;MERCEDES BENZ;202.134-H00BC0THAA250;C / 200 / CDI AUT.;Nemcija;DEU;osebni avtomobil;181;limuzina;C 
75;1265;6.7;0;VOLKSWAGEN;ACBSEX0-FD7FD7AM011N7MGN1;GOLF / 1.6 / AUT.;Nemcija;DEU;osebni avtomobil;188;karavan;GOLF 
75;1260;6.8;0;AUDI;ABSEF1-FM5AF006R8P600GGEM0;A3 / 1.6 /;Nemcija;DEU;osebni avtomobil;185;karavan;A3 
75;1165;6.8;0;AUDI;LAVUF1-FM52K028R8L;A3 / 1.6 /;Nemcija;DEU;osebni avtomobil;189;vozilo z dviûnimi vrati zadaj;A3 
75;1104;6.8;0;AUDI;LAVUF1-FM52K028R8L60T2L;A3 / 1.6 /;Nemcija;DEU;osebni avtomobil;189;vozilo z dviûnimi vrati zadaj;A3 
75;1295;6.8;0;DACIA;SD00ESNB5CA000M500;DOKKER / 1.6 / 16V;Romunija;ROM;osebni avtomobil;170;karavan;DOKKER 
75;1320;6.8;1;MITSUBISHI;DG0;SPACE STAR / 1.9;Japonska ;JPN;osebni avtomobil;185;vozilo z dviûnimi vrati zadaj;SPACE STAR 
75;1362;6.8;0;VOLKSWAGEN;ACBSEX0-FD7FD7AM011N7MGN1;GOLF PLUS / 1.6 / AUT.;Nemcija;DEU;osebni avtomobil;184;karavan;GOLF PLUS 
75;1300;6.9;0;AUDI;SBSEF1-FM5AF006R8P600GGEM0;A3 / 1.6 /;Nemcija;DEU;osebni avtomobil;185;karavan;A3 
75;1260;6.9;0;AUDI;ABSEF1-FM5AF006R8P607MGEM0;A3 / 1.6 /;Nemcija;DEU;osebni avtomobil;185;karavan;A3 
75;1326;6.9;0;DACIA;SD0JEVNB5CH000M700;LODGY / 1.6 / 16V;Romunija;ROM;osebni avtomobil;170;karavan;LODGY 
75;1334;6.9;0;FORD;DM2-HWDA;FOCUS C-MAX / 1.6;Nemcija;DEU;osebni avtomobil;175;vecnamensko vozilo;FOCUS C-MAX 
75;1600;6.9;1;MERCEDES BENZ;211.004;E / 200 / CDI;Nemcija;DEU;osebni avtomobil;193;limuzina;E 
75;1362;6.9;0;VOLKSWAGEN;ACDKREX0-N0J2FM5FM5AH017N1SBVR24BFLL1AA;CADDY / 1.0 / TSI;Nemcija;DEU;osebni avtomobil;172;karavan;CADDY 
75;1386;7.1;0;AUDI;LBGUF1-FM5AF006R8P60T4M;A3 / 1.6 /;Nemcija;DEU;osebni avtomobil;185;vozilo z dviûnimi vrati zadaj;A3 
75;1378;7.1;0;AUDI;LBGUF1-FM5AF006R8P60T4M;A 3 / 1.6;Nemcija;DEU;osebni avtomobil;185;vozilo z dviûnimi vrati zadaj;A 3 
75;1361;7.1;0;AUDI;LBGUF1-FM5AF006R8P60M;A3 / 1.6 /;Nemcija;DEU;osebni avtomobil;185;vozilo z dviûnimi vrati zadaj;A3 
75;1359;7.1;0;AUDI;LBGUF1-FM5AF006R8P60M;A 3 / 1.6;Nemcija;DEU;osebni avtomobil;185;vozilo z dviûnimi vrati zadaj;A 3 
75;1352;7.1;0;AUDI;LBGUF1-FM5AF006R8P60T2M;A3 / 1.6 /;Nemcija;DEU;osebni avtomobil;185;vozilo z dviûnimi vrati zadaj;A3 
75;1350;7.1;0;AUDI;LBGUF1-FM5AF006R8P60T2M;A 3 / 1.6;Nemcija;DEU;osebni avtomobil;185;vozilo z dviûnimi vrati zadaj;A 3 
75;1300;7.1;0;AUDI;SBSEF1-FM5AF006R8P607MGEM0;A3 / 1.6 /;Nemcija;DEU;osebni avtomobil;185;karavan;A3 
75;1295;7.1;0;AUDI;8P LBGUF1-FM5AF006R8P60T2M;AUDI / A3 / 1.6 /;Nemcija;DEU;osebni avtomobil;185;vozilo z dviûnimi vrati zadaj;AUDI 
75;1287;7.1;0;AUDI;8P LBGUF1-FM5AF006R8P60M;A 3 / 1.6;Nemcija;DEU;osebni avtomobil;185;vozilo z dviûnimi vrati zadaj;A 3 
75;1280;7.1;0;AUDI;LBSEF1-FM5AF006R8P60T20GG;A3 / 1.6 /;Nemcija;DEU;osebni avtomobil;185;vozilo z dviûnimi vrati zadaj;A3 
75;1277;7.1;0;AUDI;LBGUF1-FM5AF006R8P60M;A3 / 1.6 / ;Nemcija;DEU;osebni avtomobil;185;vozilo z dviûnimi vrati zadaj;A3 
75;1273;7.1;0;AUDI;8P LBGUF1-FM5AF006R8P60T2M;A 3 / 1.6;Nemcija;DEU;osebni avtomobil;185;vozilo z dviûnimi vrati zadaj;A 3 
75;1361;7.1;0;DACIA;SD00ESNU6DA120M500;DOKKER / 1.3 / 16V;Romunija;ROM;osebni avtomobil;173;karavan;DOKKER 
75;1410;7.1;0;äKODA;STBFQX01-FM5FM52K028M0GGS5;OCTAVIA / 1.6 /;Ceöka republika;CZE;osebni avtomobil;190;limuzina;OCTAVIA 
75;1347;7.1;0;äKODA;SE BFQX01-FM5FM52K028M0GGS5;OCTAVIA / COMBI 1.6;Ceöka republika;CZE;osebni avtomobil;190;karavan;OCTAVIA 
75;1332;7.1;0;äKODA;SEBFQX01-NFM5FM52K028M0GGS5;OCTAVIA / COMBI 1.6 /;Ceöka republika;CZE;osebni avtomobil;190;karavan;OCTAVIA 
75;1280;7.1;0;äKODA;STBFQX01-NFM5FM52K0280GGS5;OCTAVIA / 1.6 /;Ceöka republika;CZE;osebni avtomobil;190;limuzina;OCTAVIA 
75;1269;7.1;0;äKODA;1U SE BFQX01-FM5FM52K028M0GGS5;OCTAVIA / COMBI 1.6;Ceöka republika;CZE;osebni avtomobil;190;karavan;OCTAVIA 
75;1257;7.1;0;äKODA;1U ST BFQX01-FM5FM52K028M0GGS5;OCTAVIA / 1.6;Ceöka republika;CZE;osebni avtomobil;190;limuzina;OCTAVIA 
75;1217;7.1;0;äKODA;1U STBFQX01-FM5FM52K028M0GG;OCTAVIA / 1.6;Ceöka republika;CZE;osebni avtomobil;190;limuzina;OCTAVIA 
75;1232;7.1;0;VOLKSWAGEN;ACBSEX0-FM5FM5AF006N7MGN1;GOLF / 1.6 /;Nemcija;DEU;osebni avtomobil;188;karavan;GOLF 
75;1232;7.1;0;VOLKSWAGEN;ACBSEX0-FM5FM5AF006N7MGN1;GOLF / 1.6 /;Nemcija;DEU;osebni avtomobil;188;vozilo za posebne namene;GOLF 
75;1440;7.2;0;AUDI;LBSEF1-FM5AF006R8P60T20GGM;A3 / 1.6 /;Nemcija;DEU;osebni avtomobil;185;vozilo z dviûnimi vrati zadaj;A3 
75;1410;7.2;0;AUDI;LBSEF1-FM5AF006R8P60T40GGN;A3 / 1.6 /;Nemcija;DEU;osebni avtomobil;185;vozilo z dviûnimi vrati zadaj;A3 
75;1410;7.2;0;AUDI;LBGUF1-FM5AF006R8P60T4N;A 3 / 1.6;Nemcija;DEU;osebni avtomobil;185;vozilo z dviûnimi vrati zadaj;A 3 
75;1393;7.2;0;AUDI;LBSEF1-FM5AF006R8P60T4M;A 3 / 1.6;Nemcija;DEU;osebni avtomobil;185;vozilo z dviûnimi vrati zadaj;A 3 
75;1392;7.2;0;AUDI;LBSEF1-FM5AF006R8P60T40GGM;A3 / 1.6 /;Nemcija;DEU;osebni avtomobil;185;vozilo z dviûnimi vrati zadaj;A3 
75;1391;7.2;0;AUDI;LBSEF1-FM5AF006R8P60T4M;A3 / 1.6 /;Nemcija;DEU;osebni avtomobil;185;vozilo z dviûnimi vrati zadaj;A3 
75;1367;7.2;0;AUDI;LBGUF1-FM5AF006R8P60M;A 3 / 1.6;Nemcija;DEU;osebni avtomobil;185;vozilo z dviûnimi vrati zadaj;A 3 
75;1361;7.2;0;AUDI;LBSEF1-FM5AF006R8P60T2M;A 3 / 1.6;Nemcija;DEU;osebni avtomobil;185;vozilo z dviûnimi vrati zadaj;A 3 
75;1353;7.2;0;AUDI;LBGUF1-FM5AF006R8P60M;A3 / 1.6 /;Nemcija;DEU;osebni avtomobil;185;vozilo z dviûnimi vrati zadaj;A3 
75;1352;7.2;0;AUDI;LBSEF1-FM5AF006R8P60T2M;A3 / 1.6 /;Nemcija;DEU;osebni avtomobil;185;vozilo z dviûnimi vrati zadaj;A3 
75;1345;7.2;0;AUDI;LBGUF1-FM5AF006R8P60T2M;A3 / 1.6 /;Nemcija;DEU;osebni avtomobil;185;vozilo z dviûnimi vrati zadaj;A3 
75;1338;7.2;0;AUDI;LBSEF1-FM5AF006R8P60T20GGM;A 3 / 1.6;Nemcija;DEU;osebni avtomobil;185;vozilo z dviûnimi vrati zadaj;A 3 
75;1320;7.2;0;AUDI;LBSEF1-FM5AF006R8P60T40GG;A3 / 1.6 /;Nemcija;DEU;osebni avtomobil;185;vozilo z dviûnimi vrati zadaj;A3 
75;1280;7.2;0;AUDI;8P;A3 / 1.6 / I;Nemcija;DEU;osebni avtomobil;185;vozilo z dviûnimi vrati zadaj;A3 
75;1175;7.2;0;MERCEDES BENZ;168;A / 160;Nemcija;DEU;osebni avtomobil;178;karavan;A 
75;1155;7.2;0;MERCEDES BENZ;168.033-M233C2HAAAA25;A / 160 /;Nemcija;DEU;osebni avtomobil;182;karavan;A 
75;1145;7.2;0;MERCEDES BENZ;168.133-M733K2HAAABA0;A / 160 /;Nemcija;DEU;osebni avtomobil;180;karavan;A 
75;1145;7.2;0;MERCEDES BENZ;168.133-M733K2HAAABA00;A / 160 /;Nemcija;DEU;osebni avtomobil;160;karavan;A 
75;1115;7.2;0;MERCEDES BENZ;168.033-M233A2HAAA250;A / 160 /;Nemcija;DEU;osebni avtomobil;182;karavan;A 
75;1115;7.2;0;MERCEDES BENZ;M233C2-HAAA250;A / 160 /;Nemcija;DEU;osebni avtomobil;182;vozilo z dviûnimi vrati zadaj;A 
75;1115;7.2;0;MERCEDES BENZ;168.033-M233G2HAAABA0;A / 160 /;Nemcija;DEU;osebni avtomobil;180;karavan;A 
75;1095;7.2;0;MERCEDES BENZ;168.033-M233A2HAAAB50;A / 160 /;Nemcija;DEU;osebni avtomobil;182;karavan;A 
75;1040;7.2;0;MERCEDES BENZ;168.033-M233F2HAAABA0;A / 160 /;Nemcija;DEU;osebni avtomobil;180;karavan;A 
75;1030;7.2;0;MERCEDES BENZ;168 M233A2;A / 160 /;Nemcija;DEU;osebni avtomobil;182;vozilo z dviûnimi vrati zadaj;A 
75;1020;7.2;0;MERCEDES BENZ;168-M233A2HAAA250;A / 160 /;Nemcija;DEU;osebni avtomobil;182;karavan;A 
75;987;7.2;0;MERCEDES BENZ;168.033-M233G2HAAAB50;A / 160 /;Nemcija;DEU;osebni avtomobil;182;karavan;A 
75;1280;7.2;0;SEAT;AFBSEX01-SGNFM5AF0130GG;LEON / 1.6 /;äpanija;ESP;osebni avtomobil;184;vecnamensko vozilo;LEON 
75;1394;7.2;0;äKODA;AABSEX01-FM5FM5AF006M;OCTAVIA / 1.6;Ceöka republika;CZE;osebni avtomobil;190;limuzina;OCTAVIA 
75;1391;7.2;0;äKODA;ACBGUX01-FM5FM5AF006M;OCTAVIA / COMBI 1.6 /;Ceöka republika;CZE;osebni avtomobil;188;karavan;OCTAVIA 
75;1389;7.2;0;äKODA;AABSEX01-FM5FM5AF006M;OCTAVIA / 1.6 /;Ceöka republika;CZE;osebni avtomobil;190;limuzina;OCTAVIA 
75;1380;7.2;0;äKODA;ACBSEX01-NFM5FM5AF006M;OCTAVIA / COMBI 1.6 /;Ceöka republika;CZE;osebni avtomobil;188;karavan;OCTAVIA 
75;1379;7.2;0;äKODA;ACBSEX01-FM5FM5AF006M;OCTAVIA / COMBI 1.6 /;Ceöka republika;CZE;osebni avtomobil;188;karavan;OCTAVIA 
75;1377;7.2;0;äKODA;AABSEX01-NFM5FM5AF006M;OCTAVIA / 1.6 /;Ceöka republika;CZE;osebni avtomobil;190;limuzina;OCTAVIA 
75;1376;7.2;0;äKODA;AABGUX01-FM5FM5AF006M;OCTAVIA / 1.6;Ceöka republika;CZE;osebni avtomobil;190;limuzina;OCTAVIA 
75;1365;7.2;0;äKODA;AABGUX01-FM5FM5AF006M;OCTAVIA / 1.6 /;Ceöka republika;CZE;osebni avtomobil;190;limuzina;OCTAVIA 
75;1345;7.2;0;äKODA;STAVUX01-FM5FM52K028M;OCTAVIA / 1.6 /;Ceöka republika;CZE;osebni avtomobil;190;limuzina;OCTAVIA 
75;1298;7.2;0;äKODA;1Z STBGUX01-FM5FM5AF006M;OCTAVIA / 1.6;Ceöka republika;CZE;osebni avtomobil;190;limuzina;OCTAVIA 
75;1295;7.2;0;äKODA;ACBSEX01-NFM5FM5AF0060;OCTAVIA / COMBI 1.6 /;Ceöka republika;CZE;osebni avtomobil;189;karavan;OCTAVIA 
75;1288;7.2;0;äKODA;STBGUX01-FM5FM5AF006M;OCTAVIA / 1.6 /;Ceöka republika;CZE;osebni avtomobil;190;limuzina;OCTAVIA 
75;1180;7.2;0;äKODA;CX41U;OCTAVIA / 1.6;Ceöka republika;CZE;osebni avtomobil;190;vozilo z dviûnimi vrati zadaj;OCTAVIA 
75;1395;7.3;0;SEAT;AFBSEX01-SGNFM5AF0130GG;ALTEA / 1.6 /;äpanija;ESP;osebni avtomobil;181;vecnamensko vozilo;ALTEA 
75;1295;7.3;0;äKODA;SEBFQX01-NFM5FM52K0280GGS5;OCTAVIA / COMBI 1.6 /;Ceöka republika;CZE;osebni avtomobil;190;karavan;OCTAVIA 
75;2052;7.3;1;VOLKSWAGEN;GCAAB280X0-NNFM52Z1116NVR07MGG0;TRANSPORTER / 2.0 / TDI;Nemcija;DEU;osebni avtomobil;157;vozilo z dostopom za invalidski vozicek;TRANSPORTER 
75;1976;7.3;1;VOLKSWAGEN;GCAAB300X0-NNFM52Z1116NVR07MGG0;TRANSPORTER / 2.0 / TDI;Nemcija;DEU;osebni avtomobil;157;vecnamensko vozilo;TRANSPORTER 
75;1340;7.3;0;VOLKSWAGEN;ABBGUX0-FM5FM5AF006M40GGN1;GOLF / 1.6;Nemcija;DEU;osebni avtomobil;184;vozilo z dviûnimi vrati zadaj;GOLF 
75;1321;7.3;0;VOLKSWAGEN;ABBGUX0-FM5FM5AF006M20GGS1;GOLF / 1.6;Nemcija;DEU;osebni avtomobil;184;vozilo z dviûnimi vrati zadaj;GOLF 
75;1304;7.3;0;VOLKSWAGEN;ABBGUX0-FM5FM5AF006M20GGS1;GOLF / 1.6 /;Nemcija;DEU;osebni avtomobil;184;vozilo z dviûnimi vrati zadaj;GOLF 
75;1289;7.3;0;VOLKSWAGEN;ABBGUX0-FM5FM5AF006M20GGN1;GOLF / 1.6 /;Nemcija;DEU;osebni avtomobil;184;vozilo z dviûnimi vrati zadaj;GOLF 
75;1288;7.3;0;VOLKSWAGEN;ABBGUX0-FM5FM5AF006M20GGN1;GOLF / 1.6;Nemcija;DEU;osebni avtomobil;184;vozilo z dviûnimi vrati zadaj;GOLF 
75;1274;7.3;0;VOLKSWAGEN;ABBGUX01-FM5AF006M4;GOLF / 1.6;Nemcija;DEU;osebni avtomobil;184;vozilo z dviûnimi vrati zadaj;GOLF 
75;1273;7.3;0;VOLKSWAGEN;ABBSEX0-FM5FM5AF006L20GGN1;GOLF / 1.6 /;Nemcija;DEU;osebni avtomobil;184;vozilo z dviûnimi vrati zadaj;GOLF 
75;1256;7.3;0;VOLKSWAGEN;1K ABBGUX01-FM5AF006M2;GOLF / 1.6;Nemcija;DEU;osebni avtomobil;184;limuzina;GOLF 
75;1560;7.4;1;RENAULT;JA;MEGANE / SCENIC 1.9;Francija;FRA;osebni avtomobil;160;vozilo z dviûnimi vrati zadaj;MEGANE 
75;1354;7.4;0;äKODA;STBGUX01-FM5FM5AF006O;OCTAVIA / 1.6 /;Ceöka republika;CZE;osebni avtomobil;190;limuzina;OCTAVIA 
75;1345;7.4;0;äKODA;ACBSEX01-NFM5FM5AF006;OCTAVIA / COMBI 1.6 /;Ceöka republika;CZE;osebni avtomobil;188;karavan;OCTAVIA 
75;1330;7.4;0;äKODA;AABSEX01-NFM5FM5AF006;OCTAVIA / 1.6 /;Ceöka republika;CZE;osebni avtomobil;190;limuzina;OCTAVIA 
75;1425;7.4;0;VOLKSWAGEN;AABSE-FM5FM5AF006M0GGN1;JETTA / 1.6 /;Nemcija;DEU;osebni avtomobil;186;limuzina;JETTA 
75;1390;7.4;0;VOLKSWAGEN;AABSE-FM5FM5AF006M0GG;JETTA / 1.6 /;Nemcija;DEU;osebni avtomobil;186;limuzina;JETTA 
75;1353;7.4;0;VOLKSWAGEN;ACBSEX0-FM5FM5AF006N0GGN1;GOLF / VARIANT 1.6 /;Nemcija;DEU;osebni avtomobil;184;karavan;GOLF 
75;1343;7.4;0;VOLKSWAGEN;AABSE-FM5FM5AF0060GGN1;JETTA / 1.6 /;Nemcija;DEU;osebni avtomobil;186;limuzina;JETTA 
75;1336;7.4;0;VOLKSWAGEN;ABBSEX0-FM5FM5AF006M40GGN1;GOLF / 1.6;Nemcija;DEU;osebni avtomobil;184;vozilo z dviûnimi vrati zadaj;GOLF 
75;1335;7.4;0;VOLKSWAGEN;ABBSEX0-FM5FM5AF006M20GGN1;GOLF / 1.6 /;Nemcija;DEU;osebni avtomobil;184;vozilo z dviûnimi vrati zadaj;GOLF 
75;1334;7.4;0;VOLKSWAGEN;ABBSEX0-FM5FM5AF006M40GGN1;GOLF / 1.6 /;Nemcija;DEU;osebni avtomobil;184;vozilo z dviûnimi vrati zadaj;GOLF 
75;1312;7.4;0;VOLKSWAGEN;ABBSEX0-FM5FM5AF006M20GGN1;GOLF / 1.6;Nemcija;DEU;osebni avtomobil;184;vozilo z dviûnimi vrati zadaj;GOLF 
75;1248;7.4;0;VOLKSWAGEN;ACBSEX0-FM5FM5AF006N0GGN1;GOLF / 1.6 /;Nemcija;DEU;osebni avtomobil;184;karavan;GOLF 
75;1248;7.4;0;VOLKSWAGEN;ABBSEX0-FM5FM5AF0060GGN1;GOLF / 1.6 /;Nemcija;DEU;osebni avtomobil;184;vozilo z dviûnimi vrati zadaj;GOLF 
75;1295;7.5;0;DACIA;SD00ESNB5CA000M500;DOKKER / 1.6 / 16V;Romunija;ROM;osebni avtomobil;170;karavan;DOKKER 
75;1434;7.5;0;SEAT;ACBSEX01-SGFM5AF0130GG;ALTEA XL / 1.6 /;äpanija;ESP;osebni avtomobil;181;vecnamensko vozilo;ALTEA XL 
75;1385;7.5;0;SEAT;AAALZX0-SGFM61X0097MG;EXEO / 1.6 /;äpanija;ESP;osebni avtomobil;190;limuzina;EXEO 
75;1403;7.5;0;VOLKSWAGEN;AABSE-FM5FM5AF006N0GGN1;JETTA / 1.6 /;Nemcija;DEU;osebni avtomobil;186;limuzina;JETTA 
75;1319;7.5;0;VOLKSWAGEN;1KABBSEX0-FM5FM5AF006M40GGN1;GOLF / 1.6 /;Nemcija;DEU;osebni avtomobil;184;vozilo z dviûnimi vrati zadaj;GOLF 
75;1278;7.5;0;VOLKSWAGEN;SCAYDX01-SGFM52J061L41N;NEW BEETLE / 1.6 /;Nemcija;DEU;osebni avtomobil;178;vozilo z dviûnimi vrati zadaj;NEW BEETLE 
75;1277;7.5;0;VOLKSWAGEN;ABBFSX01-FM5FM52J0611N10GG;NEW BEETLE / 1.6 /;Nemcija;DEU;osebni avtomobil;179;vozilo z dviûnimi vrati zadaj;NEW BEETLE 
75;1375;7.6;0;AUDI;LALZF1-FM52EPR8E500GG;A4 / 1.6 /;Nemcija;DEU;osebni avtomobil;190;limuzina;A4 
75;1312;7.6;0;AUDI;8P LBGUF1-FA69G026R8P60M;A 3 / 1.6;Nemcija;DEU;osebni avtomobil;183;vozilo z dviûnimi vrati zadaj;A 3 
75;1175;7.6;0;BMW;CG11;BMW / 316 / i COMPACT;Nemcija;DEU;osebni avtomobil;195;vozilo z dviûnimi vrati zadaj;BMW 
75;1175;7.6;0;BMW;CG11;316 / COMPACT / i;Nemcija;DEU;osebni avtomobil;188;vozilo z dviûnimi vrati zadaj;316
75;1332;7.6;0;DACIA;SD00ESNB5CA000M500;DOKKER / 1.6 / 16V;Romunija;ROM;osebni avtomobil;170;karavan;DOKKER 
75;1307;7.6;0;DACIA;SD0JEVNB5CH000M700;LODGY / 1.6 / 16V;Romunija;ROM;osebni avtomobil;170;karavan;LODGY 
75;1366;7.6;0;SEAT;AFBSEX01-SGFM5AF013M0GG;LEON / 1.6 /;äpanija;ESP;osebni avtomobil;184;vecnamensko vozilo;LEON 
75;1359;7.6;0;SEAT;AFBSEX01-SGFM5AF013M0GG;LEON / 1.6;äpanija;ESP;osebni avtomobil;184;vecnamensko vozilo;LEON 
75;1280;7.6;0;SEAT;AFBSEX01-SGNFM5AF0130GG;LEON / 1.6 /;äpanija;ESP;osebni avtomobil;184;vecnamensko vozilo;LEON 
75;2502;7.6;1;VOLKSWAGEN;CD40BRSX0-300NFM52Z09160GG;CALIFORNIA / 1.9 / TDI;Nemcija;DEU;osebni avtomobil;154;karavan;CALIFORNIA 
75;2287;7.6;1;VOLKSWAGEN;MD40BRSX0-300NFM52Z09160GG;MULTIVAN / 1.9 / TDI;Nemcija;DEU;osebni avtomobil;157;vecnamensko vozilo;MULTIVAN 
75;2262;7.6;1;VOLKSWAGEN;AD40BRSX0-300NFM52Z09160GG;MULTIVAN STARTLINE / 1.9 / TDI;Nemcija;DEU;osebni avtomobil;157;karavan;MULTIVAN STARTLINE 
75;2242;7.6;1;VOLKSWAGEN;AD40BRSX0-300NFM52Z09160GG;MULTIVAN / 1.9 / TDI;Nemcija;DEU;osebni avtomobil;157;karavan;MULTIVAN 
75;2145;7.6;1;VOLKSWAGEN;ND40BRSX0-LS280FM52Z0920GG;TRANSPORTER / 1.9 / TDI;Nemcija;DEU;osebni avtomobil;157;vecnamensko vozilo;TRANSPORTER 
75;2145;7.6;1;VOLKSWAGEN;ND40BRSX0-LS300FM52Z091630GG;CARAVELLE / 1.9 / TDI;Nemcija;DEU;osebni avtomobil;157;vecnamensko vozilo;CARAVELLE 
75;2095;7.6;1;VOLKSWAGEN;ND40BRSX0-NS280FM52Z0920GG;CARAVELLE / 1.9 / TDI;Nemcija;DEU;osebni avtomobil;157;vecnamensko vozilo;CARAVELLE 
75;2095;7.6;1;VOLKSWAGEN;ND40BRSX0-NS280FM52Z0920GG;TRANSPORTER / 1.9 / TDI;Nemcija;DEU;osebni avtomobil;157;vecnamensko vozilo;TRANSPORTER 
75;1797;7.6;1;VOLKSWAGEN;7DB;CARAVELLE / 2.5 / TDI;Nemcija;DEU;osebni avtomobil;157;vecnamensko vozilo;CARAVELLE 
75;1754;7.6;1;VOLKSWAGEN;7DB;TRANSPORTER / 2.5;Nemcija;DEU;osebni avtomobil;157;vecnamensko vozilo;TRANSPORTER 
75;1390;7.6;0;VOLKSWAGEN;AABSE-FM5FM5AF006M0GG;JETTA / 1.6;Nemcija;DEU;osebni avtomobil;186;limuzina;JETTA 
75;1348;7.6;0;VOLKSWAGEN;ACBSEX0-FM5FM5AF013N7MGN1;GOLF PLUS / 1.6 /;Nemcija;DEU;osebni avtomobil;184;karavan;GOLF PLUS 
75;1435;7.7;0;AUDI;8E;A4 / 1.6;Nemcija;DEU;osebni avtomobil;190;limuzina;A4 
75;1375;7.7;0;AUDI;LALZF1-FM52EPR8E500GG;A4 / 1.6 /;Nemcija;DEU;osebni avtomobil;190;limuzina;A4 
75;1370;7.7;0;AUDI;LBSEF1-FA69G026R8P60T40GG;A3 / 1.6 / AUT.;Nemcija;DEU;osebni avtomobil;183;vozilo z dviûnimi vrati zadaj;A3 
75;1330;7.7;0;AUDI;LBSEF1-FA69G026R8P60T20GG;A3 / 1.6 / AUT.;Nemcija;DEU;osebni avtomobil;183;vozilo z dviûnimi vrati zadaj;A3 
75;1250;7.7;0;BMW;CG11-01;316 / COMPACT / i;Nemcija;DEU;osebni avtomobil;188;vozilo z dviûnimi vrati zadaj;316
75;1175;7.7;0;BMW;-;316 / I;Nemcija;DEU;osebni avtomobil;188;vozilo z dviûnimi vrati zadaj;316
75;1145;7.7;0;MERCEDES BENZ;168.033-M233C2WBAA250;A / 160 / AUT.;Nemcija;DEU;osebni avtomobil;180;karavan;A 
75;1145;7.7;0;MERCEDES BENZ;168;A / 160;Nemcija;DEU;osebni avtomobil;178;karavan;A 
75;1482;7.7;0;SEAT;ABBGUX01-SGFM5AF010N0GG;TOLEDO / 1.6;äpanija;ESP;osebni avtomobil;181;vecnamensko vozilo;TOLEDO 
75;1463;7.7;0;SEAT;AFBGUX01-SGFM5AF010N0GG;ALTEA / 1.6 /;äpanija;ESP;osebni avtomobil;181;vecnamensko vozilo;ALTEA 
75;1459;7.7;0;SEAT;AFBGUX01-SGFM5AF010N0GG;ALTEA / 1.6;äpanija;ESP;osebni avtomobil;181;vecnamensko vozilo;ALTEA 
75;1446;7.7;0;SEAT;AFBSEX01-SGFM5AF010N0GG;ALTEA / 1.6;äpanija;ESP;osebni avtomobil;181;vecnamensko vozilo;ALTEA 
75;1395;7.7;0;SEAT;AFBSEX01-SGFM5AF0130GG;ALTEA / 1.6 /;äpanija;ESP;osebni avtomobil;181;vecnamensko vozilo;ALTEA 
75;1370;7.7;0;SEAT;5P AFBGUX01-SGFM5AF010N0GG;ALTEA / 1.6;äpanija;ESP;osebni avtomobil;181;vecnamensko vozilo;ALTEA 
75;2095;7.7;1;VOLKSWAGEN;7-HC;TRANSPORTER / 1.9 / TDI;Nemcija;DEU;osebni avtomobil;157;vecnamensko vozilo;TRANSPORTER 
75;1929;7.7;1;VOLKSWAGEN;7DBACVBNX0-SGN0J2;TRANSPORTER 2.5 / TDI;Nemcija;DEU;osebni avtomobil;157;vecnamensko vozilo;TRANSPORTER 2.5 
75;1897;7.7;1;VOLKSWAGEN;7DB-ACV;CARAVELLA / 2.5 / TDI SYN.;Nemcija;DEU;osebni avtomobil;155;vecnamensko vozilo;CARAVELLA 
75;1890;7.7;1;VOLKSWAGEN;7DB;TRANSPORTER / 2.5 / TDI;Nemcija;DEU;osebni avtomobil;157;vecnamensko vozilo;TRANSPORTER 
75;1810;7.7;1;VOLKSWAGEN;70X02C-ACV;CARAVELLE / 2.5;Nemcija;DEU;osebni avtomobil;157;limuzina;CARAVELLE 
75;1712;7.7;1;VOLKSWAGEN;ACVKNX0-N1P00J2SGFM52G002R;TRANSPORTER 2.5 / TDI;Nemcija;DEU;osebni avtomobil;157;vecnamensko vozilo;TRANSPORTER 2.5 
75;1436;7.7;0;VOLKSWAGEN;AABSEX0-FM5FM5AH008STN0GG;PASSAT / 1.6 /;Nemcija;DEU;osebni avtomobil;190;limuzina;PASSAT 
75;1418;7.7;0;VOLKSWAGEN;AABSEX0-FM5FM5AH008S10GG;PASSAT / 1.6 /;Nemcija;DEU;osebni avtomobil;190;limuzina;PASSAT 
75;1393;7.7;0;VOLKSWAGEN;AFBSEX0-FM5FM5AF013M0GGN1;GOLF PLUS / 1.6;Nemcija;DEU;osebni avtomobil;180;vecnamensko vozilo;GOLF PLUS 
75;1392;7.7;0;VOLKSWAGEN;AFBSEX0-FM5FM5AF013M0GGN1;GOLF PLUS / 1.6 /;Nemcija;DEU;osebni avtomobil;180;vecnamensko vozilo;GOLF PLUS 
75;1383;7.7;0;VOLKSWAGEN;AFBSEX0-FM5FM5AF013N0GGN1;GOLF PLUS / 1.6 /;Nemcija;DEU;osebni avtomobil;180;vecnamensko vozilo;GOLF PLUS 
75;1375;7.7;0;VOLKSWAGEN;AEBFSX01-FM5FM52J0611N10GG;NEW BEETLE / CABRIOLET 1.6 /;Nemcija;DEU;osebni avtomobil;178;kabriolet;NEW BEETLE 
75;1367;7.7;0;VOLKSWAGEN;ABBFSX01-SGFM52J061M41N;NEW BEETLE / CABRIOLET 1.6 /;Nemcija;DEU;osebni avtomobil;179;kabriolet;NEW BEETLE 
75;1466;7.8;0;AUDI;LALZF1-FM52EPR8E500GGN;A 4 / 1.6;Nemcija;DEU;osebni avtomobil;190;limuzina;A 4 
75;1454;7.8;0;AUDI;LBGUF1-FA69G026R8P60T4N;A 3 / 1.6;Nemcija;DEU;osebni avtomobil;183;vozilo z dviûnimi vrati zadaj;A 3 
75;1453;7.8;0;AUDI;LALZF1-FM52EPR8E500GGN;A4 / 1.6 /;Nemcija;DEU;osebni avtomobil;190;limuzina;A4 
75;1435;7.8;0;AUDI;AALZF1-FM52EPR8E500GG;A4 / AVANT 1.6 /;Nemcija;DEU;osebni avtomobil;186;karavan;A4 
75;1370;7.8;0;AUDI;LALZF1-FM52EPR8E50N;A4 / 1.6 /;Nemcija;DEU;osebni avtomobil;190;limuzina;A4 
75;1245;7.8;0;AUDI;B5L-ADP;A4 / 1.6;Nemcija;DEU;osebni avtomobil;191;limuzina;A4 
75;1350;7.8;0;DACIA;SD00EVNB5CA000M500;DOKKER / 1.6 / 16V;Romunija;ROM;osebni avtomobil;170;karavan;DOKKER 
75;1471;7.8;0;SEAT;ABBSEX01-SGFM5AF010N0GG;TOLEDO / 1.6 /;äpanija;ESP;osebni avtomobil;181;vecnamensko vozilo;TOLEDO 
75;1463;7.8;0;SEAT;AFBSEX01-SGFM5AF010N0GG;ALTEA / 1.6 /;äpanija;ESP;osebni avtomobil;181;vecnamensko vozilo;ALTEA 
75;1446;7.8;0;SEAT;ABBSEX01-SGFM5AF013N0GG;TOLEDO / 1.6 /;äpanija;ESP;osebni avtomobil;181;vecnamensko vozilo;TOLEDO 
75;1439;7.8;0;SEAT;AFBSEX01-SGFM5AF010N0GG;ALTEA / 1.6;äpanija;ESP;osebni avtomobil;181;vecnamensko vozilo;ALTEA 
75;1438;7.8;0;SEAT;AFBSEX01-SGFM5AF013N0GG;ALTEA / 1.6 /;äpanija;ESP;osebni avtomobil;181;vecnamensko vozilo;ALTEA 
75;1434;7.8;0;SEAT;ACBSEX01-SGFM5AF0130GG;ALTEA XL / 1.6 /;äpanija;ESP;osebni avtomobil;181;vecnamensko vozilo;ALTEA XL 
75;1429;7.8;0;SEAT;5PAFBSEX01-SGFM5AF013N0GG;ALTEA / 1.6;äpanija;ESP;osebni avtomobil;181;vecnamensko vozilo;ALTEA 
75;1441;7.8;0;VOLKSWAGEN;AABSEX0-FM5FM5AH008STN0GG;PASSAT / 1.6;Nemcija;DEU;osebni avtomobil;190;limuzina;PASSAT 
75;1429;7.8;0;VOLKSWAGEN;AFBSEX0-FM5FM5AF013N0GGN1;GOLF PLUS / 1.6;Nemcija;DEU;osebni avtomobil;180;vecnamensko vozilo;GOLF PLUS 
75;1425;7.8;0;VOLKSWAGEN;AFBSEX0-FM5FM5AF013N0GGN1;GOLF PLUS / 1.6 /;Nemcija;DEU;osebni avtomobil;180;vecnamensko vozilo;GOLF PLUS 
75;1453;7.9;0;AUDI;LALZF1-FM52EPR8E500GGN;A 4 / 1.6;Nemcija;DEU;osebni avtomobil;190;limuzina;A 4 
75;1446;7.9;0;AUDI;LBSEF1-FA69G026R8P60T4N;A 3 / 1.6;Nemcija;DEU;osebni avtomobil;183;vozilo z dviûnimi vrati zadaj;A 3 
75;1404;7.9;0;AUDI;LBSEF1-FA69G026R8P60T20GGN;A3 / 1.6 / AUT.;Nemcija;DEU;osebni avtomobil;183;vozilo z dviûnimi vrati zadaj;A3 
75;1165;7.9;0;SUZUKI;GJB74V-MT/L;JIMNY / 1.5 / 4WD / MT / L;Japonska ;JPN;osebni avtomobil;145;karavan;JIMNY 
75;2145;7.9;1;VOLKSWAGEN;7HC;TRANSPORTER / 1.9 / TDI;Nemcija;DEU;osebni avtomobil;157;vecnamensko vozilo;TRANSPORTER 
75;2114;7.9;1;VOLKSWAGEN;ND40BRSX0-LS280FM52Z0927GG;TRANSPORTER / 1.9 / TDI;Nemcija;DEU;osebni avtomobil;157;vecnamensko vozilo;TRANSPORTER 
75;2095;7.9;1;VOLKSWAGEN;7HCND40BRSX0-LS300FM52Z09T27GG;CARAVELLE / 1.9 / TDI;Nemcija;DEU;osebni avtomobil;157;vecnamensko vozilo;CARAVELLE 
75;1865;7.9;1;VOLKSWAGEN;ND40BRSX0-NS281FM52Z09T27GG;TRANSPORTER / 1.9 / TDI;Nemcija;DEU;osebni avtomobil;157;vecnamensko vozilo;TRANSPORTER 
75;1865;7.9;1;VOLKSWAGEN;ND40BRSX0-NS280FM52Z09T27GG;CARAVELLE / 1.9 / TDI;Nemcija;DEU;osebni avtomobil;157;vecnamensko vozilo;CARAVELLE 
75;1834;7.9;1;VOLKSWAGEN;7DB-ACV;CARAVELLE / 2.5 / TDI;Nemcija;DEU;osebni avtomobil;157;vecnamensko vozilo;CARAVELLE 
75;1797;7.9;1;VOLKSWAGEN;7DB;CARAVELLE / 2.5 / TDI;Nemcija;DEU;osebni avtomobil;157;vecnamensko vozilo;CARAVELLE 
75;1754;7.9;1;VOLKSWAGEN;7DB-ACV;TRANSPORTER / 2.5 / TDI;Nemcija;DEU;osebni avtomobil;157;vecnamensko vozilo;TRANSPORTER 
75;1740;7.9;1;VOLKSWAGEN;ACVKNX0-L1P00J2SGFM52G002S;TRANSPORTER / 2.5 / TDI;Nemcija;DEU;osebni avtomobil;155;vecnamensko vozilo;TRANSPORTER 
75;1731;7.9;1;VOLKSWAGEN;ACVKNX0-N1P00J2SGFM52G002R8;TRANSPORTER / 2.5 / TDI;Nemcija;DEU;osebni avtomobil;158;vecnamensko vozilo;TRANSPORTER 
75;1722;7.9;1;VOLKSWAGEN;ACVKNX0-N1P00J2SGFM52G002R;TRANSPORTER / 2.5 / TDI;Nemcija;DEU;osebni avtomobil;157;vecnamensko vozilo;TRANSPORTER 
75;1426;7.9;0;VOLKSWAGEN;AFBSEX0-FM5FM5AF013N0GGN1;GOLF PLUS / 1.6 /;Nemcija;DEU;osebni avtomobil;180;vecnamensko vozilo;GOLF PLUS 
75;1401;7.9;0;VOLKSWAGEN;AFBSEX0-FM5FM5AF013N0GGN1;GOLF PLUS / 1.6;Nemcija;DEU;osebni avtomobil;180;vecnamensko vozilo;GOLF PLUS 
75;1394;7.9;0;VOLKSWAGEN;SEALZX01-SGFM51W026NM;PASSAT / VAR. 1.6 /;Nemcija;DEU;osebni avtomobil;185;karavan;PASSAT 
75;1165;8.02;0;SUZUKI;GJB74V-MT/L;JIMNY / 1.5 / 4WD / MT / L / M1G;Japonska ;JPN;osebni avtomobil;145;karavan;JIMNY 
75;1940;8.1;1;MERCEDES BENZ;ZKE0-G7CAB1;VITO / 110 / CDI;Nemcija;DEU;osebni avtomobil;154;vecnamensko vozilo;VITO 
75;1881;8.1;1;VOLKSWAGEN;7DB.ACV;MULTIVAN / 2.5 / TDI;Nemcija;DEU;osebni avtomobil;157;vecnamensko vozilo;MULTIVAN 
75;1797;8.1;1;VOLKSWAGEN;7DB;CARAVELLE / 2.5 / TDI;Nemcija;DEU;osebni avtomobil;157;vecnamensko vozilo;CARAVELLE 
75;1752;8.1;1;VOLKSWAGEN;7DB-ACV;TRANSPORTER / 2.5 / TDI;Nemcija;DEU;osebni avtomobil;157;vecnamensko vozilo;TRANSPORTER 
75;1593;8.1;0;VOLKSWAGEN;BSEAC-FM5FM5AH0050GGO;TOURAN / 1.6;Nemcija;DEU;osebni avtomobil;179;limuzina;TOURAN 
75;1583;8.1;0;VOLKSWAGEN;BSEAF-FM5FM5AH0050GGOS7;TOURAN / 1.6 /;Nemcija;DEU;osebni avtomobil;179;vecnamensko vozilo;TOURAN 
75;1571;8.1;0;VOLKSWAGEN;BSEAC-FM5FM5AH0050GGO;TOURAN / 1.6 /;Nemcija;DEU;osebni avtomobil;179;limuzina;TOURAN 
75;1543;8.1;0;VOLKSWAGEN;BSEAF-FM5FM5AH0050GGS7S1;TOURAN / 1.6 /;Nemcija;DEU;osebni avtomobil;179;vecnamensko vozilo;TOURAN 
75;1537;8.1;0;VOLKSWAGEN;BSEAC-FM5FM5AH0050GGOS5;TOURAN / 1.6 /;Nemcija;DEU;osebni avtomobil;179;karavan;TOURAN 
75;1525;8.1;0;VOLKSWAGEN;BSEAC-FM5FM5AH0050GGO;TOURAN / 1.6;Nemcija;DEU;osebni avtomobil;179;karavan;TOURAN 
75;1502;8.1;0;VOLKSWAGEN;BSEAC-FM5FM5AH0050GGS5N1;TOURAN / 1.6 /;Nemcija;DEU;osebni avtomobil;179;karavan;TOURAN 
75;1502;8.1;0;VOLKSWAGEN;BSEAC-FM5FM5AH0050GGS5N1;TOURAN / 1.6 /;Nemcija;DEU;osebni avtomobil;179;kupe;TOURAN 
75;1550;8.2;0;VOLKSWAGEN;ACBSEX01-FM5FM5AH005SK0J20GGNN1;CADDY LIFE / 1.6 /;Nemcija;DEU;osebni avtomobil;164;karavan;CADDY LIFE 
75;1528;8.2;0;VOLKSWAGEN;ACBGUX01-FM5AH005OB0J20GG;CADDY / 1.6;Nemcija;DEU;osebni avtomobil;164;limuzina;CADDY 
75;1524;8.2;0;VOLKSWAGEN;ACBGUX01-FM5AH005OB0J20GG;CADDY / 1.6 /;Nemcija;DEU;osebni avtomobil;164;karavan;CADDY 
75;1881;8.3;1;VOLKSWAGEN;7DB-ACV;MULTIVAN / 2.5 / TDI;Nemcija;DEU;osebni avtomobil;157;vecnamensko vozilo;MULTIVAN 
75;1593;8.3;0;VOLKSWAGEN;BSEAF-FM5FM5AH0050GGC7N1;TOURAN / 1.6 /;Nemcija;DEU;osebni avtomobil;174;vecnamensko vozilo;TOURAN 
75;1548;8.3;0;VOLKSWAGEN;ACBSEX01-FM5FM5AH005SK0J20GGN;CADDY LIFE / 1.6 /;Nemcija;DEU;osebni avtomobil;164;karavan;CADDY LIFE 
75;1547;8.3;0;VOLKSWAGEN;BSEAC-FM5FM5AH0050GGC5N1;TOURAN / 1.6 /;Nemcija;DEU;osebni avtomobil;174;karavan;TOURAN 
75;1721;8.5;1;MERCEDES BENZ;638ZKE0-D4CAB1;VITO / 110 / CDI AUT.;Nemcija;DEU;osebni avtomobil;152;vozilo za invalidski vozicek;VITO 
75;1421;8.5;0;VOLKSWAGEN;AFBSEX0-FA6FA69G074N0GGN1;GOLF PLUS / 1.6 / AUT.;Nemcija;DEU;osebni avtomobil;177;vecnamensko vozilo;GOLF PLUS 
75;1827;8.7;1;VOLKSWAGEN;7DB-ACV;CARAVELLE / 2.5 / TDI AUT.;Nemcija;DEU;osebni avtomobil;153;vecnamensko vozilo;CARAVELLE 
75;1865;9.5;1;VOLKSWAGEN;7HC;TRANSPORTER / 1.9 / TDI;Nemcija;DEU;osebni avtomobil;157;vecnamensko vozilo;TRANSPORTER 
75;2110;9.6;1;VOLKSWAGEN;AXLKNX1-L1P00J2SGAM52G004R;TRANSPORTER  2.5 / TDI  SYN.;Nemcija;DEU;osebni avtomobil;155;vecnamensko vozilo;TRANSPORTER  2.5 
75;2081;9.6;1;VOLKSWAGEN;AXLKNX1-L1P00J2SGAM52G004T;TRANSPORTER / 2.5 / TDI / SYN.;Nemcija;DEU;osebni avtomobil;155;vecnamensko vozilo;TRANSPORTER 
75;2320;9.8;1;VOLKSWAGEN;AXLBNX1-N1P00J2SGAM52G004S;CARAVELLE / 2.5 / TDI;Nemcija;DEU;osebni avtomobil;155;vecnamensko vozilo;CARAVELLE 
76;1305;4.7;1;RENAULT;JP02F6;MODUS / 1.5 / DCI;Francija;FRA;osebni avtomobil;184;vecnamensko vozilo;MODUS 
76;1285;4.7;1;RENAULT;BRAC06;CLIO / 1.5 / DCI;Francija;FRA;osebni avtomobil;186;vozilo z dviûnimi vrati zadaj;CLIO 
76;1280;4.7;1;RENAULT;KMS6B6;MEGANE / GRANDTOUR 1.5 / DCI;Francija;FRA;osebni avtomobil;183;karavan;MEGANE 
76;1280;4.7;1;RENAULT;BMS606;MEGANE / 1.5 / DCI;Francija;FRA;osebni avtomobil;183;vozilo z dviûnimi vrati zadaj;MEGANE 
76;1275;4.7;1;RENAULT;CRAC06;CLIO / 1.5 / DCI;Francija;FRA;osebni avtomobil;186;vozilo z dviûnimi vrati zadaj;CLIO 
76;1335;4.8;1;RENAULT;KMS6C6;MEGANE / GRANDTOUR 1.5 / DCI;Francija;FRA;osebni avtomobil;183;karavan;MEGANE 
76;1405;5.2;1;NISSAN;J10-C02;QASHQAI / 1.5 / DCI;Zdruûeno kraljestvo;GBR;osebni avtomobil;176;vecnamensko vozilo;QASHQAI 
76;1440;5.2;1;RENAULT;JMS606;SCENIC / 1.5 / DCI;Francija;FRA;osebni avtomobil;176;vecnamensko vozilo;SCENIC 
76;1440;5.3;1;RENAULT;JMS606;SCENIC / 1.5 / DCI;Francija;FRA;osebni avtomobil;176;vecnamensko vozilo;SCENIC 
76;1175;5.4;0;RENAULT;BRC40H;CLIO / 1.2 / 16V;Francija;FRA;osebni avtomobil;188;vozilo z dviûnimi vrati zadaj;CLIO 
76;1493;5.5;1;NISSAN;J10-C02;QASHQAI / 1.5 / DCI;Zdruûeno kraljestvo;GBR;osebni avtomobil;173;vecnamensko vozilo;QASHQAI 
76;1195;5.5;0;RENAULT;KR140H;CLIO / GRANDTOUR 1.2 / 16V;Francija;FRA;osebni avtomobil;188;karavan;CLIO 
76;1175;5.5;0;RENAULT;BRC40H;CLIO / 1.2 / 16V;Francija;FRA;osebni avtomobil;188;vozilo z dviûnimi vrati zadaj;CLIO 
76;1175;5.5;0;RENAULT;BR140H;CLIO / 1.2 / 16V;Francija;FRA;osebni avtomobil;188;vozilo za posebne namene;CLIO 
76;1165;5.5;0;RENAULT;CR140H;CLIO / 1.2 / 16V;Francija;FRA;osebni avtomobil;188;vozilo z dviûnimi vrati zadaj;CLIO 
76;1035;5.7;0;MAZDA;DE1452;MAZDA 2 / 1.5 / i;Japonska ;JPN;osebni avtomobil;188;vozilo z dviûnimi vrati zadaj;MAZDA 2 
76;1030;5.7;0;MAZDA;DE1352;MAZDA 2 / 1.5 / i;Japonska ;JPN;osebni avtomobil;188;vozilo z dviûnimi vrati zadaj;MAZDA 2 
76;1586;5.7;1;NISSAN;J10-C03;QASHQAI / 1.5 / DCI;Zdruûeno kraljestvo;GBR;osebni avtomobil;170;vecnamensko vozilo;QASHQAI 
76;1505;5.7;1;RENAULT;KW0FB6;KANGOO / 1.5 / DCI;Francija;FRA;osebni avtomobil;170;vecnamensko vozilo;KANGOO 
76;1035;5.9;0;MAZDA;DE1452;MAZDA 2 / 1.5 / i;Japonska ;JPN;osebni avtomobil;188;vozilo z dviûnimi vrati zadaj;MAZDA 2 
76;1205;6.6;0;OPEL;DX11-2A25BT37FDH5;ASTRA / 1.6 / 16V;Nemcija;DEU;osebni avtomobil;188;vozilo z dviûnimi vrati zadaj;ASTRA 
76;1205;6.6;0;OPEL;HX11-2A16AZ06FDH5;ASTRA / 1.6 / 16V;Nemcija;DEU;osebni avtomobil;188;limuzina;ASTRA 
76;1270;6.7;0;FIAT;192AXR1A36;STILO / 1.6 /;Italija;ITA;osebni avtomobil;185;vozilo z dviûnimi vrati zadaj;STILO 
76;1245;6.7;0;OPEL;FX11-2A18AS14FDH5;ASTRA / CAR. 1.6 / 16V;Nemcija;DEU;osebni avtomobil;189;vecnamensko vozilo;ASTRA 
76;1245;6.7;0;OPEL;FX11-2A18AS14FDH5;ASTRA / CAR. 1.6 / 16V;Nemcija;DEU;osebni avtomobil;183;vecnamensko vozilo;ASTRA 
76;1245;6.7;0;OPEL;FX11-2A18AS14FDH5;ASTRA / CAR. 1.6;Nemcija;DEU;osebni avtomobil;183;karavan;ASTRA 
76;1415;7.2;0;FIAT;192CXR1A38;STILO / MW 1.6 /;Italija;ITA;osebni avtomobil;183;vecnamensko vozilo;STILO 
76;1402;7.2;0;HYUNDAI;F5P11-M51AZ1;MATRIX / 1.6 /;Turcija;TUR;osebni avtomobil;170;vecnamensko vozilo;MATRIX 
76;1364;7.3;0;FIAT;192AXB1A02H;STILO / 1.6;Italija;ITA;osebni avtomobil;185;vozilo z dviûnimi vrati zadaj;STILO 
76;1402;7.3;0;HYUNDAI;F5P11-M51AZ1;MATRIX / 1.6 /;Turcija;TUR;osebni avtomobil;170;vecnamensko vozilo;MATRIX 
76;1402;7.3;0;HYUNDAI;X-J;MATRIX / 1.6 /;Koreja. republika;KOR;osebni avtomobil;170;vecnamensko vozilo;MATRIX 
76;1323;7.3;0;HYUNDAI;W-J;MATRIX / 1.6 /;Koreja. republika;KOR;osebni avtomobil;170;vecnamensko vozilo;MATRIX 
76;1323;7.3;0;HYUNDAI;W-J;HYUNDAI / MATRIX / 1.6 /;Koreja. republika;KOR;osebni avtomobil;170;vecnamensko vozilo;HYUNDAI 
76;1205;7.4;0;FIAT;192BXB1A03G;FIAT / STILO / 1.6 /;Italija;ITA;osebni avtomobil;183;vozilo z dviûnimi vrati zadaj;FIAT 
76;1280;7.4;0;MITSUBISHI;DA1ALNHEL6;CARISMA / 1.6;Nizozemska;NLD;osebni avtomobil;185;limuzina;CARISMA 
76;1280;7.4;0;MITSUBISHI;DA1ALNHEL6;MITSUBISHI / CARISMA / 1.6 /;Nizozemska;NLD;osebni avtomobil;185;limuzina;MITSUBISHI 
76;1305;7.4;0;SUZUKI;ERD31S-5MT;LIANA / 1.6 / 4WD;Japonska ;JPN;osebni avtomobil;170;vozilo z dviûnimi vrati zadaj;LIANA 
76;1250;7.5;0;FIAT;192BXB1A03H;FIAT / STILO / 1.6 /;Italija;ITA;osebni avtomobil;183;vozilo z dviûnimi vrati zadaj;FIAT 
76;1130;7.6;0;LANCIA;836A055A-02;DELTA / 1.6;Italija;ITA;osebni avtomobil;190;vozilo z dviûnimi vrati zadaj;DELTA 
76;1519;7.7;0;FIAT;192CXB1A12H;STILO / MW 1.6 /;Italija;ITA;osebni avtomobil;183;vecnamensko vozilo;STILO 
76;1340;7.7;0;FIAT;192CXB1A12H;STILO / MW 1.6;Italija;ITA;osebni avtomobil;183;karavan;STILO 
76;1050;7.7;0;FIAT;182AB1AA01C;BRAVO / 1.6 / i.e.;Italija;ITA;osebni avtomobil;184;vozilo z dviûnimi vrati zadaj;BRAVO 
76;1165;7.8;0;FIAT;182BB1AA-11E;BRAVA / 1.6 /;Italija;ITA;osebni avtomobil;180;vozilo z dviûnimi vrati zadaj;BRAVA 
76;1135;7.9;0;ALFA ROMEO;930A3A00-23;145 / 1.4 / 16V;Italija;ITA;osebni avtomobil;185;vozilo z dviûnimi vrati zadaj;145
76;1165;8.3;0;FIAT;182BB1AA11C;BRAVA / 1.6 / i.e.;Italija;ITA;osebni avtomobil;180;vozilo z dviûnimi vrati zadaj;BRAVA 
76;1424;8.3;0;HYUNDAI;X-K;MATRIX / 1.6 / AUT.;Koreja. republika;KOR;osebni avtomobil;166;vecnamensko vozilo;MATRIX 
76;1344;8.3;0;HYUNDAI;X-K;MATRIX / 1.6;Koreja. republika;KOR;osebni avtomobil;166;vecnamensko vozilo;MATRIX 
76;1200;8.4;0;FIAT;185BXB1A-05;MAREA / WEEKEND 1.6;Italija;ITA;osebni avtomobil;185;karavan;MAREA 
76;1375;8.6;0;FIAT;186AXC1A02D;MULTIPLA / 1.6;Italija;ITA;osebni avtomobil;170;limuzina;MULTIPLA 
76;1300;8.6;0;FIAT;186AXC1A02B;MULTIPLA / 1.6 /;Italija;ITA;osebni avtomobil;170;vecnamensko vozilo;MULTIPLA 
76;1275;8.6;0;FIAT;223AXD1A03D;DOBLO / 1.6;Italija;ITA;osebni avtomobil;168;vecnamensko vozilo;DOBLO 
76;1200;8.6;0;FIAT;185BXB1A05;MAREA / 1.6 /;Italija;ITA;osebni avtomobil;185;karavan;MAREA 
76;1323;9.1;0;HYUNDAI;PN-81;MATRIX / 1.6;Koreja. republika;KOR;osebni avtomobil;136;vozilo z dviûnimi vrati zadaj;MATRIX 
77;1431;3.4;1;FORD;DYBNGDB1L-5DEDMC;FOCUS / 1.6 / TDCi ECO 88g M6 S;Nemcija;DEU;osebni avtomobil;187;karavan;FOCUS 
77;1406;3.4;1;FORD;DYBNGDB1K-5DEDMC;FOCUS / 1.6 / TDCi ECO 88g M6 S;Nemcija;DEU;osebni avtomobil;187;vozilo z dviûnimi vrati zadaj;FOCUS 
77;1350;3.4;1;FORD;DYB-AEDA15-5DE4MC;FOCUS / 1.5 / TDCi 77 ECO;Nemcija;DEU;osebni avtomobil;187;vozilo z dviûnimi vrati zadaj;FOCUS 
77;1115;3.4;1;MAZDA;6HS61W0;MAZDA 2 / CD105 /;Japonska ;JPN;osebni avtomobil;178;vozilo z dviûnimi vrati zadaj;MAZDA 2 
77;1165;3.4;1;VOLKSWAGEN;ABCUTA-FM5FM5A4054N2VR27MM00;POLO / 1.4 / TDI;Nemcija;DEU;osebni avtomobil;194;vozilo z dviûnimi vrati zadaj;POLO 
77;1189;3.5;1;äKODA;ACCUTAX01-NFM5FM5A405415N7;FABIA / COMBI 1.4 / TDI;Ceöka republika;CZE;osebni avtomobil;196;karavan;FABIA 
77;1161;3.6;1;SEAT;SCCUTA-FM5SFM5A40547MM62;IBIZA / 1.4 / TDI;äpanija;ESP;osebni avtomobil;192;vecnamensko vozilo;IBIZA 
77;1165;3.6;1;äKODA;ABCUTAX01-NFM5FM5A4054N627;FABIA / 1.4 / TDI;Ceöka republika;CZE;osebni avtomobil;193;vozilo z dviûnimi vrati zadaj;FABIA 
77;1165;3.6;1;VOLKSWAGEN;ABCUTA-FM5FM5A4054N2VR27MM62;POLO / 1.4 / TDI;Nemcija;DEU;osebni avtomobil;194;vozilo z dviûnimi vrati zadaj;POLO 
77;1474;3.7;1;FORD;DYBNGDA;FOCUS / 1.6 / TDCi ECO 99g M6 S;Nemcija;DEU;osebni avtomobil;187;karavan;FOCUS 
77;1374;3.7;1;FORD;DYBNGDA1L-5DECMC;FOCUS / 1.6 / TDCi ECO 99g M6 S;Nemcija;DEU;osebni avtomobil;187;karavan;FOCUS 
77;1350;3.7;1;FORD;DYBNGDA1K-5DECMC;FOCUS / 1.6 / TDCi ECO 99g M6 S;Nemcija;DEU;osebni avtomobil;187;vozilo z dviûnimi vrati zadaj;FOCUS 
77;1189;3.7;1;äKODA;ACCUTAX01-NFM5FM5A4054N627;FABIA / COMBI 1.4 / TDI;Ceöka republika;CZE;osebni avtomobil;196;karavan;FABIA 
77;1350;3.8;1;AUDI;LCLHAF1-FM62S027R8V627MJEM1;A3 / 1.6 / TDI;Nemcija;DEU;osebni avtomobil;198;limuzina;A3 
77;1350;3.8;1;AUDI;ACAYCF1-FM5A4054R8P507MGEM3;A3 / 1.6 / TDI;Nemcija;DEU;osebni avtomobil;194;karavan;A3 
77;1335;3.8;1;AUDI;SCLHAF1-FM62S027R8V617MJEM1;A3 / 1.6 / TDI;Nemcija;DEU;osebni avtomobil;195;vozilo z dviûnimi vrati zadaj;A3 
77;1305;3.8;1;AUDI;ACLHAF1-FM62S027R8V617MJEM1;A3 / 1.6 / TDI;Nemcija;DEU;osebni avtomobil;195;karavan;A3 
77;1240;3.8;1;AUDI;SCAYCF1-FM52R029R8X52LLS57MQEM3;A1 / 1.6 / TDI;Nemcija;DEU;osebni avtomobil;190;vozilo z dviûnimi vrati zadaj;A1 
77;1215;3.8;1;AUDI;ACAYCF1-FM52R029R8X52LLS47MQEM3;A1 / 1.6 / TDI;Nemcija;DEU;osebni avtomobil;190;karavan;A1 
77;1405;3.8;1;FORD;DXA-AEDA1V-5HE3NA;C-MAX / 1.5 / TDCi 77 M6 S;Nemcija;DEU;osebni avtomobil;184;vecnamensko vozilo;C-MAX 
77;1418;3.8;1;MAZDA;64S61WX;MAZDA 3 / SP / CD105;Japonska ;JPN;osebni avtomobil;185;vozilo z dviûnimi vrati zadaj;MAZDA 3 
77;1331;3.8;1;SEAT;FCLHAX0-FM5SFM5A40517MJVLO;LEON ST / 1.6 / TDI;äpanija;ESP;osebni avtomobil;192;karavan;LEON ST 
77;1325;3.8;1;SEAT;AFCAYCX01-SGEFM5A40547MG;LEON / 1.6 / TDI;äpanija;ESP;osebni avtomobil;190;vecnamensko vozilo;LEON 
77;1286;3.8;1;SEAT;BCLHAX0-FM5SFM5A40517MJVL;LEON / 1.6 / TDI;äpanija;ESP;osebni avtomobil;192;karavan;LEON 
77;1390;3.8;1;äKODA;AACAYCX01-GFM5FM5A40540;OCTAVIA / 1.6 / TDI;Ceöka republika;CZE;osebni avtomobil;192;limuzina;OCTAVIA 
77;1327;3.8;1;äKODA;ACCLHAX0-NFM5FM5A4051STVL7;OCTAVIA / COMBI 1.6 / TDI;Ceöka republika;CZE;osebni avtomobil;191;karavan;OCTAVIA 
77;1322;3.8;1;äKODA;ACCLHAX0-NFM5FM5A4051STVL7;OCTAVIA / COMBI 1.6 / TDI;Ceöka republika;CZE;osebni avtomobil;192;karavan;OCTAVIA 
77;1307;3.8;1;äKODA;AACLHAX0-NFM5FM5A4051STVL7;OCTAVIA / 1.6 / TDI;Ceöka republika;CZE;osebni avtomobil;195;limuzina;OCTAVIA 
77;1305;3.8;1;äKODA;AACLHAX0-NFM5FM5A4051STVL7;OCTAVIA / 1.6 / TDI;Ceöka republika;CZE;osebni avtomobil;194;limuzina;OCTAVIA 
77;1189;3.8;1;äKODA;ACCUTAX01-NFM5FM5A4054N627;FABIA / COMBI 1.4 / TDI;Ceöka republika;CZE;osebni avtomobil;196;karavan;FABIA 
77;1165;3.8;1;äKODA;ABCUTAX01-NFM5FM5A4054N627;FABIA / 1.4 / TDI;Ceöka republika;CZE;osebni avtomobil;193;vozilo z dviûnimi vrati zadaj;FABIA 
77;1355;3.8;1;VOLKSWAGEN;GAC4CLHAX0-FM5FM5A4051N7MJON1VL00VR2;GOLF / 1.6 TDI;Nemcija;DEU;osebni avtomobil;192;karavan;GOLF 
77;1321;3.8;1;VOLKSWAGEN;GAC4CLHAX0-FM5FM5A4051N7MJON1VL00VR2;GOLF / 1.6 / TDI;Nemcija;DEU;osebni avtomobil;192;karavan;GOLF 
77;1321;3.8;1;VOLKSWAGEN;AC4CLHAX0-FM5FM5A4051N7MJOVLVR2;GOLF / 1.6 / TDI;Nemcija;DEU;osebni avtomobil;192;vozilo za posebne namene;GOLF 
77;1314;3.8;1;VOLKSWAGEN;ACCAYCX0-FM5FM5A4054L7MGN1;GOLF / 1.6 / TDI;Nemcija;DEU;osebni avtomobil;190;karavan;GOLF 
77;1314;3.8;1;VOLKSWAGEN;ACCAYCX0-FM5FM5A4054L7MGN1;GOLF / 1.6 / TDI;Nemcija;DEU;osebni avtomobil;190;vozilo za posebne namene;GOLF 
77;1314;3.8;1;VOLKSWAGEN;U10VWGVP003S668;GOLF / 1.6 / TDI;Nemcija;DEU;osebni avtomobil;190;vozilo z dviûnimi vrati zadaj;GOLF 
77;1295;3.8;1;VOLKSWAGEN;GAC2CLHAX0-FM5FM5A4051N7MJON1VL00VR2;GOLF / 1.6 / TDI;Nemcija;DEU;osebni avtomobil;192;karavan;GOLF 
77;1390;3.9;1;AUDI;8PSCAYCF1-FM5A4054R8P507MGEM3;A3 / 1.6 / TDI;Nemcija;DEU;osebni avtomobil;194;vozilo z dviûnimi vrati zadaj;A3 
77;1390;3.9;1;AUDI;SCAYCF1-FM5A4054R8P507MGEM3;A3 / 1.6 / TDI;Nemcija;DEU;osebni avtomobil;194;karavan;A3 
77;1355;3.9;1;AUDI;SCLHAF1-FD7AM014R8V617MJEM1;A3 / 1.6 / TDI AUT.;Nemcija;DEU;osebni avtomobil;195;vozilo z dviûnimi vrati zadaj;A3 
77;1325;3.9;1;AUDI;ACLHAF1-FD7AM014R8V617MJEM1;A3 / 1.6 / TDI AUT.;Nemcija;DEU;osebni avtomobil;195;karavan;A3 
77;1215;3.9;1;AUDI;ACAYCF1-FM52R029R8X52LL7MGEM2;A1 / 1.6 / TDI;Nemcija;DEU;osebni avtomobil;190;karavan;A1 
77;1351;3.9;1;SEAT;FCLHAX0-FD7SFD7CW0027MJVLO;LEON ST / 1.6 / TDI AUT.;Italija;ITA;osebni avtomobil;191;karavan;LEON ST 
77;1306;3.9;1;SEAT;BCLHAX0-FD7SFD7CW0027MJVL;LEON / 1.6 / TDI AUT.;äpanija;ESP;osebni avtomobil;191;karavan;LEON 
77;1320;3.9;1;äKODA;AACLHAX0-NFD7FD7CW002S1VL7;OCTAVIA / 1.6 / TDI AUT.;Ceöka republika;CZE;osebni avtomobil;194;limuzina;OCTAVIA 
77;1265;3.9;1;äKODA;AACAYC-NFM5FM52R029ST7P1SK;RAPID / 1.6 / TDI;Ceöka republika;CZE;osebni avtomobil;190;limuzina;RAPID 
77;1395;3.9;1;VOLKSWAGEN;VACCLHAX0-FM5FM5A4051N7MJOVL00VR2;GOLF / VARIANT 1.6 / TDI;Nemcija;DEU;osebni avtomobil;193;karavan;GOLF 
77;1337;3.9;1;VOLKSWAGEN;AC4CLHAX0-FD7FD7CW002N7MJOVLVR2;GOLF / 1.6 / TDI AUT.;Nemcija;DEU;osebni avtomobil;192;karavan;GOLF 
77;1313;3.9;1;VOLKSWAGEN;AC2CLHAX0-FD7FD7CW002N7MJOVLVR2;GOLF / 1.6 / TDI AUT.;Nemcija;DEU;osebni avtomobil;192;karavan;GOLF 
77;1355;4.1;1;AUDI;ACAYCF1-FM5A4051R8P607MGEM1;A3 / 1.6 / TDI;Nemcija;DEU;osebni avtomobil;194;karavan;A3 
77;1326;4.1;1;SEAT;FCLHAX0-FM5NFM5A40517MJVL;LEON ST / 1.6 / TDI;äpanija;ESP;osebni avtomobil;191;karavan;LEON ST 
77;1281;4.1;1;SEAT;BCLHAX0-FM5NFM5A40517MJVLO;LEON / 1.6 / TDI;äpanija;ESP;osebni avtomobil;191;karavan;LEON 
77;1281;4.1;1;SEAT;BCLHAX0-FM5NFM5A40517MJVLO;LEON / 1.6 / TDI;äpanija;ESP;osebni avtomobil;191;vozilo za posebne namene;LEON 
77;1261;4.1;1;SEAT;CCLHAX0-FM5NFM5A40517MJVL;LEON SC / 1.6 / TDI;äpanija;ESP;osebni avtomobil;191;karavan;LEON SC 
77;1405;4.1;1;äKODA;ACCAYCX01-GFM5FM5A40510;OCTAVIA / COMBI 1.6 / TDI;Ceöka republika;CZE;osebni avtomobil;191;karavan;OCTAVIA 
77;1505;4.1;1;VOLKSWAGEN;AACAYCX0-FM6FM62S027STP07MQENVR2O;PASSAT / 1.6 / TDI;Nemcija;DEU;osebni avtomobil;198;limuzina;PASSAT 
77;1318;4.1;1;VOLKSWAGEN;ACCAYCX0-FM5FM5A4051E7MGN1;GOLF / 1.6 / TDI;Nemcija;DEU;osebni avtomobil;189;karavan;GOLF 
77;1395;4.2;1;AUDI;SCAYCF1-FM5A4051R8P607MGEM1;A3 / 1.6 / TDI;Nemcija;DEU;osebni avtomobil;194;karavan;A3 
77;1055;4.2;0;FIAT;312AXM1B11D;500 / 0.9 / 8V TURBO C;Italija;ITA;osebni avtomobil;188;vozilo z dviûnimi vrati zadaj;500
77;1015;4.2;0;FIAT;312AXM1B11;500 / 0.9 / 8V;Italija;ITA;osebni avtomobil;188;vozilo z dviûnimi vrati zadaj;500
77;1225;4.2;1;SEAT;SECAYCX0-SGNFM52R0297MGGI;IBIZA ST / 1.6 / TDI;äpanija;ESP;osebni avtomobil;188;karavan;IBIZA ST 
77;1195;4.2;1;SEAT;SCNCAYCX0-SGFM52R02947MGGI;IBIZA / 1.6 / TDI;äpanija;ESP;osebni avtomobil;187;vecnamensko vozilo;IBIZA 
77;1170;4.2;1;SEAT;SCCAYCX0-SGNFM52R0297MGGI;IBIZA / 1.6 / TDI;äpanija;ESP;osebni avtomobil;188;vecnamensko vozilo;IBIZA 
77;1170;4.2;1;SEAT;SCCAYCX0-SGNFM52R0297MGGI;IBIZA ST / 1.6 / TDI;äpanija;ESP;osebni avtomobil;188;vecnamensko vozilo;IBIZA ST 
77;1519;4.2;1;äKODA;AACAYCX01-IFM6FM62S0277;SUPERB / 1.6 / TDI;Ceöka republika;CZE;osebni avtomobil;197;limuzina;SUPERB 
77;1375;4.2;1;äKODA;ACCAYCX01-NFM5FM5A40517;OCTAVIA / COMBI 1.6 / TDI;Ceöka republika;CZE;osebni avtomobil;191;karavan;OCTAVIA 
77;1322;4.2;1;äKODA;ACCLHAX0-NFM5FM5A4051STVL0;OCTAVIA / COMBI 1.6 / TDI;Ceöka republika;CZE;osebni avtomobil;191;karavan;OCTAVIA 
77;1300;4.2;1;äKODA;AACLHAX0-NFM5FM5A4051STVL0;OCTAVIA / 1.6 / TDI;Ceöka republika;CZE;osebni avtomobil;194;limuzina;OCTAVIA 
77;1239;4.2;1;äKODA;ACCAYCX01-NFM5FM52R02915N0;FABIA / COMBI 1.6 / TDI;Ceöka republika;CZE;osebni avtomobil;190;karavan;FABIA 
77;1219;4.2;1;äKODA;ABCAYCX01-NFM5FM52R02915R0;FABIA / 1.6 / TDI;Ceöka republika;CZE;osebni avtomobil;188;vozilo z dviûnimi vrati zadaj;FABIA 
77;1452;4.2;1;VOLKSWAGEN;ACCAYCX0-FM5FM5A4051E7MGN1;GOLF / VARIANT 1.6 / TDI;Nemcija;DEU;osebni avtomobil;190;karavan;GOLF 
77;1395;4.2;1;VOLKSWAGEN;AACAYCX0-FM5FM5A4051N7MQN1VR2;JETTA / 1.6 / TDI;Nemcija;DEU;osebni avtomobil;190;limuzina;JETTA 
77;1340;4.2;1;VOLKSWAGEN;ACCAYCX0-FD7FD7AM014E7MGN1;GOLF / 1.6 / TDI AUT.;Nemcija;DEU;osebni avtomobil;190;karavan;GOLF 
77;1165;4.2;1;VOLKSWAGEN;ABCAYC-FM5FM52R029LLNVR07MQ;POLO / 1.6 / TDI;Nemcija;DEU;osebni avtomobil;190;vozilo z dviûnimi vrati zadaj;POLO 
77;1165;4.2;1;VOLKSWAGEN;ABCAYC-FM5FM52R029N7MG;POLO / 1.6 / TDI;Nemcija;DEU;osebni avtomobil;189;vozilo z dviûnimi vrati zadaj;POLO 
77;1505;4.3;1;AUDI;KCAYCF1-FM5A4051R8P607MGEM1;A3 / CABRIOLET 1.6 / TDI;Madûarska;HUN;osebni avtomobil;190;kabriolet;A3 
77;1415;4.3;1;AUDI;SCAYCF1-FD7AM014R8P607MGEM1;A3 / 1.6 / TDI AUT.;Nemcija;DEU;osebni avtomobil;194;karavan;A3 
77;1395;4.3;1;FIAT;198AXV1B18;BRAVO / 1.6 / JTD;Italija;ITA;osebni avtomobil;187;vecnamensko vozilo;BRAVO 
77;1541;4.3;1;äKODA;ACCAYCX01-IFM6FM62S0277;SUPERB / COMBI 1.6 / TDI;Ceöka republika;CZE;osebni avtomobil;195;karavan;SUPERB 
77;1547;4.3;1;VOLKSWAGEN;ACCAYCX0-FM6FM62S027STP07MJENVR2O;PASSAT / VARIANT 1.6 / TDI;Nemcija;DEU;osebni avtomobil;196;karavan;PASSAT 
77;1499;4.3;1;VOLKSWAGEN;AACAYCX0-FM6FM62S027STP07MQSNVR2O;PASSAT / 1.6 / TDI;Nemcija;DEU;osebni avtomobil;195;limuzina;PASSAT 
77;1473;4.3;1;VOLKSWAGEN;ACCAYCX0-FD7FD7AM014E7MGN1;GOLF / VARIANT 1.6 / TDI AUT.;Nemcija;DEU;osebni avtomobil;190;karavan;GOLF 
77;1450;4.3;1;VOLKSWAGEN;ACCAYCX0-FM5FM5A4051E7MGN1;GOLF PLUS / 1.6 / TDI;Nemcija;DEU;osebni avtomobil;186;karavan;GOLF PLUS 
77;1450;4.3;1;VOLKSWAGEN;ACCAYCX0-FM5FM5A4051N7MGN1;GOLF PLUS;Nemcija;DEU;osebni avtomobil;186;karavan;GOLF PLUS
77;1377;4.3;1;VOLKSWAGEN;ABCAYCX0-FM5FM5A4051N7MJVIVR2;BEETLE / 1.6 / TDI;Nemcija;DEU;osebni avtomobil;180;vozilo z dviûnimi vrati zadaj;BEETLE 
77;1368;4.3;1;VOLKSWAGEN;ABCAYCX0-FM5FM5A4051N7MQN1VR2;BEETLE / 1.6 / TDI;Nemcija;DEU;osebni avtomobil;180;vozilo z dviûnimi vrati zadaj;BEETLE 
77;1324;4.3;1;VOLKSWAGEN;ACBLSX0-FM5FM5A4044E7GGN1;GOLF / 1.9 / TDI;Nemcija;DEU;osebni avtomobil;190;karavan;GOLF 
77;1229;4.3;1;VOLKSWAGEN;ABCAYC-FM5FM52R029LLCVR07MQ;POLO / 1.6 / TDI;Nemcija;DEU;osebni avtomobil;186;vozilo z dviûnimi vrati zadaj;POLO 
77;1417;4.4;1;ALFA ROMEO;940FXD1A03;GIULIETTA / 1.6 / JTD;Italija;ITA;osebni avtomobil;185;vecnamensko vozilo;GIULIETTA 
77;1385;4.4;1;ALFA ROMEO;940FXD1A03;GIULIETTA / 1.6 /  JTD;Italija;ITA;osebni avtomobil;185;vecnamensko vozilo;GIULIETTA 
77;1395;4.4;1;FIAT;198AXH1B07N;BRAVO / 1.6 / JTD;Italija;ITA;osebni avtomobil;187;vecnamensko vozilo;BRAVO 
77;1390;4.4;1;FIAT;198BXH1BA0C;BRAVO / 1.6 / JTD;Italija;ITA;osebni avtomobil;173;vecnamensko vozilo;BRAVO 
77;1485;4.4;1;LANCIA;844AXP1A13B;DELTA / 1.6 / JTD;Italija;ITA;osebni avtomobil;186;vecnamensko vozilo;DELTA 
77;1395;4.4;1;OPEL;DA076CD12-BF2BAYJUD25;ASTRA / ST 1.5 / DT;Nemcija;DEU;osebni avtomobil;200;karavan;ASTRA 
77;1371;4.4;1;OPEL;CA076CD12-BF1BAYJUD25;ASTRA / 1.5 / DT;Nemcija;DEU;osebni avtomobil;200;vozilo z dviûnimi vrati zadaj;ASTRA 
77;1263;4.4;0;OPEL;CA0ABAB12-BA1D3EANJ5;ASTRA / 1.0 / TURBO;Nemcija;DEU;osebni avtomobil;200;vozilo z dviûnimi vrati zadaj;ASTRA 
77;1263;4.4;0;OPEL;CA0ABAB12-BA1D3EANK5;ASTRA / 1.0 / TURBO;Nemcija;DEU;osebni avtomobil;195;vozilo z dviûnimi vrati zadaj;ASTRA 
77;1546;4.4;1;äKODA;ACCAYCX01-IFM5FM5A4057W0;SUPERB / COMBI 1.6 / TDI;Ceöka republika;CZE;osebni avtomobil;190;karavan;SUPERB 
77;1524;4.4;1;äKODA;AACAYCX01-IFM5FM5A4057W0;SUPERB / 1.6 / TDI;Ceöka republika;CZE;osebni avtomobil;192;limuzina;SUPERB 
77;1385;4.4;1;äKODA;ACCAYCX01-GFM5FM5A4051;OCTAVIA / COMBI 1.6 / TDI;Ceöka republika;CZE;osebni avtomobil;190;karavan;OCTAVIA 
77;1360;4.4;1;äKODA;AACAYCX01-GFM5FM5A4051;OCTAVIA / 1.6 / TDI;Ceöka republika;CZE;osebni avtomobil;191;limuzina;OCTAVIA 
77;1265;4.4;1;äKODA;AACAYC-NFM5FM52R029ST0P0SK;RAPID / 1.6 / TDI;Ceöka republika;CZE;osebni avtomobil;190;limuzina;RAPID 
77;1260;4.4;1;äKODA;ABCAYC-NFM5FM52R029ST0P0SK;RAPID / 1.6 / TDI;Ceöka republika;CZE;osebni avtomobil;190;vozilo z dviûnimi vrati zadaj;RAPID 
77;1543;4.4;1;VOLKSWAGEN;ACCAYCX0-FM6FM62S027STP17MJSNVR2O;PASSAT / VARIANT 1.6 / TDI;Nemcija;DEU;osebni avtomobil;193;karavan;PASSAT 
77;1543;4.4;1;VOLKSWAGEN;ACCAYCX0-FM6FM62S027STP17MGSNVR2O;PASSART / VARIANT 1.6 / TDI;Nemcija;DEU;osebni avtomobil;193;karavan;PASSART 
77;1543;4.4;1;VOLKSWAGEN;ACCAYCX0-FM6FM62S027STP17MQSNVR20;PASSAT/ VARIANT 1.6 / TDI;Nemcija;DEU;osebni avtomobil;193;karavan;PASSAT
77;1530;4.4;1;VOLKSWAGEN;ACCAYCX0-FM5FM5A4057ST7MGLVR2;PASSAT / VARIANT 1.6 / TDI;Nemcija;DEU;osebni avtomobil;190;karavan;PASSAT 
77;1501;4.4;1;VOLKSWAGEN;AECAYCX0-FM5FM5A4051E7MJN1;GOLF CABRIOLET / 1.6 / TDI;Nemcija;DEU;osebni avtomobil;188;kabriolet;GOLF CABRIOLET 
77;1495;4.4;1;VOLKSWAGEN;AACAYCX0-FM5FM5A4057ST7MGLVR2;PASSAT / 1.6 / TDI;Nemcija;DEU;osebni avtomobil;193;limuzina;PASSAT 
77;1471;4.4;1;VOLKSWAGEN;ACCAYCX0-FD7FD7AM014E7MGN1;GOLF PLUS / 1.6 / TDI AUT.;Nemcija;DEU;osebni avtomobil;186;karavan;GOLF PLUS 
77;1395;4.5;1;AUDI;SBLSF1-FM5A4044R8P607GG;A3 / 1.9 / TDI;Nemcija;DEU;osebni avtomobil;194;karavan;A3 
77;1395;4.5;1;AUDI;LBLSF1-FM5A4044R8P60T47GG;A3 / 1.9 / TDI;Nemcija;DEU;osebni avtomobil;194;vozilo z dviûnimi vrati zadaj;A3 
77;1355;4.5;1;AUDI;ABLSF1-FM5A4044R8P607GG;A3 / 1.9 / TDI;Nemcija;DEU;osebni avtomobil;194;karavan;A3 
77;1470;4.5;1;FIAT;199LYD1BL4E;500L / 1.6 / JTD;Italija;ITA;osebni avtomobil;181;vecnamensko vozilo;500L 
77;1440;4.5;1;FIAT;199LYD1BL4;500L / 1.6 / JTD;Italija;ITA;osebni avtomobil;181;vecnamensko vozilo;500L 
77;1440;4.5;1;FIAT;199NYD1BLC0;500L 1.6 / JTD;Italija;ITA;osebni avtomobil;181;vecnamensko vozilo;500L 1.6 
77;1278;4.5;0;OPEL;DA0ABAB12-BA2E4EANJ5;ASTRA / ST 1.0 / TURBO;Nemcija;DEU;osebni avtomobil;195;karavan;ASTRA 
77;1263;4.5;0;OPEL;CA0ABAB12-BA1D4EBSJ5;ASTRA / 1.0 / TURBO MTA;Nemcija;DEU;osebni avtomobil;200;vozilo z dviûnimi vrati zadaj;ASTRA 
77;1480;4.5;1;SEAT;ACCAYCX01-SGSFM5A40517MJ;ALTEA XL / 1.6 / TDI;äpanija;ESP;osebni avtomobil;183;karavan;ALTEA XL 
77;1480;4.5;1;SEAT;ACCAYCX01-SGSFM5A40517MG;ALTEA XL / 1.6 / TDI;äpanija;ESP;osebni avtomobil;183;vecnamensko vozilo;ALTEA XL 
77;1450;4.5;1;SEAT;AFCAYCX01-SGSFM5A40517MG;ALTEA / 1.6 / TDI;äpanija;ESP;osebni avtomobil;183;vecnamensko vozilo;ALTEA 
77;1450;4.5;1;SEAT;AFCAYCX01-SGSFM5A40517MJ;ALTEA / 1.6 / TDI;äpanija;ESP;osebni avtomobil;183;karavan;ALTEA 
77;1365;4.5;1;SEAT;AFCAYCX01-SGNFM5A40517MG;LEON / 1.6 / TDI;äpanija;ESP;osebni avtomobil;185;vecnamensko vozilo;LEON 
77;1325;4.5;1;SEAT;AFBLSX01-SGEFM5A40447GG;LEON / 1.9 / TDI;äpanija;ESP;osebni avtomobil;186;vecnamensko vozilo;LEON 
77;1200;4.5;1;SEAT;SCBLSX0-SGFM52R03047GG;IBIZA / 1.9 / TDI;äpanija;ESP;osebni avtomobil;186;vecnamensko vozilo;IBIZA 
77;1175;4.5;1;SEAT;SCBLSX0-SGFM52R03027GG;IBIZA / 1.9 / TDI;äpanija;ESP;osebni avtomobil;187;vecnamensko vozilo;IBIZA 
77;1435;4.5;1;äKODA;ACCLHAX1-NAM6AM62Q032STML7;OCTAVIA / COMBI 1.6 / TDI 4x4;Ceöka republika;CZE;osebni avtomobil;188;karavan;OCTAVIA 
77;1380;4.5;1;äKODA;ACCAYCX01-NFM5FM5A4051;OCTAVIA / COMBI 1.6 / TDI;Ceöka republika;CZE;osebni avtomobil;189;karavan;OCTAVIA 
77;1365;4.5;1;äKODA;ACCAYCX01-NFM5FM5A40510;OCTAVIA / COMBI 1.6 / TDI;Ceöka republika;CZE;osebni avtomobil;190;karavan;OCTAVIA 
77;1365;4.5;1;äKODA;AACAYCX01-NFM5FM5A4051;OCTAVIA / 1.6 / TDI;Ceöka republika;CZE;osebni avtomobil;190;limuzina;OCTAVIA 
77;1350;4.5;1;äKODA;AACAYCX01-NFM5FM5A40510;OCTAVIA / 1.6 / TDI;Ceöka republika;CZE;osebni avtomobil;191;limuzina;OCTAVIA 
77;1557;4.5;1;VOLKSWAGEN;CAYCAC-FD7FD7AM0147MGS5N1VR0SO;TOURAN / 1.6 / TDI AUT.;Nemcija;DEU;osebni avtomobil;183;karavan;TOURAN 
77;1556;4.5;1;VOLKSWAGEN;CAYCAC-FD7FD7AM0147MJS5N1VR2SO;TOURAN / 1.6 / TDI AUT.;Nemcija;DEU;osebni avtomobil;186;karavan;TOURAN 
77;1540;4.5;1;VOLKSWAGEN;ACCAYCX0-FM5FM5A4057ST7MGEVR2;PASSAT / VARIANT 1.6 / TDI;Nemcija;DEU;osebni avtomobil;190;karavan;PASSAT 
77;1530;4.5;1;VOLKSWAGEN;ACCAYCX0-FM5FM5A4057ST7MGLVR2;PASSAT / VARIANT 1.6 / TDI;Nemcija;DEU;osebni avtomobil;190;karavan;PASSAT 
77;1510;4.5;1;VOLKSWAGEN;ACCAYCX0-FM5FM5A4051N7MGN1;GOLF / 1.6 / TDI;Nemcija;DEU;osebni avtomobil;189;karavan;GOLF 
77;1494;4.5;1;VOLKSWAGEN;VACCLHAX1-AM6AM62Q032N7MJOML00VR2;GOLF / VARIANT 1.6 / TDI 4M;Nemcija;DEU;osebni avtomobil;189;karavan;GOLF 
77;1486;4.5;1;VOLKSWAGEN;AACAYCX0-FM5FM5A4057ST7MGEVR2;PASSAT / 1.6 / TDI;Nemcija;DEU;osebni avtomobil;193;limuzina;PASSAT 
77;1445;4.5;1;VOLKSWAGEN;ACCAYCX0-FM5FM5A4051N7MGN1;GOLF / VARIANT 1.6 / TDI;Nemcija;DEU;osebni avtomobil;190;karavan;GOLF 
77;1432;4.5;1;VOLKSWAGEN;AC4CLHAX1-AM6AM62Q032N7MJOMLVR2;GOLF / 1.6 / TDI 4M;Nemcija;DEU;osebni avtomobil;187;karavan;GOLF 
77;1432;4.5;1;VOLKSWAGEN;AC4CLHAX1-AM6AM62Q032N7MJOMLVR2;GOLF / 1.6 / TDI 4M;Nemcija;DEU;osebni avtomobil;187;vozilo za posebne namene;GOLF 
77;1432;4.5;1;VOLKSWAGEN;AC4CLHAX1-AM6AM62Q032N7MJOMLVR2;GOLF / 1.6 / TDI 4M;Nemcija;DEU;osebni avtomobil;186;karavan;GOLF 
77;1392;4.5;1;VOLKSWAGEN;AACAYCX0-FM5FM5A4051N7MGN1VR0;JETTA / 1.6 / TDI;Nemcija;DEU;osebni avtomobil;190;limuzina;JETTA 
77;1368;4.5;1;VOLKSWAGEN;ABCAYCX0-FM5FM5A4051N7MJVIVR0;BEETLE / 1.6 / TDI;Nemcija;DEU;osebni avtomobil;180;vozilo z dviûnimi vrati zadaj;BEETLE 
77;1361;4.5;1;VOLKSWAGEN;ABCAYCX0-FM5FM5A4051N7MQN1VR0;BEETLE / 1.6 / TDI;Nemcija;DEU;osebni avtomobil;180;vozilo z dviûnimi vrati zadaj;BEETLE 
77;1324;4.5;1;VOLKSWAGEN;ACBLSX0-FM5FM5A4044E7GGN1;GOLF / 1.9 / TDI;Nemcija;DEU;osebni avtomobil;190;karavan;GOLF 
77;1314;4.5;1;VOLKSWAGEN;ACCAYCX0-FM5FM5A4051N7MGN1;GOLF / 1.6 / TDI;Nemcija;DEU;osebni avtomobil;189;vozilo za posebne namene;GOLF 
77;1485;4.6;1;LANCIA;844AXP1A13;DELTA / 1.6 / JTD;Italija;ITA;osebni avtomobil;186;vecnamensko vozilo;DELTA 
77;1534;4.6;1;äKODA;ACCAYCX01-NFM6FM62S0277;SUPERB / COMBI 1.6 / TDI;Ceöka republika;CZE;osebni avtomobil;192;karavan;SUPERB 
77;1410;4.6;1;äKODA;ACCAYCX0-GFM5FM5A40510;YETI / 1.6 / TDI;Ceöka republika;CZE;osebni avtomobil;176;karavan;YETI 
77;1601;4.6;1;VOLKSWAGEN;CAYCAF-FD7FD7AM0147MJS7N1VR2SO;TOURAN / 1.6 / TDI AUT.;Nemcija;DEU;osebni avtomobil;186;vecnamensko vozilo;TOURAN 
77;1590;4.6;1;VOLKSWAGEN;CAYCAF-FM6FM62S0267MJS7N1VR2SO;TOURAN / 1.6 / TDI;Nemcija;DEU;osebni avtomobil;186;vecnamensko vozilo;TOURAN 
77;1544;4.6;1;VOLKSWAGEN;CAYCAC-FM6FM62S0267MQS5N1VR2SO;TOURAN / 1.6 / TDI;Nemcija;DEU;osebni avtomobil;186;karavan;TOURAN 
77;1539;4.6;1;VOLKSWAGEN;CAYCAC-FM6FM62S0267MJS5N1VR2LO;TOURAN / 1.6 / TDI;Nemcija;DEU;osebni avtomobil;186;karavan;TOURAN 
77;1530;4.6;1;VOLKSWAGEN;AACAYCX0-FD7FD7AM014STP17MJSNVR2O;PASSAT / 1.6 / TDI AUT.;Nemcija;DEU;osebni avtomobil;193;limuzina;PASSAT 
77;1444;4.6;1;VOLKSWAGEN;AABLSX0-FM5FM5A4044E7GGN1;JETTA / 1.9 / TDI;Nemcija;DEU;osebni avtomobil;190;limuzina;JETTA 
77;1432;4.6;1;VOLKSWAGEN;ACBLSX0-FM5FM5A4044E7GGN1;GOLF / VARIANT 1.9 / TDI;Nemcija;DEU;osebni avtomobil;189;karavan;GOLF 
77;1355;4.7;1;AUDI;ABLSF1-FM5A4009R8P607GG;A3 / 1.9 / TDI;Nemcija;DEU;osebni avtomobil;187;karavan;A3 
77;1450;4.7;1;FIAT;199LYD1BL4D;500L / 1.6 / JTD;Italija;ITA;osebni avtomobil;175;vecnamensko vozilo;500L 
77;1360;4.7;1;MAZDA;FWS61W0;CX-3 / CD105 / AWD;Japonska ;JPN;osebni avtomobil;173;karavan;CX-3 
77;1480;4.7;1;SEAT;ACCAYCX01-SGSFM5A40517MG;ALTEA XL / 1.6 / TDI;äpanija;ESP;osebni avtomobil;183;vecnamensko vozilo;ALTEA XL 
77;1200;4.7;1;SEAT;SCNBLSX0-SGFM52R02740GG;IBIZA / 1.9 / TDI;äpanija;ESP;osebni avtomobil;186;vecnamensko vozilo;IBIZA 
77;1395;4.7;1;äKODA;ACCAYCX01-NFD7FD7AM014;OCTAVIA / COMBI 1.6 / TDI AUT.;Ceöka republika;CZE;osebni avtomobil;189;karavan;OCTAVIA 
77;1390;4.7;1;äKODA;ACCAYCX01-NFD7FD7AM0140;OCTAVIA / COMBI 1.6 / TDI AUT.;Ceöka republika;CZE;osebni avtomobil;190;karavan;OCTAVIA 
77;1375;4.7;1;äKODA;AACAYCX01-NFD7FD7AM0140;OCTAVIA / 1.6 / TDI AUT.;Ceöka republika;CZE;osebni avtomobil;191;limuzina;OCTAVIA 
77;1322;4.7;1;äKODA;AFCAYCX01-NFM5FM52R02915N;ROOMSTER / 1.6 / TDI;Ceöka republika;CZE;osebni avtomobil;181;vecnamensko vozilo;ROOMSTER 
77;1557;4.7;1;VOLKSWAGEN;ACCAYCX0-FD7FD7AM014STP17MJSNVR2O;PASSAT / VARIANT 1.6 / TDI AUT.;Nemcija;DEU;osebni avtomobil;191;karavan;PASSAT 
77;1462;4.7;1;VOLKSWAGEN;AECAYCX0-FM5FM5A4051N7MQVIVR0;BEETLE CABRIOLET / 1.6 / TDI;Nemcija;DEU;osebni avtomobil;178;kabriolet;BEETLE CABRIOLET 
77;1432;4.7;1;VOLKSWAGEN;AACAYCX0-FM5FM5A4051N7MBN1;JETTA / 1.6 / TDI;Nemcija;DEU;osebni avtomobil;187;limuzina;JETTA 
77;1412;4.7;1;VOLKSWAGEN;AACAYCX0-FD7FD7AM014N7MQN1VR0;JETTA / 1.6 / TDI AUT.;Nemcija;DEU;osebni avtomobil;190;limuzina;JETTA 
77;1390;4.7;1;VOLKSWAGEN;ABCAYCX0-FD7FD7AM014N7MJVIVR0;BEETLE / 1.6 / TDI AUT.;Nemcija;DEU;osebni avtomobil;178;vozilo z dviûnimi vrati zadaj;BEETLE 
77;1381;4.7;1;VOLKSWAGEN;ABCAYCX0-FD7FD7AM014N7MQN1VR0;BEETLE / 1.6 / TDI AUT.;Nemcija;DEU;osebni avtomobil;178;vozilo z dviûnimi vrati zadaj;BEETLE 
77;1337;4.7;1;VOLKSWAGEN;ACCAYCX0-FD7FD7AM014N7MGN1;GOLF / 1.6 / TDI AUT.;Nemcija;DEU;osebni avtomobil;189;karavan;GOLF 
77;1337;4.7;1;VOLKSWAGEN;ACCAYCX0-FD7FD7AM014N7MGVI;GOLF / 1.6 / TDI AUT.;Nemcija;DEU;osebni avtomobil;189;vozilo za posebne namene;GOLF 
77;1395;4.8;1;AUDI;SBLSF1-FM5A4009R8P607GG;A3 / 1.9 / TDI;Nemcija;DEU;osebni avtomobil;187;karavan;A3 
77;1395;4.8;1;FIAT;199BXH1BA0B;BRAVO / 1.6 / JTD;Italija;ITA;osebni avtomobil;195;vecnamensko vozilo;BRAVO 
77;1395;4.8;1;FIAT;198AXH1B07L;BRAVO / 1.6 / JTD;Italija;ITA;osebni avtomobil;187;vecnamensko vozilo;BRAVO 
77;1395;4.8;0;FIAT;199LYC1BL2L;500L / 0.9 / TURBO;Italija;ITA;osebni avtomobil;180;vecnamensko vozilo;500L 
77;1390;4.8;1;FIAT;198BXH1BA0B;BRAVO / 1.6 / JTD;Italija;ITA;osebni avtomobil;173;vecnamensko vozilo;BRAVO 
77;1335;4.8;0;FIAT;199LYC1BL2;500L / 0.9 / TURBO;Italija;ITA;osebni avtomobil;180;vecnamensko vozilo;500L 
77;1485;4.8;1;SEAT;ACCAYCX01-SGNFM5A40517MG;ALTEA XL / 1.6 / TDI;äpanija;ESP;osebni avtomobil;183;vecnamensko vozilo;ALTEA XL 
77;1455;4.8;1;SEAT;AFCAYCX01-SGNFM5A40517MG;ALTEA / 1.6 / TDI;äpanija;ESP;osebni avtomobil;183;vecnamensko vozilo;ALTEA 
77;1450;4.8;1;SEAT;AFCAYCX01-SGSFM5A40517MG;ALTEA / 1.6 / TDI;äpanija;ESP;osebni avtomobil;183;vecnamensko vozilo;ALTEA 
77;1380;4.8;1;SEAT;5PN-CAY;ALTEA / 1.6 / TDI;äpanija;ESP;osebni avtomobil;183;vecnamensko vozilo;ALTEA 
77;1498;4.8;1;VOLKSWAGEN;AECAYCX0-FM5FM5A4051N7MGN1;GOLF CABRIOLET / 1.6 / TDI;Nemcija;DEU;osebni avtomobil;188;kabriolet;GOLF CABRIOLET 
77;1466;4.8;1;VOLKSWAGEN;ACCAYCX0-FD7FD7AM014N7MGN1;GOLF / VARIANT 1.6 / TDI AUT.;Nemcija;DEU;osebni avtomobil;190;karavan;GOLF 
77;1466;4.8;1;VOLKSWAGEN;ACCAYCX0-FD7FD7AM014N7MGN1;GOLF / VARIANT 1.6 / TDI AUT.;Nemcija;DEU;osebni avtomobil;190;vozilo za posebne namene;GOLF 
77;1450;4.8;1;VOLKSWAGEN;AFBLSX0-FM5FM5A4044E7GGN1;GOLF PLUS / 1.9 / TDI;Nemcija;DEU;osebni avtomobil;186;vecnamensko vozilo;GOLF PLUS 
77;1446;4.8;1;VOLKSWAGEN;ACCAYCX0-FM5FM5A4051N7MGN1;GOLF PLUS / 1.6 / TDI;Nemcija;DEU;osebni avtomobil;184;karavan;GOLF PLUS 
77;1229;4.8;0;VOLKSWAGEN;GAC2CJZAX0-FD7FD7CW001N7MJON1VL00VR2;GOLF / 1.2 / TSI AUT.;Nemcija;DEU;osebni avtomobil;192;karavan;GOLF 
77;1452;4.9;1;AUDI;LBKCF1-FM5A4009R8P60N;A3 / 1.9 / TDI;Nemcija;DEU;osebni avtomobil;187;vozilo z dviûnimi vrati zadaj;A3 
77;1410;4.9;1;AUDI;8P;A3 / 1.9 / TDI;Nemcija;DEU;osebni avtomobil;187;vozilo z dviûnimi vrati zadaj;A3 
77;1395;4.9;1;AUDI;LBLSF1-FM5A4009R8P60T47GG;A3 / 1.9 / TDI;Nemcija;DEU;osebni avtomobil;187;vozilo z dviûnimi vrati zadaj;A3 
77;1370;4.9;1;AUDI;LBLSF1-FM5A4009R8P60T27GG;A3 / 1.9 / TDI;Nemcija;DEU;osebni avtomobil;187;vozilo z dviûnimi vrati zadaj;A3 
77;1355;4.9;1;AUDI;LBLS_F1-FM5A4009R8P61T27GG;A3 / 1.9 / TDI;Nemcija;DEU;osebni avtomobil;187;vozilo z dviûnimi vrati zadaj;A3 
77;1255;4.9;0;AUDI;SCJZAF1-FM6AJ009R8V617MJEM1;A3 / 1.2 / TFSI;Nemcija;DEU;osebni avtomobil;193;vozilo z dviûnimi vrati zadaj;A3 
77;1225;4.9;0;AUDI;ACJZAF1-FM6AJ009R8V617MJEM1;A3 / 1.2 / TFSI;Nemcija;DEU;osebni avtomobil;193;karavan;A3 
77;1395;4.9;1;FIAT;198AXH1B07G;BRAVO / 1.6 / JTD;Italija;ITA;osebni avtomobil;195;vecnamensko vozilo;BRAVO 
77;1395;4.9;1;FIAT;198AXH1B07;BRAVO / 1.6 / JTD;Italija;ITA;osebni avtomobil;187;vecnamensko vozilo;BRAVO 
77;1390;4.9;1;FIAT;198BXH1BBX;BRAVO 1.6 / JTD;Italija;ITA;osebni avtomobil;187;vozilo z dviûnimi vrati zadaj;BRAVO 1.6 
77;1390;4.9;1;FIAT;198BXH1BAX;BRAVO / 1.6 / JTD;Italija;ITA;osebni avtomobil;173;vozilo z dviûnimi vrati zadaj;BRAVO 
77;1390;4.9;1;FIAT;198BXH1BAX;BRAVO / 1.6 / JTD;Italija;ITA;osebni avtomobil;173;vecnamensko vozilo;BRAVO 
77;1505;4.9;1;SEAT;ACCAYCX01-AGNFD7AM0147MG;ALTEA XL / 1.6 / TDI AUT.;äpanija;ESP;osebni avtomobil;183;vecnamensko vozilo;ALTEA XL 
77;1505;4.9;1;SEAT;ACCAYCX01-AGNFD7AM0147MJ;ALTEA XL / 1.6 / TDI AUT.;äpanija;ESP;osebni avtomobil;183;karavan;ALTEA XL 
77;1505;4.9;1;SEAT;AXCAYCX01-SGNFM5A40517MG;ALTEA FREETRACK / 1.6 / TDI;äpanija;ESP;osebni avtomobil;183;vecnamensko vozilo;ALTEA FREETRACK 
77;1475;4.9;1;SEAT;AFCAYCX01-AGNFD7AM0147MJ;ALTEA / 1.6 / TDI AUT.;äpanija;ESP;osebni avtomobil;183;karavan;ALTEA 
77;1475;4.9;1;SEAT;AFCAYCX01-AGNFD7AM0147MG;ALTEA / 1.6 / TDI AUT.;äpanija;ESP;osebni avtomobil;183;vecnamensko vozilo;ALTEA 
77;1209;4.9;0;SEAT;BCJZAX0-FM6SFM6AJ0097MJVL;LEON / 1.2 / TSI;äpanija;ESP;osebni avtomobil;191;karavan;LEON 
77;1518;4.9;1;äKODA;AABLSX01-GFM5FM5A4044W;SUPERB / 1.9 / TDI;Ceöka republika;CZE;osebni avtomobil;193;limuzina;SUPERB 
77;1400;4.9;1;äKODA;ACBXEX01-NFM5FM5A4009;OCTAVIA / COMBI 1.9 / TDI;Ceöka republika;CZE;osebni avtomobil;191;karavan;OCTAVIA 
77;1385;4.9;1;äKODA;AABXEX01-NFM5FM5A4009;OCTAVIA / 1.9 / TDI;Ceöka republika;CZE;osebni avtomobil;192;limuzina;OCTAVIA 
77;1265;4.9;1;äKODA;ACBSWX01-NFM5FM52R02715;FABIA / COMBI 1.9 / TDI;Ceöka republika;CZE;osebni avtomobil;191;karavan;FABIA 
77;1245;4.9;1;äKODA;ABBSWX01-NFM5FM52R02715;FABIA / 1.9 / TDI;Ceöka republika;CZE;osebni avtomobil;190;vozilo z dviûnimi vrati zadaj;FABIA 
77;1230;4.9;0;äKODA;AACJZAX0-NFM6FM6AJ009STVL7;OCTAVIA / 1.2 / TSI;Ceöka republika;CZE;osebni avtomobil;196;limuzina;OCTAVIA 
77;1543;4.9;1;VOLKSWAGEN;ACCAYCX0-FM6FM62S027STP07MJSNVR2O;PASSAT / VARIANT 1.6 / TDI;Nemcija;DEU;osebni avtomobil;193;karavan;PASSAT 
77;1467;4.9;1;VOLKSWAGEN;ACCAYCX0-FD7FD7AM014N7MGN1;GOLF PLUS / 1.6 / TDI AUT.;Nemcija;DEU;osebni avtomobil;184;karavan;GOLF PLUS 
77;1235;4.9;0;VOLKSWAGEN;AC4CJZAX0-FM6FM6AJ009N7MJOVLVR2;GOLF / 1.2 / TSI;Nemcija;DEU;osebni avtomobil;192;karavan;GOLF 
77;1235;4.9;0;VOLKSWAGEN;AC4CJZAX0-FM6FM6AJ009N7MJOVLVR2;GOLF / 1.2 / TSI;Nemcija;DEU;osebni avtomobil;192;vozilo za posebne namene;GOLF 
77;1210;4.9;0;VOLKSWAGEN;GAC2CJZAX0-FM6FM6AJ009N7MJON1VL00VR2;GOLF / 1.2 / TSI;Nemcija;DEU;osebni avtomobil;192;karavan;GOLF 
77;1530;5.1;1;AUDI;LBKCF1-FM5A4009R8P60N;A3 / 1.9 / TDI;Nemcija;DEU;osebni avtomobil;187;vozilo z dviûnimi vrati zadaj;A3 
77;1509;5.1;1;AUDI;LBLSF1-FM5A4009R8P60T40GGO;A3 / 1.9 / TDI;Nemcija;DEU;osebni avtomobil;187;vozilo z dviûnimi vrati zadaj;A3 
77;1505;5.1;1;AUDI;LBKCF1-FM5A4009R8P60T4N;A 3 / 1.9;Nemcija;DEU;osebni avtomobil;187;vozilo z dviûnimi vrati zadaj;A 3 
77;1503;5.1;1;AUDI;LBKCF1-FM5A4009R8P60T4N;A3 / 1.9 / TDI;Nemcija;DEU;osebni avtomobil;187;vozilo z dviûnimi vrati zadaj;A3 
77;1500;5.1;1;AUDI;LBKCF1-FM5A4009R8P60T40GGN;A 3 / 1.9;Nemcija;DEU;osebni avtomobil;187;vozilo z dviûnimi vrati zadaj;A 3 
77;1500;5.1;1;AUDI;LBKCF1-FM5A4009R8P60T40GGN;A3 / 1.9 / TDI;Nemcija;DEU;osebni avtomobil;187;vozilo z dviûnimi vrati zadaj;A3 
77;1500;5.1;1;AUDI;KBLSF1-FM5A4009R8P607GG;A3 / CABRIOLET 1.9 / TDI;Madûarska;HUN;osebni avtomobil;185;kabriolet;A3 
77;1495;5.1;1;AUDI;LBKCF1-FM5A4009R8P61T40GGN;A3 / 1.9 / TDI;Nemcija;DEU;osebni avtomobil;187;vozilo z dviûnimi vrati zadaj;A3 
77;1487;5.1;1;AUDI;LBLSF1-FM5A4009R8P60T4N;A 3 / 1.9;Nemcija;DEU;osebni avtomobil;187;vozilo z dviûnimi vrati zadaj;A 3 
77;1487;5.1;1;AUDI;8PLBKCF1-FM5A4009R8P60T4N;A3 / 1.9 / TDI;Nemcija;DEU;osebni avtomobil;187;vozilo z dviûnimi vrati zadaj;A3 
77;1460;5.1;1;AUDI;LBKCF1-FM5A4009R8P60T2N;A3 / 1.9 / TDI;Nemcija;DEU;osebni avtomobil;187;vozilo z dviûnimi vrati zadaj;A3 
77;1442;5.1;1;AUDI;8PLBKCF1-FM5A4009R8P60N;A3 / 1.9 / TDI;Nemcija;DEU;osebni avtomobil;187;vozilo z dviûnimi vrati zadaj;A3 
77;1439;5.1;1;AUDI;LBKCF1-FM5A4009R8P60T2N;A 3 / 1.9;Nemcija;DEU;osebni avtomobil;187;vozilo z dviûnimi vrati zadaj;A 3 
77;1438;5.1;1;AUDI;LBKCF1-FM5A4009R8P60T20GGN;A3 / 1.9 / TDI;Nemcija;DEU;osebni avtomobil;187;vozilo z dviûnimi vrati zadaj;A3 
77;1436;5.1;1;AUDI;8P-BKC;A3 / 1.9 / TDI;Nemcija;DEU;osebni avtomobil;187;vozilo z dviûnimi vrati zadaj;A3 
77;1433;5.1;1;AUDI;8P LBKCF1-FM5A4009R8P60N;A 3 / 1.9;Nemcija;DEU;osebni avtomobil;187;limuzina;A 3 
77;1428;5.1;1;AUDI;8PLBKCF1-FM5A4009R8P60T2N;A3 / 1.9 / TDI;Nemcija;DEU;osebni avtomobil;187;vozilo z dviûnimi vrati zadaj;A3 
77;1423;5.1;1;AUDI;LBKCF1-FM5A4009R8P60T20GGN;A 3 / 1.9;Nemcija;DEU;osebni avtomobil;187;vozilo z dviûnimi vrati zadaj;A 3 
77;1419;5.1;1;AUDI;8P LBKCF1-FM5A4009R8P60T4N;AUDI / A3 / 1.9 / TDI;Nemcija;DEU;osebni avtomobil;187;vozilo z dviûnimi vrati zadaj;AUDI 
77;1412;5.1;1;AUDI;8P LBKCF1-FM5A4009R8P60T4N;A 3 / 1.9;Nemcija;DEU;osebni avtomobil;187;vozilo z dviûnimi vrati zadaj;A 3 
77;1410;5.1;1;AUDI;8P;A3 / 1.9 / TDI;Nemcija;DEU;osebni avtomobil;187;vozilo z dviûnimi vrati zadaj;A3 
77;1395;5.1;1;AUDI;SBXEF1-FM5A4009R8P600GG;A3 / 1.9 / TDI;Nemcija;DEU;osebni avtomobil;187;karavan;A3 
77;1395;5.1;1;AUDI;LBXE_F1-FM5A4009R8P60T40GG;A3 / 1.9 / TDI;Nemcija;DEU;osebni avtomobil;187;vozilo z dviûnimi vrati zadaj;A3 
77;1386;5.1;1;AUDI;8P LBKCF1-FM5A4009R8P60T2N;A 3 / 1.9;Nemcija;DEU;osebni avtomobil;187;vozilo z dviûnimi vrati zadaj;A 3 
77;1379;5.1;1;AUDI;8P LBKCF1-FM5A4009R8P60N;AUDI / A3 / 1.9 / TDI;Nemcija;DEU;osebni avtomobil;187;limuzina;AUDI 
77;1379;5.1;1;AUDI;8P LBKCF1-FM5A4009R8P60N;A 3 / 1.9;Nemcija;DEU;osebni avtomobil;187;vozilo z dviûnimi vrati zadaj;A 3 
77;1372;5.1;1;AUDI;8P LBKCF1-FM5A4009R8P61T2N;A 3 / 1.9;Nemcija;DEU;osebni avtomobil;187;vozilo z dviûnimi vrati zadaj;A 3 
77;1370;5.1;1;AUDI;LBXEF1-FM5A4009R8P60T20GG;A3 / 1.9 / TDI;Nemcija;DEU;osebni avtomobil;187;vozilo z dviûnimi vrati zadaj;A3 
77;1370;5.1;1;AUDI;8P LBKCF1-FM5A4009R8P60N;AUDI / A3 / 1.9 / TDI;Nemcija;DEU;osebni avtomobil;187;vozilo z dviûnimi vrati zadaj;AUDI 
77;1364;5.1;1;AUDI;8P LBKCF1-FM5A4009R8P60T2N;AUDI / A3 / 1.9 / TDI;Nemcija;DEU;osebni avtomobil;187;vozilo z dviûnimi vrati zadaj;AUDI 
77;1145;5.1;0;SEAT;SECBZBX0-SGNFM52T1067MQGI;IBIZA ST / 1.2 / TSI;äpanija;ESP;osebni avtomobil;190;karavan;IBIZA ST 
77;1090;5.1;0;SEAT;SCCBZBX0-SGNFM52T1067MQGI;IBIZA / 1.2 / TSI;äpanija;ESP;osebni avtomobil;190;vecnamensko vozilo;IBIZA 
77;1469;5.1;1;äKODA;ACBXEX01-NFM5FM5A4009N;OCTAVIA / COMBI 1.9 / TDI;Ceöka republika;CZE;osebni avtomobil;191;karavan;OCTAVIA 
77;1468;5.1;1;äKODA;ACBKCX01-FM5FM5A4009N;OCTAVIA / COMBI 1.9 / TDI;Ceöka republika;CZE;osebni avtomobil;191;karavan;OCTAVIA 
77;1464;5.1;1;äKODA;ACBXEX01-FM5FM5A4009N;OCTAVIA / COMBI 1.9 / TDI;Ceöka republika;CZE;osebni avtomobil;191;karavan;OCTAVIA 
77;1458;5.1;1;äKODA;AABKCX01-FM5FM5A4009N;OCTAVIA / 1.9;Ceöka republika;CZE;osebni avtomobil;192;limuzina;OCTAVIA 
77;1452;5.1;1;äKODA;1ZACBKCX01-FM5FM5A4009N;OCTAVIA / COMBI 1.9 / TDI;Ceöka republika;CZE;osebni avtomobil;191;karavan;OCTAVIA 
77;1450;5.1;1;äKODA;ACBKCX01-FM5FM5A4009N;OCTAVIA / COMBI 1.9;Ceöka republika;CZE;osebni avtomobil;191;karavan;OCTAVIA 
77;1448;5.1;1;äKODA;AABKCX01-FM5FM5A4009N;OCTAVIA / 1.9 / TDI;Ceöka republika;CZE;osebni avtomobil;192;limuzina;OCTAVIA 
77;1441;5.1;1;äKODA;AABXEX01-FM5FM5A4009N;OCTAVIA / 1.9 / TDI;Ceöka republika;CZE;osebni avtomobil;192;limuzina;OCTAVIA 
77;1434;5.1;1;äKODA;AABXEX01-NFM5FM5A4009N;OCTAVIA / 1.9 / TDI;Ceöka republika;CZE;osebni avtomobil;192;limuzina;OCTAVIA 
77;1400;5.1;1;äKODA;ACBXEX01-NFM5FM5A4009;OCTAVIA / COMBI 1.9 / TDI;Ceöka republika;CZE;osebni avtomobil;191;karavan;OCTAVIA 
77;1385;5.1;1;äKODA;AABLSX01-NFM5FM5A4009;OCTAVIA / 1.9 / TDI;Ceöka republika;CZE;osebni avtomobil;192;limuzina;OCTAVIA 
77;1252;5.1;0;äKODA;ACCJZAX0-NFM6FM6AJ009STVL7;OCTAVIA / COMBI 1.2 / TSI;Ceöka republika;CZE;osebni avtomobil;193;karavan;OCTAVIA 
77;1245;5.1;1;äKODA;ABBLSX01-NFM5FM52R02715;FABIA / 1.9 / TDI;Ceöka republika;CZE;osebni avtomobil;190;vozilo z dviûnimi vrati zadaj;FABIA 
77;1170;5.1;0;äKODA;ABCBZB-NFM6FM62U009ST7P0SK;RAPID / 1.2 / TSI;Ceöka republika;CZE;osebni avtomobil;193;vozilo z dviûnimi vrati zadaj;RAPID 
77;1603;5.1;1;VOLKSWAGEN;CAYCAF-FD7FD7AM0147MGS7N1VR0SO;TOURAN / 1.6 / TDI AUT.;Nemcija;DEU;osebni avtomobil;183;vecnamensko vozilo;TOURAN 
77;1585;5.1;1;VOLKSWAGEN;CAYCAF-FM6FM62S0267MJS7N1VR0SO;TOURAN / 1.6 / TDI;Nemcija;DEU;osebni avtomobil;183;vecnamensko vozilo;TOURAN 
77;1557;5.1;1;VOLKSWAGEN;CAYCAC-FD7FD7AM0147MGS5N1VR0SO;TOURAN / 1.6 / TDI AUT.;Nemcija;DEU;osebni avtomobil;183;karavan;TOURAN 
77;1539;5.1;1;VOLKSWAGEN;CAYCAC-FM6FM62S0267MGS5N1VR0SO;TOURAN / 1.6 / TDI;Nemcija;DEU;osebni avtomobil;183;karavan;TOURAN 
77;1497;5.1;1;VOLKSWAGEN;AABLSX0-FM5FM5A4045ST7GGE;PASSAT / 1.9 / TDI;Nemcija;DEU;osebni avtomobil;193;limuzina;PASSAT 
77;1495;5.1;1;VOLKSWAGEN;3CAABLSX0-FM5FM5A4045ST7GGE;PASSAT / 1.9 / TDI;Nemcija;DEU;osebni avtomobil;193;limuzina;PASSAT 
77;1395;5.1;1;VOLKSWAGEN;ABBLSX0-FM5FM5A4009M47GGN1;GOLF / 1.9 / TDI;Nemcija;DEU;osebni avtomobil;187;vozilo z dviûnimi vrati zadaj;GOLF 
77;1362;5.1;1;VOLKSWAGEN;1K-BKC;GOLF / 1.9 / TDI;Nemcija;DEU;osebni avtomobil;187;vozilo z dviûnimi vrati zadaj;GOLF 
77;1344;5.1;1;VOLKSWAGEN;ABBKCX01-FM5A4009N4;GOLF / 1.9 / TDI;Nemcija;DEU;osebni avtomobil;187;vozilo z dviûnimi vrati zadaj;GOLF 
77;1326;5.1;1;VOLKSWAGEN;ACBLSX0-FM5FM5A40097GGN1;GOLF / 1.9 / TDI;Nemcija;DEU;osebni avtomobil;187;karavan;GOLF 
77;1326;5.1;1;VOLKSWAGEN;ABBLSX0-FM5FM5A40097GGN1;GOLF / 1.9 / TDI;Nemcija;DEU;osebni avtomobil;187;vozilo z dviûnimi vrati zadaj;GOLF 
77;1325;5.1;0;VOLKSWAGEN;AACYVDX0-FM6FM6AJ009LLN7MMN1VR2;JETTA / 1.2 / TSI;Nemcija;DEU;osebni avtomobil;194;limuzina;JETTA 
77;1452;5.2;1;AUDI;8P-BKC;A3 / 1.9 / TDI;Nemcija;DEU;osebni avtomobil;180;vozilo z dviûnimi vrati zadaj;A3 
77;1452;5.2;1;AUDI;8P-BKC;A 3 / 1.9;Nemcija;DEU;osebni avtomobil;180;vozilo z dviûnimi vrati zadaj;A 3 
77;1410;5.2;1;AUDI;LBXEF1-FM5A4009R8P60T40GG;A3 / 1.9 / TDI;Nemcija;DEU;osebni avtomobil;187;vozilo z dviûnimi vrati zadaj;A3 
77;1375;5.2;1;AUDI;8P-BLS;A3 / 1.9 / TDI;Nemcija;DEU;osebni avtomobil;187;vozilo z dviûnimi vrati zadaj;A3 
77;1335;5.2;1;AUDI;8P-BLS;A3 / 1.9 / TDI;Nemcija;DEU;osebni avtomobil;180;vozilo z dviûnimi vrati zadaj;A3 
77;1320;5.2;1;AUDI;LBLSF1-FM5A4009R8P60T47GG;A3 / 1.9 / TDI;Nemcija;DEU;osebni avtomobil;180;vozilo z dviûnimi vrati zadaj;A3 
77;1600;5.2;1;FIAT;263AXD1B02W;DOBLO / 1.6 / MULTIJET;Italija;ITA;osebni avtomobil;164;vecnamensko vozilo;DOBLO 
77;1505;5.2;1;FIAT;263AXD1B02V;DOBLO / 1.6 / MULTIJET;Italija;ITA;osebni avtomobil;164;vecnamensko vozilo;DOBLO 
77;1485;5.2;1;FIAT;263AXD1B02B;DOBLO / 1.6 /;Italija;ITA;osebni avtomobil;164;vecnamensko vozilo;DOBLO 
77;1370;5.2;1;MAZDA;FWSA1W0;CX-3 / CD105 / AWD AT;Japonska ;JPN;osebni avtomobil;172;karavan;CX-3 
77;1505;5.2;1;OPEL;WXD1B-A8BD;COMBO CARGO 1.6 / CDTI;Nemcija;DEU;osebni avtomobil;164;vecnamensko vozilo;COMBO CARGO 1.6 
77;1519;5.2;1;SEAT;ACBLSX01-SGFM5A40097GG;ALTEA XL / 1.9 / TDI;äpanija;ESP;osebni avtomobil;183;vecnamensko vozilo;ALTEA XL 
77;1505;5.2;1;SEAT;ACBLSX01-SGNFM5A40097GG;ALTEA XL / 1.9 / TDI;äpanija;ESP;osebni avtomobil;183;vecnamensko vozilo;ALTEA XL 
77;1449;5.2;1;SEAT;AFBXEX01-SGFM5A4009N0GG;LEON / 1.9 / TDI;äpanija;ESP;osebni avtomobil;184;vecnamensko vozilo;LEON 
77;1439;5.2;1;SEAT;AFBKCX01-SGFM5A4009N0GG;LEON / 1.9 / TDI;äpanija;ESP;osebni avtomobil;184;vecnamensko vozilo;LEON 
77;1436;5.2;1;SEAT;1PAFBKCX01-SGFM5A4009N0GG;LEON / 1.9 / TDI;äpanija;ESP;osebni avtomobil;184;vecnamensko vozilo;LEON 
77;1429;5.2;1;SEAT;AFBKCX01-SGFM5A4009N0GG;LEON / 1.9;äpanija;ESP;osebni avtomobil;184;vecnamensko vozilo;LEON 
77;1424;5.2;1;SEAT;AFBKCX01-SGFM5A4009N0GG;LEON / 1.9;äpanija;ESP;osebni avtomobil;184;vozilo z dviûnimi vrati zadaj;LEON 
77;1365;5.2;1;SEAT;AFBLSX01-SGFM5A40097GG;LEON / 1.9 / TDI;äpanija;ESP;osebni avtomobil;185;vecnamensko vozilo;LEON 
77;1244;5.2;0;SEAT;FCJZAX0-FM5NFM5AH0197MJVL;LEON ST / 1.2 / TSI;äpanija;ESP;osebni avtomobil;191;karavan;LEON ST 
77;1199;5.2;0;SEAT;BCJZAX0-FM5NFM5AH0197MJVL;LEON / 1.2 / TSI;äpanija;ESP;osebni avtomobil;191;karavan;LEON 
77;1539;5.2;1;äKODA;ACCAYCX01-NFM5FM5A4057W0;SUPERB / COMBI 1.6 / TDI;Ceöka republika;CZE;osebni avtomobil;187;karavan;SUPERB 
77;1495;5.2;1;äKODA;1ZACBJBX01-FM5FM5A4009N;OCTAVIA / COMBI 1.9 / TDI;Ceöka republika;CZE;osebni avtomobil;191;karavan;OCTAVIA 
77;1480;5.2;1;äKODA;AABJBX01-FM5FM5A4009N;OCTAVIA / 1.9 / TDI;Ceöka republika;CZE;osebni avtomobil;192;limuzina;OCTAVIA 
77;1475;5.2;1;äKODA;ACBJBX01-FM5FM5A4009N;OCTAVIA / COMBI 1.9 / TDI;Ceöka republika;CZE;osebni avtomobil;191;karavan;OCTAVIA 
77;1465;5.2;1;äKODA;ACBJBX01-FM5FM5A4009N;OCTAVIA / COMBI 1.9;Ceöka republika;CZE;osebni avtomobil;191;karavan;OCTAVIA 
77;1457;5.2;1;äKODA;AABKCX01-FM5FM5A4009N;OCTAVIA / 1.9 / TDI;Ceöka republika;CZE;osebni avtomobil;192;limuzina;OCTAVIA 
77;1453;5.2;1;äKODA;AABJBX01-FM5FM5A4009N;OCTAVIA / 1.9;Ceöka republika;CZE;osebni avtomobil;192;limuzina;OCTAVIA 
77;1452;5.2;1;äKODA;AABKCX01-FM5FM5A4009N;OCTAVIA / 1.9;Ceöka republika;CZE;osebni avtomobil;192;limuzina;OCTAVIA 
77;1451;5.2;1;äKODA;1Z-STBJBX01-FM5-FM5A4009N;OCTAVIA / 1.9 / TDI;Ceöka republika;CZE;osebni avtomobil;192;vozilo z dviûnimi vrati zadaj;OCTAVIA 
77;1447;5.2;1;äKODA;ACBLSX01-NFM5FM5A4009N;OCTAVIA / COMBI 1.9 / TDI;Ceöka republika;CZE;osebni avtomobil;191;karavan;OCTAVIA 
77;1425;5.2;1;äKODA;AABJBX01-NFM5FM5A4009N;OCTAVIA / 1.9 / TDI;Ceöka republika;CZE;osebni avtomobil;192;limuzina;OCTAVIA 
77;1400;5.2;1;äKODA;ACBLSX01-NFM5FM5A4009;OCTAVIA / COMBI 1.9 / TDI;Ceöka republika;CZE;osebni avtomobil;191;karavan;OCTAVIA 
77;1385;5.2;1;äKODA;ACBXEX01-NFM5FM5A4009;OCTAVIA / COMBI 1.9 / TDI;Ceöka republika;CZE;osebni avtomobil;191;karavan;OCTAVIA 
77;1376;5.2;1;äKODA;STBJBX01-FM5FM5A4009N;OCTAVIA / 1.9 / TDI;Ceöka republika;CZE;osebni avtomobil;192;limuzina;OCTAVIA 
77;1358;5.2;1;äKODA;1Z STBJBX01-FM5FM5A4009N;OCTAVIA / 1.9;Ceöka republika;CZE;osebni avtomobil;192;limuzina;OCTAVIA 
77;1357;5.2;1;äKODA;1Z STBJBX01-FM5FM5A4009N;äKODA / OCTAVIA / 1.9 / TDI;Ceöka republika;CZE;osebni avtomobil;192;limuzina;äKODA 
77;1552;5.2;1;VOLKSWAGEN;ACBLSX0-FM5FM5A4045ST7GGE;PASSAT / VARIANT 1.9 / TDI;Nemcija;DEU;osebni avtomobil;190;karavan;PASSAT 
77;1488;5.2;1;VOLKSWAGEN;AABXE-FM5FM5A4009N0GGN1;JETTA / 1.9 / TDI;Nemcija;DEU;osebni avtomobil;189;limuzina;JETTA 
77;1478;5.2;1;VOLKSWAGEN;AABKC-FM5FM5A4009N0GGN1;JETTA / 1.9 / TDI;Nemcija;DEU;osebni avtomobil;189;limuzina;JETTA 
77;1465;5.2;1;VOLKSWAGEN;AABKC-FM5FM5A4009N0GG;JETTA / 1.9;Nemcija;DEU;osebni avtomobil;189;limuzina;JETTA 
77;1460;5.2;1;VOLKSWAGEN;AABKC-FM5FM5A4009N0GG;JETTA;Nemcija;DEU;osebni avtomobil;189;limuzina;JETTA
77;1454;5.2;1;VOLKSWAGEN;1K ABBKCX01-FM5A4009N4;GOLF / 1.9;Nemcija;DEU;osebni avtomobil;187;limuzina;GOLF 
77;1449;5.2;1;VOLKSWAGEN;ABBKCX01-FM5A4009N4;GOLF / 1.9;Nemcija;DEU;osebni avtomobil;187;vozilo z dviûnimi vrati zadaj;GOLF 
77;1444;5.2;1;VOLKSWAGEN;ABBKCX0-FM5FM5A4009N40GGN1;GOLF / 1.9 / TDI;Nemcija;DEU;osebni avtomobil;187;vozilo z dviûnimi vrati zadaj;GOLF 
77;1442;5.2;1;VOLKSWAGEN;ABBKCX01-FM5A4009N4;GOLF / 1.9 / TDI;Nemcija;DEU;osebni avtomobil;187;vozilo z dviûnimi vrati zadaj;GOLF 
77;1436;5.2;1;VOLKSWAGEN;ACBLS-FM5FM5A40097GGN1;GOLF / VARIANT 1.9 / TDI;Nemcija;DEU;osebni avtomobil;187;karavan;GOLF 
77;1432;5.2;1;VOLKSWAGEN;1K ABBKCX0 FM5FM5A4009N40GGN1;GOLF / 1.9 / TDI;Nemcija;DEU;osebni avtomobil;187;vozilo z dviûnimi vrati zadaj;GOLF 
77;1428;5.2;1;VOLKSWAGEN;1K-BKC;GOLF / 1.9 / TDI;Nemcija;DEU;osebni avtomobil;187;vozilo z dviûnimi vrati zadaj;GOLF 
77;1423;5.2;1;VOLKSWAGEN;ABBKCX0-FM5FM5A4009N40GGS1;GOLF / 1.9 / TDI;Nemcija;DEU;osebni avtomobil;187;vozilo z dviûnimi vrati zadaj;GOLF 
77;1420;5.2;1;VOLKSWAGEN;AABXEX0-FM5FM5A4009N0GGN1;JETTA / 1.9 / TDI;Nemcija;DEU;osebni avtomobil;189;limuzina;JETTA 
77;1414;5.2;1;VOLKSWAGEN;ABBKCX0-FM5FM5A4009N40GGN1;GOLF / 1.9;Nemcija;DEU;osebni avtomobil;187;vozilo z dviûnimi vrati zadaj;GOLF 
77;1413;5.2;1;VOLKSWAGEN;ABBKCX0-FM6FM62S007M20GGN1;GOLF / 1.9 / TDI;Nemcija;DEU;osebni avtomobil;187;vozilo z dviûnimi vrati zadaj;GOLF 
77;1410;5.2;1;VOLKSWAGEN;ABBXEX0-FM5FM5A4009N40GGN1;GOLF / 1.9 / TDI;Nemcija;DEU;osebni avtomobil;187;vozilo z dviûnimi vrati zadaj;GOLF 
77;1404;5.2;1;VOLKSWAGEN;1KABBKCX0-FM5FM5A4009N40GGN1;GOLF / 1.9 / TDI;Nemcija;DEU;osebni avtomobil;187;vozilo z dviûnimi vrati zadaj;GOLF 
77;1402;5.2;1;VOLKSWAGEN;1K ABBKCX0-FM5FM5A4009N40GGN1;GOLF / 1.9 / TDI;Nemcija;DEU;osebni avtomobil;187;vozilo z dviûnimi vrati zadaj;GOLF 
77;1395;5.2;1;VOLKSWAGEN;1KP-BKC;GOLF / 1.9 / TDI;Nemcija;DEU;osebni avtomobil;183;vozilo z dviûnimi vrati zadaj;GOLF 
77;1394;5.2;1;VOLKSWAGEN;ABBKCX01-FM62S007M2;GOLF / 1.9;Nemcija;DEU;osebni avtomobil;187;vozilo z dviûnimi vrati zadaj;GOLF 
77;1387;5.2;1;VOLKSWAGEN;ABBKCX0-FM6FM62S007M20GGS1;GOLF / 1.9;Nemcija;DEU;osebni avtomobil;187;vozilo z dviûnimi vrati zadaj;GOLF 
77;1381;5.2;1;VOLKSWAGEN;ABBXEX0-FM6FM62S007M20GGN1;GOLF / 1.9 / TDI;Nemcija;DEU;osebni avtomobil;187;vozilo z dviûnimi vrati zadaj;GOLF 
77;1381;5.2;1;VOLKSWAGEN;1K ABBKCX01-FM5A4009N4;VOLKSWAGEN / GOLF / 1.9 / TDI;Nemcija;DEU;osebni avtomobil;187;vozilo z dviûnimi vrati zadaj;VOLKSWAGEN 
77;1380;5.2;1;VOLKSWAGEN;1K ABBKCX01-FM5A4009N4;GOLF / 1.9;Nemcija;DEU;osebni avtomobil;187;vozilo z dviûnimi vrati zadaj;GOLF 
77;1379;5.2;1;VOLKSWAGEN;ABBKCX0-FM6FM62S007M20GGN1;GOLF / 1.9;Nemcija;DEU;osebni avtomobil;187;vozilo z dviûnimi vrati zadaj;GOLF 
77;1372;5.2;1;VOLKSWAGEN;1KABBXEX0-FM6FM62S007M20GGN1;GOLF / 1.9 / TDI;Nemcija;DEU;osebni avtomobil;187;vozilo z dviûnimi vrati zadaj;GOLF 
77;1367;5.2;1;VOLKSWAGEN;1K ABBKCX01-FM5FM5A4009N40GG;VOLKSWAGEN / GOLF / 1.9 / TDI;Nemcija;DEU;osebni avtomobil;187;vozilo z dviûnimi vrati zadaj;VOLKSWAGEN 
77;1363;5.2;1;VOLKSWAGEN;1KABBKCX01-FM6FM62S007M40GG;GOLF / 1.9;Nemcija;DEU;osebni avtomobil;187;vozilo z dviûnimi vrati zadaj;GOLF 
77;1362;5.2;1;VOLKSWAGEN;1K;GOLF / 1.9 / TDI;Nemcija;DEU;osebni avtomobil;187;vozilo z dviûnimi vrati zadaj;GOLF 
77;1354;5.2;1;VOLKSWAGEN;ACBLSX0-FA7FD7AM007N7GGN1;GOLF / 1.9 / TDI AUT.;Nemcija;DEU;osebni avtomobil;187;karavan;GOLF 
77;1350;5.2;1;VOLKSWAGEN;ABBKCX01-FM5FM5A4009N40GG;GOLF / 1.9 / TDI;Nemcija;DEU;osebni avtomobil;187;vozilo z dviûnimi vrati zadaj;GOLF 
77;1347;5.2;1;VOLKSWAGEN;1K ABBKCX01-FM5FM5A4009N40GG;GOLF / 1.9;Nemcija;DEU;osebni avtomobil;187;vozilo z dviûnimi vrati zadaj;GOLF 
77;1345;5.2;1;VOLKSWAGEN;1K ABBKCX01-FM5A4009N2;GOLF / 1.9;Nemcija;DEU;osebni avtomobil;187;vozilo z dviûnimi vrati zadaj;GOLF 
77;1340;5.2;1;VOLKSWAGEN;1K-ABBKCX01;GOLF / 1.9 / TDI;Nemcija;DEU;osebni avtomobil;187;vozilo z dviûnimi vrati zadaj;GOLF 
77;1338;5.2;1;VOLKSWAGEN;ABBKCX0-FM5FM5A4009N20GGN1;GOLF / 1.9 / TDI;Nemcija;DEU;osebni avtomobil;187;vozilo z dviûnimi vrati zadaj;GOLF 
77;1326;5.2;1;VOLKSWAGEN;ABBKCX0-FM6FM62S007M20GGS1;GOLF / 1.9 / TDI;Nemcija;DEU;osebni avtomobil;187;vozilo z dviûnimi vrati zadaj;GOLF 
77;1319;5.2;1;VOLKSWAGEN;ABBKCX01-FM62S007M2;GOLF / 1.9 / TDI;Nemcija;DEU;osebni avtomobil;187;vozilo z dviûnimi vrati zadaj;GOLF 
77;1318;5.2;1;VOLKSWAGEN;1K ABBKCX01-FM62S007M2;GOLF / 1.9;Nemcija;DEU;osebni avtomobil;187;vozilo z dviûnimi vrati zadaj;GOLF 
77;1317;5.2;1;VOLKSWAGEN;1K ABBKCX01-FM62S007M20GG;VOLKSWAGEN / GOLF / 1.9 / TDI;Nemcija;DEU;osebni avtomobil;187;vozilo z dviûnimi vrati zadaj;VOLKSWAGEN 
77;1316;5.2;1;VOLKSWAGEN;1K ABBKCX01-FM6FM62S007M20GG;GOLF / 1.9;Nemcija;DEU;osebni avtomobil;187;vozilo z dviûnimi vrati zadaj;GOLF 
77;1301;5.2;1;VOLKSWAGEN;1K-BLS;GOLF / 1.9 / TDI;Nemcija;DEU;osebni avtomobil;180;karavan;GOLF 
77;1287;5.2;1;VOLKSWAGEN;1K-BKC;GOLF / 1.9;Nemcija;DEU;osebni avtomobil;187;vozilo z dviûnimi vrati zadaj;GOLF 
77;1287;5.2;1;VOLKSWAGEN;1K-ALH;GOLF / 1.9 / TDI;Nemcija;DEU;osebni avtomobil;180;vozilo z dviûnimi vrati zadaj;GOLF 
77;1234;5.2;0;VOLKSWAGEN;ACCBZBX0-FM6FM6AJ008E7MGN1;GOLF / 1.2 / TSI;Nemcija;DEU;osebni avtomobil;190;karavan;GOLF 
77;1045;5.2;1;VOLKSWAGEN;1K-BLS;GOLF / 1.9 / TDI;Nemcija;DEU;osebni avtomobil;180;vozilo z dviûnimi vrati zadaj;GOLF 
77;1526;5.3;1;AUDI;LBKCF1-FM5A4009R8P60T40GGO;A3 / 1.9 / TDI;Nemcija;DEU;osebni avtomobil;187;vozilo z dviûnimi vrati zadaj;A3 
77;1508;5.3;1;AUDI;LBKCF1-FM5A4009R8P60T4O;A3 / 1.9 / TDI;Nemcija;DEU;osebni avtomobil;187;vozilo z dviûnimi vrati zadaj;A3 
77;1506;5.3;1;AUDI;LBKCF1-FM5A4009R8P60T4O;A 3 / 1.9;Nemcija;DEU;osebni avtomobil;187;vozilo z dviûnimi vrati zadaj;A 3 
77;1500;5.3;1;AUDI;LBKCF1-FM5A4009R8P60T40GGN;A 3 / 1.9;Nemcija;DEU;osebni avtomobil;187;vozilo z dviûnimi vrati zadaj;A 3 
77;1500;5.3;1;AUDI;LBKCF1-FM5A4009R8P60T40GGN;A3 / 1.9 / TDI;Nemcija;DEU;osebni avtomobil;187;vozilo z dviûnimi vrati zadaj;A3 
77;1489;5.3;1;AUDI;LBKCF1-FM5A4009R8P60T4N;A3 / 1.9 / TDI;Nemcija;DEU;osebni avtomobil;187;vozilo z dviûnimi vrati zadaj;A3 
77;1450;5.3;1;AUDI;LBKCF1-FM5A4009R8P60T20GGN;A 3 / 1.9;Nemcija;DEU;osebni avtomobil;187;vozilo z dviûnimi vrati zadaj;A 3 
77;1430;5.3;1;AUDI;LBKCF1-FM5A4009R8P60T2N;A3 / 1.9 / TDI;Nemcija;DEU;osebni avtomobil;187;vozilo z dviûnimi vrati zadaj;A3 
77;1370;5.3;1;AUDI;8P;A3 / 1.9 / TDI;Nemcija;DEU;osebni avtomobil;187;vozilo z dviûnimi vrati zadaj;A3 
77;1345;5.3;0;AUDI;SCBZBF1-FD7AM006R8P627MGEM1;A3 / 1.2 / TFSI AUT.;Nemcija;DEU;osebni avtomobil;192;karavan;A3 
77;1412;5.3;1;SEAT;AFBLSX01-SGFM5A4009N7GG;LEON / 1.9 / TDI;äpanija;ESP;osebni avtomobil;185;vecnamensko vozilo;LEON 
77;1165;5.3;0;SEAT;SECBZBX0-AGNFD7AM0177MGGI;IBIZA ST / 1.2 / TSI AUT.;äpanija;ESP;osebni avtomobil;190;karavan;IBIZA ST 
77;1145;5.3;0;SEAT;SECBZBX0-SGNFM52T1067MGGI;IBIZA ST / 1.2 / TSI;äpanija;ESP;osebni avtomobil;190;karavan;IBIZA ST 
77;1090;5.3;0;SEAT;SCCBZBX0-SGNFM52T1067MGGI;IBIZA / 1.2 / TSI;äpanija;ESP;osebni avtomobil;190;vecnamensko vozilo;IBIZA 
77;1340;5.3;1;äKODA;AFBSWX01-SFM5FM52R02815;ROOMSTER / 1.9 / TDI;Ceöka republika;CZE;osebni avtomobil;180;vecnamensko vozilo;ROOMSTER 
77;1335;5.3;1;äKODA;AFBSWX01-NFM5FM52R02815;ROOMSTER / 1.9 / TDI;Ceöka republika;CZE;osebni avtomobil;182;vecnamensko vozilo;ROOMSTER 
77;1164;5.3;0;äKODA;ABCBZBX01-NFD7FD7AM01715N0;FABIA / 1.2 / TSI AUT.;Ceöka republika;CZE;osebni avtomobil;189;vozilo z dviûnimi vrati zadaj;FABIA 
77;1150;5.3;0;äKODA;ACCBZBX01-NFM5FM52T10615N;FABIA / COMBI 1.2 / TSI;Ceöka republika;CZE;osebni avtomobil;193;karavan;FABIA 
77;1130;5.3;0;äKODA;ABCBZBX01-BFM5FM52T10615N0;FABIA / 1.2 / TSI;Ceöka republika;CZE;osebni avtomobil;191;vozilo z dviûnimi vrati zadaj;FABIA 
77;1589;5.3;1;VOLKSWAGEN;CAYCAC-FM6FM62S0267MGC5N1VR0SO;TOURAN / 1.6 / TDI;Nemcija;DEU;osebni avtomobil;175;karavan;TOURAN 
77;1557;5.3;1;VOLKSWAGEN;BLSAC-FM6FM62S0237GGE5S1;TOURAN / 1.9 / TDI;Nemcija;DEU;osebni avtomobil;182;karavan;TOURAN 
77;1479;5.3;1;VOLKSWAGEN;AABKC-FM5FM5A4009N0GG;JETTA / 1.9;Nemcija;DEU;osebni avtomobil;189;limuzina;JETTA 
77;1467;5.3;1;VOLKSWAGEN;AABKC-FM5FM5A4009N0GG;JETTA / 1.9 / TDI;Nemcija;DEU;osebni avtomobil;189;limuzina;JETTA 
77;1451;5.3;1;VOLKSWAGEN;ACBLSX0-FA7FD7AM007N7GGN1;GOLF / VARIANT 1.9 / TDI AUT.;Nemcija;DEU;osebni avtomobil;187;karavan;GOLF 
77;1362;5.3;1;VOLKSWAGEN;ABBKCX01-FM5A4009O4;GOLF / 1.9 / TDI;Nemcija;DEU;osebni avtomobil;187;vozilo z dviûnimi vrati zadaj;GOLF 
77;1316;5.3;0;VOLKSWAGEN;ABCYVDX0-FM6FM6AJ010LLN627MMVIVR2;BEETLE / 1.2 / TSI;Nemcija;DEU;osebni avtomobil;180;vozilo z dviûnimi vrati zadaj;BEETLE 
77;1271;5.3;0;VOLKSWAGEN;ACCBZBX0-FD7FD7AM006E7MGN1;GOLF / 1.2 / TSI AUT.;Nemcija;DEU;osebni avtomobil;190;karavan;GOLF 
77;1126;5.3;0;VOLKSWAGEN;ABCBZB-FD7FD7AM017LLNVR07MG;POLO / 1.2 / TSI AUT.;Nemcija;DEU;osebni avtomobil;190;vozilo z dviûnimi vrati zadaj;POLO 
77;1088;5.3;0;VOLKSWAGEN;ABCBZB-FM6FM62U008LLNVR07MG;POLO / 1.2 / TSI;Nemcija;DEU;osebni avtomobil;190;vozilo z dviûnimi vrati zadaj;POLO 
77;1410;5.4;1;AUDI;8P;A 3 / 1.9;Nemcija;DEU;osebni avtomobil;187;vozilo z dviûnimi vrati zadaj;A 3 
77;1245;5.4;1;FIAT;182AR1AA22B;BRAVO / 1.9 / JTD;Italija;ITA;osebni avtomobil;187;vozilo z dviûnimi vrati zadaj;BRAVO 
77;1170;5.4;1;FIAT;182AR1AA-22B;BRAVO / 1.9 / JTD;Italija;ITA;osebni avtomobil;187;vozilo z dviûnimi vrati zadaj;BRAVO 
77;1526;5.4;1;SEAT;5PAFBXEX01-SGFM5A403200GG;ALTEA / 1.9 TDI /;äpanija;ESP;osebni avtomobil;183;vecnamensko vozilo;ALTEA 
77;1519;5.4;1;SEAT;ACBXEX01-SGFM5A40320GG;ALTEA XL / 1.9 / TDI;äpanija;ESP;osebni avtomobil;183;vecnamensko vozilo;ALTEA XL 
77;1505;5.4;1;SEAT;ACBXEX01-SGNFM5A40320GG;ALTEA XL / 1.9 / TDI;äpanija;ESP;osebni avtomobil;183;vecnamensko vozilo;ALTEA XL 
77;1504;5.4;1;SEAT;ABBXEX01-SGFM5A40320GG;TOLEDO / 1.9 / TDI;äpanija;ESP;osebni avtomobil;183;vecnamensko vozilo;TOLEDO 
77;1503;5.4;1;SEAT;AFBJBX01-SGFM5A4004N0GZ;ALTEA / 1.9;äpanija;ESP;osebni avtomobil;183;vecnamensko vozilo;ALTEA 
77;1480;5.4;1;SEAT;AFBXEX01-SGFM5A40320GG;ALTEA / 1.9 / TDI;äpanija;ESP;osebni avtomobil;183;vecnamensko vozilo;ALTEA 
77;1175;5.4;0;SEAT;AACBZB-NFM6FM62U009ST0P0SE;TOLEDO / 1.2 / TSI;äpanija;ESP;osebni avtomobil;195;limuzina;TOLEDO 
77;1480;5.4;1;äKODA;ACCAYCX11-NAM6AM62Q032;OCTAVIA / COMBI 1.6 / TDI 4x4;Ceöka republika;CZE;osebni avtomobil;185;karavan;OCTAVIA 
77;1475;5.4;1;äKODA;ACCAYCX11-NAM6AM62Q0320;OCTAVIA / COMBI 1.6 / TDI 4x4;Ceöka republika;CZE;osebni avtomobil;186;karavan;OCTAVIA 
77;1335;5.4;1;äKODA;AFBSWX01-NFM5FM52R02815;ROOMSTER / 1.9 / TDI;Ceöka republika;CZE;osebni avtomobil;182;vecnamensko vozilo;ROOMSTER 
77;1175;5.4;0;äKODA;AACBZB-NFM6FM62U009ST0P0SK;RAPID / 1.2 / TSI;Ceöka republika;CZE;osebni avtomobil;195;limuzina;RAPID 
77;1170;5.4;0;äKODA;ABCBZB-NFM6FM62U009ST0P0SK;RAPID / 1.2 / TSI;Ceöka republika;CZE;osebni avtomobil;193;vozilo z dviûnimi vrati zadaj;RAPID 
77;1607;5.4;1;VOLKSWAGEN;CAYCAC-FD7FD7AM0147MQC5N1VR0SO;TOURAN / 1.6 / TDI AUT.;Nemcija;DEU;osebni avtomobil;175;karavan;TOURAN 
77;1603;5.4;1;VOLKSWAGEN;BLSAF-FM6FM62S0237GGE7S1;TOURAN / 1.9 / TDI;Nemcija;DEU;osebni avtomobil;182;vecnamensko vozilo;TOURAN 
77;1603;5.4;1;VOLKSWAGEN;BLSAF-FM6FM62S0237GGE7S1;TOURAN / 1.9 / TDI;Nemcija;DEU;osebni avtomobil;179;vecnamensko vozilo;TOURAN 
77;1558;5.4;1;VOLKSWAGEN;AFBXEX0-FM5FM5A4032N0GGN1;GOLF PLUS / 1.9 / TDI;Nemcija;DEU;osebni avtomobil;183;vecnamensko vozilo;GOLF PLUS 
77;1557;5.4;1;VOLKSWAGEN;BLSAC-FM6FM62S0237GGE5S1;TOURAN / 1.9 / TDI;Nemcija;DEU;osebni avtomobil;182;karavan;TOURAN 
77;1503;5.4;1;VOLKSWAGEN;1KPAFBKCX0-FM5FM5A4032N0GG;GOLF PLUS / 1.9 / TDI;Nemcija;DEU;osebni avtomobil;183;vozilo z dviûnimi vrati zadaj;GOLF PLUS 
77;1487;5.4;1;VOLKSWAGEN;AFBKCX0-FM5FM5A4032N0GGN1;GOLF / 1.9;Nemcija;DEU;osebni avtomobil;183;vecnamensko vozilo;GOLF 
77;1487;5.4;1;VOLKSWAGEN;AFBKCX0-FM5FM5A4032N0GGN1;GOLF PLUS / 1.9 / TDI;Nemcija;DEU;osebni avtomobil;183;vecnamensko vozilo;GOLF PLUS 
77;1486;5.4;1;VOLKSWAGEN;AFBKCX0-FM5FM5A4032N0GGN1;GOLF PLUS / 1.9;Nemcija;DEU;osebni avtomobil;183;vecnamensko vozilo;GOLF PLUS 
77;1456;5.4;1;VOLKSWAGEN;ABBKCX01-FM6FM62S007N40GG;GOLF / 1.9 / TDI;Nemcija;DEU;osebni avtomobil;187;vozilo z dviûnimi vrati zadaj;GOLF 
77;1455;5.4;1;VOLKSWAGEN;ABBKCX01-FM6FM62S007N40GG;GOLF / 1.9;Nemcija;DEU;osebni avtomobil;187;vozilo z dviûnimi vrati zadaj;GOLF 
77;1452;5.4;1;VOLKSWAGEN;ABBKCX01-FM62S007N4;GOLF / 1.9;Nemcija;DEU;osebni avtomobil;187;vozilo z dviûnimi vrati zadaj;GOLF 
77;1444;5.4;1;VOLKSWAGEN;ABBKCX01-FM62S007N4;GOLF / 1.9 / TDI;Nemcija;DEU;osebni avtomobil;187;vozilo z dviûnimi vrati zadaj;GOLF 
77;1438;5.4;1;VOLKSWAGEN;ABBKCX0-FM6FM62S007N40GGN1;GOLF / 1.9;Nemcija;DEU;osebni avtomobil;187;vozilo z dviûnimi vrati zadaj;GOLF 
77;1437;5.4;1;VOLKSWAGEN;ABBKCX0-FM6FM62S007N40GGN1;GOLF / 1.9 / TDI;Nemcija;DEU;osebni avtomobil;187;vozilo z dviûnimi vrati zadaj;GOLF 
77;1432;5.4;1;VOLKSWAGEN;ABBKCX0-FM6FM62S007N40GGS1;GOLF / 1.9;Nemcija;DEU;osebni avtomobil;187;vozilo z dviûnimi vrati zadaj;GOLF 
77;1430;5.4;1;VOLKSWAGEN;ABBKCX0-FM6FM62S007N40GGN1;GOLF / 1.9 TDI;Nemcija;DEU;osebni avtomobil;187;vozilo z dviûnimi vrati zadaj;GOLF 
77;1428;5.4;1;VOLKSWAGEN;ABBKCX0-FM6FM62S007N40GGS1;GOLF / 1.9 / TDI;Nemcija;DEU;osebni avtomobil;187;vozilo z dviûnimi vrati zadaj;GOLF 
77;1424;5.4;1;VOLKSWAGEN;ABBKCX01-FM62S007N2;GOLF / 1.9 / TDI;Nemcija;DEU;osebni avtomobil;187;vozilo z dviûnimi vrati zadaj;GOLF 
77;1418;5.4;1;VOLKSWAGEN;1KABBKCX0-FM6FM62S007N40GGN1;GOLF / 1.9 / TDI;Nemcija;DEU;osebni avtomobil;187;vozilo z dviûnimi vrati zadaj;GOLF 
77;1416;5.4;1;VOLKSWAGEN;ABBKCX01-FM62S007N40GG;GOLF / 1.9;Nemcija;DEU;osebni avtomobil;187;vozilo z dviûnimi vrati zadaj;GOLF 
77;1411;5.4;1;VOLKSWAGEN;ABBKCX01-FM6FM62S007N20GG;GOLF / 1.9 / TDI;Nemcija;DEU;osebni avtomobil;187;vozilo z dviûnimi vrati zadaj;GOLF 
77;1406;5.4;1;VOLKSWAGEN;1KABBXEX0-FM6FM62S007N40G;GOLF / 1.9 / TDI;Nemcija;DEU;osebni avtomobil;187;vozilo z dviûnimi vrati zadaj;GOLF 
77;1403;5.4;1;VOLKSWAGEN;1KABBXEX0-FM6FM62S007N40GGN1;GOLF / 1.9 / TDI;Nemcija;DEU;osebni avtomobil;187;vozilo z dviûnimi vrati zadaj;GOLF 
77;1402;5.4;1;VOLKSWAGEN;ABBXEX0-FM6FM62S007N40GGN1;GOLF / 1.9 / TDI;Nemcija;DEU;osebni avtomobil;187;vozilo z dviûnimi vrati zadaj;GOLF 
77;1397;5.4;1;VOLKSWAGEN;ABBKCX0-FM6FM62S007N20GGS1;GOLF / 1.9;Nemcija;DEU;osebni avtomobil;187;vozilo z dviûnimi vrati zadaj;GOLF 
77;1388;5.4;1;VOLKSWAGEN;ABBKCX0-FM6FM62S007M20GGN1;GOLF / 1.9;Nemcija;DEU;osebni avtomobil;187;vozilo z dviûnimi vrati zadaj;GOLF 
77;1385;5.4;1;VOLKSWAGEN;ABBKCX0-FM6FM62S007M20GGN1;GOLF / 1.9 / TDI;Nemcija;DEU;osebni avtomobil;187;vozilo z dviûnimi vrati zadaj;GOLF 
77;1379;5.4;1;VOLKSWAGEN;1K ABBKCX01-FM62S007N4;GOLF / 1.9;Nemcija;DEU;osebni avtomobil;187;vozilo z dviûnimi vrati zadaj;GOLF 
77;1377;5.4;1;VOLKSWAGEN;1K ABBKCX01-FM62S007N40GG;GOLF / 1.9;Nemcija;DEU;osebni avtomobil;187;vozilo z dviûnimi vrati zadaj;GOLF 
77;1376;5.4;1;VOLKSWAGEN;1K ABBKCX01-FM62S007N4;VOLKSWAGEN / GOLF / 1.9 / TDI;Nemcija;DEU;osebni avtomobil;187;vozilo z dviûnimi vrati zadaj;VOLKSWAGEN 
77;1366;5.4;1;VOLKSWAGEN;ABBSWX01-FM5FM5A40091N17GG;NEW BEETLE / 1.9 / TDI;Nemcija;DEU;osebni avtomobil;180;vozilo z dviûnimi vrati zadaj;NEW BEETLE 
77;1362;5.4;1;VOLKSWAGEN;ABBXEX0-FM6FM62S020N40GGN1;GOLF / 1.9 / TDI;Nemcija;DEU;osebni avtomobil;187;vozilo z dviûnimi vrati zadaj;GOLF 
77;1356;5.4;1;VOLKSWAGEN;1K ABBKCX01-FM6FM62S007N20GG;VOLKSWAGEN / GOLF / 1.9 / TDI;Nemcija;DEU;osebni avtomobil;187;vozilo z dviûnimi vrati zadaj;VOLKSWAGEN 
77;1353;5.4;1;VOLKSWAGEN;1K ABBKCX01-FM62S007N40GG;VOLKSWAGEN / GOLF / 1.9 / TDI;Nemcija;DEU;osebni avtomobil;187;limuzina;VOLKSWAGEN 
77;1352;5.4;1;VOLKSWAGEN;1K ABBKCX01-FM6FM62S007N40GG;GOLF / 1.9;Nemcija;DEU;osebni avtomobil;187;vozilo z dviûnimi vrati zadaj;GOLF 
77;1343;5.4;1;VOLKSWAGEN;ABBKCX01-FM62S007N2;GOLF / 1.9;Nemcija;DEU;osebni avtomobil;187;vozilo z dviûnimi vrati zadaj;GOLF 
77;1334;5.4;1;VOLKSWAGEN;1K ABBKCX01-FM62S007N2;GOLF / 1.9;Nemcija;DEU;osebni avtomobil;187;vozilo z dviûnimi vrati zadaj;GOLF 
77;1326;5.4;1;VOLKSWAGEN;ACBXEX0-FM6FM62S020N0GGN1;GOLF / 1.9 / TDI;Nemcija;DEU;osebni avtomobil;187;karavan;GOLF 
77;1326;5.4;1;VOLKSWAGEN;ABBXEX0-FM6FM62S0200GGN1;GOLF / 1.9 / TDI;Nemcija;DEU;osebni avtomobil;187;vozilo z dviûnimi vrati zadaj;GOLF 
77;1316;5.4;0;VOLKSWAGEN;ABCYVDX0-FM6FM6AJ010LLN617MMVIVR2;BEETLE / 1.2 / TSI;Nemcija;DEU;osebni avtomobil;180;vozilo z dviûnimi vrati zadaj;BEETLE 
77;1430;5.5;1;AUDI;SBLSF1-FD62E011R8P607GG;A3 / 1.9 / TDI D-AUT.;Nemcija;DEU;osebni avtomobil;187;karavan;A3 
77;1390;5.5;1;AUDI;ABLSF1-FD62E011R8P607GG;A3 / 1.9 / TDI D-AUT.;Nemcija;DEU;osebni avtomobil;187;karavan;A3 
77;1320;5.5;0;AUDI;SCBZBF1-FM6AJ009R8P627MGEM1;A3 / 1.2 / TFSI;Nemcija;DEU;osebni avtomobil;192;karavan;A3 
77;1600;5.5;1;FIAT;263AXD1BLS5CN;DOBLO / 1.6 / MULTIJET;Italija;ITA;osebni avtomobil;164;vecnamensko vozilo;DOBLO 
77;1505;5.5;1;FIAT;263AXD1BSN5AN;DOBLO / 1.6 / MULTIJET;Italija;ITA;osebni avtomobil;164;vecnamensko vozilo;DOBLO 
77;1573;5.5;1;SEAT;AFBJBX01-SGFM5A4004O0GZ;ALTEA / 1.9 / TDI;äpanija;ESP;osebni avtomobil;183;vecnamensko vozilo;ALTEA 
77;1571;5.5;1;SEAT;ABBJBX01-SGFM5A4004O0GZ;TOLEDO / 1.9 / TDI;äpanija;ESP;osebni avtomobil;183;vecnamensko vozilo;TOLEDO 
77;1570;5.5;1;SEAT;ABBJBX01-SGFM5A4004O0GZ;TOLEDO / 1.9;äpanija;ESP;osebni avtomobil;183;vecnamensko vozilo;TOLEDO 
77;1549;5.5;1;SEAT;ABBXEX01-SGFM5A4032O0GG;TOLEDO / 1.9 / TDI;äpanija;ESP;osebni avtomobil;183;vecnamensko vozilo;TOLEDO 
77;1546;5.5;1;SEAT;AFBKCX01-SGFM5A4032O0GG;ALTEA / 1.9 / TDI;äpanija;ESP;osebni avtomobil;183;vecnamensko vozilo;ALTEA 
77;1543;5.5;1;SEAT;ABBKCX01-SGFM5A4032O0GG;TOLEDO / 1.9 / TDI;äpanija;ESP;osebni avtomobil;183;vecnamensko vozilo;TOLEDO 
77;1540;5.5;1;SEAT;AFBJBX01-SGFM5A4004O0GZ;ALTEA / 1.9;äpanija;ESP;osebni avtomobil;183;vecnamensko vozilo;ALTEA 
77;1526;5.5;1;SEAT;AFBKCX01-SGFM5A4004O0GG;ALTEA / 1.9 / TDI;äpanija;ESP;osebni avtomobil;183;vecnamensko vozilo;ALTEA 
77;1525;5.5;1;SEAT;5PAFBJBX01-SGFM5A400400GZ;ALTEA / 1.9 TDI /;äpanija;ESP;osebni avtomobil;183;vecnamensko vozilo;ALTEA 
77;1519;5.5;1;SEAT;AFBXEX01-SGFM5A4032O0GG;ALTEA / 1.9 / TDI;äpanija;ESP;osebni avtomobil;183;vecnamensko vozilo;ALTEA 
77;1468;5.5;1;SEAT;ABBJBX01-SGFM5A4OO4O0GZ;TOLEDO / 1.9 / TDI;äpanija;ESP;osebni avtomobil;183;vecnamensko vozilo;TOLEDO 
77;1460;5.5;1;SEAT;5P AFBJBX01-SGFM5A4004O0GZ;ALTEA / 1.9;äpanija;ESP;osebni avtomobil;183;vecnamensko vozilo;ALTEA 
77;1457;5.5;1;SEAT;5P AFBJBX01-SGFM5A4004O0GZ;SEAT / ALTEA / 1.9 / TDI;äpanija;ESP;osebni avtomobil;183;vecnamensko vozilo;SEAT 
77;1457;5.5;1;SEAT;5P AFBJBX01-SGFM5A4004O0GZ;SEAT / ALTEA / 1.9 / TDI;äpanija;ESP;osebni avtomobil;183;vozilo z dviûnimi vrati zadaj;SEAT 
77;1455;5.5;1;SEAT;5P AFBJBX01-SGFM5A4004O0GZ;ALTEA / 1.9;äpanija;ESP;osebni avtomobil;183;vozilo z dviûnimi vrati zadaj;ALTEA 
77;1429;5.5;1;SEAT;5P-BJB;TOLEDO / 1.9 / TDI;äpanija;ESP;osebni avtomobil;183;vecnamensko vozilo;TOLEDO 
77;1335;5.5;1;äKODA;AFBLSX01-NFM5FM52R02815;ROOMSTER / 1.9 / TDI;Ceöka republika;CZE;osebni avtomobil;182;vecnamensko vozilo;ROOMSTER 
77;1571;5.5;1;VOLKSWAGEN;ACCAYCX1-AM6AM62Q032N7MGN1;GOLF / VARIANT 1.6 / TDI 4M;Nemcija;DEU;osebni avtomobil;187;karavan;GOLF 
77;1560;5.5;1;VOLKSWAGEN;AFBKCX0-FM5FM5A4032O0GGN1;GOLF PLUS / 1.9 / TDI;Nemcija;DEU;osebni avtomobil;183;vecnamensko vozilo;GOLF PLUS 
77;1558;5.5;1;VOLKSWAGEN;AFBKCX0-FM5FM5A4032O0GG;GOLF PLUS / 1.9 / TDI;Nemcija;DEU;osebni avtomobil;183;vecnamensko vozilo;GOLF PLUS 
77;1541;5.5;1;VOLKSWAGEN;AFBKCX0-FM5FM5A4032O0GGN1;GOLF PLUS / 1.9;Nemcija;DEU;osebni avtomobil;183;vozilo za posebne namene;GOLF PLUS 
77;1540;5.5;1;VOLKSWAGEN;AFBKCX0-FM5FM5A4032O0GGN1;GOLF PLUS / 1.9;Nemcija;DEU;osebni avtomobil;183;vecnamensko vozilo;GOLF PLUS 
77;1538;5.5;1;VOLKSWAGEN;AFBKCX0-FM5FM5A4032O0GGS1;GOLF PLUS / 1.9;Nemcija;DEU;osebni avtomobil;183;vecnamensko vozilo;GOLF PLUS 
77;1536;5.5;1;VOLKSWAGEN;AFBKCX0-FM5FM5A4032O0GGS1;GOLF / 1.9;Nemcija;DEU;osebni avtomobil;183;vecnamensko vozilo;GOLF 
77;1525;5.5;1;VOLKSWAGEN;1KPAFBKCX0-FM5FM5A403200GG;GOLF PLUS / 1.9 / TDI;Nemcija;DEU;osebni avtomobil;183;vecnamensko vozilo;GOLF PLUS 
77;1524;5.5;1;VOLKSWAGEN;AFBXEX0-FM5FM5A4032O0GGN1;GOLF PLUS / 1.9 / TDI;Nemcija;DEU;osebni avtomobil;183;vecnamensko vozilo;GOLF PLUS 
77;1512;5.5;1;VOLKSWAGEN;AFBKCX0-FM5FM5A4032O0GG;GOLF / 1.9;Nemcija;DEU;osebni avtomobil;183;vecnamensko vozilo;GOLF 
77;1509;5.5;1;VOLKSWAGEN;1KPAFBKCX0-FM5FM5A403200GGN1;GOLF PLUS / 1.9 / TDI;Nemcija;DEU;osebni avtomobil;183;vozilo z dviûnimi vrati zadaj;GOLF PLUS 
77;1507;5.5;1;VOLKSWAGEN;AFBKCX0-FM5FM5A403200GGN1;GOLF / PLUS / 1.9 / TDI;Nemcija;DEU;osebni avtomobil;183;vecnamensko vozilo;GOLF 
77;1489;5.5;1;VOLKSWAGEN;AFBLSX0-FA7FD7AM007N7GGN1;GOLF PLUS / 1.9 / TDI AUT.;Nemcija;DEU;osebni avtomobil;183;vecnamensko vozilo;GOLF PLUS 
77;1483;5.5;1;VOLKSWAGEN;1KP-AFBKCX0;GOLF / PLUS / 1.9 / TDI;Nemcija;DEU;osebni avtomobil;183;vecnamensko vozilo;GOLF 
77;1470;5.5;1;VOLKSWAGEN;1KP;GOLF / PLUS / 1.9 / TDI;Nemcija;DEU;osebni avtomobil;183;vozilo z dviûnimi vrati zadaj;GOLF 
77;1470;5.5;1;VOLKSWAGEN;1K-BXE;GOLF PLUS / 1.9 / TDI;Nemcija;DEU;osebni avtomobil;183;vozilo z dviûnimi vrati zadaj;GOLF PLUS 
77;1426;5.5;1;VOLKSWAGEN;AEBSWX01-FM5FM5A40091N10GG;NEW BEETLE / CABRIOLET 1.9 / TDI;Nemcija;DEU;osebni avtomobil;179;kabriolet;NEW BEETLE 
77;1364;5.5;0;VOLKSWAGEN;ACCBZBX0-FM6FM6AJ008E7MGN1;GOLF PLUS / 1.2 / TSI;Nemcija;DEU;osebni avtomobil;188;karavan;GOLF PLUS 
77;1326;5.5;1;VOLKSWAGEN;ACBLSX0-FM6FM62S020N7GGN1;GOLF / 1.9 / TDI;Nemcija;DEU;osebni avtomobil;187;vozilo za posebne namene;GOLF 
77;1326;5.5;1;VOLKSWAGEN;ACBLSX0-FM6FM62S020N7GGN1;GOLF / 1.9 / TDI;Nemcija;DEU;osebni avtomobil;187;karavan;GOLF 
77;1326;5.5;1;VOLKSWAGEN;ABBLSX0-FM5FM5A40097GGN1;GOLF / 1.9 / TDI;Nemcija;DEU;osebni avtomobil;187;vozilo z dviûnimi vrati zadaj;GOLF 
77;1316;5.5;0;VOLKSWAGEN;ABCYVDX0-FM6FM6AJ010LLN7MMVIVR2;BEETLE / 1.2 / TSI;Nemcija;DEU;osebni avtomobil;180;vozilo z dviûnimi vrati zadaj;BEETLE 
77;1251;5.5;1;VOLKSWAGEN;1K-BLS;GOLF / 1.9 / TDI;Nemcija;DEU;osebni avtomobil;187;vozilo z dviûnimi vrati zadaj;GOLF 
77;1176;5.5;0;VOLKSWAGEN;ABCBZB-FD7FD7AM017LLCVR07MG;POLO / 1.2 / TSI AUT.;Nemcija;DEU;osebni avtomobil;188;vozilo z dviûnimi vrati zadaj;POLO 
77;1145;5.5;0;VOLKSWAGEN;ABCBZB-FM6FM62U008LLCVR07MG;POLO / 1.2 / TSI;Nemcija;DEU;osebni avtomobil;188;vozilo z dviûnimi vrati zadaj;POLO 
77;1435;5.6;1;AUDI;LBLS_F1-FD62E011R8P60T47GG;A3 / 1.9 / TDI D-AUT.;Nemcija;DEU;osebni avtomobil;187;vozilo z dviûnimi vrati zadaj;A3 
77;1750;5.6;1;FIAT;263WXD1BA8W;DOBLO CARGO 1.6 / MULTIJET;Italija;ITA;osebni avtomobil;164;vecnamensko vozilo;DOBLO CARGO 1.6 
77;1627;5.6;1;FIAT;263AXD1B02F;DOBLO / 1.6 /;Italija;ITA;osebni avtomobil;159;vozilo za invalidski vozicek;DOBLO 
77;1272;5.6;0;SEAT;1M;LEON / 1.6;äpanija;ESP;osebni avtomobil;192;vozilo z dviûnimi vrati zadaj;LEON 
77;1647;5.6;1;VOLKSWAGEN;BLSAF-FA7FD7AM0077GGS7N1;TOURAN / 1.9 / TDI AUT.;Nemcija;DEU;osebni avtomobil;179;vecnamensko vozilo;TOURAN 
77;1601;5.6;1;VOLKSWAGEN;BLSAC-FA7FD7AM0077GGS5N1;TOURAN / 1.9 / TDI AUT.;Nemcija;DEU;osebni avtomobil;179;karavan;TOURAN 
77;1581;5.6;1;VOLKSWAGEN;ACBXEX0-FM5FM5A4032ST00GG;PASSAT / VARIANT 1.9 / TDI;Nemcija;DEU;osebni avtomobil;188;limuzina;PASSAT 
77;1532;5.6;1;VOLKSWAGEN;AFBKCX0-FM5FM5A4032O0GGN1;GOLF PLUS / 1.9;Nemcija;DEU;osebni avtomobil;183;vecnamensko vozilo;GOLF PLUS 
77;1530;5.6;1;VOLKSWAGEN;AABXEX0-FM5FM5A4032STN0GG;PASSAT / 1.9 / TDI;Nemcija;DEU;osebni avtomobil;188;limuzina;PASSAT 
77;1529;5.6;1;VOLKSWAGEN;1KPAFBLSX0-FM5FM5A403207GGN1;GOLF PLUS / 1.9 / TDI;Nemcija;DEU;osebni avtomobil;183;vecnamensko vozilo;GOLF PLUS 
77;1528;5.6;1;VOLKSWAGEN;AFBKCX0-FM5FM5A4032O0GGN1;GOLF PLUS / 1.9 / TDI;Nemcija;DEU;osebni avtomobil;183;vecnamensko vozilo;GOLF PLUS 
77;1521;5.6;1;VOLKSWAGEN;AFBKCX0-FM5FM5A4032O0GGN1;GOLF / 1.9;Nemcija;DEU;osebni avtomobil;183;vecnamensko vozilo;GOLF 
77;1519;5.6;1;VOLKSWAGEN;3CZ-BKC;PASSAT / 1.9 / TDI;Nemcija;DEU;osebni avtomobil;201;limuzina;PASSAT 
77;1515;5.6;1;VOLKSWAGEN;AFBKCX0-FM5FM5A4032O0GGS1;GOLF PLUS / 1.9;Nemcija;DEU;osebni avtomobil;183;vecnamensko vozilo;GOLF PLUS 
77;1514;5.6;1;VOLKSWAGEN;AFBKCX0-FM5FM5A4032O0GG;GOLF PLUS / 1.9 / TDI;Nemcija;DEU;osebni avtomobil;183;vecnamensko vozilo;GOLF PLUS 
77;1513;5.6;1;VOLKSWAGEN;AFBLSX0-FM5FM5A4032O7GGN1;GOLF PLUS / 1.9 / TDI;Nemcija;DEU;osebni avtomobil;183;vecnamensko vozilo;GOLF PLUS 
77;1511;5.6;1;VOLKSWAGEN;1KP AFBKCX0-FM5FM5A4032O0GGN1;GOLF PLUS / 1.9 / TDI;Nemcija;DEU;osebni avtomobil;183;vecnamensko vozilo;GOLF PLUS 
77;1500;5.6;1;VOLKSWAGEN;AFBKCX0-FM5FM5A4032N0GG;GOLF PLUS / 1.9 / TDI;Nemcija;DEU;osebni avtomobil;183;vecnamensko vozilo;GOLF PLUS 
77;1499;5.6;1;VOLKSWAGEN;AFBKCX0-FM5FM5A4032N0GGN1;GOLF PLUS / 1.9;Nemcija;DEU;osebni avtomobil;183;vecnamensko vozilo;GOLF PLUS 
77;1498;5.6;1;VOLKSWAGEN;AABKCX0-FM5FM5A4032STN0GG;PASSAT / 1.9 / TDI;Nemcija;DEU;osebni avtomobil;188;limuzina;PASSAT 
77;1497;5.6;1;VOLKSWAGEN;AABXEX0-FM5FM5A4032ST0GG;PASSAT / 1.9 / TDI;Nemcija;DEU;osebni avtomobil;188;limuzina;PASSAT 
77;1493;5.6;1;VOLKSWAGEN;AFBKCX0-FM5FM5A4032N0GGN1;GOLF PLUS / 1.9 / TDI;Nemcija;DEU;osebni avtomobil;183;vecnamensko vozilo;GOLF PLUS 
77;1470;5.6;1;VOLKSWAGEN;AFBLSX0-FM5FM5A4032N7GGN1;GOLF PLUS / 1.9 / TDI;Nemcija;DEU;osebni avtomobil;183;vecnamensko vozilo;GOLF PLUS 
77;1454;5.6;1;VOLKSWAGEN;3C-AABLSX0;PASSAT / 1.9 / TDI;Nemcija;DEU;osebni avtomobil;209;limuzina;PASSAT 
77;1422;5.6;1;VOLKSWAGEN;3CZ-BKC;PASSAT / 1.9 / TDI;Nemcija;DEU;osebni avtomobil;201;karavan;PASSAT 
77;1395;5.6;0;VOLKSWAGEN;AECYVDX0-FM6FM6AJ010LLN7MMVIVR2;BEETLE CABRIOLET / 1.2 / TSI;Nemcija;DEU;osebni avtomobil;178;kabriolet;BEETLE CABRIOLET 
77;1326;5.6;1;VOLKSWAGEN;ABBLSX0-FM6FM62S007M27GGN1;GOLF / 1.9 / TDI;Nemcija;DEU;osebni avtomobil;187;vozilo z dviûnimi vrati zadaj;GOLF 
77;1280;5.6;0;VOLKSWAGEN;ABCBZBX0-FM6FM6AJ010N7MJVIVR2;BEETLE / 1.2 / TSI;Nemcija;DEU;osebni avtomobil;180;vozilo z dviûnimi vrati zadaj;BEETLE 
77;1210;5.7;1;ALFA ROMEO;930A4B0049;145 / 1.9 / JTD;Italija;ITA;osebni avtomobil;185;vozilo z dviûnimi vrati zadaj;145
77;1090;5.7;0;ALFA ROMEO;955AXL1B08;MITO / 1.4 / 16V;Italija;ITA;osebni avtomobil;187;vecnamensko vozilo;MITO 
77;1435;5.7;1;AUDI;LBXE_F1-FD62E011R8P60T40GG;A3 / 1.9 / TDI D-AUT.;Nemcija;DEU;osebni avtomobil;187;vozilo z dviûnimi vrati zadaj;A3 
77;1395;5.7;1;AUDI;8P;A3 / 1.9 / TDI;Nemcija;DEU;osebni avtomobil;187;vozilo z dviûnimi vrati zadaj;A3 
77;1775;5.7;1;FIAT;263AXD1B02R;DOBLO / 1.6 / MULTIJET;Italija;ITA;osebni avtomobil;153;vozilo za invalidski vozicek;DOBLO 
77;1770;5.7;1;FIAT;263AXD1B02AB;DOBLO / 1.6 / MULTIJET;Italija;ITA;osebni avtomobil;159;vozilo z dostopom za invalidski vozicek;DOBLO 
77;1751;5.7;1;FIAT;263AXD1BHS5CS;DOBLO / 1.6 / MULTIJET;Italija;ITA;osebni avtomobil;159;vozilo z dostopom za invalidski vozicek;DOBLO 
77;1575;5.7;1;FIAT;263AXD1B02R;DOBLO / 1.6 / MULTIJET;Italija;ITA;osebni avtomobil;153;vecnamensko vozilo;DOBLO 
77;1350;5.7;1;FIAT;185BXN1A-22;MAREA / WEEKEND 1.9 / JTD;Italija;ITA;osebni avtomobil;183;karavan;MAREA 
77;1150;5.7;0;FIAT;199BXV1B44;PUNTO EVO / 1.4 /;Italija;ITA;osebni avtomobil;185;vecnamensko vozilo;PUNTO EVO 
77;1135;5.7;0;FIAT;199AXV1B43C;PUNTO / 1.4 /;Italija;ITA;osebni avtomobil;185;vecnamensko vozilo;PUNTO 
77;1135;5.7;0;FIAT;199AXV1B43;PUNTO EVO / 1.4 /;Italija;ITA;osebni avtomobil;185;vecnamensko vozilo;PUNTO EVO 
77;1395;5.7;0;SEAT;ACCBZBX01-SGSFM6AJ0097MJ;ALTEA XL / 1.2 / TSI;äpanija;ESP;osebni avtomobil;184;karavan;ALTEA XL 
77;1360;5.7;0;SEAT;AFCBZBX01-SGSFM6AJ0097MJ;ALTEA / 1.2 / TSI;äpanija;ESP;osebni avtomobil;184;karavan;ALTEA 
77;1275;5.7;0;SEAT;AFCBZBX01-SGNFM6AJ0087MG;LEON / 1.2 / TSI;äpanija;ESP;osebni avtomobil;187;vecnamensko vozilo;LEON 
77;1531;5.7;1;äKODA;AABXEX01-NFM5FM5A4009;SUPERB / 1.9 / TDI;Ceöka republika;CZE;osebni avtomobil;190;limuzina;SUPERB 
77;1280;5.7;0;äKODA;ACCBZBX01-NFM6FM6AJ0080;OCTAVIA / COMBI 1.2 / TSI;Ceöka republika;CZE;osebni avtomobil;191;karavan;OCTAVIA 
77;1271;5.7;0;äKODA;AFCBZBX01-SFD7FD7AM01715N;ROOMSTER / 1.2 / TSI AUT.;Ceöka republika;CZE;osebni avtomobil;184;vecnamensko vozilo;ROOMSTER 
77;1270;5.7;0;äKODA;AACBZBX01-NFM6FM6AJ008;OCTAVIA / 1.2 / TSI;Ceöka republika;CZE;osebni avtomobil;193;limuzina;OCTAVIA 
77;1265;5.7;0;äKODA;AACBZBX01-NFM6FM6AJ0090;OCTAVIA / 1.2 / TSI;Ceöka republika;CZE;osebni avtomobil;192;limuzina;OCTAVIA 
77;1237;5.7;0;äKODA;AFCBZBX01-NFM5FM52T10615N0;ROOMSTER / 1.2 / TSI;Ceöka republika;CZE;osebni avtomobil;184;vecnamensko vozilo;ROOMSTER 
77;2030;5.7;1;VOLKSWAGEN;AABKCX0-FM5FM5A4032STO0GG;PASSAT / 1.9;Nemcija;DEU;osebni avtomobil;188;limuzina;PASSAT 
77;1608;5.7;1;VOLKSWAGEN;3C;PASSAT / 1.9 / TDI;Nemcija;DEU;osebni avtomobil;185;karavan;PASSAT 
77;1594;5.7;1;VOLKSWAGEN;3CAABXEX0-FM5FM5A4032ST00GG;PASSAT / 1.9 / TDI;Nemcija;DEU;osebni avtomobil;188;limuzina;PASSAT 
77;1565;5.7;1;VOLKSWAGEN;3C-BXE;PASSAT / 1.9 / TDI;Nemcija;DEU;osebni avtomobil;201;karavan;PASSAT 
77;1565;5.7;1;VOLKSWAGEN;AABKCX0-FM5FM5A4032STO0GG;PASSAT / 1.9 / TDI;Nemcija;DEU;osebni avtomobil;188;limuzina;PASSAT 
77;1553;5.7;1;VOLKSWAGEN;AABXEX0-FM5FM5A4032STO0GG;PASSAT / 1.9 / TDI;Nemcija;DEU;osebni avtomobil;188;limuzina;PASSAT 
77;1552;5.7;1;VOLKSWAGEN;3C AABKCX0;PASSAT / 1.9 / TDI;Nemcija;DEU;osebni avtomobil;185;karavan;PASSAT 
77;1547;5.7;1;VOLKSWAGEN;AABKCX0-FM5FM5A4032O0GG;PASSAT / 1.9;Nemcija;DEU;osebni avtomobil;188;limuzina;PASSAT 
77;1544;5.7;1;VOLKSWAGEN;3C;PASSAT / 1.9 / TDI;Nemcija;DEU;osebni avtomobil;188;limuzina;PASSAT 
77;1531;5.7;1;VOLKSWAGEN;AABKCX0-FM5FM5A4032O0GG;PASSAT / 1.9 / TDI;Nemcija;DEU;osebni avtomobil;188;limuzina;PASSAT 
77;1520;5.7;1;VOLKSWAGEN;3CAABKCX0-FM5FM5A4032ST00GG;PASSAT / 1.9 / TDI;Nemcija;DEU;osebni avtomobil;188;limuzina;PASSAT 
77;1519;5.7;1;VOLKSWAGEN;3C AABKCX0 FM5FM5A4032STO0GG;PASSAT / 1.9 / TDI;Nemcija;DEU;osebni avtomobil;188;limuzina;PASSAT 
77;1505;5.7;1;VOLKSWAGEN;3CAABLSX0-FM5FM5A4032STN7GG;PASSAT / 1.9 / TDI;Nemcija;DEU;osebni avtomobil;188;limuzina;PASSAT 
77;1496;5.7;1;VOLKSWAGEN;3C AABKCX0-FM5FM5A4032STO0GG;PASSAT / 1.9 / TDI;Nemcija;DEU;osebni avtomobil;188;limuzina;PASSAT 
77;1480;5.7;1;VOLKSWAGEN;3CAABKCX0-FM5FM5A4032ST0GG;PASSAT / 1.9 / TDI;Nemcija;DEU;osebni avtomobil;188;limuzina;PASSAT 
77;1473;5.7;1;VOLKSWAGEN;AFBLSX0-FM6FM62S020N7GGN1;GOLF PLUS / 1.9 / TDI;Nemcija;DEU;osebni avtomobil;183;vecnamensko vozilo;GOLF PLUS 
77;1470;5.7;1;VOLKSWAGEN;1KABB KCX01 FA6FA62E011N40GG;GOLF / 1.9 TDI / V-AUT.;Nemcija;DEU;osebni avtomobil;185;vozilo z dviûnimi vrati zadaj;GOLF 
77;1469;5.7;1;VOLKSWAGEN;3C-BXE;PASSAT / 1.9 / TDI;Nemcija;DEU;osebni avtomobil;201;limuzina;PASSAT 
77;1461;5.7;1;VOLKSWAGEN;ABBXEX0-FA6FA62E011N20GGN1;GOLF / 1.9 / TDI AUT.;Nemcija;DEU;osebni avtomobil;185;vozilo z dviûnimi vrati zadaj;GOLF 
77;1457;5.7;1;VOLKSWAGEN;ABBKCX0-FA6FA62E011N40GGN1;GOLF / 1.9 / TDI AUT.;Nemcija;DEU;osebni avtomobil;185;vozilo z dviûnimi vrati zadaj;GOLF 
77;1422;5.7;1;VOLKSWAGEN;AABLSX0-FM5FM5A4032ST7GG;PASSAT / 1.9 / TDI;Nemcija;DEU;osebni avtomobil;188;limuzina;PASSAT 
77;1409;5.7;1;VOLKSWAGEN;ABBKCX01-FA6FA62E011N40GG;GOLF / 1.9 / TDI AUT.;Nemcija;DEU;osebni avtomobil;185;vozilo z dviûnimi vrati zadaj;GOLF 
77;1408;5.7;1;VOLKSWAGEN;ABBLSX0-FM6FM62S007N47GGN1;GOLF / 1.9 / TDI;Nemcija;DEU;osebni avtomobil;187;vozilo z dviûnimi vrati zadaj;GOLF 
77;1405;5.7;1;VOLKSWAGEN;1K;GOLF / 1.9 / TDI;Nemcija;DEU;osebni avtomobil;187;vozilo z dviûnimi vrati zadaj;GOLF 
77;1302;5.7;0;VOLKSWAGEN;AACBZBX0-FM6FM6AJ009N7MGN1VR0;JETTA / 1.2 / TSI;Nemcija;DEU;osebni avtomobil;190;limuzina;JETTA 
77;1233;5.7;0;VOLKSWAGEN;ACCBZBX0-FM6FM6AJ008N7MGN1;GOLF / 1.2 / TSI;Nemcija;DEU;osebni avtomobil;190;karavan;GOLF 
77;1345;5.8;1;ALFA ROMEO;932A2A00-05;156 / 1.9 / JTD;Italija;ITA;osebni avtomobil;188;limuzina;156
77;1395;5.8;1;FIAT;223AXL1A07;DOBLO / 1.9 / JTD;Italija;ITA;osebni avtomobil;168;vecnamensko vozilo;DOBLO 
77;1320;5.8;1;FIAT;223AXF1A04;DOBLO / 1.9;Italija;ITA;osebni avtomobil;168;vecnamensko vozilo;DOBLO 
77;1320;5.8;1;FIAT;223AXF1A04;FIAT / DOBLO / 1.9 / JTD;Italija;ITA;osebni avtomobil;168;vecnamensko vozilo;FIAT 
77;1298;5.8;0;KIA;EDB5PN1-M56AZ1;CEED / 1.4 /;Slovaöka;SVK;osebni avtomobil;185;vecnamensko vozilo;CEED 
77;1293;5.8;0;KIA;EDB3PN1-M56AZ1;CEED / 1.4 /;Slovaöka;SVK;osebni avtomobil;185;vecnamensko vozilo;CEED 
77;1385;5.8;1;LANCIA;839AXD1A06;LYBRA / 1.9 / JTD;Italija;ITA;osebni avtomobil;185;limuzina;LYBRA 
77;1190;5.8;0;OPEL;BB11-1A02A4EABG5;ASTRA / 1.6;Nemcija;DEU;osebni avtomobil;185;vozilo z dviûnimi vrati zadaj;ASTRA 
77;1145;5.8;0;SEAT;SCNBTSX0-AGFD7AM01240GGGI;IBIZA / 1.6 / AUT.;äpanija;ESP;osebni avtomobil;186;vecnamensko vozilo;IBIZA 
77;1580;5.8;1;äKODA;STBSVX01-FM5FM512062O;SUPERB / 1.9 / TDI;Ceöka republika;CZE;osebni avtomobil;192;limuzina;SUPERB 
77;1535;5.8;1;äKODA;ACBXEX01-NFM5FM5A4009W;SUPERB / COMBI 1.9 / TDI;Ceöka republika;CZE;osebni avtomobil;189;karavan;SUPERB 
77;1494;5.8;1;äKODA;ACBXEX01-FD6FD62E011N;OCTAVIA / COMBI 1.9 / TDI AUT.;Ceöka republika;CZE;osebni avtomobil;189;karavan;OCTAVIA 
77;1490;5.8;1;äKODA;ACBKCX01-DQ6FA62E011N;OCTAVIA / 1.9;Ceöka republika;CZE;osebni avtomobil;189;karavan;OCTAVIA 
77;1486;5.8;1;äKODA;ACBXEX01-NFD6FD62E011N;OCTAVIA / COMBI 1.9 / TDI AUT.;Ceöka republika;CZE;osebni avtomobil;189;karavan;OCTAVIA 
77;1398;5.8;1;äKODA;AABKCX01-DQ6FA62E011N;OCTAVIA / 1.9;Ceöka republika;CZE;osebni avtomobil;189;limuzina;OCTAVIA 
77;1285;5.8;0;äKODA;ACCBZBX01-NFM6FM6AJ008;OCTAVIA / COMBI 1.2 / TSI;Ceöka republika;CZE;osebni avtomobil;192;karavan;OCTAVIA 
77;1728;5.8;1;VOLKSWAGEN;ACBXEX0-FM5FM5A4032STO0GG;PASSAT / VARIANT 1.9 / TDI;Nemcija;DEU;osebni avtomobil;185;karavan;PASSAT 
77;1645;5.8;1;VOLKSWAGEN;BLSAC-FA7FD7AM0077GGC5N1;TOURAN / 1.9 / TDI AUT.;Nemcija;DEU;osebni avtomobil;175;karavan;TOURAN 
77;1642;5.8;1;VOLKSWAGEN;3CACBKCX0-FM5FM5A4032ST00GG;PASSAT / VAR. 1.9 / TDI;Nemcija;DEU;osebni avtomobil;185;karavan;PASSAT 
77;1640;5.8;1;VOLKSWAGEN;3CACBXEX0-FM5FM5A4032ST00GG;PASSAT / VAR. 1.9 / TDI;Nemcija;DEU;osebni avtomobil;185;karavan;PASSAT 
77;1615;5.8;1;VOLKSWAGEN;ACBKCX0-FM5FM5A4032STO0GG;PASSAT / VARIANT 1.9 / TDI;Nemcija;DEU;osebni avtomobil;185;karavan;PASSAT 
77;1605;5.8;1;VOLKSWAGEN;2C-BXE;PASSAT / VAR. 1.9 / TDI;Nemcija;DEU;osebni avtomobil;185;karavan;PASSAT 
77;1594;5.8;1;VOLKSWAGEN;3C-BKC;PASSAT / 1.9 / TDI;Nemcija;DEU;osebni avtomobil;188;limuzina;PASSAT 
77;1586;5.8;1;VOLKSWAGEN;ACBXEX0-FM5FM5A4032STO0GG;PASSAT VARIANT 1.9 / TDI;Nemcija;DEU;osebni avtomobil;185;karavan;PASSAT VARIANT 1.9 
77;1580;5.8;1;VOLKSWAGEN;ACBKCX0-FM5FM5A4032STO0GG;PASSAT / VARIANT 1.9;Nemcija;DEU;osebni avtomobil;185;karavan;PASSAT 
77;1575;5.8;1;VOLKSWAGEN;3CACBXEX0-FM5FM5A4032STO0GG;PASSAT / VAR. 1.9 / TDI;Nemcija;DEU;osebni avtomobil;185;karavan;PASSAT 
77;1552;5.8;1;VOLKSWAGEN;MVW53X4E6494;PASSAT / 1.9 / TDI;Nemcija;DEU;osebni avtomobil;201;karavan;PASSAT 
77;1538;5.8;1;VOLKSWAGEN;AABKCX0-FM5FM5A4032STO0GG;PASSAT / 1.9;Nemcija;DEU;osebni avtomobil;188;limuzina;PASSAT 
77;1530;5.8;1;VOLKSWAGEN;AABLSX0-FM5FM5A4032STO7GG;PASSAT / 1.9 / TDI;Nemcija;DEU;osebni avtomobil;188;limuzina;PASSAT 
77;1506;5.8;1;VOLKSWAGEN;3C-AABLSX0;PASSAT / 1.9 / TDI;Nemcija;DEU;osebni avtomobil;188;limuzina;PASSAT 
77;1505;5.8;1;VOLKSWAGEN;ABBKCX1-AM6AM62Q006N20GGN1;GOLF / 1.9 / TDI 4M;Nemcija;DEU;osebni avtomobil;185;vozilo z dviûnimi vrati zadaj;GOLF 
77;1504;5.8;1;VOLKSWAGEN;ABBKCX1-AM6AM62Q006N20GGN1;GOLF / 1.9;Nemcija;DEU;osebni avtomobil;185;vozilo z dviûnimi vrati zadaj;GOLF 
77;1503;5.8;1;VOLKSWAGEN;AFBLSX0-FM6FM62S007N7GGN1;GOLF PLUS / 1.9 / TDI;Nemcija;DEU;osebni avtomobil;183;vecnamensko vozilo;GOLF PLUS 
77;1497;5.8;1;VOLKSWAGEN;3C;PASSAT / 1.9;Nemcija;DEU;osebni avtomobil;188;limuzina;PASSAT 
77;1493;5.8;1;VOLKSWAGEN;ABBXEX1-AM6AM62Q006N20GGN1;GOLF / 1.9 / TDI 4M;Nemcija;DEU;osebni avtomobil;185;vozilo z dviûnimi vrati zadaj;GOLF 
77;1489;5.8;1;VOLKSWAGEN;3C;PASSAT / 1.9;Nemcija;DEU;osebni avtomobil;185;karavan;PASSAT 
77;1488;5.8;1;VOLKSWAGEN;ABBKCX11-AM6AM62Q006N20GG;GOLF / 1.9 / TDI 4M;Nemcija;DEU;osebni avtomobil;185;vozilo z dviûnimi vrati zadaj;GOLF 
77;1477;5.8;1;VOLKSWAGEN;3C ACBXEX0-FM5FM5A4032ST0GGS;PASSAT / VARIANT 1.9 / TDI;Nemcija;DEU;osebni avtomobil;185;karavan;PASSAT 
77;1425;5.8;1;VOLKSWAGEN;ABBKCX11-AM6AM62Q006N20GG;GOLF / 1.9;Nemcija;DEU;osebni avtomobil;185;vozilo z dviûnimi vrati zadaj;GOLF 
77;1411;5.8;1;VOLKSWAGEN;ABBKCX01-FA62E011O4;GOLF / 1.9 / TDI AUT.;Nemcija;DEU;osebni avtomobil;185;vozilo z dviûnimi vrati zadaj;GOLF 
77;1395;5.8;0;VOLKSWAGEN;AECBZBX0-FM6FM6AJ010N7MQVIVR2;BEETLE CABRIOLET / 1.2 / TSI;Nemcija;DEU;osebni avtomobil;178;kabriolet;BEETLE CABRIOLET 
77;1376;5.8;1;VOLKSWAGEN;ACBXEX0-FA6FA62E011N0GGN1;GOLF / 1.9 / TDI AUT.;Nemcija;DEU;osebni avtomobil;185;karavan;GOLF 
77;1368;5.8;0;VOLKSWAGEN;ACCBZBX0-FM6FM6AJ009N7MGN1;GOLF / VARIANT 1.2 / TSI;Nemcija;DEU;osebni avtomobil;190;karavan;GOLF 
77;1362;5.8;1;VOLKSWAGEN;1K;GOLF / 1.9 / TDI;Nemcija;DEU;osebni avtomobil;187;vozilo z dviûnimi vrati zadaj;GOLF 
77;1264;5.8;0;VOLKSWAGEN;ACCBZBX0-FD7FD7AM006N7MGN1;GOLF / 1.2 / TSI AUT.;Nemcija;DEU;osebni avtomobil;190;karavan;GOLF 
77;1435;5.9;1;AUDI;LBLSF1-FD62E011R8P61T47GG;A3 / 1.9 / TDI D-AUT.;Nemcija;DEU;osebni avtomobil;187;vozilo z dviûnimi vrati zadaj;A3 
77;1500;5.9;1;FIAT;223AXF1A04B;DOBLO / 1.9;Italija;ITA;osebni avtomobil;165;vecnamensko vozilo;DOBLO 
77;1415;5.9;1;FIAT;223AXF1A04B;DOBLO / 1.9 / JTD;Italija;ITA;osebni avtomobil;165;vozilo za invalidski vozicek;DOBLO 
77;1270;5.9;0;FORD;DYBIQDB1K-5ABALA;FOCUS / 1.6 / 77;Nemcija;DEU;osebni avtomobil;187;vozilo z dviûnimi vrati zadaj;FOCUS 
77;1098;5.9;0;FORD;JA8-IQJA1D5EGCBN;FIESTA / 1.6 / 5 vr;Nemcija;DEU;osebni avtomobil;184;vozilo z dviûnimi vrati zadaj;FIESTA 
77;1089;5.9;0;FORD;JA8-IQJA1C5EGCBM;FIESTA / 1.6 / 3 vr;Nemcija;DEU;osebni avtomobil;184;vozilo z dviûnimi vrati zadaj;FIESTA 
77;1390;5.9;0;SEAT;ACCBZBX01-SGNFM6AJ0097MG;ALTEA XL / 1.2 / TSI;äpanija;ESP;osebni avtomobil;184;vecnamensko vozilo;ALTEA XL 
77;1355;5.9;0;SEAT;AFCBZBX01-SGNFM6AJ0087MG;ALTEA / 1.2 / TSI;äpanija;ESP;osebni avtomobil;184;vecnamensko vozilo;ALTEA 
77;1614;5.9;1;äKODA;ACBKCX11-AM6AM62Q006O;OCTAVIA / COMBI 1.9 / TDI 4x4;Ceöka republika;CZE;osebni avtomobil;181;karavan;OCTAVIA 
77;1612;5.9;1;äKODA;ACBXEX11-AM6AM62Q006O;OCTAVIA / COMBI 1.9 / TDI 4x4;Ceöka republika;CZE;osebni avtomobil;181;karavan;OCTAVIA 
77;1607;5.9;1;äKODA;ACBKCX11-AM6AM62Q006O;OCTAVIA / COMBI 1.9;Ceöka republika;CZE;osebni avtomobil;181;karavan;OCTAVIA 
77;1589;5.9;1;äKODA;ACBXEX11-NAM6AM62Q006O;OCTAVIA / COMBI 1.9 / TDI 4x4;Ceöka republika;CZE;osebni avtomobil;181;karavan;OCTAVIA 
77;1440;5.9;1;äKODA;ACBXEX01-NFD6FD62E011;OCTAVIA / COMBI 1.9 / TDI AUT.;Ceöka republika;CZE;osebni avtomobil;189;karavan;OCTAVIA 
77;1425;5.9;1;äKODA;AABXEX01-NFD6FD62E011;OCTAVIA / 1.9 / TDI AUT.;Ceöka republika;CZE;osebni avtomobil;189;limuzina;OCTAVIA 
77;1385;5.9;1;äKODA;AABXEX01-NFM5FM5A4009;OCTAVIA / 1.9 / TDI;Ceöka republika;CZE;osebni avtomobil;192;limuzina;OCTAVIA 
77;1656;5.9;1;VOLKSWAGEN;BXEAC-FM6FM62S0020GGOS5;TOURAN / 1.9 / TDI;Nemcija;DEU;osebni avtomobil;179;karavan;TOURAN 
77;1640;5.9;1;VOLKSWAGEN;ACBLSX0-FM5FM5A4032STO7GG;PASSAT / VARIANT 1.9 / TDI;Nemcija;DEU;osebni avtomobil;185;karavan;PASSAT 
77;1617;5.9;1;VOLKSWAGEN;ACBKCX0-FM5FM5A4032STP0GG;PASSAT / VARIANT 1.9;Nemcija;DEU;osebni avtomobil;185;karavan;PASSAT 
77;1615;5.9;1;VOLKSWAGEN;3CACBLSX0-FM5FM5A4032ST07GG;PASSAT / VAR. 1.9 / TDI;Nemcija;DEU;osebni avtomobil;185;karavan;PASSAT 
77;1614;5.9;1;VOLKSWAGEN;BXEAF-FM6FM62S0210GGS7N1;TOURAN / 1.9 / TDI;Nemcija;DEU;osebni avtomobil;179;vecnamensko vozilo;TOURAN 
77;1612;5.9;1;VOLKSWAGEN;ACBKCX0-FM5FM5A4032STO0GG;PASSAT / VARIANT 1.9;Nemcija;DEU;osebni avtomobil;185;karavan;PASSAT 
77;1610;5.9;1;VOLKSWAGEN;BKCAC-FM6FM62S0020GGO;TOURAN / 1.9 / TDI;Nemcija;DEU;osebni avtomobil;179;karavan;TOURAN 
77;1610;5.9;1;VOLKSWAGEN;BKCAC-FM6FM62S0020GGO;TOURAN / 1.9;Nemcija;DEU;osebni avtomobil;179;limuzina;TOURAN 
77;1609;5.9;1;VOLKSWAGEN;BKCAC-FM6FM62S0020GGO;TOURAN / 1.9;Nemcija;DEU;osebni avtomobil;179;karavan;TOURAN 
77;1608;5.9;1;VOLKSWAGEN;BKCACX01-FM6FM62S002O0GG;TOURAN / 1.9;Nemcija;DEU;osebni avtomobil;179;karavan;TOURAN 
77;1606;5.9;1;VOLKSWAGEN;1T-BKC;TOURAN / 1.9 / TDI;Nemcija;DEU;osebni avtomobil;179;karavan;TOURAN 
77;1606;5.9;1;VOLKSWAGEN;1T;TOURAN / 1.9 / TDI;Nemcija;DEU;osebni avtomobil;177;karavan;TOURAN 
77;1597;5.9;1;VOLKSWAGEN;BKCAC-FM6FM62S0020GGOS5;TOURAN / 1.9 / TDI;Nemcija;DEU;osebni avtomobil;179;karavan;TOURAN 
77;1594;5.9;1;VOLKSWAGEN;1TBKCAC-FM6FM62S0020GG0;TOURAN / 1.9 / TDI;Nemcija;DEU;osebni avtomobil;179;karavan;TOURAN 
77;1590;5.9;1;VOLKSWAGEN;3CACBLSX0-FM5FM5A4032STO7GG;PASSAT / VAR. 1.9 / TDI;Nemcija;DEU;osebni avtomobil;185;karavan;PASSAT 
77;1588;5.9;1;VOLKSWAGEN;3C ACBLSX0;PASSAT / VAR. 1.9 / TDI;Nemcija;DEU;osebni avtomobil;185;karavan;PASSAT 
77;1579;5.9;1;VOLKSWAGEN;ABBKCX1-AM6AM62Q006O40GGN1;GOLF / 1.9 / TDI 4M;Nemcija;DEU;osebni avtomobil;185;vozilo z dviûnimi vrati zadaj;GOLF 
77;1578;5.9;1;VOLKSWAGEN;ACBKCX0-FM5FM5A4032STO0GG;PASSAT / VARIANT 1.9 / TDI;Nemcija;DEU;osebni avtomobil;185;karavan;PASSAT 
77;1576;5.9;1;VOLKSWAGEN;1T BXEAC FM6FM62S0210GGOS5;TOURAN / 1.9 / TDI;Nemcija;DEU;osebni avtomobil;179;karavan;TOURAN 
77;1573;5.9;1;VOLKSWAGEN;BXEAC-FM6FM62S0210GGS5N1;TOURAN / 1.9 / TDI;Nemcija;DEU;osebni avtomobil;179;karavan;TOURAN 
77;1573;5.9;1;VOLKSWAGEN;1T-BKC;TOURAN / 1.9 / TDI;Nemcija;DEU;osebni avtomobil;179;vecnamensko vozilo;TOURAN 
77;1565;5.9;1;VOLKSWAGEN;ABBXEX1-AM6AM62Q006O40GGN1;GOLF / 1.9 / TDI 4M;Nemcija;DEU;osebni avtomobil;185;vozilo z dviûnimi vrati zadaj;GOLF 
77;1563;5.9;1;VOLKSWAGEN;ABBKCX1-AM6AM62Q006O40GGN1;GOLF / 1.9 TDI;Nemcija;DEU;osebni avtomobil;185;vozilo z dviûnimi vrati zadaj;GOLF 
77;1552;5.9;1;VOLKSWAGEN;ACBLSX0-FM5FM5A4032ST7GG;PASSAT / VARIANT 1.9 / TDI;Nemcija;DEU;osebni avtomobil;185;karavan;PASSAT 
77;1550;5.9;1;VOLKSWAGEN;ABBKCX1-AM6AM62Q006O40GGN1;GOLF / 1.9;Nemcija;DEU;osebni avtomobil;185;vozilo z dviûnimi vrati zadaj;GOLF 
77;1550;5.9;1;VOLKSWAGEN;1KP;GOLF / PLUS / 1.9 TDI;Nemcija;DEU;osebni avtomobil;183;vecnamensko vozilo;GOLF 
77;1544;5.9;1;VOLKSWAGEN;ABBKCX1-AM6AM62Q006O40GGS1;GOLF / 1.9 / TDI 4M;Nemcija;DEU;osebni avtomobil;185;vozilo z dviûnimi vrati zadaj;GOLF 
77;1534;5.9;1;VOLKSWAGEN;BKCAC1X0-FM6FM62S002O0GG;TOURAN / 1.9;Nemcija;DEU;osebni avtomobil;179;limuzina;TOURAN 
77;1531;5.9;1;VOLKSWAGEN;ABBKCX1-AM6AM62Q006O20GGN1;GOLF / 1.9 / TDI 4M;Nemcija;DEU;osebni avtomobil;185;vozilo z dviûnimi vrati zadaj;GOLF 
77;1531;5.9;1;VOLKSWAGEN;1T BKCAC1X0-FM6FM62S002O0GG;TOURAN / 1.9;Nemcija;DEU;osebni avtomobil;179;limuzina;TOURAN 
77;1502;5.9;1;VOLKSWAGEN;AFBKCX0-FA6FA62E011N0GGN1;GOLF PLUS / 1.9 / TDI AUT.;Nemcija;DEU;osebni avtomobil;181;vecnamensko vozilo;GOLF PLUS 
77;1473;5.9;1;VOLKSWAGEN;AFBLSX0-FM6FM62S020O7GGN1;GOLF PLUS / 1.9 / TDI;Nemcija;DEU;osebni avtomobil;183;vecnamensko vozilo;GOLF PLUS 
77;1463;5.9;1;VOLKSWAGEN;ABBKCX11-AM6AM62Q006O40GG;GOLF / 1.9 / TDI 4M;Nemcija;DEU;osebni avtomobil;185;vozilo z dviûnimi vrati zadaj;GOLF 
77;1454;5.9;1;VOLKSWAGEN;3C-BLS;PASSAT / 1.9 / TDI;Nemcija;DEU;osebni avtomobil;201;limuzina;PASSAT 
77;1451;5.9;1;VOLKSWAGEN;ABBKCX11-AM6AM62Q006O40GG;GOLF / 1.9;Nemcija;DEU;osebni avtomobil;185;vozilo z dviûnimi vrati zadaj;GOLF 
77;1416;5.9;0;VOLKSWAGEN;AECBZBX0-FM6FM6AJ009N7MGN1;GOLF CABRIOLET / 1.2 / TSI;Nemcija;DEU;osebni avtomobil;188;kabriolet;GOLF CABRIOLET 
77;1411;5.9;1;VOLKSWAGEN;ABBLSX0-FA6FA62E011N47GGN1;GOLF / 1.9 / TDI AUT.;Nemcija;DEU;osebni avtomobil;185;vozilo z dviûnimi vrati zadaj;GOLF 
77;1400;5.9;0;VOLKSWAGEN;ACCBZBX0-FD7FD7AM006N7MGN1;GOLF PLUS / 1.2 / TSI AUT.;Nemcija;DEU;osebni avtomobil;188;karavan;GOLF PLUS 
77;1376;5.9;1;VOLKSWAGEN;ACBLSX0-FA6FA62E0117GGN1;GOLF / 1.9 / TDI AUT.;Nemcija;DEU;osebni avtomobil;185;karavan;GOLF 
77;1376;5.9;1;VOLKSWAGEN;ABBLSX0-FA6FA62E0117GGN1;GOLF / 1.9 / TDI AUT.;Nemcija;DEU;osebni avtomobil;185;vozilo z dviûnimi vrati zadaj;GOLF 
77;1356;5.9;0;VOLKSWAGEN;ACCBZBX0-FM6FM6AJ008N7MGN1;GOLF PLUS / 1.2 / TSI;Nemcija;DEU;osebni avtomobil;188;karavan;GOLF PLUS 
77;1280;5.9;0;VOLKSWAGEN;ABCBZBX0-FM6FM6AJ010LLN7MJVIVR0;BEETLE / 1.2 / TSI;Nemcija;DEU;osebni avtomobil;180;vozilo z dviûnimi vrati zadaj;BEETLE 
77;1274;5.9;0;VOLKSWAGEN;ABCBZBX0-FM6FM6AJ010N7MQN1VR0;BEETLE / 1.2 / TSI;Nemcija;DEU;osebni avtomobil;180;vozilo z dviûnimi vrati zadaj;BEETLE 
77;1353;6.1;0;KIA;EDF5PN1-M56AZ1;CEED / 1.4 /;Slovaöka;SVK;osebni avtomobil;185;vecnamensko vozilo;CEED 
77;1549;6.1;1;SEAT;ACBLSX01-AGFD62E0117GG;ALTEA XL / 1.9 / TDI AUT.;äpanija;ESP;osebni avtomobil;183;vecnamensko vozilo;ALTEA XL 
77;1440;6.1;1;äKODA;ACBLSX01-NFD6FD62E011;OCTAVIA / COMBI 1.9 / TDI AUT.;Ceöka republika;CZE;osebni avtomobil;189;karavan;OCTAVIA 
77;1365;6.1;1;äKODA;ACBLSX01-NFD6FD62E011;OCTAVIA / COMBI 1.9 / TDI;Ceöka republika;CZE;osebni avtomobil;191;karavan;OCTAVIA 
77;1340;6.1;0;äKODA;ACCBZBX0-NFM6FM6AJ010ST0;YETI / 1.2 / TSI;Ceöka republika;CZE;osebni avtomobil;175;karavan;YETI 
77;1334;6.1;0;äKODA;ACCBZBX0-UFM6FM6AJ010V20;YETI / 1.2 / TSI;Ceöka republika;CZE;osebni avtomobil;177;karavan;YETI 
77;1732;6.1;1;VOLKSWAGEN;BKCAF-FA6FA62E0110GZP;TOURAN / 1.9 / TDI AUT.;Nemcija;DEU;osebni avtomobil;177;vecnamensko vozilo;TOURAN 
77;1707;6.1;1;VOLKSWAGEN;BKCAC-FA6FA62E0110GZP;TOURAN / 1.9;Nemcija;DEU;osebni avtomobil;177;limuzina;TOURAN 
77;1668;6.1;1;VOLKSWAGEN;BKCAC-FA6FA62E0110GZP;TOURAN / 1.9 / TDI AUT.;Nemcija;DEU;osebni avtomobil;177;karavan;TOURAN 
77;1654;6.1;1;VOLKSWAGEN;BLSAF-FA6FA62E0110GGS7N1;TOURAN / 1.9 / TDI AUT.;Nemcija;DEU;osebni avtomobil;177;vecnamensko vozilo;TOURAN 
77;1645;6.1;1;VOLKSWAGEN;1T BKCAF1X0-FA6FA62E011P0GZ;TOURAN / 1.9;Nemcija;DEU;osebni avtomobil;177;limuzina;TOURAN 
77;1631;6.1;1;VOLKSWAGEN;1TBKCAC1X0-FA6FA62E011P0GZ;TOURAN / 1.9 / TDI AUT.;Nemcija;DEU;osebni avtomobil;177;karavan;TOURAN 
77;1629;6.1;1;VOLKSWAGEN;ACBLSX01-FM5FM5A4006SK0J20GG;CADDY LIFE / 1.9 / TDI;Nemcija;DEU;osebni avtomobil;166;karavan;CADDY LIFE 
77;1620;6.1;1;VOLKSWAGEN;ACBLSX01-FM5FM5A4006SK0J20GGN;CADDY LIFE / 1.9 / TDI;Nemcija;DEU;osebni avtomobil;166;karavan;CADDY LIFE 
77;1613;6.1;1;VOLKSWAGEN;BLSAC-FA6FA62E0110GGS5N1;TOURAN / 1.9 / TDI AUT.;Nemcija;DEU;osebni avtomobil;177;karavan;TOURAN 
77;1607;6.1;1;VOLKSWAGEN;ACBLSX01-FM5FM5A4006OSB0J20GG;CADDY / 1.9 / TDI;Nemcija;DEU;osebni avtomobil;166;karavan;CADDY 
77;1607;6.1;1;VOLKSWAGEN;ACBJBX01-FM5A4006OB;CADDY / 1.9;Nemcija;DEU;osebni avtomobil;166;limuzina;CADDY 
77;1594;6.1;1;VOLKSWAGEN;ACBLSX01-FM5FM5A4006SB0J10GGN;CADDY / 1.9 / TDI;Nemcija;DEU;osebni avtomobil;166;karavan;CADDY 
77;1583;6.1;1;VOLKSWAGEN;AFBKCX0-FA6FA62E011O0GGN1;GOLF PLUS / 1.9 / TDI AUT.;Nemcija;DEU;osebni avtomobil;181;vecnamensko vozilo;GOLF PLUS 
77;1573;6.1;1;VOLKSWAGEN;BLSAC-FM6FM62S0027GGPS5;TOURAN / 1.9 / TDI;Nemcija;DEU;osebni avtomobil;179;karavan;TOURAN 
77;1565;6.1;1;VOLKSWAGEN;1T BKCAC1X0-FA62E011P0GZ;TOURAN / 1.9;Nemcija;DEU;osebni avtomobil;177;karavan;TOURAN 
77;1550;6.1;1;VOLKSWAGEN;AFBKCX0-FA6FA62E011O0GGN1;GOLF PLUS / 1.9;Nemcija;DEU;osebni avtomobil;181;vecnamensko vozilo;GOLF PLUS 
77;1550;6.1;1;VOLKSWAGEN;ACBLSX01-FM5FM5A4006SK0J20GGNN1;CADDY LIFE / 1.9 / TDI;Nemcija;DEU;osebni avtomobil;166;karavan;CADDY LIFE 
77;1532;6.1;1;VOLKSWAGEN;2K ACBJBX01-FM5A4006OK;CADDY LIFE / 1.9;Nemcija;DEU;osebni avtomobil;166;limuzina;CADDY LIFE 
77;1531;6.1;1;VOLKSWAGEN;ACBJBX01-FM5A4006OB;CADDY / 1.9;Nemcija;DEU;osebni avtomobil;166;karavan;CADDY 
77;1511;6.1;1;VOLKSWAGEN;ABBLSX1-AM6AM62Q006O47GGN1;GOLF / 1.9 / TDI 4M;Nemcija;DEU;osebni avtomobil;185;vozilo z dviûnimi vrati zadaj;GOLF 
77;1501;6.1;1;VOLKSWAGEN;2K-BJB;CADDY / 1.9 / TDI;Nemcija;DEU;osebni avtomobil;166;vecnamensko vozilo;CADDY 
77;1501;6.1;1;VOLKSWAGEN;AFBJBX01-FM5A4006OK0J20GZ;CADDY LIFE / 1.9 / TDI;Nemcija;DEU;osebni avtomobil;166;vecnamensko vozilo;CADDY LIFE 
77;1388;6.1;0;VOLKSWAGEN;AECBZBX0-FM6FM6AJ010N7MQVIVR0;BEETLE CABRIOLET / 1.2 / TSI;Nemcija;DEU;osebni avtomobil;178;kabriolet;BEETLE CABRIOLET 
77;1772;6.2;1;VOLKSWAGEN;BLSAC-FA6FA62E0117GGPS5;TOURAN / 1.9 / TDI AUT.;Nemcija;DEU;osebni avtomobil;177;karavan;TOURAN 
77;1771;6.2;1;VOLKSWAGEN;AFBLSX01-FM5FM5A4006SK0J20GGLN1;CADDY MAXI LIFE / 1.9 / TDI;Nemcija;DEU;osebni avtomobil;166;vecnamensko vozilo;CADDY MAXI LIFE 
77;1726;6.2;1;VOLKSWAGEN;BLSAF-FA6FA62E0110GGP;TOURAN / 1.9 / TDI AUT.;Nemcija;DEU;osebni avtomobil;177;vecnamensko vozilo;TOURAN 
77;1687;6.2;1;VOLKSWAGEN;1TBLSAC-FA6FA62E0110GGPS5;TOURAN / 1.9 / TDI AUT.;Nemcija;DEU;osebni avtomobil;177;karavan;TOURAN 
77;1683;6.2;1;VOLKSWAGEN;AFBJBX01-FM5A4006PK0J20GZ;CADDY LIFE / 1.9;Nemcija;DEU;osebni avtomobil;166;limuzina;CADDY LIFE 
77;1681;6.2;1;VOLKSWAGEN;AFBJBX01-FM5A4006PK0J20GZ;CADDY LIFE / 1.9 / TDI;Nemcija;DEU;osebni avtomobil;166;vecnamensko vozilo;CADDY LIFE 
77;1677;6.2;1;VOLKSWAGEN;1TSEBKCX01-AGFA62E011P5N5KP;TOURAN / 1.9 / TDI AUT.;Nemcija;DEU;osebni avtomobil;177;karavan;TOURAN 
77;1662;6.2;1;VOLKSWAGEN;BLSAF-FM6FM62S0217GGC7N1;TOURAN / 1.9 / TDI;Nemcija;DEU;osebni avtomobil;175;vecnamensko vozilo;TOURAN 
77;1660;6.2;1;VOLKSWAGEN;1T;TOURAN / 1.9 / TDI;Nemcija;DEU;osebni avtomobil;177;karavan;TOURAN 
77;1644;6.2;1;VOLKSWAGEN;ACBJBX01-FM5A4006PK0J20GZ;CADDY LIFE / 1.9 / TDI;Nemcija;DEU;osebni avtomobil;166;karavan;CADDY LIFE 
77;1630;6.2;1;VOLKSWAGEN;ACBJBX01-FM5A4006PK0J20GZ;CADDY / 1.9;Nemcija;DEU;osebni avtomobil;166;limuzina;CADDY 
77;1630;6.2;1;VOLKSWAGEN;ACBJBX01-FM5A4006PK0J20GZ;CADDY LIFE / 1.9;Nemcija;DEU;osebni avtomobil;166;limuzina;CADDY LIFE 
77;1625;6.2;1;VOLKSWAGEN;ACBJBX01-FM5A4006PK0J20GZ;CADDY LIFE / 1.9 / TDI;Nemcija;DEU;osebni avtomobil;166;limuzina;CADDY LIFE 
77;1624;6.2;1;VOLKSWAGEN;ACBLSX01-FM5FM5A4006PK0J20GG;CADDY LIFE / 1.9 / TDI;Nemcija;DEU;osebni avtomobil;166;karavan;CADDY LIFE 
77;1623;6.2;1;VOLKSWAGEN;ACBJBX01-FM5A4006PK0J20GZ;CADDY LIFE / 1.9;Nemcija;DEU;osebni avtomobil;166;karavan;CADDY LIFE 
77;1622;6.2;1;VOLKSWAGEN;ACBLSX01-FM5FM5A4006PSK0J20GG;CADDY LIFE / 1.9 / TDI;Nemcija;DEU;osebni avtomobil;166;karavan;CADDY LIFE 
77;1621;6.2;1;VOLKSWAGEN;ACBLSX01-FM5A4006PK0J20GG;CADDY LIFE / 1.9;Nemcija;DEU;osebni avtomobil;166;vecnamensko vozilo;CADDY LIFE 
77;1616;6.2;1;VOLKSWAGEN;BLSAC-FM6FM62S0217GGC5N1;TOURAN / 1.9 / TDI;Nemcija;DEU;osebni avtomobil;175;karavan;TOURAN 
77;1606;6.2;1;VOLKSWAGEN;ACBJBX01-FM5A4006OB0J2;CADDY / 1.9 / TDI;Nemcija;DEU;osebni avtomobil;166;karavan;CADDY 
77;1604;6.2;1;VOLKSWAGEN;SEBKCX01-AGFA62E011P5N5KP;TOURAN / 1.9 / TDI AUT.;Nemcija;DEU;osebni avtomobil;177;karavan;TOURAN 
77;1591;6.2;1;VOLKSWAGEN;ACBLSX01-FM5FM5A4006OB0J20GG;CADDY / 1.9;Nemcija;DEU;osebni avtomobil;166;vecnamensko vozilo;CADDY 
77;1586;6.2;1;VOLKSWAGEN;2K AFBJBX01-FM5A4006PK0J2;CADDY / 1.9;Nemcija;DEU;osebni avtomobil;166;vecnamensko vozilo;CADDY 
77;1585;6.2;1;VOLKSWAGEN;BLSAC-FA6FA62E0110GGP;TOURAN / 1.9 / TDI AUT.;Nemcija;DEU;osebni avtomobil;177;karavan;TOURAN 
77;1577;6.2;1;VOLKSWAGEN;2K ACBJBX01-FM5A4006PK0J2;CADDY / 1.9;Nemcija;DEU;osebni avtomobil;166;karavan;CADDY 
77;1567;6.2;1;VOLKSWAGEN;2KACBJBX01-FM5A4006PK0J20GZ;CADDY LIFE / 1.9 / TDI;Nemcija;DEU;osebni avtomobil;166;vecnamensko vozilo;CADDY LIFE 
77;1550;6.2;1;VOLKSWAGEN;2K ACBJBX01-FM5A4006PK0J2;CADDY LIFE / 1.9;Nemcija;DEU;osebni avtomobil;166;limuzina;CADDY LIFE 
77;1542;6.2;1;VOLKSWAGEN;AFBLSX01-FM5FM5A4006SB0J20GGLN1;CADDY MAXI / 1.9 / TDI;Nemcija;DEU;osebni avtomobil;170;vecnamensko vozilo;CADDY MAXI 
77;1501;6.2;1;VOLKSWAGEN;AFBLSX01-FM5A4006PB0J20GG;CADDY / 1.9 / TDI;Nemcija;DEU;osebni avtomobil;166;vecnamensko vozilo;CADDY 
77;1501;6.2;1;VOLKSWAGEN;2K;CADDY / 1.9 / TDI;Nemcija;DEU;osebni avtomobil;166;karavan;CADDY 
77;1486;6.2;1;VOLKSWAGEN;ACBLSX01-FM5FM5A4006SB0J27GGNN1;CADDY / 1.9 / TDI;Nemcija;DEU;osebni avtomobil;170;karavan;CADDY 
77;1486;6.2;1;VOLKSWAGEN;AFBLSX01-FM5FM5A4006SB0J27GGNN1;CADDY / 1.9 / TDI;Nemcija;DEU;osebni avtomobil;170;vecnamensko vozilo;CADDY 
77;1486;6.2;1;VOLKSWAGEN;ACBLSX01-FM5FM5A4006SB0J27GGNN1;CADDY / 1.9 / TDI;Nemcija;DEU;osebni avtomobil;166;karavan;CADDY 
77;1480;6.2;1;VOLKSWAGEN;ACBLSX01-FM5FM5A4006SK0J27GGNN1;CADDY LIFE / 1.9 / TDI;Nemcija;DEU;osebni avtomobil;166;karavan;CADDY LIFE 
77;1480;6.2;1;VOLKSWAGEN;AFBLSX01-FM5FM5A4006SK0J27GGNN1;CADDY LIFE / 1.9 / TDI;Nemcija;DEU;osebni avtomobil;166;vecnamensko vozilo;CADDY LIFE 
77;1464;6.2;1;VOLKSWAGEN;ABBLSX1-AM6AM62Q0067GGN1;GOLF / 1.9 / TDI 4M;Nemcija;DEU;osebni avtomobil;185;vozilo z dviûnimi vrati zadaj;GOLF 
77;1084;6.3;0;HYUNDAI;E-NQLY;GETZ / 1.6;Koreja. republika;KOR;osebni avtomobil;176;vecnamensko vozilo;GETZ 
77;1271;6.3;0;MAZDA;BLB4Z2;MAZDA 3 / 1.6 / i;Japonska ;JPN;osebni avtomobil;181;vozilo z dviûnimi vrati zadaj;MAZDA 3 
77;1260;6.3;0;MAZDA;BLB2Z2;MAZDA 3 / 1.6 / i;Japonska ;JPN;osebni avtomobil;185;limuzina;MAZDA 3 
77;1255;6.3;0;MAZDA;BL14Z2;MAZDA 3 / 1.6 / i;Japonska ;JPN;osebni avtomobil;184;vozilo z dviûnimi vrati zadaj;MAZDA 3 
77;1245;6.3;0;MAZDA;BL12Z2;MAZDA 3 / 1.6 / i;Japonska ;JPN;osebni avtomobil;188;limuzina;MAZDA 3 
77;1115;6.3;0;SEAT;SCNBTSX0-SGFM52T08740GG;IBIZA / 1.6 /;äpanija;ESP;osebni avtomobil;187;vecnamensko vozilo;IBIZA 
77;1090;6.3;0;SEAT;SCBTSX0-SGNFM52T0870GGGI;IBIZA / 1.6 /;äpanija;ESP;osebni avtomobil;189;vecnamensko vozilo;IBIZA 
77;1365;6.3;0;äKODA;ACCBZBX0-NFD7FD7AM006ST0;YETI / 1.2 / TSI AUT.;Ceöka republika;CZE;osebni avtomobil;173;karavan;YETI 
77;1682;6.3;1;VOLKSWAGEN;2KACBLSX01-FM5FM5A400GPSK0J27GG;CADDY / 1.9 / TDI;Nemcija;DEU;osebni avtomobil;166;karavan;CADDY 
77;1645;6.3;1;VOLKSWAGEN;2KACBLSX01-FM5FM5A4006PSK0J27GG;CADDY / 1.9 / TDI;Nemcija;DEU;osebni avtomobil;166;karavan;CADDY 
77;1645;6.3;1;VOLKSWAGEN;AFBLSX01;CADDY / 1.9 / TDI;Nemcija;DEU;osebni avtomobil;166;vecnamensko vozilo;CADDY 
77;1613;6.3;1;VOLKSWAGEN;1TBLSAC-FA6FA62E0117GGS5N1;TOURAN / 1.9 / TDI AUT.;Nemcija;DEU;osebni avtomobil;177;karavan;TOURAN 
77;1607;6.3;1;VOLKSWAGEN;2K AFBLSX01;CADDY LIFE / 1.9 / TDI;Nemcija;DEU;osebni avtomobil;166;vecnamensko vozilo;CADDY LIFE 
77;1546;6.3;1;VOLKSWAGEN;AFBLSX01-FM5FM5A4006SK0J27GGLN1;CADDY MAXI LIFE / 1.9 / TDI;Nemcija;DEU;osebni avtomobil;166;vecnamensko vozilo;CADDY MAXI LIFE 
77;1501;6.3;1;VOLKSWAGEN;ACBLSX01-FM5FM5A4006SB0J27GG;CADDY / 1.9 / TDI;Nemcija;DEU;osebni avtomobil;166;karavan;CADDY 
77;1501;6.3;1;VOLKSWAGEN;ACBLSX01-FM5FM5A4006SK0J27GG;CADDY LIFE / 1.9 / TDI;Nemcija;DEU;osebni avtomobil;166;karavan;CADDY LIFE 
77;1501;6.3;1;VOLKSWAGEN;AFBLSX01-FM5FM5A4006SB0J27GGN;CADDY / 1.9 / TDI;Nemcija;DEU;osebni avtomobil;166;vecnamensko vozilo;CADDY 
77;1480;6.3;1;VOLKSWAGEN;ACBLSX01-FM5FM5A4006SK0J27GGN;CADDY LIFE / 1.9 / TDI;Nemcija;DEU;osebni avtomobil;166;karavan;CADDY LIFE 
77;1355;6.4;0;ALFA ROMEO;940FXN1A12;GIULIETTA / 1.4 /;Italija;ITA;osebni avtomobil;186;vecnamensko vozilo;GIULIETTA 
77;1374;6.4;0;FORD;DXAIQDB1J-5ABAMA;C-MAX / 1.6 / 77;Nemcija;DEU;osebni avtomobil;180;vecnamensko vozilo;C-MAX 
77;1309;6.4;0;FORD;JK8-IQJC1K-5GGAMR;B-MAX / 1.6 / A6;Nemcija;DEU;osebni avtomobil;182;vecnamensko vozilo;B-MAX 
77;1308;6.4;0;FORD;JK8-IQJA1K5EGAMT;B-MAX / 1.6 / A6;Nemcija;DEU;osebni avtomobil;182;vecnamensko vozilo;B-MAX 
77;1271;6.4;0;MAZDA;BLB4Z2;MAZDA 3 / 1.6 / i;Japonska ;JPN;osebni avtomobil;181;vozilo z dviûnimi vrati zadaj;MAZDA 3 
77;1340;6.4;0;äKODA;ACCBZBX0-NFM6FM6AJ0100;YETI / 1.2 / TSI;Ceöka republika;CZE;osebni avtomobil;175;karavan;YETI 
77;1546;6.4;1;VOLKSWAGEN;AFBLSX01-FM5FM5A4006SK0J27GGL;CADDY MAXI LIFE / 1.9 / TDI;Nemcija;DEU;osebni avtomobil;166;vecnamensko vozilo;CADDY MAXI LIFE 
77;1499;6.4;0;VOLKSWAGEN;CBZBAF-FM6FM6AJ0077MGS7N1VR0SO;TOURAN / 1.2 / TSI;Nemcija;DEU;osebni avtomobil;185;vecnamensko vozilo;TOURAN 
77;1453;6.4;0;VOLKSWAGEN;CBZBAC-FM6FM6AJ0077MGS5N1VR0SO;TOURAN / 1.2 / TSI;Nemcija;DEU;osebni avtomobil;185;karavan;TOURAN 
77;1350;6.5;1;FIAT;185;MAREA / WEEKEND / 1.9 / JTD;Italija;ITA;osebni avtomobil;183;karavan;MAREA 
77;1300;6.5;0;MAZDA;BLA4Z2;MAZDA 3 / 1.6 / I;Japonska ;JPN;osebni avtomobil;184;vozilo z dviûnimi vrati zadaj;MAZDA 3 
77;1250;6.5;0;MAZDA;BLA2Z2;MAZDA 3 / 1.6 / i;Japonska ;JPN;osebni avtomobil;188;limuzina;MAZDA 3 
77;1265;6.5;0;OPEL;BB11-1A02A4EDBG5;ASTRA / 1.6 / 16V MTA;Nemcija;DEU;osebni avtomobil;185;vozilo z dviûnimi vrati zadaj;ASTRA 
77;1656;6.5;1;VOLKSWAGEN;BLSAC-FA6FA62E0117GGC5N1;TOURAN / 1.9 / TDI AUT.;Nemcija;DEU;osebni avtomobil;173;karavan;TOURAN 
77;1374;6.6;0;FORD;DXAIQDB1J-5ABAMA;C-MAX / 1.6 / 77;Nemcija;DEU;osebni avtomobil;180;vecnamensko vozilo;C-MAX 
77;1315;6.6;0;OPEL;FB11-1A02A5EDBG5;ASTRA / CAR. 1.6 / 16V MTA;Nemcija;DEU;osebni avtomobil;185;karavan;ASTRA 
77;1265;6.6;0;OPEL;BB11-1A02A4EABG5;ASTRA / 1.6 / 16V;Nemcija;DEU;osebni avtomobil;185;vozilo z dviûnimi vrati zadaj;ASTRA 
77;1265;6.6;0;OPEL;BB11-1A02A4EABG5;ASTRA / 1.6;Nemcija;DEU;osebni avtomobil;185;limuzina;ASTRA 
77;1245;6.6;0;OPEL;KB11-1A02A4EABG5;ASTRA / 1.6 / 16V;Nemcija;DEU;osebni avtomobil;187;kupe;ASTRA 
77;1190;6.6;0;OPEL;BB11-1A02A4EABG5;ASTRA / 1.6;Nemcija;DEU;osebni avtomobil;185;vozilo z dviûnimi vrati zadaj;ASTRA 
77;1115;6.6;0;SEAT;SCBTSX0-SGFM52T08740GG;IBIZA / 1.6 /;äpanija;ESP;osebni avtomobil;187;vecnamensko vozilo;IBIZA 
77;1090;6.6;0;SEAT;SCBTSX0-SGFM52T08720GG;IBIZA / 1.6 /;äpanija;ESP;osebni avtomobil;189;vecnamensko vozilo;IBIZA 
77;1370;6.6;0;äKODA;ACCBZBX0-NFD7FD7AM0060;YETI / 1.2 / TSI AUT.;Ceöka republika;CZE;osebni avtomobil;173;karavan;YETI 
77;1345;6.6;0;äKODA;ACCBZBX0-NFM6FM6AJ007;YETI / 1.2 / TSI;Ceöka republika;CZE;osebni avtomobil;175;karavan;YETI 
77;1657;6.6;1;VOLKSWAGEN;ACBLSX01-FA6FA62E016PK0J20GG;CADDY LIFE / 1.9;Nemcija;DEU;osebni avtomobil;166;karavan;CADDY LIFE 
77;1270;6.7;0;FIAT;192BXR1A-36;STILO / 1.6 /;Italija;ITA;osebni avtomobil;185;vozilo z dviûnimi vrati zadaj;STILO 
77;1120;6.7;0;HYUNDAI;CU-SN;ACCENT / 1.6;Koreja. republika;KOR;osebni avtomobil;190;vozilo z dviûnimi vrati zadaj;ACCENT 
77;1375;6.7;0;OPEL;BJ11-1A02A4CGDH5;MERIVA / 1.6 / 16V MTA;Nemcija;DEU;osebni avtomobil;181;vecnamensko vozilo;MERIVA 
77;1375;6.7;0;OPEL;BJ11-1A02A4CGDH5;MERIVA / 1.6 / 16V MTA;Nemcija;DEU;osebni avtomobil;181;vozilo za posebne namene;MERIVA 
77;1315;6.7;0;OPEL;FB11-1A02A5EABG5;ASTRA / CAR. 1.6 / 16V;Nemcija;DEU;osebni avtomobil;185;karavan;ASTRA 
77;1169;6.7;0;SEAT;SCNBTSX01-SGFM52T08740GG;IBIZA / 1.6 /;äpanija;ESP;osebni avtomobil;192;vozilo z dviûnimi vrati zadaj;IBIZA 
77;1144;6.7;0;SEAT;SCNBTSX01-SGFM52T08720GG;IBIZA / 1.6 /;äpanija;ESP;osebni avtomobil;192;vozilo z dviûnimi vrati zadaj;IBIZA 
77;1713;6.7;1;VOLKSWAGEN;ACBLSX11-AM6AM62Q006SK0J27GGNN1;CADDY LIFE / 1.9 / TDI 4M;Nemcija;DEU;osebni avtomobil;164;karavan;CADDY LIFE 
77;1667;6.7;1;VOLKSWAGEN;ACBLSX01-FA6FA62E016SK0J20GGN;CADDY LIFE / 1.9 / TDI AUT.;Nemcija;DEU;osebni avtomobil;166;karavan;CADDY LIFE 
77;1662;6.7;1;VOLKSWAGEN;ACBLSX11-AM6AM62Q006SB0J27GGNN1;CADDY / 1.9 / TDI 4M;Nemcija;DEU;osebni avtomobil;164;karavan;CADDY 
77;1660;6.7;1;VOLKSWAGEN;ACBLSX01-FA6FA62E016SK0J20GG;CADDY LIFE / 1.9 / TDI AUT.;Nemcija;DEU;osebni avtomobil;166;karavan;CADDY LIFE 
77;1578;6.7;1;VOLKSWAGEN;ACBLSX11-AM6AM62Q006SB0J27GGNN1;CADDY / 1.9 / TDI 4M;Nemcija;DEU;osebni avtomobil;168;karavan;CADDY 
77;1525;6.7;1;VOLKSWAGEN;ACBLSX01-FA6FA62E016SB0J20GGNN1;CADDY / 1.9 / TDI AUT.;Nemcija;DEU;osebni avtomobil;166;karavan;CADDY 
77;1438;6.7;0;VOLKSWAGEN;ACCBZBX01-FM5FM5AH016ST0J27MGNN1;CADDY / 1.2 / TSI;Nemcija;DEU;osebni avtomobil;169;karavan;CADDY 
77;1436;6.7;0;VOLKSWAGEN;ACCBZBX01-N0J2FM5FM5AH016N1ST7MQ;CADDY / 1.2 / TSI;Nemcija;DEU;osebni avtomobil;169;karavan;CADDY 
77;1388;6.7;0;VOLKSWAGEN;ACCBZBX01-N0J2FM5FM5AH016N1SBVR07MJ;CADDY / 1.2 / TSI;Nemcija;DEU;osebni avtomobil;169;karavan;CADDY 
77;1106;6.7;0;VOLKSWAGEN;ABSBTSX01-FM5FM52T0871N10GG;POLO / 1.6 /;Nemcija;DEU;osebni avtomobil;192;vozilo z dviûnimi vrati zadaj;POLO 
77;1253;6.8;0;KIA;FES111-5111A;CERATO / 1.6;Koreja. republika;KOR;osebni avtomobil;186;limuzina;CERATO 
77;1760;6.8;0;OPEL;BB11-1A02A4EABG5;ASTRA / 1.6;Nemcija;DEU;osebni avtomobil;185;vozilo z dviûnimi vrati zadaj;ASTRA 
77;1395;6.8;0;OPEL;BV11-1A35ADDBSEA5;VECTRA / 1.6 / 16V;Nemcija;DEU;osebni avtomobil;194;limuzina;VECTRA 
77;1393;6.8;0;OPEL;DV11-1A14ATDASEA5;VECTRA / 1.6 / 16V;Nemcija;DEU;osebni avtomobil;194;vozilo z dviûnimi vrati zadaj;VECTRA 
77;1245;6.8;0;OPEL;KB11-1A02A4EABR5;ASTRA / 1.6 / 16V;Nemcija;DEU;osebni avtomobil;187;kupe;ASTRA 
77;1190;6.8;0;OPEL;BB11 - 1A02A4EABG5;ASTRA / 1.6;Nemcija;DEU;osebni avtomobil;185;vozilo z dviûnimi vrati zadaj;ASTRA 
77;1190;6.8;0;OPEL;BB11-1A02A4EABG5;OPEL / ASTRA / 1.6 / 16V;Nemcija;DEU;osebni avtomobil;185;vozilo z dviûnimi vrati zadaj;OPEL 
77;1025;6.8;0;TOYOTA;NCP13L-AGMVKW(2K);YARIS / 1.5 /;Japonska ;JPN;osebni avtomobil;190;vozilo z dviûnimi vrati zadaj;YARIS 
77;1542;6.8;0;VOLKSWAGEN;AFCBZBX01-FM5FM5AH016SK0J27MGLN1;CADDY MAXI / 1.2 / TSI;Nemcija;DEU;osebni avtomobil;169;vecnamensko vozilo;CADDY MAXI 
77;1514;6.8;0;VOLKSWAGEN;AFCBZBX01-L0J2FM5FM5AH016N1STVR07MJ;CADDY MAXI / 1.2 / TSI;Nemcija;DEU;osebni avtomobil;169;vecnamensko vozilo;CADDY MAXI 
77;1462;6.8;0;VOLKSWAGEN;ACCBZBX01-FM5FM5AH016SK0J27MGNN1;CADDY / 1.2 / TSI;Nemcija;DEU;osebni avtomobil;169;karavan;CADDY 
77;1250;6.9;0;MAZDA;BK12Z2;MAZDA 3 / 1.6 / i;Japonska ;JPN;osebni avtomobil;185;limuzina;MAZDA 3 
77;1245;6.9;0;MAZDA;BK14Z2;MAZDA 3 / 1.6 / I;Japonska ;JPN;osebni avtomobil;182;vozilo z dviûnimi vrati zadaj;MAZDA 3 
77;1235;6.9;0;äKODA;AFBTSX01-NFM5FM52T08715;ROOMSTER / 1.6 /;Ceöka republika;CZE;osebni avtomobil;184;vecnamensko vozilo;ROOMSTER 
77;1165;6.9;0;äKODA;ACBTSX01-NFM5FM52T08714;FABIA / COMBI 1.6 /;Ceöka republika;CZE;osebni avtomobil;192;karavan;FABIA 
77;1145;6.9;0;äKODA;ABBTSX01-NFM5FM52T08714;FABIA / 1.6 /;Ceöka republika;CZE;osebni avtomobil;190;vozilo z dviûnimi vrati zadaj;FABIA 
77;1296;6.9;0;VOLKSWAGEN;1JSCAZDX01-SGFM52K028L21N10GG;GOLF / 1.6 /;Nemcija;DEU;osebni avtomobil;192;vozilo z dviûnimi vrati zadaj;GOLF 
77;1221;6.9;0;VOLKSWAGEN;1JSCAZDX01-SGFM52K028L21N10GG;GOLF / 1.6;Nemcija;DEU;osebni avtomobil;192;vozilo z dviûnimi vrati zadaj;GOLF 
77;1221;6.9;0;VOLKSWAGEN;SCAUSX01-SGFM52K028L21N10GG;GOLF / 1.6 /;Nemcija;DEU;osebni avtomobil;185;vozilo z dviûnimi vrati zadaj;GOLF 
77;1106;6.9;0;VOLKSWAGEN;ABSBTSX01-FM5FM52T0871N1X0GG;POLO / 1.6 /;Nemcija;DEU;osebni avtomobil;192;vozilo z dviûnimi vrati zadaj;POLO 
77;1308;7.1;0;DACIA;HSDCN5;DUSTER / 1.6 / 16V;Romunija;ROM;osebni avtomobil;165;karavan;DUSTER 
77;1246;7.1;0;DACIA;HSDC5E;DUSTER / 1.6 / 16V;Romunija;ROM;osebni avtomobil;165;karavan;DUSTER 
77;1235;7.1;0;DACIA;HSDCM5;DUSTER / 1.6 / 16V;Romunija;ROM;osebni avtomobil;165;karavan;DUSTER 
77;1312;7.1;0;HYUNDAI;BU-H;ELANTRA / 1.6;Koreja. republika;KOR;osebni avtomobil;182;vozilo z dviûnimi vrati zadaj;ELANTRA 
77;1505;7.1;0;OPEL;BJ11-1A01A2BAAE7;ZAFIRA / 1.6 / 16V;Nemcija;DEU;osebni avtomobil;177;vecnamensko vozilo;ZAFIRA 
77;1298;7.1;0;SEAT;1MABAUSX01-SGFM52K0281M1N1;LEON / 1.6;äpanija;ESP;osebni avtomobil;192;vozilo z dviûnimi vrati zadaj;LEON 
77;1314;7.1;0;äKODA;AFBTSX01-NFM5FM52T087M15;ROOMSTER / 1.6 /;Ceöka republika;CZE;osebni avtomobil;184;vecnamensko vozilo;ROOMSTER 
77;1135;7.1;0;TOYOTA;AT180L-BLMSKG;CELICA / 1.6 / STI;Japonska ;JPN;osebni avtomobil;195;kupe;CELICA 
77;1425;7.1;0;VOLKSWAGEN;BVAZDX01-SGFM52K028N41N10GG;BORA / VAR. 1.6 /;Nemcija;DEU;osebni avtomobil;192;karavan;BORA 
77;1362;7.1;0;VOLKSWAGEN;STBCBX0-SGFM52K028N41N10GG;BORA / 1.6 /;Nemcija;DEU;osebni avtomobil;192;limuzina;BORA 
77;1164;7.1;0;VOLKSWAGEN;ABFBTSX01-FM5FM52T0871N10GG;POLO / 1.6 /;Nemcija;DEU;osebni avtomobil;187;vozilo z dviûnimi vrati zadaj;POLO 
77;1260;7.2;0;MAZDA;BK14Z2;MAZDA 3 / 1.6 / i;Japonska ;JPN;osebni avtomobil;182;vozilo z dviûnimi vrati zadaj;MAZDA 3 
77;1190;7.2;0;MAZDA;BK14Z2;3 / 1.6;Japonska ;JPN;osebni avtomobil;182;vozilo z dviûnimi vrati zadaj;3
77;1185;7.2;0;MAZDA;BK14Z2;MAZDA / 3 / 1.6 / i;Japonska ;JPN;osebni avtomobil;182;vozilo z dviûnimi vrati zadaj;MAZDA 
77;1170;7.2;0;MAZDA;BK12Z2;MAZDA 3 / 1.6 / i;Japonska ;JPN;osebni avtomobil;185;limuzina;MAZDA 3 
77;1170;7.2;0;MAZDA;BK12Z2;3 / 1.6;Japonska ;JPN;osebni avtomobil;185;limuzina;3
77;1165;7.2;0;MAZDA;BK12Z2;MAZDA / 3 / 1.6 / i;Japonska ;JPN;osebni avtomobil;185;limuzina;MAZDA 
77;1505;7.3;0;OPEL;BJ11-1A01A2BAAE7;ZAFIRA / 1.6 / 16V;Nemcija;DEU;osebni avtomobil;177;vecnamensko vozilo;ZAFIRA 
77;1505;7.3;0;OPEL;BA11-1A01A2BAAE7;ZAFIRA / 1.6 / 16V;Nemcija;DEU;osebni avtomobil;176;vecnamensko vozilo;ZAFIRA 
77;1154;7.4;0;VOLKSWAGEN;ABSBTSX01-FA6FA69G0891N10GG;POLO / 1.6 / AUT.;Nemcija;DEU;osebni avtomobil;187;vozilo z dviûnimi vrati zadaj;POLO 
77;1300;7.5;0;DACIA;KSD0M5;LOGAN / MCV 1.6 / 16V;Romunija;ROM;osebni avtomobil;174;karavan;LOGAN 
77;1270;7.5;0;DACIA;KSDAM5;LOGAN / MCV 1.6 / 16V;Romunija;ROM;osebni avtomobil;174;karavan;LOGAN 
77;1235;7.5;0;DACIA;HSDAM5;DUSTER / 1.6 / 16V;Romunija;ROM;osebni avtomobil;164;karavan;DUSTER 
77;1285;7.5;0;äKODA;AFBTSX01-NFA6FA69G08915;ROOMSTER / 1.6 / AUT.;Ceöka republika;CZE;osebni avtomobil;179;vecnamensko vozilo;ROOMSTER 
77;1210;7.5;0;äKODA;ACBTSX01-NFA6FA69G08914;FABIA / COMBI 1.6 / AUT.;Ceöka republika;CZE;osebni avtomobil;186;karavan;FABIA 
77;1190;7.5;0;äKODA;ABBTSX01-NFA6FA69G08914;FABIA / 1.6 / AUT.;Ceöka republika;CZE;osebni avtomobil;185;vozilo z dviûnimi vrati zadaj;FABIA 
77;2073;7.5;1;VOLKSWAGEN;AXBNX0-NS280FM52Z01S2;TRANSPORTER 1.9 / TDI;Nemcija;DEU;osebni avtomobil;159;vecnamensko vozilo;TRANSPORTER 1.9 
77;1953;7.5;1;VOLKSWAGEN;AXBKNX0-N280SGFM52Z001S280;TRANSPORTER / 1.9 / TDI;Nemcija;DEU;osebni avtomobil;159;vozilo za invalidski vozicek;TRANSPORTER 
77;1950;7.5;1;VOLKSWAGEN;AXBKNX0-N280SGFM52Z001S280;TRANSPORTER / 1.9 / TDI;Nemcija;DEU;osebni avtomobil;159;vecnamensko vozilo;TRANSPORTER 
77;1865;7.5;1;VOLKSWAGEN;7HC;TRANSPORTER / 1.9 / TDI;Nemcija;DEU;osebni avtomobil;159;vecnamensko vozilo;TRANSPORTER 
77;1250;7.6;0;BMW;3CG;316;Nemcija;DEU;osebni avtomobil;190;vozilo z dviûnimi vrati zadaj;316
77;1235;7.6;0;HONDA;GH2;HRV / 1.6 / I;Japonska ;JPN;osebni avtomobil;162;limuzina;HRV 
77;1394;7.6;0;HYUNDAI;B1-W;COUPE / 1.6 /;Koreja. republika;KOR;osebni avtomobil;185;kupe;COUPE 
77;1332;7.6;0;HYUNDAI;B-W;COUPE / 1.6 /;Koreja. republika;KOR;osebni avtomobil;185;kupe;COUPE 
77;1308;7.6;0;HYUNDAI;B-W;HYUNDAI / COUPE / 1.6 /;Koreja. republika;KOR;osebni avtomobil;185;kupe;HYUNDAI 
77;1308;7.6;0;HYUNDAI;B-W;COUPE / 1.6;Koreja. republika;KOR;osebni avtomobil;185;kupe;COUPE 
77;1375;7.6;0;OPEL;BJ11-1A02A4CBAH5;MERIVA / 1.6 / 16V;Nemcija;DEU;osebni avtomobil;181;vecnamensko vozilo;MERIVA 
77;1375;7.6;0;OPEL;BJ11-1A02A4CGDH5;MERIVA / 1.6 / 16V MTA;Nemcija;DEU;osebni avtomobil;181;vozilo za posebne namene;MERIVA 
77;1905;7.6;1;VOLKSWAGEN;7HC;TRANSPORTER / 1.9 / TDI;Nemcija;DEU;osebni avtomobil;159;vecnamensko vozilo;TRANSPORTER 
77;1245;7.7;0;OPEL;A-H-C;ASTRA / 1.6 / I / GTC;Nemcija;DEU;osebni avtomobil;187;kupe;ASTRA 
77;1285;7.7;0;äKODA;AFBTSX01-NFA6FA69G08915;ROOMSTER / 1.6 / AUT.;Ceöka republika;CZE;osebni avtomobil;179;vecnamensko vozilo;ROOMSTER 
77;2279;7.7;1;VOLKSWAGEN;7HMMD40AXBX0-300NFM52Z0116U;MULTIVAN / 1.9 / TDI;Nemcija;DEU;osebni avtomobil;159;vecnamensko vozilo;MULTIVAN 
77;2145;7.7;1;VOLKSWAGEN;ND40AXBX0-LS280FM52Z09T20GE;TRANSPORTER / 1.9 / TDI;Nemcija;DEU;osebni avtomobil;159;vecnamensko vozilo;TRANSPORTER 
77;2143;7.7;1;VOLKSWAGEN;ND40AXBX0-LS300FM52Z01T2;TRANSPORTER / 1.9 / TDI;Nemcija;DEU;osebni avtomobil;159;vecnamensko vozilo;TRANSPORTER 
77;2095;7.7;1;VOLKSWAGEN;AXBNX0-LS300FM52Z01T3;CARAVELLE / 1.9;Nemcija;DEU;osebni avtomobil;159;vecnamensko vozilo;CARAVELLE 
77;2095;7.7;1;VOLKSWAGEN;ND40AXBX0-NS280FM52Z01T2;TRANSPORTER / 1.9 / TDI;Nemcija;DEU;osebni avtomobil;159;vecnamensko vozilo;TRANSPORTER 
77;2095;7.7;1;VOLKSWAGEN;AXBKNX0-N280SGFM52Z001T2802SR;TRANSPORTER 1.9 / TDI;Nemcija;DEU;osebni avtomobil;159;vecnamensko vozilo;TRANSPORTER 1.9 
77;2083;7.7;1;VOLKSWAGEN;AXBKNX0-N280SGFM52Z001T2802SR;TRANSPORTER / 1.9;Nemcija;DEU;osebni avtomobil;159;vecnamensko vozilo;TRANSPORTER 
77;2070;7.7;1;VOLKSWAGEN;AXBKNX0-L280SGFM52Z001T2802SR;TRANSPORTER / 1.9;Nemcija;DEU;osebni avtomobil;159;vecnamensko vozilo;TRANSPORTER 
77;1980;7.7;1;VOLKSWAGEN;7HC;TRANSPORTER / 1.9 / TDI;Nemcija;DEU;osebni avtomobil;159;vecnamensko vozilo;TRANSPORTER 
77;1905;7.7;1;VOLKSWAGEN;7HCAXBSX0-NS300FM52Z01T2;CARAVELLE / 1.9 / TDI;Nemcija;DEU;osebni avtomobil;159;vecnamensko vozilo;CARAVELLE 
77;1905;7.7;1;VOLKSWAGEN;AXBKNX0-L300SGFM52Z001T3002SR;TRANSPORTER / 1.9 / TDI;Nemcija;DEU;osebni avtomobil;159;vecnamensko vozilo;TRANSPORTER 
77;1360;7.8;0;BMW;346L;316 // i;Nemcija;DEU;osebni avtomobil;200;limuzina;316
77;1265;7.8;0;MAZDA;BK12Z5;MAZDA 3 / 1.6 / i AUT.;Japonska ;JPN;osebni avtomobil;177;limuzina;MAZDA 3 
77;1220;7.8;0;MAZDA;BK14Z5;MAZDA 3 / 1.6 / i AUT.;Japonska ;JPN;osebni avtomobil;174;vozilo z dviûnimi vrati zadaj;MAZDA 3 
77;1360;7.9;0;BMW;346LAL11-11;316 / I;Nemcija;DEU;osebni avtomobil;200;limuzina;316
77;1385;7.9;0;SUBARU;GGD-0P0;IMPREZA / WAGON 1.5 / AWD;Japonska ;JPN;osebni avtomobil;175;karavan;IMPREZA 
77;1285;8.1;0;ALFA ROMEO;937BXA1A05;147 / 1.6;Italija;ITA;osebni avtomobil;185;vozilo z dviûnimi vrati zadaj;147
77;1210;8.1;0;ALFA ROMEO;937BXA1A05G;147 / 1.6;Italija;ITA;osebni avtomobil;185;vozilo z dviûnimi vrati zadaj;147
77;1190;8.1;0;ALFA ROMEO;937AXA1A00C;147 / 1.6 / T. Spark;Italija;ITA;osebni avtomobil;185;vozilo z dviûnimi vrati zadaj;147
77;1487;8.1;1;AUDI;LBLRF1-FM62S005R8P60T4N;A 3 / 2.0;Nemcija;DEU;osebni avtomobil;214;vozilo z dviûnimi vrati zadaj;A 3 
77;1285;8.2;0;ALFA ROMEO;937BXA1A05H;147 / 1.6 / T. Spark;Italija;ITA;osebni avtomobil;185;vozilo z dviûnimi vrati zadaj;147
77;1265;8.2;0;ALFA ROMEO;937AXA1A00H;147 / 1.6 / T. Spark;Italija;ITA;osebni avtomobil;185;vozilo z dviûnimi vrati zadaj;147
77;1235;8.2;0;HONDA;GH2;HRV / 1.6;Japonska ;JPN;osebni avtomobil;162;vozilo z dviûnimi vrati zadaj;HRV 
77;1140;8.2;0;HONDA;GH1;HR-V / 1.6 /;Japonska ;JPN;osebni avtomobil;165;limuzina;HR-V 
77;1433;8.3;0;CHEVROLET;UW3-166;TACUMA / 1.6 / 16V;Koreja. republika;KOR;osebni avtomobil;173;karavan;TACUMA 
77;1390;8.3;0;CHEVROLET;UW3-166;TACUMA / 1.6;Koreja. republika;KOR;osebni avtomobil;173;karavan;TACUMA 
77;1347;8.3;0;CHEVROLET;UW3-166;TACUMA / 1.6;Koreja. republika;KOR;osebni avtomobil;173;limuzina;TACUMA 
77;1347;8.3;0;CHEVROLET;UW3-166;TACUMA / 1.6 / 16V;Koreja. republika;KOR;osebni avtomobil;167;karavan;TACUMA 
77;1315;8.3;0;CHEVROLET;UW3-166;TACUMA / 1.6;Koreja. republika;KOR;osebni avtomobil;167;vozilo z dviûnimi vrati zadaj;TACUMA 
77;1360;8.5;0;BMW;346L;316 / I;Nemcija;DEU;osebni avtomobil;200;limuzina;316
77;1231;8.5;0;VOLVO;VS1123;S40 / 1.6 /;Nizozemska;NLD;osebni avtomobil;185;limuzina;S40 
77;1324;8.6;0;HONDA;GH41-3;HRV / 1.6 / i 4WD;Japonska ;JPN;osebni avtomobil;162;limuzina;HRV 
77;1319;8.6;0;HONDA;GH41-3;HR-V / 1.6 / i 4WD;Japonska ;JPN;osebni avtomobil;162;limuzina;HR-V 
77;1319;8.6;0;HONDA;GH41-3;HRV / 1.6;Japonska ;JPN;osebni avtomobil;162;limuzina;HRV 
77;1319;8.6;0;HONDA;GH41-3;HRV / 1.6;Japonska ;JPN;osebni avtomobil;162;vecnamensko vozilo;HRV 
77;1319;8.6;0;HONDA;GH41-3;HR-V / 1.6 / i 4WD;Japonska ;JPN;osebni avtomobil;162;vecnamensko vozilo;HR-V 
77;1319;8.6;0;HONDA;GH41-3;HRV / 1.6;Japonska ;JPN;osebni avtomobil;162;vozilo za posebne namene;HRV 
77;1309;8.6;0;HONDA;GH4;HRV / 1.6;Japonska ;JPN;osebni avtomobil;162;limuzina;HRV 
77;1270;8.6;0;HONDA;GH2-11;HR-V / 1.6 / I 4WD;Japonska ;JPN;osebni avtomobil;162;limuzina;HR-V 
77;1250;8.6;0;HONDA;GH22-3;HR-V / 1.6 / I 4WD;Japonska ;JPN;osebni avtomobil;162;vozilo z dviûnimi vrati zadaj;HR-V 
77;1249;8.6;0;HONDA;GH41-3;HONDA / HRV / 1.6 / i 4WD;Japonska ;JPN;osebni avtomobil;162;limuzina;HONDA 
77;1235;8.6;0;HONDA;GH22-1;HRV / 1.6;Japonska ;JPN;osebni avtomobil;162;limuzina;HRV 
77;1235;8.6;0;HONDA;GH2;HRV  1.6;Japonska ;JPN;osebni avtomobil;162;vozilo z dviûnimi vrati zadaj;HRV  1.6
77;1195;8.6;0;HONDA;C0-GH2-1-1;HRV / 1.6;Japonska ;JPN;osebni avtomobil;174;vecnamensko vozilo;HRV 
77;1195;8.6;0;HONDA;GH2-1;HR-V / 1.6 /;Japonska ;JPN;osebni avtomobil;165;limuzina;HR-V 
77;1195;8.6;0;HONDA;GH2 - 1 - 1;HRV / 1.6 / I 4WD;Japonska ;JPN;osebni avtomobil;162;vecnamensko vozilo;HRV 
77;1195;8.6;0;HONDA;GH22-1;HR-V / 1.6 / i 4WD;Japonska ;JPN;osebni avtomobil;162;karavan;HR-V 
77;1175;8.6;0;HONDA;GH22-1;HR-V / 1.6 /;Japonska ;JPN;osebni avtomobil;165;limuzina;HR-V 
77;1175;8.6;0;HONDA;GH21-1;HR-V / 1.6 / ;Japonska ;JPN;osebni avtomobil;162;limuzina;HR-V 
77;1580;9.1;0;HONDA;GH2;HRV / 1.6;Japonska ;JPN;osebni avtomobil;162;limuzina;HRV 
77.2;1606;1.1;0;HYUNDAI;B5P21-D61CZ1;IONIQ / 1.6 / GDI PHEV;Koreja. republika;KOR;osebni avtomobil;178;vozilo z dviûnimi vrati zadaj;IONIQ 
77.2;1595;1.1;0;HYUNDAI;B5P21-D61CY1;IONIQ / 1.6 / GDI PHEV;Koreja. republika;KOR;osebni avtomobil;178;vozilo z dviûnimi vrati zadaj;IONIQ 
77.2;1594;1.3;0;KIA;DEC5P21-D61AZ1;NIRO / 1.6 / PHEV DCT;Koreja. republika;KOR;osebni avtomobil;172;karavan;NIRO 
77.2;1500;3.8;0;KIA;DEC5P11-D61AZ1;NIRO / 1.6 / HEV;Koreja. republika;KOR;osebni avtomobil;162;karavan;NIRO 
77.2;1502;3.9;0;HYUNDAI;B5P11-D61BZ1;IONIQ / 1.6 / GDI HEV;Koreja. republika;KOR;osebni avtomobil;185;vozilo z dviûnimi vrati zadaj;IONIQ 
77.2;1498;4.4;0;HYUNDAI;F5P31-D61CY1;KONA / 1.6 / GDI HEV;Koreja. republika;KOR;osebni avtomobil;160;vecnamensko vozilo;KONA 
77.2;1521;4.4;0;KIA;DEC5P11-D61BZ1;NIRO / 1.6 / HEV;Koreja. republika;KOR;osebni avtomobil;162;karavan;NIRO 
77.2;1465;4.9;0;HYUNDAI;F5P31-D61CZ1;KONA / 1.6 / GDI HEV;Koreja. republika;KOR;osebni avtomobil;160;vecnamensko vozilo;KONA 
77.2;1498;5.4;0;HYUNDAI;F5P31-D61CY1;KONA / 1.6 / GDI HEV;Koreja. republika;KOR;osebni avtomobil;160;vecnamensko vozilo;KONA 
77.2;1257;5.8;0;KIA;EDB3P71-M56AZ1;CEED / 1.4 /;Slovaöka;SVK;osebni avtomobil;185;vecnamensko vozilo;CEED 
77.2;1355;6.1;0;KIA;EDB5P11-M51AZ1;CEED / 1.4 /;Slovaöka;SVK;osebni avtomobil;185;vecnamensko vozilo;CEED 
77.2;1120;6.7;0;HYUNDAI;CV-SN;ACCENT / 1.6 /;Koreja. republika;KOR;osebni avtomobil;190;vozilo z dviûnimi vrati zadaj;ACCENT 
77.2;1253;6.8;0;KIA;FES111-5111A;CERATO / 1.6 /;Koreja. republika;KOR;osebni avtomobil;186;limuzina;CERATO 
77.2;1178;6.8;0;KIA;FES111-5111A;CERATO / 1.6;Koreja. republika;KOR;osebni avtomobil;186;limuzina;CERATO 
77.2;1375;7.1;0;HYUNDAI;BV-H;ELANTRA / 1.6 /;Koreja. republika;KOR;osebni avtomobil;182;vozilo z dviûnimi vrati zadaj;ELANTRA 
78;1310;4.2;1;RENAULT;KRAS36;CLIO / GRANDTOUR 1.5 / DCI;Francija;FRA;osebni avtomobil;190;karavan;CLIO 
78;1285;4.2;1;RENAULT;BRAS36;CLIO / 1.5 / DCI;Francija;FRA;osebni avtomobil;190;vozilo z dviûnimi vrati zadaj;CLIO 
78;1395;4.4;1;RENAULT;KZ1W06;MEGANE / GRANDTOUR 1.5 / DCI;Francija;FRA;osebni avtomobil;190;karavan;MEGANE 
78;1381;4.5;1;RENAULT;KZ0B06;MEGANE / GRANDTOUR 1.5 / DCI;Francija;FRA;osebni avtomobil;190;karavan;MEGANE 
78;1290;4.5;1;RENAULT;BZ0B06;MEGANE / 1.5 / DCI;Francija;FRA;osebni avtomobil;190;vozilo z dviûnimi vrati zadaj;MEGANE 
78;1280;4.5;1;RENAULT;DZ0B06;MEGANE / COUPE 1.5 / DCI;Francija;FRA;osebni avtomobil;190;kupe;MEGANE 
78;1280;4.5;1;RENAULT;KMSEB6;MEGANE / GRANDTOUR 1.5 / DCI;Francija;FRA;osebni avtomobil;186;karavan;MEGANE 
78;1280;4.5;1;RENAULT;LMSEB6;MEGANE / SEDAN 1.5 / DCI;Francija;FRA;osebni avtomobil;185;limuzina;MEGANE 
78;1280;4.5;1;RENAULT;BMSE06;MEGANE / 1.5 / DCI;Francija;FRA;osebni avtomobil;185;vozilo z dviûnimi vrati zadaj;MEGANE 
78;1280;4.5;1;RENAULT;LZBB06;FLUENCE / 1.5 / DCI;Francija;FRA;osebni avtomobil;185;limuzina;FLUENCE 
78;1280;4.5;1;RENAULT;KMSEB6;MEGANE / GRANDTOUR 1.5 / DCI;Francija;FRA;osebni avtomobil;185;karavan;MEGANE 
78;1265;4.5;1;RENAULT;CMSE06;MEGANE / 1.5 / DCI;Francija;FRA;osebni avtomobil;185;vozilo z dviûnimi vrati zadaj;MEGANE 
78;1205;4.5;1;RENAULT;BMSE06;MEGANE / 1.5 / DCI;Francija;FRA;osebni avtomobil;185;limuzina;MEGANE 
78;1195;4.5;1;RENAULT;BMS-E06;MEGANE / 1.5 / DCI;Francija;FRA;osebni avtomobil;168;vozilo z dviûnimi vrati zadaj;MEGANE 
78;1310;4.6;1;RENAULT;KR1H06;CLIO / GRANDTOUR 1.5 / DCI;Francija;FRA;osebni avtomobil;190;karavan;CLIO 
78;1285;4.6;1;RENAULT;BR1H06;CLIO / 1.5 / DCI;Francija;FRA;osebni avtomobil;190;vozilo z dviûnimi vrati zadaj;CLIO 
78;1275;4.6;1;RENAULT;CRCH06;CLIO / 1.5 / DCI;Francija;FRA;osebni avtomobil;190;vozilo z dviûnimi vrati zadaj;CLIO 
78;1260;4.6;1;RENAULT;KMS-E06;MEGANE / 1.5 / DCI;Francija;FRA;osebni avtomobil;168;karavan;MEGANE 
78;1400;4.7;1;RENAULT;KMSEC6;MEGANE / GRANDTOUR 1.5 / DCI;Francija;FRA;osebni avtomobil;185;karavan;MEGANE 
78;1315;4.7;1;RENAULT;LMSE06;MEGANE / SEDAN 1.5 / DCI;Francija;FRA;osebni avtomobil;186;limuzina;MEGANE 
78;1300;4.7;1;RENAULT;BMSEA6;MEGANE / 1.5 / DCI;Francija;FRA;osebni avtomobil;185;vozilo z dviûnimi vrati zadaj;MEGANE 
78;1300;4.7;1;RENAULT;KMSE06;MEGANE / GRANDTOUR 1.5 / DCI;Francija;FRA;osebni avtomobil;168;karavan;MEGANE 
78;1275;4.7;1;RENAULT;JP0H06;MODUS / 1.5 / DCI;Francija;FRA;osebni avtomobil;186;vecnamensko vozilo;MODUS 
78;1260;4.7;1;RENAULT;KMSE06;MEGANE / GRANDTOUR 1.5 / DCI;Francija;FRA;osebni avtomobil;185;karavan;MEGANE 
78;1260;4.7;1;RENAULT;KMSE06;MEGANE / 1.5 / DCI;Francija;FRA;osebni avtomobil;178;karavan;MEGANE 
78;1485;4.9;1;RENAULT;JZ1WA6;GRAND SCENIC / 1.5 / DCI;Francija;FRA;osebni avtomobil;180;vozilo z dviûnimi vrati zadaj;GRAND SCENIC 
78;1460;4.9;1;RENAULT;JZ0B06;SCENIC / 1.5 / DCI;Francija;FRA;osebni avtomobil;180;vozilo z dviûnimi vrati zadaj;SCENIC 
78;1395;5.1;1;NISSAN;J10-C01;QASHQAI / 1.5 / DCI;Zdruûeno kraljestvo;GBR;osebni avtomobil;177;vecnamensko vozilo;QASHQAI 
78;1505;5.1;1;RENAULT;JZ0BB6;GRAND SCENIC / 1.5 / DCI;Francija;FRA;osebni avtomobil;180;vecnamensko vozilo;GRAND SCENIC 
78;1485;5.1;1;RENAULT;JZ0BA6;GRAND SCENIC / 1.5 / DCI;Francija;FRA;osebni avtomobil;180;vozilo z dviûnimi vrati zadaj;GRAND SCENIC 
78;1460;5.1;1;RENAULT;JZ2B0D;SCENIC / 1.5 / DCI;Francija;FRA;osebni avtomobil;180;vozilo z dviûnimi vrati zadaj;SCENIC 
78;1482;5.2;1;NISSAN;J10-C01;QASHQAI / 1.5 / DCI;Zdruûeno kraljestvo;GBR;osebni avtomobil;174;vecnamensko vozilo;QASHQAI 
78;1389;5.2;1;NISSAN;C11-F01;TIIDA / 1.5 / DCI;Mehika;MEX;osebni avtomobil;186;vozilo z dviûnimi vrati zadaj;TIIDA 
78;1615;5.2;1;RENAULT;JMSE06;SCENIC / 1.5 / DCI;Francija;FRA;osebni avtomobil;178;vecnamensko vozilo;SCENIC 
78;1505;5.2;1;RENAULT;JZ1WB6;GRAND SCENIC / 1.5 / DCI;Francija;FRA;osebni avtomobil;180;vecnamensko vozilo;GRAND SCENIC 
78;1505;5.2;1;RENAULT;JMJEN6;SCENIC / 1.5 / DCI;Francija;FRA;osebni avtomobil;178;vozilo z dviûnimi vrati zadaj;SCENIC 
78;1480;5.2;1;RENAULT;JMSE-06;SCENIC / 1.5 / DCI;Francija;FRA;osebni avtomobil;178;vecnamensko vozilo;SCENIC 
78;1460;5.2;1;RENAULT;JZ3W0D;SCENIC / 1.5 / DCI;Francija;FRA;osebni avtomobil;180;vozilo z dviûnimi vrati zadaj;SCENIC 
78;1440;5.2;1;RENAULT;JMSE06;SCENIC/ 1.5 / DCI;Francija;FRA;osebni avtomobil;178;vecnamensko vozilo;SCENIC
78;1440;5.2;1;RENAULT;JMSE05;MEGANE / SCENIC / 1.5 / DCI;Francija;FRA;osebni avtomobil;178;vecnamensko vozilo;MEGANE 
78;1440;5.2;1;RENAULT;JMSE06;SCENIC / 1.5 / DCI;Francija;FRA;osebni avtomobil;178;limuzina;SCENIC 
78;1482;5.4;1;NISSAN;J10-C01;QASHQAI / 1.5 / DCI;Zdruûeno kraljestvo;GBR;osebni avtomobil;174;vecnamensko vozilo;QASHQAI 
78;1565;5.4;1;RENAULT;JMGED6;SCENIC / 1.5 / DCI;Francija;FRA;osebni avtomobil;178;vecnamensko vozilo;SCENIC 
78;1565;5.4;1;RENAULT;JMGED6;GRAND SCENIC / 1.5 / DCI;Francija;FRA;osebni avtomobil;178;vecnamensko vozilo;GRAND SCENIC 
78;1565;5.4;1;RENAULT;JMGED6;MEGANE / SCENIC / 1.5 / DCI;Francija;FRA;osebni avtomobil;178;vecnamensko vozilo;MEGANE 
78;1535;5.4;1;RENAULT;JMJEP6;SCENIC / 1.5 / DCI;Francija;FRA;osebni avtomobil;178;vozilo z dviûnimi vrati zadaj;SCENIC 
78;1505;5.5;1;RENAULT;KW0CB6;KANGOO / 1.5 / DCI;Francija;FRA;osebni avtomobil;170;vecnamensko vozilo;KANGOO 
78;1505;5.5;1;RENAULT;KW0CB6;KANGOO / 1.5 / DCI;Francija;FRA;osebni avtomobil;170;vozilo za posebne namene;KANGOO 
78;1490;5.5;1;RENAULT;KW2CC6;KANGOO / 1.5 / DCI;Francija;FRA;osebni avtomobil;170;karavan;KANGOO 
78;1505;5.6;1;RENAULT;KW0CD6;KANGOO / 1.5 / DCI;Francija;FRA;osebni avtomobil;170;vecnamensko vozilo;KANGOO 
78;1070;6.8;0;TOYOTA;NCP13L-AGMVKW(2H);YARIS / 1.5 /;Japonska ;JPN;osebni avtomobil;190;vozilo z dviûnimi vrati zadaj;YARIS 
78;1025;6.8;0;TOYOTA;NCP13L-AGMVKW(2G);YARIS / 1.5 /;Japonska ;JPN;osebni avtomobil;190;vozilo z dviûnimi vrati zadaj;YARIS 
78;1120;6.9;0;OPEL;S93BK11-A05EDFAC4;TIGRA / 1.6 I 16V;Nemcija;DEU;osebni avtomobil;203;kupe;TIGRA 
78;1325;7.4;0;SUZUKI;ERD31S-5MT;LIANA / 1.6;Japonska ;JPN;osebni avtomobil;170;vozilo z dviûnimi vrati zadaj;LIANA 
78;1325;7.4;0;SUZUKI;ERD31S-5MT;LIANA/ 1.6 / 4WD;Japonska ;JPN;osebni avtomobil;170;vozilo z dviûnimi vrati zadaj;LIANA
78;1735;7.7;1;RENAULT;BJR006;VEL SATIS / 2.2 / DCI;Francija;FRA;osebni avtomobil;177;vozilo z dviûnimi vrati zadaj;VEL SATIS 
78;1460;7.7;0;RENAULT;KW0UB5;KANGOO / 1.6 / 16V;Francija;FRA;osebni avtomobil;170;vozilo za posebne namene;KANGOO 
78;1420;7.7;0;RENAULT;KW4UB5;KANGOO / 1.6 / 16V DIV 4;Francija;FRA;osebni avtomobil;170;vozilo za invalidski vozicek;KANGOO 
78;1394;7.7;0;RENAULT;KW0UB5;KANGOO / 1.6 / 16V;Francija;FRA;osebni avtomobil;170;vecnamensko vozilo;KANGOO 
78;1394;7.7;0;RENAULT;KW2UC5;KANGOO / 1.6 / 16V;Francija;FRA;osebni avtomobil;170;karavan;KANGOO 
78;1473;7.9;0;RENAULT;KW0DB5;KANGOO / 1.6 / 16V;Francija;FRA;osebni avtomobil;170;vecnamensko vozilo;KANGOO 
78;1447;7.9;0;RENAULT;KW2DC5;KANGOO / 1.6 / 16V;Francija;FRA;osebni avtomobil;170;karavan;KANGOO 
78;1482;8.2;0;SUZUKI;JTA74V-MT;GRAND VITARA / 1.6 /;Japonska ;JPN;osebni avtomobil;160;karavan;GRAND VITARA 
78;1482;8.2;0;SUZUKI;JTA74V-MT;GRAND VITARA / 1.6 /;Japonska ;JPN;osebni avtomobil;160;vozilo za posebne namene;GRAND VITARA 
78;1505;8.5;0;RENAULT;KW0DBA;KANGOO / 1.6 / 16V AUT.;Francija;FRA;osebni avtomobil;164;vecnamensko vozilo;KANGOO 
78;1445;8.7;0;SUZUKI;JTA74V-5MT;GRAND VITARA / 1.6 /;Japonska ;JPN;osebni avtomobil;160;karavan;GRAND VITARA 
78;1407;9.9;1;NISSAN;J-10-C01;QASHQAI / 1.5;Japonska ;JPN;osebni avtomobil;180;vecnamensko vozilo;QASHQAI 
79;1403;4.4;1;DACIA;JSDBC6;LODGY / 1.5 / DCI;Romunija;ROM;osebni avtomobil;175;karavan;LODGY 
79;1280;4.4;1;DACIA;JSDBC8;LODGY / 1.5 / DCI;Romunija;ROM;osebni avtomobil;175;karavan;LODGY 
79;1337;4.7;1;DACIA;JSDBC7;LODGY / 1.5 / DCI;Romunija;ROM;osebni avtomobil;175;karavan;LODGY 
79;1280;4.7;1;DACIA;JSDAC7;LODGY / 1.5 / DCI;Romunija;ROM;osebni avtomobil;175;karavan;LODGY 
79;1371;5.2;1;PEUGEOT;3CRHS-B;307 / 2.0 / HDI;Francija;FRA;osebni avtomobil;191;vozilo z dviûnimi vrati zadaj;307
79;1371;5.2;1;PEUGEOT;3CRHSB;307 / 2.0 / HDI;Francija;FRA;osebni avtomobil;188;vozilo z dviûnimi vrati zadaj;307
79;1354;5.2;1;PEUGEOT;3-ARHSB;307 / 2.0 / HDI;Francija;FRA;osebni avtomobil;191;vozilo z dviûnimi vrati zadaj;307
79;1354;5.2;1;PEUGEOT;3ARHSB;307 / 2.0;Francija;FRA;osebni avtomobil;188;vozilo z dviûnimi vrati zadaj;307
79;1296;5.2;1;PEUGEOT;3CR-HSB;307 / 2.0;Francija;FRA;osebni avtomobil;188;vozilo z dviûnimi vrati zadaj;307
79;1127;5.4;1;CITROEN;N18HZB;XSARA / 1.6 / HDi;Francija;FRA;osebni avtomobil;185;vozilo z dviûnimi vrati zadaj;XSARA 
79;1496;5.4;1;PEUGEOT;3HRHSB;307 / MONOSPACE 2.0 / HDI;Francija;FRA;osebni avtomobil;183;vecnamensko vozilo;307
79;1496;5.4;1;PEUGEOT;3HRHSB;307 / MONOSPACE 2.0;Francija;FRA;osebni avtomobil;183;karavan;307
79;1434;5.4;1;PEUGEOT;3ERHSB;307 / BREAK 2.0 / HDI;Francija;FRA;osebni avtomobil;183;karavan;307
79;1421;5.4;1;PEUGEOT;3-HRHSB;307 / 2.0 / HDI / MONOSPACE;Francija;FRA;osebni avtomobil;188;vecnamensko vozilo;307
79;1421;5.4;1;PEUGEOT;3-RHS-H-B;307 / MONOSPACE / 2.0 / HDI;Francija;FRA;osebni avtomobil;183;vecnamensko vozilo;307
79;1496;5.5;1;PEUGEOT;3-RHS;307 / 2.0 / HDI / MONOSPACE;Francija;FRA;osebni avtomobil;183;vecnamensko vozilo;307
79;1425;5.5;1;RENAULT;BGRR06;LAGUNA / 1.9 / DCI;Francija;FRA;osebni avtomobil;200;vozilo z dviûnimi vrati zadaj;LAGUNA 
79;1425;5.6;1;RENAULT;BGRR-06;LAGUNA / 1.9 / DCI;Francija;FRA;osebni avtomobil;193;vozilo z dviûnimi vrati zadaj;LAGUNA 
79;1350;5.6;1;RENAULT;BG0R06;LAGUNA / 1.9 / DCI;Francija;FRA;osebni avtomobil;193;vozilo z dviûnimi vrati zadaj;LAGUNA 
79;1460;5.7;1;RENAULT;KGRR-06;LAGUNA / GRANDTOUR 1.9 / DCI;Francija;FRA;osebni avtomobil;190;karavan;LAGUNA 
79;1425;5.7;1;RENAULT;BGRR06;LAGUNA / 1.9 / DCI;Francija;FRA;osebni avtomobil;190;vozilo z dviûnimi vrati zadaj;LAGUNA 
79;1385;5.7;1;RENAULT;KGRR06;LAGUNA / GRANDTOUR / 1.9 / DCI;Francija;FRA;osebni avtomobil;197;karavan;LAGUNA 
79;1385;5.7;1;RENAULT;G;LAGUNA / 1.9 / DCI;Francija;FRA;osebni avtomobil;190;karavan;LAGUNA 
79;1514;5.9;1;PEUGEOT;8RHS;406 / 2.0 / HDI;Francija;FRA;osebni avtomobil;186;karavan;406
79;1743;6.4;1;LANCIA;179BXF11 1AL;PHEDRA / 2.0 / JTD AUT.;Italija;ITA;osebni avtomobil;167;vecnamensko vozilo;PHEDRA 
79;1210;6.7;0;FIAT;FYA21SMT;SEDICI / 1.6 /;Madûarska;HUN;osebni avtomobil;180;vozilo z dviûnimi vrati zadaj;SEDICI 
79;1210;6.8;0;FIAT;FYA21SMT;SEDICI / 1.6 /;Madûarska;HUN;osebni avtomobil;180;vozilo z dviûnimi vrati zadaj;SEDICI 
79;1240;6.8;0;SUZUKI;GYC21S-MT;SX4 / 1.6 /;Japonska ;JPN;osebni avtomobil;180;limuzina;SX4 
79;1205;6.8;0;SUZUKI;EYA21S-MT;SX4 / 1.6 / 2WD;Madûarska;HUN;osebni avtomobil;180;vozilo z dviûnimi vrati zadaj;SX4 
79;1270;6.9;0;FIAT;FYB21SMT;SEDICI / 1.6 / 4X4;Madûarska;HUN;osebni avtomobil;170;vozilo z dviûnimi vrati zadaj;SEDICI 
79;1270;6.9;0;FIAT;FYB21SMT;SEDICI / 1.6 / 4X4;Madûarska;HUN;osebni avtomobil;170;limuzina;SEDICI 
79;1060;6.9;0;RENAULT;DA0B05;MEGANE / COUPE 1.6 / 16V;Francija;FRA;osebni avtomobil;198;kupe;MEGANE 
79;1265;6.9;0;SUZUKI;EYB21S-MT;SX4 / 1.6 / 4WD;Madûarska;HUN;osebni avtomobil;170;vozilo z dviûnimi vrati zadaj;SX4 
79;1270;7.1;0;FIAT;FYB21SMT;SEDICI / 1.6 / 4X4;Madûarska;HUN;osebni avtomobil;170;vozilo z dviûnimi vrati zadaj;SEDICI 
79;1200;7.1;0;RENAULT;EA;MEGANE / COUPE / 1.6;Francija;FRA;osebni avtomobil;200;kabriolet;MEGANE 
79;1160;7.1;0;RENAULT;BA1J-05;MEGANE / 1.6 /;Francija;FRA;osebni avtomobil;195;vozilo z dviûnimi vrati zadaj;MEGANE 
79;1265;7.1;0;SUZUKI;EYB21S-MT;SX4 / 1.6 / 4WD;Madûarska;HUN;osebni avtomobil;170;vozilo z dviûnimi vrati zadaj;SX4 
79;1743;7.2;1;CITROEN;EBRHT-B;C8 / 2.0 / HDI 16V;Francija;FRA;osebni avtomobil;174;vecnamensko vozilo;C8 
79;1668;7.2;1;CITROEN;EBRHTB;C8 / 2.0 / HDI;Francija;FRA;osebni avtomobil;174;vecnamensko vozilo;C8 
79;1743;7.2;1;PEUGEOT;EBRHTB;807 / 2.0 / HDI;Francija;FRA;osebni avtomobil;174;vecnamensko vozilo;807
79;1345;7.2;0;RENAULT;BG0A05;LAGUNA / 1.6 / 16V;Francija;FRA;osebni avtomobil;195;vozilo z dviûnimi vrati zadaj;LAGUNA 
79;1250;7.2;0;RENAULT;JA1-J05;MEGANE / SCENIC / 1.6;Francija;FRA;osebni avtomobil;170;vozilo z dviûnimi vrati zadaj;MEGANE 
79;1235;7.2;0;RENAULT;KA0B05;MEGANE / BREAK 1.6 / 16V;Francija;FRA;osebni avtomobil;193;vozilo z dviûnimi vrati zadaj;MEGANE 
79;1135;7.2;0;RENAULT;DA;MEGANE / COUPE 1.6;Francija;FRA;osebni avtomobil;198;kupe;MEGANE 
79;1325;7.3;0;RENAULT;JA0B05;MEGANE / SCENIC 1.6 / 16V;Francija;FRA;osebni avtomobil;182;vecnamensko vozilo;MEGANE 
79;1325;7.3;0;RENAULT;JA04-B5;MEGANE / SCENIC 1.6;Francija;FRA;osebni avtomobil;182;vozilo z dviûnimi vrati zadaj;MEGANE 
79;1250;7.3;0;RENAULT;JA0B05;MEGANE / SCENIK / 1.6 / 16V;Francija;FRA;osebni avtomobil;185;limuzina;MEGANE 
79;1250;7.3;0;RENAULT;JA0B05;SCENIC / 1.6 / 16V;Francija;FRA;osebni avtomobil;185;vecnamensko vozilo;SCENIC 
79;1250;7.3;0;RENAULT;JA04B5;SCENIC / 1.6 /;Francija;FRA;osebni avtomobil;182;vecnamensko vozilo;SCENIC 
79;1250;7.3;0;RENAULT;JA0B05;MEGANE / SCENIC 1.6 / 16V;Francija;FRA;osebni avtomobil;182;vozilo z dviûnimi vrati zadaj;MEGANE 
79;1380;7.4;0;RENAULT;KG0A05;LAGUNA / GRANDTOUR 1.6;Francija;FRA;osebni avtomobil;188;karavan;LAGUNA 
79;1325;7.4;0;RENAULT;JA04-05;MEGANE / SCENIC 1.6 / 16V;Francija;FRA;osebni avtomobil;182;vecnamensko vozilo;MEGANE 
79;1250;7.4;0;RENAULT;JA0405;MEGANE / SCENIC 1.6 / 16V;Francija;FRA;osebni avtomobil;182;vecnamensko vozilo;MEGANE 
79;1135;7.4;0;RENAULT;DA;MEGANE / COUPE / 1.6;Francija;FRA;osebni avtomobil;198;kupe;MEGANE 
79;1265;7.5;0;HYUNDAI;RDW-MN;COUPE / 1.6 /;Koreja. republika;KOR;osebni avtomobil;185;kupe;COUPE 
79;1380;7.5;0;RENAULT;KG0L-05;LAGUNA / GRANDTOUR 1.6;Francija;FRA;osebni avtomobil;188;karavan;LAGUNA 
79;1325;7.5;0;RENAULT;JA1J-05;MEGANE / SCENIC 1.6 / 16V;Francija;FRA;osebni avtomobil;182;vecnamensko vozilo;MEGANE 
79;1325;7.5;0;RENAULT;JA1J05;MEGANE / SCENIC 1.6 / 16V;Francija;FRA;osebni avtomobil;182;vozilo z dviûnimi vrati zadaj;MEGANE 
79;1305;7.5;0;RENAULT;B56G-05;LAGUNA / 1.6 / 16V;Francija;FRA;osebni avtomobil;195;vozilo z dviûnimi vrati zadaj;LAGUNA 
79;1420;7.5;0;SUBARU;GH3-020;IMPREZA / WAGON 1.5R / AWD;Japonska ;JPN;osebni avtomobil;175;karavan;IMPREZA 
79;1325;7.5;0;SUZUKI;ERD31S-5MT;LIANA / 1.6 / 4WD;Japonska ;JPN;osebni avtomobil;170;vozilo z dviûnimi vrati zadaj;LIANA 
79;1325;7.6;0;RENAULT;JA;MEGANE / SCENIC 1.6;Francija;FRA;osebni avtomobil;182;vozilo z dviûnimi vrati zadaj;MEGANE 
79;1420;7.6;0;SUBARU;GH3-020;IMPREZA / WAGON 1.5R / AWD;Japonska ;JPN;osebni avtomobil;175;karavan;IMPREZA 
79;1220;7.6;0;SUZUKI;EYA21S-AT;SX4 / 1.6 / 2WD AUT.;Madûarska;HUN;osebni avtomobil;170;vozilo z dviûnimi vrati zadaj;SX4 
79;1360;7.7;0;RENAULT;K56G-05;LAGUNA / BREAK 1.6 / 16V;Francija;FRA;osebni avtomobil;187;karavan;LAGUNA 
79;1325;8.1;0;RENAULT;JA;MEGANE / SCENIC / 1.6;Francija;FRA;osebni avtomobil;182;vozilo z dviûnimi vrati zadaj;MEGANE 
79;1433;8.3;0;CHEVROLET;UW3-188;TACUMA / 1.6 / 16V;Koreja. republika;KOR;osebni avtomobil;173;karavan;TACUMA 
79;1360;8.4;0;RENAULT;K56;LAGUNA / 1.6 / I;Francija;FRA;osebni avtomobil;187;karavan;LAGUNA 
79;1305;8.5;0;RENAULT;B56;LAGUNA / 1.6;Francija;FRA;osebni avtomobil;195;vozilo z dviûnimi vrati zadaj;LAGUNA 
79;1935;9.6;1;PEUGEOT;231C42;BOXER / 2.4 / TDI;Francija;FRA;osebni avtomobil;165;vecnamensko vozilo;BOXER 
80;1510;10.3;1;FIAT;220AC5;ULYSSE / 2.0 /;Italija;ITA;osebni avtomobil;177;vecnamensko vozilo;ULYSSE 
80;2531;10.3;1;VOLKSWAGEN;KM5B1350N-MAD2AVA9;CRAFTER 35 / 2.5 / TDI;Nemcija;DEU;osebni avtomobil;140;vecnamensko vozilo;CRAFTER 35 
80;1410;3.6;1;MERCEDES BENZ;M212P2-WZBA153X;B / 180 / d;Nemcija;DEU;osebni avtomobil;190;karavan;B 
80;1395;3.6;1;MERCEDES BENZ;M212M2-WZBCB530;B / 180 / CDI;Nemcija;DEU;osebni avtomobil;190;karavan;B 
80;1425;3.7;1;MERCEDES BENZ;1212P2-MZAAA501;A / 180 / d AUT.;Nemcija;DEU;osebni avtomobil;190;karavan;A 
80;1395;3.7;1;MERCEDES BENZ;1212P2-AZAAB501;A / 180 / CDI;Nemcija;DEU;osebni avtomobil;190;karavan;A 
80;1425;3.8;1;MERCEDES BENZ;M212M2-WZAAB530;B / 180 / CDI;Nemcija;DEU;osebni avtomobil;190;karavan;B 
80;1425;3.8;1;MERCEDES BENZ;1212P2-MZAA1522;A / 180 / d AUT.;Nemcija;DEU;osebni avtomobil;190;karavan;A 
80;1395;3.8;1;MERCEDES BENZ;1212M2-AZAAB500;A / 180 / CDI;Nemcija;DEU;osebni avtomobil;190;karavan;A 
80;1356;3.8;1;VOLVO;MK76H2;C30 / 1.6 / TD;ävedska;SWE;osebni avtomobil;190;kupe;C30 
80;1470;3.9;1;MERCEDES BENZ;2212P2-AZBA1501;CLA / 180 / d;Nemcija;DEU;osebni avtomobil;200;karavan;CLA 
80;1470;3.9;1;MERCEDES BENZ;2712P2-MZAA1501;GLA / 180 / d AUT.;Nemcija;DEU;osebni avtomobil;190;karavan;GLA 
80;1465;3.9;1;MERCEDES BENZ;2212P2-AZAAA501;CLA / 180 / d;Nemcija;DEU;osebni avtomobil;200;karavan;CLA 
80;1450;3.9;1;MERCEDES BENZ;2312P2-AZAAB541;CLA / 180 / CDI;Nemcija;DEU;osebni avtomobil;205;limuzina;CLA 
80;1440;3.9;1;MERCEDES BENZ;2312P2-AZBA1502;CLA / 180 / d;Nemcija;DEU;osebni avtomobil;205;limuzina;CLA 
80;1425;3.9;1;MERCEDES BENZ;1212P2-MZAAA504;A / 180 / d AUT.;Nemcija;DEU;osebni avtomobil;190;karavan;A 
80;1395;3.9;1;MERCEDES BENZ;1212P2-AZAA1502;A / 180 / d;Nemcija;DEU;osebni avtomobil;190;karavan;A 
80;1385;3.9;1;MERCEDES BENZ;1212P2-WZAA153X;A  180 / / d;Nemcija;DEU;osebni avtomobil;190;karavan;A  180 
80;1165;3.9;1;MINI;MG31-AA;COOPER D / /;Nemcija;DEU;osebni avtomobil;195;vozilo z dviûnimi vrati zadaj;COOPER D 
80;1507;3.9;1;VOLVO;MW76F2;V50 / 1.6 / TD;ävedska;SWE;osebni avtomobil;190;vecnamensko vozilo;V50 
80;1474;3.9;1;VOLVO;MS76F2;S40 / 1.6 / TD;ävedska;SWE;osebni avtomobil;190;limuzina;S40 
80;1356;3.9;1;VOLVO;MK76F2;C30 / 1.6 / TD;ävedska;SWE;osebni avtomobil;190;kupe;C30 
80;1495;4.1;1;MERCEDES BENZ;2212P2-MZBA1501;CLA / 180 / d AUT.;Nemcija;DEU;osebni avtomobil;200;karavan;CLA 
80;1475;4.1;1;MERCEDES BENZ;2312M2-MZAAB542;CLA / 180 / CDI AUT.;Nemcija;DEU;osebni avtomobil;205;limuzina;CLA 
80;1475;4.1;1;MERCEDES BENZ;1207M2-MZAAB500;A / 180 / CDI AUT.;Nemcija;DEU;osebni avtomobil;190;karavan;A 
80;1470;4.1;1;MERCEDES BENZ;2212P2-AZBA1502;CLA / 180 / D;Nemcija;DEU;osebni avtomobil;200;karavan;CLA 
80;1465;4.1;1;MERCEDES BENZ;2212P2-AZAAA502;CLA / 180 / d;Nemcija;DEU;osebni avtomobil;200;karavan;CLA 
80;1465;4.1;1;MERCEDES BENZ;M212M2-MZAAB500;B / 180 / CDI AUT.;Nemcija;DEU;osebni avtomobil;190;karavan;B 
80;1450;4.1;1;MERCEDES BENZ;2312M2-AZAAB542;CLA / 180 / CDI;Nemcija;DEU;osebni avtomobil;205;limuzina;CLA 
80;1450;4.1;1;MERCEDES BENZ;M212P2-MZBA1502;B / 180 / d AUT.;Nemcija;DEU;osebni avtomobil;190;karavan;B 
80;1435;4.1;1;MERCEDES BENZ;M212M2-AZAAB500;B / 180 / CDI;Nemcija;DEU;osebni avtomobil;190;karavan;B 
80;1425;4.1;1;MERCEDES BENZ;1212M2-MZAAB502;A / 180 / CDI AUT.;Nemcija;DEU;osebni avtomobil;190;karavan;A 
80;1420;4.1;1;MERCEDES BENZ;M212P2-AZBCA502;B / 180 / d;Nemcija;DEU;osebni avtomobil;190;karavan;B 
80;1395;4.1;1;MERCEDES BENZ;1212P2-AZAA1504;A / 180 / d;Nemcija;DEU;osebni avtomobil;190;karavan;A 
80;1250;4.1;1;MINI;MN51-AJ;COOPER D CLUBMAN / /;Nemcija;DEU;osebni avtomobil;193;karavan;COOPER D CLUBMAN 
80;1373;4.1;1;VOLVO;MK7652;C / 30;ävedska;SWE;osebni avtomobil;190;kupe;C 
80;1505;4.2;1;MERCEDES BENZ;M207M2-MZAAB501;B / 180 / CDI AUT.;Nemcija;DEU;osebni avtomobil;190;karavan;B 
80;1495;4.2;1;MERCEDES BENZ;2212P2-MZAAA502;CLA / 180 / d AUT.;Nemcija;DEU;osebni avtomobil;200;karavan;CLA 
80;1475;4.2;1;MERCEDES BENZ;2312M2-MZAAB543;CLA / 180 / CDI AUT.;Nemcija;DEU;osebni avtomobil;205;limuzina;CLA 
80;1470;4.2;1;MERCEDES BENZ;2212P2-AZBA1504;CLA / 180 / d;Nemcija;DEU;osebni avtomobil;200;karavan;CLA 
80;1465;4.2;1;MERCEDES BENZ;2212P2-AZAAA504;CLA / 180 / d;Nemcija;DEU;osebni avtomobil;200;karavan;CLA 
80;1450;4.2;1;MERCEDES BENZ;2312M2-AZAAB543;CLA / 180 / CDI;Nemcija;DEU;osebni avtomobil;205;limuzina;CLA 
80;1420;4.2;1;MERCEDES BENZ;M212P2-AZBCB503;B / 180 / CDI;Nemcija;DEU;osebni avtomobil;190;karavan;B 
80;1391;4.3;1;FORD;DA3G8DB1S-5RAEMP;FOCUS / 1.6 / TDCi;Nemcija;DEU;osebni avtomobil;188;karavan;FOCUS 
80;1316;4.3;1;FORD;DA3-G8DB7;FOCUS / 1.6 / TDCi;Nemcija;DEU;osebni avtomobil;188;karavan;FOCUS 
80;1475;4.3;1;MERCEDES BENZ;1207M2-MZAAB502;A / 180 / CDI AUT.;Nemcija;DEU;osebni avtomobil;190;karavan;A 
80;1465;4.3;1;MERCEDES BENZ;M212M2-MZAAB503;B / 180 / CDI AUT.;Nemcija;DEU;osebni avtomobil;190;karavan;B 
80;1450;4.3;1;MERCEDES BENZ;M212P2-MZBA1504;B / 180 / D AUT.;Nemcija;DEU;osebni avtomobil;190;karavan;B 
80;1425;4.3;1;MERCEDES BENZ;1212M2-MZAAB523;A / 180 / CDI AUT.;Nemcija;DEU;osebni avtomobil;190;karavan;A 
80;1392;4.4;1;DACIA;SRDHD2AB6BE00M0000;DUSTER / 1.5 / DCI;Francija;FRA;osebni avtomobil;171;karavan;DUSTER 
80;1373;4.4;1;DACIA;HSDJ9F;DUSTER / 1.5 / DCI;Romunija;ROM;osebni avtomobil;169;karavan;DUSTER 
80;1391;4.4;1;FORD;DA3G8DD1S-5KACMQ;FOCUS / 1.6 / TDCi;Nemcija;DEU;osebni avtomobil;188;karavan;FOCUS 
80;1357;4.4;1;FORD;DA3G8DD1P-5KACMH;FOCUS / 1.6 / TDCi;Nemcija;DEU;osebni avtomobil;188;vozilo z dviûnimi vrati zadaj;FOCUS 
80;1505;4.4;1;MERCEDES BENZ;M207M2-MZAAB522;B / 180 / CDI AUT.;Nemcija;DEU;osebni avtomobil;190;karavan;B 
80;1475;4.4;1;MERCEDES BENZ;M207M2-UZAAA501;B / 180 / CDI;Nemcija;DEU;osebni avtomobil;190;karavan;B 
80;1475;4.4;1;MERCEDES BENZ;1207M2-MZAAB523;A / 180 / CDI AUT.;Nemcija;DEU;osebni avtomobil;190;karavan;A 
80;1465;4.4;1;MERCEDES BENZ;M212M2-MZAAB524;B / 180 / CDI AUT.;Nemcija;DEU;osebni avtomobil;190;karavan;B 
80;1435;4.4;1;MERCEDES BENZ;M212M2-AZAAB503;B / 180 / CDI;Nemcija;DEU;osebni avtomobil;190;karavan;B 
80;1420;4.4;1;MERCEDES BENZ;M212P2-AZBCB504;B / 180 / CDI;Nemcija;DEU;osebni avtomobil;190;karavan;B 
80;1185;4.4;1;MINI;MG31-01;COOPER D / /;Nemcija;DEU;osebni avtomobil;195;vozilo z dviûnimi vrati zadaj;COOPER D 
80;1185;4.4;1;MINI;MG31-01;MINI /;Nemcija;DEU;osebni avtomobil;195;vozilo z dviûnimi vrati zadaj;MINI 
80;1505;4.4;1;PEUGEOT;6D9HZC;407 / 1.6;Francija;FRA;osebni avtomobil;192;limuzina;407
80;1369;4.4;1;VOLVO;MK76E2;C30 / 1.6 / TD;ävedska;SWE;osebni avtomobil;190;kupe;C30 
80;1368;4.5;1;CITROEN;LA9HZH/P;C4 / 1.6 / HDI 16V AUT.;Francija;FRA;osebni avtomobil;192;vozilo z dviûnimi vrati zadaj;C4 
80;1421;4.5;1;DACIA;SRDHD2ABABE00M0000;DUSTER / 1.5 / DCI AUT.;Francija;FRA;osebni avtomobil;171;karavan;DUSTER 
80;1349;4.5;1;DACIA;HSDJ9P;DUSTER / 1.5 / DCI AUT.;Romunija;ROM;osebni avtomobil;169;karavan;DUSTER 
80;1395;4.5;1;FORD;DA3G8DD1G-5KACMH;FOCUS VAN 1.6 / TDCi;Nemcija;DEU;osebni avtomobil;188;karavan;FOCUS VAN 1.6 
80;1392;4.5;1;FORD;DM2-G8DB1E5KACMV;C-MAX / 1.6 / TDCi;Nemcija;DEU;osebni avtomobil;185;vecnamensko vozilo;C-MAX 
80;1392;4.5;1;FORD;DM2-G8DB1E5KACMV;C-MAX / 1.6 / TDCi;Nemcija;DEU;osebni avtomobil;185;vozilo za posebne namene;C-MAX 
80;1391;4.5;1;FORD;DA3G8DB1S-5KACMQ;FOCUS / 1.6 / TDCI;Nemcija;DEU;osebni avtomobil;188;karavan;FOCUS 
80;1390;4.5;1;FORD;DA3G8DD1S-5KACMQ;FOCUS / 1.6 / TDCI;Nemcija;DEU;osebni avtomobil;188;karavan;FOCUS 
80;1385;4.5;1;FORD;DB3G8DB1H-5KACMH;FOCUS / 1.6 / TDCi;Nemcija;DEU;osebni avtomobil;190;limuzina;FOCUS 
80;1357;4.5;1;FORD;DA3G8DB1P-5KACMH;FOCUS / 1.6 / TDCi;Nemcija;DEU;osebni avtomobil;188;vozilo z dviûnimi vrati zadaj;FOCUS 
80;1338;4.5;1;FORD;DA3G8DB1G-5KACMQ;FOCUS / 1.6 / TDCi;Nemcija;DEU;osebni avtomobil;188;vozilo z dviûnimi vrati zadaj;FOCUS 
80;1398;4.5;1;MAZDA;BL14Y2;MAZDA 3 / 1.6 / D;Japonska ;JPN;osebni avtomobil;185;vozilo z dviûnimi vrati zadaj;MAZDA 3 
80;1320;4.5;1;MAZDA;BL12Y2;MAZDA 3 / 1.6 / D;Japonska ;JPN;osebni avtomobil;187;limuzina;MAZDA 3 
80;1505;4.5;1;MERCEDES BENZ;M207M2-MZAAB523;B / 180 / CDI AUT.;Nemcija;DEU;osebni avtomobil;190;karavan;B 
80;1475;4.5;1;MERCEDES BENZ;M207M2-UZAAB502;B / 180 / CDI;Nemcija;DEU;osebni avtomobil;190;karavan;B 
80;1435;4.5;1;MERCEDES BENZ;M212M2-AZAAB524;B / 180 / CDI;Nemcija;DEU;osebni avtomobil;190;karavan;B 
80;1492;4.5;1;PEUGEOT;3H9HZC;307 / BREAK 1.6 / HDI;Francija;FRA;osebni avtomobil;174;karavan;307
80;1397;4.5;1;PEUGEOT;4C9HZC/1;308 / 1.6 / HDI;Francija;FRA;osebni avtomobil;191;vozilo z dviûnimi vrati zadaj;308
80;1395;4.5;1;PEUGEOT;4C9HZC/1;308 / 1.6 / HDI;Francija;FRA;osebni avtomobil;191;vecnamensko vozilo;308
80;1343;4.5;1;PEUGEOT;WE9HZC;207 / BREAK 1.6 / HDI;Francija;FRA;osebni avtomobil;193;karavan;207
80;1311;4.5;1;PEUGEOT;WA9HZC;207 / 1.6 / HDI;Francija;FRA;osebni avtomobil;193;vozilo z dviûnimi vrati zadaj;207
80;1729;4.5;1;VOLVO;BW7652;V70 / 1.6 / TD;ävedska;SWE;osebni avtomobil;190;karavan;V70 
80;1394;4.5;1;VOLVO;MW76E2;V50 / 1.6 / TD;ävedska;SWE;osebni avtomobil;190;vecnamensko vozilo;V50 
80;1393;4.5;1;VOLVO;MW76E2;V50 / 1.6 / TD;ävedska;SWE;osebni avtomobil;190;karavan;V50 
80;1388;4.5;1;VOLVO;MS76E2;S40 / 1.6 / TD;ävedska;SWE;osebni avtomobil;190;limuzina;S40 
80;1346;4.5;1;VOLVO;MK76E2;C30 / 1.6 / TD;ävedska;SWE;osebni avtomobil;190;kupe;C30 
80;1505;4.6;1;MERCEDES BENZ;M207M2-MZAAB502;B / 180 / CDI AUT.;Nemcija;DEU;osebni avtomobil;190;karavan;B 
80;1475;4.6;1;MERCEDES BENZ;M207M2-UZAAA523;B / 180 / CDI;Nemcija;DEU;osebni avtomobil;190;karavan;B 
80;1475;4.6;1;MERCEDES BENZ;M207M2-UZAAB523;B / 180 / CDI;Nemcija;DEU;osebni avtomobil;190;vozilo za posebne namene;B 
80;1095;4.6;0;SMART;5262G0-KZBAA402;FORFOUR BRABUS / AUT. /;Nemcija;DEU;osebni avtomobil;180;limuzina;FORFOUR BRABUS 
80;1355;4.7;1;CITROEN;LC9HZC;C4 / 1.6 / HDi 16V;Francija;FRA;osebni avtomobil;192;vozilo z dviûnimi vrati zadaj;C4 
80;1355;4.7;1;CITROEN;LC9HZC;C 4 / 1.6;Francija;FRA;osebni avtomobil;192;vozilo z dviûnimi vrati zadaj;C 4 
80;1354;4.7;1;CITROEN;LA9HZC;C4 / 1.6 / HDi 16V;Francija;FRA;osebni avtomobil;192;vozilo z dviûnimi vrati zadaj;C4 
80;1345;4.7;1;CITROEN;LC9HYB;C 4 / 1.6;Francija;FRA;osebni avtomobil;192;vozilo z dviûnimi vrati zadaj;C 4 
80;1345;4.7;1;CITROEN;LC9HYB;C4 / 1.6 / HDi 16V;Francija;FRA;osebni avtomobil;192;vozilo z dviûnimi vrati zadaj;C4 
80;1344;4.7;1;CITROEN;LA9HYB;C4 / 1.6 / HDi 16V;Francija;FRA;osebni avtomobil;192;vozilo z dviûnimi vrati zadaj;C4 
80;1344;4.7;1;CITROEN;LA9HYB;C 4 / 1.6;Francija;FRA;osebni avtomobil;192;vozilo z dviûnimi vrati zadaj;C 4 
80;1280;4.7;1;CITROEN;L-C9HXC;C4 / 1.6 / HDI;Francija;FRA;osebni avtomobil;192;vozilo z dviûnimi vrati zadaj;C4 
80;1490;4.7;1;DACIA;HSDJ9G;DUSTER / 1.5 / DCI;Romunija;ROM;osebni avtomobil;168;karavan;DUSTER 
80;1487;4.7;1;DACIA;SRDHD4AB6BE00M0000;DUSTER / 1.5 / DCI 4x4;Francija;FRA;osebni avtomobil;169;karavan;DUSTER 
80;1395;4.7;1;DACIA;HSDJ9G;DUSTER / 1.5 / DCI;Romunija;ROM;osebni avtomobil;168;vozilo za posebne namene;DUSTER 
80;1505;4.7;1;MERCEDES BENZ;M207M2-MZAAA523;B / 180 / CDI AUT.;Nemcija;DEU;osebni avtomobil;190;karavan;B 
80;1397;4.7;1;PEUGEOT;4C9HZC/1;308 / 1.6 / HDI;Francija;FRA;osebni avtomobil;191;vozilo z dviûnimi vrati zadaj;308
80;1387;4.7;1;PEUGEOT;4A9HZC/1;308 / 1.6 / HDI;Francija;FRA;osebni avtomobil;191;vozilo z dviûnimi vrati zadaj;308
80;1345;4.8;1;CITROEN;LC9HYC;C4 / 1.6 / HDi 16V;Francija;FRA;osebni avtomobil;192;vozilo z dviûnimi vrati zadaj;C4 
80;1344;4.8;1;CITROEN;LA9HYC;C4 / 1.6 / HDi 16V;Francija;FRA;osebni avtomobil;192;vozilo z dviûnimi vrati zadaj;C4 
80;1280;4.8;1;DACIA;HSDADF;DUSTER / 1.5 / DCI;Romunija;ROM;osebni avtomobil;169;karavan;DUSTER 
80;1392;4.8;1;FORD;DM2-G8DB1E5K;C-MAX / 1.6 / TDCI;Nemcija;DEU;osebni avtomobil;185;vecnamensko vozilo;C-MAX 
80;1391;4.8;1;FORD;DA3-G8DB1W;FOCUS / 1.6 / TDCi;Nemcija;DEU;osebni avtomobil;188;karavan;FOCUS 
80;1386;4.8;1;FORD;DA3-G8DA1W;FOCUS / 1.6;Nemcija;DEU;osebni avtomobil;188;karavan;FOCUS 
80;1377;4.8;1;FORD;DB3-G8DA14;FOCUS / 1.6 / TDCi;Nemcija;DEU;osebni avtomobil;190;limuzina;FOCUS 
80;1357;4.8;1;FORD;DA3G8DB15-5KAAMJ;FOCUS / 1.6 / TDCi;Nemcija;DEU;osebni avtomobil;188;vozilo z dviûnimi vrati zadaj;FOCUS 
80;1352;4.8;1;FORD;DA3-G8DA15;FOCUS / 1.6;Nemcija;DEU;osebni avtomobil;188;vozilo z dviûnimi vrati zadaj;FOCUS 
80;1311;4.8;1;FORD;DA3-G8DA1W;FOCUS / WAGON 1.6;Nemcija;DEU;osebni avtomobil;188;karavan;FOCUS 
80;1350;4.8;1;MAZDA;BK14Y2;MAZDA 3 / 1.6 / D;Japonska ;JPN;osebni avtomobil;182;vozilo z dviûnimi vrati zadaj;MAZDA 3 
80;1260;4.8;1;MAZDA;BK12Y2;MAZDA 3 / 1.6 / D;Japonska ;JPN;osebni avtomobil;185;limuzina;MAZDA 3 
80;1482;4.8;1;PEUGEOT;4E9HZH/1;308 / BREAK 1.6 / HDI;Francija;FRA;osebni avtomobil;185;vecnamensko vozilo;308
80;1412;4.8;1;PEUGEOT;4C9HZH/1;308 / 1.6 / HDI;Francija;FRA;osebni avtomobil;190;vecnamensko vozilo;308
80;1348;4.8;1;PEUGEOT;KM9HZC;1007 / 1.6 / HDI;Francija;FRA;osebni avtomobil;185;vozilo z dviûnimi vrati zadaj;1007
80;1336;4.8;1;PEUGEOT;3C9HY-B;307 / 1.6 / HDI;Francija;FRA;osebni avtomobil;188;vozilo z dviûnimi vrati zadaj;307
80;1328;4.8;1;PEUGEOT;WC9HZC;207 / 1.6 / HDI;Francija;FRA;osebni avtomobil;193;vozilo z dviûnimi vrati zadaj;207
80;1325;4.8;1;PEUGEOT;3C9HYB;307/ 1.6 / HDI;Francija;FRA;osebni avtomobil;188;vozilo z dviûnimi vrati zadaj;307
80;1319;4.8;1;PEUGEOT;3A9HY-B;307 / 1.6 / HDI;Francija;FRA;osebni avtomobil;188;vozilo z dviûnimi vrati zadaj;307
80;1261;4.8;1;PEUGEOT;3C9HYB;307 / 1.6 / HDI;Francija;FRA;osebni avtomobil;188;vozilo z dviûnimi vrati zadaj;307
80;1189;4.8;1;PEUGEOT;2K9HZA;206 / BREAK 1.6 / HDI;Francija;FRA;osebni avtomobil;190;karavan;206
80;1142;4.8;1;PEUGEOT;2J9HZA;206 / 1.6;Francija;FRA;osebni avtomobil;190;vozilo z dviûnimi vrati zadaj;206
80;1130;4.8;1;PEUGEOT;2H9HZA;206 / 1.6;Francija;FRA;osebni avtomobil;190;vozilo z dviûnimi vrati zadaj;206
80;1439;4.9;1;CITROEN;SH9HZC/1;C3 PICASSO / 1.6 / HDI;Francija;FRA;osebni avtomobil;183;vecnamensko vozilo;C3 PICASSO 
80;1388;4.9;1;CITROEN;CH9HYB;XSARA PICASSO / 1.6;Francija;FRA;osebni avtomobil;183;vecnamensko vozilo;XSARA PICASSO 
80;1392;4.9;1;FORD;DM2;FOCUS / C-MAX / 1.6 / TDCI;Nemcija;DEU;osebni avtomobil;185;vecnamensko vozilo;FOCUS 
80;1392;4.9;1;FORD;DM2G8DA1-5CABML;FOCUS C-MAX / 1.6 / TDCI;Nemcija;DEU;osebni avtomobil;185;vecnamensko vozilo;FOCUS C-MAX 
80;1392;4.9;1;FORD;DM2-G8DB15KACML;C-MAX / 1.6 / TDCI;Nemcija;DEU;osebni avtomobil;185;vecnamensko vozilo;C-MAX 
80;1392;4.9;1;FORD;DM2G8DA1-5CACML;FOCUS C-MAX / 1.6 / TDCI;Nemcija;DEU;osebni avtomobil;185;vozilo z dviûnimi vrati zadaj;FOCUS C-MAX 
80;1317;4.9;1;FORD;DM2-G8DA1;FOCUSC C - MAX / 1.6 / TDCI;Nemcija;DEU;osebni avtomobil;185;vecnamensko vozilo;FOCUSC C - MAX 
80;1317;4.9;1;FORD;DM2-G8DB;FOCUS C-MAX / 1.6 / TDCI;Nemcija;DEU;osebni avtomobil;185;vecnamensko vozilo;FOCUS C-MAX 
80;1317;4.9;1;FORD;MFD53B2S1613;FOCUS / C-MAX / 1.6 / TDCI;Nemcija;DEU;osebni avtomobil;185;vecnamensko vozilo;FOCUS 
80;1355;4.9;1;MERCEDES BENZ;X20HM2-EZBCA500;A / 180 / CDI;Nemcija;DEU;osebni avtomobil;186;karavan;A 
80;1345;4.9;1;MERCEDES BENZ;X20HM2-EZACA500-;A / 180 / CDI;Nemcija;DEU;osebni avtomobil;186;karavan;A 
80;1612;4.9;1;PEUGEOT;6E9HZC/1;407 / BREAK 1.6 / HDI;Francija;FRA;osebni avtomobil;189;karavan;407
80;1596;4.9;1;PEUGEOT;6D9HZC/1;407 / 1.6 / HDI;Francija;FRA;osebni avtomobil;192;limuzina;407
80;1570;4.9;1;PEUGEOT;4H9HZH/1;308 / MONOSPACE 1.6 / HDI;Francija;FRA;osebni avtomobil;185;vecnamensko vozilo;308
80;1500;4.9;1;PEUGEOT;0U9HZH/1P;3008 / 1.6 / HDI AUT.;Francija;FRA;osebni avtomobil;180;vecnamensko vozilo;3008
80;1482;4.9;1;PEUGEOT;4E9HZH/1;308 / BREAK 1.6 / HDI;Francija;FRA;osebni avtomobil;185;karavan;308
80;1482;4.9;1;PEUGEOT;4E9HZH;308 / BREAK 1.6 / HDI;Francija;FRA;osebni avtomobil;185;vecnamensko vozilo;308
80;1412;4.9;1;PEUGEOT;4C9HZH/1;308 / 1.6 / HDI;Francija;FRA;osebni avtomobil;190;vozilo z dviûnimi vrati zadaj;308
80;1412;4.9;1;PEUGEOT;4C9HZH;308 / 1.6 / HDI;Francija;FRA;osebni avtomobil;190;vecnamensko vozilo;308
80;1397;4.9;1;PEUGEOT;4C9HZC;308 / 1.6 / HDI;Francija;FRA;osebni avtomobil;191;vozilo z dviûnimi vrati zadaj;308
80;1382;4.9;1;PEUGEOT;3E9HYB;307 / BREAK 1.6 / HDI;Francija;FRA;osebni avtomobil;183;karavan;307
80;1335;4.9;1;PEUGEOT;3C9HZC;307 / 1.6 / HDI;Francija;FRA;osebni avtomobil;188;vozilo z dviûnimi vrati zadaj;307
80;1328;4.9;1;PEUGEOT;WC9HYC;207 / 1.6 / HDI;Francija;FRA;osebni avtomobil;193;vozilo z dviûnimi vrati zadaj;207
80;1319;4.9;1;PEUGEOT;WA9HYC;207 / 1.6 / HDI;Francija;FRA;osebni avtomobil;193;vozilo z dviûnimi vrati zadaj;207
80;1307;4.9;1;PEUGEOT;3E9-HYB;307 / BREAK 1.6;Francija;FRA;osebni avtomobil;183;karavan;307
80;1285;4.9;1;PEUGEOT;2D9HZA;206 / CABRIOLET 1.6;Francija;FRA;osebni avtomobil;190;kabriolet;206
80;1614;4.9;1;VOLVO;BW7652;V70 / 1.6 / TD;ävedska;SWE;osebni avtomobil;190;karavan;V70 
80;1556;4.9;1;VOLVO;AS7652;S80 / 1.6 / TD;ävedska;SWE;osebni avtomobil;190;limuzina;S80 
80;1394;4.9;1;VOLVO;MS7652;S40 / 1.6 / TD;ävedska;SWE;osebni avtomobil;190;limuzina;S40 
80;1394;4.9;1;VOLVO;MS-7652;S / 40 / 1.6 / TD;ävedska;SWE;osebni avtomobil;190;limuzina;S 
80;1384;4.9;1;VOLVO;MS76-52;S40 / 1.6 / TD;ävedska;SWE;osebni avtomobil;190;limuzina;S40 
80;1373;4.9;1;VOLVO;MK7652;C30 / 1.6 / TD;ävedska;SWE;osebni avtomobil;190;kupe;C30 
80;1614;5.1;1;CITROEN;UA9HZH/1P;C4 PICASSO / 1.6 / HDI AUT.;Francija;FRA;osebni avtomobil;180;vecnamensko vozilo;C4 PICASSO 
80;1574;5.1;1;CITROEN;UD9HZH/1P;C4 PICASSO / 1.6 / HDI AUT.;Francija;FRA;osebni avtomobil;180;vecnamensko vozilo;C4 PICASSO 
80;1393;5.1;1;CITROEN;CH9HZC;XSARA PICASSO / 1.6 / HDi 16V;Francija;FRA;osebni avtomobil;183;vecnamensko vozilo;XSARA PICASSO 
80;1388;5.1;1;CITROEN;CH9HYB;XSARA PICASSO / 1.6 / HDi 16V;Francija;FRA;osebni avtomobil;183;vecnamensko vozilo;XSARA PICASSO 
80;1355;5.1;1;MERCEDES BENZ;X20HM2-EZBCA501;A / 180 / CDI;Nemcija;DEU;osebni avtomobil;186;karavan;A 
80;1345;5.1;1;MERCEDES BENZ;X20HK2-EZACA501;A / 180 / CDI;Nemcija;DEU;osebni avtomobil;186;karavan;A 
80;1320;5.1;1;MERCEDES BENZ;X30HK2-EZACA501;A / 180 / CDI;Nemcija;DEU;osebni avtomobil;186;karavan;A 
80;1280;5.1;1;MINI;MN51-AB;COOPER D CLUBMAN / / AUT.;Nemcija;DEU;osebni avtomobil;188;karavan;COOPER D CLUBMAN 
80;1578;5.1;1;PEUGEOT;0E9HZH/1P;5008 / 1.6 / HDI;Francija;FRA;osebni avtomobil;185;vecnamensko vozilo;5008
80;1570;5.1;1;PEUGEOT;4H9HZH/1;308 / MONOSPACE 1.6 / HDI;Francija;FRA;osebni avtomobil;185;vecnamensko vozilo;308
80;1570;5.1;1;PEUGEOT;4H9HZH/1;308 / MONOSPACE 1.6 / HDI;Francija;FRA;osebni avtomobil;185;karavan;308
80;1548;5.1;1;PEUGEOT;0A9HZH/1P;5008 / 1.6 / HDI AUT.;Francija;FRA;osebni avtomobil;185;vecnamensko vozilo;5008
80;1500;5.1;1;PEUGEOT;0U9HZH/1;3008 / 1.6 / HDI;Francija;FRA;osebni avtomobil;180;vecnamensko vozilo;3008
80;1492;5.1;1;PEUGEOT;3H9HZ-C;307 / MONOSPACE 1.6 / HDI;Francija;FRA;osebni avtomobil;183;vecnamensko vozilo;307
80;1477;5.1;1;PEUGEOT;3-9HZ;307 / 1.6;Francija;FRA;osebni avtomobil;183;karavan;307
80;1412;5.1;1;PEUGEOT;4C9HZH;308 / 1.6 / HDI;Francija;FRA;osebni avtomobil;190;vozilo z dviûnimi vrati zadaj;308
80;1379;5.1;1;PEUGEOT;3E9HY-B;307 / BREAK 1.6 / HDI;Francija;FRA;osebni avtomobil;183;karavan;307
80;1416;5.1;1;VOLVO;MW7652;V50 / 1.6 / D;ävedska;SWE;osebni avtomobil;190;karavan;V50 
80;1614;5.2;1;CITROEN;UA9HZH/P;C4 PICASSO / 1.6 / HDI AUT.;Francija;FRA;osebni avtomobil;180;vecnamensko vozilo;C4 PICASSO 
80;1574;5.2;1;CITROEN;UD9HZH/P;C4 PICASSO / 1.6 / HDI AUT.;Francija;FRA;osebni avtomobil;180;vecnamensko vozilo;C4 PICASSO 
80;1291;5.2;1;CITROEN;N1RHZBN*RHZ*-N1RHZ*;XSARA / 2.0;Francija;FRA;osebni avtomobil;193;vozilo z dviûnimi vrati zadaj;XSARA 
80;1291;5.2;1;CITROEN;N1RHZB;XSARA 2.0;Francija;FRA;osebni avtomobil;193;vozilo z dviûnimi vrati zadaj;XSARA 2.0
80;1462;5.2;1;DACIA;HSDADG;DUSTER / 1.5 / DCI 4x4;Romunija;ROM;osebni avtomobil;168;karavan;DUSTER 
80;1395;5.2;1;DACIA;HSD1DG;DUSTER 1.5 / DCI;Romunija;ROM;osebni avtomobil;168;karavan;DUSTER 1.5 
80;1435;5.2;1;MERCEDES BENZ;Y20HK2-EZAAA500;B / 180 / CDI;Nemcija;DEU;osebni avtomobil;183;karavan;B 
80;1435;5.2;1;MERCEDES BENZ;245Y20HK2-EZAAA500;B 180 CDI;Nemcija;DEU;osebni avtomobil;183;vozilo z dviûnimi vrati zadaj;B 180 CDI
80;1345;5.2;1;MERCEDES BENZ;X20HL2-EWACA500;A / 180 / CDI;Nemcija;DEU;osebni avtomobil;186;karavan;A 
80;1320;5.2;1;MERCEDES BENZ;169X30HK2-EWACA500;A / 180 / CDI;Nemcija;DEU;osebni avtomobil;186;karavan;A 
80;1245;5.2;1;MERCEDES BENZ;169-0;A / 180 / CDI;Nemcija;DEU;osebni avtomobil;186;karavan;A 
80;1245;5.2;1;MERCEDES BENZ;169-0;A / 180 / CDI;Nemcija;DEU;osebni avtomobil;186;vozilo z dviûnimi vrati zadaj;A 
80;1488;5.2;1;PEUGEOT;WB9HZC;207 / CABRIOLET 1.6 / HDI;Francija;FRA;osebni avtomobil;193;kabriolet;207
80;1326;5.2;0;PEUGEOT;3CRHY-B;307 / 2.0 / HDI;Francija;FRA;osebni avtomobil;179;vozilo z dviûnimi vrati zadaj;307
80;1394;5.2;1;RENAULT;KW2HB6;KANGOO / 1.5 / DCI;Francija;FRA;osebni avtomobil;170;karavan;KANGOO 
80;1089;5.2;0;RENAULT;AHB525;TWINGO / 0.9 /;Francija;FRA;osebni avtomobil;182;vozilo z dviûnimi vrati zadaj;TWINGO 
80;1380;5.3;0;BMW;2R11-6H250000;116 / / I;Nemcija;DEU;osebni avtomobil;195;karavan;116
80;1614;5.3;1;CITROEN;UA9HZH/1P;C4 PICASSO / 1.6 / HDI AUT.;Francija;FRA;osebni avtomobil;180;vecnamensko vozilo;C4 PICASSO 
80;1605;5.3;1;CITROEN;UA9HZC/1;C4 PICASSO / 1.6 / HDI;Francija;FRA;osebni avtomobil;180;vecnamensko vozilo;C4 PICASSO 
80;1594;5.3;1;CITROEN;RW9HZC/1;C5 III / TOURER 1.6 / HDi 16V;Francija;FRA;osebni avtomobil;188;karavan;C5 III 
80;1574;5.3;1;CITROEN;UD9HZH/1P;C4 PICASSO / 1.6 / HDI AUT.;Francija;FRA;osebni avtomobil;180;vecnamensko vozilo;C4 PICASSO 
80;1564;5.3;1;CITROEN;UD9HZC/1;C4 PICASSO / 1.6 / HDI;Francija;FRA;osebni avtomobil;180;vecnamensko vozilo;C4 PICASSO 
80;1560;5.3;1;CITROEN;RD9HZC/1;C5 III / 1.6 / HDi 16V;Francija;FRA;osebni avtomobil;191;limuzina;C5 III 
80;1559;5.3;1;CITROEN;UE9HZC/1;C4 PICASSO / 1.6 / HDI;Francija;FRA;osebni avtomobil;180;vecnamensko vozilo;C4 PICASSO 
80;1504;5.3;1;CITROEN;7J9HZC/1;BERLINGO / 1.6 / HDI;Francija;FRA;osebni avtomobil;173;karavan;BERLINGO 
80;1340;5.3;1;CITROEN;N2RHZB;XSARA / Break 2.0 / HDi;Francija;FRA;osebni avtomobil;194;karavan;XSARA 
80;1265;5.3;1;CITROEN;N2RHZB;XSARA / BREAK 2.0 / HDi;Francija;FRA;osebni avtomobil;182;karavan;XSARA 
80;1187;5.3;0;KIA;UBF5P11-M61AZ1;RIO / 1.4 /;Koreja. republika;KOR;osebni avtomobil;183;vecnamensko vozilo;RIO 
80;1183;5.3;0;KIA;UBF5P11-M61AY1;RIO / 1.4 /;Koreja. republika;KOR;osebni avtomobil;183;vecnamensko vozilo;RIO 
80;1149;5.3;0;KIA;UBA5P11-M61AX1;RIO / 1.4 /;Koreja. republika;KOR;osebni avtomobil;185;limuzina;RIO 
80;1435;5.3;1;MERCEDES BENZ;Y20HM2-EZAAA501;B / 180 / CDI;Nemcija;DEU;osebni avtomobil;183;karavan;B 
80;1578;5.3;1;PEUGEOT;0E9HZH/P;5008 / 1.6 / HDI;Francija;FRA;osebni avtomobil;185;vecnamensko vozilo;5008
80;1577;5.3;1;PEUGEOT;0E9HZH;5008 / 1.6 / HDI;Francija;FRA;osebni avtomobil;185;vecnamensko vozilo;5008
80;1570;5.3;1;PEUGEOT;4H9HZH;308 / MONOSPACE 1.6 / HDI;Francija;FRA;osebni avtomobil;185;vecnamensko vozilo;308
80;1548;5.3;1;PEUGEOT;0A9HZH/P;5008 / 1.6 / HDI AUT.;Francija;FRA;osebni avtomobil;185;vecnamensko vozilo;5008
80;1547;5.3;1;PEUGEOT;0A9HZH/1;5008 / 1.6 / HDI;Francija;FRA;osebni avtomobil;185;vecnamensko vozilo;5008
80;1505;5.3;1;PEUGEOT;6D9HZC;407 / 1.6 / HDI;Francija;FRA;osebni avtomobil;192;limuzina;407
80;1504;5.3;1;PEUGEOT;7J9HZC/1;PARTNER / 1.6 / HDI;Francija;FRA;osebni avtomobil;173;karavan;PARTNER 
80;1501;5.3;1;PEUGEOT;6E9HZC;407 / BREAK 1.6 / HDI;Francija;FRA;osebni avtomobil;189;karavan;407
80;1500;5.3;1;PEUGEOT;0U9HZH;3008 / 1.6 / HDI;Francija;FRA;osebni avtomobil;180;vecnamensko vozilo;3008
80;1464;5.3;1;RENAULT;KW2HD6;KANGOO / 1.5 / DCI;Francija;FRA;osebni avtomobil;170;karavan;KANGOO 
80;1442;5.3;1;RENAULT;KW2HC6;KANGOO / 1.5 / DCI;Francija;FRA;osebni avtomobil;170;karavan;KANGOO 
80;1394;5.3;1;RENAULT;KW2HB6;KANGOO / 1.5 / DCI;Francija;FRA;osebni avtomobil;170;karavan;KANGOO 
80;1574;5.4;1;CITROEN;RC9HZC;C5 II / 1.6 / HDi 16V;Francija;FRA;osebni avtomobil;190;vozilo z dviûnimi vrati zadaj;C5 II 
80;1574;5.4;1;CITROEN;UD9HZH/P;C4 PICASSO / 1.6 / HDI AUT.;Francija;FRA;osebni avtomobil;180;vecnamensko vozilo;C4 PICASSO 
80;1564;5.4;1;CITROEN;UD9HZC;C4 PICASSO / 1.6 / HDI;Francija;FRA;osebni avtomobil;180;vecnamensko vozilo;C4 PICASSO 
80;1499;5.4;1;CITROEN;RC9HZ-C;C5 / 1.6 HDI 16V;Francija;FRA;osebni avtomobil;190;vozilo z dviûnimi vrati zadaj;C5 
80;1499;5.4;1;CITROEN;RC9-HZC;C5II / 1.6 / HDI / 16V;Francija;FRA;osebni avtomobil;190;vozilo z dviûnimi vrati zadaj;C5II 
80;1361;5.4;1;CITROEN;X1R-HZF;XANTIA / 2.0;Francija;FRA;osebni avtomobil;180;limuzina;XANTIA 
80;1435;5.4;1;MERCEDES BENZ;Y20HK2-EZAAA501;B / 180 / CDI;Nemcija;DEU;osebni avtomobil;183;karavan;B 
80;1380;5.4;1;MERCEDES BENZ;X20HM2-FZACA500;A / 180 / CDI AUT.;Nemcija;DEU;osebni avtomobil;181;karavan;A 
80;1345;5.4;1;MERCEDES BENZ;X20HL2-EWACA501;A / 180 / CDI;Nemcija;DEU;osebni avtomobil;186;karavan;A 
80;1320;5.4;1;MERCEDES BENZ;X30HL2-EWACA501;A / 180 / CDI;Nemcija;DEU;osebni avtomobil;186;karavan;A 
80;1305;5.4;1;MERCEDES BENZ;X20HK2-F1ACA500;A / 180 / CDI AUT.;Nemcija;DEU;osebni avtomobil;181;karavan;A 
80;1270;5.4;1;MERCEDES BENZ;AG MB169 X20HL2EWACA501;A / 180 / CDI;Nemcija;DEU;osebni avtomobil;186;karavan;A 
80;1547;5.4;1;PEUGEOT;0A9HZH/1;5008 / 1.6 / HDI;Francija;FRA;osebni avtomobil;185;vecnamensko vozilo;5008
80;1605;5.5;1;CITROEN;UA9HZC/1;C4 PICASSO / 1.6 / HDI;Francija;FRA;osebni avtomobil;180;vecnamensko vozilo;C4 PICASSO 
80;1564;5.5;1;CITROEN;UD9HZC/1;C4 PICASSO / 1.6 / HDI;Francija;FRA;osebni avtomobil;180;vecnamensko vozilo;C4 PICASSO 
80;1517;5.5;1;CITROEN;RE9HZC;C5 / BREAK 1.6 / HDI 16V;Francija;FRA;osebni avtomobil;186;karavan;C5 
80;1517;5.5;1;CITROEN;RE9HZC;C5 II / BREAK 1.6 / HDi 16V;Francija;FRA;osebni avtomobil;186;karavan;C5 II 
80;1209;5.5;0;KIA;UBF5P11-M61BZ1;RIO / 1.4 /;Koreja. republika;KOR;osebni avtomobil;183;vecnamensko vozilo;RIO 
80;1195;5.5;0;KIA;UBF5P11-M61BY1;RIO / 1.4 /;Koreja. republika;KOR;osebni avtomobil;183;vecnamensko vozilo;RIO 
80;1192;5.5;0;KIA;UBF5P51-M66DZ1;RIO / 1.4 /;Koreja. republika;KOR;osebni avtomobil;185;vecnamensko vozilo;RIO 
80;1170;5.5;0;KIA;UBF5P11-M66AZ1;RIO / 1.4 /;Koreja. republika;KOR;osebni avtomobil;185;vecnamensko vozilo;RIO 
80;1149;5.5;0;KIA;UBA5P11-M66AX1;RIO / 1.4 /;Koreja. republika;KOR;osebni avtomobil;187;limuzina;RIO 
80;1149;5.5;0;KIA;UBA5P11-M61BX1;RIO / 1.4 /;Koreja. republika;KOR;osebni avtomobil;185;limuzina;RIO 
80;1135;5.5;0;KIA;UBF5P11-M66AY1;RIO / 1.4 /;Koreja. republika;KOR;osebni avtomobil;185;vecnamensko vozilo;RIO 
80;1380;5.5;1;MERCEDES BENZ;X20HM2-FZACA501;A / 180 / CDI AUT.;Nemcija;DEU;osebni avtomobil;181;karavan;A 
80;1671;5.5;1;PEUGEOT;0A9HZH;5008 / 1.6 / HDI;Francija;FRA;osebni avtomobil;185;vecnamensko vozilo;5008
80;1578;5.5;1;PEUGEOT;0E9HZH/P;5008 / 1.6 / HDI;Francija;FRA;osebni avtomobil;185;vecnamensko vozilo;5008
80;1577;5.5;1;PEUGEOT;0E9HZH;5008 / 1.6 / HDI;Francija;FRA;osebni avtomobil;185;vecnamensko vozilo;5008
80;1512;5.5;1;PEUGEOT;6D9HZC;407 / 1.6 / HDI;Francija;FRA;osebni avtomobil;192;limuzina;407
80;1512;5.5;1;PEUGEOT;6D9HZC;PEUGEOT / 407 / 1.6 / HDI;Francija;FRA;osebni avtomobil;192;limuzina;PEUGEOT 
80;1430;5.5;1;PEUGEOT;6D9-HZC;407 / 1.6 / HDI;Francija;FRA;osebni avtomobil;194;limuzina;407
80;1509;5.5;1;RENAULT;FW1HT6;KANGOO EXPRESS 1.5 / DCI;Francija;FRA;osebni avtomobil;170;vecnamensko vozilo;KANGOO EXPRESS 1.5 
80;1490;5.6;0;BMW;6V11-DHW500LT;216 / GRAN TOURER / i;Nemcija;DEU;osebni avtomobil;188;karavan;216
80;1605;5.6;1;CITROEN;UA9HZC;C4 PICASSO / 1.6 / HDI;Francija;FRA;osebni avtomobil;180;vecnamensko vozilo;C4 PICASSO 
80;1578;5.6;1;CITROEN;RD9HZC;C5 III / 1.6 / HDi 16V;Francija;FRA;osebni avtomobil;191;limuzina;C5 III 
80;1564;5.6;1;CITROEN;UD9HZC;C4 PICASSO / 1.6 / HDI;Francija;FRA;osebni avtomobil;180;vecnamensko vozilo;C4 PICASSO 
80;1513;5.6;1;CITROEN;D-RHZ;C5 / 2.0 / HDI;Francija;FRA;osebni avtomobil;192;vozilo z dviûnimi vrati zadaj;C5 
80;1504;5.6;1;CITROEN;7J9HZC;BERLINGO / 1.6 / HDI;Francija;FRA;osebni avtomobil;173;karavan;BERLINGO 
80;1460;5.6;1;CITROEN;DCRHZ-B;C5 / 2.0 / HDI;Francija;FRA;osebni avtomobil;192;vozilo z dviûnimi vrati zadaj;C5 
80;1460;5.6;1;CITROEN;DCRHZBD*RHZ*-DCRHZ*;C 5 / 2.0;Francija;FRA;osebni avtomobil;192;vozilo z dviûnimi vrati zadaj;C 5 
80;1409;5.6;1;FORD;DA3G8DA1W-5EDAN9;FOCUS / WAGON 1.6 / TDCI;Nemcija;DEU;osebni avtomobil;183;karavan;FOCUS 
80;1470;5.6;1;MERCEDES BENZ;Y20HK2-FZAAA500;B / 180 / CDI AUT.;Nemcija;DEU;osebni avtomobil;178;karavan;B 
80;1435;5.6;1;MERCEDES BENZ;Y20HK2-EWAAA500;B / 180 / CDI;Nemcija;DEU;osebni avtomobil;183;karavan;B 
80;1380;5.6;1;MERCEDES BENZ;X20HK2-F1ACA501;A / 180 / CDI AUT.;Nemcija;DEU;osebni avtomobil;181;karavan;A 
80;1360;5.6;1;MERCEDES BENZ;Y20HL2-EWAAA501;B / 180 / CDI;Nemcija;DEU;osebni avtomobil;183;karavan;B 
80;1355;5.6;1;MERCEDES BENZ;X30HK2-FZACA501;A / 180 / CDI AUT.;Nemcija;DEU;osebni avtomobil;181;karavan;A 
80;1350;5.6;0;MERCEDES BENZ;X2H0T2-KZAA151A;A / 160 /;Nemcija;DEU;osebni avtomobil;200;karavan;A 
80;1345;5.6;1;MERCEDES BENZ;X20HL2-EWAAA511;A / 180 / CDI;Nemcija;DEU;osebni avtomobil;186;karavan;A 
80;1320;5.6;1;MERCEDES BENZ;169X30HL2-EWABA501;A / 180 / CDI;Nemcija;DEU;osebni avtomobil;186;karavan;A 
80;1567;5.6;1;PEUGEOT;6E9HZC;407 / 1.6 / HDI;Francija;FRA;osebni avtomobil;189;karavan;407
80;1504;5.6;1;PEUGEOT;7J9HZC;PARTNER / 1.6 / HDI;Francija;FRA;osebni avtomobil;173;karavan;PARTNER 
80;1485;5.6;1;PEUGEOT;8BRHZF;406 / 2.0 / HDI;Francija;FRA;osebni avtomobil;191;limuzina;406
80;1395;5.7;0;BMW;7K11-IHW500LT;116 / / i;Nemcija;DEU;osebni avtomobil;200;vozilo z dviûnimi vrati zadaj;116
80;1614;5.7;1;CITROEN;UA9HZH/P;C4 PICASSO / 1.6 / HDI AUT.;Francija;FRA;osebni avtomobil;180;vecnamensko vozilo;C4 PICASSO 
80;1612;5.7;1;CITROEN;RW9HZC;C5 III / TOURER 1.6 / HDi 16V;Francija;FRA;osebni avtomobil;188;karavan;C5 III 
80;1574;5.7;1;CITROEN;UD9HZH/P;C4 PICASSO / 1.6 / HDI AUT.;Francija;FRA;osebni avtomobil;180;vecnamensko vozilo;C4 PICASSO 
80;1564;5.7;1;CITROEN;UD9HZC;C4 PICASSO / 1.6 / HDI;Francija;FRA;osebni avtomobil;180;vecnamensko vozilo;C4 PICASSO 
80;1564;5.7;1;CITROEN;UD9HZC;C4 PICASSO;Francija;FRA;osebni avtomobil;180;vecnamensko vozilo;C4 PICASSO
80;1513;5.7;1;CITROEN;DERHZ-B;C5 / BREAK 2.0 / HDI;Francija;FRA;osebni avtomobil;187;karavan;C5 
80;1513;5.7;1;CITROEN;DERHZBD*RHZ*-DERHZ*;C 5 / BREAK 2.0;Francija;FRA;osebni avtomobil;187;karavan;C 5 
80;1484;5.7;1;CITROEN;X2RHZF;XANTIA / BREAK 2.0 / HDI;Francija;FRA;osebni avtomobil;186;karavan;XANTIA 
80;1438;5.7;1;CITROEN;DERHZB;C5 / BREAK 2.0 / HDi;Francija;FRA;osebni avtomobil;187;karavan;C5 
80;1438;5.7;1;CITROEN;DERHZ-B;C 5 / BREAK 2.0;Francija;FRA;osebni avtomobil;187;karavan;C 5 
80;1423;5.7;1;FORD;DM2-G8DA;FOCUS C-MAX / 1.6 / TDCi CVT;Nemcija;DEU;osebni avtomobil;180;vecnamensko vozilo;FOCUS C-MAX 
80;1348;5.7;1;FORD;DM2-G8DA;FOCUS C-MAX / 1.6;Nemcija;DEU;osebni avtomobil;180;vecnamensko vozilo;FOCUS C-MAX 
80;1317;5.7;1;FORD;DM2-G8DA;FOCUS C-MAX / 1.6;Nemcija;DEU;osebni avtomobil;185;vecnamensko vozilo;FOCUS C-MAX 
80;1195;5.7;0;KIA;UBF5P11-M66BY1;RIO / 1.4 /;Koreja. republika;KOR;osebni avtomobil;185;vecnamensko vozilo;RIO 
80;1181;5.7;0;KIA;UBA5P11-M66BX1;RIO / 1.4 /;Koreja. republika;KOR;osebni avtomobil;187;limuzina;RIO 
80;1345;5.7;1;MERCEDES BENZ;X20HK2-EWACA501;A / 180 / CDI;Nemcija;DEU;osebni avtomobil;186;karavan;A 
80;1320;5.7;1;MERCEDES BENZ;X30HL2-EWACA512;A / 180 / CDI;Nemcija;DEU;osebni avtomobil;186;karavan;A 
80;1528;5.7;0;PEUGEOT;3BNFUC;307 / CABRIOLET 1.6 / i;Francija;FRA;osebni avtomobil;191;kabriolet;307
80;1500;5.7;1;PEUGEOT;8ERHZF;406 / BREAK 2.0;Francija;FRA;osebni avtomobil;185;karavan;406
80;1425;5.7;1;PEUGEOT;8ER-HZF;406 / BREAK / 2.0 / HDI;Francija;FRA;osebni avtomobil;185;karavan;406
80;1485;5.8;0;BMW;6V11-DHW500Z0;216 / GRAN TOURER / i;Nemcija;DEU;osebni avtomobil;188;karavan;216
80;1322;5.8;1;CITROEN;N1RHZ-N;XSARA / 2.0;Francija;FRA;osebni avtomobil;190;vozilo z dviûnimi vrati zadaj;XSARA 
80;1470;5.8;1;MERCEDES BENZ;245;B / 180 / CDI;Nemcija;DEU;osebni avtomobil;178;karavan;B 
80;1435;5.8;1;MERCEDES BENZ;Y20HL2-EWAAA501;B / 180 / CDI;Nemcija;DEU;osebni avtomobil;183;karavan;B 
80;1614;5.8;1;PEUGEOT;7S9HZC;PARTNER / 1.6 / HDI;Francija;FRA;osebni avtomobil;173;vecnamensko vozilo;PARTNER 
80;1485;5.9;0;BMW;6V11-DHW500L0;216 / GRAN TOURER / i;Nemcija;DEU;osebni avtomobil;188;karavan;216
80;1380;5.9;0;BMW;2R11-6HW50000;116 / / i;Nemcija;DEU;osebni avtomobil;195;karavan;116
80;1667;5.9;1;CITROEN;UA9HZC;C4 PICASSO / 1.6 / HDI;Francija;FRA;osebni avtomobil;180;vecnamensko vozilo;C4 PICASSO 
80;1564;5.9;1;CITROEN;UD9HZC;C4 PICASSO / 1.6 / HDI;Francija;FRA;osebni avtomobil;180;vecnamensko vozilo;C4 PICASSO 
80;1436;5.9;1;CITROEN;X2;XANTIA / 2.0;Francija;FRA;osebni avtomobil;191;vozilo z dviûnimi vrati zadaj;XANTIA 
80;1470;5.9;1;MERCEDES BENZ;Y20HK2-F1AAA500;B / 180 / CDI AUT.;Nemcija;DEU;osebni avtomobil;178;karavan;B 
80;1350;5.9;0;MERCEDES BENZ;X2H0T2-KZAA151B;A / 160 /;Nemcija;DEU;osebni avtomobil;200;karavan;A 
80;1050;5.9;0;SMART;323BC2-CDAAZA00;FORFOUR / 1.5 /;Nemcija;DEU;osebni avtomobil;190;karavan;FORFOUR 
80;1440;6.1;0;BMW;2X91-IHW500L0;216 / ACTIVE TOURER / i;Nemcija;DEU;osebni avtomobil;190;karavan;216
80;1470;6.1;1;MERCEDES BENZ;245 Y20HK2-F1AAA501;B / 180 / CDI AUT.;Nemcija;DEU;osebni avtomobil;178;karavan;B 
80;1435;6.1;1;MERCEDES BENZ;245 Y20HK2 EWAAA500;B / 180 / CDI;Nemcija;DEU;osebni avtomobil;183;karavan;B 
80;1385;6.1;0;MERCEDES BENZ;O0H0T2-KZAA150B;B / 160;Nemcija;DEU;osebni avtomobil;198;karavan;B 
80;1350;6.1;0;MERCEDES BENZ;X2H0T2-KZAA151A;A / 160 /;Nemcija;DEU;osebni avtomobil;200;karavan;A 
80;1045;6.1;0;MITSUBISHI;Z2613-AUGGA5A5C;COLT / 1.5 / CZ3 / SAM;Nizozemska;NLD;osebni avtomobil;190;vozilo z dviûnimi vrati zadaj;COLT 
80;975;6.1;0;SMART;454;FORFOUR / 1.5;Nemcija;DEU;osebni avtomobil;190;vozilo z dviûnimi vrati zadaj;FORFOUR 
80;1138;6.2;0;CITROEN;FCNFUC/PIFF*NFU*-FCNFU*;C 3 / 1.6;Francija;FRA;osebni avtomobil;192;vozilo z dviûnimi vrati zadaj;C 3 
80;1138;6.2;0;CITROEN;FCNFUC/PIF;C3 / 1.6 / i 16V AUT.;Francija;FRA;osebni avtomobil;192;vozilo z dviûnimi vrati zadaj;C3 
80;1065;6.2;0;MITSUBISHI;Z3611-ADCCA5A5C;COLT / 1.5;Nizozemska;NLD;osebni avtomobil;190;karavan;COLT 
80;1055;6.2;0;SMART;323BC2-DFAAZA01;FORFOUR / 1.5;Nemcija;DEU;osebni avtomobil;190;karavan;FORFOUR 
80;1430;6.3;0;BMW;2X91-DHW500L0;216 / ACTIVE TOURER / i;Nemcija;DEU;osebni avtomobil;190;karavan;216
80;1341;6.3;0;HYUNDAI;F5P21-M56AZ1;i 30 CW / 1.4 /;Ceöka republika;CZE;osebni avtomobil;187;vecnamensko vozilo;i 30 CW 
80;1257;6.3;0;KIA;EDB3P21-M51AZ1;CEED / 1.4 /;Slovaöka;SVK;osebni avtomobil;187;vecnamensko vozilo;CEED 
80;1168;6.3;0;KIA;UBF5P11-A41AZ1;RIO / 1.4 / AUT.;Koreja. republika;KOR;osebni avtomobil;170;vecnamensko vozilo;RIO 
80;1345;6.3;0;MITSUBISHI;CX512-AGEEA5A5A;LANCER / 1.5 /;Japonska ;JPN;osebni avtomobil;181;vozilo z dviûnimi vrati zadaj;LANCER 
80;1430;6.4;0;BMW;2X91-DHW500K0;216 / ACTIVE TOURER / i;Nemcija;DEU;osebni avtomobil;190;karavan;216
80;1305;6.4;0;MITSUBISHI;CY211-AAAAA5A5A;LANCER / 1.5 /;Japonska ;JPN;osebni avtomobil;191;limuzina;LANCER 
80;1102;6.4;0;PEUGEOT;2ANFUF;206 / 1.6 / i;Francija;FRA;osebni avtomobil;198;vozilo z dviûnimi vrati zadaj;206
80;1425;6.5;0;BMW;2X91-DHW500L0;216 / ACTIVE TOURER / i;Nemcija;DEU;osebni avtomobil;190;karavan;216
80;1138;6.5;0;CITROEN;FCNFUC/IF;C3 / 1.6 / i 16V;Francija;FRA;osebni avtomobil;192;vozilo z dviûnimi vrati zadaj;C3 
80;1138;6.5;0;CITROEN;FCNFUC/IF;C 3 / 1.6;Francija;FRA;osebni avtomobil;192;vozilo z dviûnimi vrati zadaj;C 3 
80;1425;6.6;0;BMW;2X91-CHW500L0;216 / ACTIVE TOURER / i;Nemcija;DEU;osebni avtomobil;190;karavan;216
80;1670;6.6;1;CITROEN;AFRHW-B;EVASION / 2.0 / HDI;Francija;FRA;osebni avtomobil;175;vecnamensko vozilo;EVASION 
80;1252;6.6;0;CITROEN;HBNFUC/PIF;C3 PLURIEL / 1.6 / i 16V AUT.;Francija;FRA;osebni avtomobil;188;kabriolet;C3 PLURIEL 
80;1252;6.6;0;CITROEN;HBNFUC/PIF;C 3 PLURIEL / 1.6;Francija;FRA;osebni avtomobil;188;kabriolet;C 3 PLURIEL 
80;1185;6.6;0;MITSUBISHI;ZB614-AAAAA5A4D;CABRIO / 1.5 /;Nizozemska;NLD;osebni avtomobil;183;kabriolet;CABRIO 
80;1291;6.6;0;PEUGEOT;KMNFUC/P;1007 / 1.6 / i AUT.;Francija;FRA;osebni avtomobil;190;vozilo z dviûnimi vrati zadaj;1007
80;1291;6.6;0;PEUGEOT;KMNFUC/PIF;1007 / 1.6 / i AUT.;Francija;FRA;osebni avtomobil;190;vozilo za posebne namene;1007
80;1590;6.6;1;SUZUKI;FTD82V-1;GRAND VITARA / 2.0 / TD;Japonska ;JPN;osebni avtomobil;150;karavan;GRAND VITARA 
80;1550;6.6;1;SUZUKI;FTD82V-1;GRAND VITARA / 2.0 / TD;Japonska ;JPN;osebni avtomobil;150;limuzina;GRAND VITARA 
80;1460;6.6;1;SUZUKI;FT-7-1;GRAND VITARA / 2.0 / TD;Japonska ;JPN;osebni avtomobil;150;vecnamensko vozilo;GRAND VITARA 
80;1670;6.7;1;CITROEN;AFRHWB;EVASION / 2.0 / HDi;Francija;FRA;osebni avtomobil;175;vecnamensko vozilo;EVASION 
80;1670;6.7;1;CITROEN;A;EVASION / 2.0 / HDI;Francija;FRA;osebni avtomobil;173;vecnamensko vozilo;EVASION 
80;1640;6.7;1;CITROEN;BERHZB;JUMPY / Kombi 2.0 / HDi;Francija;FRA;osebni avtomobil;165;vecnamensko vozilo;JUMPY 
80;1640;6.7;1;CITROEN;BERHZBB*****-B*RHZ*;CITROÀN / JUMPY / Kombi 2.0 / HDi;Francija;FRA;osebni avtomobil;165;vecnamensko vozilo;CITROÀN 
80;1539;6.7;1;CITROEN;DERHZ-E;C5 / BREAK 2.0 / HDI AUT.;Francija;FRA;osebni avtomobil;183;karavan;C5 
80;1385;6.7;1;CITROEN;D-RHZ;C 5 / 2.0;Francija;FRA;osebni avtomobil;192;vozilo z dviûnimi vrati zadaj;C 5 
80;1638;6.7;1;FIAT;220KV5AA;SCUDO / 2.0 / 16V;Italija;ITA;osebni avtomobil;165;vecnamensko vozilo;SCUDO 
80;1570;6.7;1;FIAT;220KV5AB;SCUDO / 2.0 JTD;Italija;ITA;osebni avtomobil;165;vecnamensko vozilo;SCUDO 
80;1670;6.7;1;PEUGEOT;AFRHZ-A;806 / 2.0 / HDI;Francija;FRA;osebni avtomobil;173;vecnamensko vozilo;806
80;1645;6.7;1;PEUGEOT;BERHZB;EXPERT / 2.0;Francija;FRA;osebni avtomobil;165;vecnamensko vozilo;EXPERT 
80;1148;6.7;0;PEUGEOT;2KNFUF;206 / BREAK XS 1.6 / i;Francija;FRA;osebni avtomobil;194;karavan;206
80;1148;6.7;0;PEUGEOT;2KNFUF;206 / BREAK XS 1.6 / i;Francija;FRA;osebni avtomobil;194;vozilo z dviûnimi vrati zadaj;206
80;1102;6.7;0;PEUGEOT;2JNFU-A;206 / 1.6 / I;Francija;FRA;osebni avtomobil;196;vozilo z dviûnimi vrati zadaj;206
80;1088;6.7;0;PEUGEOT;2HNFUA;206 / 1.6 / i;Francija;FRA;osebni avtomobil;196;vozilo z dviûnimi vrati zadaj;206
80;1073;6.7;0;PEUGEOT;2KNFUF;206 / BREAK 1.6 /;Francija;FRA;osebni avtomobil;179;karavan;206
80;1090;6.7;0;ROVER;RKFKWE;25 / 1.6 /;Zdruûeno kraljestvo;GBR;osebni avtomobil;177;vozilo z dviûnimi vrati zadaj;25
80;1088;6.8;0;PEUGEOT;2HNFUF;206 / 1.6 / i;Francija;FRA;osebni avtomobil;200;vozilo z dviûnimi vrati zadaj;206
80;1088;6.8;0;PEUGEOT;2-NFU;206 / 1.6 / I;Francija;FRA;osebni avtomobil;196;vozilo z dviûnimi vrati zadaj;206
80;1088;6.8;0;PEUGEOT;2HNFU-F;206 / 1.6 / I;Francija;FRA;osebni avtomobil;185;vozilo z dviûnimi vrati zadaj;206
80;1241;6.9;0;CITROEN;N2NFUB;XSARA / Break 1.6 / i 16V;Francija;FRA;osebni avtomobil;196;karavan;XSARA 
80;1216;6.9;0;CITROEN;N1NFUB;XSARA / 1.6 / i 16V;Francija;FRA;osebni avtomobil;195;vozilo z dviûnimi vrati zadaj;XSARA 
80;1166;6.9;0;CITROEN;N2NFUB;XSARA / BREAK 1.6 / I 16V;Francija;FRA;osebni avtomobil;196;limuzina;XSARA 
80;1278;6.9;0;PEUGEOT;KMNFUC;1007 / 1.6 / i;Francija;FRA;osebni avtomobil;190;vozilo z dviûnimi vrati zadaj;1007
80;1020;6.9;0;SUZUKI;V81S-1;IGNIS / 1.5 /;Japonska ;JPN;osebni avtomobil;185;karavan;IGNIS 
80;1380;7.1;0;BMW;2R11-DHW50000;116 / / i;Nemcija;DEU;osebni avtomobil;195;karavan;116
80;1300;7.1;0;CHEVROLET;NN1-146;LACETTI / 1.6 / 16V;Koreja. republika;KOR;osebni avtomobil;187;limuzina;LACETTI 
80;1300;7.1;0;CHEVROLET;NH1-211;LACETTI / 1.6 / 16 V;Koreja. republika;KOR;osebni avtomobil;187;vozilo z dviûnimi vrati zadaj;LACETTI 
80;1275;7.1;0;CHEVROLET;NH1-246;LACETTI / 1.6 / 16V;Koreja. republika;KOR;osebni avtomobil;187;vozilo z dviûnimi vrati zadaj;LACETTI 
80;1255;7.1;0;CHEVROLET;NN1-146;LACETTI / 1.6;Koreja. republika;KOR;osebni avtomobil;187;limuzina;LACETTI 
80;1205;7.1;0;CHEVROLET;NN1-111;NUBIRA / 1.6;Koreja. republika;KOR;osebni avtomobil;187;limuzina;NUBIRA 
80;1200;7.1;0;CHEVROLET;NH1-211;LACETTI / 1.6;Koreja. republika;KOR;osebni avtomobil;187;vozilo z dviûnimi vrati zadaj;LACETTI 
80;1275;7.1;0;CITROEN;LCNFUC;C4 / 1.6 / i 16V;Francija;FRA;osebni avtomobil;194;vozilo z dviûnimi vrati zadaj;C4 
80;1275;7.1;0;CITROEN;LCNFUC;C 4 / 1.6;Francija;FRA;osebni avtomobil;194;vozilo z dviûnimi vrati zadaj;C 4 
80;1255;7.2;0;CHEVROLET;NN1-111;LACETTI / 1.6 / 16V;Koreja. republika;KOR;osebni avtomobil;187;limuzina;LACETTI 
80;1250;7.2;0;CHEVROLET;NH1-214;LACETTI / 1.6 / 16V;Koreja. republika;KOR;osebni avtomobil;187;vozilo z dviûnimi vrati zadaj;LACETTI 
80;1362;7.2;0;NISSAN;P12-A01;PRIMERA / 1.6;Zdruûeno kraljestvo;GBR;osebni avtomobil;190;limuzina;PRIMERA 
80;1268;7.2;0;PEUGEOT;3CNFUK;307 / 1.6;Francija;FRA;osebni avtomobil;190;vozilo z dviûnimi vrati zadaj;307
80;1268;7.2;0;PEUGEOT;3CNFUK;PEUGEOT / 307 / 1.6 / i;Francija;FRA;osebni avtomobil;190;vozilo z dviûnimi vrati zadaj;PEUGEOT 
80;1251;7.2;0;PEUGEOT;3ANFUK;307 / 1.6;Francija;FRA;osebni avtomobil;190;vozilo z dviûnimi vrati zadaj;307
80;1193;7.2;0;PEUGEOT;3CNFU-B;307 / 1.6;Francija;FRA;osebni avtomobil;190;limuzina;307
80;1193;7.2;0;PEUGEOT;3CNFU-B;307 / 1.6;Francija;FRA;osebni avtomobil;190;vozilo z dviûnimi vrati zadaj;307
80;1580;7.2;1;SUZUKI;FT 389006;GRAND VITARA / 2.0 / TD;Japonska ;JPN;osebni avtomobil;160;limuzina;GRAND VITARA 
80;1520;7.2;1;SUZUKI;FT 389008;GRAND VITARA / 2.0 / TD;Japonska ;JPN;osebni avtomobil;160;karavan;GRAND VITARA 
80;1380;7.3;0;BMW;2R11-DHW50000;116 / / i;Nemcija;DEU;osebni avtomobil;195;karavan;116
80;1343;7.3;0;CITROEN;CHNFUC;XSARA PICASSO / 1.6 / i 16V;Francija;FRA;osebni avtomobil;180;vecnamensko vozilo;XSARA PICASSO 
80;1343;7.3;0;CITROEN;CHNFUC;XSARA PICASSO / 1.6 / i 16V;Francija;FRA;osebni avtomobil;180;limuzina;XSARA PICASSO 
80;1343;7.3;0;CITROEN;CHNFUC;XSARA / PICASSO 1.6 / i 16V;Francija;FRA;osebni avtomobil;180;vecnamensko vozilo;XSARA 
80;1615;7.3;1;SUZUKI;FTD83V-01;GRAND VITARA / 2.0;Japonska ;JPN;osebni avtomobil;160;limuzina;GRAND VITARA 
80;1615;7.3;1;SUZUKI;FTD83V-01;SUZUKI / GRAND VITARA / 2.0 / TD;Japonska ;JPN;osebni avtomobil;160;limuzina;SUZUKI 
80;1600;7.3;1;SUZUKI;FT10D83V-1;GRAND VITARA / 2.0 / TD;Japonska ;JPN;osebni avtomobil;160;karavan;GRAND VITARA 
80;1600;7.3;1;SUZUKI;FTD83V-01;GRAND VITARA / 2.0 / TD;Japonska ;JPN;osebni avtomobil;160;limuzina;GRAND VITARA 
80;1555;7.3;1;SUZUKI;FTB83V-01;GRAND VITARA / 2.0 / TD;Japonska ;JPN;osebni avtomobil;160;limuzina;GRAND VITARA 
80;1550;7.3;1;SUZUKI;FTD82V-01;GRAND VITARA / 2.0 / TD;Japonska ;JPN;osebni avtomobil;150;limuzina;GRAND VITARA 
80;1520;7.3;1;SUZUKI;FTB83V;GRAND VITARA / 2.0 / TD;Japonska ;JPN;osebni avtomobil;160;karavan;GRAND VITARA 
80;1380;7.4;0;BMW;2R11-6HW50000;116 / / i;Nemcija;DEU;osebni avtomobil;195;karavan;116
80;1326;7.4;0;PEUGEOT;GJNFUB;PARTNER / 1.6;Francija;FRA;osebni avtomobil;170;vecnamensko vozilo;PARTNER 
80;1279;7.4;0;PEUGEOT;3CNFUL;307 / 1.6 / i;Francija;FRA;osebni avtomobil;190;vozilo z dviûnimi vrati zadaj;307
80;1275;7.4;0;PEUGEOT;3CNFUC;307 / 1.6 / i;Francija;FRA;osebni avtomobil;190;vozilo z dviûnimi vrati zadaj;307
80;1251;7.4;0;PEUGEOT;3ANFUC/IF;307 / 1.6 / i;Francija;FRA;osebni avtomobil;190;vozilo z dviûnimi vrati zadaj;307
80;1329;7.5;0;CITROEN;GJNFUC;BERLINGO / 1.6 / i 16V;Francija;FRA;osebni avtomobil;170;vecnamensko vozilo;BERLINGO 
80;1326;7.5;0;CITROEN;GJNFUC/IF;BERLINGO / 1.6 / i 16V;Francija;FRA;osebni avtomobil;170;vecnamensko vozilo;BERLINGO 
80;1329;7.5;0;PEUGEOT;GJNFUC;PARTNER / 1.6 / i 16V;Francija;FRA;osebni avtomobil;170;vecnamensko vozilo;PARTNER 
80;1215;7.5;0;PEUGEOT;2-NFU;206 / CC / 1.6;Francija;FRA;osebni avtomobil;193;kabriolet;206
80;1190;7.5;0;PEUGEOT;2KNFUR;206 / BREAK XS 1.6;Francija;FRA;osebni avtomobil;189;karavan;206
80;1349;7.6;0;CITROEN;LCNFUF;C4 / 1.6 / i 16V AUT.;Francija;FRA;osebni avtomobil;188;vozilo z dviûnimi vrati zadaj;C4 
80;1528;7.6;0;PEUGEOT;3BNFUC;307 / CABRIOLET 1.6 / i;Francija;FRA;osebni avtomobil;191;kabriolet;307
80;1513;7.6;0;PEUGEOT;3BNFUC;307 / CABRIOLET 1.6;Francija;FRA;osebni avtomobil;191;kabriolet;307
80;1513;7.6;0;PEUGEOT;3BNFUC;PEUGEOT / 307 / CABRIOLET 1.6 / i;Francija;FRA;osebni avtomobil;191;kabriolet;PEUGEOT 
80;1438;7.6;0;PEUGEOT;3BNFUC/IF;307 / CABRIOLET 1.6 / i;Francija;FRA;osebni avtomobil;191;kabriolet;307
80;1923;7.7;0;PEUGEOT;3HNFUB;307 / MONOSPACE 1.6;Francija;FRA;osebni avtomobil;182;karavan;307
80;1435;7.7;0;PEUGEOT;3HNFUC;307 / MONOSPACE 1.6 / i;Francija;FRA;osebni avtomobil;182;vecnamensko vozilo;307
80;1435;7.7;0;PEUGEOT;3HNFUC;307 / MONOSPACE 1.6;Francija;FRA;osebni avtomobil;182;karavan;307
80;1399;7.7;0;PEUGEOT;3HNFUB;307 / MONOSPACE 1.6 / i;Francija;FRA;osebni avtomobil;182;vecnamensko vozilo;307
80;1399;7.7;0;PEUGEOT;3HNFUB;PEUGEOT / 307 / MONOSPACE 1.6 / i;Francija;FRA;osebni avtomobil;182;vecnamensko vozilo;PEUGEOT 
80;1344;7.7;0;PEUGEOT;3ENFUB;307 / BREAK 1.6;Francija;FRA;osebni avtomobil;182;karavan;307
80;1344;7.7;0;PEUGEOT;3ENFUB;PEUGEOT / 307 / BREAK 1.6 / i;Francija;FRA;osebni avtomobil;182;karavan;PEUGEOT 
80;1330;7.7;0;PEUGEOT;3ENFUC;307 / BREAK 1.6 / i;Francija;FRA;osebni avtomobil;182;karavan;307
80;1252;7.7;0;PEUGEOT;2DNFUR;206 / CABRIOLET 1.6;Francija;FRA;osebni avtomobil;186;kabriolet;206
80;1375;7.8;0;CHEVROLET;NW1-346;LACETTI / SW 1.6 / 16V;Koreja. republika;KOR;osebni avtomobil;187;karavan;LACETTI 
80;1300;7.8;0;CHEVROLET;NW1-314;LACETTI / SW 1.6 / 16V;Koreja. republika;KOR;osebni avtomobil;187;karavan;LACETTI 
80;1318;7.9;0;PEUGEOT;3CNFUF;307 / 1.6 / i AUT.;Francija;FRA;osebni avtomobil;186;vozilo z dviûnimi vrati zadaj;307
80;1304;7.9;0;PEUGEOT;3CNFU-E;307 / 1.6 / I AUT.;Francija;FRA;osebni avtomobil;186;vozilo z dviûnimi vrati zadaj;307
80;1304;7.9;0;PEUGEOT;3CNFUE;307 / 1.6 / I AUT.;Francija;FRA;osebni avtomobil;184;vozilo z dviûnimi vrati zadaj;307
80;1215;7.9;0;PEUGEOT;2-NFU;206 / 1.6 / CC;Francija;FRA;osebni avtomobil;193;kabriolet;206
80;1280;7.9;0;VOLVO;VW10-K3;V 40 / 1.6;ävedska;SWE;osebni avtomobil;190;karavan;V 40 
80;1502;8.2;0;CITROEN;7JNFUC;BERLINGO / 1.6 / i 16V;Francija;FRA;osebni avtomobil;169;vecnamensko vozilo;BERLINGO 
80;1502;8.2;0;PEUGEOT;7JNFUC;PARTNER / 1.6 / i 16V;Francija;FRA;osebni avtomobil;169;vecnamensko vozilo;PARTNER 
80;1693;8.6;1;LAND ROVER;LNBE-022;FREELANDER / 2.0 / TD4 AUT.;Zdruûeno kraljestvo;GBR;osebni avtomobil;156;limuzina;FREELANDER 
80;2170;8.6;1;MERCEDES BENZ;ZK2HM-2C1C2A1;VITO / 111 / CDI-2.94;Nemcija;DEU;osebni avtomobil;160;vecnamensko vozilo;VITO 
80;2130;8.6;1;MERCEDES BENZ;ZLBHM-3E4C2A1;VIANO / 2.0 / CDI AUT.-2.94;Nemcija;DEU;osebni avtomobil;163;vecnamensko vozilo;VIANO 
80;1840;8.6;1;MERCEDES BENZ;639.ZK2HK-2C1A2A1;VITO / 111 / CDI - 2.94;Nemcija;DEU;osebni avtomobil;160;vecnamensko vozilo;VITO 
80;1815;8.6;1;MERCEDES BENZ;639ZK2HM-2C1C2A1;VITO / 111 / CDI;Nemcija;DEU;osebni avtomobil;160;vecnamensko vozilo;VITO 
80;1815;8.6;1;MERCEDES BENZ;639ZL2HM-2C1C2A1;VIANO / 2.0 / CDI;Nemcija;DEU;osebni avtomobil;160;vecnamensko vozilo;VIANO 
80;1790;8.6;1;MERCEDES BENZ;ZK2HK-2C1C2A1;VITO / 111 / CDI-2.94;Nemcija;DEU;osebni avtomobil;160;vecnamensko vozilo;VITO 
80;1250;8.7;0;MERCEDES BENZ;201;190 / E / 1.8;Nemcija;DEU;osebni avtomobil;185;limuzina;190
80;2030;8.9;1;MERCEDES BENZ;639;VITO / 111 / CDI;Nemcija;DEU;osebni avtomobil;157;vecnamensko vozilo;VITO 
80;1970;8.9;1;MERCEDES BENZ;ZL2HM-2B1A1A1;VIANO / 2.0 / CDI;Nemcija;DEU;osebni avtomobil;157;karavan;VIANO 
80;1815;8.9;1;MERCEDES BENZ;ZK2HM-2C6C2A1;VITO / 111 / CDI-2.49;Nemcija;DEU;osebni avtomobil;160;vecnamensko vozilo;VITO 
80.2;1368;5.7;0;HYUNDAI;B5P81-M56CZ1;i 30 / 1.4 /;Ceöka republika;CZE;osebni avtomobil;187;vecnamensko vozilo;i 30 
80.2;1415;5.8;0;HYUNDAI;F5P81-M56AZ1;i 30 CW / 1.4 /;Ceöka republika;CZE;osebni avtomobil;187;vecnamensko vozilo;i 30 CW 
80.2;1263;5.8;0;KIA;EDB5P21-M56AZ1;CEED / 1.4 /;Slovaöka;SVK;osebni avtomobil;187;vecnamensko vozilo;CEED 
80.2;1257;5.8;0;KIA;EDB3P21-M56AZ1;CEED / 1.4 /;Slovaöka;SVK;osebni avtomobil;187;vecnamensko vozilo;CEED 
80.2;1319;5.9;0;HYUNDAI;F5PG1-M56AZ1;i 30 CW / 1.4 /;Ceöka republika;CZE;osebni avtomobil;187;vecnamensko vozilo;i 30 CW 
80.2;1368;6.1;0;HYUNDAI;B5P21-M51AZ1;i 30 / 1.4 /;Koreja. republika;KOR;osebni avtomobil;187;vecnamensko vozilo;i 30 
80.2;1368;6.1;0;HYUNDAI;B5P21-M56AZ1;i 30 / 1.4 /;Ceöka republika;CZE;osebni avtomobil;187;vecnamensko vozilo;i 30 
80.2;1299;6.1;0;HYUNDAI;B5PC1-M56AZ1;i 30 / 1.4 /;Ceöka republika;CZE;osebni avtomobil;187;vecnamensko vozilo;i 30 
80.2;1268;6.1;0;HYUNDAI;B5PC1-M56AZ1;i 30 / 1.4 /;Ceöka republika;CZE;osebni avtomobil;187;vozilo z dviûnimi vrati zadaj;i 30 
80.2;1355;6.1;0;KIA;EDB5P21-M51AZ1;CEED / 1.4 /;Slovaöka;SVK;osebni avtomobil;187;vecnamensko vozilo;CEED 
80.2;1415;6.3;0;HYUNDAI;F5P21-M56AZ1;i 30 CW / 1.4 /;Ceöka republika;CZE;osebni avtomobil;187;vecnamensko vozilo;i 30 CW 
80.2;1411;6.3;0;HYUNDAI;F5PC1-M56AZ1;i 30 CW / 1.4 /;Ceöka republika;CZE;osebni avtomobil;187;vecnamensko vozilo;i 30 CW 
80.2;1317;6.3;0;KIA;EDF5P21-M56AZ1;CEED / 1.4 /;Slovaöka;SVK;osebni avtomobil;187;vecnamensko vozilo;CEED 
80.2;1257;6.3;0;KIA;EDB3P21-M56AZ1;CEED / 1.4 /;Slovaöka;SVK;osebni avtomobil;187;vecnamensko vozilo;CEED 
80.5;1384;4.9;1;VOLVO;MS7632;S40 / 1.6 / TD;ävedska;SWE;osebni avtomobil;190;limuzina;S40 
80.9;1348;5.9;0;HYUNDAI;PDE-F5P71-M6CB11;i30 CW / 1.5 /;Ceöka republika;CZE;osebni avtomobil;187;karavan;i30 CW 
80.9;1366;6.1;0;HYUNDAI;F5P71-M6CB11;i30 CW / 1.5 /;Ceöka republika;CZE;osebni avtomobil;187;karavan;i30 CW 
81;1330;3.3;1;AUDI;LCRKBF1-FM62S030R8V637MJEM1;A3 / 1.6 / TDI;Nemcija;DEU;osebni avtomobil;203;limuzina;A3 
81;1330;3.3;1;AUDI;LCRKBF1-FM62S030R8V637MJEM1;A3 / 1.6 / TDI;Nemcija;DEU;osebni avtomobil;203;vozilo za posebne namene;A3 
81;1315;3.3;1;AUDI;SCRKBF1-FM62S030R8V647MJEM1;A3 / 1.6 / TDI;Nemcija;DEU;osebni avtomobil;200;vozilo z dviûnimi vrati zadaj;A3 
81;1364;3.3;1;OPEL;CA0FDBB12-BA1F2FBBB5;ASTRA / 1.6 / CDTI;Nemcija;DEU;osebni avtomobil;200;vozilo z dviûnimi vrati zadaj;ASTRA 
81;1280;3.3;1;RENAULT;RFBBH2A3661A010000;MEGANE / 1.5 / DCI;Francija;FRA;osebni avtomobil;188;vozilo z dviûnimi vrati zadaj;MEGANE 
81;1280;3.3;1;SEAT;FCRKBX0-FM6EFM62S0307MJVLO;LEON ST / 1.6 / TDI;äpanija;ESP;osebni avtomobil;199;karavan;LEON ST 
81;1280;3.3;1;äKODA;AACRKBX0-GFM6FM62S030V2VL7;OCTAVIA / 1.6 / TDI;Ceöka republika;CZE;osebni avtomobil;206;limuzina;OCTAVIA 
81;1391;3.3;1;VOLKSWAGEN;VACCRKBX0-FM6FM62S030B7MJOVL00VR2;GOLF / VARIANT 1.6 / TDI;Nemcija;DEU;osebni avtomobil;200;karavan;GOLF 
81;1280;3.4;1;AUDI;SDBKAF1-FM62S030P8V187MMEM1;A3 / 1.6 / TDI;Nemcija;DEU;osebni avtomobil;200;vozilo z dviûnimi vrati zadaj;A3 
81;1425;3.4;1;OPEL;DA0FDBB12-BA2G2FBBB5;ASTRA / ST 1.6 / CDTI;Nemcija;DEU;osebni avtomobil;195;karavan;ASTRA 
81;1393;3.4;1;OPEL;CA0FDBB12-BA1F4FBBJ5;ASTRA / 1.6 / CDTI;Nemcija;DEU;osebni avtomobil;200;vozilo z dviûnimi vrati zadaj;ASTRA 
81;1393;3.4;1;OPEL;DB0FDBB12-BK2H1FBBB5;ASTRA / ST 1.6 / CDTI;Nemcija;DEU;osebni avtomobil;195;karavan;ASTRA 
81;1389;3.4;1;RENAULT;RFBBH2A3661A010000;MEGANE / 1.5 / DCI;Francija;FRA;osebni avtomobil;188;vozilo z dviûnimi vrati zadaj;MEGANE 
81;1383;3.4;1;RENAULT;KZX406;MEGANE / GRANDTOUR 1.5 / DCI;Francija;FRA;osebni avtomobil;190;karavan;MEGANE 
81;1280;3.4;1;SEAT;FDBKAX0V-FM6EFM62S0307MMVLO568;LEON ST / 1.6 / TDI;äpanija;ESP;osebni avtomobil;199;karavan;LEON ST 
81;1280;3.4;1;VOLKSWAGEN;GAC4DBKAX0-FM6FM62S030B7MMON1VL67VR2;GOLF / 1.6 / TDI;Nemcija;DEU;osebni avtomobil;200;karavan;GOLF 
81;1280;3.4;1;VOLKSWAGEN;GAC4DBKAX0-FM6FM62S030B7MMON1VL67VR2;GOLF / 1.6 / TDI;Nemcija;DEU;osebni avtomobil;200;vozilo za posebne namene;GOLF 
81;1305;3.5;1;AUDI;LDBKAF1-FM62S030P8V117MMEM1;A3 / 1.6 / TDI;Nemcija;DEU;osebni avtomobil;203;limuzina;A3 
81;1456;3.5;1;OPEL;DA0FDBB12-BA2H1FBBK5;ASTRA / ST 1.6 / CDTI;Nemcija;DEU;osebni avtomobil;195;karavan;ASTRA 
81;1425;3.5;1;OPEL;DA0FDBB12-BA2G2FBBK5;ASTRA / ST 1.6 / CDTI;Nemcija;DEU;osebni avtomobil;195;karavan;ASTRA 
81;1393;3.5;1;OPEL;DA0FDBB12-BA2F4FBBK5;ASTRA / ST 1.6 / CDTI;Nemcija;DEU;osebni avtomobil;195;karavan;ASTRA 
81;1378;3.5;1;OPEL;CA0FCBB12-BA1F3JBDJ5;ASTRA / 1.6 / CDTI;Nemcija;DEU;osebni avtomobil;195;vozilo z dviûnimi vrati zadaj;ASTRA 
81;1460;3.5;1;RENAULT;RFBKH2A3661A010000;MEGANE / GRANDTOUR 1.5 / DCI;Francija;FRA;osebni avtomobil;188;karavan;MEGANE 
81;1383;3.5;1;RENAULT;KZ1406;MEGANE / GRANDTOUR 1.5 / DCI;Francija;FRA;osebni avtomobil;190;karavan;MEGANE 
81;1355;3.5;1;RENAULT;7R010K;CLIO GRANDTOUR / 1.5 / DCI;Francija;FRA;osebni avtomobil;190;karavan;CLIO GRANDTOUR 
81;1341;3.5;1;RENAULT;5R010K;CLIO / 1.5 / DCI;Francija;FRA;osebni avtomobil;190;vozilo z dviûnimi vrati zadaj;CLIO 
81;1290;3.5;1;RENAULT;BZ1406;MEGANE / 1.5 / DCI;Francija;FRA;osebni avtomobil;190;vozilo z dviûnimi vrati zadaj;MEGANE 
81;1280;3.5;1;RENAULT;DZ1406;MEGANE / COUPE 1.5 / DCI;Francija;FRA;osebni avtomobil;190;kupe;MEGANE 
81;1280;3.5;1;äKODA;AADBKAX0-GFM6FM62S030V2VL637;OCTAVIA / 1.6 / TDI;Ceöka republika;CZE;osebni avtomobil;206;limuzina;OCTAVIA 
81;1280;3.5;1;äKODA;ACDBKAX0-GFM6FM62S030V2VL637;OCTAVIA / COMBI 1.6 / TDI;Ceöka republika;CZE;osebni avtomobil;204;karavan;OCTAVIA 
81;1391;3.5;1;VOLKSWAGEN;VACDBKAX0-FM6FM62S030B7MMON1VL67VR2;GOLF / VARIANT 1.6 / TDI;Nemcija;DEU;osebni avtomobil;200;karavan;GOLF 
81;1440;3.6;1;HYUNDAI;B5DE1-M69AZ1;i 30 / 1.6 / CRDi LP;Ceöka republika;CZE;osebni avtomobil;189;vozilo z dviûnimi vrati zadaj;i 30 
81;1345;3.6;1;NISSAN;C13-A01;PULSAR / 1.5 / DCI;äpanija;ESP;osebni avtomobil;190;vecnamensko vozilo;PULSAR 
81;1345;3.6;1;NISSAN;C13-A02;PULSAR / 1.5 / DCI;ävica;CHE;osebni avtomobil;190;vecnamensko vozilo;PULSAR 
81;1571;3.6;1;OPEL;DGEJC12-BA1K2JKFA5;ASTRA / ST 1.6 / CDTI;Nemcija;DEU;osebni avtomobil;184;karavan;ASTRA 
81;1503;3.6;1;OPEL;CGEJC12-BA1J1JKFA5;ASTRA / 1.6 / CDTI;Nemcija;DEU;osebni avtomobil;184;vozilo z dviûnimi vrati zadaj;ASTRA 
81;1425;3.6;1;OPEL;DA0FCBB12-BA2G2JBDJ5;ASTRA / ST 1.6 / CDTI;Nemcija;DEU;osebni avtomobil;195;karavan;ASTRA 
81;1393;3.6;1;OPEL;DA0FCBB12-BA2G2JBDK5;ASTRA / ST 1.6 / CDTI;Nemcija;DEU;osebni avtomobil;195;karavan;ASTRA 
81;1762;3.6;1;RENAULT;RFDLH2A3661A110000;TALISMAN / 1.5 / DCI;Francija;FRA;osebni avtomobil;190;limuzina;TALISMAN 
81;1615;3.6;1;RENAULT;RFARS2AE6RVA017000;GRAND SCENIC HYBRID ASSIST / 1.5 / DCI;Francija;FRA;osebni avtomobil;183;vozilo z dviûnimi vrati zadaj;GRAND SCENIC HYBRID ASSIST 
81;1331;3.6;1;RENAULT;KZ890H;MEGANE / GRANDTOUR 1.5 / DCI;Francija;FRA;osebni avtomobil;190;karavan;MEGANE 
81;1289;3.6;1;RENAULT;BZ890H;MEGANE / 1.5 / DCI;Francija;FRA;osebni avtomobil;190;vozilo z dviûnimi vrati zadaj;MEGANE 
81;1279;3.6;1;RENAULT;DZ890H;MEGANE / COUPE 1.5 / DCI;Francija;FRA;osebni avtomobil;190;kupe;MEGANE 
81;1280;3.6;1;SEAT;FDBKAX0V-FM6AFM62S0307MMVLO568;LEON ST / 1.6 / TDI;äpanija;ESP;osebni avtomobil;200;karavan;LEON ST 
81;1260;3.6;1;SEAT;BDBKAX0V-FM6EFM62S0307MMVLO568;LEON / 1.6 / TDI;äpanija;ESP;osebni avtomobil;199;karavan;LEON 
81;1435;3.6;1;VOLKSWAGEN;SACCRKBX0-FM6FM62S030B7MJOVL04VR2;GOLF / SPORTSVAN 1.6 / TDI;Nemcija;DEU;osebni avtomobil;196;karavan;GOLF 
81;1365;3.7;1;AUDI;LCXXBF1-FD7AM014P8V117MMEM1;A3 / 1.6 / TDI AUT.;Nemcija;DEU;osebni avtomobil;203;limuzina;A3 
81;1355;3.7;1;AUDI;LDBKAF1-FM6FM62S030P8V407MMEM1K1;A3 / 1.6 / TDI;Nemcija;DEU;osebni avtomobil;203;limuzina;A3 
81;1345;3.7;1;AUDI;LCXXBF1-FM62S027P8V117MMEM1;A3 / 1.6 / TDI;Nemcija;DEU;osebni avtomobil;203;limuzina;A3 
81;1550;3.7;1;CHEVROLET;JNKS1/KP5;CRUZE / 1.7 / DT 16V;Koreja. republika;KOR;osebni avtomobil;189;limuzina;CRUZE 
81;1461;3.7;1;HYUNDAI;B5D61-M67AZ1;i 30 / 1.6 / CRDi LP;Ceöka republika;CZE;osebni avtomobil;185;vozilo z dviûnimi vrati zadaj;i 30 
81;1461;3.7;1;HYUNDAI;B5D61-M67AZ1;i 30 / 1.6 / CRDi LP;Ceöka republika;CZE;osebni avtomobil;185;vecnamensko vozilo;i 30 
81;1451;3.7;1;HYUNDAI;F5D21-M67AZ1;i30 CW / 1.6 / CRDi;Ceöka republika;CZE;osebni avtomobil;188;karavan;i30 CW 
81;1375;3.7;1;KIA;JDB5D61-M66AZ1;CEED / 1.6 / D;Slovaöka;SVK;osebni avtomobil;197;vozilo z dviûnimi vrati zadaj;CEED 
81;1613;3.7;1;OPEL;DAEJC12-BA1L2JKFA5;ASTRA / ST 1.6 / CDTI;Nemcija;DEU;osebni avtomobil;184;karavan;ASTRA 
81;1571;3.7;1;OPEL;CAFCC12-BA1K2JKFA5;ASTRA / 1.7 / DTI;Nemcija;DEU;osebni avtomobil;188;vecnamensko vozilo;ASTRA 
81;1571;3.7;1;OPEL;DAEJC12-BA1K2JKFA5;ASTRA / CAR. 1.6 / DTI 16V;Nemcija;DEU;osebni avtomobil;186;karavan;ASTRA 
81;1571;3.7;1;OPEL;DAEJC12-BA1K2JKFA5;ASTRA / ST 1.6 / CDTI;Nemcija;DEU;osebni avtomobil;184;karavan;ASTRA 
81;1550;3.7;1;OPEL;CAFCC12-BA1J3JKFA5;ASTRA / 1.7 / DTI;Nemcija;DEU;osebni avtomobil;188;vecnamensko vozilo;ASTRA 
81;1550;3.7;1;OPEL;CAEJC12-BA1J3JKFA5;ASTRA / 1.6 / CDTI;Nemcija;DEU;osebni avtomobil;184;vozilo z dviûnimi vrati zadaj;ASTRA 
81;1503;3.7;1;OPEL;CAFCC11-BA1K2JKFA5;ASTRA / 1.7 / DTI 16V;Nemcija;DEU;osebni avtomobil;188;vecnamensko vozilo;ASTRA 
81;1503;3.7;1;OPEL;DAEJC12-BA1L2JKFA5;ASTRA / CAR. 1.6 / DTI 16V;Nemcija;DEU;osebni avtomobil;186;karavan;ASTRA 
81;1491;3.7;1;OPEL;AAEJC12-BA2J1JKFA5;ASTRA / 1.6 / CDTI;Nemcija;DEU;osebni avtomobil;189;limuzina;ASTRA 
81;1488;3.7;1;OPEL;CAEJC12-BA1J1JKFA5;ASTRA / 1.6 / CDTI;Nemcija;DEU;osebni avtomobil;184;vozilo z dviûnimi vrati zadaj;ASTRA 
81;1350;3.7;1;OPEL;CA0FCBA12-BA1F1JBDJ5;ASTRA / 1.6 / CDTI;Nemcija;DEU;osebni avtomobil;195;vozilo z dviûnimi vrati zadaj;ASTRA 
81;1574;3.7;1;RENAULT;RFDKH2A3661A110000;TALISMAN GRANDTOUR / 1.5 / DCI;Francija;FRA;osebni avtomobil;185;karavan;TALISMAN GRANDTOUR 
81;1509;3.7;1;RENAULT;RFBKH2A3A62A010000;MEGANE / GRANDTOUR 1.5 / DCI AUT.;Francija;FRA;osebni avtomobil;188;karavan;MEGANE 
81;1502;3.7;1;RENAULT;RFDKH2A3661A110000;TALISMAN GRANDTOUR / 1.5 / DCI;Francija;FRA;osebni avtomobil;190;karavan;TALISMAN GRANDTOUR 
81;1501;3.7;1;RENAULT;RFBKH2A3662A010000;MEGANE / GRANDTOUR 1.5 / DCI;Francija;FRA;osebni avtomobil;188;karavan;MEGANE 
81;1495;3.7;1;RENAULT;RFBKH2A3A62A010000;MEGANE / GRANDTOUR 1.5 / DCI AUT.;Francija;FRA;osebni avtomobil;188;vozilo za posebne namene;MEGANE 
81;1490;3.7;1;RENAULT;RFBBH2A3A62A010000;MEGANE / 1.5 / DCI AUT.;Francija;FRA;osebni avtomobil;188;vozilo z dviûnimi vrati zadaj;MEGANE 
81;1486;3.7;1;RENAULT;RFDLH2A3A61A110000;TALISMAN / 1.5 / DCI AUT.;Francija;FRA;osebni avtomobil;190;limuzina;TALISMAN 
81;1445;3.7;1;RENAULT;RFBLH2A3A6SA010000;MEGANE / GRANDCOUPE 1.5 / DCI AUT.;Francija;FRA;osebni avtomobil;190;limuzina;MEGANE 
81;1440;3.7;1;RENAULT;RFBLH2A366SA010000;MEGANE / GRANDCOUPE 1.5 / DCI;Francija;FRA;osebni avtomobil;190;limuzina;MEGANE 
81;1426;3.7;1;RENAULT;RFBBH2A3662A010000;MEGANE / 1.5 / DCI;Francija;FRA;osebni avtomobil;188;vozilo z dviûnimi vrati zadaj;MEGANE 
81;1394;3.7;1;RENAULT;2R0716;CAPTUR / 1.5 / DCI;Francija;FRA;osebni avtomobil;180;vozilo z dviûnimi vrati zadaj;CAPTUR 
81;1392;3.7;1;RENAULT;RFBBH2A3662A010000;MEGANE / 1.5 / DCI;Francija;FRA;osebni avtomobil;188;vozilo za posebne namene;MEGANE 
81;1383;3.7;1;RENAULT;KZ1406;MEGANE / GRANDTOUR 1.5 / DCI;Francija;FRA;osebni avtomobil;190;karavan;MEGANE 
81;1265;3.7;1;RENAULT;2RAR1C;CAPTUR / 1.5 / DCI;Francija;FRA;osebni avtomobil;180;vozilo z dviûnimi vrati zadaj;CAPTUR 
81;1320;3.7;1;äKODA;AACXXBX0-NFD7FD7CW002STVL617;OCTAVIA / 1.6 / TDI AUT.;Ceöka republika;CZE;osebni avtomobil;197;limuzina;OCTAVIA 
81;1391;3.7;1;VOLKSWAGEN;VACDBKAX0-FM6FM62S030B7MMON1VL67VR2;GOLF / VARIANT 1.6 / TDI;Nemcija;DEU;osebni avtomobil;200;karavan;GOLF 
81;1360;3.8;1;AUDI;SCXXBF1-FD7FD7AM014P8V317MMEM1K1;A3 / 1.6 / TDI AUT.;Nemcija;DEU;osebni avtomobil;200;vozilo z dviûnimi vrati zadaj;A3 
81;1355;3.8;1;AUDI;SCXXBF1-FD7AM014P8V187MMEM1;A3 / 1.6 / TDI AUT.;Nemcija;DEU;osebni avtomobil;200;vozilo z dviûnimi vrati zadaj;A3 
81;1350;3.8;1;AUDI;SDBKAF1-FM6FM62S030P8V317MMEM1K1;A3 / 1.6 / TDI;Nemcija;DEU;osebni avtomobil;200;vozilo z dviûnimi vrati zadaj;A3 
81;1345;3.8;1;AUDI;LCRKBF1-FM62S027R8V677MMEM1;A3 / 1.6 / TDI;Nemcija;DEU;osebni avtomobil;203;limuzina;A3 
81;1335;3.8;1;AUDI;SCXXBF1-FM62S027P8V187MMEM1;A3 / 1.6 / TDI;Nemcija;DEU;osebni avtomobil;200;vozilo z dviûnimi vrati zadaj;A3 
81;1335;3.8;1;AUDI;SCRKBF1-FM62S027R8V917MMEM1;A3 / 1.6 / TDI;Nemcija;DEU;osebni avtomobil;200;vozilo za posebne namene;A3 
81;1305;3.8;1;AUDI;ACRKBF1-FM62S027R8V917MMEM1;A3 / 1.6 / TDI;Nemcija;DEU;osebni avtomobil;200;karavan;A3 
81;1504;3.8;1;HYUNDAI;B5DE1-M69BZ1;I 30 / 1.6 / CRDI LP;Ceöka republika;CZE;osebni avtomobil;189;vozilo z dviûnimi vrati zadaj;I 30 
81;1503;3.8;1;HYUNDAI;F5D21-M67BZ1;i30 CW / 1.6 / CRDi;Ceöka republika;CZE;osebni avtomobil;188;karavan;i30 CW 
81;1486;3.8;1;HYUNDAI;B5D21-M67BZ1;i30 / 1.6 / CRDi;Ceöka republika;CZE;osebni avtomobil;190;vozilo z dviûnimi vrati zadaj;i30 
81;1461;3.8;1;HYUNDAI;B5D61-M67CZ1;I 30 / 1.6 / CRDI LP;Ceöka republika;CZE;osebni avtomobil;185;vozilo z dviûnimi vrati zadaj;I 30 
81;1493;3.8;1;KIA;JDB5DF1-M69CZ1;CEED / 1.6 / TD;Slovaöka;SVK;osebni avtomobil;189;vozilo z dviûnimi vrati zadaj;CEED 
81;1375;3.8;1;KIA;JDB5D61-M66CZ1;CEED / 1.6 / D;Slovaöka;SVK;osebni avtomobil;197;vozilo z dviûnimi vrati zadaj;CEED 
81;1621;3.8;1;NISSAN;J11AA02;QASHQAI / 1.5 / DCI;Zdruûeno kraljestvo;GBR;osebni avtomobil;182;vecnamensko vozilo;QASHQAI 
81;1525;3.8;1;NISSAN;J11AA72;QASHQAI / 1.5 / DCI;Zdruûeno kraljestvo;GBR;osebni avtomobil;182;vecnamensko vozilo;QASHQAI 
81;1521;3.8;1;NISSAN;J11-A02;QASHQAI / 1.5 / DCI;Zdruûeno kraljestvo;GBR;osebni avtomobil;182;vecnamensko vozilo;QASHQAI 
81;1385;3.8;1;NISSAN;J11-AA01;QASHQAI / 1.5 /  DCI;Zdruûeno kraljestvo;GBR;osebni avtomobil;182;vecnamensko vozilo;QASHQAI 
81;1571;3.8;1;OPEL;EAESC11-BX1K2JKFA5;MERIVA / 1.6 / CDTI;Nemcija;DEU;osebni avtomobil;185;vecnamensko vozilo;MERIVA 
81;1550;3.8;1;OPEL;EAESC11-BX1J3JKFA5;MERIVA / 1.6 / CDTI;Nemcija;DEU;osebni avtomobil;185;vecnamensko vozilo;MERIVA 
81;1456;3.8;1;OPEL;DB0FCBA12-BA2H1JBDK5;ASTRA / ST 1.6 / CDTI;Nemcija;DEU;osebni avtomobil;195;karavan;ASTRA 
81;1393;3.8;1;OPEL;DA0FCBA12-BA2F4JBDK5;ASTRA / ST 1.6 / CDTI;Nemcija;DEU;osebni avtomobil;195;karavan;ASTRA 
81;1582;3.8;1;RENAULT;RFEHH2A3AABA005000;KADJAR / 1.5 / DCI AUT.;Francija;FRA;osebni avtomobil;181;karavan;KADJAR 
81;1536;3.8;1;RENAULT;RFEHH2A36ABA005000;KADJAR / 1.5 / DCI;Francija;FRA;osebni avtomobil;182;karavan;KADJAR 
81;1527;3.8;1;RENAULT;RFDKH2A3A61A110000;TALISMAN GRANDTOUR / 1.5 / DCI AUT.;Francija;FRA;osebni avtomobil;185;karavan;TALISMAN GRANDTOUR 
81;1505;3.8;1;RENAULT;RFBKH2A3A62B010000;MEGANE / GRANDTOUR 1.5 / DCI AUT.;Francija;FRA;osebni avtomobil;188;karavan;MEGANE 
81;1505;3.8;1;RENAULT;RFDKH2A3661A210000;TALISMAN GRANDTOUR / 1.5 / DCI;Francija;FRA;osebni avtomobil;185;karavan;TALISMAN GRANDTOUR 
81;1443;3.8;1;RENAULT;RFBBH2A3A62B010000;MEGANE / 1.5 / DCI AUT.;Francija;FRA;osebni avtomobil;188;vozilo z dviûnimi vrati zadaj;MEGANE 
81;1260;3.8;1;SEAT;BCXXBX0V-FM5SFM5A40517MMVLO561;LEON / 1.6 / TDI;äpanija;ESP;osebni avtomobil;194;karavan;LEON 
81;1342;3.8;1;äKODA;ACCXXBX0-NFD7FD7CW002STVL617;OCTAVIA / COMBI 1.6 / TDI AUT.;Ceöka republika;CZE;osebni avtomobil;194;karavan;OCTAVIA 
81;1342;3.8;1;äKODA;BBCXXBX0-CFD7FD7CW002STVL617;OCTAVIA COMBI 1.6 / TDI AUT.;Ceöka republika;CZE;osebni avtomobil;194;karavan;OCTAVIA COMBI 1.6 
81;1327;3.8;1;äKODA;ACCXXBX0-NFM5FM5A4051STVLN617;OCTAVIA / COMBI 1.6 / TDI;Ceöka republika;CZE;osebni avtomobil;194;karavan;OCTAVIA 
81;1305;3.8;1;äKODA;AACXXBX0-NFM5FM5A4051STVLN617;OCTAVIA / 1.6 / TDI;Ceöka republika;CZE;osebni avtomobil;197;limuzina;OCTAVIA 
81;1435;3.8;1;VOLKSWAGEN;SACDBKAX0-FM6FM62S030B7MMON1VL04VR2;GOLF / SPORTSVAN 1.6 / TDI;Nemcija;DEU;osebni avtomobil;196;karavan;GOLF 
81;1321;3.8;1;VOLKSWAGEN;GAC4CXXBX0-FM5FM5A4051N7MMON1VL61VR2;GOLF / 1.6 / TDI;Nemcija;DEU;osebni avtomobil;195;karavan;GOLF 
81;1321;3.8;1;VOLKSWAGEN;GAC4CXXBX0-FM5FM5A4051N7MMON1VL61VR2;GOLF / 1.6 / TDI;Nemcija;DEU;osebni avtomobil;195;vozilo za posebne namene;GOLF 
81;1299;3.8;1;VOLKSWAGEN;GAC2CXXBX0-FM5FM5A4051N7MMON1VL61VR2;GOLF / 1.6 / TDI;Nemcija;DEU;osebni avtomobil;195;karavan;GOLF 
81;1365;3.9;1;AUDI;LCRKBF1-FD7AM014R8V677MMEM1;A3 / 1.6 / TDI AUT.;Nemcija;DEU;osebni avtomobil;203;limuzina;A3 
81;1360;3.9;1;AUDI;SCXXBF1-FD7FD7AM014P8V337MMEM1K1;A3 / 1.6 / TDI AUT.;Nemcija;DEU;osebni avtomobil;200;vozilo z dviûnimi vrati zadaj;A3 
81;1355;3.9;1;AUDI;LCXXBF1-FM6FM62S027P8V427MMEM1K1;A3 / 1.6 / TDI;Nemcija;DEU;osebni avtomobil;203;limuzina;A3 
81;1355;3.9;1;AUDI;SCRKBF1-FD7AM014R8V917MMEM1;A3 / 1.6 / TDI AUT.;Nemcija;DEU;osebni avtomobil;200;vozilo z dviûnimi vrati zadaj;A3 
81;1350;3.9;1;AUDI;SDBKAF1-FM6FM62S030P8V337MMEM1K1;A3 / 1.6 / TDI;Nemcija;DEU;osebni avtomobil;200;vozilo z dviûnimi vrati zadaj;A3 
81;1345;3.9;1;AUDI;LCXXBF1-FM62S027P8V137MMEM1;A3 / 1.6 / TDI;Nemcija;DEU;osebni avtomobil;203;limuzina;A3 
81;1325;3.9;1;AUDI;ACRKBF1-FD7AM014R8V917MMEM1;A3 / 1.6 / TDI AUT.;Nemcija;DEU;osebni avtomobil;200;karavan;A3 
81;1544;3.9;1;HYUNDAI;F5DE1-M68CZ1;i 30 CW / 1.6 / CRDi LP;Ceöka republika;CZE;osebni avtomobil;188;karavan;i 30 CW 
81;1465;3.9;1;HYUNDAI;B5DE1-D72CZ1;i 30 / 1.6 / CRDi LP DCT;Ceöka republika;CZE;osebni avtomobil;185;vozilo z dviûnimi vrati zadaj;i 30 
81;1459;3.9;1;KIA;JDC5DH1-M68EZ1;CEED / 1.6 / TD;Slovaöka;SVK;osebni avtomobil;187;karavan;CEED 
81;1364;3.9;1;KIA;JDB5DH1-M68EZ1;CEED / 1.6 / TD;Slovaöka;SVK;osebni avtomobil;190;vozilo z dviûnimi vrati zadaj;CEED 
81;1449;3.9;1;OPEL;JMYXFXX-C63DGX2Y77B;MOKKA / 1.6 / CDTI;Nemcija;DEU;osebni avtomobil;181;vecnamensko vozilo;MOKKA 
81;1706;3.9;1;RENAULT;RFAJH2A36RVA015000;SCENIC / 1.5 / DCI;Francija;FRA;osebni avtomobil;184;vozilo z dviûnimi vrati zadaj;SCENIC 
81;1610;3.9;1;RENAULT;RFAJH2A36RVA015000;SCENIC / 1.5 / DCI;Francija;FRA;osebni avtomobil;183;vozilo z dviûnimi vrati zadaj;SCENIC 
81;1571;3.9;1;RENAULT;RFEHH2A3AABB005000;KADJAR / 1.5 / DCI AUT.;Francija;FRA;osebni avtomobil;181;karavan;KADJAR 
81;1527;3.9;1;RENAULT;RFEHH2A36ABB005000;KADJAR / 1.5 / DCI;Francija;FRA;osebni avtomobil;182;karavan;KADJAR 
81;1491;3.9;1;RENAULT;RFBKH2A3662B010000;MEGANE / GRANDTOUR 1.5 / DCI;Francija;FRA;osebni avtomobil;188;karavan;MEGANE 
81;1460;3.9;1;RENAULT;RFBLH2A366SB010000;MEGANE / GRANDCOUPE 1.5 / DCI;Francija;FRA;osebni avtomobil;190;limuzina;MEGANE 
81;1455;3.9;1;RENAULT;RFEHH2A36ABA005000;KADJAR / 1.5 / DCI;Francija;FRA;osebni avtomobil;182;karavan;KADJAR 
81;1424;3.9;1;RENAULT;RFBBH2A3662B010000;MEGANE / 1.5 / DCI;Francija;FRA;osebni avtomobil;188;vozilo z dviûnimi vrati zadaj;MEGANE 
81;1392;3.9;1;RENAULT;2R0616;CAPTUR / 1.5 / DCI;Francija;FRA;osebni avtomobil;180;vozilo z dviûnimi vrati zadaj;CAPTUR 
81;1360;3.9;1;RENAULT;KZ990H;MEGANE / GRANDTOUR 1.5 / DCI;Francija;FRA;osebni avtomobil;190;karavan;MEGANE 
81;1265;3.9;1;RENAULT;2RBR1C;CAPTUR / 1.5 / DCI;Francija;FRA;osebni avtomobil;180;vozilo z dviûnimi vrati zadaj;CAPTUR 
81;1326;3.9;1;SEAT;FCXXBX0V-FD7SFD7CW0027MMVLO561;LEON ST / 1.6 / TDI AUT.;äpanija;ESP;osebni avtomobil;194;karavan;LEON ST 
81;1305;3.9;1;SEAT;FCXXBX0V-FM5SFM5A40517MMVLO561;LEON ST / 1.6 / TDI;äpanija;ESP;osebni avtomobil;194;karavan;LEON ST 
81;1260;3.9;1;SEAT;BCXXBX0V-FM5SFM5A40517MMVLO563;LEON / 1.6 / TDI;äpanija;ESP;osebni avtomobil;194;karavan;LEON 
81;1342;3.9;1;äKODA;ACCXXBX0-NFD7FD7CW002STVLN627;OCTAVIA / COMBI 1.6 / TDI AUT.;Ceöka republika;CZE;osebni avtomobil;194;karavan;OCTAVIA 
81;1327;3.9;1;äKODA;ACCXXBX0-NFM5FM5A4051V2VLN627;OCTAVIA / COMBI 1.6 / TDI;Ceöka republika;CZE;osebni avtomobil;194;karavan;OCTAVIA 
81;1305;3.9;1;äKODA;AACXXBX0-NFM5FM5A4051STVLN627;OCTAVIA / 1.6 / TDI;Ceöka republika;CZE;osebni avtomobil;197;limuzina;OCTAVIA 
81;1420;3.9;1;VOLKSWAGEN;SACCRKBX0-FM5FM5A4051N7MMOVL01VR2;GOLF / SPORTSVAN 1.6 / TDI;Nemcija;DEU;osebni avtomobil;192;karavan;GOLF 
81;1420;3.9;1;VOLKSWAGEN;SACCXXBX0-FM5FM5A4051N7MMON1VL01VR2;GOLF / SPORTSVAN 1.6 / TDI;Nemcija;DEU;osebni avtomobil;192;vozilo za posebne namene;GOLF 
81;1420;3.9;1;VOLKSWAGEN;SACCXXBX0-FM5FM5A4051N7MMON1VL01VR2;GOLF / SPORTSVAN 1.6 / TDI;Nemcija;DEU;osebni avtomobil;192;vozilo z dviûnimi vrati zadaj;GOLF 
81;1395;3.9;1;VOLKSWAGEN;VACCRKBX0-FM5FM5A4051N7MMOVL00VR2;GOLF / VARIANT 1.6 / TDI;Nemcija;DEU;osebni avtomobil;196;karavan;GOLF 
81;1339;3.9;1;VOLKSWAGEN;GAC4CXXBX0-FD7FD7CW002N7MMON1VL61VR2;GOLF / 1.6 / TDI AUT.;Nemcija;DEU;osebni avtomobil;195;karavan;GOLF 
81;1321;3.9;1;VOLKSWAGEN;GAC4CXXBX0-FM5FM5A4051N7MMON1VL63VR2;GOLF / 1.6 / TDI;Nemcija;DEU;osebni avtomobil;195;karavan;GOLF 
81;1495;4.1;1;AUDI;KCXXBF1-FM62S027P8V137MMEM1;A3 / CABRIOLET 1.6 / TDI;Nemcija;DEU;osebni avtomobil;200;kabriolet;A3 
81;1355;4.1;1;AUDI;SCXXBF1-FD7AM014P8V077MMEM1;A3 / 1.6 / TDI AUT.;Nemcija;DEU;osebni avtomobil;200;vozilo z dviûnimi vrati zadaj;A3 
81;1335;4.1;1;AUDI;SCXXBF1-FM6FM62S027P8V347MMEM1K1;A3 / 1.6 / TDI;Nemcija;DEU;osebni avtomobil;200;vozilo z dviûnimi vrati zadaj;A3 
81;1479;4.1;1;HYUNDAI;B5D21-D72BZ1;i30 / 1.6 / CRDi DCT;Ceöka republika;CZE;osebni avtomobil;190;vozilo z dviûnimi vrati zadaj;i30 
81;1383;4.1;1;HYUNDAI;B5D51-M66BZ1;i 30 / 1.6 / CRDi LP;Ceöka republika;CZE;osebni avtomobil;185;vozilo z dviûnimi vrati zadaj;i 30 
81;1347;4.1;1;NISSAN;F15-D05;JUKE / 1.5 / DCI;Zdruûeno kraljestvo;GBR;osebni avtomobil;175;vecnamensko vozilo;JUKE 
81;1563;4.1;1;OPEL;JMYXFXX-C63DGXNYXXB;MOKKA / 1.6 / CDTI;Nemcija;DEU;osebni avtomobil;178;vecnamensko vozilo;MOKKA 
81;1503;4.1;1;OPEL;BAFCC12-BA3K2JKJB5;ASTRA / GTC 1.7 / DTI 16V;Nemcija;DEU;osebni avtomobil;183;vozilo z dviûnimi vrati zadaj;ASTRA 
81;1607;4.1;1;RENAULT;JZ1406;SCENIC / 1.5 / DCI;Francija;FRA;osebni avtomobil;180;vozilo z dviûnimi vrati zadaj;SCENIC 
81;1547;4.1;1;RENAULT;JZ14A6;GRAND SCENIC / 1.5 / DCI;Francija;FRA;osebni avtomobil;180;vozilo z dviûnimi vrati zadaj;GRAND SCENIC 
81;1511;4.1;1;RENAULT;JZ89BH;GRAND SCENIC / 1.5 / DCI;Francija;FRA;osebni avtomobil;180;vecnamensko vozilo;GRAND SCENIC 
81;1505;4.1;1;RENAULT;JZ14P6;GRAND SCENIC / 1.5 / DCI;Francija;FRA;osebni avtomobil;180;vecnamensko vozilo;GRAND SCENIC 
81;1491;4.1;1;RENAULT;JZ890H;SCENIC / 1.5 / DCI;Francija;FRA;osebni avtomobil;180;vozilo z dviûnimi vrati zadaj;SCENIC 
81;1467;4.1;1;RENAULT;JZ89AH;GRAND SCENIC / 1.5 / DCI;Francija;FRA;osebni avtomobil;180;vozilo z dviûnimi vrati zadaj;GRAND SCENIC 
81;1460;4.1;1;RENAULT;JZ14K6;SCENIC / 1.5 / DCI;Francija;FRA;osebni avtomobil;180;vozilo z dviûnimi vrati zadaj;SCENIC 
81;1449;4.1;1;RENAULT;JZ14J6;SCENIC / 1.5 / DCI;Francija;FRA;osebni avtomobil;180;vozilo z dviûnimi vrati zadaj;SCENIC 
81;1377;4.1;1;RENAULT;KZ5G02;MEGANE / GRANDTOUR 1.5 / DCI;Francija;FRA;osebni avtomobil;190;karavan;MEGANE 
81;1340;4.1;1;RENAULT;KZ5G06;MEGANE / GRANDTOUR 1.5 / DCI;Francija;FRA;osebni avtomobil;190;karavan;MEGANE 
81;1290;4.1;1;RENAULT;BZ5G02;MEGANE / 1.5 / DCI;Francija;FRA;osebni avtomobil;190;vozilo z dviûnimi vrati zadaj;MEGANE 
81;1280;4.1;1;RENAULT;DZ5G06;MEGANE / COUPE 1.5 / DCI;Francija;FRA;osebni avtomobil;190;kupe;MEGANE 
81;1326;4.1;1;SEAT;FCXXBX0V-FD7SFD7CW0027MMVLO563;LEON ST / 1.6 / TDI AUT.;äpanija;ESP;osebni avtomobil;194;karavan;LEON ST 
81;1305;4.1;1;SEAT;FCXXBX0V-FM5SFM5A40517MMVLO561;LEON ST / 1.6 / TDI;äpanija;ESP;osebni avtomobil;194;karavan;LEON ST 
81;1260;4.1;1;SEAT;BCXXBX0V-FM5SFM5A40517MMVLO563;LEON / 1.6 / TDI;äpanija;ESP;osebni avtomobil;194;karavan;LEON 
81;1436;4.1;1;VOLKSWAGEN;SACCXXBX0-FD7FD7CW002N7MMON1VL02VR2;GOLF / SPORTSVAN 1.6 / TDI AUT.;Nemcija;DEU;osebni avtomobil;192;karavan;GOLF 
81;1420;4.1;1;VOLKSWAGEN;SACCXXBX0-FM5FM5A4051N7MMON1VL05VR2;GOLF / SPORTSVAN 1.6 / TDI;Nemcija;DEU;osebni avtomobil;192;karavan;GOLF 
81;1420;4.1;1;VOLKSWAGEN;SACCXXBX0-FM5FM5A4051N7MMON1VL05VR2;GOLF / SPORTSVAN 1.6 / TDI;Nemcija;DEU;osebni avtomobil;192;vozilo za posebne namene;GOLF 
81;1415;4.1;1;VOLKSWAGEN;AACUUAX0-FD7FD7AM014LLN7MMN1VR2;JETTA / 2.0 / TDI AUT.;Nemcija;DEU;osebni avtomobil;197;limuzina;JETTA 
81;1412;4.1;1;VOLKSWAGEN;VACCXXBX0-FD7FD7CW002N7MMON1VL63VR2;GOLF / VARIANT 1.6 / TDI AUT.;Nemcija;DEU;osebni avtomobil;196;karavan;GOLF 
81;1395;4.1;1;VOLKSWAGEN;AACUUAX0-FM5FM5A4051LLN617MMN1VR2;JETTA / 2.0 / TDI;Nemcija;DEU;osebni avtomobil;197;limuzina;JETTA 
81;1395;4.1;1;VOLKSWAGEN;VACCXXBX0-FM5FM5A4051N7MMON1VL63VR2;GOLF / VARIANT 1.6 / TDI;Nemcija;DEU;osebni avtomobil;196;karavan;GOLF 
81;1321;4.1;1;VOLKSWAGEN;GAC45CXXBX0-FM5FM5A4051N7MMON1VL63VR2;GOLF / 1.6 / TDI;Nemcija;DEU;osebni avtomobil;195;karavan;GOLF 
81;1484;4.2;1;KIA;JDC5D61-M65AZ1;CEED / 1.6 / D;Slovaöka;SVK;osebni avtomobil;185;karavan;CEED 
81;1255;4.2;1;KIA;YBC5D31-M6ACZ1;STONIC / 1.6 / TD;Koreja. republika;KOR;osebni avtomobil;180;karavan;STONIC 
81;1375;4.2;1;NISSAN;F15-D03;JUKE / 1.5 / DCI;Zdruûeno kraljestvo;GBR;osebni avtomobil;175;vecnamensko vozilo;JUKE 
81;1571;4.2;1;OPEL;CAFBF12-BA1K2JDJA5;ASTRA / 1.7 / DTI;Nemcija;DEU;osebni avtomobil;186;vecnamensko vozilo;ASTRA 
81;1395;4.2;1;RENAULT;KT1RG6;LAGUNA / GRANDTOUR 1.5 / DCI;Francija;FRA;osebni avtomobil;187;karavan;LAGUNA 
81;1385;4.2;1;RENAULT;BT1RG6;LAGUNA / 1.5 / DCI;Francija;FRA;osebni avtomobil;192;vozilo z dviûnimi vrati zadaj;LAGUNA 
81;1377;4.2;1;RENAULT;KZS406;MEGANE / GRANDTOUR 1.5 / DCI;Francija;FRA;osebni avtomobil;180;karavan;MEGANE 
81;1365;4.2;1;RENAULT;BZ0903;MEGANE / 1.5 / DCI AUT.;Francija;FRA;osebni avtomobil;190;vozilo z dviûnimi vrati zadaj;MEGANE 
81;1364;4.2;1;RENAULT;KZS00E;MEGANE / GRANDTOUR 1.5 / DCI AUT.;Francija;FRA;osebni avtomobil;190;karavan;MEGANE 
81;1364;4.2;1;RENAULT;KZ0903;MEGANE / GRANDTOUR 1.5 / DCI AUT.;Francija;FRA;osebni avtomobil;190;vozilo za posebne namene;MEGANE 
81;1360;4.2;1;RENAULT;KZ090E;MEGANE / GRANDTOUR 1.5 / DCI AUT.;Francija;FRA;osebni avtomobil;190;karavan;MEGANE 
81;1290;4.2;1;RENAULT;BZ090E;MEGANE / 1.5 / DCI AUT.;Francija;FRA;osebni avtomobil;190;vozilo z dviûnimi vrati zadaj;MEGANE 
81;1290;4.2;1;RENAULT;BZS406;MEGANE / 1.5 / DCI;Francija;FRA;osebni avtomobil;180;vozilo z dviûnimi vrati zadaj;MEGANE 
81;1280;4.2;1;RENAULT;DZS00E;MEGANE / COUPE 1.5 / DCI AUT.;Francija;FRA;osebni avtomobil;190;kupe;MEGANE 
81;1280;4.2;1;RENAULT;DZS406;MEGANE / COUPE 1.5 / DCI;Francija;FRA;osebni avtomobil;180;kupe;MEGANE 
81;1331;4.2;1;SEAT;XCXXBX0V-FM5SFM5A40517MMVLO573;LEON X-PERIENCE / 1.6 / TDI;äpanija;ESP;osebni avtomobil;190;karavan;LEON X-PERIENCE 
81;1305;4.2;1;SEAT;FCXXBX0V-FM5SFM5A40517MMVLO563;LEON ST / 1.6 / TDI;äpanija;ESP;osebni avtomobil;194;karavan;LEON ST 
81;1436;4.2;1;VOLKSWAGEN;SACCRKBX0-FD7FD7CW002N7MMOVL02VR2;GOLF / SPORTSVAN 1.6 / TDI AUT.;Nemcija;DEU;osebni avtomobil;192;karavan;GOLF 
81;1415;4.2;1;VOLKSWAGEN;AACUUAX0-FD7FD7AM014LLN7MMN1VR2;JETTA / 2.0 / TDI AUT.;Nemcija;DEU;osebni avtomobil;197;limuzina;JETTA 
81;1393;4.2;1;VOLKSWAGEN;ABCUUAX0-FM5FM5A4051LLN627MMVIVR2;BEETLE / 2.0 / TDI;Nemcija;DEU;osebni avtomobil;182;vozilo z dviûnimi vrati zadaj;BEETLE 
81;1190;4.3;0;CITROEN;0PHNZB-C1B000;C4 CACTUS / 1.2 /;Francija;FRA;osebni avtomobil;188;vozilo z dviûnimi vrati zadaj;C4 CACTUS 
81;1145;4.3;0;CITROEN;SCHNZ6/S;C3 / 1.2 / i;Francija;FRA;osebni avtomobil;190;vozilo z dviûnimi vrati zadaj;C3 
81;1145;4.3;0;DS;SAHNZ6/S;DS3 / 1.2 /;Francija;FRA;osebni avtomobil;190;vozilo z dviûnimi vrati zadaj;DS3 
81;1534;4.3;1;HYUNDAI;F5D21-D72BZ1;i30 CW / 1.6 / CRDi DCT;Ceöka republika;CZE;osebni avtomobil;188;karavan;i30 CW 
81;1425;4.3;1;HYUNDAI;F5D51-M66BZ1;i 30 CW / 1.6 / CRDi LP;Ceöka republika;CZE;osebni avtomobil;185;karavan;i 30 CW 
81;1416;4.3;1;HYUNDAI;B5D51-M66DZ1;i 30 / 1.6 / CRDi LP;Ceöka republika;CZE;osebni avtomobil;185;vozilo z dviûnimi vrati zadaj;i 30 
81;1386;4.3;1;HYUNDAI;B3D51-M66DZ1;i 30 / 1.6 / CRDi LP;Ceöka republika;CZE;osebni avtomobil;185;vozilo z dviûnimi vrati zadaj;i 30 
81;1613;4.3;1;OPEL;DJ11-4AADF9CRAEJ5;INSIGNIA / 2.0 / DT 16V;Nemcija;DEU;osebni avtomobil;190;vozilo z dviûnimi vrati zadaj;INSIGNIA 
81;1613;4.3;1;OPEL;DAFBF12-BA1L2JDJA5;ASTRA / CAR. 1.7 / DTI 16V;Nemcija;DEU;osebni avtomobil;184;karavan;ASTRA 
81;1571;4.3;1;OPEL;BAFBF12-BA3K2JDPA5;ASTRA / GTC 1.7 / DTI 16V;Nemcija;DEU;osebni avtomobil;182;vozilo z dviûnimi vrati zadaj;ASTRA 
81;1449;4.3;1;OPEL;JMYXFXX-C63DGXNYYYB;MOKKA / 1.6 / CDTI;Nemcija;DEU;osebni avtomobil;178;vecnamensko vozilo;MOKKA 
81;1145;4.3;0;PEUGEOT;CCHNZ6/S;208 / 1.2 /;Francija;FRA;osebni avtomobil;190;vozilo z dviûnimi vrati zadaj;208
81;1135;4.3;0;PEUGEOT;CAHNZ6/S;208 / 1.2 /;Francija;FRA;osebni avtomobil;190;vozilo z dviûnimi vrati zadaj;208
81;1424;4.3;1;RENAULT;BT12CE;LAGUNA / 1.5 / DCI AUT.;Francija;FRA;osebni avtomobil;193;vozilo z dviûnimi vrati zadaj;LAGUNA 
81;1395;4.3;1;RENAULT;KT1RG6;LAGUNA / GRANDTOUR 1.5 / DCI;Francija;FRA;osebni avtomobil;187;karavan;LAGUNA 
81;1109;4.3;0;SEAT;SCCHZC-FM6SFM6DQ0017MM62;IBIZA / 1.0 / TSI;äpanija;ESP;osebni avtomobil;197;vecnamensko vozilo;IBIZA 
81;1604;4.3;1;VOLKSWAGEN;CRKBAF-FD7FD7CW0027MMS72VR261;TOURAN / 1.6 / TDI AUT.;Nemcija;DEU;osebni avtomobil;187;vecnamensko vozilo;TOURAN 
81;1560;4.3;1;VOLKSWAGEN;CRKBAC-FD7FD7CW0027MMS50VR261;TOURAN / 1.6 / TDI AUT.;Nemcija;DEU;osebni avtomobil;187;karavan;TOURAN 
81;1395;4.3;1;VOLKSWAGEN;ABCUUAX0-FD7FD7AM014LLN617MMVIVR2;BEETLE / 2.0 / TDI AUT.;Nemcija;DEU;osebni avtomobil;182;vozilo z dviûnimi vrati zadaj;BEETLE 
81;1420;4.4;1;KIA;JDC5D61-M65DZ1;CEED / 1.6 / D;Slovaöka;SVK;osebni avtomobil;185;karavan;CEED 
81;1206;4.4;1;KIA;DES211-531C;RIO / 1.5 / D;Koreja. republika;KOR;osebni avtomobil;176;limuzina;RIO 
81;1613;4.4;1;OPEL;DAFBC11-BA1L2JDJA5;ASTRA / CAR. 1.7 / DTI 16V;Nemcija;DEU;osebni avtomobil;182;karavan;ASTRA 
81;1304;4.4;1;PEUGEOT;UDYHSK-R2B300;2008 / 1.5 / HDI;Francija;FRA;osebni avtomobil;180;vecnamensko vozilo;2008
81;1292;4.4;1;PEUGEOT;UDYHSK-R2B500;2008 / 1.5 / HDI;Francija;FRA;osebni avtomobil;180;vecnamensko vozilo;2008
81;1165;4.4;0;PEUGEOT;CUHNZ6/S;2008 / 1.2 /;Francija;FRA;osebni avtomobil;191;karavan;2008
81;1614;4.4;1;RENAULT;JZ49BJ;GRAND SCENIC / 1.5 / DCI AUT.;Francija;FRA;osebni avtomobil;180;vecnamensko vozilo;GRAND SCENIC 
81;1605;4.4;1;RENAULT;KW42B2;KANGOO / 1.5 / DCI;Francija;FRA;osebni avtomobil;170;vozilo za posebne namene;KANGOO 
81;1566;4.4;1;RENAULT;KW42C2;KANGOO / 1.5 / DCI;Francija;FRA;osebni avtomobil;170;karavan;KANGOO 
81;1558;4.4;1;RENAULT;KW42B2;KANGOO / 1.5 / DCI;Francija;FRA;osebni avtomobil;170;karavan;KANGOO 
81;1505;4.4;1;RENAULT;JZ49AJ;GRAND SCENIC / 1.5 / DCI AUT.;Francija;FRA;osebni avtomobil;180;vozilo z dviûnimi vrati zadaj;GRAND SCENIC 
81;1494;4.4;1;RENAULT;JZ490J;SCENIC / 1.5 / DCI AUT.;Francija;FRA;osebni avtomobil;180;vozilo za posebne namene;SCENIC 
81;1494;4.4;1;RENAULT;JZ490J;SCENIC / 1.5 / DCI AUT.;Francija;FRA;osebni avtomobil;180;vozilo z dviûnimi vrati zadaj;SCENIC 
81;1481;4.4;1;RENAULT;KZ1006/4;MEGANE / GRANDTOUR 1.5 / DCI;Francija;FRA;osebni avtomobil;190;karavan;MEGANE 
81;1451;4.4;1;RENAULT;KT12CE;LAGUNA / GRANDTOUR 1.5 / DCI AUT.;Francija;FRA;osebni avtomobil;189;karavan;LAGUNA 
81;1440;4.4;1;RENAULT;GZ1006;MEGANE / 1.5 / DCI;Francija;FRA;osebni avtomobil;190;vozilo z dviûnimi vrati zadaj;MEGANE 
81;1425;4.4;1;RENAULT;KZ1GD2;MEGANE / GRANDTOUR 1.5 / DCI;Francija;FRA;osebni avtomobil;190;karavan;MEGANE 
81;1395;4.4;1;RENAULT;KZ1G06;MEGANE / GRANDTOUR 1.5 / DCI;Francija;FRA;osebni avtomobil;190;karavan;MEGANE 
81;1377;4.4;1;RENAULT;KZ1006;MEGANE / GRANDTOUR 1.5 / DCI;Francija;FRA;osebni avtomobil;190;karavan;MEGANE 
81;1368;4.4;1;RENAULT;BZ1006;MEGANE / 1.5 / DCI;Francija;FRA;osebni avtomobil;190;vozilo z dviûnimi vrati zadaj;MEGANE 
81;1363;4.4;1;RENAULT;BZ1G02;MEGANE / 1.5 / DCI;Francija;FRA;osebni avtomobil;190;vozilo z dviûnimi vrati zadaj;MEGANE 
81;1360;4.4;1;RENAULT;KZ090E;MEGANE / GRANDTOUR 1.5 / DCI AUT.;Francija;FRA;osebni avtomobil;190;karavan;MEGANE 
81;1343;4.4;1;RENAULT;GZ1006;MEGANE / 1.5 / DCI;Francija;FRA;osebni avtomobil;190;limuzina;MEGANE 
81;1343;4.4;1;RENAULT;KZS4D6;MEGANE / GRANDTOUR 1.5 / DCI;Francija;FRA;osebni avtomobil;180;karavan;MEGANE 
81;1290;4.4;1;RENAULT;BZ1G06;MEGANE / 1.5 / DCI;Francija;FRA;osebni avtomobil;190;vozilo z dviûnimi vrati zadaj;MEGANE 
81;1290;4.4;1;RENAULT;BZ1G06;MEGANE 1.5 / DCI;Francija;FRA;osebni avtomobil;190;vozilo z dviûnimi vrati zadaj;MEGANE 1.5 
81;1280;4.4;1;RENAULT;DZ1G06;MEGANE / COUPE 1.5 / DCI;Francija;FRA;osebni avtomobil;190;kupe;MEGANE 
81;1140;4.4;0;SEAT;SCCHZC-FD7SFD7CW0017MM62;IBIZA / 1.0 / TSI AUT.;äpanija;ESP;osebni avtomobil;197;vecnamensko vozilo;IBIZA 
81;1435;4.4;1;äKODA;ACCXXBX1-NAM6AM62Q032STMLN617;OCTAVIA / COMBI 1.6 / TDI 4x4;Ceöka republika;CZE;osebni avtomobil;191;karavan;OCTAVIA 
81;1413;4.4;1;äKODA;AACXXBX1-NAM6AM62Q032S1MLN617;OCTAVIA / 1.6 / TDI 4x4;Ceöka republika;CZE;osebni avtomobil;193;limuzina;OCTAVIA 
81;1154;4.4;0;äKODA;ACCHZCX01-NFM6FM6DQ002N627;FABIA / COMBI 1.0 / TSI;Ceöka republika;CZE;osebni avtomobil;199;karavan;FABIA 
81;1130;4.4;0;äKODA;ABCHZCX01-NFM6FM6DQ002M627;FABIA / 1.0 / TSI;Ceöka republika;CZE;osebni avtomobil;196;vozilo z dviûnimi vrati zadaj;FABIA 
81;1604;4.4;1;VOLKSWAGEN;CRKBAF-FD7FD7CW0027MMS71VR262;TOURAN / 1.6 / TDI AUT.;Nemcija;DEU;osebni avtomobil;187;vecnamensko vozilo;TOURAN 
81;1583;4.4;1;VOLKSWAGEN;CRKBAF-FM6FM62S0267MMS71VR261;TOURAN / 1.6 / TDI;Nemcija;DEU;osebni avtomobil;187;vecnamensko vozilo;TOURAN 
81;1539;4.4;1;VOLKSWAGEN;CRKBAC-FM6FM62S0267MMS50VR261;TOURAN / 1.6 / TDI;Nemcija;DEU;osebni avtomobil;187;karavan;TOURAN 
81;1170;4.5;0;CITROEN;0PHNZB-C1B000;C4 CACTUS / 1.2 /;Francija;FRA;osebni avtomobil;188;vozilo z dviûnimi vrati zadaj;C4 CACTUS 
81;1542;4.5;1;HYUNDAI;F5D51-M66DZ1;I 30 CW / 1.6 / CRDI LP;Ceöka republika;CZE;osebni avtomobil;185;karavan;I 30 CW 
81;1187;4.5;1;HYUNDAI;E4-TWN;GETZ / 1.5 / CRDi;Koreja. republika;KOR;osebni avtomobil;180;vecnamensko vozilo;GETZ 
81;1484;4.5;1;KIA;JDC5D51-M65DZ1;CEED / 1.6 / D;Slovaöka;SVK;osebni avtomobil;185;karavan;CEED 
81;1221;4.5;1;KIA;DEM211-531C;RIO / 1.5 / D;Koreja. republika;KOR;osebni avtomobil;176;vecnamensko vozilo;RIO 
81;1701;4.5;1;OPEL;FJ11-4A09B6BEAEH5;INSIGNIA / CAR. 2.0 / DT 16V;Nemcija;DEU;osebni avtomobil;185;karavan;INSIGNIA 
81;1664;4.5;1;OPEL;DBFEA11-BA1M3JDJA5;ASTRA / CAR. 1.7 / DTI 16V;Nemcija;DEU;osebni avtomobil;180;karavan;ASTRA 
81;1613;4.5;1;OPEL;DAFBE12-BA1L2JDJA5;ASTRA / CAR. 1.7 / DTI 16V;Nemcija;DEU;osebni avtomobil;184;karavan;ASTRA 
81;1613;4.5;1;OPEL;DAFBC11-BA1L2JDJB5;ASTRA / CAR. 1.7 / DTI 16V;Nemcija;DEU;osebni avtomobil;182;karavan;ASTRA 
81;1613;4.5;1;OPEL;BG11-1A07B5BBFFF5;ASTRA / CAR. 1.7 / DTI 16V;Nemcija;DEU;osebni avtomobil;180;karavan;ASTRA 
81;1571;4.5;1;OPEL;CAFBA12-BA1K2JDJA5;ASTRA / 1.7 / DTI;Nemcija;DEU;osebni avtomobil;186;vecnamensko vozilo;ASTRA 
81;1571;4.5;1;OPEL;DAFBE12-BA1K2JDJA5;ASTRA / CAR. 1.7 / DTI 16V;Nemcija;DEU;osebni avtomobil;184;karavan;ASTRA 
81;1571;4.5;1;OPEL;BAFBC11-BA3K2JDPA5;ASTRA / GTC 1.7 / DTI 16V;Nemcija;DEU;osebni avtomobil;182;vozilo z dviûnimi vrati zadaj;ASTRA 
81;1571;4.5;1;OPEL;CAFEA11-BA1K2JDJA5;ASTRA / 1.7 / DTI 16V;Nemcija;DEU;osebni avtomobil;181;vecnamensko vozilo;ASTRA 
81;1571;4.5;1;OPEL;DAFEA11-BA1K2JDJA5;ASTRA / CAR. 1.7 / DTI 16V;Nemcija;DEU;osebni avtomobil;180;karavan;ASTRA 
81;1550;4.5;1;OPEL;CAFBA12-BA1J3JDJA5;ASTRA / 1.7 / DTI;Nemcija;DEU;osebni avtomobil;186;vecnamensko vozilo;ASTRA 
81;1550;4.5;1;OPEL;BG11-1AACAAAVFFF5;ASTRA / 1.7 / DTI 16V;Nemcija;DEU;osebni avtomobil;181;vecnamensko vozilo;ASTRA 
81;1538;4.5;1;OPEL;DAFEA11-BA1L2JDJA5;ASTRA / CAR. 1.7 / DTI 16V;Nemcija;DEU;osebni avtomobil;180;karavan;ASTRA 
81;1471;4.5;1;OPEL;FU11-2AABAAXFKG5;ASTRA / CAR. 1.7 / DTI 16V;Nemcija;DEU;osebni avtomobil;188;vecnamensko vozilo;ASTRA 
81;1410;4.5;1;OPEL;DA062CB12-BA2BALJUK25;ASTRA / ST 1.6 / CDTI;Nemcija;DEU;osebni avtomobil;200;karavan;ASTRA 
81;1395;4.5;1;OPEL;FU11-2AAAAAXFKG5;ASTRA / CAR. 1.7 / DTI 16V;Nemcija;DEU;osebni avtomobil;188;vecnamensko vozilo;ASTRA 
81;1393;4.5;1;OPEL;FU11-2A06ALXFKG5;ASTRA / CAR. 1.7 / DTI 16V;Nemcija;DEU;osebni avtomobil;188;karavan;ASTRA 
81;1385;4.5;1;OPEL;BU11-2A07APYFLG5;ASTRA / 1.7 / DTI 16V;Nemcija;DEU;osebni avtomobil;188;vozilo z dviûnimi vrati zadaj;ASTRA 
81;1365;4.5;1;OPEL;KW11-2A08AZ7FMG5;ASTRA / 1.7 / DTI 16V;Nemcija;DEU;osebni avtomobil;188;kupe;ASTRA 
81;1312;4.5;1;PEUGEOT;UDYHSK-R2B600;2008 / 1.5 / HDI;Francija;FRA;osebni avtomobil;180;vecnamensko vozilo;2008
81;1165;4.5;0;PEUGEOT;CCHNZT/S;208 / 1.2 /;Francija;FRA;osebni avtomobil;190;vozilo z dviûnimi vrati zadaj;208
81;1145;4.5;0;PEUGEOT;CCHNZ6/S;208 / 1.2 /;Francija;FRA;osebni avtomobil;190;vozilo z dviûnimi vrati zadaj;208
81;1505;4.5;1;RENAULT;KWB6H6;KANGOO / 1.5 / DCI;Francija;FRA;osebni avtomobil;170;vecnamensko vozilo;KANGOO 
81;1452;4.5;1;äKODA;ACCUUAX0-NFM5FM5A4051ST617;YETI / 2.0 / TDI;Ceöka republika;CZE;osebni avtomobil;180;karavan;YETI 
81;1435;4.5;1;äKODA;ACCXXBX1-NAM6AM62Q032STML627;OCTAVIA / COMBI 1.6 / TDI 4x4;Ceöka republika;CZE;osebni avtomobil;191;karavan;OCTAVIA 
81;1583;4.5;1;VOLKSWAGEN;CRKBAF-FM6FM62S0267MMS72VR264;TOURAN / 1.6 / TDI;Nemcija;DEU;osebni avtomobil;187;vecnamensko vozilo;TOURAN 
81;1539;4.5;1;VOLKSWAGEN;CRKBAC-FM6FM62S0267MMS50VR264;TOURAN / 1.6 / TDI;Nemcija;DEU;osebni avtomobil;187;karavan;TOURAN 
81;1494;4.5;1;VOLKSWAGEN;VACCXXBX1-AM6AM62Q032N7MMON1ML61VR2;GOLF / VARIANT 1.6 / TDI 4M;Nemcija;DEU;osebni avtomobil;192;karavan;GOLF 
81;1432;4.5;1;VOLKSWAGEN;GAC4CXXBX1-AM6AM62Q032N7MMON1ML61VR2;GOLF / 1.6 / TDI 4M;Nemcija;DEU;osebni avtomobil;191;karavan;GOLF 
81;1432;4.5;1;VOLKSWAGEN;GAC4CXXBX1-AM6AM62Q032N7MMON1ML61VR2;GOLF / 1.6 / TDI 4M;Nemcija;DEU;osebni avtomobil;191;vozilo za posebne namene;GOLF 
81;1341;4.5;1;VOLKSWAGEN;ACCBDCX0-FM5FM5A4044E7MGN1;GOLF / 2.0 / TDI;Nemcija;DEU;osebni avtomobil;190;karavan;GOLF 
81;1210;4.6;0;CITROEN;0PHNZW-C1B000;C4 CACTUS / 1.2 / AUT.;Francija;FRA;osebni avtomobil;188;vozilo z dviûnimi vrati zadaj;C4 CACTUS 
81;1125;4.6;0;CITROEN;SXHNZ6/A0S;C3 / 1.2 / i;Francija;FRA;osebni avtomobil;188;vozilo z dviûnimi vrati zadaj;C3 
81;1313;4.6;1;HYUNDAI;A5D11-M53AZ1;ACCENT / 1.5 / CRDi;Turcija;TUR;osebni avtomobil;176;limuzina;ACCENT 
81;1613;4.6;1;OPEL;DAFBA12-BA1L2JDJA5;ASTRA / CAR. 1.7 / DTI 16V;Nemcija;DEU;osebni avtomobil;184;karavan;ASTRA 
81;1613;4.6;1;OPEL;BG11-1A07B5BBFFF5;ASTRA / CAR. 1.7 / DTI 16V;Nemcija;DEU;osebni avtomobil;180;karavan;ASTRA 
81;1571;4.6;1;OPEL;CAFEA11-BA1K2JDJB5;ASTRA / 1.7 / DTI 16V;Nemcija;DEU;osebni avtomobil;181;vecnamensko vozilo;ASTRA 
81;1571;4.6;1;OPEL;BG11-1A02A4ADFFF5;ASTRA SPORTS TOURER VAN /;Nemcija;DEU;osebni avtomobil;180;karavan;ASTRA SPORTS TOURER VAN 
81;1571;4.6;1;OPEL;DAFEA11-BA1K2JDJC5;ASTRA / CAR. 1.7 / DTI 16V;Nemcija;DEU;osebni avtomobil;180;karavan;ASTRA 
81;1503;4.6;1;OPEL;CAFBA12-BA1K2JDJA5;ASTRA / 1.7 / DTI 16V;Nemcija;DEU;osebni avtomobil;186;vecnamensko vozilo;ASTRA 
81;1503;4.6;1;OPEL;BG11-1AADAAAVFFE5;ASTRA / 1.7 / DTI 16V;Nemcija;DEU;osebni avtomobil;181;vecnamensko vozilo;ASTRA 
81;1155;4.6;0;PEUGEOT;LPHNZB-C1F000;308 / 1.2 / i;Francija;FRA;osebni avtomobil;188;vozilo z dviûnimi vrati zadaj;308
81;1150;4.6;0;PEUGEOT;CCHNPS/S;208 / 1.2 /;Francija;FRA;osebni avtomobil;188;vozilo z dviûnimi vrati zadaj;208
81;1145;4.6;0;PEUGEOT;CCHNZ6/S;208 / 1.2 /;Francija;FRA;osebni avtomobil;190;vozilo z dviûnimi vrati zadaj;208
81;1504;4.6;1;RENAULT;JZS4B6;GRAND SCENIC / 1.5 / DCI;Francija;FRA;osebni avtomobil;180;vecnamensko vozilo;GRAND SCENIC 
81;1395;4.6;1;RENAULT;KT1R06;LAGUNA / GRANDTOUR 1.5 / DCI;Francija;FRA;osebni avtomobil;187;karavan;LAGUNA 
81;1395;4.6;1;RENAULT;KW26B6;KANGOO / 1.5 / DCI;Francija;FRA;osebni avtomobil;170;karavan;KANGOO 
81;1385;4.6;1;RENAULT;BT1R06;LAGUNA / 1.5 / DCI;Francija;FRA;osebni avtomobil;192;vozilo z dviûnimi vrati zadaj;LAGUNA 
81;1360;4.6;1;RENAULT;LZBD06;FLUENCE / 1.5 / DCI;Francija;FRA;osebni avtomobil;185;limuzina;FLUENCE 
81;1356;4.6;1;RENAULT;BZ0D06;MEGANE / 1.5 / DCI;Francija;FRA;osebni avtomobil;190;vozilo z dviûnimi vrati zadaj;MEGANE 
81;1280;4.6;1;RENAULT;DZ0D06;MEGANE / COUPE 1.5 / DCI;Francija;FRA;osebni avtomobil;190;kupe;MEGANE 
81;1455;4.6;1;SEAT;FCXXBX1V-AM6SAM62Q0327MMMLO563;LEON ST / 1.6 / TDI 4WD;äpanija;ESP;osebni avtomobil;190;karavan;LEON ST 
81;1435;4.6;1;äKODA;ACCXXBX1-NAM6AM62Q032STMLN617;OCTAVIA / COMBI 1.6 / TDI 4x4;Ceöka republika;CZE;osebni avtomobil;191;karavan;OCTAVIA 
81;1190;4.6;0;äKODA;AACHZC-NFM6FM6DQ002STN762SK;RAPID / 1.0 / TSI;Ceöka republika;CZE;osebni avtomobil;200;limuzina;RAPID 
81;1188;4.6;0;äKODA;ACCHZCX01-NFD7FD7CW001N627;FABIA / COMBI 1.0 / TSI AUT.;Ceöka republika;CZE;osebni avtomobil;199;karavan;FABIA 
81;1185;4.6;0;äKODA;ABCHZC-NFM6FM6DQ002STN762SK;RAPID / 1.0 / TSI;Ceöka republika;CZE;osebni avtomobil;198;vozilo z dviûnimi vrati zadaj;RAPID 
81;1164;4.6;0;äKODA;ABCHZCX01-NFD7FD7CW001N627;FABIA / 1.0 / TSI AUT.;Ceöka republika;CZE;osebni avtomobil;196;vozilo z dviûnimi vrati zadaj;FABIA 
81;1593;4.6;1;VOLKSWAGEN;DFGBAF-FM6FM62Q0287MMT72VR261;TOURAN / 2.0 / TDI;Nemcija;DEU;osebni avtomobil;187;vecnamensko vozilo;TOURAN 
81;1494;4.6;1;VOLKSWAGEN;VACCXXBX1-AM6AM62Q032N7MMON1ML63VR2;GOLF / VARIANT 1.6 / TDI 4M;Nemcija;DEU;osebni avtomobil;192;karavan;GOLF 
81;1432;4.6;1;VOLKSWAGEN;GAC4CXXBX1-AM6AM62Q032N7MMON1ML63VR2;GOLF / 1.6 / TDI 4M;Nemcija;DEU;osebni avtomobil;191;karavan;GOLF 
81;1338;4.7;1;CITROEN;2CYHSM-R2F100;C3 AIRCROSS / 1.5 / HDI;Francija;FRA;osebni avtomobil;184;vecnamensko vozilo;C3 AIRCROSS 
81;1337;4.7;1;CITROEN;2CYHSM-R2F300;C3 AIRCROSS / 1.5 / HDI;Francija;FRA;osebni avtomobil;184;vecnamensko vozilo;C3 AIRCROSS 
81;1216;4.7;0;CITROEN;SXHNPS/ACS;C3 / 1.2 /;Francija;FRA;osebni avtomobil;193;vozilo z dviûnimi vrati zadaj;C3 
81;1190;4.7;0;CITROEN;0PHNZB-C1B000;C4 CACTUS / 1.2 /;Francija;FRA;osebni avtomobil;188;vozilo z dviûnimi vrati zadaj;C4 CACTUS 
81;1221;4.7;1;KIA;DEM211-531C;RIO / 1.5 / D;Koreja. republika;KOR;osebni avtomobil;176;vecnamensko vozilo;RIO 
81;1503;4.7;1;OPEL;BG11-1A06AAAVFFF5;ASTRA / 1.7 / DTI 16V;Nemcija;DEU;osebni avtomobil;181;vecnamensko vozilo;ASTRA 
81;1234;4.7;0;OPEL;EA025CB12-BA1VADPH025;CROSSLAND X / 1.2 / TURBO;Nemcija;DEU;osebni avtomobil;187;vecnamensko vozilo;CROSSLAND X 
81;1165;4.7;0;PEUGEOT;CUHNZ6/S;2008 / 1.2 /;Francija;FRA;osebni avtomobil;191;karavan;2008
81;1598;4.7;1;RENAULT;JZ09BE;GRAND SCENIC / 1.5 / DCI AUT.;Francija;FRA;osebni avtomobil;180;vecnamensko vozilo;GRAND SCENIC 
81;1597;4.7;1;RENAULT;JZ09B3;GRAND SCENIC / 1.5 / DCI AUT.;Francija;FRA;osebni avtomobil;180;vecnamensko vozilo;GRAND SCENIC 
81;1568;4.7;1;RENAULT;JZS0AE;GRAND SCENIC / 1.5 / DCI AUT.;Francija;FRA;osebni avtomobil;180;vozilo z dviûnimi vrati zadaj;GRAND SCENIC 
81;1505;4.7;1;RENAULT;JZS00E;SCENIC / 1.5 / DCI AUT.;Francija;FRA;osebni avtomobil;180;vozilo z dviûnimi vrati zadaj;SCENIC 
81;1505;4.7;1;RENAULT;JZ0903;SCENIC / 1.5 / DCI AUT.;Francija;FRA;osebni avtomobil;180;vozilo za posebne namene;SCENIC 
81;1470;4.7;1;RENAULT;JZ09J3;SCENIC / 1.5 / DCI AUT.;Francija;FRA;osebni avtomobil;180;vozilo z dviûnimi vrati zadaj;SCENIC 
81;1395;4.7;1;RENAULT;KT1R06;LAGUNA / GRANDTOUR 1.5 / DCI;Francija;FRA;osebni avtomobil;187;karavan;LAGUNA 
81;1472;4.7;1;SEAT;XCXXBX1-AM6SAM62Q0327MMMLO;LEON X-PERIENCE / 1.6 / TDI 4WD;äpanija;ESP;osebni avtomobil;187;karavan;LEON X-PERIENCE 
81;1234;4.7;0;äKODA;AADKRC-NFD7FD7CW0017CPSTN71CSKA;RAPID / 1.0 / TSI AUT.;Ceöka republika;CZE;osebni avtomobil;200;limuzina;RAPID 
81;1178;4.7;0;äKODA;ACCJZDX01-NFD7FD7CW003N627;FABIA / COMBI 1.2 / TSI AUT.;Ceöka republika;CZE;osebni avtomobil;199;karavan;FABIA 
81;1154;4.7;0;äKODA;ABCJZDX01-NFD7FD7CW003N627;FABIA / 1.2 / TSI AUT.;Ceöka republika;CZE;osebni avtomobil;196;vozilo z dviûnimi vrati zadaj;FABIA 
81;1132;4.7;0;äKODA;ABDKRCX01-NFM6FM6DQ0027CPN1C8A;FABIA / 1.0 / TSI;Ceöka republika;CZE;osebni avtomobil;195;vozilo z dviûnimi vrati zadaj;FABIA 
81;1544;4.7;1;VOLKSWAGEN;VACCXXBX1-AM6AM62Q032C7MMON1ML69VR2;GOLF / VARIANT 1.6 / TDI 4M;Nemcija;DEU;osebni avtomobil;187;karavan;GOLF 
81;1257;4.7;0;VOLKSWAGEN;GAC4CHZCX0-FD7FD7CW001N7MMON1VL61VR2N;GOLF / 1.0 / TSI AUT.;Nemcija;DEU;osebni avtomobil;196;karavan;GOLF 
81;1163;4.7;0;VOLKSWAGEN;ABCJZD-FD7FD7CW003N3VR27MM62;POLO / 1.2 / TSI AUT.;Nemcija;DEU;osebni avtomobil;196;vozilo z dviûnimi vrati zadaj;POLO 
81;1485;4.8;1;AUDI;8E-AVG;A6 / AVANT / 1.9 / TDI;Nemcija;DEU;osebni avtomobil;191;karavan;A6 
81;1335;4.8;1;AUDI;8E-AFN;A4 / AVANT / 1.9 / TDI;Nemcija;DEU;osebni avtomobil;191;karavan;A4 
81;1275;4.8;0;CITROEN;NCHNZ6/1;C4 / 1.2 / i;Francija;FRA;osebni avtomobil;184;vozilo z dviûnimi vrati zadaj;C4 
81;1234;4.8;0;CITROEN;2RHNPJ-R1B000;C3 AIRCROSS / 1.2 /;Francija;FRA;osebni avtomobil;188;vecnamensko vozilo;C3 AIRCROSS 
81;1320;4.8;1;NISSAN;F15-D02;JUKE / 1.5 / DCI;Zdruûeno kraljestvo;GBR;osebni avtomobil;175;vecnamensko vozilo;JUKE 
81;1364;4.8;1;OPEL;CA061CB12-BK1BAMJUD15;ASTRA / 1.6 / CDTI;Nemcija;DEU;osebni avtomobil;200;vozilo z dviûnimi vrati zadaj;ASTRA 
81;1335;4.8;0;OPEL;EA0BBBB12-BA1E4XPBWA5;CROSSLAND X / 1.2 / TURBO;Nemcija;DEU;osebni avtomobil;188;vecnamensko vozilo;CROSSLAND X 
81;1322;4.8;0;OPEL;EA0BBBB12-BA1E3XPBWA5;CROSSLAND X / 1.2 / TURBO;Nemcija;DEU;osebni avtomobil;188;vecnamensko vozilo;CROSSLAND X 
81;1308;4.8;0;OPEL;EA0BBBB12-BA1E1XPBWA5;CROSSLAND X / 1.2 / TURBO;Nemcija;DEU;osebni avtomobil;188;vecnamensko vozilo;CROSSLAND X 
81;1294;4.8;0;OPEL;EA0BBBB12-BA1D6XPBWA5;CROSSLAND X / 1.2 / TURBO;Nemcija;DEU;osebni avtomobil;188;vecnamensko vozilo;CROSSLAND X 
81;1234;4.8;0;OPEL;EA0BBBB12-BA1D6PBWA5;CROSSLAND X / 1.2 / TURBO;Nemcija;DEU;osebni avtomobil;188;vecnamensko vozilo;CROSSLAND X 
81;1234;4.8;0;OPEL;EA025CB12-BA1VADPH025;CROSSLAND X / 1.2 / TURBO;Nemcija;DEU;osebni avtomobil;187;vecnamensko vozilo;CROSSLAND X 
81;1225;4.8;0;PEUGEOT;CUHNZT/S;2008 / 1.2 / AUT.;Francija;FRA;osebni avtomobil;188;karavan;2008
81;1585;4.8;1;RENAULT;EZ1G06;MEGANE / CABRIOLET 1.5 / DCI;Francija;FRA;osebni avtomobil;190;kabriolet;MEGANE 
81;1482;4.8;1;RENAULT;KT1R06;LAGUNA / GRANDTOUR 1.5 / DCI;Francija;FRA;osebni avtomobil;187;karavan;LAGUNA 
81;1385;4.8;1;RENAULT;BT1R06;LAGUNA / 1.5 / DCI;Francija;FRA;osebni avtomobil;192;vozilo z dviûnimi vrati zadaj;LAGUNA 
81;1380;4.8;1;RENAULT;KZ0DD6;MEGANE / GRANDTOUR 1.5 / DCI;Francija;FRA;osebni avtomobil;190;karavan;MEGANE 
81;1395;4.8;1;äKODA;AACFHFX01-NFM6FM62Q0250;OCTAVIA / 2.0 / TDI;Ceöka republika;CZE;osebni avtomobil;195;limuzina;OCTAVIA 
81;1178;4.8;0;äKODA;ACCJZDX01-NFD7FD7CW00315N7;FABIA / COMBI 1.2 / TSI AUT.;Ceöka republika;CZE;osebni avtomobil;199;karavan;FABIA 
81;1153;4.8;0;äKODA;ACCJZDX01-NFM6FM62U00915N7;FABIA / COMBI 1.2 / TSI;Ceöka republika;CZE;osebni avtomobil;199;karavan;FABIA 
81;1129;4.8;0;äKODA;ABCJZDX01-NFM6FM62U009N627;FABIA / 1.2 / TSI;Ceöka republika;CZE;osebni avtomobil;196;vozilo z dviûnimi vrati zadaj;FABIA 
81;1317;4.8;0;VOLKSWAGEN;VACCHZCX0-FD7FD7CW001N7MMON1VL61VR2;GOLF / VARIANT 1.0 / TSI AUT.;Nemcija;DEU;osebni avtomobil;197;karavan;GOLF 
81;1257;4.8;0;VOLKSWAGEN;GAC4CHZCX0-FD7FD7CW001N7MMON1VL63VR2N;GOLF / 1.0 / TSI AUT.;Nemcija;DEU;osebni avtomobil;196;karavan;GOLF 
81;1237;4.8;0;VOLKSWAGEN;GAC4CHZCX0-FM6FM6AJ016N7MMON1VL61VR2;GOLF / 1.0 / TSI;Nemcija;DEU;osebni avtomobil;196;karavan;GOLF 
81;1216;4.8;0;VOLKSWAGEN;GAC2CHZCX0-FM6FM6AJ016N7MMON1VL61VR2;GOLF / 1.0 / TSI;Nemcija;DEU;osebni avtomobil;196;karavan;GOLF 
81;1135;4.8;0;VOLKSWAGEN;ABCJZD-FM6FM62U009N2VR27MM;POLO / 1.2 / TSI;Nemcija;DEU;osebni avtomobil;196;vozilo z dviûnimi vrati zadaj;POLO 
81;1410;4.9;1;AUDI;B5AAFNF1-FM52DHR92S5;A4 / AVANT 1.9 / TDI;Nemcija;DEU;osebni avtomobil;192;karavan;A4 
81;1360;4.9;1;AUDI;B5-AFN;A4 / AVANT 1.9 / TDI;Nemcija;DEU;osebni avtomobil;192;karavan;A4 
81;1302;4.9;1;AUDI;8L-AHF;A3 / 1.9 / TDI;Nemcija;DEU;osebni avtomobil;194;vozilo z dviûnimi vrati zadaj;A3 
81;1255;4.9;0;AUDI;SCYVBF1-FM6AJ009R8V917MMEM1;A3 / 1.2 / TFSI;Nemcija;DEU;osebni avtomobil;198;vozilo z dviûnimi vrati zadaj;A3 
81;1255;4.9;1;AUDI;LAHFF1-FM52J016R92L;A3 / 1.9 / TDI;Nemcija;DEU;osebni avtomobil;193;vozilo z dviûnimi vrati zadaj;A3 
81;1255;4.9;1;AUDI;LAHFF1-FM52J016R92L;A3;Nemcija;DEU;osebni avtomobil;193;limuzina;A3
81;1225;4.9;0;AUDI;ACYVBF1-FM6AJ009R8V917MMEM1;A3 / 1.2 / TFSI;Nemcija;DEU;osebni avtomobil;198;karavan;A3 
81;1165;4.9;0;CITROEN;SXHNZT/A0S;C3 / 1.2 / i;Francija;FRA;osebni avtomobil;188;vozilo z dviûnimi vrati zadaj;C3 
81;1711;4.9;1;NISSAN;M20MNN41;NV200 / 1.5 / DCI;äpanija;ESP;osebni avtomobil;169;vozilo z dostopom za invalidski vozicek;NV200 
81;1571;4.9;1;NISSAN;M20MNN37;NV200 / 1.5 / DCI;äpanija;ESP;osebni avtomobil;169;vecnamensko vozilo;NV200 
81;1450;4.9;1;NISSAN;J10-C06;QASHQAI / 1.5 / DCI;Zdruûeno kraljestvo;GBR;osebni avtomobil;177;vecnamensko vozilo;QASHQAI 
81;1320;4.9;1;NISSAN;F15-D02;JUKE / 1.5 / DCI;Zdruûeno kraljestvo;GBR;osebni avtomobil;175;vecnamensko vozilo;JUKE 
81;1571;4.9;1;OPEL;BG11-3AAGA9MFFK5;MERIVA / 1.7 / DTI 16V;Nemcija;DEU;osebni avtomobil;182;vecnamensko vozilo;MERIVA 
81;1538;4.9;1;OPEL;BG11-3AAHA9MFFK5;MERIVA / 1.7 / DTI 16V;Nemcija;DEU;osebni avtomobil;182;vecnamensko vozilo;MERIVA 
81;1503;4.9;1;OPEL;BG11-3AAFA9MFFK5;MERIVA / 1.7 / DTI 16V;Nemcija;DEU;osebni avtomobil;182;vecnamensko vozilo;MERIVA 
81;1410;4.9;1;OPEL;DA062CB12-BA2BALJUK25;ASTRA / ST 1.6 / CDTI;Nemcija;DEU;osebni avtomobil;200;karavan;ASTRA 
81;1364;4.9;1;OPEL;CA062CB12-BA1BALJUK15;ASTRA / 1.6 / CDTI;Nemcija;DEU;osebni avtomobil;200;vozilo z dviûnimi vrati zadaj;ASTRA 
81;1335;4.9;0;OPEL;EA0BBBB12-BA1E4XPBWJ5;CROSSLAND X / 1.2 / TURBO;Nemcija;DEU;osebni avtomobil;188;vecnamensko vozilo;CROSSLAND X 
81;1234;4.9;0;OPEL;EA0BBBB12-BA1E3PBWJ5;CROSSLAND X / 1.2 / TURBO;Nemcija;DEU;osebni avtomobil;188;vecnamensko vozilo;CROSSLAND X 
81;1545;4.9;1;RENAULT;JZ1GA2;GRAND SCENIC / 1.5 / DCI;Francija;FRA;osebni avtomobil;180;vozilo z dviûnimi vrati zadaj;GRAND SCENIC 
81;1505;4.9;1;RENAULT;JZ1GB6;GRAND SCENIC / 1.5 / DCI;Francija;FRA;osebni avtomobil;180;vecnamensko vozilo;GRAND SCENIC 
81;1504;4.9;1;RENAULT;JZ1GB2;GRAND SCENIC / 1.5 / DCI;Francija;FRA;osebni avtomobil;180;vecnamensko vozilo;GRAND SCENIC 
81;1495;4.9;1;RENAULT;BT0A06;LAGUNA / 1.5 / DCI;Francija;FRA;osebni avtomobil;192;vozilo z dviûnimi vrati zadaj;LAGUNA 
81;1485;4.9;1;RENAULT;JZ1GA6;GRAND SCENIC / 1.5 / DCI;Francija;FRA;osebni avtomobil;180;vozilo z dviûnimi vrati zadaj;GRAND SCENIC 
81;1460;4.9;1;RENAULT;JZ3G04;SCENIC / 1.5 / DCI;Francija;FRA;osebni avtomobil;180;vozilo z dviûnimi vrati zadaj;SCENIC 
81;1438;4.9;1;RENAULT;JZ10J6;SCENIC / 1.5 / DCI;Francija;FRA;osebni avtomobil;180;vozilo z dviûnimi vrati zadaj;SCENIC 
81;1247;4.9;0;SEAT;FCYVBX0V-FM6SFM6AJ0157MMVLO561;LEON ST / 1.2 / TSI;äpanija;ESP;osebni avtomobil;194;karavan;LEON ST 
81;1213;4.9;0;SEAT;BCYVBX0V-FM6SFM6AJ0157MMVLO561;LEON / 1.2 / TSI;äpanija;ESP;osebni avtomobil;194;karavan;LEON 
81;1410;4.9;1;äKODA;ACCFHFX01-NFM6FM62Q0250;OCTAVIA / COMBI 2.0 / TDI;Ceöka republika;CZE;osebni avtomobil;194;karavan;OCTAVIA 
81;1410;4.9;1;äKODA;AFCFHFX01-NFM6FM62Q0250;OCTAVIA / COMBI 2.0 / TDI;Ceöka republika;CZE;osebni avtomobil;194;vecnamensko vozilo;OCTAVIA 
81;1255;4.9;0;äKODA;AACYVBX0-NFD7FD7CW001S1VLN617;OCTAVIA / 1.2 / TSI AUT.;Ceöka republika;CZE;osebni avtomobil;199;limuzina;OCTAVIA 
81;1252;4.9;0;äKODA;ACCYVBX0-NFM6FM6AJ009STVL617;OCTAVIA / COMBI 1.2 / TSI;Ceöka republika;CZE;osebni avtomobil;196;karavan;OCTAVIA 
81;1230;4.9;0;äKODA;AACYVBX0-NFM6FM6AJ009STVLN617;OCTAVIA / 1.2 / TSI;Ceöka republika;CZE;osebni avtomobil;199;limuzina;OCTAVIA 
81;1195;4.9;0;äKODA;ABDKRC-NFM6FM6DQ0027CPSTN71CSKB;RAPID / 1.0 / TSI;Ceöka republika;CZE;osebni avtomobil;195;vozilo z dviûnimi vrati zadaj;RAPID 
81;1185;4.9;0;äKODA;AACJZD-NFM6FM62U009STN762SK;RAPID / 1.2 / TSI;Ceöka republika;CZE;osebni avtomobil;200;limuzina;RAPID 
81;1180;4.9;0;äKODA;ABCJZD-NFM6FM62U009STM762SK;RAPID / 1.2 / TSI;Ceöka republika;CZE;osebni avtomobil;198;vozilo z dviûnimi vrati zadaj;RAPID 
81;1180;4.9;0;äKODA;ABCJZD-NFM6FM62U009STN762SK;RAPID / 1.2 / TSI;Ceöka republika;CZE;osebni avtomobil;197;vozilo z dviûnimi vrati zadaj;RAPID 
81;1542;4.9;1;VOLKSWAGEN;ACCBDCX0-FM5FM5A4051ST7MGE;PASSAT / VARIANT 2.0 / TDI;Nemcija;DEU;osebni avtomobil;196;karavan;PASSAT 
81;1542;4.9;1;VOLKSWAGEN;ACCBDCX0-FM5FM5A4051ST7MGE;PASSAT / VARIANT 2.0 / TDI;Nemcija;DEU;osebni avtomobil;195;karavan;PASSAT 
81;1494;4.9;1;VOLKSWAGEN;AACBDCX0-FM5FM5A4051ST7MGE;PASSAT / 2.0 / TDI;Nemcija;DEU;osebni avtomobil;198;limuzina;PASSAT 
81;1432;4.9;1;VOLKSWAGEN;GAC45CXXBX1-AM6AM62Q032N7MMON1ML63VR2;GOLF / 1.6 / TDI 4M;Nemcija;DEU;osebni avtomobil;191;karavan;GOLF 
81;1339;4.9;1;VOLKSWAGEN;ACCBDCX0-FM5FM5A4048N7MGN1;GOLF / 2.0 / TDI;Nemcija;DEU;osebni avtomobil;193;karavan;GOLF 
81;1339;4.9;1;VOLKSWAGEN;ACCBDCX0-FM5FM5A4048N7MGN1;GOLF / 2.0 / TDI;Nemcija;DEU;osebni avtomobil;193;vozilo za posebne namene;GOLF 
81;1296;4.9;1;VOLKSWAGEN;1JSCAHFX01-SGFM52J024M4;GOLF / 1.9;Nemcija;DEU;osebni avtomobil;193;vozilo z dviûnimi vrati zadaj;GOLF 
81;1295;4.9;0;VOLKSWAGEN;VACCHZCX0-FM6FM6AJ016N7MMON1VL61VR2;GOLF / VARIANT 1.0 / TSI;Nemcija;DEU;osebni avtomobil;197;karavan;GOLF 
81;1291;4.9;1;VOLKSWAGEN;1J-AHF;GOLF / 1.9;Nemcija;DEU;osebni avtomobil;193;vozilo z dviûnimi vrati zadaj;GOLF 
81;1270;4.9;1;VOLKSWAGEN;SCAHFX01-SGFM52J024M4;GOLF / 1.9 / TDI;Nemcija;DEU;osebni avtomobil;193;vozilo z dviûnimi vrati zadaj;GOLF 
81;1257;4.9;0;VOLKSWAGEN;GAC4CHZCX0-FD7FD7CW001N7MMON1VL63VR2N;GOLF / 1.0 / TSI AUT.;Nemcija;DEU;osebni avtomobil;196;karavan;GOLF 
81;1251;4.9;0;VOLKSWAGEN;GAC4CYVBX0-FD7FD7CW001N7MMON1VL61VR2;GOLF / 1.2 / TSI AUT.;Nemcija;DEU;osebni avtomobil;195;karavan;GOLF 
81;1237;4.9;0;VOLKSWAGEN;GAC4CHZCX0-FM6FM6AJ016N7MMON1VL63VR2N;GOLF / 1.0 / TSI;Nemcija;DEU;osebni avtomobil;196;karavan;GOLF 
81;1236;4.9;0;VOLKSWAGEN;GAC2CHZCX0-FD7FD7CW001N7MMON1VL63VR2N;GOLF / 1.0 / TSI AUT.;Nemcija;DEU;osebni avtomobil;196;karavan;GOLF 
81;1235;4.9;0;VOLKSWAGEN;GAC4CYVBX0-FM6FM6AJ009N7MMON1VL61VR2;GOLF / 1.2 / TSI;Nemcija;DEU;osebni avtomobil;195;karavan;GOLF 
81;1216;4.9;0;VOLKSWAGEN;GAC2CHZCX0-FM6FM6AJ016N7MMON1VL63VR2N;GOLF / 1.0 / TSI;Nemcija;DEU;osebni avtomobil;196;karavan;GOLF 
81;1210;4.9;0;VOLKSWAGEN;GAC2CYVBX0-FM6FM6AJ009N7MMON1VL61VR2;GOLF / 1.2 / TSI;Nemcija;DEU;osebni avtomobil;195;karavan;GOLF 
81;1384;4.9;1;VOLVO;MS7632;S 40 / 1.6;ävedska;SWE;osebni avtomobil;190;limuzina;S 40 
81;1355;5.1;0;AUDI;SCPWAF1-FD7FD7AM006P8V317MMEM1;A3 / 1.4 / TFSI AUT.;Nemcija;DEU;osebni avtomobil;197;vozilo z dviûnimi vrati zadaj;A3 
81;1265;5.1;1;AUDI;8L;A3 / 1.9 / TDI;Nemcija;DEU;osebni avtomobil;194;vozilo z dviûnimi vrati zadaj;A3 
81;1395;5.1;0;CITROEN;7JHNZ6/3S;BERLINGO / 1.2 / i;Francija;FRA;osebni avtomobil;180;karavan;BERLINGO 
81;1395;5.1;0;CITROEN;7JHNZ6/3S;BERLINGO / 1.2 / i;Francija;FRA;osebni avtomobil;180;vozilo za posebne namene;BERLINGO 
81;1395;5.1;0;CITROEN;7JHNZ6/3S;BERLINGO / 1.2 / i;Francija;FRA;osebni avtomobil;180;vozilo z dostopom za invalidski vozicek;BERLINGO 
81;1191;5.1;0;CITROEN;0PHNPJ-C1F000;C4 CACTUS / 1.2 /;Francija;FRA;osebni avtomobil;196;vozilo z dviûnimi vrati zadaj;C4 CACTUS 
81;1320;5.1;1;NISSAN;F15-D01;JUKE / 1.5 / DCI;Zdruûeno kraljestvo;GBR;osebni avtomobil;175;vecnamensko vozilo;JUKE 
81;1788;5.1;1;OPEL;EAHEA12-BA2P3FPHA5;ZAFIRA / 2.0 / DTI 16V;Nemcija;DEU;osebni avtomobil;183;karavan;ZAFIRA 
81;1741;5.1;1;OPEL;EAHEA12-BA2R2FPHA7;ZAFIRA / 2.0 / DTI 16V;Nemcija;DEU;osebni avtomobil;183;vecnamensko vozilo;ZAFIRA 
81;1733;5.1;1;OPEL;FJ11-1A09E5BCAEH5;INSIGNIA / CAR. 2.0 / DT 16V;Nemcija;DEU;osebni avtomobil;185;vecnamensko vozilo;INSIGNIA 
81;1664;5.1;1;OPEL;BL11-2AACA92DEA7;ZAFIRA / 1.7 / DTI 16V;Nemcija;DEU;osebni avtomobil;179;vecnamensko vozilo;ZAFIRA 
81;1613;5.1;1;OPEL;BL11-2A05A92DEA7;ZAFIRA / 1.7 / DTI 16V;Nemcija;DEU;osebni avtomobil;179;vecnamensko vozilo;ZAFIRA 
81;1393;5.1;1;OPEL;FW11-2AAAAJVFFC5;ASTRA / CAR. 1.7 / DTI 16V;Nemcija;DEU;osebni avtomobil;186;karavan;ASTRA 
81;1585;5.1;1;RENAULT;EZ1G06;MEGANE / CABRIOLET 1.5 / DCI;Francija;FRA;osebni avtomobil;190;kabriolet;MEGANE 
81;1461;5.1;1;RENAULT;BT1A06;LAGUNA / 1.5 / DCI;Francija;FRA;osebni avtomobil;192;vozilo z dviûnimi vrati zadaj;LAGUNA 
81;1274;5.1;1;SEAT;6K-ASV;CORDOBA / VAR. 1.9 / TDI;äpanija;ESP;osebni avtomobil;190;karavan;CORDOBA 
81;1148;5.1;0;SEAT;BDLAA-FM6SFM6AJ0194BI2A1AAD;IBIZA / 1.0 / TSI;äpanija;ESP;osebni avtomobil;195;vozilo z dviûnimi vrati zadaj;IBIZA 
81;1420;5.1;1;äKODA;ACCFHAX0-NFM5FM5A40470;YETI / 2.0 / TDI;Ceöka republika;CZE;osebni avtomobil;177;karavan;YETI 
81;1609;5.1;1;VOLKSWAGEN;CFHFAF-FD6FD62E0187MJS7N1VR2SO;TOURAN / 2.0 / TDI AUT.;Nemcija;DEU;osebni avtomobil;183;vecnamensko vozilo;TOURAN 
81;1474;5.1;1;VOLKSWAGEN;ACCBDCX0-FM5FM5A4048N7MGN1;GOLF PLUS / 2.0 / TDI;Nemcija;DEU;osebni avtomobil;189;karavan;GOLF PLUS 
81;1350;5.1;0;VOLKSWAGEN;SACCYVBX0-FD7FD7CW001N7MMON1VL01VR2;GOLF / SPORTSVAN 1.2 / TSI AUT.;Nemcija;DEU;osebni avtomobil;192;karavan;GOLF 
81;1350;5.1;0;VOLKSWAGEN;SACCYVBX0-FD7FD7CW001N7MMON1VL01VR2;GOLF / SPORTSVAN 1.2 / TSI AUT.;Nemcija;DEU;osebni avtomobil;192;vozilo za posebne namene;GOLF 
81;1337;5.1;1;VOLKSWAGEN;ABAFNX01-SGFM52J021KM;GOLF / CABRIO 1.9 / TDI;Nemcija;DEU;osebni avtomobil;190;kabriolet;GOLF 
81;1324;5.1;0;VOLKSWAGEN;VACCYVBX0-FD7FD7CW001N7MMON1VL63VR2;GOLF / VARIANT 1.2 / TSI AUT.;Nemcija;DEU;osebni avtomobil;196;karavan;GOLF 
81;1324;5.1;0;VOLKSWAGEN;SACCYVBX0-FM6FM6AJ009N7MMOVL01VR2;GOLF / SPORTSVAN 1.2 / TSI;Nemcija;DEU;osebni avtomobil;192;karavan;GOLF 
81;1294;5.1;0;VOLKSWAGEN;VACCYVBX0-FM6FM6AJ009N7MMON1VL63VR2;GOLF / VARIANT 1.2 / TSI;Nemcija;DEU;osebni avtomobil;196;karavan;GOLF 
81;1395;5.2;1;DACIA;HSDADG;DUSTER / 1.5 / DCI 4x4;Romunija;ROM;osebni avtomobil;168;karavan;DUSTER 
81;1369;5.2;1;DACIA;HSDACN;DUSTER / 1.5 / DCI 4x4;Romunija;ROM;osebni avtomobil;168;karavan;DUSTER 
81;1467;5.2;1;HYUNDAI;F5D11-M52AZ1;MATRIX / 1.5 / CRDi;Turcija;TUR;osebni avtomobil;170;vecnamensko vozilo;MATRIX 
81;1550;5.2;1;NISSAN;J10-C06;QASHQAI / 1.5 / DCI;Zdruûeno kraljestvo;GBR;osebni avtomobil;177;vecnamensko vozilo;QASHQAI 
81;1816;5.2;1;OPEL;EAHEA12-BA2R2FPHA7;ZAFIRA / 2.0 / DTI 16V;Nemcija;DEU;osebni avtomobil;183;vecnamensko vozilo;ZAFIRA 
81;1788;5.2;1;OPEL;EAHEA12-BA2P3FPHA5;ZAFIRA / 2.0 / DTI 16V;Nemcija;DEU;osebni avtomobil;183;karavan;ZAFIRA 
81;1733;5.2;1;OPEL;EAHEA12-BA2N4FPHA5;ZAFIRA / 2.0 / DTI 16V;Nemcija;DEU;osebni avtomobil;183;karavan;ZAFIRA 
81;1613;5.2;1;OPEL;BG11-2AAHB3KFFK5;MERIVA / 1.7 / DTI 16V;Nemcija;DEU;osebni avtomobil;182;vecnamensko vozilo;MERIVA 
81;1571;5.2;1;OPEL;BG11-1AAGA9MFFK5;MERIVA / 1.7 / DTI 16V;Nemcija;DEU;osebni avtomobil;182;vecnamensko vozilo;MERIVA 
81;1550;5.2;1;OPEL;BG11-1AAFB3KFFK5;MERIVA / 1.7 / DTI 16V;Nemcija;DEU;osebni avtomobil;182;vecnamensko vozilo;MERIVA 
81;1503;5.2;1;OPEL;BG11-1AAGB3KFFK5;MERIVA / 1.7 / DTI 16V;Nemcija;DEU;osebni avtomobil;182;vecnamensko vozilo;MERIVA 
81;1385;5.2;1;OPEL;BU11-2A07APYFFE5;ASTRA / 1.7 / DTI 16V;Nemcija;DEU;osebni avtomobil;185;vozilo z dviûnimi vrati zadaj;ASTRA 
81;1385;5.2;1;OPEL;BU11-2A07APYFFE5;ASTRA / 1.7 / DTI 16V;Nemcija;DEU;osebni avtomobil;185;vecnamensko vozilo;ASTRA 
81;1505;5.2;1;RENAULT;JZ1GB6;GRAND SCENIC / 1.5 / DCI;Francija;FRA;osebni avtomobil;180;vecnamensko vozilo;GRAND SCENIC 
81;1485;5.2;1;RENAULT;JZ1GA6;GRAND SCENIC / 1.5 / DCI;Francija;FRA;osebni avtomobil;180;vozilo z dviûnimi vrati zadaj;GRAND SCENIC 
81;1460;5.2;1;RENAULT;JZ2D0D;SCENIC / 1.5 / DCI;Francija;FRA;osebni avtomobil;180;vozilo z dviûnimi vrati zadaj;SCENIC 
81;1412;5.2;1;SEAT;1M AAASVX01-SGFM52J0661N1N10GZ5;SEAT/TOLEDO / 1.9/TDi;äpanija;ESP;osebni avtomobil;193;limuzina;SEAT
81;1358;5.2;1;SEAT;ABASVX01-SGFM52J066M1NN0GZ5;LEON / 1.9;äpanija;ESP;osebni avtomobil;193;vozilo z dviûnimi vrati zadaj;LEON 
81;1357;5.2;1;SEAT;ABASVX01-SGFM52J066M1NN0GZ5;LEON / 1.9 / TDI;äpanija;ESP;osebni avtomobil;193;vozilo z dviûnimi vrati zadaj;LEON 
81;1328;5.2;1;SEAT;1M AAASVX01-SGFM52J0661N1N10GZ5;TOLEDO / 1.9;äpanija;ESP;osebni avtomobil;193;limuzina;TOLEDO 
81;1286;5.2;1;SEAT;AAASVX01;TOLEDO / 1.9 / TDI;äpanija;ESP;osebni avtomobil;193;limuzina;TOLEDO 
81;1259;5.2;1;SEAT;ABASVX01-SGFM52J024N1N10GZ5;LEON / 1.9 / TDI;äpanija;ESP;osebni avtomobil;193;vozilo z dviûnimi vrati zadaj;LEON 
81;1206;5.2;0;SEAT;BCYVBX0-FM5NFM5AH0197MMVLO;LEON / 1.2 / TSI;äpanija;ESP;osebni avtomobil;194;karavan;LEON 
81;1186;5.2;0;SEAT;CCYVBX0-FM5NFM5AH0197MMVLO;LEON SC / 1.2 / TSI;äpanija;ESP;osebni avtomobil;194;karavan;LEON SC 
81;1102;5.2;0;SEAT;SCCJZD-FM6NFM62U0097MM67;IBIZA / 1.2 / TSI;äpanija;ESP;osebni avtomobil;197;vecnamensko vozilo;IBIZA 
81;1407;5.2;1;äKODA;ST ASVX01-FM5FM52J024N0GZS5;OCTAVIA / 1.9 / TDI;Ceöka republika;CZE;osebni avtomobil;191;limuzina;OCTAVIA 
81;1400;5.2;1;äKODA;SEAHFX01-A8HFM5FM52J024N;OCTAVIA / COMBI 1.9 / TDI;Ceöka republika;CZE;osebni avtomobil;191;karavan;OCTAVIA 
81;1365;5.2;1;äKODA;SEASVX01-FM5FM52J024N0GZS5;OCTAVIA / COMBI 1.9 / TDI;Ceöka republika;CZE;osebni avtomobil;191;karavan;OCTAVIA 
81;1362;5.2;1;äKODA;1U;OCTAVIA / 1.9 / TDI;Ceöka republika;CZE;osebni avtomobil;192;karavan;OCTAVIA 
81;1362;5.2;1;äKODA;SEASVX01-FM5FM52J024N0GE;OCTAVIA / COMBI 1.9 / TDI;Ceöka republika;CZE;osebni avtomobil;191;karavan;OCTAVIA 
81;1362;5.2;1;äKODA;1U-ASV;OCTAVIA / COMBI 1.9 / TDI;Ceöka republika;CZE;osebni avtomobil;178;karavan;OCTAVIA 
81;1344;5.2;1;äKODA;1U SE ASVX01-FM5FM52J024N0GZS5;OCTAVIA / COMBI 1.9;Ceöka republika;CZE;osebni avtomobil;191;karavan;OCTAVIA 
81;1343;5.2;1;äKODA;SE ASVX01-FM5FM52J024N0GZS5;OCTAVIA / COMBI 1.9;Ceöka republika;CZE;osebni avtomobil;191;karavan;OCTAVIA 
81;1332;5.2;1;äKODA;1U ST ASVX01-FM5FM52J024N0GZS5;OCTAVIA / 1.9;Ceöka republika;CZE;osebni avtomobil;191;limuzina;OCTAVIA 
81;1331;5.2;1;äKODA;1U STASVX01-FM5FM52J024N0GZ;OCTAVIA / 1.9;Ceöka republika;CZE;osebni avtomobil;191;limuzina;OCTAVIA 
81;1326;5.2;0;äKODA;ACDLAAX0-NFM6FM6AJ0254BIVL0N1A1A;OCTAVIA / COMBI 1.0 / TSI;Ceöka republika;CZE;osebni avtomobil;202;karavan;OCTAVIA 
81;1301;5.2;0;äKODA;AADLAAX0-NFM6FM6AJ0254BIVL2N1A1A;OCTAVIA / 1.0 / TSI;Ceöka republika;CZE;osebni avtomobil;208;limuzina;OCTAVIA 
81;1275;5.2;1;äKODA;1U-ASV;OCTAVIA / 1.9;Ceöka republika;CZE;osebni avtomobil;178;limuzina;OCTAVIA 
81;1263;5.2;0;äKODA;ABSDLAAX0-NFM6FM6AJ0214BISTNN3N1A1A;SCALA / 1.0 / TSI;Ceöka republika;CZE;osebni avtomobil;199;vozilo z dviûnimi vrati zadaj;SCALA 
81;1452;5.2;1;VOLKSWAGEN;1JSEAHFX01-SGFM52J024N4;GOLF / VAR.  1.9 / TDI;Nemcija;DEU;osebni avtomobil;193;karavan;GOLF 
81;1400;5.2;1;VOLKSWAGEN;1JSEASVX01-SGFM52J024N41N10GE;GOLF / 1.9;Nemcija;DEU;osebni avtomobil;193;karavan;GOLF 
81;1400;5.2;1;VOLKSWAGEN;1J;GOLF / 1.9 / TDI;Nemcija;DEU;osebni avtomobil;180;karavan;GOLF 
81;1385;5.2;1;VOLKSWAGEN;1J;GOLF / 1.9 / TDI;Nemcija;DEU;osebni avtomobil;193;karavan;GOLF 
81;1377;5.2;1;VOLKSWAGEN;1J-ASV;GOLF / 1.9 / TDI;Nemcija;DEU;osebni avtomobil;180;karavan;GOLF 
81;1324;5.2;0;VOLKSWAGEN;SACCYVBX0-FM6FM6AJ015N7MMON1VL01VR2;GOLF / SPORTSVAN 1.2 / TSI;Nemcija;DEU;osebni avtomobil;192;karavan;GOLF 
81;1319;5.2;1;VOLKSWAGEN;1J-ASV;GOLF / 1.9 / TDI;Nemcija;DEU;osebni avtomobil;180;vozilo z dviûnimi vrati zadaj;GOLF 
81;1310;5.2;1;VOLKSWAGEN;1J-AWF;GOLF / 1.9 / TDI;Nemcija;DEU;osebni avtomobil;180;vozilo z dviûnimi vrati zadaj;GOLF 
81;1297;5.2;1;VOLKSWAGEN;1J-ASV;GOLF / 1.9;Nemcija;DEU;osebni avtomobil;180;karavan;GOLF 
81;1279;5.2;1;VOLKSWAGEN;1J-ASV;GOLF / 1.9;Nemcija;DEU;osebni avtomobil;180;limuzina;GOLF 
81;1274;5.2;1;VOLKSWAGEN;STAHFX01-SGFM52J024N4;BORA / 1.9 / Tdi;Nemcija;DEU;osebni avtomobil;195;limuzina;BORA 
81;1460;5.3;1;AUDI;B5-AFN;A4 / AVANT 1.9 / TDI;Nemcija;DEU;osebni avtomobil;190;karavan;A4 
81;1410;5.3;1;AUDI;AAFNF1-FM52DHR92S5;A4 / AVANT 1.9 / TDi;Nemcija;DEU;osebni avtomobil;192;karavan;A4 
81;1390;5.3;1;AUDI;B5-AFN;A4 / AVANT 1.9 / TDI;Nemcija;DEU;osebni avtomobil;191;karavan;A4 
81;1360;5.3;1;AUDI;LAFNF1-FM52DHR92S5M;A4 / 1.9 / TDi;Nemcija;DEU;osebni avtomobil;192;limuzina;A4 
81;1350;5.3;1;AUDI;B5-AVG;A4 / 1.9 / TDI;Nemcija;DEU;osebni avtomobil;191;limuzina;A4 
81;1320;5.3;0;AUDI;LDLAAF1-FM6FM6AJ019RT011A164BIAEM1VLN1B00;A3 / 1.0 / TFSI;Nemcija;DEU;osebni avtomobil;210;limuzina;A3 
81;1461;5.3;1;DACIA;HSDACN;DUSTER / 1.5 / DCI 4x4;Romunija;ROM;osebni avtomobil;168;karavan;DUSTER 
81;1451;5.3;1;FORD;DA3IXDA1S-5QNBN4;FOCUS / 2.0 / TDCi AUT;Nemcija;DEU;osebni avtomobil;183;karavan;FOCUS 
81;1840;5.3;1;HYUNDAI;A-N;MATRIX / 1.5;Koreja. republika;KOR;osebni avtomobil;170;vecnamensko vozilo;MATRIX 
81;1467;5.3;1;HYUNDAI;F5D11-M52AZ1;MATRIX / 1.5 / CRDi;Turcija;TUR;osebni avtomobil;170;vecnamensko vozilo;MATRIX 
81;1467;5.3;1;HYUNDAI;A-O;MATRIX / 1.5 / CRDi;Koreja. republika;KOR;osebni avtomobil;170;vecnamensko vozilo;MATRIX 
81;1378;5.3;1;HYUNDAI;A-N;MATRIX / 1.5 / CRDi;Koreja. republika;KOR;osebni avtomobil;170;vecnamensko vozilo;MATRIX 
81;1505;5.3;1;NISSAN;J10-C07;QASHQAI+2 / 1.5 / DCI;Zdruûeno kraljestvo;GBR;osebni avtomobil;174;vecnamensko vozilo;QASHQAI+2 
81;1600;5.3;1;OPEL;BN11-2A09A92HHC7;ZAFIRA / 1.7 / DTI 16V;Nemcija;DEU;osebni avtomobil;180;vecnamensko vozilo;ZAFIRA 
81;1571;5.3;1;OPEL;BG11-1AAGA9MFFK5;MERIVA / 1.7 / DTI 16V;Nemcija;DEU;osebni avtomobil;182;vecnamensko vozilo;MERIVA 
81;1550;5.3;1;OPEL;BG11-1AAFA9MFFK5;MERIVA / 1.7 / DTI 16V;Nemcija;DEU;osebni avtomobil;182;vecnamensko vozilo;MERIVA 
81;1460;5.3;1;OPEL;BN11-2A09A92HHC7;ZAFIRA VAN / 1.7 / DTI 16V;Nemcija;DEU;osebni avtomobil;180;vecnamensko vozilo;ZAFIRA VAN 
81;1425;5.3;1;OPEL;FU11-2A07AJVFFE5;ASTRA / CAR. 1.7 / DTI 16V;Nemcija;DEU;osebni avtomobil;185;vecnamensko vozilo;ASTRA 
81;1280;5.3;0;OPEL;CA026DD12-BW1BATKH315;ASTRA+ / 1.2 / TURBO;Nemcija;DEU;osebni avtomobil;200;vozilo z dviûnimi vrati zadaj;ASTRA+ 
81;1280;5.3;0;OPEL;CA026DD12-BD1BATKH325;ASTRA / 1.2 / TURBO;Nemcija;DEU;osebni avtomobil;200;vozilo z dviûnimi vrati zadaj;ASTRA 
81;1505;5.3;1;RENAULT;JZ0DB6;GRAND SCENIC / 1.5 / DCI;Francija;FRA;osebni avtomobil;180;vecnamensko vozilo;GRAND SCENIC 
81;1482;5.3;1;RENAULT;KT1A06;LAGUNA / GRANDTOUR 1.5 / DCI;Francija;FRA;osebni avtomobil;187;karavan;LAGUNA 
81;1407;5.3;1;RENAULT;KT0A06;LAGUNA / GRANDTOUR 1.5 / DCI;Francija;FRA;osebni avtomobil;187;karavan;LAGUNA 
81;1241;5.3;0;SEAT;XDLAA-FM6SFM6AJ0214BI3A1AAC;ARONA / 1.0 / TSI;äpanija;ESP;osebni avtomobil;190;vozilo z dviûnimi vrati zadaj;ARONA 
81;1226;5.3;0;SEAT;XDLAA-FM6SFM6AJ0214BI2A1AAC;ARONA / 1.0 / TSI;äpanija;ESP;osebni avtomobil;190;vozilo z dviûnimi vrati zadaj;ARONA 
81;1653;5.3;1;äKODA;ACDFSAX1-NAM6AM62Q032STN617;YETI / 2.0 / TDI 4x4;Ceöka republika;CZE;osebni avtomobil;175;karavan;YETI 
81;1646;5.3;1;äKODA;ACCUUAX1-NAM6AM62Q032ST617;YETI / 2.0 / TDI 4X4;Ceöka republika;CZE;osebni avtomobil;175;karavan;YETI 
81;1550;5.3;1;äKODA;ACDFSAX1-NAM6AM62Q032ST617;YETI / 2.0 / TDI 4X4;Ceöka republika;CZE;osebni avtomobil;175;karavan;YETI 
81;1375;5.3;1;äKODA;STAHFX01;OCTAVIA / 1.9 / TDI;Ceöka republika;CZE;osebni avtomobil;192;vozilo z dviûnimi vrati zadaj;OCTAVIA 
81;1367;5.3;0;äKODA;ACDLAAX0-NFM6FM6AJ0254BIVL0N1A1A;OCTAVIA / COMBI 1.0 / TSI;Ceöka republika;CZE;osebni avtomobil;202;karavan;OCTAVIA 
81;1284;5.3;0;äKODA;ABSDLAAX0-NFM6FM6AJ0214BISTNN3N1A2A;SCALA / 1.0 / TSI;Ceöka republika;CZE;osebni avtomobil;199;vozilo z dviûnimi vrati zadaj;SCALA 
81;1280;5.3;0;äKODA;ABSDLAAX0-NFM6FM6AJ0214BISTNN3N1A1A;SCALA / 1.0 / TSI;Ceöka republika;CZE;osebni avtomobil;199;vozilo z dviûnimi vrati zadaj;SCALA 
81;1543;5.3;1;VOLKSWAGEN;ACCFFDX0-FM6FM6BB002NDSTVR27MQO;TIGUAN / 2.0 / TDI;Nemcija;DEU;osebni avtomobil;175;karavan;TIGUAN 
81;1540;5.3;1;VOLKSWAGEN;ACCFFDX0-FM6FM6BB002NDSTVR27MG;TIGUAN / 2.0 / TDI;Nemcija;DEU;osebni avtomobil;174;karavan;TIGUAN 
81;1454;5.3;1;VOLKSWAGEN;STAFNX01-SGFM512062N;PASSAT / 1.9 / TDi;Nemcija;DEU;osebni avtomobil;196;limuzina;PASSAT 
81;1440;5.3;1;VOLKSWAGEN;3BSTAFNX01-SGFM512062N;PASSAT / 1.9 / TDI;Nemcija;DEU;osebni avtomobil;196;limuzina;PASSAT 
81;1440;5.3;1;VOLKSWAGEN;3B-AVG;PASSAT / 1.9;Nemcija;DEU;osebni avtomobil;189;karavan;PASSAT 
81;1413;5.3;0;VOLKSWAGEN;ACDLAAX0-FD7FD7CW005N4BISON1VL1AVR2A0B;GOLF VARIANT / 1.0 / TSI AUT.;Nemcija;DEU;osebni avtomobil;202;karavan;GOLF VARIANT 
81;1400;5.3;1;VOLKSWAGEN;SEASVX01-SGFM52J024N41N10GE;GOLF / VAR. 1.9 / TDI;Nemcija;DEU;osebni avtomobil;194;karavan;GOLF 
81;1372;5.3;1;VOLKSWAGEN;ACCBDCX0-FD6FD62E018N7MGN1;GOLF / 2.0 / TDI AUT.;Nemcija;DEU;osebni avtomobil;191;karavan;GOLF 
81;1350;5.3;0;VOLKSWAGEN;SACCYVBX0-FD7FD7CW001N7MMON1VL02VR2;GOLF / SPORTSVAN 1.2 / TSI AUT.;Nemcija;DEU;osebni avtomobil;192;karavan;GOLF 
81;1324;5.3;0;VOLKSWAGEN;SACCYVBX0-FM6FM6AJ009N7MMON1VL05VR2;GOLF / SPORTSVAN 1.2 / TSI;Nemcija;DEU;osebni avtomobil;192;karavan;GOLF 
81;1319;5.3;0;VOLKSWAGEN;ACDLAAX0-FM6FM6AJ019N4BISON1VL1AVR2AGA;GOLF / 1.0 / TSI;Nemcija;DEU;osebni avtomobil;202;karavan;GOLF 
81;1302;5.3;0;VOLKSWAGEN;ACDLAAX0-FM6FM6AJ019N4BISON1VL1AVR2AIM;GOLF / 1.0 / TSI;Nemcija;DEU;osebni avtomobil;202;karavan;GOLF 
81;1315;5.4;1;AUDI;B5-AFN;A 4 / 1.9;Nemcija;DEU;osebni avtomobil;196;limuzina;A 4 
81;1315;5.4;1;AUDI;B5-AFN;A4 / 1.9 / TDI;Nemcija;DEU;osebni avtomobil;196;limuzina;A4 
81;1295;5.4;0;AUDI;SDLAAF1-FM6FM6AJ019RT011A164BIAEM1VLN1B0;A3 / 1.0 / TFSI;Nemcija;DEU;osebni avtomobil;204;vozilo z dviûnimi vrati zadaj;A3 
81;1385;5.4;1;OPEL;BU11-2A07APYFFC5;ASTRA / 1.7 / DTI 16V;Nemcija;DEU;osebni avtomobil;185;vozilo z dviûnimi vrati zadaj;ASTRA 
81;1365;5.4;1;OPEL;KW11-2A08AZ7FF15;ASTRA / 1.7 / DTI 16V;Nemcija;DEU;osebni avtomobil;187;kupe;ASTRA 
81;1364;5.4;0;OPEL;EA0BBBB12-BA1F2XPAZJ5;CROSSLAND X / 1.2 / TURBO AUT.;Nemcija;DEU;osebni avtomobil;187;vecnamensko vozilo;CROSSLAND X 
81;1355;5.4;0;OPEL;DA026DD12-BD2BATKH325;ASTRA / ST 1.2 / TURBO;Nemcija;DEU;osebni avtomobil;200;karavan;ASTRA 
81;1350;5.4;0;OPEL;EA0BBBB12-BA1F1XPAZJ5;CROSSLAND X / 1.2 / TURBO AUT.;Nemcija;DEU;osebni avtomobil;187;vecnamensko vozilo;CROSSLAND X 
81;1278;5.4;0;OPEL;EA0BBBB12-BA1F4PAZJ5;CROSSLAND X / 1.2 / TURBO AUT.;Nemcija;DEU;osebni avtomobil;187;vecnamensko vozilo;CROSSLAND X 
81;1324;5.4;0;SEAT;BDLAAX0-FM6SFM6AJ0194BIVL1AAH;LEON / 1.0 / TSI;äpanija;ESP;osebni avtomobil;197;karavan;LEON 
81;1314;5.4;1;SEAT;1M;LEON / 1.9;äpanija;ESP;osebni avtomobil;193;vozilo z dviûnimi vrati zadaj;LEON 
81;1197;5.4;0;SEAT;BDLAA-FM6SFM6AJ0194BI2A1CAD;IBIZA / 1.0 / TSI;äpanija;ESP;osebni avtomobil;195;vozilo z dviûnimi vrati zadaj;IBIZA 
81;1420;5.4;1;äKODA;ACCFHAX0-NFM5FM5A4047;YETI / 2.0 / TDI;Ceöka republika;CZE;osebni avtomobil;177;karavan;YETI 
81;1376;5.4;0;äKODA;ACDLAAX0-NFM6FM6AJ0254BIVL0N1B1A;OCTAVIA / COMBI 1.0 / TSI;Ceöka republika;CZE;osebni avtomobil;202;karavan;OCTAVIA 
81;1340;5.4;0;äKODA;ACCYVBX0-NFM6FM6AJ010V2637;YETI / 1.2 / TSI;Ceöka republika;CZE;osebni avtomobil;182;karavan;YETI 
81;1313;5.4;0;äKODA;ACDLAAX0-NFM6FM6AJ0254BIVL0N1A2A;OCTAVIA / COMBI 1.0 / TSI;Ceöka republika;CZE;osebni avtomobil;202;karavan;OCTAVIA 
81;1293;5.4;0;äKODA;ABCDLAAX0-NFM6FM6AJ0214BISTNH4N1A2A;KAMIQ / 1.0 / TSI;Ceöka republika;CZE;osebni avtomobil;194;vozilo z dviûnimi vrati zadaj;KAMIQ 
81;1288;5.4;0;äKODA;ABSDLAAX0-NFM6FM6AJ0214BISTNN3N1B2A;SCALA / 1.0 / TSI;Ceöka republika;CZE;osebni avtomobil;199;vozilo z dviûnimi vrati zadaj;SCALA 
81;1278;5.4;0;äKODA;ABSDLAAX0-NFM6FM6AJ0214BISTNN3N1B1A;SCALA / 1.0 / TSI;Ceöka republika;CZE;osebni avtomobil;199;vozilo z dviûnimi vrati zadaj;SCALA 
81;1275;5.4;0;äKODA;ABCDLAAX0-NFM6FM6AJ0214BISTNK3N1A1A;KAMIQ / 1.0 / TSI;Ceöka republika;CZE;osebni avtomobil;194;vozilo z dviûnimi vrati zadaj;KAMIQ 
81;1254;5.4;0;äKODA;ABCDLAAX0-NFM6FM6AJ0214BISTNK2N1A1A;KAMIQ / 1.0 / TSI;Ceöka republika;CZE;osebni avtomobil;194;vozilo z dviûnimi vrati zadaj;KAMIQ 
81;1237;5.4;0;äKODA;ABCDLAAX0-NFM6FM6AJ0214BISTNK3N1A2A;KAMIQ / 1.0 / TSI;Ceöka republika;CZE;osebni avtomobil;194;vozilo z dviûnimi vrati zadaj;KAMIQ 
81;1436;5.4;0;VOLKSWAGEN;CYVBAC-FM6FM6AJ0107MMS50VR261;TOURAN / 1.2 / TSI;Nemcija;DEU;osebni avtomobil;189;karavan;TOURAN 
81;1400;5.4;1;VOLKSWAGEN;1J;BORA / 1.9;Nemcija;DEU;osebni avtomobil;193;karavan;BORA 
81;1319;5.4;0;VOLKSWAGEN;ACDLAAX0-FM6FM6AJ019N4BISON1VL1AVR2AIM;GOLF / 1.0 / TSI;Nemcija;DEU;osebni avtomobil;202;karavan;GOLF 
81;1231;5.4;1;VOLKSWAGEN;1HS 1ZM5F;GOLF / 1.9 / TDI;Nemcija;DEU;osebni avtomobil;178;vozilo z dviûnimi vrati zadaj;GOLF 
81;1350;5.5;1;AUDI;B5;A 4 / 1.9;Nemcija;DEU;osebni avtomobil;195;limuzina;A 4 
81;1316;5.5;0;AUDI;SDLAAF1-FM6FM6AJ019RT011A164BIAEM1VLN1B0;A3 / 1.0 / TFSI;Nemcija;DEU;osebni avtomobil;204;vozilo z dviûnimi vrati zadaj;A3 
81;1240;5.5;1;AUDI;B5-AFN;A4 / 1.9 / TDI;Nemcija;DEU;osebni avtomobil;196;limuzina;A4 
81;1240;5.5;1;AUDI;B5-AFN;A4 / 1.9 / TDI;Nemcija;DEU;osebni avtomobil;178;karavan;A4 
81;1201;5.5;0;CITROEN;SXHNPZ/AAXS;C3 / 1.2 /;Francija;FRA;osebni avtomobil;198;vozilo z dviûnimi vrati zadaj;C3 
81;1200;5.5;0;CITROEN;SXHNPZ/AAXS;C3 / 1.2;Francija;FRA;osebni avtomobil;198;vozilo z dviûnimi vrati zadaj;C3 
81;1350;5.5;1;FIAT;185BXT1A32;MAREA / WEEKEND 1.9 / JTD;Italija;ITA;osebni avtomobil;186;karavan;MAREA 
81;1275;5.5;1;FIAT;185BXT1A-32B;MAREA / WEEKEND 1.9;Italija;ITA;osebni avtomobil;186;karavan;MAREA 
81;1414;5.5;1;HYUNDAI;B5D51-A62EZ1;i 30 / 1.6 / CRDi LP AUT.;Ceöka republika;CZE;osebni avtomobil;180;vozilo z dviûnimi vrati zadaj;i 30 
81;1431;5.5;0;OPEL;ERHNPJ-A1F000;COMBO LIFE / 1.2 / TURBO;Nemcija;DEU;osebni avtomobil;175;vecnamensko vozilo;COMBO LIFE 
81;1425;5.5;1;OPEL;FU11-2A07AJVFFA5;ASTRA / CAR 1.7 / DTI 16V;Nemcija;DEU;osebni avtomobil;185;vecnamensko vozilo;ASTRA 
81;1420;5.5;1;OPEL;Z17DTR/D/AC;ASTRA / CAR. 1.7 / DTI 16V;Nemcija;DEU;osebni avtomobil;195;karavan;ASTRA 
81;1393;5.5;1;OPEL;FU11-2A06AJVFFC5;ASTRA / CAR. 1.7 / DTI 16V;Nemcija;DEU;osebni avtomobil;185;karavan;ASTRA 
81;1425;5.5;1;RENAULT;BG4AB6;LAGUNA / 1.9 / DCI;Francija;FRA;osebni avtomobil;190;vozilo z dviûnimi vrati zadaj;LAGUNA 
81;1360;5.5;0;SEAT;SFDLAAX0-FM6SFM6AJ0214BIVL1AAH;LEON SP / 1.0 / TSI;äpanija;ESP;osebni avtomobil;199;karavan;LEON SP 
81;1337;5.5;0;SEAT;SBDLAAX0-FM6SFM6AJ0194BIVL1BBF;LEON / 1.0 / TSI;äpanija;ESP;osebni avtomobil;197;karavan;LEON 
81;1279;5.5;0;SEAT;BDLAAX0-FM6SFM6AJ0194BIVL1AAH;LEON / 1.0 / TSI;äpanija;ESP;osebni avtomobil;197;karavan;LEON 
81;1193;5.5;0;SEAT;XDLAA-FM6SFM6AJ0214BI3A1BAD;ARONA / 1.0 / TSI;äpanija;ESP;osebni avtomobil;190;vozilo z dviûnimi vrati zadaj;ARONA 
81;1360;5.5;0;äKODA;ACCYVBX0-NFD7FD7AM006STN617;YETI / 1.2 / TSI AUT.;Ceöka republika;CZE;osebni avtomobil;178;karavan;YETI 
81;1340;5.5;0;äKODA;ACCYVBX0-NFM6FM6AJ010ST617;YETI / 1.2 / TSI;Ceöka republika;CZE;osebni avtomobil;179;karavan;YETI 
81;1305;5.5;0;äKODA;ABCDLAAX0-NFM6FM6AJ0214BISTNK4N1A1A;KAMIQ / 1.0 / TSI;Ceöka republika;CZE;osebni avtomobil;194;vozilo z dviûnimi vrati zadaj;KAMIQ 
81;1300;5.5;0;äKODA;ABSDLAAX0-NFM6FM6AJ0214BISTNN4M1B2A;SCALA / 1.0 / TSI;Ceöka republika;CZE;osebni avtomobil;199;vozilo z dviûnimi vrati zadaj;SCALA 
81;1287;5.5;0;äKODA;ABCDLAAX0-NFM6FM6AJ0214BISTNK3N1A2A;KAMIQ / 1.0 / TSI;Ceöka republika;CZE;osebni avtomobil;194;vozilo z dviûnimi vrati zadaj;KAMIQ 
81;1286;5.5;0;äKODA;ABSDLAAX0-NFM6FM6AJ0214BISTNN3N1B2A;SCALA / 1.0 / TSI;Ceöka republika;CZE;osebni avtomobil;199;vozilo z dviûnimi vrati zadaj;SCALA 
81;1283;5.5;0;äKODA;ABCDLAAX0-NFM6FM6AJ0214BISTNK3N1A1A;KAMIQ / 1.0 / TSI;Ceöka republika;CZE;osebni avtomobil;194;vozilo z dviûnimi vrati zadaj;KAMIQ 
81;1200;5.5;0;äKODA;AADKRC-NFM6FM6DQ0027CPSTN71CSKA;RAPID / 1.0 / TSI;Ceöka republika;CZE;osebni avtomobil;201;limuzina;RAPID 
81;1147;5.5;0;äKODA;ACDKRCX01-NFM6FM6DQ0064BFN1B7A;FABIA / COMBI 1.0 / TSI;Ceöka republika;CZE;osebni avtomobil;198;karavan;FABIA 
81;1132;5.5;0;äKODA;ABDKRCX01-NFM6FM6DQ0027CPN1C8A;FABIA / 1.0 / TSI;Ceöka republika;CZE;osebni avtomobil;195;vozilo z dviûnimi vrati zadaj;FABIA 
81;1127;5.5;0;äKODA;ABDKRCX01-NFM6FM6DQ0064BFN1B7A;FABIA / 1.0 / TSI;Ceöka republika;CZE;osebni avtomobil;196;vozilo z dviûnimi vrati zadaj;FABIA 
81;1510;5.5;1;VOLKSWAGEN;AACBDCX0-FM5FM5A4047ST7MGSVR0;PASSAT / 2.0 / TDI;Nemcija;DEU;osebni avtomobil;192;limuzina;PASSAT 
81;1510;5.5;1;VOLKSWAGEN;3B-AFN;PASSAT / VAR. 1.9 / TDI;Nemcija;DEU;osebni avtomobil;190;karavan;PASSAT 
81;1485;5.5;1;VOLKSWAGEN;3BSEAFNX01-SGFM512062N;PASSAT / VAR. 1.9 / TDI;Nemcija;DEU;osebni avtomobil;190;karavan;PASSAT 
81;1464;5.5;0;VOLKSWAGEN;CYVBAF-FM6FM6AJ0147MMS71VR261;TOURAN / 1.2 / TSI;Nemcija;DEU;osebni avtomobil;189;vecnamensko vozilo;TOURAN 
81;1450;5.5;1;VOLKSWAGEN;3B;PASSAT / 1.9 / TDI;Nemcija;DEU;osebni avtomobil;185;limuzina;PASSAT 
81;1440;5.5;1;VOLKSWAGEN;3B-AVG;PASSAT / 1.9;Nemcija;DEU;osebni avtomobil;189;karavan;PASSAT 
81;1436;5.5;0;VOLKSWAGEN;CYVBAC-FM6FM6AJ0147MMS50VR261;TOURAN / 1.2 / TSI;Nemcija;DEU;osebni avtomobil;189;karavan;TOURAN 
81;1435;5.5;1;VOLKSWAGEN;SEAFNX01SGFMS12062N;PASSAT / VAR.1.9 / TDI;Nemcija;DEU;osebni avtomobil;200;karavan;PASSAT 
81;1435;5.5;1;VOLKSWAGEN;3B;PASSAT / 1.9;Nemcija;DEU;osebni avtomobil;190;karavan;PASSAT 
81;1417;5.5;1;VOLKSWAGEN;SEAFNX01-SGFM512062N;PASSAT / VAR. 1.9 / TDi;Nemcija;DEU;osebni avtomobil;190;karavan;PASSAT 
81;1346;5.5;1;VOLKSWAGEN;SEAFNX01-AGFA41N013N;PASSAT / VAR. 1.9 / TDI AUT.;Nemcija;DEU;osebni avtomobil;190;karavan;PASSAT 
81;1545;5.6;1;AUDI;4B;A 6  1.9;Nemcija;DEU;osebni avtomobil;192;karavan;A 6  1.9
81;1505;5.6;1;AUDI;4B;A 6 / 1.9;Nemcija;DEU;osebni avtomobil;191;limuzina;A 6 
81;1460;5.6;1;AUDI;B5;A 4 / 1.9;Nemcija;DEU;osebni avtomobil;190;karavan;A 4 
81;1440;5.6;1;AUDI;4B;A 6 / 1.9;Nemcija;DEU;osebni avtomobil;194;limuzina;A 6 
81;1390;5.6;1;AUDI;B5;A4 / 1.9 / TDI;Nemcija;DEU;osebni avtomobil;191;karavan;A4 
81;1360;5.6;1;AUDI;B5;A4 / 1.9 / TDI;Nemcija;DEU;osebni avtomobil;192;karavan;A4 
81;1344;5.6;0;AUDI;SDLAAF1-FM6FM6AJ019RT011B174BIBEM1VLN1B0;A3 / 1.0 / TFSI;Nemcija;DEU;osebni avtomobil;204;vozilo z dviûnimi vrati zadaj;A3 
81;1342;5.6;0;AUDI;SDLAAF1-FM6FM6AJ019RT011B174BIBEM1VLN1B00;A3 / 1.0 / TFSI;Nemcija;DEU;osebni avtomobil;204;vozilo z dviûnimi vrati zadaj;A3 
81;1331;5.6;0;AUDI;SDLAAF1-FM6FM6AJ019RT011B174BIBEM1VLN1B0;A3 / 1.0 / TFSI;Nemcija;DEU;osebni avtomobil;204;vozilo za posebne namene;A3 
81;1227;5.6;0;AUDI;SDLAAF1-FM6FM6AJ019RT11C164BIAEM1AB0;A1 / 1.0 / TFSI;Nemcija;DEU;osebni avtomobil;203;vozilo z dviûnimi vrati zadaj;A1 
81;1278;5.6;0;CITROEN;2RHNZW-R1B000;C3 AIRCROSS / 1.2 / AVT.;Francija;FRA;osebni avtomobil;183;vecnamensko vozilo;C3 AIRCROSS 
81;1231;5.6;0;CITROEN;SXHNPZ/AAXS;C3 / 1.2;Francija;FRA;osebni avtomobil;198;vozilo z dviûnimi vrati zadaj;C3 
81;1230;5.6;0;CITROEN;SXHNPZ/AAXS;C3 / 1.2 /;Francija;FRA;osebni avtomobil;198;vozilo z dviûnimi vrati zadaj;C3 
81;1369;5.6;1;DACIA;HSDACN;DUSTER / 1.5 / DCI 4x4;Romunija;ROM;osebni avtomobil;168;karavan;DUSTER 
81;1423;5.6;1;HYUNDAI;F5D51-A62EZ1;i 30 CW / 1.6 / CRDi LP AUT.;Ceöka republika;CZE;osebni avtomobil;180;karavan;i 30 CW 
81;1278;5.6;0;PEUGEOT;LPHNPJ-C12100;308 / 1.2;Francija;FRA;osebni avtomobil;186;vozilo z dviûnimi vrati zadaj;308
81;1460;5.6;1;RENAULT;KG4WB6;LAGUNA / 1.9 / DCI;Francija;FRA;osebni avtomobil;187;karavan;LAGUNA 
81;1385;5.6;1;RENAULT;KMS706;MEGANE / GRANDTOUR 1.9 / DCI;Francija;FRA;osebni avtomobil;188;karavan;MEGANE 
81;1346;5.6;1;SEAT;1M;TOLEDO / 1.9 / TDI;äpanija;ESP;osebni avtomobil;193;limuzina;TOLEDO 
81;1245;5.6;1;SEAT;1L;TOLEDO / 1.9;äpanija;ESP;osebni avtomobil;193;vozilo z dviûnimi vrati zadaj;TOLEDO 
81;1195;5.6;0;äKODA;ABDKRC-NFM6FM6DQ0027CPSTN71CSKB;RAPID / 1.0 / TSI;Ceöka republika;CZE;osebni avtomobil;195;vozilo z dviûnimi vrati zadaj;RAPID 
81;1152;5.6;0;äKODA;ACDKRCX01-NFM6FM6DQ0027CPN1C8B;FABIA / COMBI 1.0 / TSI;Ceöka republika;CZE;osebni avtomobil;196;karavan;FABIA 
81;1557;5.6;1;VOLKSWAGEN;ACCBDCX0-FM5FM5A4047ST7MGS;PASSAT / VARIANT 2.0 / TDI;Nemcija;DEU;osebni avtomobil;190;karavan;PASSAT 
81;1440;5.6;1;VOLKSWAGEN;3B;PASSAT / 1.9 / TDI;Nemcija;DEU;osebni avtomobil;189;karavan;PASSAT 
81;1435;5.6;1;VOLKSWAGEN;3BG-AFN;PASSAT / VARIANT 1.9;Nemcija;DEU;osebni avtomobil;201;karavan;PASSAT 
81;1435;5.6;1;VOLKSWAGEN;3B;PASSAT / 1.9 / TDI;Nemcija;DEU;osebni avtomobil;190;karavan;PASSAT 
81;1363;5.6;0;VOLKSWAGEN;VACCPWAX0-FM6FM6AJ015G7MMON1VL61VR2;GOLF / VARIANT 1.4 / TGI;Nemcija;DEU;osebni avtomobil;196;karavan;GOLF 
81;1317;5.6;0;VOLKSWAGEN;ACDLAAX0-FM6FM6AJ021N4BISON1VL1AVR2AIM;GOLF VARIANT / 1.0 / TSI;Nemcija;DEU;osebni avtomobil;202;karavan;GOLF VARIANT 
81;1317;5.6;0;VOLKSWAGEN;GAC4CPWAX0-FM6FM6AJ015G7MMON1VL61VR2N;GOLF / 1.4 / TSI;Nemcija;DEU;osebni avtomobil;195;karavan;GOLF 
81;1545;5.7;1;AUDI;4B;A6 / 1.9 / TDI;Nemcija;DEU;osebni avtomobil;192;karavan;A6 
81;1505;5.7;1;AUDI;4B;A6 / 1.9 / TDI;Nemcija;DEU;osebni avtomobil;191;limuzina;A6 
81;1341;5.7;0;AUDI;SDLAAF1-FM6FM6AJ019RT011C184BIBEM1VLN1B00;A3 / 1.0 / TFSI;Nemcija;DEU;osebni avtomobil;204;vozilo z dviûnimi vrati zadaj;A3 
81;1199;5.7;0;CITROEN;SXHNPZ/AAFS;C3 / 1.2 /;Francija;FRA;osebni avtomobil;198;vozilo z dviûnimi vrati zadaj;C3 
81;1183;5.7;0;CITROEN;0PHNPM-C1P100;C4 CACTUS / 1.2 /;Francija;FRA;osebni avtomobil;197;vozilo z dviûnimi vrati zadaj;C4 CACTUS 
81;1354;5.7;1;NISSAN;F15DD06;JUKE / 1.5 / DCI;Zdruûeno kraljestvo;GBR;osebni avtomobil;185;vecnamensko vozilo;JUKE 
81;1600;5.7;1;OPEL;BL11-2A09A92DEP7;ZAFIRA / 1.7 / DTI 16V;Nemcija;DEU;osebni avtomobil;179;vecnamensko vozilo;ZAFIRA 
81;1480;5.7;1;RENAULT;TKT0A-KT0A06;LAGUNA / GRANDTOUR 1.5 / DCI;Francija;FRA;osebni avtomobil;197;karavan;LAGUNA 
81;1346;5.7;1;SEAT;1M;TOLEDO / 1.9 / TDI;äpanija;ESP;osebni avtomobil;193;limuzina;TOLEDO 
81;1303;5.7;0;äKODA;ABSDLAAX0-NFD7FD7CW0094BISTNN3N1A2A;SCALA / 1.0 / TSI AUT.;Ceöka republika;CZE;osebni avtomobil;198;vozilo z dviûnimi vrati zadaj;SCALA 
81;1292;5.7;0;äKODA;ABSDLAAX0-NFD7FD7CW0094BISTNN3N1A1A;SCALA / 1.0 / TSI AUT.;Ceöka republika;CZE;osebni avtomobil;198;vozilo z dviûnimi vrati zadaj;SCALA 
81;1195;5.7;0;äKODA;ABDKRC-NFM6FM6DQ0027CPSTM71CSKB;RAPID / 1.0 / TSI;Ceöka republika;CZE;osebni avtomobil;195;vozilo z dviûnimi vrati zadaj;RAPID 
81;1152;5.7;0;äKODA;ACDKRCX01-NFM6FM6DQ0027CPM1C7B;FABIA / COMBI 1.0 / TSI;Ceöka republika;CZE;osebni avtomobil;196;karavan;FABIA 
81;1132;5.7;0;äKODA;ABDKRCX01-NFM6FM6DQ0027CPM1C8B;FABIA / 1.0 / TSI;Ceöka republika;CZE;osebni avtomobil;195;vozilo z dviûnimi vrati zadaj;FABIA 
81;1127;5.7;0;äKODA;ABDKRCX01-NFM6FM6DQ0064BFN1C7A;FABIA / 1.0 / TSI;Ceöka republika;CZE;osebni avtomobil;196;vozilo z dviûnimi vrati zadaj;FABIA 
81;1375;5.7;1;VOLKSWAGEN;3B-AFN;PASSAT / 1.9 / TDI;Nemcija;DEU;osebni avtomobil;196;limuzina;PASSAT 
81;1614;5.8;1;AUDI;4B;A6 / 1.9 / TDI;Nemcija;DEU;osebni avtomobil;189;karavan;A6 
81;1613;5.8;1;AUDI;4BAAFNF1-FM52DHR920;A 6 / AVANT 1.9;Nemcija;DEU;osebni avtomobil;189;karavan;A 6 
81;1560;5.8;1;AUDI;4B-AVG;A 6 / AVANT 1.9;Nemcija;DEU;osebni avtomobil;189;karavan;A 6 
81;1560;5.8;1;AUDI;4B-AVG;A6 / AVANT 1.9 / TDI;Nemcija;DEU;osebni avtomobil;189;karavan;A6 
81;1505;5.8;1;AUDI;4B-AFN;A6 / 1.9 / TDI;Nemcija;DEU;osebni avtomobil;191;karavan;A6 
81;1349;5.8;0;AUDI;XDLAAF1-FM6FM6AJ025RT11A174BIAEM1HA00B0;Q2 / 1.0 / TFSI;Nemcija;DEU;osebni avtomobil;197;karavan;Q2 
81;1343;5.8;0;AUDI;XDLAAF1-FM6FM6AJ025RT11A164BIAEM1HA00B0;Q2 / 1.0 / TFSI;Nemcija;DEU;osebni avtomobil;197;karavan;Q2 
81;1335;5.8;1;AUDI;B5 AAFNF1 FM52DHR92S5N;A4 / AVANT 1.9 / TDI;Nemcija;DEU;osebni avtomobil;196;karavan;A4 
81;1335;5.8;1;AUDI;B5 AAFNF1 FM52DHR92S5N;A4 / AVANT 1.9 / TDI;Nemcija;DEU;osebni avtomobil;192;karavan;A4 
81;1232;5.8;0;CITROEN;SXHNPZ/AAJS;C3 / 1.2 /;Francija;FRA;osebni avtomobil;198;vozilo z dviûnimi vrati zadaj;C3 
81;1218;5.8;0;CITROEN;SXHNPU/AAJS;C3 / 1.2 /;Francija;FRA;osebni avtomobil;189;vozilo z dviûnimi vrati zadaj;C3 
81;1206;5.8;0;CITROEN;0PHNPM-C1P100;C4 CACTUS / 1.2 /;Francija;FRA;osebni avtomobil;197;vozilo z dviûnimi vrati zadaj;C4 CACTUS 
81;1205;5.8;0;CITROEN;0PHNPM-C1F100;C4 CACTUS / 1.2 /;Francija;FRA;osebni avtomobil;197;vozilo z dviûnimi vrati zadaj;C4 CACTUS 
81;1167;5.8;0;CITROEN;0PHNPJ-C1F000;C4 CACTUS / 1.2 /;Francija;FRA;osebni avtomobil;196;vozilo z dviûnimi vrati zadaj;C4 CACTUS 
81;1451;5.8;1;FORD;DA3IXDA1S-5QNBN4;FOCUS / 2.0 / TDCi A6;Nemcija;DEU;osebni avtomobil;183;karavan;FOCUS 
81;1613;5.8;1;OPEL;DH11-1A02B9ACAEJ5;INSIGNIA / 2.0 / DT 16V;Nemcija;DEU;osebni avtomobil;190;vecnamensko vozilo;INSIGNIA 
81;1254;5.8;0;OPEL;EA025DB12-BE1VADPH0A5;CROSSLAND X / 1.2 / TURBO;Nemcija;DEU;osebni avtomobil;187;vecnamensko vozilo;CROSSLAND X 
81;1278;5.8;0;PEUGEOT;LPHNPJ-C12000;308 / 1.2;Francija;FRA;osebni avtomobil;188;vozilo z dviûnimi vrati zadaj;308
81;1385;5.8;1;RENAULT;KGUWB6;LAGUNA / 1.9 / DCI;Francija;FRA;osebni avtomobil;182;karavan;LAGUNA 
81;1326;5.8;0;äKODA;ABCDLAAX0-NFD7FD7CW0094BISTNK4N1A2A;KAMIQ / 1.0 / TSI AUT.;Ceöka republika;CZE;osebni avtomobil;193;vozilo z dviûnimi vrati zadaj;KAMIQ 
81;1311;5.8;0;äKODA;ABCDLAAX0-NFD7FD7CW0094BISTNK3N1A2A;KAMIQ / 1.0 / TSI AUT.;Ceöka republika;CZE;osebni avtomobil;193;vozilo z dviûnimi vrati zadaj;KAMIQ 
81;1307;5.8;0;äKODA;ABSDLAAX0-NFD7FD7CW0094BISTNN3N1B2A;SCALA / 1.0 / TSI AUT.;Ceöka republika;CZE;osebni avtomobil;198;vozilo z dviûnimi vrati zadaj;SCALA 
81;1285;5.8;0;äKODA;ABCDLAAX0-NFD7FD7CW0094BISTNK3N1A1A;KAMIQ / 1.0 / TSI AUT.;Ceöka republika;CZE;osebni avtomobil;193;vozilo z dviûnimi vrati zadaj;KAMIQ 
81;1165;5.8;0;äKODA;ABDKRCX01-NFD7FD7CW0017CPN1C7A;FABIA / 1.0 / TSI AUT.;Ceöka republika;CZE;osebni avtomobil;194;vozilo z dviûnimi vrati zadaj;FABIA 
81;1365;5.8;1;TOYOTA;CDE120L-DHMNHW;COROLLA / 2.0 / D-4D;Zdruûeno kraljestvo;GBR;osebni avtomobil;185;vozilo z dviûnimi vrati zadaj;COROLLA 
81;1490;5.8;1;VOLKSWAGEN;3BSTAFNX11-SGQM51A0370;PASSAT / 1.9 / TDI 4M;Nemcija;DEU;osebni avtomobil;194;limuzina;PASSAT 
81;1440;5.8;1;VOLKSWAGEN;3B;PASSAT / 1.9 / TDI;Nemcija;DEU;osebni avtomobil;189;karavan;PASSAT 
81;1351;5.8;0;VOLKSWAGEN;DLAAACX05-FM6FM6AJ0214BI1ABAG;T-CROSS / 1.0 / TSI;Nemcija;DEU;osebni avtomobil;189;karavan;T-CROSS 
81;1335;5.8;0;VOLKSWAGEN;DLAAACX05-FM6FM6AJ0214BI1AB0G;T-CROSS / 1.0 / TSI;Nemcija;DEU;osebni avtomobil;189;karavan;T-CROSS 
81;1320;5.8;0;VOLKSWAGEN;DLAAACX05-FM6FM6AJ0214BI1AB0I;T-CROSS / 1.0 / TSI;Nemcija;DEU;osebni avtomobil;189;karavan;T-CROSS 
81;1618;5.9;1;AUDI;4B;A6 / 1.9 / TDI;Nemcija;DEU;osebni avtomobil;189;karavan;A6 
81;1510;5.9;1;AUDI;AAFNQ1-QM5ABKR92S5N;A4 / AVANT 1.9 / TDI Q;Nemcija;DEU;osebni avtomobil;190;karavan;A4 
81;1205;5.9;0;AUDI;SDLAAF1-FD7FD7CW005RT11B174BIAEM1AB0;A1 / 1.0 / TFSI AUT.;Nemcija;DEU;osebni avtomobil;200;vozilo z dviûnimi vrati zadaj;A1 
81;1309;5.9;0;CITROEN;2RHNPM-R1F300;C3 AIRCROSS / 1.2 /;Francija;FRA;osebni avtomobil;183;vecnamensko vozilo;C3 AIRCROSS 
81;1235;5.9;0;CITROEN;SXHNPY/AAXS;C3 / 1.2 / AUT.;Francija;FRA;osebni avtomobil;193;vozilo z dviûnimi vrati zadaj;C3 
81;1228;5.9;0;CITROEN;SXHNPS/ABS;C3 / 1.2 /;Francija;FRA;osebni avtomobil;193;vozilo z dviûnimi vrati zadaj;C3 
81;1197;5.9;0;CITROEN;0PHNPM-C1F100;C4 CACTUS / 1.2 /;Francija;FRA;osebni avtomobil;197;vozilo z dviûnimi vrati zadaj;C4 CACTUS 
81;1197;5.9;0;CITROEN;SXHNPS/ACS;C3 / 1.2 /;Francija;FRA;osebni avtomobil;193;vozilo z dviûnimi vrati zadaj;C3 
81;1186;5.9;0;CITROEN;0PHNPJ-C1F000;C4 CACTUS / 1.2 /;Francija;FRA;osebni avtomobil;196;vozilo z dviûnimi vrati zadaj;C4 CACTUS 
81;1320;5.9;1;NISSAN;N16-C02;ALMERA / 2.2 / D;Nizozemska;NLD;osebni avtomobil;185;limuzina;ALMERA 
81;1254;5.9;0;OPEL;EA025DB12-BD1VADPH0A5;CROSSLAND X / 1.2 / TURBO;Nemcija;DEU;osebni avtomobil;187;vecnamensko vozilo;CROSSLAND X 
81;1215;5.9;0;PEUGEOT;CCHNPS/S;208 / 1.2 /;Francija;FRA;osebni avtomobil;188;vozilo z dviûnimi vrati zadaj;208
81;1580;5.9;1;RENAULT;BG4AB6;LAGUNA / 1.9 / DCI;Francija;FRA;osebni avtomobil;194;vozilo z dviûnimi vrati zadaj;LAGUNA 
81;1425;5.9;1;RENAULT;BG4WB6;LAGUNA / 1.9 / DCI;Francija;FRA;osebni avtomobil;204;vozilo z dviûnimi vrati zadaj;LAGUNA 
81;1425;5.9;1;RENAULT;BG4AB-6;LAGUNA / 1.9 / DCI;Francija;FRA;osebni avtomobil;194;vozilo z dviûnimi vrati zadaj;LAGUNA 
81;1276;5.9;0;SEAT;XDLAA-FD7SFD7CW0094BI3A1AAD;ARONA / 1.0 / TSI AUT.;äpanija;ESP;osebni avtomobil;190;vozilo z dviûnimi vrati zadaj;ARONA 
81;1239;5.9;0;SEAT;XDLAA-FD7SFD7CW0094BI2A1AAC;ARONA / 1.0 / TSI AUT.;äpanija;ESP;osebni avtomobil;190;vozilo z dviûnimi vrati zadaj;ARONA 
81;1525;5.9;1;äKODA;ACCFHFX1-NAM6AM62Q032ST0;YETI / 2.0 / TDI 4x4;Ceöka republika;CZE;osebni avtomobil;174;karavan;YETI 
81;1525;5.9;1;äKODA;ACCFHFX1-NAM6AM62Q032ST0;YETI / 2.0 / TDI 4x4;Ceöka republika;CZE;osebni avtomobil;174;vozilo za posebne namene;YETI 
81;1403;5.9;0;äKODA;ACDLAAX0-NFM6FM6AJ0254BI15N0C1A7A;KAROQ / 1.0 / TSI;Ceöka republika;CZE;osebni avtomobil;187;karavan;KAROQ 
81;1333;5.9;0;äKODA;ABCDLAAX0-NFD7FD7CW0094BISTNK4N1A2A;KAMIQ / 1.0 / TSI AUT.;Ceöka republika;CZE;osebni avtomobil;193;vozilo z dviûnimi vrati zadaj;KAMIQ 
81;1331;5.9;0;äKODA;ABCDLAAX0-NFD7FD7CW0094BISTNK4M1A2A;KAMIQ / 1.0 / TSI AUT.;Ceöka republika;CZE;osebni avtomobil;193;vozilo z dviûnimi vrati zadaj;KAMIQ 
81;1306;5.9;0;äKODA;ABCDLAAX0-NFD7FD7CW0094BISTNK3N1A1A;KAMIQ / 1.0 / TSI AUT.;Ceöka republika;CZE;osebni avtomobil;193;vozilo z dviûnimi vrati zadaj;KAMIQ 
81;1304;5.9;0;äKODA;ABCDLAAX0-NFD7FD7CW0094BISTNK3N1A2A;KAMIQ / 1.0 / TSI AUT.;Ceöka republika;CZE;osebni avtomobil;193;vozilo z dviûnimi vrati zadaj;KAMIQ 
81;1303;5.9;0;äKODA;ABCDLAAX0-NFD7FD7CW0094BISTNH3N1A2A;KAMIQ / 1.0 / TSI AUT.;Ceöka republika;CZE;osebni avtomobil;193;vozilo z dviûnimi vrati zadaj;KAMIQ 
81;1290;5.9;0;äKODA;ABCDLAAX0-NFD7FD7CW0094BISTNH3N1A1A;KAMIQ / 1.0 / TSI AUT.;Ceöka republika;CZE;osebni avtomobil;193;vozilo z dviûnimi vrati zadaj;KAMIQ 
81;1234;5.9;0;äKODA;AADKRC-NFD7FD7CW0017CPSTN71CSKA;RAPID / 1.0 / TSI AUT.;Ceöka republika;CZE;osebni avtomobil;200;limuzina;RAPID 
81;1194;5.9;0;äKODA;NH-CWV;RAPID / 1.6 / MPI;Ruska federacija;RUS;osebni avtomobil;190;vozilo z dviûnimi vrati zadaj;RAPID 
81;1165;5.9;0;äKODA;ABDKRCX01-NFD7FD7CW0017CPN1C7A;FABIA / 1.0 / TSI AUT.;Ceöka republika;CZE;osebni avtomobil;194;vozilo z dviûnimi vrati zadaj;FABIA 
81;1468;5.9;1;TOYOTA;CDT220L-AWMEYW(1D);AVENSIS / COMBI 2.0 / D-4D;Zdruûeno kraljestvo;GBR;osebni avtomobil;190;karavan;AVENSIS 
81;1430;5.9;1;TOYOTA;T22;AVENSIS / 2.0 / D;Belgija;BEL;osebni avtomobil;190;karavan;AVENSIS 
81;1393;5.9;1;TOYOTA;CDT220L-AWMEYM(1D);AVENSIS / 2.0;Zdruûeno kraljestvo;GBR;osebni avtomobil;190;karavan;AVENSIS 
81;1358;5.9;1;TOYOTA;CDT220E-CDT220L;AVENSIS / 2.0 / D4D;Zdruûeno kraljestvo;GBR;osebni avtomobil;195;limuzina;AVENSIS 
81;1344;5.9;0;VOLKSWAGEN;DLAAACX05-FM6FM6AJ0214BI1ABMI;T-CROSS / 1.0 / TSI;Nemcija;DEU;osebni avtomobil;189;karavan;T-CROSS 
81;1338;5.9;0;VOLKSWAGEN;DLAAACX05-FM6FM6AJ0214BI1AB0I;T-CROSS / 1.0 / TSI;Nemcija;DEU;osebni avtomobil;189;karavan;T-CROSS 
81;1277;5.9;0;VOLKSWAGEN;DLAAACX05-FM6FM6AJ0214BI1AB0G;T-CROSS / 1.0 / TSI;Nemcija;DEU;osebni avtomobil;189;karavan;T-CROSS 
81;1435;6.1;1;AUDI;B5AAFNQ1-QM5ABKR92S50;A4 / AVANT 1.9 / TDI Q;Nemcija;DEU;osebni avtomobil;190;karavan;A4 
81;1276;6.1;0;CITROEN;2RHNPM-R1F100;C3 AIRCROSS / 1.2 /;Francija;FRA;osebni avtomobil;183;vecnamensko vozilo;C3 AIRCROSS 
81;1230;6.1;0;CITROEN;SXHNPU/ABS;C3 / 1.2 /;Francija;FRA;osebni avtomobil;189;vozilo z dviûnimi vrati zadaj;C3 
81;1610;6.1;1;MAZDA;CR19T6;MAZDA 5 / 2.0 / CD / 7S;Japonska ;JPN;osebni avtomobil;177;vecnamensko vozilo;MAZDA 5 
81;1503;6.1;1;OPEL;EAFDA11-BX1K2BGBA5;MERIVA / 1.7 / CDTI AUT.;Nemcija;DEU;osebni avtomobil;178;vecnamensko vozilo;MERIVA 
81;1503;6.1;1;OPEL;EAFDA11-BX1L2BGBA5;MERIVA / 1.7 / CDTI AUT.;Nemcija;DEU;osebni avtomobil;178;vozilo za posebne namene;MERIVA 
81;1254;6.1;0;OPEL;EA025DB12-BB1VADPH0A5;CROSSLAND X / 1.2 / TURBO;Nemcija;DEU;osebni avtomobil;187;vecnamensko vozilo;CROSSLAND X 
81;1234;6.1;0;OPEL;EA025CB12-BA1VADPH025;CROSSLAND X / 1.2 / TURBO;Nemcija;DEU;osebni avtomobil;187;vecnamensko vozilo;CROSSLAND X 
81;1260;6.1;0;PEUGEOT;CUHNP3/JS;2008 / 1.2 /;Francija;FRA;osebni avtomobil;191;karavan;2008
81;1371;6.1;0;SEAT;SXDLAAX0-FM6SFM6AJ0254BIVL1A18AD;ATECA / 1.0 / TSI;äpanija;ESP;osebni avtomobil;180;karavan;ATECA 
81;1275;6.1;0;SEAT;XDLAA-FD7SFD7CW0094BI3A1BAD;ARONA / 1.0 / TSI AUT.;äpanija;ESP;osebni avtomobil;190;vozilo z dviûnimi vrati zadaj;ARONA 
81;1525;6.1;1;äKODA;ACCFHFX1-NAM6AM62Q033;YETI / 2.0 / TDI 4x4;Ceöka republika;CZE;osebni avtomobil;174;karavan;YETI 
81;1525;6.1;1;äKODA;ACCFHFX1-NAM6AM62Q0330;YETI / 2.0 / TDI 4x4;Ceöka republika;CZE;osebni avtomobil;174;vozilo za posebne namene;YETI 
81;1308;6.1;0;äKODA;ABCDLAAX0-NFD7FD7CW0094BISTNH3N1B2A;KAMIQ / 1.0 / TSI AUT.;Ceöka republika;CZE;osebni avtomobil;193;vozilo z dviûnimi vrati zadaj;KAMIQ 
81;1256;6.1;0;äKODA;ABCDLAAX0-NFD7FD7CW0094BISTNH4N1B1A;KAMIQ / 1.0 / TSI AUT.;Ceöka republika;CZE;osebni avtomobil;193;vozilo z dviûnimi vrati zadaj;KAMIQ 
81;1525;6.1;1;VOLKSWAGEN;SEAFNX11-SGQM51A037Q;PASSAT / VAR. 1.9 / TDi 4M;Nemcija;DEU;osebni avtomobil;188;karavan;PASSAT 
81;1480;6.1;1;VOLKSWAGEN;SEAFNX11-SGQM51A037Q;PASSAT / VAR. 1.9 / TDi 4M;Nemcija;DEU;osebni avtomobil;188;limuzina;PASSAT 
81;1356;6.1;0;VOLKSWAGEN;DLAAX0AC4-FM6FM6AJ0254BI1AANNMI;T-ROC / 1.0 / TSI;Nemcija;DEU;osebni avtomobil;185;karavan;T-ROC 
81;1353;6.1;0;VOLKSWAGEN;DLAAX0AC4-FM6FM6AJ0254BI1AANNI0;T-ROC / 1.0 / TSI;Nemcija;DEU;osebni avtomobil;185;karavan;T-ROC 
81;1328;6.2;0;CITROEN;2RHNPM-R1B100;C3 AIRCROSS / 1.2 /;Francija;FRA;osebni avtomobil;183;vecnamensko vozilo;C3 AIRCROSS 
81;1323;6.2;0;CITROEN;2RHNPM-R1F100;C3 AIRCROSS / 1.2 /;Francija;FRA;osebni avtomobil;183;vecnamensko vozilo;C3 AIRCROSS 
81;1254;6.2;0;OPEL;EA025DB12-BA1VADPH0A5;CROSSLAND X / 1.2 / TURBO;Nemcija;DEU;osebni avtomobil;187;vecnamensko vozilo;CROSSLAND X 
81;1234;6.2;0;OPEL;EA025CB12-BA1VADPH025;CROSSLAND X / 1.2 / TURBO;Nemcija;DEU;osebni avtomobil;187;vecnamensko vozilo;CROSSLAND X 
81;1275;6.2;0;PEUGEOT;CUHNP3/JS;2008 / 1.2 /;Francija;FRA;osebni avtomobil;191;karavan;2008
81;1315;6.3;1;AUDI;8LLAHFF1-FA41M035R92T2M;A3 / 1.9 / TDI AUT.;Nemcija;DEU;osebni avtomobil;191;vozilo z dviûnimi vrati zadaj;A3 
81;1292;6.3;0;AUDI;HDLAAF1-FD7FD7CW009RT81B174BIAEM1AB0;A1 / CITYCARVER 1.0 / TFSI AUT.;Nemcija;DEU;osebni avtomobil;191;karavan;A1 
81;1355;6.3;0;CITROEN;2RHNPM-R1F100;C3 AIRCROSS / 1.2 /;Francija;FRA;osebni avtomobil;183;vecnamensko vozilo;C3 AIRCROSS 
81;1273;6.3;0;CITROEN;2RHNPM-R1B100;C3 AIRCROSS / 1.2 /;Francija;FRA;osebni avtomobil;183;vecnamensko vozilo;C3 AIRCROSS 
81;1270;6.3;0;CITROEN;2RHNPJ-R1B000;C3 AIRCROSS / 1.2 /;Francija;FRA;osebni avtomobil;188;vecnamensko vozilo;C3 AIRCROSS 
81;1270;6.3;0;CITROEN;2RHNPJ-R1B000;C3 AIRCROSS / 1.2 /;Francija;FRA;osebni avtomobil;183;vecnamensko vozilo;C3 AIRCROSS 
81;1246;6.3;0;CITROEN;SXHNPY/ABJS;C3 / 1.2 / AUT.;Francija;FRA;osebni avtomobil;193;vozilo z dviûnimi vrati zadaj;C3 
81;1213;6.3;0;CITROEN;SXHNPY/ACJS;C3 / 1.2 / AUT.;Francija;FRA;osebni avtomobil;193;vozilo z dviûnimi vrati zadaj;C3 
81;1650;6.3;1;MAZDA;CR119T6;MAZDA 5 / 2.0 / CD 5S;Japonska ;JPN;osebni avtomobil;179;vecnamensko vozilo;MAZDA 5 
81;1610;6.3;1;MAZDA;CR19T6;MAZDA 5 / 2.0 / CD / 7S;Japonska ;JPN;osebni avtomobil;179;vecnamensko vozilo;MAZDA 5 
81;1540;6.3;1;MAZDA;CR19T6;MAZDA 5 / 2.0 / CD 7S;Japonska ;JPN;osebni avtomobil;179;vecnamensko vozilo;MAZDA 5 
81;1540;6.3;1;MAZDA;CR19T6;5 / 2.0;Japonska ;JPN;osebni avtomobil;179;vecnamensko vozilo;5
81;1234;6.3;0;OPEL;EA025CB12-BA1VADPH025;CROSSLAND X / 1.2 / TURBO;Nemcija;DEU;osebni avtomobil;187;vecnamensko vozilo;CROSSLAND X 
81;1391;6.3;0;PEUGEOT;LRHNPP-R1P000;308 / BREAK / 1.2;Francija;FRA;osebni avtomobil;205;vecnamensko vozilo;308
81;1291;6.3;0;PEUGEOT;CUHNP3/JS;2008 / 1.2 /;Francija;FRA;osebni avtomobil;191;karavan;2008
81;1274;6.3;0;PEUGEOT;CUHNP3/J2S;2008 / 1.2 /;Francija;FRA;osebni avtomobil;191;karavan;2008
81;1528;6.4;0;CITROEN;ERHNP2-C14200;BERLINGO / 1.2 / L2;Francija;FRA;osebni avtomobil;174;vecnamensko vozilo;BERLINGO 
81;1503;6.4;0;CITROEN;ERHNP2-A14200;BERLINGO / 1.2 / L1;Francija;FRA;osebni avtomobil;174;vecnamensko vozilo;BERLINGO 
81;1282;6.4;0;CITROEN;2RHNPJ-R1B000;C3 AIRCROSS / 1.2 /;Francija;FRA;osebni avtomobil;188;vecnamensko vozilo;C3 AIRCROSS 
81;1279;6.4;0;CITROEN;2RHNPJ-R1B000;C3 AIRCROSS / 1.2 /;Francija;FRA;osebni avtomobil;183;vecnamensko vozilo;C3 AIRCROSS 
81;1350;6.4;0;FIAT;334AXE1A04A;500X / 1.6 / CITY;Italija;ITA;osebni avtomobil;180;vecnamensko vozilo;500X 
81;1395;6.4;1;NISSAN;FDAN16;ALMERA / 2.2 / DI;Zdruûeno kraljestvo;GBR;osebni avtomobil;187;vozilo z dviûnimi vrati zadaj;ALMERA 
81;1234;6.4;0;OPEL;EA025CB12-BA1VADPH025;CROSSLAND X / 1.2 / TURBO;Nemcija;DEU;osebni avtomobil;187;vecnamensko vozilo;CROSSLAND X 
81;1735;6.4;1;SEAT;SEAFNX01-NSGFM5060045Q;ALHAMBRA / 1.9 / TDI;äpanija;ESP;osebni avtomobil;160;vecnamensko vozilo;ALHAMBRA 
81;1508;6.4;0;TOYOTA;ERHNP2-A14200(1D);PROACE City Verso / 1.2 /;äpanija;ESP;osebni avtomobil;174;vecnamensko vozilo;PROACE City Verso 
81;1800;6.4;1;VOLKSWAGEN;7M;SHARAN / 1.9 / TDI;Nemcija;DEU;osebni avtomobil;169;vecnamensko vozilo;SHARAN 
81;1740;6.4;1;VOLKSWAGEN;SEAFNX01-NA8DSGFM5060046;SHARAN / 1.9 / TDI;Nemcija;DEU;osebni avtomobil;172;limuzina;SHARAN 
81;1733;6.4;1;VOLKSWAGEN;SEAFNX01-NSGFM506004P;SHARAN / 1.9 / TDi;Nemcija;DEU;osebni avtomobil;172;vecnamensko vozilo;SHARAN 
81;1605;6.4;1;VOLKSWAGEN;7M-AFN;SHARAN / 1.9 / TDI;Nemcija;DEU;osebni avtomobil;172;vecnamensko vozilo;SHARAN 
81;1468;6.4;1;VOLKSWAGEN;BBCFFDX0-FM6FM6BB002NDSTVR27MJO;TIGUAN / 2.0 / TDI;Nemcija;DEU;osebni avtomobil;210;karavan;TIGUAN 
81;1345;6.4;0;VOLKSWAGEN;DLAAACX05-FD7FD7CW0094BI1AAMI;T-CROSS / 1.0 / TSI AUT.;Nemcija;DEU;osebni avtomobil;189;karavan;T-CROSS 
81;1344;6.4;0;VOLKSWAGEN;DLAAACX05-FD7FD7CW0094BI1AA0G;T-CROSS / 1.0 / TSI AUT.;Nemcija;DEU;osebni avtomobil;189;karavan;T-CROSS 
81;1342;6.4;0;VOLKSWAGEN;DLAAACX05-FD7FD7CW0094BI1AA0I;T-CROSS / 1.0 / TSI AUT.;Nemcija;DEU;osebni avtomobil;189;karavan;T-CROSS 
81;1560;6.5;1;AUDI;4B;A6 / 1.9 / TDI;Nemcija;DEU;osebni avtomobil;189;karavan;A6 
81;1271;6.5;0;CITROEN;2RHNPJ-R1B000;C3 AIRCROSS / 1.2 /;Francija;FRA;osebni avtomobil;188;vecnamensko vozilo;C3 AIRCROSS 
81;1234;6.5;0;OPEL;EA025CB12-BA1VADPH025;CROSSLAND X / 1.2 / TURBO;Nemcija;DEU;osebni avtomobil;187;vecnamensko vozilo;CROSSLAND X 
81;1265;6.5;0;RENAULT;LZBF05;FLUENCE / 1.6 / 16V;Francija;FRA;osebni avtomobil;185;limuzina;FLUENCE 
81;1260;6.5;0;RENAULT;BZAF05;MEGANE / 1.6 / 16V;Francija;FRA;osebni avtomobil;185;vozilo z dviûnimi vrati zadaj;MEGANE 
81;1265;6.5;1;äKODA;1U;OCTAVIA / 1.9 / TDI;Ceöka republika;CZE;osebni avtomobil;184;karavan;OCTAVIA 
81;1556;6.5;0;TOYOTA;ERHNP2-A14200(1F);PROACE City Verso / 1.2 /;Belgija;BEL;osebni avtomobil;174;vecnamensko vozilo;PROACE City Verso 
81;1830;6.5;1;VOLKSWAGEN;ACCFHFX11-N0J2AM6AM62Q032N1SCVR07MJ;CADDY / 2.0 / TDI 4M;Nemcija;DEU;osebni avtomobil;170;vozilo za posebne namene;CADDY 
81;1780;6.5;1;VOLKSWAGEN;7MSEAFNX01-NSGFM506004Q;SHARAN / 1.9;Nemcija;DEU;osebni avtomobil;172;limuzina;SHARAN 
81;1739;6.5;1;VOLKSWAGEN;7M;SHARAN / 1.9 / TDI;Nemcija;DEU;osebni avtomobil;172;vecnamensko vozilo;SHARAN 
81;1705;6.5;1;VOLKSWAGEN;AFCFHFX11-AM6AM62Q032ST0J27MGLN1;CADDY MAXI / 2.0 / TDI 4M;Nemcija;DEU;osebni avtomobil;170;vecnamensko vozilo;CADDY MAXI 
81;1651;6.5;1;VOLKSWAGEN;ACCFHFX11-AM6AM62Q032SK0J27MGNN1;CADDY / 2.0 / TDI 4M;Nemcija;DEU;osebni avtomobil;170;karavan;CADDY 
81;1644;6.5;1;VOLKSWAGEN;SEAFNX01-NSGFN5060045Q;SHARAN / 1.9 / TDI;Nemcija;DEU;osebni avtomobil;172;limuzina;SHARAN 
81;1633;6.5;1;VOLKSWAGEN;ACCFHFX11-N0J2AM6AM62Q032N1SCVR07MJ;CADDY / 2.0 / TDI 4M;Nemcija;DEU;osebni avtomobil;170;karavan;CADDY 
81;1627;6.5;1;VOLKSWAGEN;AFCFHFX11-AM6AM62Q032ST0J27MGNN1;CADDY / 2.0 / TDI 4M;Nemcija;DEU;osebni avtomobil;170;vecnamensko vozilo;CADDY 
81;1616;6.5;1;VOLKSWAGEN;AFCFHFX11-N0J2AM6AM62Q032N1ST7MG;CADDY / 2.0 / TDI 4M;Nemcija;DEU;osebni avtomobil;170;vecnamensko vozilo;CADDY 
81;1616;6.5;1;VOLKSWAGEN;ACCFHFX11-N0J2AM6AM62Q032N1ST7MQ;CADDY / 2.0 / TDI 4M;Nemcija;DEU;osebni avtomobil;170;karavan;CADDY 
81;1576;6.5;1;VOLKSWAGEN;ACCFHFX11-N0J2AM6AM62Q032N1SB7MQ;CADDY / 2.0 / TDI 4M;Nemcija;DEU;osebni avtomobil;170;karavan;CADDY 
81;1351;6.5;0;VOLKSWAGEN;DLAAACX05-FD7FD7CW0094BI1AAAG;T-CROSS / 1.0 / TSI AUT.;Nemcija;DEU;osebni avtomobil;189;karavan;T-CROSS 
81;1349;6.5;0;VOLKSWAGEN;DLAAACX05-FD7FD7CW0094BI1AAMI;T-CROSS / 1.0 / TSI AUT.;Nemcija;DEU;osebni avtomobil;189;karavan;T-CROSS 
81;1236;6.6;0;CITROEN;SXHNPN/ABS;C3 / 1.2 / AUT.;Francija;FRA;osebni avtomobil;191;vozilo z dviûnimi vrati zadaj;C3 
81;1220;6.6;0;CITROEN;0PHNPX-C1F000;C4 CACTUS / 1.2 / AUT.;Francija;FRA;osebni avtomobil;193;vozilo z dviûnimi vrati zadaj;C4 CACTUS 
81;1201;6.6;0;CITROEN;SXHNPN/ACS;C3 / 1.2 / AUT.;Francija;FRA;osebni avtomobil;191;vozilo z dviûnimi vrati zadaj;C3 
81;1208;6.6;0;DS;SAHNPS/S;DS3 / 1.2 / AUT.;Francija;FRA;osebni avtomobil;194;vozilo z dviûnimi vrati zadaj;DS3 
81;1676;6.6;1;FORD;WGR-AVG;GALAXY / 1.9 / TDI;Nemcija;DEU;osebni avtomobil;173;vecnamensko vozilo;GALAXY 
81;1666;6.6;1;FORD;WGR-AFN1;GALAXY / 1.9 / TDI;Nemcija;DEU;osebni avtomobil;172;vecnamensko vozilo;GALAXY 
81;1251;6.6;0;HONDA;EP21-7;CIVIC / 1.6 /;Zdruûeno kraljestvo;GBR;osebni avtomobil;187;vozilo z dviûnimi vrati zadaj;CIVIC 
81;1251;6.6;0;HONDA;EP21-7;CIVIC / 1.6;Japonska ;JPN;osebni avtomobil;187;vozilo z dviûnimi vrati zadaj;CIVIC 
81;1248;6.6;0;HONDA;EU81-8;CIVIC / 1.6;Zdruûeno kraljestvo;GBR;osebni avtomobil;185;vozilo z dviûnimi vrati zadaj;CIVIC 
81;1240;6.6;0;HONDA;EU81-8;CIVIC / 1.6 /;Zdruûeno kraljestvo;GBR;osebni avtomobil;187;vozilo z dviûnimi vrati zadaj;CIVIC 
81;1225;6.6;0;HONDA;EP21-1;CIVIC / 1.6 /;Zdruûeno kraljestvo;GBR;osebni avtomobil;187;vozilo z dviûnimi vrati zadaj;CIVIC 
81;1222;6.6;0;HONDA;EP21-1;CIVIC / 1.6;Zdruûeno kraljestvo;GBR;osebni avtomobil;187;vozilo z dviûnimi vrati zadaj;CIVIC 
81;1195;6.6;0;HONDA;EU8-1-5;CIVIC / 1.6;Zdruûeno kraljestvo;GBR;osebni avtomobil;192;vozilo z dviûnimi vrati zadaj;CIVIC 
81;1180;6.6;0;HONDA;EP21-7;HONDA / CIVIC / 1.6 /;Zdruûeno kraljestvo;GBR;osebni avtomobil;187;vozilo z dviûnimi vrati zadaj;HONDA 
81;1178;6.6;0;HONDA;EU81-8;CIVIC / 1.6 /;Zdruûeno kraljestvo;GBR;osebni avtomobil;185;vozilo z dviûnimi vrati zadaj;CIVIC 
81;1167;6.6;0;HONDA;EU81-8;HONDA / CIVIC / 1.6 /;Zdruûeno kraljestvo;GBR;osebni avtomobil;185;vozilo z dviûnimi vrati zadaj;HONDA 
81;1165;6.6;0;HONDA;EU81-8;CIVIC / 1.6;Zdruûeno kraljestvo;GBR;osebni avtomobil;187;vozilo z dviûnimi vrati zadaj;CIVIC 
81;1150;6.6;0;HONDA;EP2-1-1;CIVIC / 1.6;Zdruûeno kraljestvo;GBR;osebni avtomobil;192;vozilo z dviûnimi vrati zadaj;CIVIC 
81;1265;6.6;0;NISSAN;Z12-A01;CUBE / 1.6 /;ävica;CHE;osebni avtomobil;175;vecnamensko vozilo;CUBE 
81;1218;6.6;0;NISSAN;E11-B03;NOTE / 1.6 /;Zdruûeno kraljestvo;GBR;osebni avtomobil;183;vecnamensko vozilo;NOTE 
81;1182;6.6;0;NISSAN;E11-B01;NOTE / 1.6 /;Zdruûeno kraljestvo;GBR;osebni avtomobil;183;vecnamensko vozilo;NOTE 
81;1092;6.6;0;NISSAN;K12-J01;MICRA / 1.6 /;Zdruûeno kraljestvo;GBR;osebni avtomobil;183;vozilo z dviûnimi vrati zadaj;MICRA 
81;1225;6.6;0;PEUGEOT;CCHNPN/S;208 / 1.2 / AUT.;Francija;FRA;osebni avtomobil;188;vozilo z dviûnimi vrati zadaj;208
81;1765;6.6;1;SEAT;7MS-SEAFNX01;ALHAMBRA / 1.9 / TDI;äpanija;ESP;osebni avtomobil;172;vecnamensko vozilo;ALHAMBRA 
81;1709;6.6;1;SEAT;7MS-AFN;ALHAMBRA / 1.9 / TDI;äpanija;ESP;osebni avtomobil;172;vecnamensko vozilo;ALHAMBRA 
81;1654;6.6;1;SEAT;7MSSEAFNX01;ALHAMBRA / 1.9 / TDI;äpanija;ESP;osebni avtomobil;172;limuzina;ALHAMBRA 
81;1420;6.6;1;äKODA;ACCFHAX0-NFM5FM5A4047;YETI / 2.0 / TDI;Ceöka republika;CZE;osebni avtomobil;177;karavan;YETI 
81;1365;6.6;1;VOLKSWAGEN;3B SEAFNX01;PASSAT / VAR. 1.9 / TDI;Nemcija;DEU;osebni avtomobil;190;karavan;PASSAT 
81;1353;6.6;0;VOLKSWAGEN;DLAAACX05-FD7FD7CW0094BI1BAAG;T-CROSS / 1.0 / TSI AUT.;Nemcija;DEU;osebni avtomobil;189;karavan;T-CROSS 
81;1233;6.7;0;CITROEN;SXHNPN/ABS;C3 / 1.2 / AUT.;Francija;FRA;osebni avtomobil;191;vozilo z dviûnimi vrati zadaj;C3 
81;1202;6.7;0;CITROEN;SXHNPN/ACS;C3 / 1.2 / AUT.;Francija;FRA;osebni avtomobil;191;vozilo z dviûnimi vrati zadaj;C3 
81;1227;6.7;0;HONDA;EP21-8;CIVIC / 1.6 /;Zdruûeno kraljestvo;GBR;osebni avtomobil;187;vozilo z dviûnimi vrati zadaj;CIVIC 
81;1225;6.7;0;NISSAN;K12-M01;MICRA / CC / 1.6;Zdruûeno kraljestvo;GBR;osebni avtomobil;190;kabriolet;MICRA 
81;1265;6.7;0;RENAULT;LZB105;FLUENCE / 1.6 / 16V;Francija;FRA;osebni avtomobil;185;limuzina;FLUENCE 
81;1415;6.7;1;VOLKSWAGEN;3B;PASSAT / VAR. 1.9 / TDI;Nemcija;DEU;osebni avtomobil;190;karavan;PASSAT 
81;1538;6.8;0;CITROEN;ERHNP2-A12100;BERLINGO / 1.2 / L1;Francija;FRA;osebni avtomobil;174;vecnamensko vozilo;BERLINGO 
81;1170;6.8;0;HONDA;EP21-7;CIVIC / 1.6 /;Zdruûeno kraljestvo;GBR;osebni avtomobil;192;vozilo z dviûnimi vrati zadaj;CIVIC 
81;1150;6.8;0;HONDA;EP2-1-1;CIVIC / 1.6;Zdruûeno kraljestvo;GBR;osebni avtomobil;192;kupe;CIVIC 
81;1206;6.8;0;NISSAN;E11-B02;NOTE / 1.6 / AUT.;Zdruûeno kraljestvo;GBR;osebni avtomobil;174;vecnamensko vozilo;NOTE 
81;1278;6.8;0;OPEL;EA025CB12-BA1VAEPAZ25;CROSSLAND X / 1.2 / TURBO AUT.;Nemcija;DEU;osebni avtomobil;187;vecnamensko vozilo;CROSSLAND X 
81;1303;6.8;0;PEUGEOT;CUHNPN/S;2008 / 1.2 / AUT.;Francija;FRA;osebni avtomobil;187;karavan;2008
81;1678;6.9;0;CITROEN;ERHNP2-C12100;BERLINGO / 1.2 / L2;Francija;FRA;osebni avtomobil;174;vozilo z dostopom za invalidski vozicek;BERLINGO 
81;1585;6.9;0;CITROEN;ERHNP2-B12100;BERLINGO / 1.2 / L1;Francija;FRA;osebni avtomobil;174;vecnamensko vozilo;BERLINGO 
81;1570;6.9;0;CITROEN;ERHNP2-A12100;BERLINGO / 1.2 / L1;Francija;FRA;osebni avtomobil;174;vecnamensko vozilo;BERLINGO 
81;1568;6.9;0;CITROEN;ERHNP2-C12100;BERLINGO / 1.2 / L2;Francija;FRA;osebni avtomobil;174;vecnamensko vozilo;BERLINGO 
81;1558;6.9;0;CITROEN;ERHNP2-A1K100;BERLINGO / 1.2 / L1;Francija;FRA;osebni avtomobil;174;vecnamensko vozilo;BERLINGO 
81;1278;6.9;0;NISSAN;C11-D01;TIIDA / 1.6 / 16V;Mehika;MEX;osebni avtomobil;186;vozilo z dviûnimi vrati zadaj;TIIDA 
81;1278;6.9;0;NISSAN;C11-D01;TIIDA / 1.6 / 16V;Mehika;MEX;osebni avtomobil;186;vecnamensko vozilo;TIIDA 
81;1268;6.9;0;NISSAN;C11-A01;TIIDA / 1.6 / 16V;Mehika;MEX;osebni avtomobil;186;limuzina;TIIDA 
81;1441;6.9;0;OPEL;ERHNP2-A12100;COMBO LIFE / 1.2 / TURBO;Nemcija;DEU;osebni avtomobil;174;vecnamensko vozilo;COMBO LIFE 
81;1431;6.9;0;OPEL;ERHNPJ-A1F000;COMBO LIFE / 1.2 / TURBO;Nemcija;DEU;osebni avtomobil;175;vecnamensko vozilo;COMBO LIFE 
81;1278;6.9;0;OPEL;EA025CB12-BA1VAEPAZ25;CROSSLAND X / 1.2 / TURBO AUT.;Nemcija;DEU;osebni avtomobil;187;vecnamensko vozilo;CROSSLAND X 
81;1303;6.9;0;PEUGEOT;CUHNPN/2S;2008 / 1.2 / AUT.;Francija;FRA;osebni avtomobil;187;karavan;2008
81;1350;6.9;0;RENAULT;KZ0V06;MEGANE / GRANDTOUR 1.6 / 16V;Francija;FRA;osebni avtomobil;195;karavan;MEGANE 
81;1342;6.9;0;RENAULT;KZ1U02;MEGANE / GRANDTOUR 1.6 / 16V;Francija;FRA;osebni avtomobil;190;karavan;MEGANE 
81;1290;6.9;0;RENAULT;BZ0V06;MEGANE / 1.6 / 16V;Francija;FRA;osebni avtomobil;195;vozilo z dviûnimi vrati zadaj;MEGANE 
81;1290;6.9;0;RENAULT;BZ1U02;MEGANE / 1.6 / 16V;Francija;FRA;osebni avtomobil;190;vozilo z dviûnimi vrati zadaj;MEGANE 
81;1280;6.9;0;RENAULT;DZ0V06;MEGANE / COUPE 1.6 / 16V;Francija;FRA;osebni avtomobil;195;kupe;MEGANE 
81;1280;6.9;0;RENAULT;DZ1U02;MEGANE / COUPE 1.6 / 16V;Francija;FRA;osebni avtomobil;190;kupe;MEGANE 
81;1578;6.9;0;TOYOTA;ERHNP2-A12100(1B);PROACE City Verso / 1.2 /;äpanija;ESP;osebni avtomobil;174;vecnamensko vozilo;PROACE City Verso 
81;2010;7.1;1;CITROEN;YASMRA/GY9;JUMPER / KOMBI 30 2.2 / HDi L1H1;Francija;FRA;osebni avtomobil;145;vecnamensko vozilo;JUMPER 
81;1594;7.1;0;CITROEN;ERHNPJ-A1F000;BERLINGO / 1.2 / L1;Francija;FRA;osebni avtomobil;175;vecnamensko vozilo;BERLINGO 
81;1591;7.1;0;CITROEN;ERHNPJ-C1F000;BERLINGO / 1.2 / L2;Francija;FRA;osebni avtomobil;175;vecnamensko vozilo;BERLINGO 
81;1562;7.1;0;CITROEN;ERHNPJ-A1F000;BERLINGO / 1.2 / L1;Francija;FRA;osebni avtomobil;175;vozilo z dostopom za invalidski vozicek;BERLINGO 
81;1338;7.1;0;CITROEN;2RHNPX-R1B000;C3 AIRCROSS / 1.2 / AUT.;Francija;FRA;osebni avtomobil;183;vecnamensko vozilo;C3 AIRCROSS 
81;1441;7.1;0;OPEL;ERHNP2-A1K100;COMBO LIFE / 1.2 / TURBO;Nemcija;DEU;osebni avtomobil;174;vecnamensko vozilo;COMBO LIFE 
81;1431;7.1;0;OPEL;ERHNPJ-A1F000;COMBO LIFE / 1.2 / TURBO;Nemcija;DEU;osebni avtomobil;175;vecnamensko vozilo;COMBO LIFE 
81;1588;7.1;0;PEUGEOT;ERHNP2-A1K110;RIFTER / 1.2 / L1;Francija;FRA;osebni avtomobil;174;vecnamensko vozilo;RIFTER 
81;1556;7.1;0;PEUGEOT;ERHNPJ-A1F010;RIFTER / 1.2 / L1;Francija;FRA;osebni avtomobil;175;vecnamensko vozilo;RIFTER 
81;1350;7.1;0;RENAULT;KZ1U06;MEGANE / GRANDTOUR 1.6 / 16V;Francija;FRA;osebni avtomobil;190;karavan;MEGANE 
81;1290;7.1;0;RENAULT;BZ1U06;MEGANE / 1.6 / 16V;Francija;FRA;osebni avtomobil;190;vozilo z dviûnimi vrati zadaj;MEGANE 
81;1280;7.1;0;RENAULT;DZ1U06;MEGANE / COUPE 1.6 / 16V;Francija;FRA;osebni avtomobil;190;kupe;MEGANE 
81;1648;7.2;0;CITROEN;ERHNPJ-D1F000;BERLINGO / 1.2 / L2;Francija;FRA;osebni avtomobil;175;vecnamensko vozilo;BERLINGO 
81;1596;7.2;0;CITROEN;ERHNPJ-A1F000;BERLINGO / 1.2 / L1;Francija;FRA;osebni avtomobil;175;vecnamensko vozilo;BERLINGO 
81;1431;7.2;0;OPEL;ERHNPJ-D1F000;COMBO LIFE / 1.2 / TURBO;Nemcija;DEU;osebni avtomobil;175;vecnamensko vozilo;COMBO LIFE 
81;1601;7.2;0;PEUGEOT;ERHNPJ-A1F010;RIFTER / 1.2 / L1;Francija;FRA;osebni avtomobil;175;vecnamensko vozilo;RIFTER 
81;1595;7.2;0;PEUGEOT;ERHNPJ-C1F010;RIFTER / 1.2 / L2;Francija;FRA;osebni avtomobil;175;vecnamensko vozilo;RIFTER 
81;1395;7.2;0;RENAULT;JZ1Y02;SCENIC / 1.6 / 16V;Francija;FRA;osebni avtomobil;190;vozilo z dviûnimi vrati zadaj;SCENIC 
81;1355;7.2;0;TOYOTA;ZZT250L-AEMNKW(1H);AVENSIS / 1.6 /;Zdruûeno kraljestvo;GBR;osebni avtomobil;195;limuzina;AVENSIS 
81;1320;7.2;0;TOYOTA;ZZT250L-AEMNKW(1D);AVENSIS / 1.6 /;Zdruûeno kraljestvo;GBR;osebni avtomobil;195;limuzina;AVENSIS 
81;1320;7.2;0;TOYOTA;ZZE121L-DWMNKW(1G);COROLLA / COMBI 1.6;Turcija;TUR;osebni avtomobil;190;karavan;COROLLA 
81;1270;7.2;0;TOYOTA;ZZT250L-AEMNKW(1D);AVENSIS / 1.6;Zdruûeno kraljestvo;GBR;osebni avtomobil;195;limuzina;AVENSIS 
81;1270;7.2;0;TOYOTA;ZZE121L-DWMNKW(1G);COROLLA / COMBI 1.6 /;Turcija;TUR;osebni avtomobil;190;karavan;COROLLA 
81;1195;7.2;0;TOYOTA;ZZE121L-DWMNKW(1G);COROLLA / 1.6;Japonska ;JPN;osebni avtomobil;190;karavan;COROLLA 
81;1190;7.2;0;TOYOTA;ZZE121L-DWMNKW(1E);COROLLA / COMBI 1.6;Turcija;TUR;osebni avtomobil;190;karavan;COROLLA 
81;1180;7.2;0;TOYOTA;ZZE121L-DWMDKW(1G);COROLLA / COMBI 1.6;Turcija;TUR;osebni avtomobil;190;karavan;COROLLA 
81;1175;7.2;0;TOYOTA;ZZE121L-DWMDKW(1B);COROLLA / COMBI 1.6 /;Turcija;TUR;osebni avtomobil;190;karavan;COROLLA 
81;1105;7.2;0;TOYOTA;ZZE112L-DLMDKW(1C);COROLLA / 1.6 /;Japonska ;JPN;osebni avtomobil;195;vozilo z dviûnimi vrati zadaj;COROLLA 
81;1658;7.3;0;CITROEN;ERHNPJ-D1F000;BERLINGO / 1.2 / L2;Francija;FRA;osebni avtomobil;175;vecnamensko vozilo;BERLINGO 
81;1606;7.3;0;CITROEN;ERHNPJ-C1B000;BERLINGO / 1.2 / L2;Francija;FRA;osebni avtomobil;175;vecnamensko vozilo;BERLINGO 
81;1678;7.3;0;PEUGEOT;ERHNP2-D1K110;RIFTER / 1.2 / L2;Francija;FRA;osebni avtomobil;174;vecnamensko vozilo;RIFTER 
81;1625;7.3;0;PEUGEOT;ERHNPJ-A1F010;RIFTER / 1.2 / L1;Francija;FRA;osebni avtomobil;175;vecnamensko vozilo;RIFTER 
81;1395;7.3;0;RENAULT;JZ1Y06;GRAND SCENIC / 1.6 / 16V;Francija;FRA;osebni avtomobil;190;vozilo z dviûnimi vrati zadaj;GRAND SCENIC 
81;1200;7.3;0;TOYOTA;ZZE121L-FWMNKW(1C);COROLLA VERSO / 1.6 /;Japonska ;JPN;osebni avtomobil;180;karavan;COROLLA VERSO 
81;1653;7.4;0;CITROEN;ERHNPJ-D1B000;BERLINGO / 1.2 / L2;Francija;FRA;osebni avtomobil;175;vecnamensko vozilo;BERLINGO 
81;1289;7.4;0;NISSAN;C11-A02;TIIDA / 1.6 / 16V AUT.;Mehika;MEX;osebni avtomobil;170;limuzina;TIIDA 
81;1264;7.4;0;NISSAN;K12-M02;MICRA / CC / 1.6 AUT.;Zdruûeno kraljestvo;GBR;osebni avtomobil;178;kabriolet;MICRA 
81;1612;7.4;0;PEUGEOT;ERHNPJ-A1B010;RIFTER / 1.2 / L1;Francija;FRA;osebni avtomobil;175;vecnamensko vozilo;RIFTER 
81;1434;7.4;0;RENAULT;JZ1UJ2;SCENIC / 1.6 / 16V;Francija;FRA;osebni avtomobil;185;vozilo z dviûnimi vrati zadaj;SCENIC 
81;1395;7.4;0;RENAULT;JZM402;SCENIC / 1.6 / 16V;Francija;FRA;osebni avtomobil;190;vozilo z dviûnimi vrati zadaj;SCENIC 
81;1275;7.4;0;TOYOTA;ZZT220L-AWMNKW(2H);AVENSIS / COMBI 1.6 /;Zdruûeno kraljestvo;GBR;osebni avtomobil;190;karavan;AVENSIS 
81;1270;7.4;0;TOYOTA;AT221L-ALMEKW;AVENSIS / 1.8 /;Zdruûeno kraljestvo;GBR;osebni avtomobil;195;limuzina;AVENSIS 
81;1409;7.5;0;NISSAN;M20-M01;NV200 / 1.6 / 16V;äpanija;ESP;osebni avtomobil;165;vecnamensko vozilo;NV200 
81;1150;7.5;0;PEUGEOT;CCHNPS/S;208 / 1.2 /;Francija;FRA;osebni avtomobil;188;vozilo z dviûnimi vrati zadaj;208
81;1519;7.5;0;RENAULT;JZ0VB6;MEGANE SCENIC / 1.6 /;Francija;FRA;osebni avtomobil;185;vecnamensko vozilo;MEGANE SCENIC 
81;1519;7.5;0;RENAULT;JZ0VB6;GRAND SCENIC / 1.6 / 16V;Francija;FRA;osebni avtomobil;185;vecnamensko vozilo;GRAND SCENIC 
81;1482;7.5;0;RENAULT;JZ0VA6;GRAND SCENIC / 1.6 / 16V;Francija;FRA;osebni avtomobil;185;vozilo z dviûnimi vrati zadaj;GRAND SCENIC 
81;1395;7.5;0;RENAULT;JZ0V06;SCENIC / 1.6 / 16V;Francija;FRA;osebni avtomobil;185;vozilo z dviûnimi vrati zadaj;SCENIC 
81;1465;7.5;0;TOYOTA;ZNR10L-GWMDKW(1B);COROLLA / VERSO 1.6;Turcija;TUR;osebni avtomobil;175;karavan;COROLLA 
81;1465;7.5;0;TOYOTA;ZNR10L-GWMDKW(1B);COROLLA VERSO / 1.6 /;Turcija;TUR;osebni avtomobil;175;karavan;COROLLA VERSO 
81;1420;7.5;0;TOYOTA;ZNR10L-GWMDKW(1D);COROLLA VERSO / 1.6 /;Turcija;TUR;osebni avtomobil;175;karavan;COROLLA VERSO 
81;1420;7.5;0;TOYOTA;ZNR10L-GWMDKW(1D);COROLLA / VERSO 1.6;Turcija;TUR;osebni avtomobil;175;karavan;COROLLA 
81;1505;7.6;0;RENAULT;EZ1U06;MEGANE / CABRIOLET 1.6 / 16V;Francija;FRA;osebni avtomobil;190;kabriolet;MEGANE 
81;1430;7.6;0;RENAULT;BT0D06;LAGUNA / 1.6 / 16V;Francija;FRA;osebni avtomobil;192;vozilo z dviûnimi vrati zadaj;LAGUNA 
81;1340;7.6;1;VOLKSWAGEN;3B;PASSAT / 1.6;Nemcija;DEU;osebni avtomobil;185;limuzina;PASSAT 
81;1519;7.7;0;RENAULT;JZ1UB6;GRAND SCENIC / 1.6 / 16V;Francija;FRA;osebni avtomobil;185;vecnamensko vozilo;GRAND SCENIC 
81;1487;7.7;0;RENAULT;JZ1UA2;GRAND SCENIC / 1.6 / 16V;Francija;FRA;osebni avtomobil;185;vozilo z dviûnimi vrati zadaj;GRAND SCENIC 
81;1482;7.7;0;RENAULT;JZ1UA6;GRAND SCENIC / 1.6 / 16V;Francija;FRA;osebni avtomobil;185;vozilo z dviûnimi vrati zadaj;GRAND SCENIC 
81;1563;7.8;0;CITROEN;ERHNP2-A1K100;BERLINGO / 1.2 / L1;Francija;FRA;osebni avtomobil;174;vecnamensko vozilo;BERLINGO 
81;1135;7.8;0;MAZDA;NB1862;MX-5 / 1.6 / I;Japonska ;JPN;osebni avtomobil;191;kabriolet;MX-5 
81;1482;7.8;0;RENAULT;JZ03A6;GRAND SCENIC / 1.6 / 16V;Francija;FRA;osebni avtomobil;185;vozilo z dviûnimi vrati zadaj;GRAND SCENIC 
81;1300;7.8;0;TOYOTA;AT220L-ALMNKW;AVENSIS / 1.6 /;Zdruûeno kraljestvo;GBR;osebni avtomobil;195;vozilo z dviûnimi vrati zadaj;AVENSIS 
81;1195;7.8;0;TOYOTA;AE111L-AGMNKW;COROLLA / 1.6 /;Japonska ;JPN;osebni avtomobil;195;vozilo z dviûnimi vrati zadaj;COROLLA 
81;1817;7.9;1;FORD;FDF6QVFA1B-B9AAA;TRANSIT / 2.2 / TDI;Nemcija;DEU;osebni avtomobil;152;vecnamensko vozilo;TRANSIT 
81;1711;7.9;1;FORD;FDE6-QVFA;TRANSIT / 300 S 2.2 / TDI;Nemcija;DEU;osebni avtomobil;157;vecnamensko vozilo;TRANSIT 
81;1330;7.9;0;TOYOTA;ZZE121L-AHPNKW(1E);COROLLA / 1.6;Japonska ;JPN;osebni avtomobil;175;vozilo z dviûnimi vrati zadaj;COROLLA 
81;1285;7.9;0;TOYOTA;ZZE121L-DHPNKW(1G);COROLLA / 1.6 / AUT.;Zdruûeno kraljestvo;GBR;osebni avtomobil;175;vozilo z dviûnimi vrati zadaj;COROLLA 
81;1355;7.9;1;VOLKSWAGEN;SCAGUX01-SGFM52J013M2;GOLF / 1.8 / T;Nemcija;DEU;osebni avtomobil;216;vozilo z dviûnimi vrati zadaj;GOLF 
81;1110;8.1;0;MAZDA;NB1862;MAZDA MX-5 / 1.6 / i;Japonska ;JPN;osebni avtomobil;191;kabriolet;MAZDA MX-5 
81;1110;8.1;0;MAZDA;NB1862;MX-5 / 1.6 / i;Japonska ;JPN;osebni avtomobil;191;kabriolet;MX-5 
81;1090;8.1;0;MAZDA;NB1862;MX-5 / 1.6;Japonska ;JPN;osebni avtomobil;191;kabriolet;MX-5 
81;1090;8.1;0;MAZDA;NB;MX5 / 1.6;Japonska ;JPN;osebni avtomobil;191;kabriolet;MX5 
81;1239;8.2;0;CITROEN;X1LFYB;XANTIA / 1.8 / I;Francija;FRA;osebni avtomobil;194;vozilo z dviûnimi vrati zadaj;XANTIA 
81;1374;8.5;0;FORD;B4Y;MONDEO / 1.8 / I;Nemcija;DEU;osebni avtomobil;193;limuzina;MONDEO 
81;1309;8.7;0;CITROEN;X16C00;XANTIA / 1.8 / I 16V;Francija;FRA;osebni avtomobil;194;vozilo z dviûnimi vrati zadaj;XANTIA 
81;1300;9.5;0;TOYOTA;AE115L-AWMDKW;COROLLA / SW 1.8 / 4WD;Japonska ;JPN;osebni avtomobil;180;karavan;COROLLA 
82;1618;10.2;1;LAND ROVER;LNAE-068;FREELANDER / 2.0 / Td4;Zdruûeno kraljestvo;GBR;osebni avtomobil;130;karavan;FREELANDER 
82;1280;3.7;1;PEUGEOT;4C9HR8/2PS;308 / 1.6 / HDI AUT.;Francija;FRA;osebni avtomobil;190;vecnamensko vozilo;308
82;1280;3.8;1;CITROEN;NC9HR8/2PS;C4 / 1.6 / HDI AUT.;Francija;FRA;osebni avtomobil;190;vozilo z dviûnimi vrati zadaj;C4 
82;1165;3.8;1;CITROEN;SC9HR8/S;C3 / 1.6 / HDi;Francija;FRA;osebni avtomobil;190;vozilo z dviûnimi vrati zadaj;C3 
82;1165;3.8;1;MINI;SW31-5J;COOPER D / /;Nemcija;DEU;osebni avtomobil;197;vozilo z dviûnimi vrati zadaj;COOPER D 
82;1280;3.8;1;PEUGEOT;4C9HR8/2PS;308 / 1.6 / HDI AUT.;Francija;FRA;osebni avtomobil;190;vecnamensko vozilo;308
82;1165;3.8;1;PEUGEOT;CC9HD8/S;208 / 1.6 / HDI 16V;Francija;FRA;osebni avtomobil;190;vozilo z dviûnimi vrati zadaj;208
82;1150;3.8;1;PEUGEOT;CA9HD8/S;208 / 1.6 / HDI 16V;Francija;FRA;osebni avtomobil;190;vozilo z dviûnimi vrati zadaj;208
82;1395;4.1;1;TOYOTA;E15UT(a)/WWE185(W)/WWE185L-DWFNXW(4V);AURIS / 1.6 / D TS;Zdruûeno kraljestvo;GBR;osebni avtomobil;195;karavan;AURIS 
82;1440;4.2;1;CITROEN;NC9HR8/1PS;C4 / 1.6 / HDI AUT.;Francija;FRA;osebni avtomobil;190;vozilo z dviûnimi vrati zadaj;C4 
82;1365;4.2;1;CITROEN;NC9HR8/2PS;C4 / 1.6 / HDI AUT.;Francija;FRA;osebni avtomobil;190;vozilo z dviûnimi vrati zadaj;C4 
82;1355;4.2;1;CITROEN;NC9HR8/2S;C4 / 1.6 / HDI;Francija;FRA;osebni avtomobil;190;vozilo z dviûnimi vrati zadaj;C4 
82;1385;4.2;1;MINI;ZD31-6H1500C0;COOPER D COUNTRYMAN / /;Nemcija;DEU;osebni avtomobil;186;karavan;COOPER D COUNTRYMAN 
82;1485;4.2;1;PEUGEOT;8D9HR8/PS;508 / 1.6 / HDI AUT.;Francija;FRA;osebni avtomobil;197;limuzina;508
82;1393;4.2;1;PEUGEOT;4C9HR8/2S;308 / 1.6 / HDI;Francija;FRA;osebni avtomobil;190;vecnamensko vozilo;308
82;1603;4.2;1;TOYOTA;T27/WWT270(W)/WWT270L-AWFEYW(3J);AVENSIS / 1.6 / D WAGON;Zdruûeno kraljestvo;GBR;osebni avtomobil;185;vecnamensko vozilo;AVENSIS 
82;1598;4.2;1;TOYOTA;T27/WWT270(W)/WWT270L-AWFNYW(2J);AVENSIS / 1.6 / D WAGON;Zdruûeno kraljestvo;GBR;osebni avtomobil;185;vecnamensko vozilo;AVENSIS 
82;1573;4.2;1;TOYOTA;T27/WWT270(E)/WWT270L-AEFEYW(3J);AVENSIS / 1.6 / D;Zdruûeno kraljestvo;GBR;osebni avtomobil;185;limuzina;AVENSIS 
82;1565;4.2;1;TOYOTA;T27/WWT270(E)/WWT270L-AEFEYW(2J);AVENSIS / 1.6 / D;Zdruûeno kraljestvo;GBR;osebni avtomobil;185;limuzina;AVENSIS 
82;1565;4.2;1;TOYOTA;T27/WWT270(W)/WWT270L-AWFEYW(2J);AVENSIS / 1.6 / D WAGON;Zdruûeno kraljestvo;GBR;osebni avtomobil;185;vecnamensko vozilo;AVENSIS 
82;1525;4.2;1;TOYOTA;E15UT(a)/WWE185(W)/WWE185L-DWFNXW(2V);AURIS / 1.6 / D TS;Zdruûeno kraljestvo;GBR;osebni avtomobil;195;karavan;AURIS 
82;1480;4.2;1;TOYOTA;E15UT(a)/WWE185(H)/WWE185L-DHFNXW(2W);AURIS / 1.6 / D;Zdruûeno kraljestvo;GBR;osebni avtomobil;195;vozilo z dviûnimi vrati zadaj;AURIS 
82;1395;4.2;1;TOYOTA;E15UT(a)/WWE185(W)/WWE185L-DWFNXW(2W);AURIS / 1.6 / D TS;Zdruûeno kraljestvo;GBR;osebni avtomobil;195;karavan;AURIS 
82;1370;4.2;1;TOYOTA;E15UT(a)/WWE185(H)/WWE185L-DHFNXW(2V);AURIS / 1.6 / D;Zdruûeno kraljestvo;GBR;osebni avtomobil;195;vozilo z dviûnimi vrati zadaj;AURIS 
82;1355;4.3;1;CITROEN;NC9HR8/1S;C4 / 1.6 / HDI;Francija;FRA;osebni avtomobil;190;vozilo z dviûnimi vrati zadaj;C4 
82;1505;4.3;1;PEUGEOT;8E9HR8/PS;508 / BREAK 1.6 / HDI AUT.;Francija;FRA;osebni avtomobil;194;karavan;508
82;1395;4.3;1;PEUGEOT;4C9HR8/PS;308 / 1.6 / HDI AUT.;Francija;FRA;osebni avtomobil;190;vecnamensko vozilo;308
82;950;4.3;0;SUZUKI;AZC23S-MT2;SWIFT / 1.0 /;Japonska ;JPN;osebni avtomobil;195;vozilo z dviûnimi vrati zadaj;SWIFT 
82;1525;4.3;1;TOYOTA;E15UT(a)/WWE185(W)/WWE185L-DWFNXW(1V);AURIS / 1.6 / D TS;Zdruûeno kraljestvo;GBR;osebni avtomobil;195;karavan;AURIS 
82;1480;4.3;1;TOYOTA;E15UT(a)/WWE185(H)/WWE185L-DHFGXW(1U);AURIS / 1.6 / D;Zdruûeno kraljestvo;GBR;osebni avtomobil;195;vozilo z dviûnimi vrati zadaj;AURIS 
82;1495;4.4;1;CITROEN;KF9HR8/PS;DS5 / 1.6 / HDI AUT.;Francija;FRA;osebni avtomobil;191;vecnamensko vozilo;DS5 
82;1375;4.4;1;CITROEN;NX9HR8/PS;DS4 / 1.6 / HDI AUT.;Francija;FRA;osebni avtomobil;190;vozilo z dviûnimi vrati zadaj;DS4 
82;1385;4.4;1;MINI;ZD31-5H25C;COOPER D COUNTRYMAN / /;Nemcija;DEU;osebni avtomobil;185;karavan;COOPER D COUNTRYMAN 
82;1688;4.4;1;PEUGEOT;0A9HR8/1PS;5008 / 1.6 / HDI AUT.;Francija;FRA;osebni avtomobil;183;vecnamensko vozilo;5008
82;1485;4.4;1;PEUGEOT;8D9HR8/PS;508 / 1.6 / HDI AUT.;Francija;FRA;osebni avtomobil;197;limuzina;508
82;1482;4.4;1;PEUGEOT;4E9HR8/1S;308 / BREAK 1.6 / HDI;Francija;FRA;osebni avtomobil;185;vecnamensko vozilo;308
82;1393;4.4;1;PEUGEOT;4C9HR8/1S;308 / 1.6 / HDI;Francija;FRA;osebni avtomobil;193;vecnamensko vozilo;308
82;980;4.4;0;SUZUKI;EWB42S-MT;BALENO / 1.0 /;Indija;IND;osebni avtomobil;200;vozilo z dviûnimi vrati zadaj;BALENO 
82;1615;4.5;1;CITROEN;RW9HR8/PS;C5 III / TOURER 1.6 / Hdi AUT.;Francija;FRA;osebni avtomobil;190;karavan;C5 III 
82;1600;4.5;1;CITROEN;RD9HR8/PS;C5 III / 1.6 / Hdi AUT.;Francija;FRA;osebni avtomobil;190;limuzina;C5 III 
82;1370;4.5;1;CITROEN;NX9HR8/S;DS4 / 1.6 / HDI;Francija;FRA;osebni avtomobil;190;vozilo z dviûnimi vrati zadaj;DS4 
82;1355;4.5;1;CITROEN;NC9HR8/S;C4 / 1.6 / HDI;Francija;FRA;osebni avtomobil;190;vozilo z dviûnimi vrati zadaj;C4 
82;1505;4.5;1;PEUGEOT;8E9HR8/PS;508 / BREAK 1.6 / HDI AUT.;Francija;FRA;osebni avtomobil;194;karavan;508
82;1498;4.5;1;PEUGEOT;0U9HR8/1PS;3008 / 1.6 / HDI AUT.;Francija;FRA;osebni avtomobil;183;vecnamensko vozilo;3008
82;1482;4.5;1;PEUGEOT;4E9HR8/1S;308 / BREAK 1.6 / HDI;Francija;FRA;osebni avtomobil;185;vecnamensko vozilo;308
82;1393;4.5;1;PEUGEOT;4C9HR8/S;308 / 1.6 / HDI;Francija;FRA;osebni avtomobil;193;vecnamensko vozilo;308
82;1695;4.5;1;TOYOTA;AR2/WAR20(WC)/WAR20L-GWFEYW(1M);VERSO / 1.6 / D 5S;Turcija;TUR;osebni avtomobil;180;karavan;VERSO 
82;1665;4.5;1;TOYOTA;WAR20L-GWFEYW(1J);VERSO / 1.6 / D;Turcija;TUR;osebni avtomobil;180;karavan;VERSO 
82;1665;4.5;1;TOYOTA;AR2/WAR20(WF)/WAR20L-GWFEYW(1L);VERSO / 1.6 / D 7S;Turcija;TUR;osebni avtomobil;180;vecnamensko vozilo;VERSO 
82;1635;4.5;1;TOYOTA;AR2/WAR20(WC)/WAR20L-GWFEYW(2M);VERSO / 1.6 / D 5S;Turcija;TUR;osebni avtomobil;180;karavan;VERSO 
82;1595;4.5;1;TOYOTA;AR2/WAR20(WC)/WAR20L-GWFDYW(1M);VERSO / 1.6 / D 5S;Turcija;TUR;osebni avtomobil;180;karavan;VERSO 
82;1615;4.6;1;CITROEN;RW9HR8/PS;C5 III / TOURER 1.6 / Hdi AUT.;Francija;FRA;osebni avtomobil;190;karavan;C5 III 
82;1615;4.6;1;CITROEN;RW9HR8/PS;C5 III / TOURER 1.6 / Hdi AUT.;Francija;FRA;osebni avtomobil;190;vozilo za posebne namene;C5 III 
82;1600;4.6;1;CITROEN;RD9HR8/PS;C5 III / 1.6 / Hdi AUT.;Francija;FRA;osebni avtomobil;190;limuzina;C5 III 
82;1595;4.6;1;CITROEN;UA9HR8/2PS;C4 PICASSO / 1.6 / HDI AUT.;Francija;FRA;osebni avtomobil;181;vecnamensko vozilo;C4 PICASSO 
82;1505;4.6;1;CITROEN;UD9HR8/2PS;C4 PICASSO / 1.6 / HDI AUT.;Francija;FRA;osebni avtomobil;181;karavan;C4 PICASSO 
82;1350;4.6;1;CITROEN;NC9HR8/1;C4 / 1.6 / HDI;Francija;FRA;osebni avtomobil;190;vozilo z dviûnimi vrati zadaj;C4 
82;1505;4.6;1;PEUGEOT;0A9HR8/1PS;5008 / 1.6 / HDI AUT.;Francija;FRA;osebni avtomobil;183;vecnamensko vozilo;5008
82;1500;4.6;1;PEUGEOT;8E9HL0;508 / BREAK 1.6 / HDI;Francija;FRA;osebni avtomobil;188;karavan;508
82;1480;4.6;1;PEUGEOT;8D9HL0;508 / 1.6 / HDI;Francija;FRA;osebni avtomobil;190;limuzina;508
82;1393;4.6;1;PEUGEOT;4C9HR8/1;308 / 1.6 / HDI;Francija;FRA;osebni avtomobil;192;vecnamensko vozilo;308
82;940;4.6;0;SUZUKI;AZC13S-MT;SWIFT / 1.0 /;Japonska ;JPN;osebni avtomobil;195;vozilo z dviûnimi vrati zadaj;SWIFT 
82;1365;4.7;1;CITROEN;NX9HR8;DS4 / 1.6 / HDI;Francija;FRA;osebni avtomobil;190;vozilo z dviûnimi vrati zadaj;DS4 
82;1350;4.7;1;CITROEN;NC9HR8;C4 / 1.6 / HDI;Francija;FRA;osebni avtomobil;190;vozilo z dviûnimi vrati zadaj;C4 
82;1465;4.7;1;MINI;ZD51-6H1500C0;COOPER D COUNTRYMAN / / ALL4.;Nemcija;DEU;osebni avtomobil;181;karavan;COOPER D COUNTRYMAN 
82;1626;4.7;1;PEUGEOT;0U9HR8/1PS;3008 / 1.6 / HDI AUT.;Francija;FRA;osebni avtomobil;183;vecnamensko vozilo;3008
82;1563;4.7;1;PEUGEOT;4H9HR8/1PS;308 / MONOSPACE 1.6 / HDI AUT.;Francija;FRA;osebni avtomobil;185;vecnamensko vozilo;308
82;1560;4.7;1;PEUGEOT;4H9HR8/1S;308 / MONOSPACE 1.6 / HDI;Francija;FRA;osebni avtomobil;185;vecnamensko vozilo;308
82;1480;4.7;1;PEUGEOT;8D9HL0;508 / 1.6 / HDI;Francija;FRA;osebni avtomobil;190;limuzina;508
82;1480;4.7;1;PEUGEOT;8D9HL0;508 / 1.6 / HDI;Francija;FRA;osebni avtomobil;182;limuzina;508
82;1393;4.7;1;PEUGEOT;WU9HR8;207 / BREAK 1.6 / HDI;Francija;FRA;osebni avtomobil;188;karavan;207
82;1595;4.7;1;TOYOTA;AR2/WAR20(WF)/WAR20L-GWFEYW(1K);VERSO / 1.6 / D 7S;Turcija;TUR;osebni avtomobil;180;vecnamensko vozilo;VERSO 
82;1140;4.7;0;TOYOTA;XP13M(a)/NSP13(MH)/NSP131L-CHXNBW(3L);YARIS / 1.5 / CVT;Francija;FRA;osebni avtomobil;175;vecnamensko vozilo;YARIS 
82;1615;4.8;1;CITROEN;RW9HR8/PS;C5 III / TOURER 1.6 / Hdi AUT.;Francija;FRA;osebni avtomobil;190;karavan;C5 III 
82;1505;4.8;1;CITROEN;UD9HR8/2PS;C4 PICASSO / 1.6 / HDI AUT.;Francija;FRA;osebni avtomobil;181;karavan;C4 PICASSO 
82;1393;4.8;1;CITROEN;SH9HR8/1;C3 PICASSO / 1.6 / HDI;Francija;FRA;osebni avtomobil;184;vecnamensko vozilo;C3 PICASSO 
82;1595;4.8;1;PEUGEOT;0E9HR8/1PS;5008 / 1.6 / HDI AUT.;Francija;FRA;osebni avtomobil;183;vecnamensko vozilo;5008
82;1500;4.8;1;PEUGEOT;8E9HL0;508 / BREAK 1.6 / HDI;Francija;FRA;osebni avtomobil;182;karavan;508
82;1485;4.8;1;PEUGEOT;4E9HR8/1;308 / BREAK 1.6 / HDI;Francija;FRA;osebni avtomobil;187;vecnamensko vozilo;308
82;1132;4.8;0;TOYOTA;XP13M(a)/NSP13(MH)/NSP131L-CHFGBW(3L);YARIS / 1.5 /;Francija;FRA;osebni avtomobil;175;vecnamensko vozilo;YARIS 
82;1120;4.8;0;TOYOTA;XP13M(a)/NSP13(MH)/NSP131L-CHFNBW(3L);YARIS / 1.5 /;Francija;FRA;osebni avtomobil;175;vecnamensko vozilo;YARIS 
82;1120;4.8;0;TOYOTA;XP13M(a)/NSP13(MH)/NSP131L-CHFNBW(3L);YARIS / 1.5 /;Francija;FRA;osebni avtomobil;175;vozilo za posebne namene;YARIS 
82;1595;4.9;1;CITROEN;UA9HR8/2PS;C4 PICASSO / 1.6 / HDI AUT.;Francija;FRA;osebni avtomobil;181;vecnamensko vozilo;C4 PICASSO 
82;1455;4.9;1;MINI;ZD51-5H05C;COOPER D COUNTRYMAN / / ALL4;Nemcija;DEU;osebni avtomobil;180;karavan;COOPER D COUNTRYMAN 
82;1595;4.9;1;PEUGEOT;0E9HR8/1PS;5008 / 1.6 / HDI AUT.;Francija;FRA;osebni avtomobil;183;vecnamensko vozilo;5008
82;1563;4.9;1;PEUGEOT;4H9HR8/PS;308 / MONOSPACE 1.6 / HDI AUT.;Francija;FRA;osebni avtomobil;185;vecnamensko vozilo;308
82;1560;4.9;1;PEUGEOT;4H9HR8/S;308 / MONOSPACE 1.6 / HDI;Francija;FRA;osebni avtomobil;185;vecnamensko vozilo;308
82;1545;4.9;1;PEUGEOT;0A9HR8/1PS;5008 / 1.6 / HDI AUT.;Francija;FRA;osebni avtomobil;183;vecnamensko vozilo;5008
82;1505;4.9;1;PEUGEOT;0A9HR8/PS;5008 / 1.6 / HDI AUT.;Francija;FRA;osebni avtomobil;183;vecnamensko vozilo;5008
82;1498;4.9;1;PEUGEOT;0U9HR8/PS;3008 / 1.6 / HDI AUT.;Francija;FRA;osebni avtomobil;183;vecnamensko vozilo;3008
82;1497;4.9;1;PEUGEOT;0U9HR8/1P;3008 / 1.6 / HDI AUT.;Francija;FRA;osebni avtomobil;183;vecnamensko vozilo;3008
82;1475;4.9;1;PEUGEOT;WB9HR8;207 / CABRIOLET 1.6 / HDI 16V;Francija;FRA;osebni avtomobil;197;kabriolet;207
82;1171;4.9;0;TOYOTA;XP13M(a)/NSP13(MH)/NSP131L-CHXGBW(1M);YARIS / 1.5 / CVT;Francija;FRA;osebni avtomobil;175;vecnamensko vozilo;YARIS 
82;1160;4.9;0;TOYOTA;XP13M(a)/NSP13(MH)/NSP131L-CHXNBW(1M);YARIS / 1.5 / CVT;Francija;FRA;osebni avtomobil;175;vecnamensko vozilo;YARIS 
82;1550;5.1;1;CITROEN;UD9HR8/1;C4 PICASSO / 1.6 / HDI;Francija;FRA;osebni avtomobil;181;karavan;C4 PICASSO 
82;1495;5.1;1;CITROEN;UD9HR8/1P;C4 PICASSO / 1.6 / HDI AUT.;Francija;FRA;osebni avtomobil;181;karavan;C4 PICASSO 
82;1595;5.1;1;PEUGEOT;0E9HR8/PS;5008 / 1.6 / HDI AUT.;Francija;FRA;osebni avtomobil;183;vecnamensko vozilo;5008
82;1579;5.1;1;PEUGEOT;0E9HR8/1P;5008 / 1.6 / HDI AUT.;Francija;FRA;osebni avtomobil;183;vecnamensko vozilo;5008
82;1551;5.1;1;PEUGEOT;0A9HR8/1P;5008 / 1.6 / HDI AUT.;Francija;FRA;osebni avtomobil;183;vecnamensko vozilo;5008
82;1545;5.1;1;PEUGEOT;0A9HR8/PS;5008 / 1.6 / HDI AUT.;Francija;FRA;osebni avtomobil;183;vecnamensko vozilo;5008
82;1497;5.1;1;PEUGEOT;0U9HR8/P;3008 / 1.6 / HDI AUT.;Francija;FRA;osebni avtomobil;183;vecnamensko vozilo;3008
82;1140;5.1;0;TOYOTA;XP13M(a)/NSP13(MH)/NSP131L-CHFNBW(1M);YARIS / 1.5 /;Francija;FRA;osebni avtomobil;175;vecnamensko vozilo;YARIS 
82;1690;5.2;1;CITROEN;UA9HR8/1;C4 PICASSO / 1.6 / HDI;Francija;FRA;osebni avtomobil;181;vecnamensko vozilo;C4 PICASSO 
82;1585;5.2;1;CITROEN;UA9HR8/2P;C4 PICASSO / 1.6 / HDI AUT.;Francija;FRA;osebni avtomobil;181;vecnamensko vozilo;C4 PICASSO 
82;1565;5.2;1;CITROEN;UA9HR8/1;C4 PICASSO / 1.6 / HDI;Francija;FRA;osebni avtomobil;181;karavan;C4 PICASSO 
82;1505;5.2;1;CITROEN;UD9HR8/1;C4 PICASSO / 1.6 / HDI;Francija;FRA;osebni avtomobil;181;karavan;C4 PICASSO 
82;1495;5.2;1;CITROEN;UD9HR8/P;C4 PICASSO / 1.6 / HDI AUT.;Francija;FRA;osebni avtomobil;181;karavan;C4 PICASSO 
82;1290;5.2;1;MINI;XE51-5A0C0;COOPER D CLUBMAN / / AUT.;Nemcija;DEU;osebni avtomobil;192;karavan;COOPER D CLUBMAN 
82;1670;5.2;1;PEUGEOT;0A9HR8/1;5008 / 1.6 / HDI;Francija;FRA;osebni avtomobil;185;vecnamensko vozilo;5008
82;1577;5.2;1;PEUGEOT;0E9HR8/1;5008 / 1.6 / HDI;Francija;FRA;osebni avtomobil;185;vecnamensko vozilo;5008
82;1563;5.2;1;PEUGEOT;4H9HR8/1;308 / MONOSPACE 1.6 / HDI;Francija;FRA;osebni avtomobil;187;vecnamensko vozilo;308
82;1496;5.2;1;PEUGEOT;0U9HR8/1;3008 / 1.6 / HDI;Francija;FRA;osebni avtomobil;183;vecnamensko vozilo;3008
82;1235;5.2;0;SUZUKI;JYA02S-AT;SX4 / 1.0 / AUT.;Madûarska;HUN;osebni avtomobil;170;vozilo z dviûnimi vrati zadaj;SX4 
82;1151;5.2;0;TOYOTA;XP13M(a)/NSP13(MH)/NSP131L-CHFNBW(1M);YARIS / 1.5 /;Francija;FRA;osebni avtomobil;175;vecnamensko vozilo;YARIS 
82;1690;5.3;1;CITROEN;UA9HR8/1;C4 PICASSO / 1.6 / HDI;Francija;FRA;osebni avtomobil;181;vecnamensko vozilo;C4 PICASSO 
82;1624;5.3;1;CITROEN;7J9HL0;BERLINGO / 1.6 / HDI;Francija;FRA;osebni avtomobil;173;karavan;BERLINGO 
82;1585;5.3;1;CITROEN;UA9HR8/P;C4 PICASSO / 1.6 / HDI AUT.;Francija;FRA;osebni avtomobil;181;vecnamensko vozilo;C4 PICASSO 
82;1565;5.3;1;CITROEN;UA9HR8;C4 PICASSO / 1.6 / HDI;Francija;FRA;osebni avtomobil;181;vecnamensko vozilo;C4 PICASSO 
82;1505;5.3;1;CITROEN;UE9HR8/1;C4 PICASSO / 1.6 / HDI;Francija;FRA;osebni avtomobil;181;karavan;C4 PICASSO 
82;1300;5.3;1;MINI;XF31-5A040000;COOPER D CABRIO / / AUT.;Nemcija;DEU;osebni avtomobil;190;kabriolet;COOPER D CABRIO 
82;1670;5.3;1;PEUGEOT;0A9HR8/1;5008 / 1.6 / HDI;Francija;FRA;osebni avtomobil;185;vecnamensko vozilo;5008
82;1624;5.3;1;PEUGEOT;7J9HL0;PARTNER / 1.6 / HDI;Francija;FRA;osebni avtomobil;173;karavan;PARTNER 
82;1600;5.3;1;PEUGEOT;4B9HR8;308 / CABRIOLET 1.6 / HDI;Francija;FRA;osebni avtomobil;192;kabriolet;308
82;1579;5.3;1;PEUGEOT;0E9HR8/P;5008 / 1.6 / HDI AUT.;Francija;FRA;osebni avtomobil;183;vecnamensko vozilo;5008
82;1577;5.3;1;PEUGEOT;0E9HR8/1;5008 / 1.6 / HDI;Francija;FRA;osebni avtomobil;185;vecnamensko vozilo;5008
82;1556;5.3;1;PEUGEOT;0A9HR8/1CU;5008 / 1.6 / HDI;Francija;FRA;osebni avtomobil;185;vecnamensko vozilo;5008
82;1551;5.3;1;PEUGEOT;0A9HR8/P;5008 / 1.6 / HDI AUT.;Francija;FRA;osebni avtomobil;183;vecnamensko vozilo;5008
82;1496;5.3;1;PEUGEOT;0U9HR8;3008 / 1.6 / HDI;Francija;FRA;osebni avtomobil;183;vecnamensko vozilo;3008
82;1275;5.3;0;SUZUKI;JYB02S-MT;SX4 / 1.0 / 4WD;Madûarska;HUN;osebni avtomobil;175;vozilo z dviûnimi vrati zadaj;SX4 
82;1565;5.4;1;CITROEN;UA9HR8;C4 PICASSO / 1.6 / HDI;Francija;FRA;osebni avtomobil;181;vecnamensko vozilo;C4 PICASSO 
82;1505;5.4;1;CITROEN;UE9HR8;C4 PICASSO / 1.6 / HDI;Francija;FRA;osebni avtomobil;181;karavan;C4 PICASSO 
82;1577;5.4;1;PEUGEOT;0E9HR8;5008 / 1.6 / HDI;Francija;FRA;osebni avtomobil;185;vecnamensko vozilo;5008
82;1563;5.4;1;PEUGEOT;4H9HR8;308 / MONOSPACE 1.6 / HDI;Francija;FRA;osebni avtomobil;187;vecnamensko vozilo;308
82;1547;5.4;1;PEUGEOT;0A9HR8;5008 / 1.6 / HDI;Francija;FRA;osebni avtomobil;185;vecnamensko vozilo;5008
82;950;5.4;0;SUZUKI;AZC23S-MT2;SWIFT / 1.0;Japonska ;JPN;osebni avtomobil;195;vozilo z dviûnimi vrati zadaj;SWIFT 
82;1577;5.5;1;PEUGEOT;0E9HR8;5008 / 1.6 / HDI;Francija;FRA;osebni avtomobil;185;vecnamensko vozilo;5008
82;1547;5.5;1;PEUGEOT;0A9HR8;5008 / 1.6 / HDI;Francija;FRA;osebni avtomobil;185;vecnamensko vozilo;5008
82;940;5.5;0;SUZUKI;AZC13S-MT;SWIFT / 1.0;Japonska ;JPN;osebni avtomobil;195;vozilo z dviûnimi vrati zadaj;SWIFT 
82;1410;5.6;1;MINI;XD31-6A1500C0;COOPER D COUNTRYMAN / / AUT.;Nemcija;DEU;osebni avtomobil;181;karavan;COOPER D COUNTRYMAN 
82;1410;5.6;1;MINI;XD31-5B;COOPER D COUNTRYMAN / / AUT.;Nemcija;DEU;osebni avtomobil;180;karavan;COOPER D COUNTRYMAN 
82;1490;5.9;1;MINI;XD51-6A1500C0;COOPER D COUNTRYMAN / / ALL4 AUT.;Nemcija;DEU;osebni avtomobil;176;karavan;COOPER D COUNTRYMAN 
82;1159;5.9;0;TOYOTA;XP13M(a)/NSP13(MH)/NSP131L-CHXNBW(1R);YARIS / 1.5 / CVT;Francija;FRA;osebni avtomobil;175;vecnamensko vozilo;YARIS 
82;1406;6.1;1;HYUNDAI;AR-M;ELANTRA / 2.0;Koreja. republika;KOR;osebni avtomobil;190;limuzina;ELANTRA 
82;1215;6.1;0;SUZUKI;EYA11S-MT;SX4 / 1.5 / 2WD;Madûarska;HUN;osebni avtomobil;180;vozilo z dviûnimi vrati zadaj;SX4 
82;1160;6.1;0;SUZUKI;LYD01S-MT2;VITARA / 1.0;Madûarska;HUN;osebni avtomobil;180;vozilo z dviûnimi vrati zadaj;VITARA 
82;1495;6.2;1;NISSAN;V10-D04;ALMERA TINO / 2.2 / TD;äpanija;ESP;osebni avtomobil;180;vecnamensko vozilo;ALMERA TINO 
82;1495;6.2;1;NISSAN;V10-D04;ALMERA TINO  / 2.2 / TD;äpanija;ESP;osebni avtomobil;180;vecnamensko vozilo;ALMERA TINO  
82;1147;6.2;0;TOYOTA;XP13M(a)/NSP13(MH)/NSP131L-CHFSBW(1M);YARIS / 1.5 /;Francija;FRA;osebni avtomobil;175;vecnamensko vozilo;YARIS 
82;1314;6.3;0;FORD;JK8-UEJE1B-5HMBMU;ECOSPORT / 1.5 /;Nemcija;DEU;osebni avtomobil;172;vozilo z dviûnimi vrati zadaj;ECOSPORT 
82;1165;6.3;0;SUZUKI;JYA02S-MT;SX4 / 1.0;Madûarska;HUN;osebni avtomobil;180;vozilo z dviûnimi vrati zadaj;SX4 
82;1153;6.3;0;TOYOTA;XP13M(a)/NSP13(MH)/NSP131L-CHFNBW(1N);YARIS / 1.5 /;Francija;FRA;osebni avtomobil;175;vecnamensko vozilo;YARIS 
82;1325;6.6;0;PROTON;CM6SNL;PERSONA / 1.6 / MT;Malezija;MYS;osebni avtomobil;190;limuzina;PERSONA 
82;1325;6.6;0;PROTON;CM6SNL;PERSONA 1.6 /;Malezija;MYS;osebni avtomobil;190;limuzina;PERSONA 1.6 
82;1225;6.6;0;RENAULT;BR1B0H;CLIO / 1.6 / 16V;Francija;FRA;osebni avtomobil;190;vozilo z dviûnimi vrati zadaj;CLIO 
82;1215;6.6;0;RENAULT;CRCB0H;CLIO / 1.6 / 16V;Francija;FRA;osebni avtomobil;190;vozilo z dviûnimi vrati zadaj;CLIO 
82;1225;6.7;0;RENAULT;BR1B0H;CLIO / 1.6 / 16V;Francija;FRA;osebni avtomobil;190;vozilo z dviûnimi vrati zadaj;CLIO 
82;1280;6.8;0;RENAULT;BZLC05;MEGANE / 1.6 / 16V;Francija;FRA;osebni avtomobil;185;vozilo z dviûnimi vrati zadaj;MEGANE 
82;1280;6.8;0;RENAULT;LZLC05;FLUENCE / 1.6 / 16V;Francija;FRA;osebni avtomobil;185;limuzina;FLUENCE 
82;1275;6.8;0;RENAULT;LM0C0H;MEGANE / SEDAN 1.6 / 16V;Francija;FRA;osebni avtomobil;193;limuzina;MEGANE 
82;1265;6.8;0;RENAULT;LZB105;FLUENCE / 1.6 / 16V;Francija;FRA;osebni avtomobil;185;limuzina;FLUENCE 
82;1250;6.8;0;RENAULT;BM0C0H;MEGANE / 1.6 / 16V;Francija;FRA;osebni avtomobil;192;vozilo z dviûnimi vrati zadaj;MEGANE 
82;1245;6.8;0;RENAULT;JP0B05;MODUS / 1.6 / 16V;Francija;FRA;osebni avtomobil;188;vecnamensko vozilo;MODUS 
82;1230;6.8;0;RENAULT;CM0C0H;MEGANE / 1.6;Francija;FRA;osebni avtomobil;192;vozilo z dviûnimi vrati zadaj;MEGANE 
82;1395;6.9;0;RENAULT;EM0C0H;MEGANE / CABRIOLET 1.6;Francija;FRA;osebni avtomobil;195;kabriolet;MEGANE 
82;1290;6.9;0;RENAULT;KM0C0H;MEGANE / GRANDTOUR 1.6;Francija;FRA;osebni avtomobil;190;karavan;MEGANE 
82;1275;6.9;0;RENAULT;LM1R0H;MEGANE / SEDAN 1.6 / 16V;Francija;FRA;osebni avtomobil;193;limuzina;MEGANE 
82;1250;6.9;0;RENAULT;BM1R0H;MEGANE / 1.6 / 16V;Francija;FRA;osebni avtomobil;192;vozilo z dviûnimi vrati zadaj;MEGANE 
82;1250;6.9;0;RENAULT;BM1R0H;MEGANE / 1.6 / 16V;Francija;FRA;osebni avtomobil;192;vozilo za posebne namene;MEGANE 
82;1230;6.9;0;RENAULT;CM1R0H;MEGANE / 1.6 / 16V;Francija;FRA;osebni avtomobil;192;vozilo z dviûnimi vrati zadaj;MEGANE 
82;1685;7.1;1;HYUNDAI;BG-P;TUCSON / 2.0;Koreja. republika;KOR;osebni avtomobil;168;vecnamensko vozilo;TUCSON 
82;1685;7.1;1;HYUNDAI;BG-P;TUCSON / 2.0;Koreja. republika;KOR;osebni avtomobil;168;limuzina;TUCSON 
82;1687;7.1;1;KIA;JEM321-5351E;SPORTAGE / 2.0 / TD;Koreja. republika;KOR;osebni avtomobil;168;vecnamensko vozilo;SPORTAGE 
82;1910;7.2;1;HYUNDAI;V-D;TRAJET / 2.0;Koreja. republika;KOR;osebni avtomobil;170;vecnamensko vozilo;TRAJET 
82;1910;7.2;1;HYUNDAI;V-D;TRAJET / 2.0;Koreja. republika;KOR;osebni avtomobil;170;limuzina;TRAJET 
82;1340;7.2;0;PROTON;CF1SRL;WAJA-IMPIAN / 1.6 / AUT.;Malezija;MYS;osebni avtomobil;190;limuzina;WAJA-IMPIAN 
82;1585;7.2;0;RENAULT;JM;SCENIC / 1.6 / 16V;Francija;FRA;osebni avtomobil;185;vecnamensko vozilo;SCENIC 
82;1395;7.2;0;RENAULT;JM0C0H;SCENIC / 1.6 / 16V;Francija;FRA;osebni avtomobil;185;vecnamensko vozilo;SCENIC 
82;1345;7.2;0;RENAULT;BG4HBE;LAGUNA / 1.6 / 16V;Francija;FRA;osebni avtomobil;197;vozilo z dviûnimi vrati zadaj;LAGUNA 
82;1275;7.2;0;SUZUKI;JYB02S-MT/L;SX4 / 1.0 / 4WD / MT / L;Madûarska;HUN;osebni avtomobil;175;vozilo z dviûnimi vrati zadaj;SX4 
82;1230;7.2;0;SUZUKI;LYE01S-MT2;VITARA / 1.0 / 4WD;Madûarska;HUN;osebni avtomobil;175;vozilo z dviûnimi vrati zadaj;VITARA 
82;1520;7.4;0;RENAULT;JM1RD5;SCENIC / 1.6 / 16V;Francija;FRA;osebni avtomobil;185;vecnamensko vozilo;SCENIC 
82;1345;7.4;0;RENAULT;BG4HBE;LAGUNA / 1.6 / 16V;Francija;FRA;osebni avtomobil;197;vozilo z dviûnimi vrati zadaj;LAGUNA 
82;1285;7.5;0;RENAULT;KRCB0A;CLIO / GRANDTOUR 1.6 / 16V AUT.;Francija;FRA;osebni avtomobil;186;karavan;CLIO 
82;1265;7.5;0;RENAULT;BR1B0A;CLIO / 1.6 / 16V AUT.;Francija;FRA;osebni avtomobil;186;vozilo z dviûnimi vrati zadaj;CLIO 
82;1255;7.5;0;RENAULT;CR1B0A;CLIO / 1.6;Francija;FRA;osebni avtomobil;186;vozilo za posebne namene;CLIO 
82;1793;7.6;1;HYUNDAI;V2-DAJ;SANTA FE / 2.0 / CRDi;Koreja. republika;KOR;osebni avtomobil;166;vecnamensko vozilo;SANTA FE 
82;1745;7.6;1;HYUNDAI;SM;SANTA FE / 2.0;Koreja. republika;KOR;osebni avtomobil;167;karavan;SANTA FE 
82;1714;7.6;1;LAND ROVER;LNAE-048;FREELANDER / 2.0;Zdruûeno kraljestvo;GBR;osebni avtomobil;159;limuzina;FREELANDER 
82;1695;7.6;1;LAND ROVER;LNAE-048;FREELANDER / 2.0 / Td4;Zdruûeno kraljestvo;GBR;osebni avtomobil;159;limuzina;FREELANDER 
82;1693;7.6;1;LAND ROVER;LNBE-028;FREELANDER / 2.0 / Td4;Zdruûeno kraljestvo;GBR;osebni avtomobil;159;limuzina;FREELANDER 
82;1693;7.6;1;LAND ROVER;LNBE-028;FREELANDER / 2.0 / TD4;Zdruûeno kraljestvo;GBR;osebni avtomobil;159;karavan;FREELANDER 
82;1690;7.6;1;LAND ROVER;LNAE-048;FREELANDER / 2.0 / Td4 E Serengeti;Zdruûeno kraljestvo;GBR;osebni avtomobil;159;limuzina;FREELANDER 
82;1395;7.6;0;RENAULT;JM1R06;SCENIC / 1.6 / 16V;Francija;FRA;osebni avtomobil;180;vozilo z dviûnimi vrati zadaj;SCENIC 
82;1310;7.6;0;RENAULT;JP0BFA;MODUS / 1.6 / 16V AUT.;Francija;FRA;osebni avtomobil;184;vecnamensko vozilo;MODUS 
82;1280;7.6;0;RENAULT;JP0B0A;MODUS / 1.6 / 16V AUT.;Francija;FRA;osebni avtomobil;184;vecnamensko vozilo;MODUS 
82;1693;7.7;1;LAND ROVER;LNBE-042;FREELANDER / 2.0 / Td4;Zdruûeno kraljestvo;GBR;osebni avtomobil;159;karavan;FREELANDER 
82;1693;7.7;1;LAND ROVER;LNBE-042;FREELANDER / 2.0;Zdruûeno kraljestvo;GBR;osebni avtomobil;159;limuzina;FREELANDER 
82;1618;7.7;1;LAND ROVER;LN AE048;FREELANDER / 2.0 / TD;Zdruûeno kraljestvo;GBR;osebni avtomobil;159;limuzina;FREELANDER 
82;1380;7.7;0;RENAULT;KG4HBE;LAGUNA / GRANDTOUR 1.6;Francija;FRA;osebni avtomobil;194;karavan;LAGUNA 
82;1310;7.7;0;RENAULT;JP36FA;MODUS / 1.6 / 16V AUT.;Francija;FRA;osebni avtomobil;184;vecnamensko vozilo;MODUS 
82;1300;7.7;0;RENAULT;BM1R0A;MEGANE / 1.6 / 16V AUT.;Francija;FRA;osebni avtomobil;182;vozilo z dviûnimi vrati zadaj;MEGANE 
82;1280;7.7;0;RENAULT;JP0B0A;MODUS / 1.6 / 16V AUT.;Francija;FRA;osebni avtomobil;184;vecnamensko vozilo;MODUS 
82;1280;7.7;0;RENAULT;P;MODUS / 1.6;Francija;FRA;osebni avtomobil;184;vozilo z dviûnimi vrati zadaj;MODUS 
82;1520;7.8;0;RENAULT;JM1RD6;SCENIC / 1.6 / 16V;Francija;FRA;osebni avtomobil;180;vecnamensko vozilo;SCENIC 
82;1520;7.8;0;RENAULT;JM1RD6;SCENIC / 1.6 / 16V;Francija;FRA;osebni avtomobil;180;vozilo z dviûnimi vrati zadaj;SCENIC 
82;1490;7.8;0;RENAULT;JMJRN6;SCENIC / 1.6 / 16V;Francija;FRA;osebni avtomobil;180;vozilo z dviûnimi vrati zadaj;SCENIC 
82;1440;7.8;0;RENAULT;EM1R0A;MEGANE / CABRIOLET 1.6 / 16V AUT.;Francija;FRA;osebni avtomobil;186;kabriolet;MEGANE 
82;1265;7.8;0;RENAULT;BRA60A;CLIO / 1.6 / 16V AUT.;Francija;FRA;osebni avtomobil;186;vozilo z dviûnimi vrati zadaj;CLIO 
82;1520;7.9;0;RENAULT;JM1RD6;SCENIC / 1.6 / 16V;Francija;FRA;osebni avtomobil;180;vecnamensko vozilo;SCENIC 
82;1300;8.1;0;PROTON;CM6LRL;GEN 2 / 1.6 /;Malezija;MYS;osebni avtomobil;185;vozilo z dviûnimi vrati zadaj;GEN 2 
82;1620;8.6;1;LAND ROVER;LN-BE;FREELANDER / 2.0 / TD4;Zdruûeno kraljestvo;GBR;osebni avtomobil;159;limuzina;FREELANDER 
82.5;1374;5.8;1;KIA;FES211-5351E;CERATO / 2.0 / D;Koreja. republika;KOR;osebni avtomobil;190;limuzina;CERATO 
82.5;1441;6.1;1;HYUNDAI;BR-M;ELANTRA / 2.0 / CRDi;Koreja. republika;KOR;osebni avtomobil;190;vozilo z dviûnimi vrati zadaj;ELANTRA 
82.5;1406;6.1;1;HYUNDAI;AR-M;ELANTRA / 2.0 / CRDi;Koreja. republika;KOR;osebni avtomobil;190;limuzina;ELANTRA 
82.5;1549;6.5;1;KIA;FCFC3-F511;CARENS / 2.0 / CRDI;Koreja. republika;KOR;osebni avtomobil;172;vecnamensko vozilo;CARENS 
82.5;1793;7.1;1;HYUNDAI;V2-DAJ;SANTA FE / 2.0 / CRDi 4WD;Koreja. republika;KOR;osebni avtomobil;166;vecnamensko vozilo;SANTA FE 
82.5;1725;7.1;1;HYUNDAI;JMBG-P;TUCSON / 2.0 / CRDi 4WD;Koreja. republika;KOR;osebni avtomobil;168;vecnamensko vozilo;TUCSON 
82.5;1685;7.1;1;HYUNDAI;BG-P;TUCSON / 2.0 / CRDi 4WD;Koreja. republika;KOR;osebni avtomobil;168;vecnamensko vozilo;TUCSON 
82.5;1685;7.1;1;HYUNDAI;BG-P;TUCSON / 2.0 / CRDi 4WD;Koreja. republika;KOR;osebni avtomobil;168;limuzina;TUCSON 
82.5;1695;7.1;1;KIA;JEM321-5351E;SPORTAGE / 2.0 / TD;Koreja. republika;KOR;osebni avtomobil;168;vecnamensko vozilo;SPORTAGE 
82.5;1910;7.2;1;HYUNDAI;V-D;HYUNDAI / TRAJET / 2.0 / CRDi;Koreja. republika;KOR;osebni avtomobil;170;vecnamensko vozilo;HYUNDAI 
82.5;1910;7.2;1;HYUNDAI;V-D;TRAJET / 2.0 / CRDi;Koreja. republika;KOR;osebni avtomobil;170;vecnamensko vozilo;TRAJET 
82.5;1805;7.2;1;HYUNDAI;-;TRAJET / 2.0 / CRDI;Koreja. republika;KOR;osebni avtomobil;170;vecnamensko vozilo;TRAJET 
82.5;1793;7.6;1;HYUNDAI;V2-DAJ;SANTA FE / 2.0 / CRDi 4WD;Koreja. republika;KOR;osebni avtomobil;166;vecnamensko vozilo;SANTA FE 
83;1395;5.8;0;RENAULT;JM0J;MEGANE / SCENIC / 1.6;Francija;FRA;osebni avtomobil;185;vecnamensko vozilo;MEGANE 
83;1549;6.5;1;KIA;FCFC3-F511;CARENS / 2.0;Koreja. republika;KOR;osebni avtomobil;172;karavan;CARENS 
83;1549;6.5;1;KIA;FC;CARENS / 2.0 / CRDI;Koreja. republika;KOR;osebni avtomobil;172;vecnamensko vozilo;CARENS 
83;1450;6.7;1;MERCEDES BENZ;H0;C / 250 / D;Nemcija;DEU;osebni avtomobil;190;limuzina;C 
83;1438;6.8;0;CHEVROLET;JNA11-AA5;CRUZE / 1.6 / 16V;Koreja. republika;KOR;osebni avtomobil;185;limuzina;CRUZE 
83;1360;6.8;0;CHEVROLET;JNA11-AA5;CRUZE / 1.6 / 16V;Koreja. republika;KOR;osebni avtomobil;167;limuzina;CRUZE 
83;1275;6.8;0;RENAULT;LM0C0H;MEGANE / SEDAN 1.6;Francija;FRA;osebni avtomobil;193;limuzina;MEGANE 
83;1250;6.8;0;RENAULT;BM0C0H;MEGANE / 1.6 / 16V;Francija;FRA;osebni avtomobil;192;vozilo z dviûnimi vrati zadaj;MEGANE 
83;1230;6.8;0;RENAULT;CM0C0H;MEGANE / 1.6;Francija;FRA;osebni avtomobil;192;vozilo z dviûnimi vrati zadaj;MEGANE 
83;1200;6.8;0;RENAULT;LM0C0H;MEGANE / SEDAN 1.6 / 16V;Francija;FRA;osebni avtomobil;193;limuzina;MEGANE 
83;1360;6.82;0;CHEVROLET;JNA11-AA5;CRUZE / 1.6 / 16V;Koreja. republika;KOR;osebni avtomobil;185;limuzina;CRUZE 
83;1395;6.9;0;RENAULT;EM0C0H;MEGANE / CABRIOLET 1.6 / 16V;Francija;FRA;osebni avtomobil;195;kabriolet;MEGANE 
83;1290;6.9;0;RENAULT;KM0C0H;MEGANE / GRANDTOUR 1.6;Francija;FRA;osebni avtomobil;190;karavan;MEGANE 
83;1250;6.9;0;RENAULT;BM0J-0H;MEGANE / 1.6 / 16V;Francija;FRA;osebni avtomobil;192;vozilo z dviûnimi vrati zadaj;MEGANE 
83;1230;6.9;0;RENAULT;CM0J0H;MEGANE / 1.6 / 16V;Francija;FRA;osebni avtomobil;192;vozilo z dviûnimi vrati zadaj;MEGANE 
83;1215;6.9;0;RENAULT;KM0C0H;MEGANE / GRANDTOUR 1.6 / 16V;Francija;FRA;osebni avtomobil;190;karavan;MEGANE 
83;1175;6.9;0;RENAULT;BM0C0H;MEGANE / 1.6;Francija;FRA;osebni avtomobil;183;vozilo z dviûnimi vrati zadaj;MEGANE 
83;1793;7.1;1;HYUNDAI;SMV2-DAJ;SANTA FE / 2.0 / CRDI 4WD;Koreja. republika;KOR;osebni avtomobil;166;vecnamensko vozilo;SANTA FE 
83;1793;7.1;1;HYUNDAI;SM;SANTA FE / 2.0 / CRDI 4WD;Koreja. republika;KOR;osebni avtomobil;166;limuzina;SANTA FE 
83;1685;7.1;1;HYUNDAI;BG-P;TUCSON / 2.0;Koreja. republika;KOR;osebni avtomobil;168;limuzina;TUCSON 
83;1685;7.1;1;HYUNDAI;BG-P;TUCSON / 2.0;Koreja. republika;KOR;osebni avtomobil;168;vecnamensko vozilo;TUCSON 
83;1685;7.1;1;HYUNDAI;JM BG P;TUSCON / 2.0 / CRDI;Koreja. republika;KOR;osebni avtomobil;168;limuzina;TUSCON 
83;1685;7.1;1;HYUNDAI;JM;TUSCON / 2.0 / CRDI 4WD;Koreja. republika;KOR;osebni avtomobil;168;vecnamensko vozilo;TUSCON 
83;1685;7.1;1;HYUNDAI;JMBGP;TUSC0N / 2.0 / CRDI 4WD;Koreja. republika;KOR;osebni avtomobil;168;vecnamensko vozilo;TUSC0N 
83;1685;7.1;1;HYUNDAI;BG-P;TUCSON / 2.0;Koreja. republika;KOR;osebni avtomobil;168;vozilo za posebne namene;TUCSON 
83;1650;7.1;1;HYUNDAI;JM;TUCSON / 2.0 / CRDI;Koreja. republika;KOR;osebni avtomobil;168;vecnamensko vozilo;TUCSON 
83;1687;7.1;1;KIA;JEM321-5351E;SPORTAGE / 2.0;Koreja. republika;KOR;osebni avtomobil;168;limuzina;SPORTAGE 
83;1687;7.1;1;KIA;JEM321-5351E;SPORTAGE / 2.0 / TD;Koreja. republika;KOR;osebni avtomobil;168;vecnamensko vozilo;SPORTAGE 
83;1910;7.2;1;HYUNDAI;V-D;TRAJET / 2.0;Koreja. republika;KOR;osebni avtomobil;170;limuzina;TRAJET 
83;1910;7.2;1;HYUNDAI;V-D;TRAJET / 2.0;Koreja. republika;KOR;osebni avtomobil;170;vecnamensko vozilo;TRAJET 
83;1395;7.2;0;RENAULT;JM0C0H;SCENIC / 1.6;Francija;FRA;osebni avtomobil;185;vecnamensko vozilo;SCENIC 
83;1395;7.2;0;RENAULT;JM0C0H;MEGANE / SCENIC 1.6;Francija;FRA;osebni avtomobil;185;vecnamensko vozilo;MEGANE 
83;1320;7.2;0;RENAULT;JM0C0H;SCENIC / 1.6 / 16V;Francija;FRA;osebni avtomobil;185;vozilo z dviûnimi vrati zadaj;SCENIC 
83;1320;7.2;0;RENAULT;JM0-COH;MEGANE / SCENIC / 1.6;Francija;FRA;osebni avtomobil;170;vecnamensko vozilo;MEGANE 
83;1314;7.3;0;NISSAN;F15AA13;JUKE / 1.6 / 16V;Zdruûeno kraljestvo;GBR;osebni avtomobil;178;vecnamensko vozilo;JUKE 
83;1395;7.3;0;RENAULT;JM0J-0H;SCENIC / 1.6 / 16V;Francija;FRA;osebni avtomobil;185;vecnamensko vozilo;SCENIC 
83;1460;7.4;1;MERCEDES BENZ;124;300 / D;Nemcija;DEU;osebni avtomobil;185;limuzina;300
83;1440;7.4;1;MERCEDES BENZ;124.130;300 / D;Nemcija;DEU;osebni avtomobil;190;limuzina;300
83;1520;7.4;0;RENAULT;JM0CDH;GRAND SCENIC / 1.6 / 16V;Francija;FRA;osebni avtomobil;185;vecnamensko vozilo;GRAND SCENIC 
83;1520;7.4;0;RENAULT;JM0CDH;SCENIC / 1.6 / 16V;Francija;FRA;osebni avtomobil;185;vecnamensko vozilo;SCENIC 
83;1793;7.5;1;HYUNDAI;SM;SANTA FE / 2.0;Koreja. republika;KOR;osebni avtomobil;166;limuzina;SANTA FE 
83;1395;7.5;0;RENAULT;JM;MEGANE / SCENIC 1.6;Francija;FRA;osebni avtomobil;185;vozilo z dviûnimi vrati zadaj;MEGANE 
83;1818;7.6;1;HYUNDAI;SMV2-DAJ;SANTA FE / 2.0 / CRDI 4WD AUT.;Koreja. republika;KOR;osebni avtomobil;166;vecnamensko vozilo;SANTA FE 
83;1705;7.6;1;HYUNDAI;SM;SANTA FE / 2.0 / CRD;Koreja. republika;KOR;osebni avtomobil;167;vecnamensko vozilo;SANTA FE 
83;1486;7.6;1;KIA;FCFC3-F521; CARENS / 2.0 CRDI / AUT;Koreja. republika;KOR;osebni avtomobil;171;vecnamensko vozilo;CARENS 
83;1290;7.6;0;RENAULT;M;MEGANE / 1.6;Francija;FRA;osebni avtomobil;190;karavan;MEGANE 
83;1335;7.7;0;RENAULT;KM0J0A;MEGANE / GRANDTOUR 1.6 / 16V AUT.;Francija;FRA;osebni avtomobil;180;karavan;MEGANE 
83;1325;7.7;0;RENAULT;LM0J0A;MEGANE / SEDAN 1.6 / 16V AUT.;Francija;FRA;osebni avtomobil;184;limuzina;MEGANE 
83;1230;7.7;0;RENAULT;M;MEGANE / 1.6;Francija;FRA;osebni avtomobil;192;vozilo z dviûnimi vrati zadaj;MEGANE 
83;1463;7.8;0;CHEVROLET;JNA11-CB5;CRUZE / 1.6 / 16V AUT.;Koreja. republika;KOR;osebni avtomobil;180;limuzina;CRUZE 
83;1440;7.8;0;RENAULT;EM0J0A;MEGANE / CABRIOLET 1.6 / 16V AUT.;Francija;FRA;osebni avtomobil;186;kabriolet;MEGANE 
83;1205;8.2;0;BMW;4T-E36;318 / I;Nemcija;DEU;osebni avtomobil;198;limuzina;318
83;1296;8.2;0;NISSAN;F15AA13;JUKE / 1.6 / 16V;Zdruûeno kraljestvo;GBR;osebni avtomobil;178;vecnamensko vozilo;JUKE 
83;1304;8.3;0;NISSAN;F15AA13;JUKE / 1.6 / 16V;Zdruûeno kraljestvo;GBR;osebni avtomobil;178;vecnamensko vozilo;JUKE 
83;1245;8.5;0;BMW;3C;318 / IA;Nemcija;DEU;osebni avtomobil;198;limuzina;318
83;1314;8.5;0;NISSAN;F15AA13;JUKE / 1.6 / 16V;Zdruûeno kraljestvo;GBR;osebni avtomobil;178;vecnamensko vozilo;JUKE 
83;1828;8.8;1;OPEL;IBC;FRONTERA / 2.8 / DTI;Zdruûeno kraljestvo;GBR;osebni avtomobil;149;limuzina;FRONTERA 
83;1718;9.1;1;HYUNDAI;SM-V3;SANTA FE / 2.0 / CRDI;Koreja. republika;KOR;osebni avtomobil;172;vecnamensko vozilo;SANTA FE 
83;1610;9.1;1;HYUNDAI;BG-P;TUCSON / 2.0;Koreja. republika;KOR;osebni avtomobil;168;limuzina;TUCSON 
84;1471;3.3;1;VOLVO;MV8431;V40 / 1.6 / TD;ävedska;SWE;osebni avtomobil;190;vecnamensko vozilo;V40 
84;1477;3.4;1;VOLVO;MV8481;V40 / 1.6 / TD;ävedska;SWE;osebni avtomobil;190;vecnamensko vozilo;V40 
84;1476;3.6;1;VOLVO;MV8481;V40 / 1.6 / TD;ävedska;SWE;osebni avtomobil;190;vecnamensko vozilo;V40 
84;1354;3.6;1;VOLVO;MK84F1;C30 / 1.6 / TD;ävedska;SWE;osebni avtomobil;195;kupe;C30 
84;1280;3.7;1;CITROEN;NC9HD7/2S;C4 / 1.6 / HDI;Francija;FRA;osebni avtomobil;190;vozilo z dviûnimi vrati zadaj;C4 
84;1477;3.7;1;VOLVO;MV8451;V40 / 1.6 / TD;ävedska;SWE;osebni avtomobil;190;vecnamensko vozilo;V40 
84;1448;3.8;1;CITROEN;NC9HD7/1S;C4 / 1.6 / HDI;Francija;FRA;osebni avtomobil;190;vozilo z dviûnimi vrati zadaj;C4 
84;1165;3.8;1;CITROEN;SA9HD8/S;DS3 / 1.6 / HDI;Francija;FRA;osebni avtomobil;190;vozilo z dviûnimi vrati zadaj;DS3 
84;1165;3.8;1;CITROEN;SC9HD8/S;C3 / 1.6 / HDI;Francija;FRA;osebni avtomobil;190;vozilo z dviûnimi vrati zadaj;C3 
84;1165;3.8;1;PEUGEOT;CC9HD8/S;208 / 1.6 / HDI 16V;Francija;FRA;osebni avtomobil;190;vozilo z dviûnimi vrati zadaj;208
84;1150;3.8;1;PEUGEOT;CA9HD8/S;208 / 1.6 / HDI 16V;Francija;FRA;osebni avtomobil;190;vozilo z dviûnimi vrati zadaj;208
84;1502;3.8;1;VOLVO;MW84F1;V50 / 1.6 / TD;ävedska;SWE;osebni avtomobil;195;vecnamensko vozilo;V50 
84;1492;3.8;1;VOLVO;MZ8451;V40 Cross Country / 1.6 / TD;ävedska;SWE;osebni avtomobil;185;vecnamensko vozilo;V40 Cross Country 
84;1477;3.8;1;VOLVO;MV8451;V40 / 1.6 / TD;ävedska;SWE;osebni avtomobil;190;vecnamensko vozilo;V40 
84;1473;3.8;1;VOLVO;MS84F1;S40 / 1.6 / TD;ävedska;SWE;osebni avtomobil;195;limuzina;S40 
84;1446;3.8;1;VOLVO;MK84F1;C30 / 1.6 / TD;ävedska;SWE;osebni avtomobil;195;kupe;C30 
84;1280;3.9;1;CITROEN;NC9HD8/PS;C4 / 1.6 / HDI AUT.;Francija;FRA;osebni avtomobil;190;vozilo z dviûnimi vrati zadaj;C4 
84;1614;3.9;1;VOLVO;FS8481;S60 / 1.6 / TD;ävedska;SWE;osebni avtomobil;195;limuzina;S60 
84;1424;3.9;1;VOLVO;MV848B;V40 / 1.6 / TD AUT.;ävedska;SWE;osebni avtomobil;190;vecnamensko vozilo;V40 
84;1485;4.1;1;PEUGEOT;8D9HD8/S;508 / 1.6 / HDI;Francija;FRA;osebni avtomobil;200;limuzina;508
84;1680;4.1;1;VOLVO;FW8481;V60 / 1.6 / TD;ävedska;SWE;osebni avtomobil;190;karavan;V60 
84;1563;4.1;1;VOLVO;AS848B;S80 / 1.6 / TD AUT.;ävedska;SWE;osebni avtomobil;185;limuzina;S80 
84;1433;4.1;1;VOLVO;MZ845B;V40 Cross Country / 1.6 / TD;ävedska;SWE;osebni avtomobil;190;vecnamensko vozilo;V40 Cross Country 
84;1370;4.2;1;CITROEN;NX9HD8/1S;DS4 / 1.6 / HDI;Francija;FRA;osebni avtomobil;190;vozilo z dviûnimi vrati zadaj;DS4 
84;1280;4.2;1;CITROEN;NC9HD8/2S;C4 / 1.6 / HDI;Francija;FRA;osebni avtomobil;190;vozilo z dviûnimi vrati zadaj;C4 
84;1505;4.2;1;PEUGEOT;8E9HD8/S;508 / BREAK 1.6 / HDI;Francija;FRA;osebni avtomobil;197;karavan;508
84;1505;4.2;1;PEUGEOT;0A9HD8/1PS;5008 / 1.6 / HDI AUT.;Francija;FRA;osebni avtomobil;183;vecnamensko vozilo;5008
84;1498;4.2;1;PEUGEOT;0U9HD8/1PS;3008 / 1.6 / HDI AUT.;Francija;FRA;osebni avtomobil;183;karavan;3008
84;1498;4.2;1;PEUGEOT;0U9HD8/1PS;3008 / 1.6 / HDI AUT.;Francija;FRA;osebni avtomobil;183;vecnamensko vozilo;3008
84;1485;4.2;1;PEUGEOT;8D9HD8/0S;508 / 1.6 / HDI;Francija;FRA;osebni avtomobil;200;limuzina;508
84;1485;4.2;1;PEUGEOT;8D9HD8/PS;508 / 1.6 / HDI;Francija;FRA;osebni avtomobil;197;limuzina;508
84;1462;4.2;1;PEUGEOT;U10PGTVP007D98S;308 / BREAK 1.6 / HDI;Francija;FRA;osebni avtomobil;185;vecnamensko vozilo;308
84;1598;4.2;1;VOLVO;BW8481;V70 / 1.6 / TD;ävedska;SWE;osebni avtomobil;190;karavan;V70 
84;1556;4.2;1;VOLVO;FW848B;V60 / 1.6 / TD AUT.;ävedska;SWE;osebni avtomobil;185;karavan;V60 
84;1615;4.3;1;CITROEN;RW9HD8/PS;C5 III / 1.6 / Hdi AUT.;Francija;FRA;osebni avtomobil;190;karavan;C5 III 
84;1600;4.3;1;CITROEN;RD9HD8/PS;C5 III / 1.6 / Hdi AUT.;Francija;FRA;osebni avtomobil;190;limuzina;C5 III 
84;1495;4.3;1;CITROEN;KF9HD8/PS;DS5 / 1.6 / HDI AUT.;Francija;FRA;osebni avtomobil;191;vecnamensko vozilo;DS5 
84;1370;4.3;1;CITROEN;NX9HD8/S;DS4 / 1.6 / HDI;Francija;FRA;osebni avtomobil;190;vozilo z dviûnimi vrati zadaj;DS4 
84;1595;4.3;1;PEUGEOT;0E9HD8/1PS;5008 / 1.6 / HDI AUT.;Francija;FRA;osebni avtomobil;183;vecnamensko vozilo;5008
84;1505;4.3;1;PEUGEOT;8E9HD8/0S;508 / BREAK 1.6 / HDI;Francija;FRA;osebni avtomobil;197;karavan;508
84;1505;4.3;1;PEUGEOT;8E9HD8/PS;508 / BREAK 1.6 / HDI;Francija;FRA;osebni avtomobil;194;karavan;508
84;1505;4.3;1;PEUGEOT;0A9HD8/1RPS;5008 / 1.6 / HDI AUT.;Francija;FRA;osebni avtomobil;183;vecnamensko vozilo;5008
84;1592;4.3;1;VOLVO;FS84A1;S60 / 1.6 / TD;ävedska;SWE;osebni avtomobil;195;limuzina;S60 
84;1502;4.3;1;VOLVO;FS84AB;S60 / 1.6 / TD AUT.;ävedska;SWE;osebni avtomobil;190;limuzina;S60 
84;1494;4.3;1;VOLVO;MW84E1;V50 / 1.6 / TD;ävedska;SWE;osebni avtomobil;195;vecnamensko vozilo;V50 
84;1428;4.3;1;VOLVO;MK84E1;C30 / 1.6 / TD;ävedska;SWE;osebni avtomobil;195;kupe;C30 
84;1369;4.3;1;VOLVO;MS84E1;S40 / 1.6 / TD;ävedska;SWE;osebni avtomobil;195;limuzina;S40 
84;1495;4.4;1;CITROEN;KF9HD8/PS;DS5 / 1.6 / HDI AUT.;Francija;FRA;osebni avtomobil;191;vecnamensko vozilo;DS5 
84;1375;4.4;1;CITROEN;NX9HD8/PS;DS4 / 1.6 / HDI AUT.;Francija;FRA;osebni avtomobil;190;vozilo z dviûnimi vrati zadaj;DS4 
84;1370;4.4;1;CITROEN;NX9HD8/1S;DS4 / 1.6 / HDI;Francija;FRA;osebni avtomobil;190;vozilo z dviûnimi vrati zadaj;DS4 
84;1505;4.4;1;PEUGEOT;0A9HD8/1PS;5008 / 1.6 / HDI AUT.;Francija;FRA;osebni avtomobil;183;vecnamensko vozilo;5008
84;1500;4.4;1;PEUGEOT;8E9HL0;508 / BREAK 1.6 / HDI;Francija;FRA;osebni avtomobil;188;karavan;508
84;1480;4.4;1;PEUGEOT;8D9HL0;508 / 1.6 / HDI;Francija;FRA;osebni avtomobil;190;limuzina;508
84;1615;4.5;1;CITROEN;RW9HD8/PS;C5 III / 1.6 / Hdi AUT.;Francija;FRA;osebni avtomobil;190;karavan;C5 III 
84;1600;4.5;1;CITROEN;RD9HD8/PS;C5 III / 1.6 / Hdi AUT.;Francija;FRA;osebni avtomobil;190;limuzina;C5 III 
84;1370;4.5;1;CITROEN;NX9HD8/S;DS4 / 1.6 / HDI;Francija;FRA;osebni avtomobil;190;vozilo z dviûnimi vrati zadaj;DS4 
84;1280;4.5;1;CITROEN;NC9HD8/S;C4 / 1.6 / HDI;Francija;FRA;osebni avtomobil;190;vozilo z dviûnimi vrati zadaj;C4 
84;1505;4.5;1;PEUGEOT;0A9HD8/PS;5008 / 1.6 / HDI AUT.;Francija;FRA;osebni avtomobil;183;vecnamensko vozilo;5008
84;1498;4.5;1;PEUGEOT;0U9HD8/1PS;3008 / 1.6 / HDI AUT.;Francija;FRA;osebni avtomobil;183;vecnamensko vozilo;3008
84;1714;4.5;1;VOLVO;BW84A1;V70 / 1.6 / TD;ävedska;SWE;osebni avtomobil;190;karavan;V70 
84;1680;4.5;1;VOLVO;FW84A1;V60 / 1.6 / TD;ävedska;SWE;osebni avtomobil;190;karavan;V60 
84;1556;4.5;1;VOLVO;FW84AB;V60 / 1.6 / TD AUT.;ävedska;SWE;osebni avtomobil;185;karavan;V60 
84;1613;4.6;1;CITROEN;RW9HL0;C5 III / TOURER 1.6 / HDI;Francija;FRA;osebni avtomobil;190;karavan;C5 III 
84;1581;4.6;1;CITROEN;RD9HL0;C5 III / 1.6 / Hdi;Francija;FRA;osebni avtomobil;190;limuzina;C5 III 
84;1393;4.6;1;CITROEN;SH9HD8/1;C3 PICASSO / 1.6 / HDI;Francija;FRA;osebni avtomobil;184;vecnamensko vozilo;C3 PICASSO 
84;1390;4.6;1;CITROEN;BU9HD8/S;C4 AIRCROSS 2X4 / 1.6 / HDI;Francija;FRA;osebni avtomobil;182;vecnamensko vozilo;C4 AIRCROSS 2X4 
84;1390;4.6;1;CITROEN;BU9HD5/S;C4 AIRCROSS 4X2 / 1.6 / HDI;Francija;FRA;osebni avtomobil;182;vecnamensko vozilo;C4 AIRCROSS 4X2 
84;1350;4.6;1;CITROEN;NC9HD8/1;C4 / 1.6 / HDI;Francija;FRA;osebni avtomobil;190;vozilo z dviûnimi vrati zadaj;C4 
84;1345;4.6;1;CITROEN;NR9HD8/1;C4 / 1.6 / HDI;Francija;FRA;osebni avtomobil;190;vozilo z dviûnimi vrati zadaj;C4 
84;1395;4.6;1;MITSUBISHI;GAP11-ABACA6A5AAAA;ASX / 1.6 Di / 2WD;Japonska ;JPN;osebni avtomobil;182;karavan;ASX 
84;1560;4.6;1;PEUGEOT;4H9HD8/1S;308 / MONOSPACE 1.6 / HDI;Francija;FRA;osebni avtomobil;185;vecnamensko vozilo;308
84;1505;4.6;1;PEUGEOT;0A9HD8/PS;5008 / 1.6 / HDI AUT.;Francija;FRA;osebni avtomobil;183;vecnamensko vozilo;5008
84;1500;4.6;1;PEUGEOT;8E9HL0;508 / BREAK 1.6 / HDI;Francija;FRA;osebni avtomobil;188;karavan;508
84;1480;4.6;1;PEUGEOT;8D9HL0;508 / 1.6 / HDI;Francija;FRA;osebni avtomobil;190;limuzina;508
84;1365;4.7;1;CITROEN;NX9HD8;DS4 / 1.6 / HDI;Francija;FRA;osebni avtomobil;190;vozilo z dviûnimi vrati zadaj;DS4 
84;1505;4.7;1;PEUGEOT;0E9HD8/2;5008 / 1.6 / HDI;Francija;FRA;osebni avtomobil;185;vecnamensko vozilo;5008
84;1742;4.8;1;CITROEN;RW9HL0;C5 III / TOURER 1.6 / Hdi;Francija;FRA;osebni avtomobil;190;karavan;C5 III 
84;1581;4.8;1;CITROEN;RD9HL0;C5 III / 1.6 / Hdi;Francija;FRA;osebni avtomobil;190;limuzina;C5 III 
84;1436;4.8;1;CITROEN;SH9HD8/1;C3 PICASSO / 1.6 / HDI;Francija;FRA;osebni avtomobil;184;vecnamensko vozilo;C3 PICASSO 
84;1280;4.8;1;CITROEN;NC9HD8/2S;C4 / 1.6 / HDI;Francija;FRA;osebni avtomobil;190;vozilo z dviûnimi vrati zadaj;C4 
84;1595;4.8;1;PEUGEOT;0E9HD8/PS;5008 / 1.6 / HDI AUT.;Francija;FRA;osebni avtomobil;183;vecnamensko vozilo;5008
84;1496;4.8;1;PEUGEOT;0U9HD8/2;3008 / 1.6 / HDI;Francija;FRA;osebni avtomobil;183;vecnamensko vozilo;3008
84;1496;4.8;1;PEUGEOT;0U9HD8/2;3008 / 1.6 / HDI;Francija;FRA;osebni avtomobil;183;karavan;3008
84;1500;4.9;1;CITROEN;BU9HDB/S;C4 AIRCROSS 4X4 / 1.6 / HDI;Francija;FRA;osebni avtomobil;180;vecnamensko vozilo;C4 AIRCROSS 4X4 
84;1577;4.9;1;PEUGEOT;0E9HD8/2;5008 / 1.6 / HDI;Francija;FRA;osebni avtomobil;185;vecnamensko vozilo;5008
84;1505;4.9;1;PEUGEOT;0A9HD8/1;5008 / 1.6 / HDI;Francija;FRA;osebni avtomobil;185;vecnamensko vozilo;5008
84;1500;4.9;1;PEUGEOT;BU9HDK/S;4008 4X4 / 1.6 / HDI;Francija;FRA;osebni avtomobil;180;vecnamensko vozilo;4008 4X4 
84;1476;5.1;1;CITROEN;7J9HL0/1;BERLINGO / 1.6 / HDI;Francija;FRA;osebni avtomobil;176;karavan;BERLINGO 
84;1476;5.1;1;CITROEN;7J9HL0;BERLINGO / 1.6 / HDI;Francija;FRA;osebni avtomobil;173;karavan;BERLINGO 
84;1476;5.1;1;PEUGEOT;7J9HL0;PARTNER / 1.6 / HDI;Francija;FRA;osebni avtomobil;173;karavan;PARTNER 
84;1624;5.3;1;CITROEN;7J9HL0;BERLINGO / 1.6 / HDI;Francija;FRA;osebni avtomobil;173;karavan;BERLINGO 
84;1476;5.3;1;PEUGEOT;7J9HL0;PARTNER / 1.6 / HDI;Francija;FRA;osebni avtomobil;173;karavan;PARTNER 
84;1518;5.4;1;DACIA;SRDHD4AD6UA1X0M0B0;DUSTER / 1.5 / DCI 4x4;Francija;FRA;osebni avtomobil;175;karavan;DUSTER 
84;1589;5.5;1;CITROEN;7S9HL0;BERLINGO / 1.6 / HDI;Francija;FRA;osebni avtomobil;173;vecnamensko vozilo;BERLINGO 
84;1545;5.5;1;DACIA;SRDHD4AD6UA1X0M0B0;DUSTER / 1.5 / DCI 4x4;Francija;FRA;osebni avtomobil;175;karavan;DUSTER 
84;1278;5.6;0;NISSAN;F15-E01;JUKE / 1.2 / 16V;Zdruûeno kraljestvo;GBR;osebni avtomobil;178;vecnamensko vozilo;JUKE 
84;1045;5.8;0;HONDA;EK-313;CIVIC / 1.5;Japonska ;JPN;osebni avtomobil;188;vozilo z dviûnimi vrati zadaj;CIVIC 
84;1005;5.9;0;HONDA;EK3;CIVIC / 1.5 LSI;Japonska ;JPN;osebni avtomobil;188;vozilo z dviûnimi vrati zadaj;CIVIC 
84;1311;6.1;0;NISSAN;F16AA14;JUKE / 1.0 / AUT.;Zdruûeno kraljestvo;GBR;osebni avtomobil;180;vecnamensko vozilo;JUKE 
84;1496;6.1;0;RENAULT;KWA2B6;KANGOO / 1.2 / 16V;Francija;FRA;osebni avtomobil;173;vozilo z dostopom za invalidski vozicek;KANGOO 
84;1395;6.1;0;RENAULT;KWB2B6;KANGOO / 1.2 / 16V;Francija;FRA;osebni avtomobil;173;vecnamensko vozilo;KANGOO 
84;1519;6.2;0;RENAULT;KW34B2;KANGOO / 1.2 / 16V;Francija;FRA;osebni avtomobil;173;vecnamensko vozilo;KANGOO 
84;1503;6.2;0;RENAULT;KW34B2;KANGOO / 1.2 / 16V;Francija;FRA;osebni avtomobil;173;vozilo za posebne namene;KANGOO 
84;1433;6.2;0;SUBARU;GT3-CAL;IMPREZA / WAGON 1.6 / i ES CVT AWD;Japonska ;JPN;osebni avtomobil;180;karavan;IMPREZA 
84;1405;6.2;0;SUBARU;GP3-030;IMPREZA / WAGON 1.6 / i AWD;Japonska ;JPN;osebni avtomobil;185;karavan;IMPREZA 
84;1859;6.2;1;VOLKSWAGEN;GCXHB300X0-LNFM52Z1116VVR27MMG02L63291;TRANSPORTER / 2.0 / TDI;Nemcija;DEU;osebni avtomobil;163;vecnamensko vozilo;TRANSPORTER 
84;1333;6.3;0;NISSAN;F16AA14;JUKE / 1.0 / AUT.;Zdruûeno kraljestvo;GBR;osebni avtomobil;180;vecnamensko vozilo;JUKE 
84;1310;6.3;0;NISSAN;F16AA10;JUKE / 1.0 /;Zdruûeno kraljestvo;GBR;osebni avtomobil;180;vecnamensko vozilo;JUKE 
84;1353;6.3;0;RENAULT;RFBLE2M056SA010000;MEGANE / GRANDCOUPE 1.6 / 16V;Francija;FRA;osebni avtomobil;190;limuzina;MEGANE 
84;1352;6.3;0;RENAULT;RFBKE2M056SA010000;MEGANE / GRANDTOUR 1.6 / 16V;Francija;FRA;osebni avtomobil;187;karavan;MEGANE 
84;1286;6.3;0;RENAULT;RFBBE2M056SA010000;MEGANE / 1.6 / 16V;Francija;FRA;osebni avtomobil;187;vozilo z dviûnimi vrati zadaj;MEGANE 
84;1275;6.4;0;DACIA;HSDCVE;DUSTER / 1.6 / 16V;Romunija;ROM;osebni avtomobil;170;karavan;DUSTER 
84;1976;6.4;1;MERCEDES BENZ;KOR55280V-2RNP1S29XX;VITO 111 / CDI TOURER;Nemcija;DEU;osebni avtomobil;169;vecnamensko vozilo;VITO 111 
84;1495;6.4;1;NISSAN;V10-D01;ALMERA TINO / 2.2 / TD;äpanija;ESP;osebni avtomobil;180;vecnamensko vozilo;ALMERA TINO 
84;1500;6.4;0;SUBARU;GX3-CIL;XV / WAGON 1.6 / i-S ES CVT AWD;Japonska ;JPN;osebni avtomobil;175;karavan;XV 
84;1483;6.4;0;SUBARU;GX3-CGL;XV / WAGON 1.6 / i ES CVT AWD;Japonska ;JPN;osebni avtomobil;175;karavan;XV 
84;2170;6.4;1;VOLKSWAGEN;ACAAD270X0-NNFM52Z1216NVR27MQG0S;MULTIVAN STARTLINE / 2.0 / TDI;Nemcija;DEU;osebni avtomobil;164;vozilo za invalidski vozicek;MULTIVAN STARTLINE 
84;2032;6.4;1;VOLKSWAGEN;ACAAD270X0-NNFM52Z1216NVR27MQG0S;MULTIVAN STARTLINE / 2.0 / TDI;Nemcija;DEU;osebni avtomobil;164;karavan;MULTIVAN STARTLINE 
84;1838;6.4;1;VOLKSWAGEN;GCXHB300X0-NNFM52Z1116NVR27MMG02L63291;TRANSPORTER / 2.0 / TDI;Nemcija;DEU;osebni avtomobil;163;vecnamensko vozilo;TRANSPORTER 
84;1323;6.5;0;DACIA;SRDHE2M15CV000M000;DUSTER / 1.6 / 16V;Francija;FRA;osebni avtomobil;170;karavan;DUSTER 
84;1160;6.5;0;HONDA;EK32-6 (EK356);CIVIC / 1.5 / i LS;Japonska ;JPN;osebni avtomobil;192;limuzina;CIVIC 
84;1460;6.5;0;SUBARU;GX3-0A0;SUBARU XV / 1.6 / i AWD S;Japonska ;JPN;osebni avtomobil;179;karavan;SUBARU XV 
84;1648;6.5;0;VOLKSWAGEN;ACDPBCX0-N215FM6FM6C9005N1N4BI1AA5D;CADDY / 1.5 / TSI;Nemcija;DEU;osebni avtomobil;181;karavan;CADDY 
84;1190;6.6;0;HONDA;MB375;CIVIC / 1.5 / I;Zdruûeno kraljestvo;GBR;osebni avtomobil;180;vozilo z dviûnimi vrati zadaj;CIVIC 
84;1310;6.6;0;NISSAN;J10-A01;QASHQAI / 1.6 / 16V;Zdruûeno kraljestvo;GBR;osebni avtomobil;178;vecnamensko vozilo;QASHQAI 
84;1372;6.7;0;NISSAN;J10-A01;QASHQAI / 1.6 / 16V;Zdruûeno kraljestvo;GBR;osebni avtomobil;175;vecnamensko vozilo;QASHQAI 
84;1372;6.7;0;NISSAN;J10-A01;QASHQAI / 1.6 / 16V;Zdruûeno kraljestvo;GBR;osebni avtomobil;175;vozilo za posebne namene;QASHQAI 
84;2073;6.7;1;OPEL;F711-9BACBM05EAC9;VIVARO / COMBI 2.0 / DT;Nemcija;DEU;osebni avtomobil;160;vecnamensko vozilo;VIVARO 
84;1982;6.7;1;OPEL;F711-9BACBM053AC9;VIVARO / COMBI 2.0 / DT;Nemcija;DEU;osebni avtomobil;160;vecnamensko vozilo;VIVARO 
84;1280;6.7;0;RENAULT;LZVJ08;FLUENCE / 1.6 / 16V;Francija;FRA;osebni avtomobil;185;limuzina;FLUENCE 
84;1372;6.8;0;DACIA;HSDCVG;DUSTER / 1.6 / 16V 4x4;Romunija;ROM;osebni avtomobil;168;vozilo za posebne namene;DUSTER 
84;1372;6.8;0;DACIA;HSDCVG;DUSTER / 1.6 / 16V 4x4;Romunija;ROM;osebni avtomobil;168;karavan;DUSTER 
84;1365;6.8;0;NISSAN;J10-A02;QASHQAI+2 / 1.6 / 16V;Zdruûeno kraljestvo;GBR;osebni avtomobil;177;vecnamensko vozilo;QASHQAI+2 
84;2235;6.8;1;VOLKSWAGEN;GCAAD280X0-NNFM52Z1116NVR27MQG0S;TRANSPORTER / 2.0 / TDI;Nemcija;DEU;osebni avtomobil;163;vozilo za invalidski vozicek;TRANSPORTER 
84;2149;6.8;1;VOLKSWAGEN;GCAAD300X0-LNFM52Z1116VVR27MQG0S;TRANSPORTER / 2.0 / TDI;Nemcija;DEU;osebni avtomobil;163;vozilo z dostopom za invalidski vozicek;TRANSPORTER 
84;2133;6.8;1;VOLKSWAGEN;GCAAD280X0-NNFM52Z1116NVR27MJG0S;TRANSPORTER / 2.0 / TDI;Nemcija;DEU;osebni avtomobil;163;vozilo z dostopom za invalidski vozicek;TRANSPORTER 
84;1982;6.8;1;VOLKSWAGEN;KCAAD300X0-NNFM52Z1116NVR27MGG0S;CARAVELLE / 2.0 / TDI;Nemcija;DEU;osebni avtomobil;163;vecnamensko vozilo;CARAVELLE 
84;1976;6.8;1;VOLKSWAGEN;GCAAD300X0-LNFM52Z1116VVR27MJG0S;TRANSPORTER / 2.0 / TDI;Nemcija;DEU;osebni avtomobil;163;vecnamensko vozilo;TRANSPORTER 
84;1976;6.8;1;VOLKSWAGEN;GCAAD280X0-NNFM52Z1116NVR27MJG0S;TRANSPROTER / 2.0 / TDI;Nemcija;DEU;osebni avtomobil;163;vecnamensko vozilo;TRANSPROTER 
84;1419;6.9;0;DACIA;SRDHE4M16CW000M000;DUSTER / 1.6 / 16V 4x4;Francija;FRA;osebni avtomobil;173;vozilo za posebne namene;DUSTER 
84;1419;6.9;0;DACIA;SRDHE4M16CW000M000;DUSTER / 1.6 / 16V 4x4;Francija;FRA;osebni avtomobil;173;karavan;DUSTER 
84;2161;6.9;1;OPEL;H111-7AALBT03EAC8;VIVARO / COMBI 2.0 / DT;Nemcija;DEU;osebni avtomobil;160;vecnamensko vozilo;VIVARO 
84;2139;6.9;1;OPEL;F711-9BAEBM05EAC9;VIVARO / COMBI 2.0 / DT;Nemcija;DEU;osebni avtomobil;160;vecnamensko vozilo;VIVARO 
84;2073;6.9;1;OPEL;F711-9BACBM05EAC9;VIVARO / COMBI 2.0 / DT;Nemcija;DEU;osebni avtomobil;160;vecnamensko vozilo;VIVARO 
84;2200;6.9;1;RENAULT;JLA7AA;TRAFIC / 2.0 / DCI;Francija;FRA;osebni avtomobil;160;vozilo za posebne namene;TRAFIC 
84;1987;6.9;1;RENAULT;JLA7AA;TRAFIC / 2.0 / DCI;Francija;FRA;osebni avtomobil;160;vecnamensko vozilo;TRAFIC 
84;1982;6.9;1;RENAULT;JLB7BA;TRAFIC / 2.0 / DCI;Francija;FRA;osebni avtomobil;160;vecnamensko vozilo;TRAFIC 
84;1501;6.9;0;SUBARU;GX3-CIL;XV / WAGON 1.6 / i-S ES CVT AWD;Japonska ;JPN;osebni avtomobil;175;karavan;XV 
84;1975;7.1;1;OPEL;J9-A0AG;MOVANO / 2.5 / D;Francija;FRA;osebni avtomobil;156;vecnamensko vozilo;MOVANO 
84;1645;7.2;1;NISSAN;T30-E01;X-TRAIL / 2.2 / TD;Japonska ;JPN;osebni avtomobil;165;karavan;X-TRAIL 
84;1615;7.2;1;NISSAN;T30-E01;X-TRAIL / 2.2;Japonska ;JPN;osebni avtomobil;165;karavan;X-TRAIL 
84;1615;7.2;1;NISSAN;T30-E01;X-TRAIL / 2.2 / TD;Japonska ;JPN;osebni avtomobil;165;limuzina;X-TRAIL 
84;1600;7.2;1;NISSAN;T30-E01;X-TRAIL / 2.2;Japonska ;JPN;osebni avtomobil;165;limuzina;X-TRAIL 
84;1490;7.2;1;NISSAN;T30;X-TRAIL / 2.2 / TD;Japonska ;JPN;osebni avtomobil;165;karavan;X-TRAIL 
84;1490;7.2;1;NISSAN;TENT-30;X-TRAIL / 2.2 / TD;Japonska ;JPN;osebni avtomobil;165;limuzina;X-TRAIL 
84;2139;7.2;1;OPEL;F111-9BAEBM057AC9;VIVARO / COMBI 2.0 / DT AUT.;Nemcija;DEU;osebni avtomobil;160;vecnamensko vozilo;VIVARO 
84;2187;7.2;1;RENAULT;JLA3A6;TRAFIC / 2.0 / DCI;Francija;FRA;osebni avtomobil;160;vozilo za posebne namene;TRAFIC 
84;2038;7.2;1;RENAULT;JLC9A6;TRAFIC / 2.0 / DCI;Francija;FRA;osebni avtomobil;160;vecnamensko vozilo;TRAFIC 
84;1987;7.2;1;RENAULT;JLA3A6;TRAFIC / 2.0 / DCI;Francija;FRA;osebni avtomobil;160;vecnamensko vozilo;TRAFIC 
84;1987;7.2;1;RENAULT;JLA3A6;TRAFIC / 2.0 / DCI;Francija;FRA;osebni avtomobil;160;vozilo z dostopom za invalidski vozicek;TRAFIC 
84;1982;7.2;1;RENAULT;JLB3B6;TRAFIC / 2.0 / DCI;Francija;FRA;osebni avtomobil;160;vecnamensko vozilo;TRAFIC 
84;2161;7.3;1;OPEL;H111-7AALBT03SAE8;VIVARO / COMBI 2.0 / DT;Nemcija;DEU;osebni avtomobil;160;vecnamensko vozilo;VIVARO 
84;2139;7.3;1;OPEL;F111-9BAEBM05SAE9;VIVARO / COMBI 2.0 / DT;Nemcija;DEU;osebni avtomobil;160;vecnamensko vozilo;VIVARO 
84;2073;7.3;1;OPEL;H111-7AACBT03SAE8;VIVARO / COMBI 2.0 / DT;Nemcija;DEU;osebni avtomobil;160;vecnamensko vozilo;VIVARO 
84;2073;7.3;1;OPEL;F111-9BACBM05SAE9;VIVARO / COMBI 2.0 / DT;Nemcija;DEU;osebni avtomobil;160;vozilo z dostopom za invalidski vozicek;VIVARO 
84;2045;7.3;1;OPEL;C111-7AABBJ032AG9;VIVARO / COMBI 2.0 / DT;Nemcija;DEU;osebni avtomobil;160;vecnamensko vozilo;VIVARO 
84;2017;7.3;1;OPEL;C111-7AAABJ032AG9;VIVARO / COMBI 2.0 / DT;Nemcija;DEU;osebni avtomobil;160;vecnamensko vozilo;VIVARO 
84;1982;7.3;1;OPEL;F111-9BACBM052AE9;VIVARO / COMBI 2.0 / DT;Nemcija;DEU;osebni avtomobil;160;vecnamensko vozilo;VIVARO 
84;1976;7.3;1;OPEL;H111-7AACBT032AE8;VIVARO / COMBI 2.0 / DT;Nemcija;DEU;osebni avtomobil;160;vecnamensko vozilo;VIVARO 
84;2230;7.3;1;RENAULT;JLB7BS;TRAFIC / 2.0 / DCI;Francija;FRA;osebni avtomobil;160;vozilo za posebne namene;TRAFIC 
84;2043;7.3;1;RENAULT;JLR1BS;TRAFIC / 2.0 / DCI;Francija;FRA;osebni avtomobil;160;vecnamensko vozilo;TRAFIC 
84;2027;7.3;1;RENAULT;JLP1BS;TRAFIC / 2.0 / DCI;Francija;FRA;osebni avtomobil;160;vecnamensko vozilo;TRAFIC 
84;1982;7.3;1;RENAULT;JLB7BS;TRAFIC / 2.0 / DCI;Francija;FRA;osebni avtomobil;160;vecnamensko vozilo;TRAFIC 
84;1982;7.3;1;RENAULT;JLB7BS;TRAFIC / 2.0 / DCI;Francija;FRA;osebni avtomobil;160;vozilo z dostopom za invalidski vozicek;TRAFIC 
84;1976;7.3;1;RENAULT;JLC1A2;TRAFIC / 2.0 / DCI;Francija;FRA;osebni avtomobil;160;vecnamensko vozilo;TRAFIC 
84;1347;7.4;0;NISSAN;P11-KK02;PRIMERA / 1.8 /;Zdruûeno kraljestvo;GBR;osebni avtomobil;191;karavan;PRIMERA 
84;2155;7.4;1;OPEL;CH11-7A89BA01AAG9;VIVARO / COMBI 2.0 / DT MTA;Nemcija;DEU;osebni avtomobil;160;vecnamensko vozilo;VIVARO 
84;1420;7.5;0;NISSAN;ATV10;ALMERA TINO / 1.8;äpanija;ESP;osebni avtomobil;173;vozilo z dviûnimi vrati zadaj;ALMERA TINO 
84;2204;7.5;1;OPEL;HH11-7A96AH01AAG8;VIVARO / COMBI 2.0 / DT MTA;Nemcija;DEU;osebni avtomobil;160;vecnamensko vozilo;VIVARO 
84;2197;7.5;1;OPEL;HH11-7A83BF016AA8;VIVARO / COMBI 2.0 / DT;Nemcija;DEU;osebni avtomobil;160;vecnamensko vozilo;VIVARO 
84;2161;7.5;1;OPEL;H111-7AALBT03SAE8;VIVARO / COMBI 2.0 / DT;Nemcija;DEU;osebni avtomobil;160;vecnamensko vozilo;VIVARO 
84;2148;7.5;1;OPEL;CH11-7A44AH016AA9;VIVARO / COMBI 2.0 / DT;Nemcija;DEU;osebni avtomobil;160;vecnamensko vozilo;VIVARO 
84;2139;7.5;1;OPEL;F111-9BAEBM05SAE9;VIVARO / COMBI 2.0 / DT;Nemcija;DEU;osebni avtomobil;160;vecnamensko vozilo;VIVARO 
84;2073;7.5;1;OPEL;H111-7AACBT03SAE8;VIVARO / COMBI 2.0 / DT;Nemcija;DEU;osebni avtomobil;160;vecnamensko vozilo;VIVARO 
84;2042;7.5;1;OPEL;JH11-7A95BR016AA9;VIVARO / COMBI 2.0 / DT;Nemcija;DEU;osebni avtomobil;160;vecnamensko vozilo;VIVARO 
84;2017;7.5;1;RENAULT;JLB3B6;TRAFIC / 2.0 / DCI;Francija;FRA;osebni avtomobil;160;vozilo z dostopom za invalidski vozicek;TRAFIC 
84;2009;7.5;1;RENAULT;FLB1B6;TRAFIC 2.0 / DCI;Francija;FRA;osebni avtomobil;160;vecnamensko vozilo;TRAFIC 2.0 
84;1982;7.5;1;RENAULT;JLB7BS;TRAFIC / 2.0 / DCI;Francija;FRA;osebni avtomobil;160;vecnamensko vozilo;TRAFIC 
84;1976;7.5;1;RENAULT;JLC1AS;TRAFIC / 2.0 / DCI;Francija;FRA;osebni avtomobil;160;vecnamensko vozilo;TRAFIC 
84;1957;7.5;1;RENAULT;JLAHA6;TRAFIC / 2.0 / DCI;Francija;FRA;osebni avtomobil;160;vecnamensko vozilo;TRAFIC 
84;1030;7.5;0;TOYOTA;AE101L;COROLLA / 1.6;Japonska ;JPN;osebni avtomobil;195;vozilo z dviûnimi vrati zadaj;COROLLA 
84;1838;7.5;1;VOLKSWAGEN;GCXHB280X0-NNFM52Z1116NVR27CSL2B81A;TRANSPORTER / 2.0 / TDI;Nemcija;DEU;osebni avtomobil;163;vecnamensko vozilo;TRANSPORTER 
84;2161;7.58;1;OPEL;H111-7AALBT03SAE8;VIVARO / COMBI 2.0 / DT;Nemcija;DEU;osebni avtomobil;160;vecnamensko vozilo;VIVARO 
84;2148;7.6;1;OPEL;CH11-7A44AH016AA9;VIVARO / COMBI 2.0 / DT;Nemcija;DEU;osebni avtomobil;160;vecnamensko vozilo;VIVARO 
84;2038;7.6;1;OPEL;H111-7A24BT038AG8;VIVARO / COMBI 2.0 / DT;Nemcija;DEU;osebni avtomobil;160;vecnamensko vozilo;VIVARO 
84;1987;7.6;1;OPEL;C711-SAASBJ038AG9;VIVARO / COMBI 2.0 / DT;Nemcija;DEU;osebni avtomobil;150;vecnamensko vozilo;VIVARO 
84;1982;7.6;1;OPEL;F711-NB55BM058AE9;VIVARO / COMBI 2.0 / DT;Nemcija;DEU;osebni avtomobil;160;karavan;VIVARO 
84;1982;7.6;1;OPEL;F711-NB55BM058AE9;VIVARO / COMBI 2.0 / DT;Nemcija;DEU;osebni avtomobil;160;vozilo z dostopom za invalidski vozicek;VIVARO 
84;1982;7.6;1;OPEL;F711-NB55BM058AE9;VIVARO / COMBI 2.0 / DT;Nemcija;DEU;osebni avtomobil;145;karavan;VIVARO 
84;2184;7.6;1;RENAULT;JLA7A6;TRAFIC / 2.0 / DCI;Francija;FRA;osebni avtomobil;160;vecnamensko vozilo;TRAFIC 
84;1957;7.6;1;RENAULT;JLAHA6;TRAFIC / 2.0 / DCI;Francija;FRA;osebni avtomobil;160;vecnamensko vozilo;TRAFIC 
84;1433;7.6;0;SUBARU;GT3-CAL;IMPREZA / WAGON 1.6 / i ES CVT AWD;Japonska ;JPN;osebni avtomobil;180;karavan;IMPREZA 
84;1859;7.6;1;VOLKSWAGEN;GCXHB300X0-LNFM52Z1116VVR27CSL2B91A;TRANSPORTER / 2.0 / TDI;Nemcija;DEU;osebni avtomobil;163;vecnamensko vozilo;TRANSPORTER 
84;1380;7.7;0;NISSAN;V10-B02;ALMERA TINO / 1.8;Japonska ;JPN;osebni avtomobil;173;vecnamensko vozilo;ALMERA TINO 
84;2273;7.7;1;OPEL;FH11-9B49AV056AB9;VIVARO / COMBI 2.0 / DT;Nemcija;DEU;osebni avtomobil;160;vecnamensko vozilo;VIVARO 
84;2197;7.7;1;OPEL;HH11-7A83BF016AA8;VIVARO / COMBI 2.0 / DT;Nemcija;DEU;osebni avtomobil;160;vecnamensko vozilo;VIVARO 
84;1976;7.7;1;OPEL;FH11-NBBAAV056AG9;VIVARO / COMBI 2.0 / DT;Nemcija;DEU;osebni avtomobil;160;vecnamensko vozilo;VIVARO 
84;2078;7.7;1;RENAULT;JLPHB6;TRAFIC / 2.0 / DCI;Francija;FRA;osebni avtomobil;160;vecnamensko vozilo;TRAFIC 
84;1324;7.8;0;DACIA;SRDHE2M15CV000M000;DUSTER / 1.6 / 16V;Francija;FRA;osebni avtomobil;170;karavan;DUSTER 
84;2197;7.8;1;OPEL;HH11-7A83BF016AA8;VIVARO / COMBI 2.0 / DT;Nemcija;DEU;osebni avtomobil;160;vecnamensko vozilo;VIVARO 
84;2155;7.8;1;OPEL;CH11-7A89BA01AAA9;VIVARO / COMBI 2.0 / DT MTA;Nemcija;DEU;osebni avtomobil;160;vecnamensko vozilo;VIVARO 
84;2045;7.8;1;OPEL;FH11-9B49AV056AB9;VIVARO / COMBI 2.0 / DT;Nemcija;DEU;osebni avtomobil;160;vecnamensko vozilo;VIVARO 
84;2037;7.8;1;OPEL;HP11-7AAWBT038AC8;VIVARO / COMBI 2.0 / DT;Nemcija;DEU;osebni avtomobil;160;vecnamensko vozilo;VIVARO 
84;1976;7.8;1;OPEL;CP11-SABABJ038AG9;VIVARO / COMBI 2.0 / DT;Nemcija;DEU;osebni avtomobil;160;vecnamensko vozilo;VIVARO 
84;2795;7.8;1;RENAULT;JLBHB6;TRAFIC / 2.0 / DCI;Francija;FRA;osebni avtomobil;160;vozilo za posebne namene;TRAFIC 
84;2057;7.8;1;RENAULT;JLCPA6;TRAFIC / 2.0 / DCI;Francija;FRA;osebni avtomobil;160;vozilo z dostopom za invalidski vozicek;TRAFIC 
84;2055;7.8;1;RENAULT;JLBHB6;TRAFIC / 2.0 / DCI;Francija;FRA;osebni avtomobil;160;vozilo za invalidski vozicek;TRAFIC 
84;2043;7.8;1;RENAULT;JLRPB6;TRAFIC / 2.0 / DCI;Francija;FRA;osebni avtomobil;160;vecnamensko vozilo;TRAFIC 
84;2037;7.8;1;RENAULT;JLCPA6;TRAFIC / 2.0 / DCI;Francija;FRA;osebni avtomobil;160;vecnamensko vozilo;TRAFIC 
84;2029;7.8;1;RENAULT;JLBHB6;TRAFIC / 2.0 / DCI;Francija;FRA;osebni avtomobil;160;vecnamensko vozilo;TRAFIC 
84;2019;7.8;1;RENAULT;JLCHA6;TRAFIC / 2.0 / DCI;Francija;FRA;osebni avtomobil;160;vecnamensko vozilo;TRAFIC 
84;2018;7.8;1;RENAULT;JLBHA6;TRAFIC / 2.0 / DCI;Francija;FRA;osebni avtomobil;160;vozilo za invalidski vozicek;TRAFIC 
84;1982;7.8;1;RENAULT;JLBPBS;TRAFIC / 2.0 / DCI;Francija;FRA;osebni avtomobil;160;vecnamensko vozilo;TRAFIC 
84;1968;7.8;1;RENAULT;JLBHA6;TRAFIC / 2.0 / DCI;Francija;FRA;osebni avtomobil;160;vecnamensko vozilo;TRAFIC 
84;1314;7.9;0;DACIA;SRDHE2M15CV000M000;DUSTER / 1.6 / 16V;Francija;FRA;osebni avtomobil;170;karavan;DUSTER 
84;1835;8.2;1;NISSAN;J4DHA6;PRIMASTAR / 2.0 / DCI;äpanija;ESP;osebni avtomobil;160;karavan;PRIMASTAR 
84;2197;8.2;1;OPEL;HH11-7A83BF016AA8;VIVARO / COMBI 2.0 / DT;Nemcija;DEU;osebni avtomobil;160;vecnamensko vozilo;VIVARO 
84;2148;8.2;1;OPEL;CH11-7A44AH016AA9;VIVARO / COMBI 2.0 / DT;Nemcija;DEU;osebni avtomobil;160;vecnamensko vozilo;VIVARO 
84;2148;8.2;1;OPEL;CH11-7A44AH016AA9;VIVARO / COMBI 2.0 / DT;Nemcija;DEU;osebni avtomobil;145;vecnamensko vozilo;VIVARO 
84;2144;8.2;1;OPEL;BH11-7A43AH026AG6;VIVARO / COMBI 2.0 / DT;Nemcija;DEU;osebni avtomobil;160;karavan;VIVARO 
84;2071;8.2;1;OPEL;CH11-7A44AH016AA9;VIVARO / COMBI 2.0 / DT;Nemcija;DEU;osebni avtomobil;160;vozilo z dostopom za invalidski vozicek;VIVARO 
84;1957;8.2;1;OPEL;CH11-7A44AH016AA9;VIVARO / COMBI 2.0 / DT;Nemcija;DEU;osebni avtomobil;160;vozilo za invalidski vozicek;VIVARO 
84;1835;8.2;1;OPEL;BH11-7A42AH016AA6;VIVARO / COMBI 2.0 / DT;Nemcija;DEU;osebni avtomobil;160;karavan;VIVARO 
84;2068;8.2;1;RENAULT;JLDHA6;TRAFIC / 2.0 / DCI;Francija;FRA;osebni avtomobil;160;karavan;TRAFIC 
84;2042;8.2;1;RENAULT;JLXHA6;TRAFIC / 2.0 / DCI;Francija;FRA;osebni avtomobil;160;vecnamensko vozilo;TRAFIC 
84;1957;8.2;1;RENAULT;JLAHA6;TRAFIC / 2.0 / DCI;Francija;FRA;osebni avtomobil;160;vecnamensko vozilo;TRAFIC 
84;1421;8.3;0;DACIA;SRDHE4M16CW000M000;DUSTER / 1.6 / 16V 4x4;Francija;FRA;osebni avtomobil;173;karavan;DUSTER 
84;1411;8.4;0;DACIA;SRDHE4M16CW000M000;DUSTER / 1.6 / 16V 4x4;Francija;FRA;osebni avtomobil;173;karavan;DUSTER 
84;2905;8.4;1;OPEL;FH11-9B49AV056AB9;VIVARO / COMBI 2.0 / DT;Nemcija;DEU;osebni avtomobil;160;vozilo za posebne namene;VIVARO 
84;2273;8.4;1;OPEL;FH11-9B49AV056AB9;VIVARO / COMBI 2.0 / DT;Nemcija;DEU;osebni avtomobil;160;vecnamensko vozilo;VIVARO 
84;2205;8.4;1;OPEL;CH11-9A46AT036AB9;VIVARO / COMBI 2.0 / DT;Nemcija;DEU;osebni avtomobil;160;vecnamensko vozilo;VIVARO 
84;2197;8.4;1;OPEL;HH11-7A83BF016AA8;VIVARO / COMBI 2.0 / DT;Nemcija;DEU;osebni avtomobil;160;vecnamensko vozilo;VIVARO 
84;2044;8.4;1;OPEL;HH11-7A83BF016AA8;VIVARO / COMBI 2.0 / DT;Nemcija;DEU;osebni avtomobil;160;vozilo za invalidski vozicek;VIVARO 
84;2795;8.4;1;RENAULT;JLBHB6;TRAFIC / 2.0 / DCI;Francija;FRA;osebni avtomobil;160;vozilo za posebne namene;TRAFIC 
84;2041;8.4;1;RENAULT;JLCHA6;TRAFIC / 2.0 / DCI;Francija;FRA;osebni avtomobil;160;vecnamensko vozilo;TRAFIC 
84;2029;8.4;1;RENAULT;JLBHB6;TRAFIC / 2.0 / DCI;Francija;FRA;osebni avtomobil;160;vecnamensko vozilo;TRAFIC 
84;1996;8.4;1;RENAULT;JLUHA6;TRAFIC / 2.0 / DCI;Francija;FRA;osebni avtomobil;160;vecnamensko vozilo;TRAFIC 
84;1968;8.4;1;RENAULT;JLBHA6;TRAFIC / 2.0 / DCI;Francija;FRA;osebni avtomobil;160;vecnamensko vozilo;TRAFIC 
84;1968;8.4;1;RENAULT;JLBHA6;TRAFIC / 2.0 / DCI;Francija;FRA;osebni avtomobil;160;vozilo za posebne namene;TRAFIC 
84;2200;8.6;1;RENAULT;JLNHA6;TRAFIC / 2.0 / DCI;Francija;FRA;osebni avtomobil;160;vecnamensko vozilo;TRAFIC 
84;1375;8.7;0;RENAULT;K56;LAGUNA / 2.0 RXE;Francija;FRA;osebni avtomobil;190;karavan;LAGUNA 
84;2875;8.9;1;RENAULT;JDCMH6;MASTER / COMBI 2.5 / DCI;Francija;FRA;osebni avtomobil;143;vozilo za posebne namene;MASTER 
84;2759;8.9;1;RENAULT;JDAMD6;MASTER / COMBI 2.5 / DCI;Francija;FRA;osebni avtomobil;145;vozilo za posebne namene;MASTER 
84;2093;8.9;1;RENAULT;JDAMD6;MASTER / COMBI 2.5;Francija;FRA;osebni avtomobil;145;vecnamensko vozilo;MASTER 
84;1992;8.9;1;RENAULT;JDCMH6;MASTER / COMBI 2.5 / DCI;Francija;FRA;osebni avtomobil;143;vecnamensko vozilo;MASTER 
84;1978;8.9;1;RENAULT;JDTMH6;MASTER / COMBI 2.5;Francija;FRA;osebni avtomobil;143;vecnamensko vozilo;MASTER 
84;1904;8.9;1;RENAULT;JDAMD6;MASTER / COMBI 2.5 / DCI;Francija;FRA;osebni avtomobil;145;vecnamensko vozilo;MASTER 
84;1904;8.9;1;RENAULT;JDAMD6;MASTER / COMBI 2.5;Francija;FRA;osebni avtomobil;145;vozilo za posebne namene;MASTER 
84;1891;8.9;1;RENAULT;JDSMD6;MASTER / COMBI 2.5 / DCI;Francija;FRA;osebni avtomobil;145;vecnamensko vozilo;MASTER 
84;2227;9.2;1;RENAULT;JDNMD6;MASTER / COMBI 2.5;Francija;FRA;osebni avtomobil;145;vecnamensko vozilo;MASTER 
84;1415;9.5;0;MITSUBISHI;H141-LPPWWMM15;PAJERO / PININ 1.8;Japonska ;JPN;osebni avtomobil;155;limuzina;PAJERO 
84;1415;9.5;0;MITSUBISHI;H141-LPPWWMM15;PAJERO PININ / 1.8 /;Japonska ;JPN;osebni avtomobil;155;karavan;PAJERO PININ 
84;1330;9.5;0;MITSUBISHI;H141-SMMKKRR14;PAJERO PININ / 1.8 /;Japonska ;JPN;osebni avtomobil;155;karavan;PAJERO PININ 
84;1330;9.5;0;MITSUBISHI;H141-SMMKKMM14;PAJERO / PININ 1.8;Japonska ;JPN;osebni avtomobil;155;limuzina;PAJERO 
84;1330;9.5;0;MITSUBISHI;H141-SMMKKMM14;PAJERO / PININ 1.8;Japonska ;JPN;osebni avtomobil;155;karavan;PAJERO 
84;1330;9.5;0;MITSUBISHI;H60W-H141;PAJERO PININ / 1.8 /;Japonska ;JPN;osebni avtomobil;155;limuzina;PAJERO PININ 
84;1340;9.7;0;MITSUBISHI;H141-LPPWWWM15;PAJERO PININ / 1.8 /;Japonska ;JPN;osebni avtomobil;155;limuzina;PAJERO PININ 
84;1545;9.9;1;NISSAN;T30-F-F02;X-TRAIL / 2.2 / DI;Japonska ;JPN;osebni avtomobil;180;vecnamensko vozilo;X-TRAIL 
84;1372;9.9;0;NISSAN;J-10-A01;QASHQAI / 1.6;Japonska ;JPN;osebni avtomobil;175;vecnamensko vozilo;QASHQAI 
84.4;1465;4.6;1;JEEP;BUAXA1B00B;RENEGADE / 1.6 / JTD FWD;Zdruûene drûave;USA;osebni avtomobil;178;vecnamensko vozilo;RENEGADE 
84.6;1470;4.7;1;HYUNDAI;B5D21-M54AZ1;i 30 / 1.6 / CRDi;Koreja. republika;KOR;osebni avtomobil;188;vecnamensko vozilo;i 30 
84.6;1366;4.7;1;HYUNDAI;B5D31-M54AZ1;i 30 / 1.6 / CRDi;Koreja. republika;KOR;osebni avtomobil;188;vecnamensko vozilo;i 30 
84.6;1367;4.7;1;KIA;EDB5D21-M54AZ1;CEED / 1.6 / D;Slovaöka;SVK;osebni avtomobil;188;vecnamensko vozilo;CEED 
84.6;1358;4.7;1;KIA;EDB3D41-M54AZ1;CEED / 1.6 / D;Slovaöka;SVK;osebni avtomobil;188;vecnamensko vozilo;CEED 
84.6;1439;4.8;1;KIA;EDB3D41-M54BZ1;CEED / 1.6 / D;Slovaöka;SVK;osebni avtomobil;188;vecnamensko vozilo;CEED 
84.6;1367;4.8;1;KIA;EDB5D41-M54BZ1;CEED / 1.6 / D;Slovaöka;SVK;osebni avtomobil;188;vecnamensko vozilo;CEED 
84.6;1517;4.9;1;HYUNDAI;F5D21-M54AZ1;i 30 CW / 1.6 / CRDi;Koreja. republika;KOR;osebni avtomobil;188;vecnamensko vozilo;i 30 CW 
84.6;1419;4.9;1;KIA;EDF5D41-M54AZ1;CEED / 1.6 / D;Slovaöka;SVK;osebni avtomobil;188;vecnamensko vozilo;CEED 
84.6;1415;5.9;0;HYUNDAI;F5P91-M57CZ1;i 30 CW / 1.6 / LP;Ceöka republika;CZE;osebni avtomobil;188;vecnamensko vozilo;i 30 CW 
85;2060;10.2;1;OPEL;AD11/A01AAADC5;FRONTERA / 2.5 / TD;Zdruûeno kraljestvo;GBR;osebni avtomobil;155;limuzina;FRONTERA 
85;1990;10.3;1;MITSUBISHI;KN421-7DDDD5645;PAJERO SPORT / 2.5 / TD GLS;Japonska ;JPN;osebni avtomobil;150;limuzina;PAJERO SPORT 
85;1990;10.3;1;MITSUBISHI;KN421-7DDDD5645;PAJERO SPORT / 2.5 / TD GLS;Japonska ;JPN;osebni avtomobil;150;karavan;PAJERO SPORT 
85;1990;10.3;1;MITSUBISHI;KN421;PAJERO SPORT / 2.5 / TD GLS;Japonska ;JPN;osebni avtomobil;145;limuzina;PAJERO SPORT 
85;1990;10.3;1;MITSUBISHI;K90;PAJERO SPORT / 2.5 / TD;Japonska ;JPN;osebni avtomobil;145;karavan;PAJERO SPORT 
85;1830;10.3;1;MITSUBISHI;V20VE21-S55AAN;PAJERO / 2.5;Japonska ;JPN;osebni avtomobil;145;limuzina;PAJERO 
85;1830;10.4;1;MITSUBISHI;VE21-S55AAN665;PAJERO / 2.5 / TD;Japonska ;JPN;osebni avtomobil;145;limuzina;PAJERO 
85;1830;10.4;1;MITSUBISHI;V20VE21-S55AAN665;PAJERO / 2.5 / TD;Japonska ;JPN;osebni avtomobil;145;karavan;PAJERO 
85;1653;10.5;1;JEEP;XJ;CHEROKEE / 2.5 / TDI;Zdruûene drûave;USA;osebni avtomobil;165;limuzina;CHEROKEE 
85;1980;10.8;1;MITSUBISHI;V6221-LJJBC8537;PAJERO / 2.5 / GLX LWB;Japonska ;JPN;osebni avtomobil;150;karavan;PAJERO 
85;1980;10.8;1;MITSUBISHI;V60-V6;PAJERO / 2.5 / TDI;Japonska ;JPN;osebni avtomobil;145;karavan;PAJERO 
85;1800;10.8;1;MITSUBISHI;V20VE21-S33AAN665;PAJERO / 2.5 / TDI;Japonska ;JPN;osebni avtomobil;150;limuzina;PAJERO 
85;2005;10.9;1;MITSUBISHI;V44WGNDGL6Y;PAJERO / 2.5 / TD;Japonska ;JPN;osebni avtomobil;145;karavan;PAJERO 
85;1860;10.9;1;MITSUBISHI;V6221-SBBAAS535;PAJERO / 2.5 / GLX SWB;Japonska ;JPN;osebni avtomobil;145;karavan;PAJERO 
85;1695;10.9;0;OPEL;52SUD;FRONTERA / SPORT / 2.0  I;Zdruûeno kraljestvo;GBR;osebni avtomobil;158;karavan;FRONTERA 
85;1731;11.4;1;VOLKSWAGEN;SEA8CAUYX11-NSGQM62N006R;SHARAN / 1.9 / TDI 4M;Nemcija;DEU;osebni avtomobil;178;vecnamensko vozilo;SHARAN 
85;2045;12.4;0;VOLKSWAGEN;AVTKNX1-L1P00J2SGAM52D011S;TRANSPORTER / 2.5 / SYN.;Nemcija;DEU;osebni avtomobil;162;vecnamensko vozilo;TRANSPORTER 
85;1475;12.5;0;OPEL;BC11-B04CBBCA4;FRONTERA / SPORT 2.0;Zdruûeno kraljestvo;GBR;osebni avtomobil;157;limuzina;FRONTERA 
85;1375;3.3;1;PEUGEOT;LCBHXH-R26000;308 / BREAK 1.6 / HDI;Francija;FRA;osebni avtomobil;194;vecnamensko vozilo;308
85;1395;3.4;1;BMW;1V91-6H150000;116 / Efficient Dynamics / d;Nemcija;DEU;osebni avtomobil;195;karavan;116
85;1250;3.5;1;AUDI;SCXMAF1-FM52R029P8X02LLS57MMEM2;A1 / 1.6 / TDI;Nemcija;DEU;osebni avtomobil;200;vozilo z dviûnimi vrati zadaj;A1 
85;1210;3.5;1;MINI;XN31-6H1400C0;COOPER D / /;Nemcija;DEU;osebni avtomobil;204;vozilo z dviûnimi vrati zadaj;COOPER D 
85;1425;3.6;1;BMW;1V71-6A150000;116 / / D AUT.;Nemcija;DEU;osebni avtomobil;200;karavan;116
85;1494;3.6;1;FORD;BA7NGCA1E-5BCENG;MONDEO / 1.6 / TDCI M6 ECO 94;Nemcija;DEU;osebni avtomobil;192;vozilo z dviûnimi vrati zadaj;MONDEO 
85;1265;3.6;1;MINI;XT31-6H1500C0;COOPER D / /;Nemcija;DEU;osebni avtomobil;203;karavan;COOPER D 
85;1250;3.7;1;AUDI;SCXMAF1-FM52R029P8X02LLS47MMEM2;A1 / 1.6 / TDI;Nemcija;DEU;osebni avtomobil;200;vozilo z dviûnimi vrati zadaj;A1 
85;1395;3.7;1;BMW;1V71-6H150000;116 / / d;Nemcija;DEU;osebni avtomobil;200;karavan;116
85;1225;3.7;1;MINI;XN31-6A140000;COOPER D / / AUT.;Nemcija;DEU;osebni avtomobil;205;vozilo z dviûnimi vrati zadaj;COOPER D 
85;1275;3.7;1;PEUGEOT;LC9HCG-R2F000;308 / BREAK 1.6 / HDI;Francija;FRA;osebni avtomobil;194;vecnamensko vozilo;308
85;1275;3.7;1;PEUGEOT;LC9HCG-R2F000;308 / BREAK 1.6 / HDI;Francija;FRA;osebni avtomobil;193;vecnamensko vozilo;308
85;1237;3.7;1;PEUGEOT;LB9HCG-C2F000;308 / 1.6 / HDI;Francija;FRA;osebni avtomobil;196;vozilo z dviûnimi vrati zadaj;308
85;1250;3.8;1;AUDI;SCXMAF1-FM5FM52R029P8X01LLS57MMEM2;A1 / 1.6 / TDI;Nemcija;DEU;osebni avtomobil;200;vozilo z dviûnimi vrati zadaj;A1 
85;1440;3.8;1;BMW;2B31-6H1500C0;216 / / d ACTIVE TOURER;Nemcija;DEU;osebni avtomobil;195;karavan;216
85;1425;3.8;1;BMW;1V71-6A150000;116 / / d AUT.;Nemcija;DEU;osebni avtomobil;200;karavan;116
85;1395;3.8;1;BMW;1C91-5H050000;116 / / ED;Nemcija;DEU;osebni avtomobil;195;karavan;116
85;1390;3.8;1;BMW;1N31-5H040000;116 / / ed;Nemcija;DEU;osebni avtomobil;195;karavan;116
85;1385;3.8;1;BMW;1C91-5H000;116 / / ed;Nemcija;DEU;osebni avtomobil;195;vozilo za posebne namene;116
85;1385;3.8;1;BMW;1C91-5H000;116 / / ed;Nemcija;DEU;osebni avtomobil;195;karavan;116
85;1440;3.8;1;CITROEN;3ABHXM/2S;C4 PICASSO / 1.6 / HDI;Francija;FRA;osebni avtomobil;189;vecnamensko vozilo;C4 PICASSO 
85;1395;3.8;1;CITROEN;3DBHXM/2SM;C4 PICASSO / 1.6 / HDI;Francija;FRA;osebni avtomobil;189;karavan;C4 PICASSO 
85;1385;3.8;1;DS;NXBHXT/2S;DS4 / 1.6 / HDI AUT.;Francija;FRA;osebni avtomobil;190;vozilo z dviûnimi vrati zadaj;DS4 
85;1515;3.8;1;FORD;BA7-NGCA1F-5BCEPR;MONDEO / 1.6 / TDCI M6 ECO 99;Nemcija;DEU;osebni avtomobil;187;karavan;MONDEO 
85;1395;3.8;1;MINI;LR71-6H1500C0;CLUBMAN ONE D /;Nemcija;DEU;osebni avtomobil;192;karavan;CLUBMAN ONE D 
85;1625;3.8;1;PEUGEOT;8EBHXM/S;508 / BREAK 1.6 / HDI;Francija;FRA;osebni avtomobil;199;karavan;508
85;1275;3.8;1;PEUGEOT;LC9HCG-R22000;308 / BREAK 1.6 / HDI;Francija;FRA;osebni avtomobil;193;vecnamensko vozilo;308
85;1275;3.8;1;PEUGEOT;LC9HCG-R22000;308 / BREAK 1.6 / HDI;Francija;FRA;osebni avtomobil;192;vecnamensko vozilo;308
85;1275;3.8;1;PEUGEOT;LC9HCG-R2B000;308 / BREAK 1.6 / HDI;Francija;FRA;osebni avtomobil;189;vecnamensko vozilo;308
85;1237;3.8;1;PEUGEOT;LB9HCG-C22000;308 / 1.6 / HDI;Francija;FRA;osebni avtomobil;194;vozilo z dviûnimi vrati zadaj;308
85;1237;3.8;1;PEUGEOT;LB9HCG-C2B000;308 / 1.6 / HDI;Francija;FRA;osebni avtomobil;191;vozilo z dviûnimi vrati zadaj;308
85;1275;3.8;1;äKODA;ABCXMA-NFM5FM52R029STN762SK;RAPID / 1.6 / TDI;Ceöka republika;CZE;osebni avtomobil;198;vozilo z dviûnimi vrati zadaj;RAPID 
85;1380;3.8;1;VOLKSWAGEN;ACDSUDX0-FM6FM6C9002N4BFOVL1BVR2A0;GOLF / 2.0 / TDI;Nemcija;DEU;osebni avtomobil;202;karavan;GOLF 
85;1360;3.9;1;AUDI;SDDYAF1-FD7FD7AM014P8V317MMEM1;A3 / 1.6 / TDI AUT.;Nemcija;DEU;osebni avtomobil;202;vozilo z dviûnimi vrati zadaj;A3 
85;1500;3.9;1;BMW;HT51-6H1500C0;X1 / sDrive 16 / d;Nemcija;DEU;osebni avtomobil;190;karavan;X1 
85;1495;3.9;1;BMW;3W31-6H150000;316 / / d;Nemcija;DEU;osebni avtomobil;205;limuzina;316
85;1495;3.9;1;BMW;2E31-6H1500C0;216 / / d GRAN TOURER;Nemcija;DEU;osebni avtomobil;192;karavan;216
85;1470;3.9;1;BMW;2B31-6A1500C0;216 / / d ACTIVE TOURER AUT.;Nemcija;DEU;osebni avtomobil;195;karavan;216
85;1425;3.9;1;BMW;1V71-6A250000;116 / / d AUT.;Nemcija;DEU;osebni avtomobil;200;karavan;116
85;1434;3.9;1;CITROEN;3ABHXT/2SM;C4 PICASSO / 1.6 / HDI AUT.;Francija;FRA;osebni avtomobil;184;vecnamensko vozilo;C4 PICASSO 
85;1425;3.9;1;KIA;CDF5D11-M66A11;CEED / 1.6 / TD;Slovaöka;SVK;osebni avtomobil;192;karavan;CEED 
85;1485;3.9;1;MERCEDES BENZ;R03KP0-PZABB501;C / 180 / BLUETEC;Nemcija;DEU;osebni avtomobil;205;limuzina;C 
85;1422;3.9;1;äKODA;ACDDYAX0-NFD7FD7CW002STVLN617;OCTAVIA / COMBI 1.6 / TDI AUT.;Ceöka republika;CZE;osebni avtomobil;200;karavan;OCTAVIA 
85;1363;3.9;1;äKODA;AADGTEX0-NFD7FD7CW0027CPSTVLN1B7A;OCTAVIA / 1.6 / TDI AUT.;Ceöka republika;CZE;osebni avtomobil;204;limuzina;OCTAVIA 
85;1320;3.9;1;äKODA;AADDYAX0-NFD7FD7CW002STVLN617;OCTAVIA / 1.6 / TDI AUT.;Ceöka republika;CZE;osebni avtomobil;202;limuzina;OCTAVIA 
85;1343;3.9;1;VOLKSWAGEN;GAC4DDYAX0-FD7FD7CW002N7MMON1VL61VR2N;GOLF / 1.6 / TDI AUT.;Nemcija;DEU;osebni avtomobil;198;karavan;GOLF 
85;1413;4.1;1;AUDI;SDDYAF1-FM6FM62S027P8V337MMEM1;A3 / 1.6 / TDI;Nemcija;DEU;osebni avtomobil;202;vozilo z dviûnimi vrati zadaj;A3 
85;1395;4.1;1;AUDI;XDDYAF1-FD7FD7CW002PGA077MMEM1HA0;Q2 / 1.6 / TDI AUT.;Nemcija;DEU;osebni avtomobil;197;karavan;Q2 
85;1365;4.1;1;AUDI;SDDYAF1-FM6FM62S027RT0P8V337MM0EM1;A3 / 1.6 / TDI;Nemcija;DEU;osebni avtomobil;202;vozilo z dviûnimi vrati zadaj;A3 
85;1360;4.1;1;AUDI;SDDYAF1-FD7FD7AM014P8V357MMEM1;A3 / 1.6 / TDI AUT.;Nemcija;DEU;osebni avtomobil;202;vozilo z dviûnimi vrati zadaj;A3 
85;1345;4.1;1;AUDI;LDDYAF1-FM6FM62S027P8V427MMEM1;A3 / 1.6 / TDI;Nemcija;DEU;osebni avtomobil;205;limuzina;A3 
85;1345;4.1;1;AUDI;LDDYAF1-FM6FM62S027P8V427MMEM1;A3 / 1.6 / TDI;Nemcija;DEU;osebni avtomobil;205;vozilo za posebne namene;A3 
85;1585;4.1;1;BMW;8L51-6A150000;316 / TOURING / d AUT.;Nemcija;DEU;osebni avtomobil;198;karavan;316
85;1570;4.1;1;BMW;8L71-6H150000;316 / TOURING / d;Nemcija;DEU;osebni avtomobil;200;karavan;316
85;1555;4.1;1;BMW;2E31-6A1700C0;216 / / d GRAN TOURER AUT.;Nemcija;DEU;osebni avtomobil;192;karavan;216
85;1545;4.1;1;BMW;2E31-6H1700C0;216 / / d GRAN TOURER;Nemcija;DEU;osebni avtomobil;192;karavan;216
85;1495;4.1;1;BMW;8F91-6H250000;316 / / d;Nemcija;DEU;osebni avtomobil;205;limuzina;316
85;1425;4.1;1;BMW;1C71-5A150000;116 / / d AUT.;Nemcija;DEU;osebni avtomobil;200;karavan;116
85;1420;4.1;1;BMW;1C71-5A100;116 / / d AUT.;Nemcija;DEU;osebni avtomobil;200;karavan;116
85;1395;4.1;1;BMW;1C71-5H150000;116 / / d;Nemcija;DEU;osebni avtomobil;200;karavan;116
85;1390;4.1;1;BMW;1N11-5H150000;116 / / d;Nemcija;DEU;osebni avtomobil;200;karavan;116
85;1385;4.1;1;BMW;1C71-5H100;116 / / d;Nemcija;DEU;osebni avtomobil;200;karavan;116
85;1434;4.1;1;CITROEN;3ABHXT/1S;C4 PICASSO / 1.6 / HDI AUT.;Francija;FRA;osebni avtomobil;184;vecnamensko vozilo;C4 PICASSO 
85;1432;4.1;1;CITROEN;3EBHXT/1S;C4 PICASSO / 1.6 / HDI AUT.;Francija;FRA;osebni avtomobil;184;karavan;C4 PICASSO 
85;1526;4.1;1;HYUNDAI;F5D21-D72BZ1;i30 CW / 1.6 / CRDi DCT;Ceöka republika;CZE;osebni avtomobil;192;karavan;i30 CW 
85;1415;4.1;1;KIA;CDB5D11-D72A11;CEED / 1.6 / TD AUT.;Slovaöka;SVK;osebni avtomobil;192;vozilo z dviûnimi vrati zadaj;CEED 
85;1445;4.1;1;MERCEDES BENZ;X203T2-EZAA151B;A / 180 / d AUT.;Nemcija;DEU;osebni avtomobil;202;karavan;A 
85;1305;4.1;1;SEAT;FDDYAX0V-FM5SFM5A40517MMVLO563;LEON ST / 1.6 / TDI;äpanija;ESP;osebni avtomobil;197;karavan;LEON ST 
85;1303;4.1;1;SEAT;XDGTA-FM6SFM62S0347MV581;ARONA / 1.6 / TDI;äpanija;ESP;osebni avtomobil;185;vozilo z dviûnimi vrati zadaj;ARONA 
85;1465;4.1;1;äKODA;AADTRDX0-NFM6FM6C90044BIVL3N1A1A;OCTAVIA / 2.0 / TDI;Ceöka republika;CZE;osebni avtomobil;212;limuzina;OCTAVIA 
85;1348;4.1;1;äKODA;AADGTEX0-NFM5FM5A40517CPSTVLN1B7A;OCTAVIA / 1.6 / TDI;Ceöka republika;CZE;osebni avtomobil;205;limuzina;OCTAVIA 
85;1327;4.1;1;äKODA;ACDDYAX0-NFM5FM5A4051STVLN617;OCTAVIA / COMBI 1.6 / TDI;Ceöka republika;CZE;osebni avtomobil;201;karavan;OCTAVIA 
85;1305;4.1;1;äKODA;AADDYAX0-NFM5FM5A4051STVLN617;OCTAVIA / 1.6 / TDI;Ceöka republika;CZE;osebni avtomobil;203;limuzina;OCTAVIA 
85;1436;4.1;1;VOLKSWAGEN;SACDDYAX0-FD7FD7CW002N7MMON1VL01VR2;GOLF / SPORTSVAN 1.6 / TDI AUT.;Nemcija;DEU;osebni avtomobil;194;karavan;GOLF 
85;1395;4.1;1;VOLKSWAGEN;VACDDYAX0-FD7FD7CW002N7MMON1VL63VR2;GOLF / VARIANT 1.6 / TDI AUT.;Nemcija;DEU;osebni avtomobil;200;karavan;GOLF 
85;1384;4.1;1;VOLKSWAGEN;ACDSUDX0-FM6FM6C9002N4BFSON1VL1AVR2AGA;GOLF / 2.0 / TDI;Nemcija;DEU;osebni avtomobil;202;vozilo za posebne namene;GOLF 
85;1380;4.1;1;VOLKSWAGEN;ACDSUDX0-FM6FM6C9002N4BFOVL1AVR2AGA;GOLF / 2.0 / TDI;Nemcija;DEU;osebni avtomobil;202;karavan;GOLF 
85;1376;4.1;1;VOLKSWAGEN;VACDDYAX0-FM5FM5A4051N7MMON1VL61VR2;GOLF / VARIANT 1.6 / TDI;Nemcija;DEU;osebni avtomobil;200;karavan;GOLF 
85;1375;4.1;1;VOLKSWAGEN;GAC4DGTEX0-FD7FD7CW002N7CPON1VL1CVR2NA;GOLF / 1.6 / TDI AUT.;Nemcija;DEU;osebni avtomobil;198;karavan;GOLF 
85;1323;4.1;1;VOLKSWAGEN;GAC4DDYAX0-FM5FM5A4051N7MMON1VL61VR2;GOLF / 1.6 / TDI;Nemcija;DEU;osebni avtomobil;198;karavan;GOLF 
85;1323;4.1;1;VOLKSWAGEN;GAC4DDYAX0-FM5FM5A4051N7MMON1VL61VR2;GOLF / 1.6 / TDI;Nemcija;DEU;osebni avtomobil;198;vozilo za posebne namene;GOLF 
85;1301;4.1;1;VOLKSWAGEN;GAC2DDYAX0-FM5FM5A4051N7MMON1VL61VR2N;GOLF / 1.6 / TDI;Nemcija;DEU;osebni avtomobil;198;karavan;GOLF 
85;1545;4.2;1;BMW;2E31-6H1700C0;216 / / d GRAN TOURER;Nemcija;DEU;osebni avtomobil;192;karavan;216
85;1470;4.2;1;BMW;2B31-6A1500C0;216 / / d ACTIVE TOURER AUT.;Nemcija;DEU;osebni avtomobil;195;karavan;216
85;1440;4.2;1;BMW;1V71-6HW50000;116 / / d;Nemcija;DEU;osebni avtomobil;200;karavan;116
85;1505;4.2;1;FORD;BA7T1BB1G-5HFENW;MONDEO / 1.6 / TDCI M6 ECO;Nemcija;DEU;osebni avtomobil;185;karavan;MONDEO 
85;1496;4.2;1;FORD;BA7T1BB1E-5HFENM;MONDEO / 1.6 / TDCI M6 ECO;Nemcija;DEU;osebni avtomobil;190;vozilo z dviûnimi vrati zadaj;MONDEO 
85;1424;4.2;1;FORD;DYBT1DB1L-5DAAMC;FOCUS / 1.6 / TDCi 85 M6 S;Nemcija;DEU;osebni avtomobil;193;karavan;FOCUS 
85;1390;4.2;1;FORD;DXAT1DB1J-5DAAMC;C-MAX / 1.6 / TDCi 85 M6 S;Nemcija;DEU;osebni avtomobil;184;vecnamensko vozilo;C-MAX 
85;1367;4.2;1;FORD;DYBT1DB1L-5DAAMC;FOCUS / 1.6 / TDCi 115 DPF M6 S;Nemcija;DEU;osebni avtomobil;193;karavan;FOCUS 
85;1361;4.2;1;FORD;DYB-T1DB16-5DAAMC;FOCUS / 1.6 / TDCI 85 M6 S;Nemcija;DEU;osebni avtomobil;193;karavan;FOCUS 
85;1344;4.2;1;FORD;DYBT1DB1K-5DAAMC;FOCUS / 1.6 / TDCi 85 M6 S;Nemcija;DEU;osebni avtomobil;193;vozilo z dviûnimi vrati zadaj;FOCUS 
85;1344;4.2;1;FORD;DYBT1DB1K-5DAAMC;FOCUS 1.6 / TDCi 115 DPF M6 S;Nemcija;DEU;osebni avtomobil;193;vozilo z dviûnimi vrati zadaj;FOCUS 1.6 
85;1742;4.2;1;HYUNDAI;C5D81-M67AZ1;i40 / 1.7 / CRDi LP;Koreja. republika;KOR;osebni avtomobil;190;karavan;i40 
85;1709;4.2;1;HYUNDAI;A5D81-M67AZ1;i40 / 1.7 / CRDi LP;Koreja. republika;KOR;osebni avtomobil;192;limuzina;i40 
85;1452;4.2;1;HYUNDAI;F5D11-M62AY1;KONA / 1.6 / CRDi;Koreja. republika;KOR;osebni avtomobil;193;vecnamensko vozilo;KONA 
85;1447;4.2;1;HYUNDAI;F5D11-M62AZ1;KONA / 1.6 / CRDi;Koreja. republika;KOR;osebni avtomobil;193;vecnamensko vozilo;KONA 
85;1443;4.2;1;HYUNDAI;F5D11-M62AZ1;KONA / 1.6 / CRDi;Koreja. republika;KOR;osebni avtomobil;193;vozilo za posebne namene;KONA 
85;1388;4.2;1;HYUNDAI;B5D21-M67BZ1;i30 / 1.6 / CRDi;Ceöka republika;CZE;osebni avtomobil;192;vozilo z dviûnimi vrati zadaj;i30 
85;1433;4.2;1;KIA;CDBBD11-D72GZ1;CEED / 1.6 / TD / AUT.;Slovaöka;SVK;osebni avtomobil;192;vozilo z dviûnimi vrati zadaj;CEED 
85;1374;4.2;1;MAZDA;6H86EW00;MAZDA 3 / HB / D116;Japonska ;JPN;osebni avtomobil;194;vozilo z dviûnimi vrati zadaj;MAZDA 3 
85;1505;4.2;1;MERCEDES BENZ;R03KP0-NZAB050X;C / 180 / d AUT.;Nemcija;DEU;osebni avtomobil;204;limuzina;C 
85;1450;4.2;1;MERCEDES BENZ;X003T2-EZAA151B;A / 180 / d AUT.;Nemcija;DEU;osebni avtomobil;206;limuzina;A 
85;1445;4.2;1;MERCEDES BENZ;X203T2-EZAA151B;A / 180 / d AUT.;Nemcija;DEU;osebni avtomobil;202;karavan;A 
85;1332;4.2;1;RENAULT;RJABD2AD6TA5AA5000;CLIO / 1.5 / DCI;Francija;FRA;osebni avtomobil;197;vozilo z dviûnimi vrati zadaj;CLIO 
85;1311;4.2;1;RENAULT;RJABD2AD6TA1AA5000;CLIO / 1.5 / DCI;Francija;FRA;osebni avtomobil;197;vozilo z dviûnimi vrati zadaj;CLIO 
85;1310;4.2;1;RENAULT;RJABD2AD6TA1AA5000;CLIO / 1.5 / DCI;Francija;FRA;osebni avtomobil;197;vozilo za posebne namene;CLIO 
85;1326;4.2;1;SEAT;FDDYAX0V-FD7SFD7CW0027MMVLO561;LEON ST / 1.6 / TDI AUT.;äpanija;ESP;osebni avtomobil;197;karavan;LEON ST 
85;1486;4.2;1;äKODA;AADTRDX0-NFM6FM6C90044BIVL4N1A1A;OCTAVIA / 2.0 / TDI;Ceöka republika;CZE;osebni avtomobil;212;limuzina;OCTAVIA 
85;1484;4.2;1;äKODA;ACDTRDX0-NFM6FM6C90044BIVL0N1A1A;OCTAVIA / COMBI 2.0 / TDI;Ceöka republika;CZE;osebni avtomobil;206;karavan;OCTAVIA 
85;1370;4.2;1;äKODA;ACDGTEX0-NFM5FM5A40517CPSTVLN1B7A;OCTAVIA / COMBI 1.6 / TDI;Ceöka republika;CZE;osebni avtomobil;198;karavan;OCTAVIA 
85;1327;4.2;1;äKODA;ACDDYAX0-NFM5FM5A4051STVLN627;OCTAVIA / COMBI 1.6 / TDI;Ceöka republika;CZE;osebni avtomobil;201;karavan;OCTAVIA 
85;1305;4.2;1;äKODA;AADDYAX0-NFM5FM5A4051STVLN627;OCTAVIA / 1.6 / TDI;Ceöka republika;CZE;osebni avtomobil;203;limuzina;OCTAVIA 
85;1290;4.2;1;äKODA;ABCXMA-NFM5FM52R029STN762SK;RAPID / 1.6 / TDI;Ceöka republika;CZE;osebni avtomobil;198;vozilo z dviûnimi vrati zadaj;RAPID 
85;1570;4.2;1;VOLKSWAGEN;DGDAAC-FD7FD7CW0027CNS50VR21CA;TOURAN / 1.6 / TDI AUT.;Nemcija;DEU;osebni avtomobil;190;karavan;TOURAN 
85;1560;4.2;1;VOLKSWAGEN;DGDAAC-FD7FD7CW0027MMS50VR263;TOURAN / 1.6 / TDI AUT.;Nemcija;DEU;osebni avtomobil;190;karavan;TOURAN 
85;1436;4.2;1;VOLKSWAGEN;SACDDYAX0-FD7FD7CW002N7MMON1VL05VR2;GOLF / SPORTSVAN 1.6 / TDI AUT.;Nemcija;DEU;osebni avtomobil;194;karavan;GOLF 
85;1425;4.2;1;VOLKSWAGEN;SACDDYAX0-FM5FM5A4051N7MMON1VL01VR2;GOLF / SPORTSVAN 1.6 / TDI;Nemcija;DEU;osebni avtomobil;194;karavan;GOLF 
85;1425;4.2;1;VOLKSWAGEN;SACDDYAX0-FM5FM5A4051N7MMON1VL01VR2;GOLF / SPORTSVAN 1.6 / TDI;Nemcija;DEU;osebni avtomobil;194;vozilo za posebne namene;GOLF 
85;1395;4.2;1;VOLKSWAGEN;VACDGTEX0-FM5FM5A4051N7CPON1VL1BVR2A;GOLF / VARIANT 1.6 / TDI;Nemcija;DEU;osebni avtomobil;200;karavan;GOLF 
85;1384;4.2;1;VOLKSWAGEN;ACDSUDX0-FM6FM6C9002N4BFSON1VL1BVR2AGB;GOLF / 2.0 / TDI;Nemcija;DEU;osebni avtomobil;202;karavan;GOLF 
85;1380;4.2;1;VOLKSWAGEN;ACDSUDX0-FM6FM6C9002N4BFOVL1AVR2A0;GOLF / 2.0 / TDI;Nemcija;DEU;osebni avtomobil;202;karavan;GOLF 
85;1376;4.2;1;VOLKSWAGEN;VACDDYAX0-FM5FM5A4051N7MMON1VL65VR2;GOLF / VARIANT 1.6 / TDI;Nemcija;DEU;osebni avtomobil;200;karavan;GOLF 
85;1323;4.2;1;VOLKSWAGEN;GAC4DDYAX0-FM5FM5A4051N7MMON1VL63VR2N;GOLF / 1.6 / TDI;Nemcija;DEU;osebni avtomobil;198;karavan;GOLF 
85;1323;4.2;1;VOLKSWAGEN;GAC4DDYAX0-FM5FM5A4051N7MMON1VL65VR2N;GOLF / 1.6 / TDI;Nemcija;DEU;osebni avtomobil;198;vozilo za posebne namene;GOLF 
85;1425;4.3;1;AUDI;LDSUDF1-FM6FM6C9002RT011B174BFAEM1VLN1D0;A3 / 2.0 / TDI;Nemcija;DEU;osebni avtomobil;210;limuzina;A3 
85;1505;4.3;1;BMW;8F91-6A350000;316 / / d AUT.;Nemcija;DEU;osebni avtomobil;204;limuzina;316
85;1505;4.3;1;BMW;3D91-5A150000;316 / / d AUT.;Nemcija;DEU;osebni avtomobil;202;limuzina;316
85;1495;4.3;1;BMW;6T51-CHW50000;216 / ACTIVE TOURER / d;Nemcija;DEU;osebni avtomobil;195;karavan;216
85;1485;4.3;1;BMW;3D91-5H150000;316 / / d;Nemcija;DEU;osebni avtomobil;202;limuzina;316
85;1440;4.3;1;BMW;2B31-6H2500C0;216 / / d ACTIVE TOURER;Nemcija;DEU;osebni avtomobil;195;karavan;216
85;1395;4.3;1;BMW;1C71-5H250000;116 / / D;Nemcija;DEU;osebni avtomobil;200;karavan;116
85;1385;4.3;1;BMW;1C71-H1;116 / / d;Nemcija;DEU;osebni avtomobil;200;karavan;116
85;1387;4.3;1;CITROEN;3A9HC8/1EU;C4 PICASSO / 1.6 / HDI;Francija;FRA;osebni avtomobil;189;vecnamensko vozilo;C4 PICASSO 
85;1365;4.3;1;CITROEN;3D9HC8/1EU;C4 PICASSO / 1.6 / HDI;Francija;FRA;osebni avtomobil;189;karavan;C4 PICASSO 
85;1514;4.3;1;FORD;BA7-U3CA1F-5BDUPR;MONDEO / 1.6 / TDCI M6;Nemcija;DEU;osebni avtomobil;187;karavan;MONDEO 
85;1505;4.3;1;FORD;BA7T1BB1G-5HFFNW;MONDEO / 1.6 / TDCI M6 ECO;Nemcija;DEU;osebni avtomobil;185;karavan;MONDEO 
85;1496;4.3;1;FORD;BA7T1BB1E-5HFFNM;MONDEO / 1.6 / TDCI M6 ECO;Nemcija;DEU;osebni avtomobil;190;vozilo z dviûnimi vrati zadaj;MONDEO 
85;1390;4.3;1;FORD;DXAT1DB1J-5DAAMC;C-MAX / 1.6 / TDCi 85 M6 S;Nemcija;DEU;osebni avtomobil;184;vecnamensko vozilo;C-MAX 
85;1713;4.3;1;HYUNDAI;C5D41-M63AZ1;i40 / 1.7 / CRDi LP;Koreja. republika;KOR;osebni avtomobil;190;karavan;i40 
85;1676;4.3;1;HYUNDAI;A5D41-M63AZ1;i40 / 1.7 / CRDi LP;Koreja. republika;KOR;osebni avtomobil;192;limuzina;i40 
85;1483;4.3;1;HYUNDAI;F5D21-M67BZ1;i30 CW / 1.6 / CRDi;Ceöka republika;CZE;osebni avtomobil;192;karavan;i30 CW 
85;1415;4.3;1;KIA;CDBCD11-M6DH11;XCEED / 1.6 / TD;Slovaöka;SVK;osebni avtomobil;190;vozilo z dviûnimi vrati zadaj;XCEED 
85;1384;4.3;1;MAZDA;BLB4Y6;MAZDA 3 / 1.6 / D;Japonska ;JPN;osebni avtomobil;186;vozilo z dviûnimi vrati zadaj;MAZDA 3 
85;1585;4.3;1;MERCEDES BENZ;R23KP0-NZAAB521;C / 180 T / D AUT.;Nemcija;DEU;osebni avtomobil;200;karavan;C 
85;1550;4.3;1;MERCEDES BENZ;R23KP0-PZAAB50X;C / 180 / BLUETEC;Nemcija;DEU;osebni avtomobil;201;karavan;C 
85;1505;4.3;1;MERCEDES BENZ;R03KP0-NZABB521;C / 180 / d AUT.;Nemcija;DEU;osebni avtomobil;204;limuzina;C 
85;1450;4.3;1;MERCEDES BENZ;X003T2-EZAA151B;A / 180 / d AUT.;Nemcija;DEU;osebni avtomobil;206;limuzina;A 
85;1445;4.3;1;MERCEDES BENZ;X203T2-EZAA151B;A / 180 / d AUT.;Nemcija;DEU;osebni avtomobil;202;karavan;A 
85;1375;4.3;1;SEAT;XDDYAX0-FM6SFM62S0337MMVL61;ATECA / 1.6 / TDI;äpanija;ESP;osebni avtomobil;184;karavan;ATECA 
85;1375;4.3;1;SEAT;XDDYAX0-FM6SFM62S0337MMVL61;ATECA / 1.6 / TDI;äpanija;ESP;osebni avtomobil;184;vozilo za posebne namene;ATECA 
85;1528;4.3;1;äKODA;ACDTRDX0-NFM6FM6C90044BIVL0N1A1A;OCTAVIA / COMBI 2.0 / TDI;Ceöka republika;CZE;osebni avtomobil;206;karavan;OCTAVIA 
85;1483;4.3;1;äKODA;ACDTRDX0-NFM6FM6C90044BIVL0N1A3A;OCTAVIA / COMBI 2.0 / TDI;Ceöka republika;CZE;osebni avtomobil;206;karavan;OCTAVIA 
85;1435;4.3;1;äKODA;ACDTRDX0-NFM6FM6C90044BIVL0N1A5A;OCTAVIA / COMBI 2.0 / TDI;Ceöka republika;CZE;osebni avtomobil;206;karavan;OCTAVIA 
85;1423;4.3;1;äKODA;AADSUDX0-NFM6FM6C90044BFVL3N1A6A;OCTAVIA / 2.0 / TDI;Ceöka republika;CZE;osebni avtomobil;211;limuzina;OCTAVIA 
85;1604;4.3;1;VOLKSWAGEN;DGDAAF-FD7FD7CW0027MMS71VR261;TOURAN / 1.6 / TDI AUT.;Nemcija;DEU;osebni avtomobil;190;vecnamensko vozilo;TOURAN 
85;1570;4.3;1;VOLKSWAGEN;DGDAAC-FD7FD7CW0027MVS50VR263;TOURAN / 1.6 / TDI AUT.;Nemcija;DEU;osebni avtomobil;190;karavan;TOURAN 
85;1560;4.3;1;VOLKSWAGEN;DGDAAC-FD7FD7CW0027MMS50VR261;TOURAN / 1.6 / TDI AUT.;Nemcija;DEU;osebni avtomobil;190;karavan;TOURAN 
85;1417;4.3;1;VOLKSWAGEN;SACDDYAX0-FM5FM5A4051N7MMON1VL05VR2;GOLF / SPORTSVAN 1.6 / TDI;Nemcija;DEU;osebni avtomobil;194;karavan;GOLF 
85;1380;4.3;1;VOLKSWAGEN;ACDSUDX0-FM6FM6C9002N4BFOVL1BVR2A0;GOLF / 2.0 / TDI;Nemcija;DEU;osebni avtomobil;202;karavan;GOLF 
85;1455;4.4;1;AUDI;XDDYAF1-FM6FM62S033PGA077MMEM1HA0;Q2 / 1.6 / TDI;Nemcija;DEU;osebni avtomobil;197;karavan;Q2 
85;1420;4.4;1;AUDI;SDSUDF1-FM6FM6C9002RT011B174BFAEM1VLN1D0;A3 / 2.0 / TDI;Nemcija;DEU;osebni avtomobil;206;vozilo z dviûnimi vrati zadaj;A3 
85;1615;4.4;1;BMW;6W51-DAW70000;216 / GRAN TOURER / d AUT.;Nemcija;DEU;osebni avtomobil;192;karavan;216
85;1570;4.4;1;BMW;8L71-6H250000;316 / TOURING / d;Nemcija;DEU;osebni avtomobil;200;karavan;316
85;1515;4.4;1;BMW;2E31-6A1500C0;216 / / d GRAN TOURER AUT.;Nemcija;DEU;osebni avtomobil;192;karavan;216
85;1505;4.4;1;BMW;3D91-5A100;316 / / d AUT.;Nemcija;DEU;osebni avtomobil;202;limuzina;316
85;1495;4.4;1;BMW;6T51-CHW50000;216 / ACTIVE TOURER / D;Nemcija;DEU;osebni avtomobil;195;karavan;216
85;1425;4.4;1;BMW;1C71-5A250000;116 / / d AUT.;Nemcija;DEU;osebni avtomobil;200;karavan;116
85;1380;4.4;1;BMW;UH51-AJ;116 / / d;Nemcija;DEU;osebni avtomobil;200;karavan;116
85;1370;4.4;1;BMW;UK51-AJ;116 / / d;Nemcija;DEU;osebni avtomobil;200;karavan;116
85;1455;4.4;1;DACIA;SRDHD2AD6DS000M000;DUSTER / 1.5 / DCI;Francija;FRA;osebni avtomobil;179;karavan;DUSTER 
85;1390;4.4;1;FORD;DXAT1DB1J-5DAAMC;C-MAX / 1.6 / TDCi 85 M6 S;Nemcija;DEU;osebni avtomobil;184;vecnamensko vozilo;C-MAX 
85;1482;4.4;1;HYUNDAI;PDE-F5D21-M67BZ1;i30 CW / 1.6 / CRDi;Ceöka republika;CZE;osebni avtomobil;192;karavan;i30 CW 
85;1455;4.4;1;HYUNDAI;F5DH1-M63BZ1;ix20 / 1.6 / CRDi LP;Ceöka republika;CZE;osebni avtomobil;183;vecnamensko vozilo;ix20 
85;1231;4.4;1;HYUNDAI;F5D31-M61BZ1;i 20 / 1.6 / CRDi LP;Indija;IND;osebni avtomobil;190;vecnamensko vozilo;i 20 
85;1419;4.4;1;MAZDA;6W86AW00;CX-30 / D116;Japonska ;JPN;osebni avtomobil;183;karavan;CX-30 
85;1330;4.4;1;MAZDA;BLA4Y6;MAZDA 3 / 1.6 / D;Japonska ;JPN;osebni avtomobil;186;vozilo z dviûnimi vrati zadaj;MAZDA 3 
85;1329;4.4;1;MAZDA;6W86AW01;CX-3 / CD115 /;Japonska ;JPN;osebni avtomobil;184;karavan;CX-3 
85;1550;4.4;1;MERCEDES BENZ;R23KP0-PZAZ0521;C / 180 / BLUETEC;Nemcija;DEU;osebni avtomobil;201;karavan;C 
85;1445;4.4;1;MERCEDES BENZ;X203T2-EZAA151B;A / 180 / d AUT.;Nemcija;DEU;osebni avtomobil;202;karavan;A 
85;1492;4.4;1;RENAULT;RFBLH2A66TB1F00100;MEGANE / GRANDCOUPE 1.5 / DCI;Francija;FRA;osebni avtomobil;191;limuzina;MEGANE 
85;1397;4.4;1;RENAULT;RFBBH2A66TB6D20100;MEGANE / 1.5 / DCI;Francija;FRA;osebni avtomobil;190;vozilo z dviûnimi vrati zadaj;MEGANE 
85;1393;4.4;1;SEAT;BDSUDX0-FM6SFM6C90024BFVL1BAF;LEON / 2.0 / TDI;äpanija;ESP;osebni avtomobil;200;vozilo za posebne namene;LEON 
85;1375;4.4;1;SEAT;XDDYAX0-FM6SFM62S0337MMVL62;ATECA / 1.6 / TDI;äpanija;ESP;osebni avtomobil;184;karavan;ATECA 
85;1259;4.4;0;SEAT;FCHZDX0V-FD7SFD7CW0017MMVLO568;LEON ST / 1.0 / TSI AUT.;äpanija;ESP;osebni avtomobil;202;karavan;LEON ST 
85;1441;4.4;1;äKODA;ACDDYAX0-NFD7FD7CW0023617;KAROQ / 1.6 / TDI AUT.;Ceöka republika;CZE;osebni avtomobil;188;karavan;KAROQ 
85;1435;4.4;1;äKODA;ACDSUDX0-NFM6FM6C90044BFVL0N1A7A;OCTAVIA / COMBI 2.0 / TDI;Ceöka republika;CZE;osebni avtomobil;205;karavan;OCTAVIA 
85;1423;4.4;1;äKODA;AADSUDX0-NFM6FM6C90044BFVL4N1A6A;OCTAVIA / 2.0 / TDI;Ceöka republika;CZE;osebni avtomobil;211;limuzina;OCTAVIA 
85;1615;4.4;1;VOLKSWAGEN;DGDAAF-FD7FD7CW0027MVS72VR261;TOURAN / 1.6 / TDI AUT.;Nemcija;DEU;osebni avtomobil;190;vecnamensko vozilo;TOURAN 
85;1604;4.4;1;VOLKSWAGEN;DGDAAF-FD7FD7CW0027MMS72VR264;TOURAN / 1.6 / TDI AUT.;Nemcija;DEU;osebni avtomobil;190;vecnamensko vozilo;TOURAN 
85;1595;4.4;1;VOLKSWAGEN;DGDAAF-FM6FM62S0267CNS72VR21BA;TOURAN / 1.6 / TDI;Nemcija;DEU;osebni avtomobil;190;vecnamensko vozilo;TOURAN 
85;1570;4.4;1;VOLKSWAGEN;DGDAAC-FD7FD7CW0027MVS50VR261;TOURAN / 1.6 / TDI AUT.;Nemcija;DEU;osebni avtomobil;190;karavan;TOURAN 
85;1560;4.4;1;VOLKSWAGEN;DGDAAC-FD7FD7CW0027MMS50VR264;TOURAN / 1.6 / TDI AUT.;Nemcija;DEU;osebni avtomobil;190;karavan;TOURAN 
85;1550;4.4;1;VOLKSWAGEN;DGDAAC-FM6FM62S0267CNS50VR21BA;TOURAN / 1.6 / TDI;Nemcija;DEU;osebni avtomobil;190;karavan;TOURAN 
85;1395;4.4;1;VOLKSWAGEN;DGTEX0AC4-FM6FM62S0347CP1C;T-ROC / 1.6 / TDI;Nemcija;DEU;osebni avtomobil;187;karavan;T-ROC 
85;1380;4.4;1;VOLKSWAGEN;ACDSUDX0-FM6FM6C9002N4BFOVL1BVR2A0;GOLF / 2.0 / TDI;Nemcija;DEU;osebni avtomobil;202;karavan;GOLF 
85;1483;4.5;1;AUDI;SDTRDF1-FM6FM6C9002RT011B174BIAEM1VLN1D0B;A3 / 2.0 / TDI;Nemcija;DEU;osebni avtomobil;206;vozilo z dviûnimi vrati zadaj;A3 
85;1575;4.5;1;BMW;3K91-5A150000;316 / TOURING / d AUT.;Nemcija;DEU;osebni avtomobil;198;karavan;316
85;1570;4.5;1;BMW;3K91-5A100;316 / TOURING / D AUT.;Nemcija;DEU;osebni avtomobil;198;karavan;316
85;1565;4.5;1;BMW;2E31-6A1700C0;216 / / d GRAN TOURER AUT.;Nemcija;DEU;osebni avtomobil;192;karavan;216
85;1555;4.5;1;BMW;3K91-5H150000;316 / TOURING / d;Nemcija;DEU;osebni avtomobil;200;karavan;316
85;1550;4.5;1;BMW;UY51-5A;316 / TOURING / d;Nemcija;DEU;osebni avtomobil;201;karavan;316
85;1550;4.5;1;BMW;UY51-5A;316 / TOURING / d;Nemcija;DEU;osebni avtomobil;200;karavan;316
85;1550;4.5;1;BMW;3K91-5H100;316 / TOURING / D;Belgija;BEL;osebni avtomobil;200;karavan;316
85;1485;4.5;1;BMW;3D91-5H200;316 / / d;Nemcija;DEU;osebni avtomobil;202;limuzina;316
85;1475;4.5;1;BMW;PR31-5A;316 / / d;Nemcija;DEU;osebni avtomobil;202;limuzina;316
85;1420;4.5;1;BMW;1C71-5A200;116 / / d AUT.;Nemcija;DEU;osebni avtomobil;200;karavan;116
85;1415;4.5;1;BMW;1N11-5A205;116 / / d AUT.;Nemcija;DEU;osebni avtomobil;200;karavan;116
85;1385;4.5;1;BMW;1C71-H2;116 / / d;Nemcija;DEU;osebni avtomobil;200;karavan;116
85;1380;4.5;1;BMW;UH51-5A;116 / / d;Nemcija;DEU;osebni avtomobil;200;karavan;116
85;1370;4.5;1;BMW;UK51-5A;116 / / d;Nemcija;DEU;osebni avtomobil;200;karavan;116
85;1448;4.5;1;FORD;DXAT1DA1J-5DAAMC;C-MAX / 1.6 / TDCI 85 M6;Nemcija;DEU;osebni avtomobil;184;vecnamensko vozilo;C-MAX 
85;1367;4.5;1;FORD;DYBT1DA1L-5DAAMC;FOCUS / 1.6 / TDCi 85 M6;Nemcija;DEU;osebni avtomobil;193;karavan;FOCUS 
85;1361;4.5;1;FORD;DYBT1DA16-5DAAMC;FOCUS / 1.6 / TDCi 85 M6;Nemcija;DEU;osebni avtomobil;193;karavan;FOCUS 
85;1344;4.5;1;FORD;DYBT1DA1K-5DAAMC;FOCUS / 1.6 / TDCi 85 M6;Nemcija;DEU;osebni avtomobil;193;vozilo z dviûnimi vrati zadaj;FOCUS 
85;1640;4.5;1;HYUNDAI;C5D81-M67BZ1;i40 / 1.7 / CRDi LP;Koreja. republika;KOR;osebni avtomobil;190;karavan;i40 
85;1470;4.5;1;HYUNDAI;B5DB1-M62CZ1;i 30 / 1.6 / CRDi;Ceöka republika;CZE;osebni avtomobil;188;vecnamensko vozilo;i 30 
85;1418;4.5;1;HYUNDAI;B5DF1-M62CZ1;i 30 / 1.6 / CRDi;Ceöka republika;CZE;osebni avtomobil;188;vecnamensko vozilo;i 30 
85;1371;4.5;1;HYUNDAI;B5DQ1-M62CZ1;i 30 / 1.6 / CRDi;Ceöka republika;CZE;osebni avtomobil;188;vecnamensko vozilo;i 30 
85;1617;4.5;1;KIA;RPC7D21-M68AZ1;CARENS / 1.7 / D;Koreja. republika;KOR;osebni avtomobil;193;karavan;CARENS 
85;1582;4.5;1;KIA;RPC5D21-M68AZ1;CARENS / 1.7 / D;Koreja. republika;KOR;osebni avtomobil;193;karavan;CARENS 
85;1439;4.5;1;KIA;EDB3DB1-M62AZ1;CEED / 1.6 / D;Slovaöka;SVK;osebni avtomobil;188;vecnamensko vozilo;CEED 
85;1402;4.5;1;KIA;EDB5DU1-M62AZ1;CEED / 1.6 / D;Slovaöka;SVK;osebni avtomobil;188;vecnamensko vozilo;CEED 
85;1401;4.5;1;KIA;YNSF5DG1-M62DZ1;VENGA / 1.6 / D;Slovaöka;SVK;osebni avtomobil;182;vecnamensko vozilo;VENGA 
85;1394;4.5;1;KIA;EDB3DU1-M62AZ1;CEED / 1.6 / D;Slovaöka;SVK;osebni avtomobil;197;vecnamensko vozilo;CEED 
85;1367;4.5;1;KIA;EDB5DB1-M62AZ1;CEED / 1.6 / D;Slovaöka;SVK;osebni avtomobil;188;vecnamensko vozilo;CEED 
85;1505;4.5;1;MERCEDES BENZ;R03KP0-NZAA0572;C / 180 / d;Nemcija;DEU;osebni avtomobil;204;limuzina;C 
85;1455;4.5;1;MERCEDES BENZ;X003T2-EZAA151B;A / 180 / d AUT.;Nemcija;DEU;osebni avtomobil;206;limuzina;A 
85;1445;4.5;1;MERCEDES BENZ;X203T2-EZAA151B;A / 180 / d AUT.;Nemcija;DEU;osebni avtomobil;202;karavan;A 
85;1490;4.5;1;MITSUBISHI;GA511-AEAAA6A5AAAA;ASX / 1.8 DID / LP 2WD ASG;Japonska ;JPN;osebni avtomobil;189;karavan;ASX 
85;1549;4.5;1;RENAULT;RFEHH2A66TA0305000;KADJAR / 1.5 / DCI;Francija;FRA;osebni avtomobil;193;karavan;KADJAR 
85;1503;4.5;1;RENAULT;RFBLH2A66TB1F00100;MEGANE / GRANDCOUPE 1.5 / DCI;Francija;FRA;osebni avtomobil;191;limuzina;MEGANE 
85;1497;4.5;1;RENAULT;RFBKH2A66TB6D20100;MEGANE / GRANDTOUR 1.5 / DCI;Francija;FRA;osebni avtomobil;193;karavan;MEGANE 
85;1497;4.5;1;RENAULT;RFBKH2A66TA0A00100;MEGANE / GRANDTOUR 1.5 / DCI;Francija;FRA;osebni avtomobil;190;karavan;MEGANE 
85;1495;4.5;1;RENAULT;RFBKH2A66TB1D00100;MEGANE / GRANDTOUR 1.5 / DCI;Francija;FRA;osebni avtomobil;193;karavan;MEGANE 
85;1454;4.5;1;RENAULT;RFBBH2A66TB6D20100;MEGANE / 1.5 / DCI;Francija;FRA;osebni avtomobil;190;vozilo z dviûnimi vrati zadaj;MEGANE 
85;1447;4.5;1;RENAULT;RFBBH2A66TA0A00100;MEGANE / 1.5 / DCI;Francija;FRA;osebni avtomobil;190;vozilo z dviûnimi vrati zadaj;MEGANE 
85;1438;4.5;1;RENAULT;RFBBH2A66TB1D00100;MEGANE / 1.5 / DCI;Francija;FRA;osebni avtomobil;190;vozilo z dviûnimi vrati zadaj;MEGANE 
85;1438;4.5;1;RENAULT;RFBBH2A66TB1D00100;MEGANE / 1.5 / DCI;Francija;FRA;osebni avtomobil;190;vozilo za posebne namene;MEGANE 
85;1375;4.5;1;SEAT;XDDYAX0-FM6SFM62S0337MMVL61;ATECA / 1.6 / TDI;äpanija;ESP;osebni avtomobil;184;karavan;ATECA 
85;1447;4.5;1;äKODA;ACDGTEX0-NFM6FM62S0347CP6N1C7A;KAROQ / 1.6 / TDI;Ceöka republika;CZE;osebni avtomobil;186;karavan;KAROQ 
85;1445;4.5;1;äKODA;ACDSUDX0-NFM6FM6C90044BFVL0N1A6A;OCTAVIA / COMBI 2.0 / TDI;Ceöka republika;CZE;osebni avtomobil;205;karavan;OCTAVIA 
85;1247;4.5;0;äKODA;ACCHZDX0-NFM6FM6AJ011STVLN617;OCTAVIA / COMBI 1.0 / TSI;Ceöka republika;CZE;osebni avtomobil;200;karavan;OCTAVIA 
85;1225;4.5;0;äKODA;AACHZDX0-NFM6FM6AJ011STVLN617;OCTAVIA / 1.0 / TSI;Ceöka republika;CZE;osebni avtomobil;202;limuzina;OCTAVIA 
85;1595;4.5;1;VOLKSWAGEN;DGDAAF-FM6FM62S0267MVS72VR263;TOURAN / 1.6 / TDI;Nemcija;DEU;osebni avtomobil;190;vecnamensko vozilo;TOURAN 
85;1583;4.5;1;VOLKSWAGEN;DGDAAF-FM6FM62S0267MMS72VR263;TOURAN / 1.6 / TDI;Nemcija;DEU;osebni avtomobil;190;vecnamensko vozilo;TOURAN 
85;1550;4.5;1;VOLKSWAGEN;DGDAAC-FM6FM62S0267MVS50VR263;TOURAN / 1.6 / TDI;Nemcija;DEU;osebni avtomobil;190;karavan;TOURAN 
85;1539;4.5;1;VOLKSWAGEN;DGDAAC-FM6FM62S0267MMS50VR263;TOURAN / 1.6 / TDI;Nemcija;DEU;osebni avtomobil;190;karavan;TOURAN 
85;1439;4.5;1;VOLKSWAGEN;ACDTRDX0-FM6FM6C9002N4BISON1VL1AVR2AIM;GOLF / 2.0 / TDI;Nemcija;DEU;osebni avtomobil;202;karavan;GOLF 
85;1384;4.5;1;VOLKSWAGEN;ACDTRDX0-FM6FM6C9002N4BISON1VL1AVR2AGA;GOLF / 2.0 / TDI;Nemcija;DEU;osebni avtomobil;202;vozilo za posebne namene;GOLF 
85;1384;4.5;1;VOLKSWAGEN;ACDTRDX0-FM6FM6C9002N4BISON1VL1AVR2AGA;GOLF / 2.0 / TDI;Nemcija;DEU;osebni avtomobil;202;karavan;GOLF 
85;1280;4.6;1;ALFA ROMEO;955AXE1B04E;MITO / 1.6 / JTD;Italija;ITA;osebni avtomobil;198;vecnamensko vozilo;MITO 
85;1520;4.6;1;AUDI;8E 845001;A4 / VARIANT 1.9 / TDI;Nemcija;DEU;osebni avtomobil;197;karavan;A4 
85;1385;4.6;1;AUDI;XDDYAF1-FM6FM62S033PGA057MMEM1HA0;Q2 / 1.6 / TDI;Nemcija;DEU;osebni avtomobil;197;karavan;Q2 
85;1275;4.6;0;AUDI;SCHZDF1-FD7FD7AM006P8V327MMEM1;A3 / 1.0 / TFSI AUT.;Nemcija;DEU;osebni avtomobil;206;vozilo z dviûnimi vrati zadaj;A3 
85;1255;4.6;0;AUDI;SCHZDF1-FM6FM6AJ016P8V327MMEM1;A3 / 1.0 / TFSI;Nemcija;DEU;osebni avtomobil;206;vozilo z dviûnimi vrati zadaj;A3 
85;1460;4.6;1;BMW;7M71-IAW500L0;116 / / d AUT.;Nemcija;DEU;osebni avtomobil;200;vozilo z dviûnimi vrati zadaj;116
85;1450;4.6;1;BMW;7M71-IHW500N0;116 / / d;Nemcija;DEU;osebni avtomobil;200;vozilo z dviûnimi vrati zadaj;116
85;1450;4.6;1;BMW;7M71-IHW500L0;116 / / d;Nemcija;DEU;osebni avtomobil;200;vozilo za posebne namene;116
85;1567;4.6;1;FORD;DXAT1DB1H-5DDCNF;Grand C-MAX / 1.6 / TDCi 85 M6 S;Nemcija;DEU;osebni avtomobil;180;karavan;Grand C-MAX 
85;1504;4.6;1;FORD;DXAT1DB1H-7DDCNF;Grand C-MAX / 1.6 / TDCi 85 M6 S;Nemcija;DEU;osebni avtomobil;180;karavan;Grand C-MAX 
85;1390;4.6;1;FORD;DXAT1DA1J-5DAAMC;C-MAX / 1.6 / TDCi 85 M6;Nemcija;DEU;osebni avtomobil;184;vecnamensko vozilo;C-MAX 
85;1611;4.6;1;HYUNDAI;F5D51-M66ZZ1;TUCSON / 1.7 / CRDi;Ceöka republika;CZE;osebni avtomobil;176;vecnamensko vozilo;TUCSON 
85;1609;4.6;1;HYUNDAI;C5D61-M66AZ1;i40 / 1.7 / CRDi LP;Koreja. republika;KOR;osebni avtomobil;190;karavan;i40 
85;1599;4.6;1;HYUNDAI;C5D21-M63AZ1;i40 / 1.7 / CRDi LP;Koreja. republika;KOR;osebni avtomobil;190;karavan;i40 
85;1556;4.6;1;HYUNDAI;A5D21-M63AZ1;i40 / 1.7 / CRDi LP;Koreja. republika;KOR;osebni avtomobil;192;limuzina;i40 
85;1620;4.6;1;KIA;RPC5D21-M68DZ1;CARENS / 1.7 / D;Koreja. republika;KOR;osebni avtomobil;181;karavan;CARENS 
85;1579;4.6;1;KIA;QLEF5D11-M641Z1;SPORTAGE / 1.6 / TD;Slovaöka;SVK;osebni avtomobil;175;vecnamensko vozilo;SPORTAGE 
85;1500;4.6;1;KIA;QLEF5D51-M66ZZ1;SPORTAGE / 1.7 / TD;Slovaöka;SVK;osebni avtomobil;176;vecnamensko vozilo;SPORTAGE 
85;1454;4.6;1;KIA;EDF5DU1-M62AZ1;CEED / 1.6 / D;Slovaöka;SVK;osebni avtomobil;188;vecnamensko vozilo;CEED 
85;1452;4.6;1;KIA;EDF5DB1-M62AZ1;CEED / 1.6 / D;Slovaöka;SVK;osebni avtomobil;188;vecnamensko vozilo;CEED 
85;1440;4.6;1;KIA;CDBCD11-D76H11;XCEED / 1.6 / TD / AUT.;Slovaöka;SVK;osebni avtomobil;190;vozilo z dviûnimi vrati zadaj;XCEED 
85;1520;4.6;1;MERCEDES BENZ;3203T2-EZAA150B;CLA / 180 / d AUT.;Nemcija;DEU;osebni avtomobil;203;karavan;CLA 
85;1490;4.6;1;MERCEDES BENZ;3303T2-EZAA150B;CLA / 180 / d AUT.;Nemcija;DEU;osebni avtomobil;205;limuzina;CLA 
85;1485;4.6;1;MERCEDES BENZ;O003T2-EZAA150B;B / 180 / d AUT.;Nemcija;DEU;osebni avtomobil;200;karavan;B 
85;1455;4.6;1;MERCEDES BENZ;X003T2-EZAA151B;A / 180 / d AUT.;Nemcija;DEU;osebni avtomobil;206;limuzina;A 
85;1445;4.6;1;MERCEDES BENZ;X203T2-EZAA151B;A / 180 / d AUT.;Nemcija;DEU;osebni avtomobil;202;karavan;A 
85;1514;4.6;1;RENAULT;RFBKH2A66TB1D00100;MEGANE / GRANDTOUR 1.5 / DCI;Francija;FRA;osebni avtomobil;193;karavan;MEGANE 
85;1510;4.6;1;RENAULT;RFBKH2A66TA0A00100;MEGANE / GRANDTOUR 1.5 / DCI;Francija;FRA;osebni avtomobil;190;karavan;MEGANE 
85;1507;4.6;1;RENAULT;RFBKH2A66TB6D20100;MEGANE / GRANDTOUR 1.5 / DCI;Francija;FRA;osebni avtomobil;193;karavan;MEGANE 
85;1499;4.6;1;RENAULT;RFBKH2A66UC6320100;MEGANE / GRANDTOUR 1.5 / DCI;Francija;FRA;osebni avtomobil;190;karavan;MEGANE 
85;1460;4.6;1;RENAULT;RFBBH2A66UC6320100;MEGANE / 1.5 / DCI;Francija;FRA;osebni avtomobil;190;vozilo z dviûnimi vrati zadaj;MEGANE 
85;1426;4.6;1;äKODA;ACDDYAX0-NFM6FM62S0333617;KAROQ / 1.6 / TDI;Ceöka republika;CZE;osebni avtomobil;188;karavan;KAROQ 
85;1595;4.6;1;VOLKSWAGEN;DGDAAF-FM6FM62S0267MVS72VR261;TOURAN / 1.6 / TDI;Nemcija;DEU;osebni avtomobil;190;vecnamensko vozilo;TOURAN 
85;1583;4.6;1;VOLKSWAGEN;DGDAAF-FM6FM62S0267MMS72VR261;TOURAN / 1.6 / TDI;Nemcija;DEU;osebni avtomobil;190;vecnamensko vozilo;TOURAN 
85;1550;4.6;1;VOLKSWAGEN;DGDAAC-FM6FM62S0267MVS50VR264;TOURAN / 1.6 / TDI;Nemcija;DEU;osebni avtomobil;190;karavan;TOURAN 
85;1539;4.6;1;VOLKSWAGEN;DGDAAC-FM6FM62S0267MMS50VR261;TOURAN / 1.6 / TDI;Nemcija;DEU;osebni avtomobil;190;karavan;TOURAN 
85;1491;4.6;1;VOLKSWAGEN;ACDTRDX0-FM6FM6C9002N4BISON1VL1AVR2AIM;GOLF VARIANT / 2.0 / TDI;Nemcija;DEU;osebni avtomobil;202;karavan;GOLF VARIANT 
85;1459;4.6;1;VOLKSWAGEN;ACDTRDX0-FM6FM6C9002N4BISON1VL1BVR2AI0;GOLF / 2.0 / TDI;Nemcija;DEU;osebni avtomobil;202;karavan;GOLF 
85;1447;4.6;1;VOLKSWAGEN;ACDTRDX0-FM6FM6C9002N4BISON1VL1AVR2AGA;GOLF VARIANT / 2.0 / TDI;Nemcija;DEU;osebni avtomobil;202;karavan;GOLF VARIANT 
85;1384;4.6;1;VOLKSWAGEN;ACDTRDX0-FM6FM6C9002N4BISON1VL1BVR2AGB;GOLF / 2.0 / TDI;Nemcija;DEU;osebni avtomobil;202;karavan;GOLF 
85;1155;4.6;0;VOLKSWAGEN;ABCHZJ-FM6FM6AJ017N2VR27MM63;POLO / 1.0 / TSI;Nemcija;DEU;osebni avtomobil;200;vozilo z dviûnimi vrati zadaj;POLO 
85;1255;4.7;0;AUDI;SCHZDF1-FM6FM6AJ016P8V337MMEM1;A3 / 1.0 / TFSI;Nemcija;DEU;osebni avtomobil;206;vozilo z dviûnimi vrati zadaj;A3 
85;1575;4.7;1;BMW;3K91-5A250000;316 / TOURING / d AUT.;Nemcija;DEU;osebni avtomobil;198;karavan;316
85;1570;4.7;1;BMW;3K91-5A200;316 / TOURING / D AUT.;Nemcija;DEU;osebni avtomobil;198;karavan;316
85;1555;4.7;1;BMW;3K91-5H250000;316 / TOURING / D;Nemcija;DEU;osebni avtomobil;200;karavan;316
85;1550;4.7;1;BMW;3K91-5H200;316 / TOURING / d;Nemcija;DEU;osebni avtomobil;200;karavan;316
85;1505;4.7;1;BMW;11AM-IAW50000;216 / GRAN COUPE / d AUT.;Nemcija;DEU;osebni avtomobil;200;limuzina;216
85;1460;4.7;1;BMW;7M71-IAW500LS;116 / / d AUT.;Nemcija;DEU;osebni avtomobil;200;vozilo z dviûnimi vrati zadaj;116
85;1567;4.7;1;FORD;DXAT1DB1H-5DDCNF;GRAND C-MAX / 1.6 / TDCI 85 M6 S;Nemcija;DEU;osebni avtomobil;180;karavan;GRAND C-MAX 
85;1547;4.7;1;FORD;BWYD6BA1-5PBAPM;MONDEO / WAGON 2.0;Nemcija;DEU;osebni avtomobil;193;karavan;MONDEO 
85;1505;4.7;1;FORD;BA7T1BC1G-5CKBNW;MONDEO / 1.6 / TDCI DPF M6 S;Nemcija;DEU;osebni avtomobil;185;karavan;MONDEO 
85;1504;4.7;1;FORD;DXAT1DA1H-7DDCNF;Grand C-MAX / 1.6 / TDCi 85 M6;Nemcija;DEU;osebni avtomobil;180;karavan;Grand C-MAX 
85;1496;4.7;1;FORD;BA7T1BC1E-5CKBNM;MONDEO / 1.6 / TDCI M6 S;Nemcija;DEU;osebni avtomobil;190;vozilo z dviûnimi vrati zadaj;MONDEO 
85;1517;4.7;1;HYUNDAI;F5DB1-M62CZ1;i 30 CW / 1.6 / CRDi;Ceöka republika;CZE;osebni avtomobil;188;vecnamensko vozilo;i 30 CW 
85;1477;4.7;1;HYUNDAI;B5D21-M67BZ1;i30 / 1.6 / CRDi;Ceöka republika;CZE;osebni avtomobil;192;vozilo z dviûnimi vrati zadaj;i30 
85;1463;4.7;1;HYUNDAI;F5DF1-M62CZ1;i 30 CW / 1.6 / CRDi;Ceöka republika;CZE;osebni avtomobil;188;vecnamensko vozilo;i 30 CW 
85;1455;4.7;1;HYUNDAI;F5D51-M63AZ1;ix20 / 1.6 / CRDi LP;Ceöka republika;CZE;osebni avtomobil;182;vecnamensko vozilo;ix20 
85;1448;4.7;1;HYUNDAI;F5DQ1-M62CZ1;i 30 CW / 1.6 / CRDi;Ceöka republika;CZE;osebni avtomobil;188;vecnamensko vozilo;i 30 CW 
85;1583;4.7;1;KIA;RPC5D21-M65AZ1;CARENS / 1.7 / D;Koreja. republika;KOR;osebni avtomobil;181;karavan;CARENS 
85;1500;4.7;1;KIA;QLEF5D41-M66ZZ1;SPORTAGE / 1.7 / TD;Slovaöka;SVK;osebni avtomobil;176;vecnamensko vozilo;SPORTAGE 
85;1419;4.7;1;KIA;EDF5DB1-M62BZ1;CEED / 1.6 / D;Slovaöka;SVK;osebni avtomobil;188;vecnamensko vozilo;CEED 
85;1490;4.7;1;MERCEDES BENZ;3303T2-EZAA150B-;CLA / 180 / d AUT.;Nemcija;DEU;osebni avtomobil;205;limuzina;CLA 
85;1465;4.7;1;MERCEDES BENZ;O003T2-KZAA150A;B / 180 / d;Nemcija;DEU;osebni avtomobil;200;karavan;B 
85;1553;4.7;1;RENAULT;RFEHH2A66TA0325000;KADJAR / 1.5 / DCI;Francija;FRA;osebni avtomobil;189;karavan;KADJAR 
85;1541;4.7;1;RENAULT;RFEHH2A66TA0305000;KADJAR / 1.5 / DCI;Francija;FRA;osebni avtomobil;189;karavan;KADJAR 
85;1533;4.7;1;RENAULT;RFBKH2A6BUC6920100;MEGANE / GRANDTOUR 1.5 / DCI AUT.;Francija;FRA;osebni avtomobil;190;karavan;MEGANE 
85;1510;4.7;1;RENAULT;RFBKH2A66TA0A00100;MEGANE / GRANDTOUR 1.5 / DCI;Francija;FRA;osebni avtomobil;190;karavan;MEGANE 
85;1508;4.7;1;RENAULT;RFBKH2A66TB1D00100;MEGANE / GRANDTOUR 1.5 / DCI;Francija;FRA;osebni avtomobil;193;karavan;MEGANE 
85;1504;4.7;1;RENAULT;RFBLH2A66TA0C00100;MEGANE / GRANDCOUPE 1.5 / DCI;Francija;FRA;osebni avtomobil;191;limuzina;MEGANE 
85;1480;4.7;1;RENAULT;RFBKH2A66UC6320100;MEGANE / GRANDTOUR 1.5 / DCI;Francija;FRA;osebni avtomobil;190;karavan;MEGANE 
85;1444;4.7;1;RENAULT;RFBBH2A66TA0A00100;MEGANE / 1.5 / DCI;Francija;FRA;osebni avtomobil;190;vozilo z dviûnimi vrati zadaj;MEGANE 
85;1140;4.7;0;SEAT;BCHZJ-FM6FM6AJ0177MM362;IBIZA / 1.0 / TSI;äpanija;ESP;osebni avtomobil;195;vozilo z dviûnimi vrati zadaj;IBIZA 
85;1435;4.7;1;äKODA;ACDSUDX0-NFM6FM6C90044BFVL0N1B7A;OCTAVIA / COMBI 2.0 / TDI;Ceöka republika;CZE;osebni avtomobil;205;karavan;OCTAVIA 
85;1348;4.7;1;äKODA;AADGTEX0-NFM5FM5A40517CPSTVLN1B7A;OCTAVIA / 1.6 / TDI;Ceöka republika;CZE;osebni avtomobil;205;limuzina;OCTAVIA 
85;1314;4.7;1;äKODA;ABSDGTAX0-NFM6FM62S0344BFSTN3N1A6A;SCALA / 1.6 / TDI;Ceöka republika;CZE;osebni avtomobil;201;vozilo z dviûnimi vrati zadaj;SCALA 
85;1247;4.7;0;äKODA;ACCHZDX0-NFM6FM6AJ011STVLN627;OCTAVIA / COMBI 1.0 / TSI;Ceöka republika;CZE;osebni avtomobil;200;karavan;OCTAVIA 
85;1395;4.7;0;TOYOTA;E15UT(a)/NRE185(H)/NRE185L-DHFNZW(2V);AURIS / 1.2T;Zdruûeno kraljestvo;GBR;osebni avtomobil;195;vozilo z dviûnimi vrati zadaj;AURIS 
85;1595;4.7;1;VOLKSWAGEN;DGDAAF-FM6FM62S0267MVS72VR262;TOURAN / 1.6 / TDI;Nemcija;DEU;osebni avtomobil;190;vecnamensko vozilo;TOURAN 
85;1583;4.7;1;VOLKSWAGEN;DGDAAF-FM6FM62S0267MMS72VR262;TOURAN / 1.6 / TDI;Nemcija;DEU;osebni avtomobil;190;vecnamensko vozilo;TOURAN 
85;1574;4.7;1;VOLKSWAGEN;ACDFGCX0-NFM6FM6BB005KN2TVR27MM62;TIGUAN / 2.0 / TDI;Nemcija;DEU;osebni avtomobil;185;karavan;TIGUAN 
85;1550;4.7;1;VOLKSWAGEN;DGDAAC-FM6FM62S0267MVS50VR262;TOURAN / 1.6 / TDI;Nemcija;DEU;osebni avtomobil;190;karavan;TOURAN 
85;1539;4.7;1;VOLKSWAGEN;DGDAAC-FM6FM62S0267MMS50VR262;TOURAN / 1.6 / TDI;Nemcija;DEU;osebni avtomobil;190;karavan;TOURAN 
85;1514;4.7;1;VOLKSWAGEN;ACDTRDX0-FM6FM6C9002N4BISON1VL1BVR2AI0;GOLF VARIANT / 2.0 / TDI;Nemcija;DEU;osebni avtomobil;202;karavan;GOLF VARIANT 
85;1486;4.7;1;VOLKSWAGEN;ACDTRDX0-FM6FM6C9002N4BISON1VL1BVR2AG0;GOLF / 2.0 / TDI;Nemcija;DEU;osebni avtomobil;202;vozilo za posebne namene;GOLF 
85;1482;4.7;1;VOLKSWAGEN;DTRDX0AC4-FM6FM6C90124BI1AANNMI;T-ROC / 2.0 / TDI;Nemcija;DEU;osebni avtomobil;187;vozilo za posebne namene;T-ROC 
85;1470;4.7;1;VOLKSWAGEN;DTRDX0AC4-FM6FM6C90124BI1AANNIM;T-ROC / 2.0 / TDI;Nemcija;DEU;osebni avtomobil;187;karavan;T-ROC 
85;1462;4.7;1;VOLKSWAGEN;DTRDX0AC4-FM6FM6C90124BI1AANNMI;T-ROC / 2.0 / TDI;Nemcija;DEU;osebni avtomobil;187;karavan;T-ROC 
85;1458;4.7;1;VOLKSWAGEN;DTRDX0AC4-FM6FM6C90124BI1AANN0I;T-ROC / 2.0 / TDI;Nemcija;DEU;osebni avtomobil;187;karavan;T-ROC 
85;1447;4.7;1;VOLKSWAGEN;ACDTRDX0-FM6FM6C9002N4BISON1VL1BVR2AG0;GOLF VARIANT / 2.0 / TDI;Nemcija;DEU;osebni avtomobil;202;karavan;GOLF VARIANT 
85;1384;4.7;1;VOLKSWAGEN;ACDTRDX0-FM6FM6C9002N4BISON1VL1BVR2AGB;GOLF / 2.0 / TDI;Nemcija;DEU;osebni avtomobil;202;karavan;GOLF 
85;1155;4.7;0;VOLKSWAGEN;ABDKRF-FM6FM6AJ017N2VR27CP1BA;POLO / 1.0 / TSI;Nemcija;DEU;osebni avtomobil;200;vozilo z dviûnimi vrati zadaj;POLO 
85;1490;4.8;1;AUDI;XDTRBF1-FD7FD7CW002RT11A174BIAEM1HA00D0;Q2 / 2.0 / TDI AUT.;Nemcija;DEU;osebni avtomobil;201;karavan;Q2 
85;1430;4.8;1;AUDI;8E-BRB;A4 / 1.9 / TDI;Nemcija;DEU;osebni avtomobil;191;limuzina;A4 
85;1395;4.8;1;AUDI;8E-BKE;A4 / AVANT / 1.9 / TDI;Nemcija;DEU;osebni avtomobil;208;karavan;A4 
85;1680;4.8;1;HYUNDAI;F5D11-M641Z1;TUCSON / 1.6 / CRDi LP;Ceöka republika;CZE;osebni avtomobil;175;vecnamensko vozilo;TUCSON 
85;1633;4.8;1;HYUNDAI;C5D61-M66BZ1;i40 / 1.7 / CRDi LP;Koreja. republika;KOR;osebni avtomobil;190;karavan;i40 
85;1627;4.8;1;KIA;RPC5D11-M64AZ1;CARENS / 1.7 / D;Koreja. republika;KOR;osebni avtomobil;193;karavan;CARENS 
85;1579;4.8;1;KIA;QLEF5D11-M641Z1;SPORTAGE / 1.6 / TD;Slovaöka;SVK;osebni avtomobil;175;vecnamensko vozilo;SPORTAGE 
85;1485;4.8;1;MERCEDES BENZ;O003T2-EZAA150B;B / 180 / d AUT.;Nemcija;DEU;osebni avtomobil;200;karavan;B 
85;1465;4.8;1;MERCEDES BENZ;O003T2-KZAA150A;B / 180 / d;Nemcija;DEU;osebni avtomobil;200;karavan;B 
85;1450;4.8;1;MERCEDES BENZ;X003T2-EZAA151B;A / 180 / d AUT.;Nemcija;DEU;osebni avtomobil;206;limuzina;A 
85;1445;4.8;1;MERCEDES BENZ;X203T2-EZAA151B;A / 180 / d AUT.;Nemcija;DEU;osebni avtomobil;202;karavan;A 
85;1545;4.8;1;MITSUBISHI;GA511-AAAAA6A5AAAC;ASX / 1.8 DID / LP 2WD ASG;Japonska ;JPN;osebni avtomobil;189;karavan;ASX 
85;1500;4.8;1;MITSUBISHI;GA511-AEAAA6A5AAAC;ASX / 1.8 DID / LP 2WD ASG;Japonska ;JPN;osebni avtomobil;189;karavan;ASX 
85;1490;4.8;1;MITSUBISHI;GA511-AEAAA6A5AAAA;ASX / 1.8 DID / LP 2WD ASG;Japonska ;JPN;osebni avtomobil;189;karavan;ASX 
85;1557;4.8;1;RENAULT;RFBKH2A6BUC6820100;MEGANE / GRANDTOUR 1.5 / DCI AUT.;Francija;FRA;osebni avtomobil;190;karavan;MEGANE 
85;1524;4.8;1;RENAULT;RFBKH2A66TA0A00100;MEGANE / GRANDTOUR 1.5 / DCI;Francija;FRA;osebni avtomobil;190;karavan;MEGANE 
85;1523;4.8;1;RENAULT;RFBKH2A66TB1D00100;MEGANE / GRANDTOUR 1.5 / DCI;Francija;FRA;osebni avtomobil;193;karavan;MEGANE 
85;1483;4.8;1;RENAULT;RJBHD2ADBTA54A5000;CAPTUR / 1.5 / DCI AUT.;Francija;FRA;osebni avtomobil;186;vozilo z dviûnimi vrati zadaj;CAPTUR 
85;1472;4.8;1;RENAULT;RFBBH2A6BTB1H00100;MEGANE / 1.5 / DCI AUT.;Francija;FRA;osebni avtomobil;192;vozilo z dviûnimi vrati zadaj;MEGANE 
85;1470;4.8;1;RENAULT;RFBBH2A66TB1D00100;MEGANE / 1.5 / DCI;Francija;FRA;osebni avtomobil;190;vozilo z dviûnimi vrati zadaj;MEGANE 
85;1463;4.8;1;RENAULT;RFBBH2A66TA0A00100;MEGANE / 1.5 / DCI;Francija;FRA;osebni avtomobil;190;vozilo z dviûnimi vrati zadaj;MEGANE 
85;1459;4.8;1;RENAULT;RJBHD2ADBTA14A5000;CAPTUR / 1.5 / DCI AUT.;Francija;FRA;osebni avtomobil;194;vozilo z dviûnimi vrati zadaj;CAPTUR 
85;1442;4.8;1;RENAULT;RJBHD2AD6TA57A5000;CAPTUR / 1.5 / DCI;Francija;FRA;osebni avtomobil;187;vozilo z dviûnimi vrati zadaj;CAPTUR 
85;1462;4.8;1;äKODA;ACDGTEX0-NFD7FD7CW0027CP5N1C7A;KAROQ / 1.6 / TDI AUT.;Ceöka republika;CZE;osebni avtomobil;186;karavan;KAROQ 
85;1458;4.8;1;äKODA;ACDTRDX0-NFM6FM6C90124BI15N0N1A2A;KAROQ / 2.0 / TDI;Ceöka republika;CZE;osebni avtomobil;190;karavan;KAROQ 
85;1348;4.8;1;äKODA;AADGTEX0-NFM5FM5A40517CPSTVLN1B7A;OCTAVIA / 1.6 / TDI;Ceöka republika;CZE;osebni avtomobil;205;limuzina;OCTAVIA 
85;1348;4.8;1;äKODA;AADGTEX0-NFM5FM5A40514BFSTVLN1B7A;OCTAVIA / 1.6 / TDI;Ceöka republika;CZE;osebni avtomobil;203;limuzina;OCTAVIA 
85;1268;4.8;0;äKODA;ACDKRFX0-NFM6FM6AJ0167CPSTVLN1B7A;OCTAVIA / COMBI 1.0 / TSI;Ceöka republika;CZE;osebni avtomobil;199;karavan;OCTAVIA 
85;1247;4.8;0;äKODA;ACCHZDX0-NFM6FM6AJ016STVLN617;OCTAVIA / COMBI 1.0 / TSI;Ceöka republika;CZE;osebni avtomobil;201;karavan;OCTAVIA 
85;1225;4.8;0;äKODA;AACHZDX0-NFM6FM6AJ016STVLN617;OCTAVIA / 1.0 / TSI;Ceöka republika;CZE;osebni avtomobil;203;limuzina;OCTAVIA 
85;1460;4.8;0;TOYOTA;E15UT(a)/NRE185(W)/NRE185L-DWXNZW(2W);AURIS / 1.2T / CVT TS;Zdruûeno kraljestvo;GBR;osebni avtomobil;195;karavan;AURIS 
85;1440;4.8;0;TOYOTA;E15UT(a)/NRE185(W)/NRE185L-DWFNZW(2W);AURIS / 1.2T / TS;Zdruûeno kraljestvo;GBR;osebni avtomobil;195;karavan;AURIS 
85;1574;4.8;1;VOLKSWAGEN;ACDFGCX0-NFM6FM6BB005KN2TVR27MM61;TIGUAN / 2.0 / TDI;Nemcija;DEU;osebni avtomobil;185;karavan;TIGUAN 
85;1570;4.8;1;VOLKSWAGEN;ACDGDBX0-NFM6FM6BB005KN3TVR27MM61;TIGUAN / 1.6 / TDI;Nemcija;DEU;osebni avtomobil;185;karavan;TIGUAN 
85;1245;4.8;0;VOLKSWAGEN;GAC4DKRFX0-FM6FM6AJ016N7CPON1VL1BVR2NA;GOLF / 1.0 / TSI;Nemcija;DEU;osebni avtomobil;198;karavan;GOLF 
85;1070;4.8;0;VOLKSWAGEN;ABDKRA-FM6FM6DQ0037CPVR2N1RVW1B;UP! / 1.0 /;Nemcija;DEU;osebni avtomobil;196;vozilo z dviûnimi vrati zadaj;UP! 
85;1385;4.84;1;äKODA;ACDGTEX0-NFD7FD7CW0027CPSTVLN1B7A;OCTAVIA / COMBI 1.6 / TDI AUT.;Ceöka republika;CZE;osebni avtomobil;198;karavan;OCTAVIA 
85;1555;4.9;1;BMW;VY11-5H000;X1 / sDrive 16 / d;Nemcija;DEU;osebni avtomobil;190;karavan;X1 
85;1448;4.9;1;DACIA;SRDHD2AD6DA1D0M000;DUSTER / 1.5 / DCI;Francija;FRA;osebni avtomobil;183;karavan;DUSTER 
85;1836;4.9;1;FORD;PJ2T1GA1BHX-E5DEBZCASAPA;TOURNEO CONNECT / 1.6 TDCi 85 /;Nemcija;DEU;osebni avtomobil;165;vozilo z dostopom za invalidski vozicek;TOURNEO CONNECT 
85;1641;4.9;1;FORD;PJ2T1GABHX-E7DEBZCASAPG;G TOURNEO CONNECT 230 L2 /1.6 TDCi 85/ M6 120V 7;Nemcija;DEU;osebni avtomobil;165;karavan;G TOURNEO CONNECT 230 L2 
85;1637;4.9;1;FORD;PJ2T1GABHX-E5DEBZCASAPA;G TOURNEO CONNECT 230 L2 /1.6 TDCi 85/ M6 120V 5;Nemcija;DEU;osebni avtomobil;165;karavan;G TOURNEO CONNECT 230 L2 
85;1584;4.9;1;FORD;PJ2T1GABHX-B5DEAZCASAPC;TOURNEO CONNECT 205 L1 /1.6 TDCi 85/ M6 120V;Nemcija;DEU;osebni avtomobil;165;karavan;TOURNEO CONNECT 205 L1 
85;1570;4.9;1;FORD;BA7T1BA1G-5CKBNW;MONDEO / 1.6 / TDCI M6;Nemcija;DEU;osebni avtomobil;185;karavan;MONDEO 
85;1567;4.9;1;FORD;DXAT1DA1H-7DDCNF;Grand C-MAX 1.6 / TDCi 85 M6;Nemcija;DEU;osebni avtomobil;180;vecnamensko vozilo;Grand C-MAX 1.6 
85;1504;4.9;1;FORD;DXAT1DA1H-5DDCNF;Grand C-MAX / 1.6 / TDCi 115 DPF M6;Nemcija;DEU;osebni avtomobil;180;karavan;Grand C-MAX 
85;1504;4.9;1;FORD;DXAT1DA1H-7DDCNF;Grand C-MAX / 1.6 / TDCi 115 DPF M6;Nemcija;DEU;osebni avtomobil;180;vecnamensko vozilo;Grand C-MAX 
85;1496;4.9;1;FORD;BA7T1BA1E-5CBNM;MONDEO / 1.6 / TDCI DPF M6;Nemcija;DEU;osebni avtomobil;190;vozilo z dviûnimi vrati zadaj;MONDEO 
85;1496;4.9;1;FORD;BA7T1BA1D-5CKBNM;MONDEO / 1.6 / TDCI M6;Nemcija;DEU;osebni avtomobil;190;limuzina;MONDEO 
85;1741;4.9;1;HYUNDAI;F5D11-M641Z1;TUCSON / 1.6 / CRDi LP;Ceöka republika;CZE;osebni avtomobil;175;vecnamensko vozilo;TUCSON 
85;1496;4.9;1;HYUNDAI;F5D21-M67BZ1;i30 CW / 1.6 / CRDi;Ceöka republika;CZE;osebni avtomobil;192;karavan;i30 CW 
85;1581;4.9;1;KIA;RPC7D11-M64AZ1;CARENS / 1.7 / D;Koreja. republika;KOR;osebni avtomobil;181;karavan;CARENS 
85;1557;4.9;1;KIA;RPC5D11-M64AZ1;CARENS / 1.7 / D;Koreja. republika;KOR;osebni avtomobil;181;karavan;CARENS 
85;1356;4.9;1;KIA;YNF5D51-M62AZ1;VENGA / 1.6 / D;Ceöka republika;CZE;osebni avtomobil;182;vecnamensko vozilo;VENGA 
85;1055;4.9;0;MAZDA;6HA62W0;MAZDA 2 / G115 /;Japonska ;JPN;osebni avtomobil;200;vozilo z dviûnimi vrati zadaj;MAZDA 2 
85;1485;4.9;1;MERCEDES BENZ;O003T2-EZAA150B;B / 180 / D AUT.;Nemcija;DEU;osebni avtomobil;200;karavan;B 
85;1445;4.9;1;MERCEDES BENZ;X203T2-EZAA151B;A / 180 / d AUT.;Nemcija;DEU;osebni avtomobil;202;karavan;A 
85;1237;4.9;0;OPEL;BAACC12-BX2E6KE6K5;CORSA-E / 1.0 / 12V TURBO;Nemcija;DEU;osebni avtomobil;195;kupe;CORSA-E 
85;1528;4.9;1;RENAULT;RFBKH2A66TB1D00100;MEGANE / GRANDTOUR 1.5 / DCI;Francija;FRA;osebni avtomobil;193;karavan;MEGANE 
85;1527;4.9;1;RENAULT;RFBLH2A6BTB1J00100;MEGANE / GRANDCOUPE 1.5 / DCI AUT.;Francija;FRA;osebni avtomobil;197;limuzina;MEGANE 
85;1513;4.9;1;RENAULT;RFBLH2A66TA0C00100;MEGANE / GRANDCOUPE 1.5 / DCI;Francija;FRA;osebni avtomobil;191;limuzina;MEGANE 
85;1470;4.9;1;RENAULT;RFBBH2A6BTA0R00100;MEGANE / 1.5 / DCI AUT.;Francija;FRA;osebni avtomobil;190;vozilo z dviûnimi vrati zadaj;MEGANE 
85;1468;4.9;1;RENAULT;RJBHD2ADBTA54A5000;CAPTUR / 1.5 / DCI AUT.;Francija;FRA;osebni avtomobil;186;vozilo z dviûnimi vrati zadaj;CAPTUR 
85;1352;4.9;1;SEAT;FDGTEX0V-FM5SFM5A40517CPVLO51BA;LEON ST / 1.6 / TDI;äpanija;ESP;osebni avtomobil;197;karavan;LEON ST 
85;1352;4.9;1;SEAT;FDGTEX0V-FM5SFM5A40514BFVLO51BA;LEON SPORTOURER ST / 1.6 / TDI;äpanija;ESP;osebni avtomobil;197;karavan;LEON SPORTOURER ST 
85;1311;4.9;1;SEAT;BDGTEX0V-FM5SFM5A40517CPVLO51BA;LEON / 1.6 / TDI;äpanija;ESP;osebni avtomobil;197;karavan;LEON 
85;1303;4.9;1;SEAT;XDGTA-FM6SFM62S0347CN4A1BA;ARONA / 1.6 / TDI;äpanija;ESP;osebni avtomobil;185;vozilo z dviûnimi vrati zadaj;ARONA 
85;1187;4.9;0;SEAT;XCHZJ-FM6FM6AJ0167MM481;ARONA / 1.0 / TSI;äpanija;ESP;osebni avtomobil;182;vozilo z dviûnimi vrati zadaj;ARONA 
85;1348;4.9;1;äKODA;AADGTEX0-NFM5FM5A40517CPSTVLN1C7A;OCTAVIA / 1.6 / TDI;Ceöka republika;CZE;osebni avtomobil;205;limuzina;OCTAVIA 
85;1324;4.9;1;äKODA;ABSDGTAX0-NFM6FM62S0347CSSTR4N1B7A;SCALA / 1.6 / TDI;Ceöka republika;CZE;osebni avtomobil;202;vozilo z dviûnimi vrati zadaj;SCALA 
85;1324;4.9;1;äKODA;ABSDGTAX0-NFM6FM62S0344BFSTN3N1B8A;SCALA / 1.6 / TDI;Ceöka republika;CZE;osebni avtomobil;201;vozilo z dviûnimi vrati zadaj;SCALA 
85;1247;4.9;0;äKODA;ACCHZDX0-NFM6FM6AJ016V2VLN627;OCTAVIA / COMBI 1.0 / TSI;Ceöka republika;CZE;osebni avtomobil;201;karavan;OCTAVIA 
85;1225;4.9;0;äKODA;AACHZDX0-NFM6FM6AJ016STVLN627;OCTAVIA / 1.0 / TSI;Ceöka republika;CZE;osebni avtomobil;203;limuzina;OCTAVIA 
85;1550;4.9;1;VOLKSWAGEN;DGDAAC-FM6FM62S0267CNS50VR21CA;TOURAN / 1.6 / TDI;Nemcija;DEU;osebni avtomobil;190;karavan;TOURAN 
85;1355;4.9;1;VOLKSWAGEN;GAC4DGTEX0-FM5FM5A4051N7CPON1VL1BVR2NA;GOLF / 1.6 / TDI;Nemcija;DEU;osebni avtomobil;198;karavan;GOLF 
85;1335;4.9;1;VOLKSWAGEN;GAC2DGTEX0-FM5FM5A4051N7CPON1VL1BVR2NA;GOLF / 1.6 / TDI;Nemcija;DEU;osebni avtomobil;198;karavan;GOLF 
85;1390;4.92;1;RENAULT;RFBBH2A66TA0A00100;MEGANE / 1.5 / DCI;Francija;FRA;osebni avtomobil;190;vozilo z dviûnimi vrati zadaj;MEGANE 
85;1315;5.1;0;AUDI;XCHZJF1-FD7FD7CW007PGA077MMEM1HA1;Q2 / 1.0 / TFSI AUT.;Nemcija;DEU;osebni avtomobil;197;karavan;Q2 
85;1280;5.1;0;AUDI;XCHZJF1-FM6FM6AJ018PGA077MMEM1HA1;Q2 / 1.0 / TFSI;Nemcija;DEU;osebni avtomobil;197;karavan;Q2 
85;1575;5.1;1;BMW;31AC-IAW500L0;X1 / sDrive16 / d AUT.;Nemcija;DEU;osebni avtomobil;190;karavan;X1 
85;1570;5.1;1;BMW;YK11-IAW500M0;X2 / sDrive 16 / d AUT.;Nemcija;DEU;osebni avtomobil;192;karavan;X2 
85;1555;5.1;1;BMW;6W51-DHW50000;216 / GRAN TOURER / d;Nemcija;DEU;osebni avtomobil;192;karavan;216
85;1555;5.1;1;BMW;31AC-IHW50000;X1 / sDrive16 / d;Nemcija;DEU;osebni avtomobil;190;karavan;X1 
85;1436;5.1;1;DACIA;SRDHD2AD6DA120M000;DUSTER / 1.5 / DCI;Francija;FRA;osebni avtomobil;179;karavan;DUSTER 
85;1564;5.1;1;KIA;SLSF5D41-M65BZ1;SPORTAGE / 1.7 / TD;Slovaöka;SVK;osebni avtomobil;173;vecnamensko vozilo;SPORTAGE 
85;1485;5.1;1;MERCEDES BENZ;O003T2-EZAA150B;B / 180 / d AUT.;Nemcija;DEU;osebni avtomobil;200;karavan;B 
85;1585;5.1;1;MITSUBISHI;GA521-ABAAA6A5AAAC;ASX / 1.8 DID / LP 4WD ASG;Japonska ;JPN;osebni avtomobil;185;karavan;ASX 
85;1580;5.1;1;MITSUBISHI;GA521-ABAAA6A5AAAA;ASX / 1.8 DID / LP 4WD ASG;Japonska ;JPN;osebni avtomobil;185;karavan;ASX 
85;1608;5.1;1;RENAULT;RFEHH2A6BTA1A25000;KADJAR / 1.5 / DCI AUT.;Francija;FRA;osebni avtomobil;189;karavan;KADJAR 
85;1596;5.1;1;RENAULT;RFEHH2A6BTA2A25000;KADJAR / 1.5 / DCI AUT.;Francija;FRA;osebni avtomobil;189;karavan;KADJAR 
85;1592;5.1;1;RENAULT;RFEHH2A6BTA1A25000;KADJAR / 1.5 / DCI;Francija;FRA;osebni avtomobil;189;karavan;KADJAR 
85;1560;5.1;1;RENAULT;RFEHH2A66TA0325000;KADJAR / 1.5 / DCI;Francija;FRA;osebni avtomobil;189;karavan;KADJAR 
85;1370;5.1;1;äKODA;ACDGTEX0-NFM5FM5A40514BFSTVLN1B8A;OCTAVIA / COMBI 1.6 / TDI;Ceöka republika;CZE;osebni avtomobil;199;karavan;OCTAVIA 
85;1370;5.1;1;äKODA;ACDGTEX0-NFM5FM5A40517CPS1VLN1B7A;OCTAVIA / COMBI 1.6 / TDI;Ceöka republika;CZE;osebni avtomobil;198;karavan;OCTAVIA 
85;1363;5.1;1;äKODA;AADGTEX0-NFD7FD7CW0027CPSTVLN1B7A;OCTAVIA / 1.6 / TDI AUT.;Ceöka republika;CZE;osebni avtomobil;204;limuzina;OCTAVIA 
85;1339;5.1;1;äKODA;ABSDGTAX0-NFD7FD7CW0027CSSTR4N1B7A;SCALA / 1.6 / TDI AUT.;Ceöka republika;CZE;osebni avtomobil;201;vozilo z dviûnimi vrati zadaj;SCALA 
85;1336;5.1;1;äKODA;ABCDGTAX0-NFM6FM62S0344BFSTN3N1B8A;KAMIQ / 1.6 / TDI;Ceöka republika;CZE;osebni avtomobil;193;vozilo z dviûnimi vrati zadaj;KAMIQ 
85;1834;5.1;1;TOYOTA;VABHXH-N2B00K(1E);PROACE / 1.6 / D;Francija;FRA;osebni avtomobil;160;vecnamensko vozilo;PROACE 
85;1420;5.1;0;TOYOTA;E15UT(a)/NRE185(H)/NRE185L-DHXGZW(1V);AURIS / 1.2T / CVT;Zdruûeno kraljestvo;GBR;osebni avtomobil;195;vozilo z dviûnimi vrati zadaj;AURIS 
85;1772;5.1;1;VOLKSWAGEN;CUVAX0AC-FM6FM6BB0027MM5VR2VW62;SHARAN / 2.0 / TDI;Nemcija;DEU;osebni avtomobil;184;karavan;SHARAN 
85;1415;5.1;1;VOLKSWAGEN;STAJMX01-SGFM62M001N41N1;BORA / 1.9 / TDI;Nemcija;DEU;osebni avtomobil;195;limuzina;BORA 
85;1408;5.1;1;VOLKSWAGEN;SCAJMX01-SGFM62M001M4;GOLF / 1.9 / Tdi;Nemcija;DEU;osebni avtomobil;195;vozilo z dviûnimi vrati zadaj;GOLF 
85;1395;5.1;1;VOLKSWAGEN;VACDGTEX0-FM5FM5A4051N4BFON1VL1BVR2A;GOLF / VARIANT 1.6 / TDI;Nemcija;DEU;osebni avtomobil;200;karavan;GOLF 
85;1355;5.1;1;VOLKSWAGEN;GAC4DGTEX0-FM5FM5A4051N7CPON1VL1CVR2NA;GOLF / 1.6 / TDI;Nemcija;DEU;osebni avtomobil;198;karavan;GOLF 
85;1333;5.1;1;VOLKSWAGEN;SCAJMX01-SGFM62M001M41N10GE;GOLF / 1.9 / Tdi;Nemcija;DEU;osebni avtomobil;195;vozilo z dviûnimi vrati zadaj;GOLF 
85;1270;5.1;0;VOLKSWAGEN;CHZJX0AC4-FM6FM6AJ0187MM62;T-ROC / 1.0 / TSI;Nemcija;DEU;osebni avtomobil;187;karavan;T-ROC 
85;1375;5.2;1;AUDI;LDGTEF1-FM6FM62S027RT51B167CPAEM1;A3 / 1.6 / TDI;Nemcija;DEU;osebni avtomobil;211;limuzina;A3 
85;1555;5.2;1;BMW;JH11-DHW50000;X1 / sDrive16 / d;Nemcija;DEU;osebni avtomobil;190;karavan;X1 
85;1370;5.2;1;BMW;UK51-60;116 / / D;Nemcija;DEU;osebni avtomobil;200;karavan;116
85;1938;5.2;1;CITROEN;VABHXH-N2B00N;JUMPY SPACE TOURER / 1.6 / HDI L3;Francija;FRA;osebni avtomobil;160;vozilo z dostopom za invalidski vozicek;JUMPY SPACE TOURER 
85;1866;5.2;1;CITROEN;VABHXH-P2B00L;JUMPY SPACE TOURER / 1.6 / HDI L2;Francija;FRA;osebni avtomobil;160;vecnamensko vozilo;JUMPY SPACE TOURER 
85;1858;5.2;1;CITROEN;VABHXH-N2B00L;JUMPY SPACE TOURER / 1.6 / HDI L2;Francija;FRA;osebni avtomobil;160;vecnamensko vozilo;JUMPY SPACE TOURER 
85;1446;5.2;1;DACIA;SRDHD2AD6DA120M000;DUSTER / 1.5 / DCI;Francija;FRA;osebni avtomobil;179;karavan;DUSTER 
85;1439;5.2;1;DACIA;SD0JDSJT6DB000M700;LODGY / 1.5 / DCI;Romunija;ROM;osebni avtomobil;185;karavan;LODGY 
85;1436;5.2;1;DACIA;SD0JDSJT6DA130M700;LODGY / 1.5 / DCI;Romunija;ROM;osebni avtomobil;185;karavan;LODGY 
85;1395;5.2;1;FIAT;198AXD1A03;BRAVO / 1.9 / JTD;Italija;ITA;osebni avtomobil;190;vecnamensko vozilo;BRAVO 
85;1775;5.2;1;FORD;WA6T1WB-1S7CEAQG;S-MAX / 1.6 / TDCi M6 S;Nemcija;DEU;osebni avtomobil;180;vecnamensko vozilo;S-MAX 
85;1734;5.2;1;FORD;WA6T1WB-1M7CEAQP;GALAXY / 1.6 / TDCI M6;Nemcija;DEU;osebni avtomobil;178;vecnamensko vozilo;GALAXY 
85;1703;5.2;1;FORD;WA6T1WB-1S7CEAQG;S-MAX / 1.6 / TDCi M6;Nemcija;DEU;osebni avtomobil;180;vecnamensko vozilo;S-MAX 
85;1576;5.2;1;FORD;BA7-LPBA1G5HFFPX;MONDEO / 2.0 / TDCI ECO;Nemcija;DEU;osebni avtomobil;190;karavan;MONDEO 
85;1485;5.2;1;FORD;DYBTYDA1L-5QNAND;FOCUS / 2.0 / TDCI 85 A6;Nemcija;DEU;osebni avtomobil;196;karavan;FOCUS 
85;1392;5.2;1;FORD;DA3-KKDA15;FOCUS / 1.8 / TDCi;Nemcija;DEU;osebni avtomobil;190;vozilo z dviûnimi vrati zadaj;FOCUS 
85;1391;5.2;1;FORD;DA3KKDA1P-5KABMZ;FOCUS / 1.8 / TDCi;Nemcija;DEU;osebni avtomobil;190;vozilo z dviûnimi vrati zadaj;FOCUS 
85;1374;5.2;1;FORD;DA3-KKDA13;FOCUS / 1.8 / TDCi;Nemcija;DEU;osebni avtomobil;188;vozilo z dviûnimi vrati zadaj;FOCUS 
85;1523;5.2;1;HYUNDAI;F5D41-M65AZ1;ix35 / 1.7 / CRDi;Ceöka republika;CZE;osebni avtomobil;173;vecnamensko vozilo;ix35 
85;1551;5.2;1;KIA;SLSF5D41-M65AZ1;SPORTAGE / 1.7 / TD;Slovaöka;SVK;osebni avtomobil;173;vecnamensko vozilo;SPORTAGE 
85;1429;5.2;1;KIA;AMF5D11-M53AZ1;SOUL / 1.6 / D;Koreja. republika;KOR;osebni avtomobil;178;vecnamensko vozilo;SOUL 
85;1581;5.2;1;MAZDA;CWA9Y6EU;MAZDA5 / 1.6 CD /;Japonska ;JPN;osebni avtomobil;180;vecnamensko vozilo;MAZDA5 
85;1531;5.2;1;MAZDA;CWA9Y6;MAZDA5 / 1.6 CD / 7S;Japonska ;JPN;osebni avtomobil;180;vecnamensko vozilo;MAZDA5 
85;1490;5.2;1;MAZDA;CWA9Y6;MAZDA5 / 1.6 CD /;Zdruûene drûave;USA;osebni avtomobil;180;vecnamensko vozilo;MAZDA5 
85;1412;5.2;1;MAZDA;FW8AAW00;CX-3 / CD115 / AWD AT;Japonska ;JPN;osebni avtomobil;179;karavan;CX-3 
85;1535;5.2;1;MERCEDES BENZ;O010T2-HZAA150B;B / 180 d / AUT.;Nemcija;DEU;osebni avtomobil;200;karavan;B 
85;1325;5.2;0;MERCEDES BENZ;169-0;A / 170;Nemcija;DEU;osebni avtomobil;183;vozilo z dviûnimi vrati zadaj;A 
85;1911;5.2;1;PEUGEOT;VABHXH-N2B00N;EXPERT TRAVELLER / 1.6 / HDI L3;Francija;FRA;osebni avtomobil;160;vecnamensko vozilo;EXPERT TRAVELLER 
85;1858;5.2;1;PEUGEOT;VABHXH-N2B00L;EXPERT TRAVELLER / 1.6 / HDI L2;Francija;FRA;osebni avtomobil;160;vecnamensko vozilo;EXPERT TRAVELLER 
85;1592;5.2;1;RENAULT;RFEHH2A66TA1925000;KADJAR / 1.5 / DCI;Francija;FRA;osebni avtomobil;189;karavan;KADJAR 
85;1579;5.2;1;RENAULT;RFEHH2A66TA2925000;KADJAR / 1.5 / DCI;Francija;FRA;osebni avtomobil;189;karavan;KADJAR 
85;1574;5.2;1;RENAULT;RFEHH2A6BTA1A25000;KADJAR / 1.5 / DCI;Francija;FRA;osebni avtomobil;189;karavan;KADJAR 
85;1428;5.2;1;SEAT;XDGTEX0-FM6SFM62S0347CPVL1C18A;ATECA / 1.6 / TDI;äpanija;ESP;osebni avtomobil;184;karavan;ATECA 
85;1428;5.2;1;SEAT;XDGTEX0-FM6SFM62S0347CPVL1C18A;ATECA / 1.6 / TDI;äpanija;ESP;osebni avtomobil;184;vozilo za posebne namene;ATECA 
85;1352;5.2;1;SEAT;FDGTEX0V-FM5SFM5A40517CPVLO51CA;LEON ST / 1.6 / TDI;äpanija;ESP;osebni avtomobil;197;karavan;LEON ST 
85;1280;5.2;0;SEAT;XCHZJX0-FM6SFM6AJ0187MMVL61;ATECA / 1.0 / TSI;äpanija;ESP;osebni avtomobil;183;karavan;ATECA 
85;1370;5.2;1;äKODA;ACDGTEX0-NFM5FM5A40517CPSTVLN1C7B;OCTAVIA / COMBI 1.6 / TDI;Ceöka republika;CZE;osebni avtomobil;198;karavan;OCTAVIA 
85;1364;5.2;1;äKODA;ABCDGTAX0-NFD7FD7CW0024BFSTNK4N1A8A;KAMIQ / 1.6 / TDI AUT.;Ceöka republika;CZE;osebni avtomobil;192;vozilo z dviûnimi vrati zadaj;KAMIQ 
85;1339;5.2;1;äKODA;ABSDGTAX0-NFD7FD7CW0024BFSTN4N1B8A;SCALA / 1.6 / TDI AUT.;Ceöka republika;CZE;osebni avtomobil;200;vozilo z dviûnimi vrati zadaj;SCALA 
85;1910;5.2;1;TOYOTA;VABHXH-P2B00N(1E);PROACE / 1.6 / D;Francija;FRA;osebni avtomobil;160;vecnamensko vozilo;PROACE 
85;1858;5.2;1;TOYOTA;VABHXH-N2B00L(1C);PROACE / 1.6 / D;Francija;FRA;osebni avtomobil;160;vecnamensko vozilo;PROACE 
85;1445;5.2;1;VOLKSWAGEN;SACDGTEX0-FM5FM5A4051N7CPON1VL1BVR2B;GOLF / SPORTSVAN 1.6 / TDI;Nemcija;DEU;osebni avtomobil;194;karavan;GOLF 
85;1440;5.2;1;VOLKSWAGEN;SACDGTEX0-FM5FM5A4051N4BFON1VL1BVR2B;GOLF / SPORTSVAN 1.6 / TDI;Nemcija;DEU;osebni avtomobil;194;karavan;GOLF 
85;1395;5.2;1;VOLKSWAGEN;VACDGTEX0-FM5FM5A4051N4BFON1VL1CVR2A;GOLF / VARIANT 1.6 / TDI;Nemcija;DEU;osebni avtomobil;200;karavan;GOLF 
85;1395;5.2;1;VOLKSWAGEN;DGTEX0AC40-FM6FM62S0344BF1AANN;T-ROC / 1.6 / TDI;Nemcija;DEU;osebni avtomobil;187;karavan;T-ROC 
85;1360;5.2;1;VOLKSWAGEN;GAC4DGTEX0-FM5FM5A4051N4BFON1VL1CVR2NA;GOLF / 1.6 / TDI;Nemcija;DEU;osebni avtomobil;198;karavan;GOLF 
85;1355;5.2;1;VOLKSWAGEN;GAC4DGTEX0-FM5FM5A4051N7CPON1VL1CVR2NA;GOLF / 1.6 / TDI;Nemcija;DEU;osebni avtomobil;198;karavan;GOLF 
85;1270;5.2;0;VOLKSWAGEN;DKRFX0AC4-FM6FM6AJ0187CP1B;T-ROC / 1.0 / TSI;Nemcija;DEU;osebni avtomobil;187;karavan;T-ROC 
85;1420;5.3;1;AUDI;B5-AJM;A4 / AVANT 1.9 / TDI;Nemcija;DEU;osebni avtomobil;195;karavan;A4 
85;1420;5.3;1;AUDI;B5;A 4 / 1.9;Nemcija;DEU;osebni avtomobil;195;karavan;A 4 
85;1385;5.3;1;AUDI;SDGTEF1-FD7FD7CW002RT11B167CPAEM1;A3 / 1.6 / TDI AUT.;Nemcija;DEU;osebni avtomobil;205;vozilo z dviûnimi vrati zadaj;A3 
85;1385;5.3;1;AUDI;LAJMF1-FM52EER92M;A4 / 1.9 / Tdi;Nemcija;DEU;osebni avtomobil;200;limuzina;A4 
85;1365;5.3;1;AUDI;SDGTEF1-FM6FM62S027RT11B164BFAEM1;A3 / 1.6 / TDI;Nemcija;DEU;osebni avtomobil;205;vozilo z dviûnimi vrati zadaj;A3 
85;1328;5.3;1;AUDI;LAJMF1-FM52EER92N;A4 / 1.9 / TDI;Nemcija;DEU;osebni avtomobil;200;limuzina;A4 
85;1285;5.3;1;AUDI;B5-AJM;A 4 / 1.9;Nemcija;DEU;osebni avtomobil;200;limuzina;A 4 
85;1280;5.3;0;AUDI;XCHZJF1-FM6FM6AJ018PGA057MMEM1HA1;Q2 / 1.0 / TFSI;Nemcija;DEU;osebni avtomobil;197;karavan;Q2 
85;1440;5.3;1;BMW;1V71-6HW50000;116 / / d;Nemcija;DEU;osebni avtomobil;200;karavan;116
85;1440;5.3;1;BMW;1V71-6HW50000;116 / / d;Nemcija;DEU;osebni avtomobil;200;vozilo za posebne namene;116
85;1395;5.3;1;FIAT;198AXD1A03C;BRAVO / 1.9 / JTD;Italija;ITA;osebni avtomobil;190;vecnamensko vozilo;BRAVO 
85;1340;5.3;1;FIAT;192AXE1A-08B;STILO / 1.9 / JTD;Italija;ITA;osebni avtomobil;192;vozilo z dviûnimi vrati zadaj;STILO 
85;1320;5.3;1;FIAT;192AXE1A08;STILO / 1.9 / JTD;Italija;ITA;osebni avtomobil;192;vozilo z dviûnimi vrati zadaj;STILO 
85;1265;5.3;1;FIAT;192AXE1A08B;STILO / 1.9 / JTD;Italija;ITA;osebni avtomobil;192;vozilo z dviûnimi vrati zadaj;STILO 
85;1265;5.3;1;FIAT;192AXE1A08C;FIAT / STILO / 1.9 / JTD;Italija;ITA;osebni avtomobil;192;vozilo z dviûnimi vrati zadaj;FIAT 
85;1265;5.3;1;FIAT;192AXE1A-08C;STILO / 1.9 / JTD;Italija;ITA;osebni avtomobil;172;vozilo z dviûnimi vrati zadaj;STILO 
85;1575;5.3;1;FORD;BA7-TYBA1G5CFBPB;MONDEO / 2.0 / TDCI 85 DPF M6;Nemcija;DEU;osebni avtomobil;187;karavan;MONDEO 
85;1557;5.3;1;FORD;BA7-TYBA1E5CFBPQ;MONDEO / 2.0 / TDCI 85 DPF M6;Nemcija;DEU;osebni avtomobil;192;vozilo z dviûnimi vrati zadaj;MONDEO 
85;1465;5.3;1;FORD;DM2-KKDB1E5K;C-MAX / 1.8 / TDCI;Nemcija;DEU;osebni avtomobil;188;vecnamensko vozilo;C-MAX 
85;1465;5.3;1;FORD;DM2-KKDB;FOCUS C-MAX / 1.8 /;Nemcija;DEU;osebni avtomobil;188;vecnamensko vozilo;FOCUS C-MAX 
85;1461;5.3;1;FORD;DYBTYDA1K-5QNAND;FOCUS / 2.0 / TDCI 85 A6;Nemcija;DEU;osebni avtomobil;196;vozilo z dviûnimi vrati zadaj;FOCUS 
85;1426;5.3;1;FORD;DA3KKDA1S-5KABNZ;FOCUS / 1.8 / TDCi;Nemcija;DEU;osebni avtomobil;190;karavan;FOCUS 
85;1426;5.3;1;FORD;DA3-KKDA1W;FOCUS / 1.8 / TDCi;Nemcija;DEU;osebni avtomobil;188;karavan;FOCUS 
85;1415;5.3;1;FORD;DA3-KKDA/4A5;FOCUS / 1.8 / TDCi;Nemcija;DEU;osebni avtomobil;188;karavan;FOCUS 
85;1341;5.3;1;FORD;DB3-KKDA;FOCUS / 1.8 / TDCI;Nemcija;DEU;osebni avtomobil;179;vozilo z dviûnimi vrati zadaj;FOCUS 
85;1612;5.3;1;HYUNDAI;F5D31-M65AZ1;ix35 / 1.7 / CRDi;Ceöka republika;CZE;osebni avtomobil;173;vecnamensko vozilo;ix35 
85;1585;5.3;1;HYUNDAI;F5D11-M62A12;TUCSON / 1.6 / CRDI LP;Ceöka republika;CZE;osebni avtomobil;175;vecnamensko vozilo;TUCSON 
85;1612;5.3;1;KIA;SLSF5D31-M65AZ1;SPORTAGE / 1.7 / TD;Slovaöka;SVK;osebni avtomobil;173;vecnamensko vozilo;SPORTAGE 
85;1520;5.3;1;KIA;SLSF5D31-M65BZ1;SPORTAGE / 1.7 / TD;Slovaöka;SVK;osebni avtomobil;173;vecnamensko vozilo;SPORTAGE 
85;1490;5.3;1;KIA;SLSF5D31-M65AZ1;SPORTAGE / 1.7 / TD;Slovaöka;SVK;osebni avtomobil;173;vozilo za posebne namene;SPORTAGE 
85;1615;5.3;1;MERCEDES BENZ;OH10T2-JZAA150B;GLA / 180 d / AUT.;Nemcija;DEU;osebni avtomobil;190;karavan;GLA 
85;1495;5.3;1;MITSUBISHI;CXB12-AHKKA6A5AAAA;LANCER / DID / ASG;Japonska ;JPN;osebni avtomobil;189;vozilo z dviûnimi vrati zadaj;LANCER 
85;1511;5.3;1;NISSAN;J11AA19;QASHQAI / 1.5 / DCI AUT.;Zdruûeno kraljestvo;GBR;osebni avtomobil;183;vecnamensko vozilo;QASHQAI 
85;1489;5.3;1;NISSAN;J11AA06;QASHQAI / 1.5 / DCI;Zdruûeno kraljestvo;GBR;osebni avtomobil;181;vecnamensko vozilo;QASHQAI 
85;1474;5.3;1;NISSAN;J11AA04;QASHQAI / 1.5 / DCI;Zdruûeno kraljestvo;GBR;osebni avtomobil;181;vecnamensko vozilo;QASHQAI 
85;1437;5.3;0;OPEL;BD11-1AAAA4AGBLA5;ASTRA / 1.6 / 16V;Nemcija;DEU;osebni avtomobil;188;vecnamensko vozilo;ASTRA 
85;1563;5.3;1;RENAULT;RFEHH2A66TA1925000;KADJAR / 1.5 / DCI;Francija;FRA;osebni avtomobil;189;karavan;KADJAR 
85;1359;5.3;0;RENAULT;KZ1106;MEGANE / GRANDTOUR 1.2 / 16V;Francija;FRA;osebni avtomobil;185;karavan;MEGANE 
85;1297;5.3;0;RENAULT;KZ0Z0H;MEGANE / GRANDTOUR 1.2 / 16V;Francija;FRA;osebni avtomobil;185;karavan;MEGANE 
85;1280;5.3;0;RENAULT;BZ1106;MEGANE / 1.2 / 16V;Francija;FRA;osebni avtomobil;185;vozilo z dviûnimi vrati zadaj;MEGANE 
85;1280;5.3;0;RENAULT;DZ1106;MEGANE / COUPE 1.2 / 16V;Francija;FRA;osebni avtomobil;185;kupe;MEGANE 
85;1273;5.3;0;RENAULT;BZ0Z0H;MEGANE / 1.2 / 16V;Francija;FRA;osebni avtomobil;185;vozilo z dviûnimi vrati zadaj;MEGANE 
85;1272;5.3;0;RENAULT;DZ0Z0H;MEGANE / COUPE 1.2 / 16V;Francija;FRA;osebni avtomobil;185;kupe;MEGANE 
85;1428;5.3;1;SEAT;XDGTEX0-FM6SFM62S0347CPVL1C19A;ATECA / 1.6 / TDI;äpanija;ESP;osebni avtomobil;184;karavan;ATECA 
85;1197;5.3;0;SEAT;BDKRFX0V-FM6SFM6AJ0194BFVLO51AAC;LEON / 1.0 / TSI;äpanija;ESP;osebni avtomobil;195;karavan;LEON 
85;1385;5.3;1;äKODA;ACDGTEX0-NFD7FD7CW0027CPSTVLN1B7A;OCTAVIA / COMBI 1.6 / TDI AUT.;Ceöka republika;CZE;osebni avtomobil;198;karavan;OCTAVIA 
85;1364;5.3;1;äKODA;ABCDGTAX0-NFD7FD7CW0024BFSTNK4N1A8A;KAMIQ / 1.6 / TDI AUT.;Ceöka republika;CZE;osebni avtomobil;192;vozilo z dviûnimi vrati zadaj;KAMIQ 
85;1340;5.3;0;äKODA;ACCHZJX0-NFM6FM6AJ0185617;KAROQ / 1.0 / TSI;Ceöka republika;CZE;osebni avtomobil;187;karavan;KAROQ 
85;1246;5.3;0;äKODA;AADKRFX0-NFM6FM6AJ0194BFSTVLN1B7A;OCTAVIA / 1.0 / TSI;Ceöka republika;CZE;osebni avtomobil;205;limuzina;OCTAVIA 
85;1395;5.3;0;TOYOTA;E15UT(a)/NRE185(H)/NRE185L-DHFGZW(1V);AURIS / 1.2T;Zdruûeno kraljestvo;GBR;osebni avtomobil;195;vozilo z dviûnimi vrati zadaj;AURIS 
85;1550;5.3;1;VOLKSWAGEN;DGDAAC-FM6FM62S0267CNS50VR21BA;TOURAN / 1.6 / TDI;Nemcija;DEU;osebni avtomobil;190;karavan;TOURAN 
85;1456;5.3;1;VOLKSWAGEN;1J;GOLF / 1.9;Nemcija;DEU;osebni avtomobil;195;karavan;GOLF 
85;1395;5.3;1;VOLKSWAGEN;DGTEX0AC4L-FM6FM62S0344BF1AANN;T-ROC / 1.6 / TDI;Nemcija;DEU;osebni avtomobil;187;karavan;T-ROC 
85;1395;5.3;1;VOLKSWAGEN;DGTEX0AC4L-FM6FM62S0344BF1AANN;T-ROC / 1.6 / TDI;Nemcija;DEU;osebni avtomobil;187;vozilo za posebne namene;T-ROC 
85;1375;5.3;1;VOLKSWAGEN;GAC4DGTEX0-FD7FD7CW002N7CPON1VL1BVR2NA;GOLF / 1.6 / TDI AUT.;Nemcija;DEU;osebni avtomobil;198;karavan;GOLF 
85;1363;5.3;1;VOLKSWAGEN;SCAJMX01-SGFM62M001M2;GOLF / 1.9 / Tdi;Nemcija;DEU;osebni avtomobil;195;vozilo z dviûnimi vrati zadaj;GOLF 
85;1333;5.3;1;VOLKSWAGEN;SCAJMX01-SGFM62M001N41N10GE;GOLF / 1.9 / Tdi;Nemcija;DEU;osebni avtomobil;195;vozilo z dviûnimi vrati zadaj;GOLF 
85;1219;5.3;1;VOLKSWAGEN;1J-AJM;GOLF / 1.9 / TDI;Nemcija;DEU;osebni avtomobil;195;vozilo z dviûnimi vrati zadaj;GOLF 
85;1570;5.4;1;AUDI;8E-BKE;A4 / AVANT 1.9 / TDI;Nemcija;DEU;osebni avtomobil;182;karavan;A4 
85;1507;5.4;1;AUDI;ABKEF1-FM52FGR8E500GG0;A4 / AVANT 1.9 / TDI;Nemcija;DEU;osebni avtomobil;201;karavan;A4 
85;1465;5.4;1;AUDI;8E-BKE;A4 / 1.9 / TDI;Nemcija;DEU;osebni avtomobil;208;limuzina;A4 
85;1465;5.4;1;AUDI;LBRBF1-FM61X8R8E507GG;A4 / 1.9 / TDI;Nemcija;DEU;osebni avtomobil;201;limuzina;A4 
85;1449;5.4;1;AUDI;B5AAJMF1-FM52EER92N;A4 / AVANT 1.9 / TDI;Nemcija;DEU;osebni avtomobil;196;karavan;A4 
85;1444;5.4;1;AUDI;B5AAJMF1-FM52EER92N;A 4 / AVANT 1.9;Nemcija;DEU;osebni avtomobil;196;karavan;A 4 
85;1443;5.4;1;AUDI;B5AAJMF1.FM52EER92N;A 4 / 1.9;Nemcija;DEU;osebni avtomobil;195;karavan;A 4 
85;1424;5.4;1;AUDI;B5-LAJMF1-FM52EER92N;A 4 / 1.9;Nemcija;DEU;osebni avtomobil;200;limuzina;A 4 
85;1421;5.4;1;AUDI;B5LAJMF1-FM52EER92N;A 4 / 1.9;Nemcija;DEU;osebni avtomobil;200;limuzina;A 4 
85;1420;5.4;1;AUDI;B5AAJMF1-FM52EER92N;A 4 / AVANT 1.9;Nemcija;DEU;osebni avtomobil;195;karavan;A 4 
85;1395;5.4;1;AUDI;AAJMF1-FM52EER97N;A4 / AVANT 1.9 / Tdi;Nemcija;DEU;osebni avtomobil;196;karavan;A4 
85;1365;5.4;1;AUDI;SDGTEF1-FM6FM62S027RT11C174BFAEM1;A3 / 1.6 / TDI;Nemcija;DEU;osebni avtomobil;205;vozilo z dviûnimi vrati zadaj;A3 
85;1315;5.4;0;AUDI;XCHZJF1-FD7FD7CW007PGA067MMEM1HA1;Q2 / 1.0 / TFSI AUT.;Nemcija;DEU;osebni avtomobil;197;karavan;Q2 
85;1180;5.4;0;AUDI;SDKRFF1-FM6FM6AJ017RT11B157CPAEM1;A1 / 1.0 / TFSI;Nemcija;DEU;osebni avtomobil;203;vozilo z dviûnimi vrati zadaj;A1 
85;1454;5.4;1;DACIA;SD0JDVJT6DB000M700;LODGY / 1.5 / DCI;Romunija;ROM;osebni avtomobil;185;karavan;LODGY 
85;1454;5.4;1;DACIA;SRDHD2AD6DS000M000;DUSTER / 1.5 / DCI;Francija;FRA;osebni avtomobil;179;karavan;DUSTER 
85;1451;5.4;1;DACIA;SD0JDVJT6DA130M700;LODGY / 1.5 / DCI;Romunija;ROM;osebni avtomobil;185;karavan;LODGY 
85;1410;5.4;1;FIAT;192CXE1A-14C;STILO / 1.9 / JTD;Italija;ITA;osebni avtomobil;172;karavan;STILO 
85;1395;5.4;1;FIAT;192BXE1A09C;STILO / 1.9 / JTD;Italija;ITA;osebni avtomobil;190;vozilo z dviûnimi vrati zadaj;STILO 
85;1320;5.4;1;FIAT;192B;STILO / 1.9;Italija;ITA;osebni avtomobil;192;vozilo z dviûnimi vrati zadaj;STILO 
85;1265;5.4;1;FIAT;192AXE1A-08;STILO / 1.9 / JTD;Italija;ITA;osebni avtomobil;172;vozilo z dviûnimi vrati zadaj;STILO 
85;1703;5.4;1;FORD;WA6T1WA-1S7CEAQG;S-MAX / 1.6 / TDCi M6;Nemcija;DEU;osebni avtomobil;180;vecnamensko vozilo;S-MAX 
85;1465;5.4;1;FORD;DM2-KKDA1E5K;C-MAX / 1.8 / TDCi;Nemcija;DEU;osebni avtomobil;188;vecnamensko vozilo;C-MAX 
85;1465;5.4;1;FORD;DM2-KKDA;FOCUS C-MAX / 1.8 / TDCi;Nemcija;DEU;osebni avtomobil;188;vecnamensko vozilo;FOCUS C-MAX 
85;1465;5.4;1;FORD;DM2;FOCUS / C-MAX / 1.8  TDCI;Nemcija;DEU;osebni avtomobil;188;vecnamensko vozilo;FOCUS 
85;1465;5.4;1;FORD;DM2;FOCUS / C-MAX / 1.8 / TDCI;Nemcija;DEU;osebni avtomobil;185;vecnamensko vozilo;FOCUS 
85;1205;5.4;1;FORD;DNW-F9DA;FORD / FOCUS / 1.8 / TDCI;Nemcija;DEU;osebni avtomobil;196;karavan;FORD 
85;1190;5.4;1;FORD;DAW-F9DA;FOCUS / 1.8;Nemcija;DEU;osebni avtomobil;196;vozilo z dviûnimi vrati zadaj;FOCUS 
85;1628;5.4;1;HYUNDAI;F5D11-M62A14;TUCSON / 1.6 / CRDI LP;Ceöka republika;CZE;osebni avtomobil;175;vecnamensko vozilo;TUCSON 
85;1524;5.4;1;KIA;SLSF5D41-M65BZ1;SPORTAGE / 1.7 / TD;Slovaöka;SVK;osebni avtomobil;173;vecnamensko vozilo;SPORTAGE 
85;1615;5.4;1;MERCEDES BENZ;OH10T2-JZAA150B;GLA / 180 d / AUT.;Nemcija;DEU;osebni avtomobil;190;karavan;GLA 
85;1515;5.4;1;NISSAN;J11AA81;QASHQAI / 1.5 / DCI AUT.;Zdruûeno kraljestvo;GBR;osebni avtomobil;183;vecnamensko vozilo;QASHQAI 
85;1561;5.4;1;RENAULT;WRKK9KA76TA1KBSAB0;KANGOO / 1.5 / DCI;Francija;FRA;osebni avtomobil;172;vecnamensko vozilo;KANGOO 
85;1536;5.4;0;RENAULT;RFAJF2N96RVA015000;SCENIC / 1.3 / 16V;Francija;FRA;osebni avtomobil;182;vozilo z dviûnimi vrati zadaj;SCENIC 
85;1385;5.4;1;RENAULT;KMSG06;MEGANE / GRANDTOUR 1.9 / DCI;Francija;FRA;osebni avtomobil;191;karavan;MEGANE 
85;1345;5.4;1;RENAULT;BMSG-06;MEGANE / 1.9 / DCI;Francija;FRA;osebni avtomobil;196;vozilo z dviûnimi vrati zadaj;MEGANE 
85;1197;5.4;0;SEAT;BDKRFX0V-FM6SFM6AJ0194BFVLO51BA;LEON / 1.0 / TSI;äpanija;ESP;osebni avtomobil;195;karavan;LEON 
85;1197;5.4;0;SEAT;BDKRFX0V-FM6SFM6AJ0194BFVLO51BA;LEON / 1.0 / TSI;äpanija;ESP;osebni avtomobil;195;vozilo za posebne namene;LEON 
85;1455;5.4;1;äKODA;ACDGTEX0-NFM6FM62S0344BF150N1A8A;KAROQ / 1.6 / TDI;Ceöka republika;CZE;osebni avtomobil;186;karavan;KAROQ 
85;1364;5.4;1;äKODA;ABCDGTAX0-NFD7FD7CW0024BFSTN5N1B6A;KAMIQ / 1.6 / TDI AUT.;Ceöka republika;CZE;osebni avtomobil;192;vozilo z dviûnimi vrati zadaj;KAMIQ 
85;1340;5.4;0;äKODA;ACCHZJX0-NFM6FM6AJ0186628;KAROQ / 1.0 / TSI;Ceöka republika;CZE;osebni avtomobil;187;karavan;KAROQ 
85;1209;5.4;0;äKODA;ABSDKRFX0-NFM6FM6AJ0194BFSTNN3N1A6A;SCALA / 1.0 / TSI;Ceöka republika;CZE;osebni avtomobil;201;vozilo z dviûnimi vrati zadaj;SCALA 
85;1395;5.4;0;TOYOTA;E15UT(a)/NRE185(H)/NRE185L-DHFSZW(6W);AURIS / 1.2T;Zdruûeno kraljestvo;GBR;osebni avtomobil;200;vozilo z dviûnimi vrati zadaj;AURIS 
85;1595;5.4;1;VOLKSWAGEN;DGDAAF-FM6FM62S0267CNS72VR21BA;TOURAN / 1.6 / TDI;Nemcija;DEU;osebni avtomobil;190;vecnamensko vozilo;TOURAN 
85;1585;5.4;1;VOLKSWAGEN;DFGCAC-FM6FM62Q0284BFS50VR21BA;TOURAN / 2.0 / TDI;Nemcija;DEU;osebni avtomobil;191;karavan;TOURAN 
85;1420;5.4;1;VOLKSWAGEN;VACDGTEX0-FD7FD7CW002N7CPON1VL1BVR2A;GOLF / VARIANT 1.6 / TDI AUT.;Nemcija;DEU;osebni avtomobil;200;karavan;GOLF 
85;1397;5.4;1;VOLKSWAGEN;1J-AJM;GOLF / VAR. 1.9 / TDI;Nemcija;DEU;osebni avtomobil;195;karavan;GOLF 
85;1395;5.4;1;VOLKSWAGEN;DGTEX0AC4-FM6FM62S0347CP1CA;T-ROC / 1.6 / TDI;Nemcija;DEU;osebni avtomobil;187;karavan;T-ROC 
85;1375;5.4;1;VOLKSWAGEN;GAC4DGTEX0-FD7FD7CW002N7CPON1VL1CVR2NA;GOLF / 1.6 / TDI AUT.;Nemcija;DEU;osebni avtomobil;198;karavan;GOLF 
85;1340;5.4;1;VOLKSWAGEN;1J;BORA / 1.9 / TDI;Nemcija;DEU;osebni avtomobil;195;limuzina;BORA 
85;1322;5.4;0;VOLKSWAGEN;1C-AZG;NEW BEETLE / 2.0;Nemcija;DEU;osebni avtomobil;185;vozilo z dviûnimi vrati zadaj;NEW BEETLE 
85;1395;5.4;1;VOLVO;VW70-92;V40 / 1.9 / DTI;ävedska;SWE;osebni avtomobil;195;karavan;V40 
85;1395;5.4;1;VOLVO;VW70-82;V 40 / 1.9;ävedska;SWE;osebni avtomobil;195;karavan;V 40 
85;1370;5.4;1;VOLVO;VS7082;S40 / 1.9 / DTI;ävedska;SWE;osebni avtomobil;195;limuzina;S40 
85;1320;5.4;1;VOLVO;VW-7082;V 40 / 1.9;ävedska;SWE;osebni avtomobil;195;karavan;V 40 
85;1320;5.4;1;VOLVO;VW-7082;V40 / 1.9 / D;ävedska;SWE;osebni avtomobil;195;karavan;V40 
85;1320;5.4;1;VOLVO;VW-7082;V40 / 1.9 / TD;ävedska;SWE;osebni avtomobil;180;karavan;V40 
85;1440;5.5;1;BMW;1V71-6HW50000;116 / / d;Nemcija;DEU;osebni avtomobil;200;karavan;116
85;1306;5.5;1;CITROEN;MFRHYB;BERLINGO / 2.0 / HDI;Francija;FRA;osebni avtomobil;162;vecnamensko vozilo;BERLINGO 
85;1280;5.5;0;DACIA;JSDDY5;LODGY / 1.2 / 16V T;Romunija;ROM;osebni avtomobil;179;karavan;LODGY 
85;1295;5.5;1;FIAT;199BXE1B09;GRANDE PUNTO / 1.9 / JTD;Italija;ITA;osebni avtomobil;190;vecnamensko vozilo;GRANDE PUNTO 
85;1550;5.5;1;FORD;DXATYDA1J-5QNCPD;C-MAX / 2.0 / TDCI 85 A6;Nemcija;DEU;osebni avtomobil;185;vecnamensko vozilo;C-MAX 
85;1356;5.5;1;FORD;DNW-F9DA15PFDMY;FOCUS / 1.8 / TDCI;Nemcija;DEU;osebni avtomobil;196;karavan;FOCUS 
85;1281;5.5;1;FORD;DNW-F9DA1;FOCUS / 1.8 / TDCI;Nemcija;DEU;osebni avtomobil;196;karavan;FOCUS 
85;1205;5.5;1;FORD;DNW;FOCUS / 1.8 / TDCI;Nemcija;DEU;osebni avtomobil;196;karavan;FOCUS 
85;1620;5.5;1;HYUNDAI;F5D11-M641Z1;TUCSON / 1.6 / CRDi LP;Ceöka republika;CZE;osebni avtomobil;175;vecnamensko vozilo;TUCSON 
85;1680;5.5;1;MERCEDES BENZ;OX10T2-JZAA050B;GLB / 180 / d AUT.;Nemcija;DEU;osebni avtomobil;188;karavan;GLB 
85;1495;5.5;1;MITSUBISHI;GA511-AAAAA6A5AAAA;ASX / 1.8 DID / LP 2WD ASG;Japonska ;JPN;osebni avtomobil;188;karavan;ASX 
85;1340;5.5;1;MITSUBISHI;DG611-5WW984485;SPACE STAR / 1.9;Nizozemska;NLD;osebni avtomobil;190;karavan;SPACE STAR 
85;1548;5.5;1;NISSAN;J11AA04;QASHQAI / 1.5 / DCI;Zdruûeno kraljestvo;GBR;osebni avtomobil;181;vecnamensko vozilo;QASHQAI 
85;1536;5.5;1;NISSAN;J11AA74;QASHQAI / 1.5 / DCI;Zdruûeno kraljestvo;GBR;osebni avtomobil;181;vecnamensko vozilo;QASHQAI 
85;1526;5.5;1;NISSAN;J11AA76;QASHQAI / 1.5 / DCI;Zdruûeno kraljestvo;GBR;osebni avtomobil;181;vecnamensko vozilo;QASHQAI 
85;1584;5.5;1;RENAULT;WRKK9KA76TA1KBSAB0;KANGOO / 1.5 / DCI;Francija;FRA;osebni avtomobil;172;vecnamensko vozilo;KANGOO 
85;1242;5.5;0;SEAT;FDKRFX0V-FM6SFM6AJ0194BFVLO51BA;LEON ST / 1.0 / TSI;äpanija;ESP;osebni avtomobil;195;karavan;LEON ST 
85;1242;5.5;0;SEAT;FDKRFX0V-FM6SFM6AJ0194BFVLO51BAC;LEON SPORTOURER ST / 1.0 / TSI;äpanija;ESP;osebni avtomobil;195;karavan;LEON SPORTOURER ST 
85;1455;5.5;1;äKODA;ACDGTEX0-NFM6FM62S0344BF150N1A8A;KAROQ / 1.6 / TDI;Ceöka republika;CZE;osebni avtomobil;186;karavan;KAROQ 
85;1268;5.5;0;äKODA;ACDKRFX0-NFM6FM6AJ0194BFSTVLN1B7A;OCTAVIA / COMBI 1.0 / TSI;Ceöka republika;CZE;osebni avtomobil;199;karavan;OCTAVIA 
85;1246;5.5;0;äKODA;AADKRFX0-NFM6FM6AJ0167CPSTVLN1B7A;OCTAVIA / 1.0 / TSI;Ceöka republika;CZE;osebni avtomobil;205;limuzina;OCTAVIA 
85;1209;5.5;0;äKODA;ABSDKRFX0-NFM6FM6AJ0194BFSTNN3N1A8A;SCALA / 1.0 / TSI;Ceöka republika;CZE;osebni avtomobil;202;vozilo z dviûnimi vrati zadaj;SCALA 
85;1209;5.5;0;äKODA;ABSDKRFX0-NFM6FM6AJ0194BFSTN3N1A6A;SCALA / 1.0 / TSI;Ceöka republika;CZE;osebni avtomobil;201;vozilo z dviûnimi vrati zadaj;SCALA 
85;1772;5.5;1;VOLKSWAGEN;CFFEX0AC-FM6FM6BB0027MJ5VR2VWO;SHARAN / 2.0 / TDI;Nemcija;DEU;osebni avtomobil;184;karavan;SHARAN 
85;1630;5.5;1;VOLKSWAGEN;DFGCAF-FM6FM62Q0284BFS72VR21AAD;TOURAN / 2.0 / TDI;Nemcija;DEU;osebni avtomobil;191;vecnamensko vozilo;TOURAN 
85;1585;5.5;1;VOLKSWAGEN;DFGCAC-FM6FM62Q0284BFS50VR21BA0;TOURAN / 2.0 / TDI;Nemcija;DEU;osebni avtomobil;191;karavan;TOURAN 
85;1570;5.5;1;VOLKSWAGEN;DGDAAC-FD7FD7CW0027CNS50VR21BA;TOURAN / 1.6 / TDI AUT.;Nemcija;DEU;osebni avtomobil;190;karavan;TOURAN 
85;1550;5.5;1;VOLKSWAGEN;DGDAAC-FM6FM62S0267CNS50VR21CA;TOURAN / 1.6 / TDI;Nemcija;DEU;osebni avtomobil;190;karavan;TOURAN 
85;1465;5.5;1;VOLKSWAGEN;SACDGTEX0-FD7FD7CW002N7CPON1VL1BVR2A;GOLF / SPORTSVAN 1.6 / TDI AUT.;Nemcija;DEU;osebni avtomobil;194;karavan;GOLF 
85;1456;5.5;1;VOLKSWAGEN;3B-AJM;PASSAT / VARIANT 1.9;Nemcija;DEU;osebni avtomobil;194;karavan;PASSAT 
85;1395;5.5;1;VOLKSWAGEN;DGTEX0AC4-FM6FM62S0347CP1C;T-ROC / 1.6 / TDI;Nemcija;DEU;osebni avtomobil;187;karavan;T-ROC 
85;1337;5.5;1;VOLKSWAGEN;STATJX01-SGFM61E010N;PASSAT / 1.9 / TDI;Nemcija;DEU;osebni avtomobil;191;limuzina;PASSAT 
85;1175;5.5;0;VOLKSWAGEN;ABDKRF-FM6FM6AJ024N2VR24BF1BA0;POLO / 1.0 / TSI;Nemcija;DEU;osebni avtomobil;200;vozilo z dviûnimi vrati zadaj;POLO 
85;1155;5.5;0;VOLKSWAGEN;ABDKRF-FM6FM6AJ017N2VR27CP1BA;POLO / 1.0 / TSI;Nemcija;DEU;osebni avtomobil;200;vozilo z dviûnimi vrati zadaj;POLO 
85;1092;5.5;0;VOLKSWAGEN;ABDKRA-FM6FM6DQ0034BIVR2N1RVW1B17M;UP! / / TSI;Nemcija;DEU;osebni avtomobil;196;vozilo z dviûnimi vrati zadaj;UP! 
85;1605;5.6;1;AUDI;4BAAJMF1-FM52EER920;A 6 / AVANT 1.9;Nemcija;DEU;osebni avtomobil;194;karavan;A 6 
85;1601;5.6;1;AUDI;4B-AAJMF1-FM52EER920;A6 / 1.9 / TDI;Nemcija;DEU;osebni avtomobil;194;karavan;A6 
85;1600;5.6;1;AUDI;4B-AJM;A 6 / AVANT 1.9;Nemcija;DEU;osebni avtomobil;194;karavan;A 6 
85;1600;5.6;1;AUDI;4B-AJM;A6 / AVANT 1.9 / TDI;Nemcija;DEU;osebni avtomobil;194;karavan;A6 
85;1553;5.6;1;AUDI;4BLAJMF1-FM52EER920;A 6 / 1.9;Nemcija;DEU;osebni avtomobil;196;limuzina;A 6 
85;1525;5.6;1;AUDI;8E-AWX;A4 / AVANT 1.9 / TDI;Nemcija;DEU;osebni avtomobil;208;karavan;A4 
85;1505;5.6;1;AUDI;LBKEF1-FM52FGR8E500GGN;A 4 / 1.9;Nemcija;DEU;osebni avtomobil;201;limuzina;A 4 
85;1505;5.6;1;AUDI;B5-AJM;A4 / 1.9 / TDI;Nemcija;DEU;osebni avtomobil;195;limuzina;A4 
85;1502;5.6;1;AUDI;LBKEF1-FM52FGR8E500GGN;A4 / 1.9 / TDI;Nemcija;DEU;osebni avtomobil;201;limuzina;A4 
85;1465;5.6;1;AUDI;LBKEF1-FM52FGR8E500GG;A4 / 1.9 / TDI;Nemcija;DEU;osebni avtomobil;201;limuzina;A4 
85;1396;5.6;1;AUDI;B5;A4 / 1.9 / TDI;Nemcija;DEU;osebni avtomobil;200;limuzina;A4 
85;1180;5.6;0;AUDI;SDKRFF1-FM6FM6AJ017RT11C167CPAEM1;A1 / 1.0 / TFSI;Nemcija;DEU;osebni avtomobil;203;vozilo z dviûnimi vrati zadaj;A1 
85;1485;5.6;1;BMW;346LEU71-31;318 / D /;Nemcija;DEU;osebni avtomobil;204;limuzina;318
85;1470;5.6;1;BMW;EU71-31;318;Nemcija;DEU;osebni avtomobil;204;limuzina;318
85;1470;5.6;1;BMW;EU71-31;BMW / 318 / / d;Nemcija;DEU;osebni avtomobil;204;limuzina;BMW 
85;1470;5.6;1;BMW;AT91-31;318 / COMPACT / td;Nemcija;DEU;osebni avtomobil;202;vozilo z dviûnimi vrati zadaj;318
85;1470;5.6;1;BMW;1V71-6AW50000;116 / / d AUT.;Nemcija;DEU;osebni avtomobil;200;karavan;116
85;1410;5.6;1;BMW;346L EU71 31;318 / / d;Nemcija;DEU;osebni avtomobil;204;limuzina;318
85;1326;5.6;1;BMW;346L;318 / D;Nemcija;DEU;osebni avtomobil;204;limuzina;318
85;1543;5.6;1;DACIA;SRDHD4AD6DA1K0M000;DUSTER / 1.5 / DCI 4x4;Francija;FRA;osebni avtomobil;180;karavan;DUSTER 
85;1366;5.6;0;DACIA;JSDDYG;LODGY / 1.2 / 16V T;Romunija;ROM;osebni avtomobil;179;karavan;LODGY 
85;1485;5.6;1;FIAT;192CXE1A-14C;STILO / MW 1.9 / JTD;Italija;ITA;osebni avtomobil;190;karavan;STILO 
85;1485;5.6;1;FIAT;192CXE1A-14C;STILO / MW 1.9 / JTD;Italija;ITA;osebni avtomobil;190;vecnamensko vozilo;STILO 
85;1410;5.6;1;FIAT;192CXE1A 14C;STILO / MW 1.9 / JTD;Italija;ITA;osebni avtomobil;203;vecnamensko vozilo;STILO 
85;1410;5.6;1;FIAT;192CXE1A 14C;STILO / SW 1.9 / JTD;Italija;ITA;osebni avtomobil;203;karavan;STILO 
85;1410;5.6;1;FIAT;192CXE1A14C;STILO / MW 1.9;Italija;ITA;osebni avtomobil;190;karavan;STILO 
85;1410;5.6;1;FIAT;192CXE1A14C;STILO / MW 1.9 / JTD;Italija;ITA;osebni avtomobil;190;vecnamensko vozilo;STILO 
85;1410;5.6;1;FIAT;192CXE1A14C;FIAT / STILO / MW 1.9 / JTD;Italija;ITA;osebni avtomobil;190;vecnamensko vozilo;FIAT 
85;1410;5.6;1;FIAT;192CXE1A14C;FIAT / STILO / MW 1.9 / JTD;Italija;ITA;osebni avtomobil;190;karavan;FIAT 
85;1550;5.6;1;FORD;DXATYDA1J-4QNCPD;C-MAX / 2.0 / TDCI 85 A6;Nemcija;DEU;osebni avtomobil;185;vecnamensko vozilo;C-MAX 
85;1550;5.6;1;FORD;DXATYDA1J-4QNCPD;C-MAX / 2.0 / TDCI 85 A6 VAN;Italija;ITA;osebni avtomobil;185;vecnamensko vozilo;C-MAX 
85;1496;5.6;1;FORD;B5Y;MONDEO / 2.0;Nemcija;DEU;osebni avtomobil;197;vozilo z dviûnimi vrati zadaj;MONDEO 
85;1421;5.6;1;FORD;B5Y-HJBB;MONDEO / 2.0 / TDCI;Nemcija;DEU;osebni avtomobil;197;limuzina;MONDEO 
85;1310;5.6;1;FORD;DNW-F9DA15PFEMY;FOCUS / 1.8 / TDCI;Nemcija;DEU;osebni avtomobil;196;karavan;FOCUS 
85;1612;5.6;1;HYUNDAI;F5D31-M65BZ1;ix35 / 1.7 / CRDI;Ceöka republika;CZE;osebni avtomobil;173;vecnamensko vozilo;ix35 
85;1612;5.6;1;KIA;SLSF5D31-M65BZ1;SPORTAGE / 1.7 / TD;Slovaöka;SVK;osebni avtomobil;173;vecnamensko vozilo;SPORTAGE 
85;1380;5.6;1;KIA;EDB5DU1-A43AZ1;CEED / 1.6 / D AUT.;Slovaöka;SVK;osebni avtomobil;180;vecnamensko vozilo;CEED 
85;1490;5.6;0;NISSAN;J11DD05;QASHQAI / 1.2 / AUT.;Zdruûeno kraljestvo;GBR;osebni avtomobil;173;vecnamensko vozilo;QASHQAI 
85;1488;5.6;0;NISSAN;J11DD75;QASHQAI / 1.2 / AUT.;Zdruûeno kraljestvo;GBR;osebni avtomobil;173;vecnamensko vozilo;QASHQAI 
85;1486;5.6;0;NISSAN;J11DD03;QASHQAI / 1.2 /;Zdruûeno kraljestvo;GBR;osebni avtomobil;185;vecnamensko vozilo;QASHQAI 
85;1360;5.6;0;NISSAN;J11-D02;QASHQAI / 1.2 / AUT.;Zdruûeno kraljestvo;GBR;osebni avtomobil;173;vecnamensko vozilo;QASHQAI 
85;1350;5.6;0;NISSAN;J11-D01;QASHQAI / 1.2 /;Zdruûeno kraljestvo;GBR;osebni avtomobil;185;vecnamensko vozilo;QASHQAI 
85;1278;5.6;0;NISSAN;F15-E01;JUKE / 1.2 / 16V;Zdruûeno kraljestvo;GBR;osebni avtomobil;178;vecnamensko vozilo;JUKE 
85;1591;5.6;0;RENAULT;RFARF2N96RVA017000;GRAND SCENIC / 1.3 / 16V;Francija;FRA;osebni avtomobil;179;vozilo z dviûnimi vrati zadaj;GRAND SCENIC 
85;1577;5.6;0;RENAULT;RFARF2N96RVA015000;GRAND SCENIC / 1.3 / 16V;Francija;FRA;osebni avtomobil;179;vozilo z dviûnimi vrati zadaj;GRAND SCENIC 
85;1385;5.6;1;RENAULT;KMSD06;MEGANE / GRANDTOUR 1.9 / DCI;Francija;FRA;osebni avtomobil;193;karavan;MEGANE 
85;1385;5.6;1;RENAULT;KMSD-06;MEGANE / GRANDTOUR 1.9 / DCI;Francija;FRA;osebni avtomobil;183;karavan;MEGANE 
85;1535;5.6;1;ROVER;RJSLH-02P;75 / 2.0;Zdruûeno kraljestvo;GBR;osebni avtomobil;193;limuzina;75
85;1823;5.6;1;SEAT;CFFEX0AF-FM6FM6BB0027MJ7VR2SE;ALHAMBRA / 2.0 / TDI;äpanija;ESP;osebni avtomobil;184;vecnamensko vozilo;ALHAMBRA 
85;1242;5.6;0;SEAT;FDKRFX0V-FM6SFM6AJ0167CPVLO51BA;LEON ST / 1.0 / TSI;äpanija;ESP;osebni avtomobil;202;karavan;LEON ST 
85;1197;5.6;0;SEAT;BDKRFX0V-FM6SFM6AJ0167CPVLO51BA;LEON / 1.0 / TSI;äpanija;ESP;osebni avtomobil;202;karavan;LEON 
85;1149;5.6;0;SEAT;BDKRF-FM6SFM6AJ0177CP21CA;IBIZA / 1.0 / TSI;äpanija;ESP;osebni avtomobil;195;vozilo z dviûnimi vrati zadaj;IBIZA 
85;1447;5.6;1;äKODA;ACDGTEX0-NFM6FM62S0347CP155N1C7A;KAROQ / 1.6 / TDI;Ceöka republika;CZE;osebni avtomobil;186;karavan;KAROQ 
85;1268;5.6;0;äKODA;ACDKRFX0-NFM6FM6AJ0194BFSTVLN1B7A;OCTAVIA / COMBI 1.0 / TSI;Ceöka republika;CZE;osebni avtomobil;199;karavan;OCTAVIA 
85;1246;5.6;0;äKODA;AADKRFX0-NFM6FM6AJ0167CPSTVLN1B7A;OCTAVIA / 1.0 / TSI;Ceöka republika;CZE;osebni avtomobil;205;limuzina;OCTAVIA 
85;1240;5.6;0;äKODA;ABSDKRFX0-NFM6FM6AJ0197CPSTR3N1B7A;SCALA / 1.0 / TSI;Ceöka republika;CZE;osebni avtomobil;204;vozilo z dviûnimi vrati zadaj;SCALA 
85;1209;5.6;0;äKODA;ABSDKRFX0-NFM6FM6AJ0194BFSTN3N1B6A;SCALA / 1.0 / TSI;Ceöka republika;CZE;osebni avtomobil;201;vozilo z dviûnimi vrati zadaj;SCALA 
85;1550;5.6;1;TOYOTA;CLM20L-ARMDYW(1A);AVENSIS VERSO / 2.0 / D-4D;Japonska ;JPN;osebni avtomobil;180;limuzina;AVENSIS VERSO 
85;1365;5.6;1;TOYOTA;CDE120L-DEMNXW(1H);COROLLA / 2.0 / D;Turcija;TUR;osebni avtomobil;185;limuzina;COROLLA 
85;1823;5.6;1;VOLKSWAGEN;CFFEX0AF-FM6FM6BB0027MQ7VR2VWO;SHARAN / 2.0 / TDI;Nemcija;DEU;osebni avtomobil;184;vecnamensko vozilo;SHARAN 
85;1666;5.6;1;VOLKSWAGEN;7M-AUY;SHARAN / 1.9 / TDI;Nemcija;DEU;osebni avtomobil;181;vecnamensko vozilo;SHARAN 
85;1595;5.6;1;VOLKSWAGEN;DGDAAF-FM6FM62S0267CNS72VR21CA;TOURAN / 1.6 / TDI;Nemcija;DEU;osebni avtomobil;190;vecnamensko vozilo;TOURAN 
85;1570;5.6;1;VOLKSWAGEN;DGDAAC-FD7FD7CW0027CNS50VR21CA;TOURAN / 1.6 / TDI AUT.;Nemcija;DEU;osebni avtomobil;190;karavan;TOURAN 
85;1565;5.6;1;VOLKSWAGEN;3B-ATJ;PASSAT / VAR. 1.9 / TDI;Nemcija;DEU;osebni avtomobil;190;karavan;PASSAT 
85;1551;5.6;1;VOLKSWAGEN;3BSEATJX01-SGFM51E0080;PASSAT / VAR. 1.9 / TDI;Nemcija;DEU;osebni avtomobil;194;karavan;PASSAT 
85;1535;5.6;1;VOLKSWAGEN;SEATJX01-SGFM61E010O;PASSAT / VAR. 1.9 / TDI;Nemcija;DEU;osebni avtomobil;194;karavan;PASSAT 
85;1484;5.6;1;VOLKSWAGEN;SEAJMX01-SGFM51W030O;PASSAT / VAR. 1.9 / TDI;Nemcija;DEU;osebni avtomobil;194;karavan;PASSAT 
85;1476;5.6;1;VOLKSWAGEN;SEATJX01-SGFM51E0080;PASSAT / 1.9 / TDI;Nemcija;DEU;osebni avtomobil;194;karavan;PASSAT 
85;1476;5.6;1;VOLKSWAGEN;3B SEATJX01;PASSAT / VAR. 1.9 / TDI;Nemcija;DEU;osebni avtomobil;190;karavan;PASSAT 
85;1397;5.6;1;VOLKSWAGEN;1J;GOLF / 1.9;Nemcija;DEU;osebni avtomobil;195;karavan;GOLF 
85;1395;5.6;1;VOLKSWAGEN;DGTEX0AC4-FM6FM62S0347CP1C;T-ROC / 1.6 / TDI;Nemcija;DEU;osebni avtomobil;187;karavan;T-ROC 
85;1395;5.6;1;VOLKSWAGEN;DGTEX0AC4-FM6FM62S0347CP1C;T-ROC / 1.6 / TDI;Nemcija;DEU;osebni avtomobil;187;vozilo za posebne namene;T-ROC 
85;1289;5.6;1;VOLKSWAGEN;1J;GOLF / 1.9 / TDI;Nemcija;DEU;osebni avtomobil;195;vozilo z dviûnimi vrati zadaj;GOLF 
85;1240;5.6;0;VOLKSWAGEN;GAC4DKRFX0-FM6FM6AJ019N4BFON1VL1BVR2NA;GOLF / 1.0 / TSI;Nemcija;DEU;osebni avtomobil;198;karavan;GOLF 
85;1155;5.6;0;VOLKSWAGEN;ABDKRF-FM6FM6AJ017N2VR27CP1CA;POLO / 1.0 / TSI;Nemcija;DEU;osebni avtomobil;200;vozilo z dviûnimi vrati zadaj;POLO 
85;1070;5.6;0;VOLKSWAGEN;ABDKRA-FM6FM6DQ0037CPVR2N1RVW1BM;UP! / 1.0 / TSI;Nemcija;DEU;osebni avtomobil;196;vozilo z dviûnimi vrati zadaj;UP! 
85;1395;5.6;1;VOLVO;V;V40 / 1.9 / TDI;ävedska;SWE;osebni avtomobil;195;karavan;V40 
85;1615;5.7;1;AUDI;8EABKEF1-FM52FGR8E500GG0;A4 / AVANT 1.9 / TDI;Nemcija;DEU;osebni avtomobil;197;karavan;A4 
85;1605;5.7;1;AUDI;LBKEF1-FM52FGR8E500GGO;A4 / 1.9 / TDI;Nemcija;DEU;osebni avtomobil;201;limuzina;A4 
85;1599;5.7;1;AUDI;ABKEF1-FM52FGR8E500GGO;A4 / AVANT 1.9 / TDI;Nemcija;DEU;osebni avtomobil;197;karavan;A4 
85;1598;5.7;1;AUDI;ABRBF1-FM52FGR8E500GGO;A4 / AVANT 1.9 / TDI;Nemcija;DEU;osebni avtomobil;197;karavan;A4 
85;1595;5.7;1;AUDI;8E ABKEF1-FM52FGR8E50O;A4 / AVANT 1.9 / TDI;Nemcija;DEU;osebni avtomobil;197;karavan;A4 
85;1589;5.7;1;AUDI;8EABRBF1-FM52FGR8E500GG0;A4 / AVANT 1.9 / TDI;Nemcija;DEU;osebni avtomobil;197;karavan;A4 
85;1587;5.7;1;AUDI;8E;A4 / 1.9 / TDI;Nemcija;DEU;osebni avtomobil;197;karavan;A4 
85;1583;5.7;1;AUDI;ABKEF1-FM52FGR8E500GGO;A 4 / AVANT 1.9;Nemcija;DEU;osebni avtomobil;197;karavan;A 4 
85;1578;5.7;1;AUDI;8EABKEF1-FM52FGR8E500;A4 / AVANT 1.9 / TDI;Nemcija;DEU;osebni avtomobil;197;karavan;A4 
85;1567;5.7;1;AUDI;8E-BKE;A4 / AVANT 1.9 / TDI;Nemcija;DEU;osebni avtomobil;197;karavan;A4 
85;1560;5.7;1;AUDI;ABKEF1-FM52FGR8E50O;A 4 / AVANT 1.9;Nemcija;DEU;osebni avtomobil;197;karavan;A 4 
85;1549;5.7;1;AUDI;LBKEF1-FM52FGR8E500GGO;A 4 / 1.9;Nemcija;DEU;osebni avtomobil;201;limuzina;A 4 
85;1546;5.7;1;AUDI;8ELBKEF1-FM52FGR8E500GG0;A4 / 1.9 / TDI;Nemcija;DEU;osebni avtomobil;201;limuzina;A4 
85;1544;5.7;1;AUDI;8ELBRBF1-FM52FGR8E500GG0;A4 / 1.9 / TDI;Nemcija;DEU;osebni avtomobil;201;limuzina;A4 
85;1543;5.7;1;AUDI;8E;A4 / 1.9 / TDI;Nemcija;DEU;osebni avtomobil;201;limuzina;A4 
85;1541;5.7;1;AUDI;8E-BKE;A4 / 1.9 / TDI;Nemcija;DEU;osebni avtomobil;201;limuzina;A4 
85;1525;5.7;1;AUDI;8E ABKEF1 FM52FGR8E500GG0;A4 / AVANT 1.9 / TDI;Nemcija;DEU;osebni avtomobil;197;karavan;A4 
85;1524;5.7;1;AUDI;LBKEF1-FM52FGR8E50O;A 4 / 1.9;Nemcija;DEU;osebni avtomobil;201;limuzina;A 4 
85;1508;5.7;1;AUDI;8E ABKEF1-FM52FGR8E50O;A 4 / AVANT 1.9;Nemcija;DEU;osebni avtomobil;197;karavan;A 4 
85;1501;5.7;1;AUDI;8E;A 4 /1.9 TDI;Nemcija;DEU;osebni avtomobil;197;karavan;A 4 
85;1465;5.7;1;AUDI;LBRBF1-FM52FGR8E500GG;A4 / 1.9 / TDI;Nemcija;DEU;osebni avtomobil;201;limuzina;A4 
85;1458;5.7;1;AUDI;8E;A 4 / 1.9;Nemcija;DEU;osebni avtomobil;201;limuzina;A 4 
85;1449;5.7;1;AUDI;8E LBKEF1-FM52FGR8E50O;AUDI / A4 / 1.9 / TDI;Nemcija;DEU;osebni avtomobil;201;limuzina;AUDI 
85;1449;5.7;1;AUDI;8E LBKEF1-FM52FGR8E50O;A 4 / 1.9;Nemcija;DEU;osebni avtomobil;201;limuzina;A 4 
85;1420;5.7;1;AUDI;XDGTEF1-FM6FM62S033RT11B177CPAEM1HA0;Q2 / 1.6 / TDI;Nemcija;DEU;osebni avtomobil;197;karavan;Q2 
85;1180;5.7;0;AUDI;SDKRFF1-FM6FM6AJ017RT11C177CPAEM1;A1 / 1.0 / TFSI;Nemcija;DEU;osebni avtomobil;203;vozilo z dviûnimi vrati zadaj;A1 
85;1555;5.7;1;BMW;346-L;318 / D;Nemcija;DEU;osebni avtomobil;200;karavan;318
85;1470;5.7;1;BMW;346-L;318 / D;Nemcija;DEU;osebni avtomobil;204;limuzina;318
85;1538;5.7;1;DACIA;SRDHD4AD6DA190M000;DUSTER / 1.5 / DCI 4x4;Francija;FRA;osebni avtomobil;180;karavan;DUSTER 
85;1538;5.7;1;DACIA;SRDHD4AD6DA190M000;DUSTER / 1.5 / DCI 4x4;Francija;FRA;osebni avtomobil;180;vozilo za posebne namene;DUSTER 
85;1397;5.7;0;DACIA;0SDCYG;DOKKER / 1.2 / 16V T;Romunija;ROM;osebni avtomobil;175;karavan;DOKKER 
85;1369;5.7;0;DACIA;0SDCY5;DOKKER / 1.2 / 16V T;Romunija;ROM;osebni avtomobil;175;karavan;DOKKER 
85;1485;5.7;1;FIAT;192CXE1A-14C;STILO / MW 1.9;Italija;ITA;osebni avtomobil;190;karavan;STILO 
85;1410;5.7;1;FIAT;192CXE1A-14B;STILO / MW 1.9;Italija;ITA;osebni avtomobil;190;karavan;STILO 
85;1733;5.7;1;FORD;WA6TYWA-1M7CEAQG;GALAXY / 2.0 / TDCi 85 DPF M6;Nemcija;DEU;osebni avtomobil;180;vecnamensko vozilo;GALAXY 
85;1690;5.7;1;FORD;WA6TYWA-1S7CEAQG;S-MAX / 2.0 / TDCi 85 DPF M6;Nemcija;DEU;osebni avtomobil;182;vecnamensko vozilo;S-MAX 
85;1634;5.7;1;FORD;DXATYDA1H-7QNCQG;Grand C-MAX / 2.0 / TDCI 85 A6;Nemcija;DEU;osebni avtomobil;182;karavan;Grand C-MAX 
85;1505;5.7;1;FORD;B5YHJBB1-5FHANR;MONDEO / 2.0 / TDCI;Nemcija;DEU;osebni avtomobil;200;vozilo z dviûnimi vrati zadaj;MONDEO 
85;1505;5.7;1;FORD;B5Y-HJBB;MONDEO / 2.0 / TDCI;Nemcija;DEU;osebni avtomobil;197;vozilo z dviûnimi vrati zadaj;MONDEO 
85;1446;5.7;1;FORD;B5Y-HJBB1-5MHANR;MONDEO / 2.0 / TDCI;Nemcija;DEU;osebni avtomobil;200;vozilo z dviûnimi vrati zadaj;MONDEO 
85;1421;5.7;1;FORD;B5Y-HJBB;MONDEO / 2.0;Nemcija;DEU;osebni avtomobil;197;vozilo z dviûnimi vrati zadaj;MONDEO 
85;1579;5.7;1;KIA;QLEF5D11-M641Z1;SPORTAGE / 1.6 / TD;Slovaöka;SVK;osebni avtomobil;175;vecnamensko vozilo;SPORTAGE 
85;1240;5.7;0;MINI;MR31-AC;COOPER CABRIO / /;Nemcija;DEU;osebni avtomobil;196;kabriolet;COOPER CABRIO 
85;1600;5.7;1;MITSUBISHI;GA521-ABAAA6A5AAAA;ASX / 1.8 DID / LP 4WD INVITE;Japonska ;JPN;osebni avtomobil;185;karavan;ASX 
85;1335;5.7;0;MITSUBISHI;GAB11-ACBBA5A5AAAA;ASX / 1.6 / 2WD ASG;Japonska ;JPN;osebni avtomobil;183;karavan;ASX 
85;1598;5.7;1;NISSAN;P12-S02;PRIMERA / WAGON 1.9 / TD;Zdruûeno kraljestvo;GBR;osebni avtomobil;193;karavan;PRIMERA 
85;1538;5.7;1;NISSAN;P12-S-S02;PRIMERA / 1.9 / DCI;Zdruûeno kraljestvo;GBR;osebni avtomobil;195;karavan;PRIMERA 
85;1341;5.7;0;NISSAN;F15EE02;JUKE / 1.2 / 16V;Zdruûeno kraljestvo;GBR;osebni avtomobil;178;vecnamensko vozilo;JUKE 
85;1278;5.7;0;NISSAN;F15-E02;JUKE / 1.2 / 16V;Zdruûeno kraljestvo;GBR;osebni avtomobil;178;vecnamensko vozilo;JUKE 
85;1242;5.7;0;SEAT;FDKRFX0V-FM6SFM6AJ0167CPVLO51BA;LEON ST / 1.0 / TSI;äpanija;ESP;osebni avtomobil;202;karavan;LEON ST 
85;1208;5.7;0;SEAT;XDKRF-FM6SFM6AJ0194BF2A1AAC;ARONA / 1.0 / TSI;äpanija;ESP;osebni avtomobil;190;vozilo z dviûnimi vrati zadaj;ARONA 
85;1197;5.7;0;SEAT;BDKRFX0V-FM6SFM6AJ0167CPVLO51BA;LEON / 1.0 / TSI;äpanija;ESP;osebni avtomobil;202;karavan;LEON 
85;1189;5.7;0;SEAT;XDKRF-FM6SFM6AJ0167CP3A1BA;ARONA / 1.0 / TSI;äpanija;ESP;osebni avtomobil;182;vozilo z dviûnimi vrati zadaj;ARONA 
85;1149;5.7;0;SEAT;BDKRF-FM6SFM6AJ0244BF2B1CAD;IBIZA / 1.0 / TSI;äpanija;ESP;osebni avtomobil;193;vozilo z dviûnimi vrati zadaj;IBIZA 
85;1455;5.7;1;äKODA;ACDGTEX0-NFM6FM62S0344BF15N0N1C7A;KAROQ / 1.6 / TDI;Ceöka republika;CZE;osebni avtomobil;188;karavan;KAROQ 
85;1455;5.7;1;äKODA;ACDGTEX0-NFM6FM62S0344BF150N1C7A;KAROQ / 1.6 / TDI;Ceöka republika;CZE;osebni avtomobil;186;karavan;KAROQ 
85;1447;5.7;1;äKODA;ACDGTEX0-NFM6FM62S0347CP155N1C7A;KAROQ / 1.6 / TDI;Ceöka republika;CZE;osebni avtomobil;186;karavan;KAROQ 
85;1246;5.7;0;äKODA;AADKRFX0-NFM6FM6AJ0167CPSTVLN1C7A;OCTAVIA / 1.0 / TSI;Ceöka republika;CZE;osebni avtomobil;205;limuzina;OCTAVIA 
85;1240;5.7;0;äKODA;ABSDKRFX0-NFM6FM6AJ0197CPSTR4N1B7A;SCALA / 1.0 / TSI;Ceöka republika;CZE;osebni avtomobil;204;vozilo z dviûnimi vrati zadaj;SCALA 
85;1231;5.7;0;äKODA;ABCDKRFX0-NFM6FM6AJ0194BFSTN3N1A6A;KAMIQ / 1.0 / TSI;Ceöka republika;CZE;osebni avtomobil;194;vozilo z dviûnimi vrati zadaj;KAMIQ 
85;1209;5.7;0;äKODA;ABSDKRFX0-NFM6FM6AJ0194BFSTN3N1B8A;SCALA / 1.0 / TSI;Ceöka republika;CZE;osebni avtomobil;201;vozilo z dviûnimi vrati zadaj;SCALA 
85;1460;5.7;1;TOYOTA;CDE120L-DWMNXW(1G);COROLLA / COMBI 2.0;Turcija;TUR;osebni avtomobil;185;karavan;COROLLA 
85;1440;5.7;0;TOYOTA;E15UT(a)/NRE185(W)/NRE185L-DWFNZW(7V);AURIS / 1.2T / TS;Zdruûeno kraljestvo;GBR;osebni avtomobil;195;karavan;AURIS 
85;1440;5.7;1;TOYOTA;CDE120L-DHMNXW(1G);COROLLA / 2.0;Zdruûeno kraljestvo;GBR;osebni avtomobil;185;vozilo z dviûnimi vrati zadaj;COROLLA 
85;1435;5.7;1;TOYOTA;CDE120L-DHMDXW(1G);COROLLA / 2.0;Zdruûeno kraljestvo;GBR;osebni avtomobil;185;vozilo z dviûnimi vrati zadaj;COROLLA 
85;1415;5.7;1;TOYOTA;CDE120L-DWMNXW(1G);COROLLA / COMBI 2.0 / D;Turcija;TUR;osebni avtomobil;185;karavan;COROLLA 
85;1415;5.7;1;TOYOTA;E12UCDE120L-DHMNXW;COROLLA / 2.0;Zdruûeno kraljestvo;GBR;osebni avtomobil;185;vozilo z dviûnimi vrati zadaj;COROLLA 
85;1405;5.7;1;TOYOTA;CDE120L-DWMDXW(1G);COROLLA / COMBI 2.0 / D;Turcija;TUR;osebni avtomobil;185;karavan;COROLLA 
85;1395;5.7;0;TOYOTA;E15UT(a)/NRE185(H)/NRE185L-DHFNZW(CU);AURIS / 1.2T;Zdruûeno kraljestvo;GBR;osebni avtomobil;200;vozilo z dviûnimi vrati zadaj;AURIS 
85;1390;5.7;1;TOYOTA;CDE120L-DHMNXW(1G);COROLLA / 2.0 / D;Zdruûeno kraljestvo;GBR;osebni avtomobil;185;vozilo z dviûnimi vrati zadaj;COROLLA 
85;1380;5.7;1;TOYOTA;CDE120L-DGMNXW;COROLLA / 2.0 / D;Zdruûeno kraljestvo;GBR;osebni avtomobil;185;vozilo z dviûnimi vrati zadaj;COROLLA 
85;1340;5.7;1;TOYOTA;CDE120L-DHMNXW(1E);COROLLA / 2.0 / D;Zdruûeno kraljestvo;GBR;osebni avtomobil;185;vozilo z dviûnimi vrati zadaj;COROLLA 
85;1310;5.7;1;TOYOTA;CDE120L-DHMNXW(1E);COROLLA / 2.0;Zdruûeno kraljestvo;GBR;osebni avtomobil;185;vozilo z dviûnimi vrati zadaj;COROLLA 
85;1265;5.7;0;TOYOTA;E15UT(a)/NRE185(H)/NRE185L-DHFGZW(BV);AURIS / 1.2T;Zdruûeno kraljestvo;GBR;osebni avtomobil;200;vozilo z dviûnimi vrati zadaj;AURIS 
85;1615;5.7;1;VOLKSWAGEN;DGDAAF-FD7FD7CW0027CNS72VR21CA;TOURAN / 1.6 / TDI AUT.;Nemcija;DEU;osebni avtomobil;190;vecnamensko vozilo;TOURAN 
85;1615;5.7;1;VOLKSWAGEN;DFGCAC-FD7FD7GC0044BFS50VR21BA0;TOURAN / 2.0 / TDI AUT.;Nemcija;DEU;osebni avtomobil;188;karavan;TOURAN 
85;1428;5.7;1;VOLKSWAGEN;3B-AJM;PASSAT / 1.9;Nemcija;DEU;osebni avtomobil;200;limuzina;PASSAT 
85;1337;5.7;1;VOLKSWAGEN;1J;GOLF / 1.9 / TDI;Nemcija;DEU;osebni avtomobil;195;vozilo z dviûnimi vrati zadaj;GOLF 
85;1300;5.7;0;VOLKSWAGEN;VACDKRFX0-FM6FM6AJ019N4BFON1VL1BVR2A;GOLF / VARIANT 1.0 / TSI;Nemcija;DEU;osebni avtomobil;200;karavan;GOLF 
85;1245;5.7;0;VOLKSWAGEN;GAC4DKRFX0-FM6FM6AJ016N7CPON1VL1BVR2NA;GOLF / 1.0 / TSI;Nemcija;DEU;osebni avtomobil;198;karavan;GOLF 
85;1225;5.7;0;VOLKSWAGEN;GAC2DKRFX0-FM6FM6AJ016N7CPON1VL1BVR2NA;GOLF / 1.0 / TSI;Nemcija;DEU;osebni avtomobil;198;karavan;GOLF 
85;1155;5.7;0;VOLKSWAGEN;ABDKRF-FM6FM6AJ017N2VR27CP1CA;POLO / 1.0 / TSI;Nemcija;DEU;osebni avtomobil;200;vozilo z dviûnimi vrati zadaj;POLO 
85;1380;5.8;1;ALFA ROMEO;932A2C00-44G;156 / 1.9 / JTD;Italija;ITA;osebni avtomobil;191;limuzina;156
85;1365;5.8;1;ALFA ROMEO;937BXD1A-08E;147 / 1.9 / JTD;Italija;ITA;osebni avtomobil;191;vozilo z dviûnimi vrati zadaj;147
85;1365;5.8;1;ALFA ROMEO;937BXD1A08;ALFA ROMEO / 147 / 1.9 / JTD;Italija;ITA;osebni avtomobil;191;vozilo z dviûnimi vrati zadaj;ALFA ROMEO 
85;1345;5.8;1;ALFA ROMEO;937AXD1A-04;147 / 1.9 / JTD;Italija;ITA;osebni avtomobil;191;vozilo z dviûnimi vrati zadaj;147
85;1305;5.8;1;ALFA ROMEO;932A2C0044F;156 / 1.9 / JTD;Italija;ITA;osebni avtomobil;191;limuzina;156
85;1290;5.8;1;ALFA ROMEO;937BXD1A08E;147 / 1.9 / JTD;Italija;ITA;osebni avtomobil;191;vozilo z dviûnimi vrati zadaj;147
85;1270;5.8;1;ALFA ROMEO;937AXD1A04E;147 / 1.9 / JTD;Italija;ITA;osebni avtomobil;191;vozilo z dviûnimi vrati zadaj;147
85;1603;5.8;1;AUDI;ABKEF1-FM52FGR8E50O;A4 / AVANT 1.9 / TDI;Nemcija;DEU;osebni avtomobil;197;karavan;A4 
85;1600;5.8;1;AUDI;4B;A6 / 1.9 / TDI;Nemcija;DEU;osebni avtomobil;194;karavan;A6 
85;1600;5.8;1;AUDI;4B;A 6 / 1.9;Nemcija;DEU;osebni avtomobil;194;karavan;A 6 
85;1597;5.8;1;AUDI;ABRBF1-FM52FGR8E507GGO;A4 / AVANT 1.9 / TDI;Nemcija;DEU;osebni avtomobil;197;karavan;A4 
85;1591;5.8;1;AUDI;8EABRBF1-FM52FGR8E507GG0;A4 / AVANT 1.9 / TDI;Nemcija;DEU;osebni avtomobil;197;karavan;A4 
85;1580;5.8;1;AUDI;ABRBF1-FM52FGR8E500GGO;A4 / AVANT 1.9 / TDI;Nemcija;DEU;osebni avtomobil;197;karavan;A4 
85;1565;5.8;1;AUDI;8E-BKE;A4 / AVANT 1.9 / TDI;Nemcija;DEU;osebni avtomobil;197;karavan;A4 
85;1538;5.8;1;AUDI;8ELBRBF1-FM52FGR8E507GG0;A4 / 1.9 / TDI;Nemcija;DEU;osebni avtomobil;201;limuzina;A4 
85;1525;5.8;1;AUDI;ABRBF1-FM52FGR8E500GG;A4 / AVANT 1.9 / TDI;Nemcija;DEU;osebni avtomobil;197;karavan;A4 
85;1525;5.8;1;AUDI;8EABRBF1-FM52FGR8E507GG;A4 / AVANT 1.9 / TDI;Aruba;ABW;osebni avtomobil;197;karavan;A4 
85;1465;5.8;1;AUDI;LBRBF1-FM52FGR8E507GGO;A4 / 1.9 / TDI;Nemcija;DEU;osebni avtomobil;201;limuzina;A4 
85;1420;5.8;1;AUDI;XDGTEF1-FM6FM62S033RT11B174BFAEM1HA00;Q2 / 1.6 / TDI;Nemcija;DEU;osebni avtomobil;197;karavan;Q2 
85;1200;5.8;0;AUDI;SDKRFF1-FD7FD7CW001RT11B157CPAEM1;A1 / 1.0 / TFSI AUT.;Nemcija;DEU;osebni avtomobil;203;vozilo z dviûnimi vrati zadaj;A1 
85;1180;5.8;0;AUDI;SDKRFF1-FM6FM6AJ024RT11C164BFAEM1A;A1 / 1.0 / TFSI;Nemcija;DEU;osebni avtomobil;203;vozilo z dviûnimi vrati zadaj;A1 
85;1555;5.8;1;BMW;346LEL71-01;318 / TOURING / D;Nemcija;DEU;osebni avtomobil;200;karavan;318
85;1480;5.8;1;BMW;346L EL71 31;318 / TOURING / d;Nemcija;DEU;osebni avtomobil;200;karavan;318
85;1470;5.8;1;BMW;346L 766007;318 / D;Nemcija;DEU;osebni avtomobil;204;limuzina;318
85;1470;5.8;1;BMW;346-K;318 / TD;Nemcija;DEU;osebni avtomobil;202;vozilo z dviûnimi vrati zadaj;318
85;1470;5.8;1;BMW;1V71-6AW50000;116 / / d AUT.;Nemcija;DEU;osebni avtomobil;200;karavan;116
85;1538;5.8;1;DACIA;SRDHD4AD6DB000M000;DUSTER / 1.5 / DCI 4x4;Francija;FRA;osebni avtomobil;180;karavan;DUSTER 
85;1280;5.8;0;DACIA;0SDA05;DOKKER / 1.2 / 16V T;Romunija;ROM;osebni avtomobil;179;karavan;DOKKER 
85;1564;5.8;1;FORD;BWYHJBB1-5FHAP3;MONDEO / WAGON  2.0 / TDCI;Nemcija;DEU;osebni avtomobil;197;karavan;MONDEO 
85;1555;5.8;1;FORD;BWYHJBB1-5PAAP2;MONDEO / WAGON  2.0 / TDCI;Nemcija;DEU;osebni avtomobil;194;karavan;MONDEO 
85;1505;5.8;1;FORD;B5Y-HJBC;MONDEO / 2.0 / TDCI;Nemcija;DEU;osebni avtomobil;197;vozilo z dviûnimi vrati zadaj;MONDEO 
85;1500;5.8;1;FORD;BWY-HJBB1;MONDEO / 2.0;Nemcija;DEU;osebni avtomobil;193;karavan;MONDEO 
85;1489;5.8;1;FORD;BWY-HJBB;MONDEO / WAGON 2.0 / TDCI;Nemcija;DEU;osebni avtomobil;193;karavan;MONDEO 
85;1421;5.8;1;FORD;B5Y-D6BA1;MONDEO / 2.0;Nemcija;DEU;osebni avtomobil;197;vozilo z dviûnimi vrati zadaj;MONDEO 
85;1682;5.8;1;HYUNDAI;F5D11-M641Z1;TUCSON / 1.6 / CRDi LP;Ceöka republika;CZE;osebni avtomobil;175;vecnamensko vozilo;TUCSON 
85;1416;5.8;1;HYUNDAI;F5DQ1-A43CZ1;i 30 CW / 1.6 / CRDi AUT.;Ceöka republika;CZE;osebni avtomobil;180;vecnamensko vozilo;i 30 CW 
85;1426;5.8;1;KIA;EDF5DB1-A43BZ1;CEED / 1.6 / D AUT.;Slovaöka;SVK;osebni avtomobil;180;vecnamensko vozilo;CEED 
85;1335;5.8;0;MITSUBISHI;GAA11-ACBBA5A5AAAA;ASX / 1.6 / 2WD;Japonska ;JPN;osebni avtomobil;183;karavan;ASX 
85;1360;5.8;0;NISSAN;J11-D06;QASHQAI / 1.2 / AUT.;Zdruûeno kraljestvo;GBR;osebni avtomobil;173;vecnamensko vozilo;QASHQAI 
85;1350;5.8;0;NISSAN;J11-D04;QASHQAI / 1.2 /;Zdruûeno kraljestvo;GBR;osebni avtomobil;185;vecnamensko vozilo;QASHQAI 
85;1341;5.8;0;NISSAN;F15EE03;JUKE / 1.2 / 16V;Zdruûeno kraljestvo;GBR;osebni avtomobil;178;vecnamensko vozilo;JUKE 
85;1605;5.8;1;RENAULT;JM;MEGANE / SCENIC / 1.9 / DCI;Francija;FRA;osebni avtomobil;185;vecnamensko vozilo;MEGANE 
85;1605;5.8;1;RENAULT;JM1G-E6;SCENIC / 1.9 / DCI;Francija;FRA;osebni avtomobil;185;vecnamensko vozilo;SCENIC 
85;1605;5.8;1;RENAULT;JM1G-E6;GRAND SCENIC / 1.9 / DCI;Francija;FRA;osebni avtomobil;185;vecnamensko vozilo;GRAND SCENIC 
85;1538;5.8;0;RENAULT;RFAJF2MB6RVA015000;SCENIC / 1.2 / 16V;Francija;FRA;osebni avtomobil;185;vozilo z dviûnimi vrati zadaj;SCENIC 
85;1505;5.8;1;RENAULT;JM-1G06;MEGANE / SCENIC / 1.9 / DCI;Francija;FRA;osebni avtomobil;188;vecnamensko vozilo;MEGANE 
85;1505;5.8;1;RENAULT;JMSG06;MEGANE / SCENIC / 1.9 / DCI;Francija;FRA;osebni avtomobil;188;vozilo z dviûnimi vrati zadaj;MEGANE 
85;1505;5.8;1;RENAULT;JMSG-06;SCENIC / 1.9 / DCI;Francija;FRA;osebni avtomobil;188;vecnamensko vozilo;SCENIC 
85;1505;5.8;1;RENAULT;JMSG06;SCENIC / 1.9 / DCI;Francija;FRA;osebni avtomobil;185;vecnamensko vozilo;SCENIC 
85;1189;5.8;0;SEAT;XDKRF-FM6SFM6AJ0194BF3A1AAD;ARONA / 1.0 / TSI;äpanija;ESP;osebni avtomobil;190;vozilo z dviûnimi vrati zadaj;ARONA 
85;1189;5.8;0;SEAT;XDKRF-FM6SFM6AJ0167CP4A1BA;ARONA / 1.0 / TSI;äpanija;ESP;osebni avtomobil;182;vozilo z dviûnimi vrati zadaj;ARONA 
85;1149;5.8;0;SEAT;BDKRF-FM6SFM6AJ0244BF2C1CA;IBIZA / 1.0 / TSI;äpanija;ESP;osebni avtomobil;193;vozilo z dviûnimi vrati zadaj;IBIZA 
85;1455;5.8;1;äKODA;ACDGTEX0-NFM6FM62S0344BF150N1C7A;KAROQ / 1.6 / TDI;Ceöka republika;CZE;osebni avtomobil;186;karavan;KAROQ 
85;1447;5.8;1;äKODA;ACDGTEX0-NFM6FM62S0347CP157N1C7A;KAROQ / 1.6 / TDI;Ceöka republika;CZE;osebni avtomobil;186;karavan;KAROQ 
85;1268;5.8;0;äKODA;ACDKRFX0-NFM6FM6AJ0167CPSTVLN1B7A;OCTAVIA / COMBI 1.0 / TSI;Ceöka republika;CZE;osebni avtomobil;199;karavan;OCTAVIA 
85;1231;5.8;0;äKODA;ABCDKRFX0-NFM6FM6AJ0194BFSTNK4N1A6A;KAMIQ / 1.0 / TSI;Ceöka republika;CZE;osebni avtomobil;195;vozilo z dviûnimi vrati zadaj;KAMIQ 
85;1231;5.8;0;äKODA;ABCDKRFX0-NFM6FM6AJ0194BFSTN3N1A6A;KAMIQ / 1.0 / TSI;Ceöka republika;CZE;osebni avtomobil;194;vozilo z dviûnimi vrati zadaj;KAMIQ 
85;1229;5.8;0;äKODA;ABSDKRFX0-NFD7FD7CW0074BFSTNN3N1A6A;SCALA / 1.0 / TSI AUT.;Ceöka republika;CZE;osebni avtomobil;201;vozilo z dviûnimi vrati zadaj;SCALA 
85;1540;5.8;1;TOYOTA;CDT250L-AEMEYW(1D);AVENSIS / 2.0;Zdruûeno kraljestvo;GBR;osebni avtomobil;195;vozilo z dviûnimi vrati zadaj;AVENSIS 
85;1475;5.8;1;TOYOTA;CDT250L-ALMEYW(1D);AVENSIS / 2.0 / D;Zdruûeno kraljestvo;GBR;osebni avtomobil;195;vozilo z dviûnimi vrati zadaj;AVENSIS 
85;1455;5.8;1;TOYOTA;CDT250L-AEMEYW(1D);AVENSIS / 2.0 / D;Zdruûeno kraljestvo;GBR;osebni avtomobil;195;limuzina;AVENSIS 
85;1380;5.8;1;TOYOTA;CDT250L-AEMGYW(1D);AVENSIS / 2.0;Zdruûeno kraljestvo;GBR;osebni avtomobil;195;limuzina;AVENSIS 
85;1476;5.8;1;VOLKSWAGEN;3B;PASSAT  1.9;Nemcija;DEU;osebni avtomobil;194;karavan;PASSAT  1.9
85;1293;5.8;0;VOLKSWAGEN;DKRFX0AC40-FM6FM6AJ0214BF1AANN;T-ROC / 1.0 / TSI;Nemcija;DEU;osebni avtomobil;187;karavan;T-ROC 
85;1250;5.8;0;VOLKSWAGEN;DKRFACX04-FM6FM6AJ0167CP1B;T-CROSS / 1.0 / TSI;Nemcija;DEU;osebni avtomobil;193;karavan;T-CROSS 
85;1245;5.8;0;VOLKSWAGEN;GAC4DKRFX0-FM6FM6AJ016N7CPON1VL1BVR2NA;GOLF / 1.0 / TSI;Nemcija;DEU;osebni avtomobil;198;karavan;GOLF 
85;1175;5.8;0;VOLKSWAGEN;ABDKRF-FM6FM6AJ024N2VR24BF1CA0;POLO / 1.0 / TSI;Nemcija;DEU;osebni avtomobil;200;vozilo z dviûnimi vrati zadaj;POLO 
85;1155;5.8;0;VOLKSWAGEN;ABDKRF-FM6FM6AJ017N2VR27CP1CB;POLO / 1.0 / TSI;Nemcija;DEU;osebni avtomobil;200;vozilo z dviûnimi vrati zadaj;POLO 
85;1703;5.9;1;ALFA ROMEO;939AXH1B06;159 / 1.9 / M-JET;Italija;ITA;osebni avtomobil;188;limuzina;159
85;1555;5.9;1;ALFA ROMEO;939AXH1B06C;159 / 1.9 / M-JET;Italija;ITA;osebni avtomobil;190;limuzina;159
85;1525;5.9;1;AUDI;AATJQ1-QM6EADR920;A4 / AVANT 1.9 / TDI Q;Nemcija;DEU;osebni avtomobil;190;karavan;A4 
85;1435;5.9;1;AUDI;XDGTEF1-FD7FD7CW002RT11B174BFAEM1HA0A;Q2 / 1.6 / TDI AUT.;Nemcija;DEU;osebni avtomobil;197;karavan;Q2 
85;1420;5.9;1;AUDI;B5-AJM;A 4 / AVANT 1.9;Nemcija;DEU;osebni avtomobil;195;karavan;A 4 
85;1420;5.9;1;AUDI;B5-AJM;A4 / AVANT 1.9 / TDI;Nemcija;DEU;osebni avtomobil;195;karavan;A4 
85;1300;5.9;0;AUDI;XDKRFF1-FM6FM6AJ018RT11B617CPAEM1HA1;Q2 / 1.0 / TFSI;Nemcija;DEU;osebni avtomobil;197;karavan;Q2 
85;1265;5.9;0;AUDI;SDKRFF1-FM6FM6AJ019RT11C164BFAEM1;A3 / 1.0 / TFSI;Nemcija;DEU;osebni avtomobil;206;vozilo z dviûnimi vrati zadaj;A3 
85;1280;5.9;0;DACIA;JSDB05;LODGY / 1.2 / 16V T;Romunija;ROM;osebni avtomobil;179;karavan;LODGY 
85;1576;5.9;1;FORD;BA7-KLBA1G5C;MONDEO / 2.0 / TDCI 115;Nemcija;DEU;osebni avtomobil;187;karavan;MONDEO 
85;1557;5.9;1;FORD;BA7-KLBA1E5CGBPP;MONDEO / 2.0 / TDCI 115;Nemcija;DEU;osebni avtomobil;192;vozilo z dviûnimi vrati zadaj;MONDEO 
85;1555;5.9;1;FORD;BWY-HJBC;MONDEO / WAGON 2.0 / TDCI;Nemcija;DEU;osebni avtomobil;197;karavan;MONDEO 
85;1555;5.9;1;FORD;BWYHJBC1-5PAAP2;MONDEO / WAGON 2.0 / TDCI;Nemcija;DEU;osebni avtomobil;194;karavan;MONDEO 
85;1547;5.9;1;FORD;BWY;MONDEO / 2.0 / TDCI;Nemcija;DEU;osebni avtomobil;195;karavan;MONDEO 
85;1547;5.9;1;FORD;BWY;MONDEO / 2.0 / TDI;Nemcija;DEU;osebni avtomobil;193;karavan;MONDEO 
85;1421;5.9;1;FORD;B5Y;MONDEO / 2.0 / TDCI;Nemcija;DEU;osebni avtomobil;195;vozilo z dviûnimi vrati zadaj;MONDEO 
85;1471;5.9;0;OPEL;CAEDC12-BA1H4EHTA5;ASTRA / 1.6 /;Nemcija;DEU;osebni avtomobil;188;vozilo z dviûnimi vrati zadaj;ASTRA 
85;1437;5.9;0;OPEL;CAEDC12-BA1H1EHTA5;ASTRA / 1.6 /;Nemcija;DEU;osebni avtomobil;188;vozilo z dviûnimi vrati zadaj;ASTRA 
85;1395;5.9;0;RENAULT;JZ1106;SCENIC / 1.2 / 16V;Francija;FRA;osebni avtomobil;185;vozilo z dviûnimi vrati zadaj;SCENIC 
85;1393;5.9;0;RENAULT;RFBLF2N96TB0500100;MEGANE / GRANDCOUPE 1.3 / 16V;Francija;FRA;osebni avtomobil;190;limuzina;MEGANE 
85;1327;5.9;0;RENAULT;RFBBF2N96TB6220100;MEGANE / 1.3 / 16V;Francija;FRA;osebni avtomobil;190;vozilo z dviûnimi vrati zadaj;MEGANE 
85;1311;5.9;0;RENAULT;RFBBF2N96TB4220100;MEGANE / 1.3 / 16V;Francija;FRA;osebni avtomobil;190;vozilo z dviûnimi vrati zadaj;MEGANE 
85;1212;5.9;0;SEAT;XDKRF-FD7SFD7CW0074BF3A1AAD;ARONA / 1.0 / TSI AUT.;äpanija;ESP;osebni avtomobil;190;vozilo z dviûnimi vrati zadaj;ARONA 
85;1201;5.9;0;SEAT;XDKRF-FD7SFD7CW0074BF2A1AAC;ARONA / 1.0 / TSI AUT.;äpanija;ESP;osebni avtomobil;190;vozilo z dviûnimi vrati zadaj;ARONA 
85;1197;5.9;0;SEAT;BDKRFX0V-FM6SFM6AJ0167CPVLO51CA;LEON / 1.0 / TSI;äpanija;ESP;osebni avtomobil;202;karavan;LEON 
85;1189;5.9;0;SEAT;XDKRF-FM6SFM6AJ0194BF3A1BAD;ARONA / 1.0 / TSI;äpanija;ESP;osebni avtomobil;190;vozilo z dviûnimi vrati zadaj;ARONA 
85;1189;5.9;0;SEAT;XDKRF-FM6SFM6AJ0167CP4A1CA;ARONA / 1.0 / TSI;äpanija;ESP;osebni avtomobil;182;vozilo z dviûnimi vrati zadaj;ARONA 
85;1470;5.9;1;äKODA;ACDGTEX0-NFD7FD7CW0024BF15N0N1C7A;KAROQ / 1.6 / TDI AUT.;Ceöka republika;CZE;osebni avtomobil;188;karavan;KAROQ 
85;1470;5.9;1;äKODA;ACDGTEX0-NFD7FD7CW0024BF150N1C8A;KAROQ / 1.6 / TDI AUT.;Ceöka republika;CZE;osebni avtomobil;185;karavan;KAROQ 
85;1268;5.9;0;äKODA;ACDKRFX0-NFM6FM6AJ0167CPSTVLN1B7A;OCTAVIA / COMBI 1.0 / TSI;Ceöka republika;CZE;osebni avtomobil;199;karavan;OCTAVIA 
85;1231;5.9;0;äKODA;ABCDKRFX0-NFM6FM6AJ0194BFV2R3N1B8A;KAMIQ / 1.0 / TSI;Ceöka republika;CZE;osebni avtomobil;194;vozilo z dviûnimi vrati zadaj;KAMIQ 
85;1229;5.9;0;äKODA;ABSDKRFX0-NFD7FD7CW0074BFSTN3N1A6A;SCALA / 1.0 / TSI AUT.;Ceöka republika;CZE;osebni avtomobil;199;vozilo z dviûnimi vrati zadaj;SCALA 
85;1490;5.9;0;TOYOTA;AX1T(EU.M)/NGX10(H)/NGX10L-AHXNXW(1A);C-HR / 1.2T / CVT;Turcija;TUR;osebni avtomobil;185;vozilo z dviûnimi vrati zadaj;C-HR 
85;1475;5.9;0;TOYOTA;AX1T(EU.M)/NGX10(H)/NGX10L-AHFNXW(3A);C-HR / 1.2T /;Turcija;TUR;osebni avtomobil;190;vozilo z dviûnimi vrati zadaj;C-HR 
85;1470;5.9;0;TOYOTA;AX1T(EU.M)/NGX10(H)/NGX10L-AHFDXW(1A);C-HR / 1.2T /;Turcija;TUR;osebni avtomobil;190;vozilo z dviûnimi vrati zadaj;C-HR 
85;1458;5.9;0;TOYOTA;AX1T(EU.M)/NGX10(H)/NGX10L-AHFNXW(2B);C-HR / 1.2T /;Turcija;TUR;osebni avtomobil;190;vozilo z dviûnimi vrati zadaj;C-HR 
85;1310;5.9;0;VOLKSWAGEN;VACDKRFX0-FM6FM6AJ016N7CPON1VL1BVR2A;GOLF / VARIANT 1.0 / TSI;Nemcija;DEU;osebni avtomobil;200;karavan;GOLF 
85;1297;5.9;0;VOLKSWAGEN;DKRFX0AC4-FM6FM6AJ0214BF1AANN0;T-ROC / 1.0 / TSI;Nemcija;DEU;osebni avtomobil;187;karavan;T-ROC 
85;1255;5.9;0;VOLKSWAGEN;DKRFACX04-FM6FM6AJ0194BF1AA;T-CROSS / 1.0 / TSI;Nemcija;DEU;osebni avtomobil;193;karavan;T-CROSS 
85;1250;5.9;0;VOLKSWAGEN;DKRFACX04-FM6FM6AJ0167CP1B;T-CROSS / 1.0 / TSI;Nemcija;DEU;osebni avtomobil;193;karavan;T-CROSS 
85;1240;5.9;0;VOLKSWAGEN;GAC4DKRFX0-FM6FM6AJ019N4BFON1VL1CVR2NB;GOLF / 1.0 / TSI;Nemcija;DEU;osebni avtomobil;198;karavan;GOLF 
85;1190;5.9;0;VOLKSWAGEN;ABDKRF-FD7FD7CW001N1VR27CP1BA;POLO / 1.0 / TSI AUT.;Nemcija;DEU;osebni avtomobil;200;vozilo z dviûnimi vrati zadaj;POLO 
85;1300;6.1;0;AUDI;XDKRFF1-FM6FM6AJ018RT11B177CPAEM1HA1;Q2 / 1.0 / TFSI;Nemcija;DEU;osebni avtomobil;197;karavan;Q2 
85;1595;6.1;1;FIAT;194AXE1B06B;CROMA / 1.9 / JTD;Italija;ITA;osebni avtomobil;192;vecnamensko vozilo;CROMA 
85;1425;6.1;1;LANCIA;839BXN1A-23;LYBRA / SW 1.9 / JTD;Italija;ITA;osebni avtomobil;190;karavan;LYBRA 
85;1350;6.1;1;LANCIA;839BXN1A-23B;LYBRA / SW 1.9 / JTD;Italija;ITA;osebni avtomobil;190;karavan;LYBRA 
85;1430;6.1;1;MERCEDES BENZ;203;C / 200 / CDI;Nemcija;DEU;osebni avtomobil;203;limuzina;C 
85;1260;6.1;0;MERCEDES BENZ;X2RBK2-DZACA501;A / 170 /;Nemcija;DEU;osebni avtomobil;188;karavan;A 
85;1503;6.1;0;OPEL;DAEDC12-BA1J1EHTA5;ASTRA / CAR. 1.6 / 16V;Nemcija;DEU;osebni avtomobil;185;karavan;ASTRA 
85;1471;6.1;0;OPEL;DAEDC12-BA1H4EHTA5;ASTRA / CAR. 1.6 / 16V;Nemcija;DEU;osebni avtomobil;185;karavan;ASTRA 
85;1437;6.1;0;OPEL;BD11-1AAAA4AGBLA5;ASTRA / 1.6 / 16V;Nemcija;DEU;osebni avtomobil;188;vecnamensko vozilo;ASTRA 
85;1599;6.1;0;RENAULT;RFARF2MB6RVA017000;GRAND SCENIC / 1.2 / 16V;Francija;FRA;osebni avtomobil;195;vozilo z dviûnimi vrati zadaj;GRAND SCENIC 
85;1505;6.1;0;RENAULT;RFARF2MB6RVA015000;GRAND SCENIC / 1.2 / 16V;Francija;FRA;osebni avtomobil;195;vozilo z dviûnimi vrati zadaj;GRAND SCENIC 
85;1505;6.1;0;RENAULT;JZ11A6;GRAND SCENIC / 1.2 / 16V;Francija;FRA;osebni avtomobil;185;vozilo z dviûnimi vrati zadaj;GRAND SCENIC 
85;1505;6.1;0;RENAULT;JZ11B6;GRAND SCENIC / 1.2 / 16V;Francija;FRA;osebni avtomobil;185;vecnamensko vozilo;GRAND SCENIC 
85;1430;6.1;0;RENAULT;RFBKF2N96TB0200100;MEGANE / GRANDTOUR 1.3 / 16V;Francija;FRA;osebni avtomobil;192;karavan;MEGANE 
85;1416;6.1;0;RENAULT;JZD1J6;SCENIC / 1.2 / 16V;Francija;FRA;osebni avtomobil;185;vozilo z dviûnimi vrati zadaj;SCENIC 
85;1415;6.1;0;RENAULT;RFBKF2N96TB0500100;MEGANE / GRANDTOUR 1.3 / 16V;Francija;FRA;osebni avtomobil;192;karavan;MEGANE 
85;1412;6.1;0;RENAULT;RFBKF2N96TB6220100;MEGANE / GRANDTOUR 1.3 / 16V;Francija;FRA;osebni avtomobil;192;karavan;MEGANE 
85;1407;6.1;0;RENAULT;RFBLF2N96TA0600100;MEGANE / GRANDCOUPE 1.3 / 16V;Francija;FRA;osebni avtomobil;195;limuzina;MEGANE 
85;1365;6.1;0;RENAULT;RFBBF2N96TB0200100;MEGANE / 1.3 / 16V;Francija;FRA;osebni avtomobil;190;vozilo z dviûnimi vrati zadaj;MEGANE 
85;1212;6.1;0;SEAT;XDKRF-FD7SFD7CW0074BF3A1BAD;ARONA / 1.0 / TSI AUT.;äpanija;ESP;osebni avtomobil;190;vozilo z dviûnimi vrati zadaj;ARONA 
85;1212;6.1;0;SEAT;XDKRF-FD7SFD7CW0077CP4A1BA;ARONA / 1.0 / TSI AUT.;äpanija;ESP;osebni avtomobil;182;vozilo z dviûnimi vrati zadaj;ARONA 
85;1189;6.1;0;SEAT;XDKRF-FM6SFM6AJ0194BF4A1BA;ARONA / 1.0 / TSI;äpanija;ESP;osebni avtomobil;190;vozilo z dviûnimi vrati zadaj;ARONA 
85;1251;6.1;0;äKODA;ABCDKRFX0-NFD7FD7CW0074BFSTNK4M1A8A;KAMIQ / 1.0 / TSI AUT.;Ceöka republika;CZE;osebni avtomobil;194;vozilo z dviûnimi vrati zadaj;KAMIQ 
85;1251;6.1;0;äKODA;ABCDKRFX0-NFD7FD7CW0074BFSTN3N1A8A;KAMIQ / 1.0 / TSI AUT.;Ceöka republika;CZE;osebni avtomobil;193;vozilo z dviûnimi vrati zadaj;KAMIQ 
85;1231;6.1;0;äKODA;ABCDKRFX0-NFM6FM6AJ0194BFSTN4M1B8A;KAMIQ / 1.0 / TSI;Ceöka republika;CZE;osebni avtomobil;194;vozilo z dviûnimi vrati zadaj;KAMIQ 
85;1454;6.1;0;TOYOTA;AX1T(EU.M)/NGX10(H)/NGX10L-AHFDXW(1B);C-HR / 1.2T /;Turcija;TUR;osebni avtomobil;190;vozilo z dviûnimi vrati zadaj;C-HR 
85;1370;6.1;1;TOYOTA;CLA21L-AWMNYW(1B);RAV 4 / 2.0 / D-4D;Japonska ;JPN;osebni avtomobil;170;karavan;RAV 4 
85;1370;6.1;1;TOYOTA;CLA21L-AWMNYW(1B);RAV 4 / 2.0 / D-4D;Japonska ;JPN;osebni avtomobil;170;vecnamensko vozilo;RAV 4 
85;1456;6.1;1;VOLKSWAGEN;3B;PASSAT / 1.9 / TDI;Nemcija;DEU;osebni avtomobil;186;karavan;PASSAT 
85;1335;6.1;0;VOLKSWAGEN;SACDKRFX0-FM6FM6AJ016N7CPON1VL1BVR2B;GOLF / SPORTSVAN 1.0 / TSI;Nemcija;DEU;osebni avtomobil;192;karavan;GOLF 
85;1313;6.1;0;VOLKSWAGEN;DKRFACX05-FM6FM6AJ0194BF1AA;T-CROSS / 1.0 / TSI;Nemcija;DEU;osebni avtomobil;193;karavan;T-CROSS 
85;1293;6.1;0;VOLKSWAGEN;DKRFX0AC4-FM6FM6AJ0214BF1CA;T-ROC / 1.0 / TSI;Nemcija;DEU;osebni avtomobil;187;karavan;T-ROC 
85;1270;6.1;0;VOLKSWAGEN;DKRFX0AC4-FM6FM6AJ0187CP1B;T-ROC / 1.0 / TSI;Nemcija;DEU;osebni avtomobil;187;karavan;T-ROC 
85;1255;6.1;0;VOLKSWAGEN;DKRFACX04-FM6FM6AJ0194BF1AA;T-CROSS / 1.0 / TSI;Nemcija;DEU;osebni avtomobil;193;karavan;T-CROSS 
85;1245;6.1;0;VOLKSWAGEN;GAC4DKRFX0-FM6FM6AJ016N7CPON1VL1CVR2NB;GOLF / 1.0 / TSI;Nemcija;DEU;osebni avtomobil;198;karavan;GOLF 
85;1190;6.1;0;VOLKSWAGEN;ABDKRF-FD7FD7CW001N3VR27CP1CA;POLO / 1.0 / TSI AUT.;Nemcija;DEU;osebni avtomobil;200;vozilo z dviûnimi vrati zadaj;POLO 
85;1190;6.1;0;VOLKSWAGEN;ABDKRF-FD7FD7CW001N2VR27CP1CA;POLO / 1.0 / TSI AUT.;Nemcija;DEU;osebni avtomobil;200;vozilo za posebne namene;POLO 
85;1584;6.2;1;AUDI;8E-BKE;A4 / AVANT / 1.9 / TDI;Nemcija;DEU;osebni avtomobil;197;karavan;A4 
85;1525;6.2;1;AUDI;B5-ATJ;A 4 / 1.9;Nemcija;DEU;osebni avtomobil;196;limuzina;A 4 
85;1290;6.2;0;AUDI;LDKRFF1-FD7FD7CW001RT51C177CPAEM1;A3 / 1.0 / TFSI AUT.;Nemcija;DEU;osebni avtomobil;211;limuzina;A3 
85;1267;6.2;0;DACIA;JSDA04;LODGY / 1.2 / 16V T;Romunija;ROM;osebni avtomobil;179;karavan;LODGY 
85;1571;6.2;1;FORD;BWY-HJBE;MONDEO / WAGON 2.0 / TDCI;Nemcija;DEU;osebni avtomobil;197;karavan;MONDEO 
85;1564;6.2;1;FORD;BWYHJBC1-5FHAP3;MONDEO / WAGON 2.0 / TDCI;Nemcija;DEU;osebni avtomobil;197;karavan;MONDEO 
85;1489;6.2;1;FORD;BWY-HJBC1;MONDEO / WAGON 2.0 / TDCI;Nemcija;DEU;osebni avtomobil;197;karavan;MONDEO 
85;1590;6.2;1;MERCEDES BENZ;210J00DF0-JRBBA50;E / 200 / CDI;Nemcija;DEU;osebni avtomobil;199;limuzina;E 
85;1505;6.2;1;MERCEDES BENZ;203 47000R;C / 200 / CDI;Nemcija;DEU;osebni avtomobil;203;limuzina;C 
85;1393;6.2;0;OPEL;BD11-1A02A4AGBLA5;ASTRA / 1.6 / 16V;Nemcija;DEU;osebni avtomobil;188;vecnamensko vozilo;ASTRA 
85;1360;6.2;0;OPEL;FY11-1AAHA5EBBN5;ASTRA / CAR. 1.6 / 16V;Nemcija;DEU;osebni avtomobil;191;karavan;ASTRA 
85;1318;6.2;0;OPEL;FY11-1AAGA5EBBN5;ASTRA / CAR. 1.6 / 16V;Nemcija;DEU;osebni avtomobil;191;karavan;ASTRA 
85;1318;6.2;0;OPEL;BY11-1AABALEBBN5;ASTRA / 1.6 / 16V;Nemcija;DEU;osebni avtomobil;191;vecnamensko vozilo;ASTRA 
85;1278;6.2;0;OPEL;KZ11-1A04AVEBBN5;ASTRA / 1.6 / 16V;Nemcija;DEU;osebni avtomobil;193;kupe;ASTRA 
85;1278;6.2;0;OPEL;BY11-1A03ALEBBN5;ASTRA / 1.6 / 16V;Nemcija;DEU;osebni avtomobil;191;vecnamensko vozilo;ASTRA 
85;1278;6.2;0;OPEL;BX11-1A11A5DABB5;ASTRA / 1.6 / 16V;Nemcija;DEU;osebni avtomobil;191;limuzina;ASTRA 
85;1416;6.2;0;RENAULT;RFBKF2N96TA0600100;MEGANE / GRANDTOUR 1.3 / 16V;Francija;FRA;osebni avtomobil;195;karavan;MEGANE 
85;1395;6.2;0;RENAULT;JZ0Z0H;SCENIC / 1.2 / 16V;Francija;FRA;osebni avtomobil;180;vozilo z dviûnimi vrati zadaj;SCENIC 
85;1372;6.2;0;RENAULT;RFBBF2N96TB0200100;MEGANE / 1.3 / 16V;Francija;FRA;osebni avtomobil;190;vozilo z dviûnimi vrati zadaj;MEGANE 
85;1367;6.2;0;RENAULT;RFBBF2N96TA0600100;MEGANE / 1.3 / 16V;Francija;FRA;osebni avtomobil;195;vozilo z dviûnimi vrati zadaj;MEGANE 
85;1500;6.2;1;SAAB;YS3DXXXXAHDF-M03;9-3 / 2.2;ävedska;SWE;osebni avtomobil;200;vozilo z dviûnimi vrati zadaj;09-Mar
85;1212;6.2;0;SEAT;XDKRF-FD7SFD7CW0074BF4A1BA;ARONA / 1.0 / TSI AUT.;äpanija;ESP;osebni avtomobil;190;vozilo z dviûnimi vrati zadaj;ARONA 
85;1172;6.2;0;SEAT;BDKRF-FD7SFD7CW0014BF2A1CA;IBIZA / 1.0 / TSI AUT.;äpanija;ESP;osebni avtomobil;193;vozilo z dviûnimi vrati zadaj;IBIZA 
85;1344;6.2;0;äKODA;ACDKRFX0-NFM6FM6AJ0214BF15N0N1A7A;KAROQ / 1.0 / TSI;Ceöka republika;CZE;osebni avtomobil;190;karavan;KAROQ 
85;1251;6.2;0;äKODA;ABCDKRFX0-NFD7FD7CW0074BFV2R3N1B8A;KAMIQ / 1.0 / TSI AUT.;Ceöka republika;CZE;osebni avtomobil;193;vozilo z dviûnimi vrati zadaj;KAMIQ 
85;1615;6.2;1;TOYOTA;CUR10L-GRMEYW(1B);COROLLA VERSO / 2.0 / D;Turcija;TUR;osebni avtomobil;180;karavan;COROLLA VERSO 
85;1615;6.2;1;TOYOTA;CUR10L-GRMEYW(1B);COROLLA / VERSO 2.0;Turcija;TUR;osebni avtomobil;180;karavan;COROLLA 
85;1615;6.2;1;TOYOTA;CUR10L-GRMEYW(1C);COROLLA VERSO / 2.0 / D;Turcija;TUR;osebni avtomobil;180;vecnamensko vozilo;COROLLA VERSO 
85;1615;6.2;1;TOYOTA;CUR10L-GRMEYW(1B);COROLLA / VERSO 2.0;Turcija;TUR;osebni avtomobil;180;limuzina;COROLLA 
85;1610;6.2;1;TOYOTA;CUR10L-GRMDYW(1B);COROLLA / VERSO 2.0;Turcija;TUR;osebni avtomobil;180;karavan;COROLLA 
85;1580;6.2;1;TOYOTA;R1CUR1OL-GWMEYW(1C);COROLLA VERSO / 2.0 / D-4D;Turcija;TUR;osebni avtomobil;180;karavan;COROLLA VERSO 
85;1570;6.2;1;TOYOTA;R1;COROLLA / VERSO / 2.0 / D4D;Turcija;TUR;osebni avtomobil;180;karavan;COROLLA 
85;1560;6.2;1;TOYOTA;CUR10L-GWMEYW(1C);COROLLA VERSO / 2.0 / D;Turcija;TUR;osebni avtomobil;180;karavan;COROLLA VERSO 
85;1560;6.2;1;TOYOTA;CUR10L-GWMEYW(1B);COROLLA / VERSO 2.0;Turcija;TUR;osebni avtomobil;180;karavan;COROLLA 
85;1550;6.2;1;TOYOTA;CUR10L-GWMDYW(1B);COROLLA / VERSO 2.0;Turcija;TUR;osebni avtomobil;180;karavan;COROLLA 
85;1495;6.2;1;TOYOTA;CUR10L-GRMDYW(1A);COROLLA / VERSO 2.0;Turcija;TUR;osebni avtomobil;180;karavan;COROLLA 
85;1475;6.2;1;TOYOTA;CUR10L-GWMDYW(1A);COROLLA VERSO / 2.0 / D;Turcija;TUR;osebni avtomobil;180;karavan;COROLLA VERSO 
85;1424;6.2;0;TOYOTA;ZE1HE(EU.M)/NRE210(H)/NRE210L-DHFDZW(2D);COROLLA / 1.2T /;Zdruûeno kraljestvo;GBR;osebni avtomobil;200;vozilo z dviûnimi vrati zadaj;COROLLA 
85;1568;6.2;1;VOLKSWAGEN;1JSEAJMX11-SGQM62M003041N10GE;GOLF / VAR. 1.9;Nemcija;DEU;osebni avtomobil;192;karavan;GOLF 
85;1558;6.2;1;VOLKSWAGEN;STAJMX11-SGQM62M003O4;BORA / 1.9 / TDI 4M;Nemcija;DEU;osebni avtomobil;192;limuzina;BORA 
85;1293;6.2;0;VOLKSWAGEN;DKRFX0AC4-FM6FM6AJ0214BF1CANN;T-ROC / 1.0 / TSI;Nemcija;DEU;osebni avtomobil;187;karavan;T-ROC 
85;1275;6.2;0;VOLKSWAGEN;DKRFACX04-FD7FD7CW0074BF1AA;T-CROSS / 1.0 / TSI AUT.;Nemcija;DEU;osebni avtomobil;193;karavan;T-CROSS 
85;1270;6.2;0;VOLKSWAGEN;DKRFACX04-FD7FD7CW0077CP1BA;T-CROSS / 1.0 / TSI AUT.;Nemcija;DEU;osebni avtomobil;193;karavan;T-CROSS 
85;1270;6.2;0;VOLKSWAGEN;DKRFX0AC4-FM6FM6AJ0187CP1CA;T-ROC / 1.0 / TSI;Nemcija;DEU;osebni avtomobil;187;karavan;T-ROC 
85;1265;6.2;0;VOLKSWAGEN;GAC4DKRFX0-FD7FD7CW001N7CPON1VL1BVR2NA;GOLF / 1.0 / TSI AUT.;Nemcija;DEU;osebni avtomobil;198;karavan;GOLF 
85;1255;6.2;0;VOLKSWAGEN;DKRFACX04-FM6FM6AJ0194BF1BA;T-CROSS / 1.0 / TSI;Nemcija;DEU;osebni avtomobil;193;karavan;T-CROSS 
85;1393;6.29;0;OPEL;BD11-1A02A4AGBLB5;ASTRA / 1.6 / 16V;Nemcija;DEU;osebni avtomobil;188;vecnamensko vozilo;ASTRA 
85;1280;6.3;0;AUDI;SDKRFF1-FD7FD7CW001RT11C177CPAEM1;A3 / 1.0 / TFSI AUT.;Nemcija;DEU;osebni avtomobil;206;vozilo z dviûnimi vrati zadaj;A3 
85;1200;6.3;0;AUDI;SDKRFF1-FD7FD7CW001RT11C174BFEM1A;A1 / 1.0 / TFSI AUT.;Nemcija;DEU;osebni avtomobil;203;vozilo z dviûnimi vrati zadaj;A1 
85;1724;6.3;1;FORD;WGR-AUY;GALAXY / 1.9;Nemcija;DEU;osebni avtomobil;181;limuzina;GALAXY 
85;1724;6.3;1;FORD;WGR-AUY;GALAXY / 1.9 / TDI;Nemcija;DEU;osebni avtomobil;181;vecnamensko vozilo;GALAXY 
85;1715;6.3;1;FORD;WGR-AUY;GALAXY / 1.9 / TDI;Nemcija;DEU;osebni avtomobil;177;vecnamensko vozilo;GALAXY 
85;1699;6.3;1;FORD;WGRAUY1-7B;GALAXY / 1.9 / TDI;Nemcija;DEU;osebni avtomobil;177;vecnamensko vozilo;GALAXY 
85;1530;6.3;1;MERCEDES BENZ;203;C / 200;Nemcija;DEU;osebni avtomobil;198;limuzina;C 
85;1505;6.3;1;MERCEDES BENZ;203.004-R00DF0JDAAA50;C / 200 / CDI;Nemcija;DEU;osebni avtomobil;208;limuzina;C 
85;1505;6.3;1;MERCEDES BENZ;R00DF0-JDAAA500;C / 200 / CDI;Nemcija;DEU;osebni avtomobil;203;limuzina;C 
85;1340;6.3;0;MERCEDES BENZ;Y2RBM2-DZBAA500;B / 180 /;Nemcija;DEU;osebni avtomobil;184;karavan;B 
85;1330;6.3;0;MERCEDES BENZ;Y2RBM2-DZAAA500;B / 180 /;Nemcija;DEU;osebni avtomobil;184;karavan;B 
85;1260;6.3;0;MERCEDES BENZ;X2RBM2-DZACA500;A / 180 /;Nemcija;DEU;osebni avtomobil;188;karavan;A 
85;1471;6.3;0;OPEL;BD11-1AABA4AGBLA5;ASTRA / 1.6 / 16V;Nemcija;DEU;osebni avtomobil;188;vecnamensko vozilo;ASTRA 
85;1437;6.3;0;OPEL;CAEDA11-BA1H1EHTA5;ASTRA / 1.6 / 16V;Nemcija;DEU;osebni avtomobil;188;vecnamensko vozilo;ASTRA 
85;1393;6.3;0;OPEL;BD11-1A02A4AGBLA5;ASTRA / 1.6 / 16V;Nemcija;DEU;osebni avtomobil;188;vecnamensko vozilo;ASTRA 
85;1393;6.3;0;OPEL;BD11-2A02A4AHBLA5;ASTRA / 1.6 / 16V;Nemcija;DEU;osebni avtomobil;185;vecnamensko vozilo;ASTRA 
85;1278;6.3;0;OPEL;KZ11-1A04AVEBBL5;ASTRA / 1.6 / 16V;Nemcija;DEU;osebni avtomobil;193;kupe;ASTRA 
85;1270;6.3;0;OPEL;BS11-1A13ALEMJN5;ASTRA / 1.6 / 16V MTA;Nemcija;DEU;osebni avtomobil;192;vozilo z dviûnimi vrati zadaj;ASTRA 
85;1270;6.3;0;OPEL;BS11-1A13ALEMJN5;ASTRA / 1.6 / 16V MTA;Nemcija;DEU;osebni avtomobil;192;vozilo za posebne namene;ASTRA 
85;1270;6.3;0;OPEL;BS11-1A13ALEMJN5;ASTRA / 1.6 / 16V MTA;Nemcija;DEU;osebni avtomobil;185;vozilo z dviûnimi vrati zadaj;ASTRA 
85;1250;6.3;0;OPEL;KT11-1A18AVEMKN5;ASTRA / 1.6 / 16V MTA;Nemcija;DEU;osebni avtomobil;194;kupe;ASTRA 
85;1250;6.3;0;OPEL;KZ11-1A04AVEBBN5;ASTRA / 1.6 / 16V;Nemcija;DEU;osebni avtomobil;193;kupe;ASTRA 
85;1430;6.3;0;RENAULT;RFBKF2N96TA0600100;MEGANE / GRANDTOUR 1.3 / 16V;Francija;FRA;osebni avtomobil;195;karavan;MEGANE 
85;1428;6.3;0;RENAULT;RFBKF2N96TB0200100;MEGANE / GRANDTOUR 1.3 / 16V;Francija;FRA;osebni avtomobil;192;karavan;MEGANE 
85;1366;6.3;0;RENAULT;RFBBF2N96TA0600100;MEGANE / 1.3 / 16V;Francija;FRA;osebni avtomobil;195;vozilo z dviûnimi vrati zadaj;MEGANE 
85;1313;6.3;0;SEAT;XDKRFX0-FM6SFM6AJ0187CPVL1B17;ATECA / 1.0 / TSI;äpanija;ESP;osebni avtomobil;183;karavan;ATECA 
85;1172;6.3;0;SEAT;BDKRF-FD7SFD7CW0014BF2C1CAD;IBIZA / 1.0 / TSI AUT.;äpanija;ESP;osebni avtomobil;193;vozilo z dviûnimi vrati zadaj;IBIZA 
85;1344;6.3;0;äKODA;ACDKRFX0-NFM6FM6AJ0214BF15N0N1A7A;KAROQ / 1.0 / TSI;Ceöka republika;CZE;osebni avtomobil;190;karavan;KAROQ 
85;1344;6.3;0;äKODA;ACDKRFX0-NFM6FM6AJ0214BF150N1A7A;KAROQ / 1.0 / TSI;Ceöka republika;CZE;osebni avtomobil;187;karavan;KAROQ 
85;1340;6.3;0;äKODA;ACDKRFX0-NFM6FM6AJ0187CP5N1B7A;KAROQ / 1.0 / TSI;Ceöka republika;CZE;osebni avtomobil;187;karavan;KAROQ 
85;1251;6.3;0;äKODA;ABCDKRFX0-NFD7FD7CW0074BFSTNH4N1B8A;KAMIQ / 1.0 / TSI AUT.;Ceöka republika;CZE;osebni avtomobil;194;vozilo z dviûnimi vrati zadaj;KAMIQ 
85;1251;6.3;0;äKODA;ABCDKRFX0-NFD7FD7CW0074BFSTN4N1B8A;KAMIQ / 1.0 / TSI AUT.;Ceöka republika;CZE;osebni avtomobil;193;vozilo z dviûnimi vrati zadaj;KAMIQ 
85;1560;6.3;0;TOYOTA;AX1T(EU.M)/NGX50(H)/NGX50L-AHXGXW(3A);C-HR / 1.2T / 4WD CVT;Turcija;TUR;osebni avtomobil;180;vozilo z dviûnimi vrati zadaj;C-HR 
85;1406;6.3;0;TOYOTA;ZE1HE(EU.M)/NRE210(H)/NRE210L-DHFNZW(2B);COROLLA / 1.2T /;Zdruûeno kraljestvo;GBR;osebni avtomobil;200;vozilo z dviûnimi vrati zadaj;COROLLA 
85;1723;6.3;1;VOLKSWAGEN;7MSEA8CAUYX01-NSGFM62N003P;SHARAN / 1.9;Nemcija;DEU;osebni avtomobil;181;vecnamensko vozilo;SHARAN 
85;1716;6.3;1;VOLKSWAGEN;7MSEA8CAUYX01-NSGFM62N003P;SHARAN / 1.9;Nemcija;DEU;osebni avtomobil;177;limuzina;SHARAN 
85;1683;6.3;1;VOLKSWAGEN;7M-AUY;SHARAN / 1.9 / TDI;Nemcija;DEU;osebni avtomobil;181;vecnamensko vozilo;SHARAN 
85;1609;6.3;1;VOLKSWAGEN;SEA8CAUYX01-NSGFM62N003Q;SHARAN / 1.9 / TDI;Nemcija;DEU;osebni avtomobil;181;vecnamensko vozilo;SHARAN 
85;1517;6.3;1;VOLKSWAGEN;1J-AJM;GOLF / VAR. 1.9 / TDI 4M;Nemcija;DEU;osebni avtomobil;192;karavan;GOLF 
85;1351;6.3;0;VOLKSWAGEN;DKRFACX05-FD7FD7CW0074BF1AA;T-CROSS / 1.0 / TSI AUT.;Nemcija;DEU;osebni avtomobil;193;karavan;T-CROSS 
85;1275;6.3;0;VOLKSWAGEN;DKRFACX04-FD7FD7CW0074BF1AA;T-CROSS / 1.0 / TSI AUT.;Nemcija;DEU;osebni avtomobil;193;karavan;T-CROSS 
85;1270;6.3;0;VOLKSWAGEN;DKRFACX04-FD7FD7CW0077CP1CA;T-CROSS / 1.0 / TSI AUT.;Nemcija;DEU;osebni avtomobil;193;karavan;T-CROSS 
85;1270;6.3;0;VOLKSWAGEN;DKRFX0AC4-FM6FM6AJ0187CP1CA;T-ROC / 1.0 / TSI;Nemcija;DEU;osebni avtomobil;187;karavan;T-ROC 
85;1265;6.3;0;VOLKSWAGEN;GAC4DKRFX0-FD7FD7CW001N7CPON1VL1BVR2NA;GOLF / 1.0 / TSI AUT.;Nemcija;DEU;osebni avtomobil;198;karavan;GOLF 
85;1255;6.3;0;VOLKSWAGEN;DKRFACX04-FM6FM6AJ0194BF1CA;T-CROSS / 1.0 / TSI;Nemcija;DEU;osebni avtomobil;193;karavan;T-CROSS 
85;1508;6.3;1;VOLVO;RS-7362;S60 / 2.4 / D;ävedska;SWE;osebni avtomobil;210;limuzina;S60 
85;1245;6.4;0;AUDI;HDKRFF1-FD7FD7CW007RT81B164BFAEM1AB0;A1 / CITYCARVER 1.0 / TFSI AUT.;Nemcija;DEU;osebni avtomobil;198;karavan;A1 
85;1165;6.4;0;CITROEN;DDNFP0/1;C-ELYSEE / 1.6 /;Francija;FRA;osebni avtomobil;188;limuzina;C-ELYSEE 
85;1164;6.4;0;CITROEN;DDNFP6/1;C-ELYSEE / 1.6 /;Francija;FRA;osebni avtomobil;188;limuzina;C-ELYSEE 
85;1280;6.4;0;DACIA;JSDB04;LODGY / 1.2 / 16V T;Romunija;ROM;osebni avtomobil;179;karavan;LODGY 
85;2010;6.4;1;FIAT;250ARMRA72;DUCATO / COMBINATO 2.0 / JTD;Italija;ITA;osebni avtomobil;148;vecnamensko vozilo;DUCATO 
85;1445;6.4;1;FIAT;186AXE1A-04;MULTIPLA / 1.9 / JTD;Italija;ITA;osebni avtomobil;176;vecnamensko vozilo;MULTIPLA 
85;1445;6.4;1;FIAT;186AXE1A04D;MULTIPLA / 1.9;Italija;ITA;osebni avtomobil;176;limuzina;MULTIPLA 
85;1370;6.4;1;FIAT;186AXE1A04D;MULTIPLA / 1.9 / JTD;Italija;ITA;osebni avtomobil;176;vecnamensko vozilo;MULTIPLA 
85;1790;6.4;1;FORD;WGRAUY1-7DQ;GALAXY / 1.9 / TDI;Nemcija;DEU;osebni avtomobil;181;vecnamensko vozilo;GALAXY 
85;1743;6.4;1;FORD;WA6KLWA-1S7CDARG;S-MAX / 2.0 / TDCi 115;Nemcija;DEU;osebni avtomobil;182;vecnamensko vozilo;S-MAX 
85;1736;6.4;1;FORD;WGRAUY1-7AQ;GALAXY / 1.9 / TDI;Nemcija;DEU;osebni avtomobil;181;vecnamensko vozilo;GALAXY 
85;1736;6.4;1;FORD;WGRAUY1-7AQ;GALAXY / 1.9;Nemcija;DEU;osebni avtomobil;181;limuzina;GALAXY 
85;1724;6.4;1;FORD;WGR - AUY1 - 7AG;GALAXY / 1.9 / TDI;Nemcija;DEU;osebni avtomobil;181;vecnamensko vozilo;GALAXY 
85;1710;6.4;1;FORD;WGR;GALAXY / 1.9;Nemcija;DEU;osebni avtomobil;181;limuzina;GALAXY 
85;1683;6.4;1;FORD;WGR;GALAXY / 1.9 / TDI;Nemcija;DEU;osebni avtomobil;181;vecnamensko vozilo;GALAXY 
85;1683;6.4;1;FORD;WGR;GALAXY / 1.9 / TDI;Nemcija;DEU;osebni avtomobil;181;limuzina;GALAXY 
85;1279;6.4;0;FORD;DB3-HXDA14;FOCUS / 1.6 /;Nemcija;DEU;osebni avtomobil;193;limuzina;FOCUS 
85;1279;6.4;0;FORD;DA3-HXDA1W;FOCUS / 1.6;Nemcija;DEU;osebni avtomobil;190;karavan;FOCUS 
85;1257;6.4;0;FORD;DA3-HXDA15;FOCUS / 1.6 /;Nemcija;DEU;osebni avtomobil;190;vozilo z dviûnimi vrati zadaj;FOCUS 
85;1239;6.4;0;FORD;DA3-HXDA13;FOCUS / 1.6;Nemcija;DEU;osebni avtomobil;190;vozilo z dviûnimi vrati zadaj;FOCUS 
85;1182;6.4;0;FORD;DA3-HXDA15;FOCUS / 1.6;Nemcija;DEU;osebni avtomobil;190;vozilo z dviûnimi vrati zadaj;FOCUS 
85;1505;6.4;1;MERCEDES BENZ;203;C / 200 / CDI;Nemcija;DEU;osebni avtomobil;203;limuzina;C 
85;1330;6.4;0;MERCEDES BENZ;Y2RBK2-DZAAA500;B / 170 /;Nemcija;DEU;osebni avtomobil;184;karavan;B 
85;1503;6.4;0;OPEL;BD11-1A04A5AGBLA5;ASTRA / CAR. 1.6 / 16V;Nemcija;DEU;osebni avtomobil;185;karavan;ASTRA 
85;1471;6.4;0;OPEL;DAEDA11-BA1H4EHTA5;ASTRA / CAR. 1.6 / 16V;Nemcija;DEU;osebni avtomobil;185;karavan;ASTRA 
85;1437;6.4;0;OPEL;BD11-1A03A5AGBLA5;ASTRA / CAR. 1.6 / 16V;Nemcija;DEU;osebni avtomobil;185;karavan;ASTRA 
85;1278;6.4;0;OPEL;BS11-1A11A5DMJB5;ASTRA / 1.6 / 16V MTA;Nemcija;DEU;osebni avtomobil;192;limuzina;ASTRA 
85;1920;6.4;1;SEAT;7MS-AUY;ALHAMBRA / 1.9 / TDI 4M;äpanija;ESP;osebni avtomobil;181;vecnamensko vozilo;ALHAMBRA 
85;1845;6.4;1;SEAT;AUYX0AFA8C-FM6FM62N027Q;ALHAMBRA / 1.9;äpanija;ESP;osebni avtomobil;181;limuzina;ALHAMBRA 
85;1845;6.4;1;SEAT;AUYX0AFA8C-FM6FM62N0270GEQ;ALHAMBRA / 1.9 / TDI;äpanija;ESP;osebni avtomobil;181;vecnamensko vozilo;ALHAMBRA 
85;1843;6.4;1;SEAT;SEA8CAUYX01-NSGFM62N027Q;ALHAMBRA / 1.9;äpanija;ESP;osebni avtomobil;181;vecnamensko vozilo;ALHAMBRA 
85;1843;6.4;1;SEAT;SEA8CAUYX01-NSGFM62N027Q;ALHAMBRA / 1.9;äpanija;ESP;osebni avtomobil;181;limuzina;ALHAMBRA 
85;1841;6.4;1;SEAT;7MSSEA8CAUYX01- NSGFM62N003Q;ALHAMBRA / 1.9 / TDI;äpanija;ESP;osebni avtomobil;181;vecnamensko vozilo;ALHAMBRA 
85;1839;6.4;1;SEAT;7MSSEA8CAUYX01-NSGFM62N0270;ALHAMBRA / 1.9 / TDI;äpanija;ESP;osebni avtomobil;181;vecnamensko vozilo;ALHAMBRA 
85;1827;6.4;1;SEAT;7MS;ALHAMBRA / 1.9 / TDI;äpanija;ESP;osebni avtomobil;181;vecnamensko vozilo;ALHAMBRA 
85;1800;6.4;1;SEAT;7MS-AUY;ALHAMBRA / 1.9;äpanija;ESP;osebni avtomobil;181;limuzina;ALHAMBRA 
85;1746;6.4;1;SEAT;SEA8CAUYX01-NSGFM62N027Q;ALHAMBRA / 1.9 / TDI;äpanija;ESP;osebni avtomobil;181;vecnamensko vozilo;ALHAMBRA 
85;1724;6.4;1;SEAT;7MSSEA8CAUYX01;ALHAMBRA / 1.9 / TDI;äpanija;ESP;osebni avtomobil;181;vecnamensko vozilo;ALHAMBRA 
85;1345;6.4;0;SEAT;XDKRFX0-FM6SFM6AJ0214BFVL1A18AD;ATECA / 1.0 / TSI;äpanija;ESP;osebni avtomobil;183;karavan;ATECA 
85;1313;6.4;0;SEAT;XDKRFX0-FM6SFM6AJ0187CPVL1C18B;ATECA / 1.0 / TSI;äpanija;ESP;osebni avtomobil;183;karavan;ATECA 
85;1340;6.4;0;äKODA;ACDKRFX0-NFM6FM6AJ0187CP154N1C7B;KAROQ / 1.0 / TSI;Ceöka republika;CZE;osebni avtomobil;187;karavan;KAROQ 
85;1457;6.4;0;TOYOTA;ZE1HE(EU.M)/NRE210(W)/NRE210L-DWFNZW(2B);COROLLA / 1.2T / TS;Zdruûeno kraljestvo;GBR;osebni avtomobil;195;karavan;COROLLA 
85;1878;6.4;1;VOLKSWAGEN;7M-AUY;SHARAN / 1.9;Nemcija;DEU;osebni avtomobil;181;vecnamensko vozilo;SHARAN 
85;1845;6.4;1;VOLKSWAGEN;7MSEA8CAUYX01-NSGFM62W027Q;SHARAN / 1.9 / TDI;Nemcija;DEU;osebni avtomobil;181;vecnamensko vozilo;SHARAN 
85;1840;6.4;1;VOLKSWAGEN;7M;SHARAN / 1.9;Nemcija;DEU;osebni avtomobil;181;limuzina;SHARAN 
85;1838;6.4;1;VOLKSWAGEN;7MAUY;SHARAN / 1.9 / TDI;Nemcija;DEU;osebni avtomobil;181;vecnamensko vozilo;SHARAN 
85;1836;6.4;1;VOLKSWAGEN;7M-Z3V;SHARAN / 1.9 / TDI;Nemcija;DEU;osebni avtomobil;181;vecnamensko vozilo;SHARAN 
85;1825;6.4;1;VOLKSWAGEN;7MSEA8CAUYX01-NSGFM62N003Q;SHARAN / 1.9;Nemcija;DEU;osebni avtomobil;181;limuzina;SHARAN 
85;1824;6.4;1;VOLKSWAGEN;7MSEA8CAUYX01-NSGFM62N027Q;SHARAN / 1.9 / TDI;Nemcija;DEU;osebni avtomobil;181;vecnamensko vozilo;SHARAN 
85;1819;6.4;1;VOLKSWAGEN;7M-AUY;SHARAN / 1.9 / TDI AUT.;Nemcija;DEU;osebni avtomobil;181;vecnamensko vozilo;SHARAN 
85;1817;6.4;1;VOLKSWAGEN;7MAUYX0AFA8C-FM6FM62N027Q;SHARAN / 1.9 / TDI;Nemcija;DEU;osebni avtomobil;181;vecnamensko vozilo;SHARAN 
85;1816;6.4;1;VOLKSWAGEN;AUYX0AFA8C-FM6FM62N0270GEQ;SHARAN / 1.9 / TDI;Nemcija;DEU;osebni avtomobil;181;vecnamensko vozilo;SHARAN 
85;1808;6.4;1;VOLKSWAGEN;AUYX0AFA8C-FM6FM62N027Q;SHARAN / 1.9;Nemcija;DEU;osebni avtomobil;181;vecnamensko vozilo;SHARAN 
85;1801;6.4;1;VOLKSWAGEN;7M;SHARAN / 1.9 / TDI;Nemcija;DEU;osebni avtomobil;181;limuzina;SHARAN 
85;1793;6.4;1;VOLKSWAGEN;AUYX0AFA8C-FM6FM62N027Q;SHARAN / 1.9 / TDI;Nemcija;DEU;osebni avtomobil;181;vecnamensko vozilo;SHARAN 
85;1792;6.4;1;VOLKSWAGEN;7MSEA8CAUYX01-NSGFM62N027Q;SHARAN / 1.9;Nemcija;DEU;osebni avtomobil;181;limuzina;SHARAN 
85;1788;6.4;1;VOLKSWAGEN;7M-AUY;SHARAN / 1.9 / TDI;Nemcija;DEU;osebni avtomobil;181;vecnamensko vozilo;SHARAN 
85;1774;6.4;1;VOLKSWAGEN;7M;SHARAN / 1.9 / TDI;Nemcija;DEU;osebni avtomobil;181;vecnamensko vozilo;SHARAN 
85;1768;6.4;1;VOLKSWAGEN;7M-AUY;SHARAN / 1.9 TDI;Nemcija;DEU;osebni avtomobil;181;limuzina;SHARAN 
85;1748;6.4;1;VOLKSWAGEN;7M-AUY;SHARAN / 1.9;Nemcija;DEU;osebni avtomobil;181;limuzina;SHARAN 
85;1717;6.4;1;VOLKSWAGEN;SEA8CAUYX01-NSGFM62N027R;SHARAN / 1.9 / TDI;Nemcija;DEU;osebni avtomobil;181;vecnamensko vozilo;SHARAN 
85;1709;6.4;1;VOLKSWAGEN;SEA8CAUYX01-NSGFM62N027Q;SHARAN / 1.9 / TDI;Nemcija;DEU;osebni avtomobil;181;vecnamensko vozilo;SHARAN 
85;1678;6.4;1;VOLKSWAGEN;SEA8CAUYX01-NSGFM62N003Q;SHARAN / 1.9 / TDI;Nemcija;DEU;osebni avtomobil;181;limuzina;SHARAN 
85;1606;6.4;1;VOLKSWAGEN;SEA8CAUYX01-NSGFM62N003Q;SHARAN / 1.9 / TDI;Nemcija;DEU;osebni avtomobil;181;vecnamensko vozilo;SHARAN 
85;1528;6.4;1;VOLKSWAGEN;1J;BORA / 1.9;Nemcija;DEU;osebni avtomobil;192;karavan;BORA 
85;1290;6.4;0;VOLKSWAGEN;DKRFACX05-FD7FD7CW0074BF1AA;T-CROSS / 1.0 / TSI AUT.;Nemcija;DEU;osebni avtomobil;193;karavan;T-CROSS 
85;1275;6.4;0;VOLKSWAGEN;DKRFACX04-FD7FD7CW0074BF1BA;T-CROSS / 1.0 / TSI AUT.;Nemcija;DEU;osebni avtomobil;193;karavan;T-CROSS 
85;1270;6.4;0;VOLKSWAGEN;DKRFX0AC4-FM6FM6AJ0187CP1CA;T-ROC / 1.0 / TSI;Nemcija;DEU;osebni avtomobil;187;karavan;T-ROC 
85;1325;6.5;0;AUDI;XDKRFF1-FD7FD7CW007RT11B617CPAEM1HA1;Q2 / 1.0 / TFSI AUT.;Nemcija;DEU;osebni avtomobil;197;karavan;Q2 
85;1467;6.5;0;CHEVROLET;BNXXFXX-B66PBXBXBBB;TRAX / 1.6 /;Koreja. republika;KOR;osebni avtomobil;173;karavan;TRAX 
85;1165;6.5;0;CITROEN;DDNFP0;C-ELYSEE / 1.6 /;Francija;FRA;osebni avtomobil;188;limuzina;C-ELYSEE 
85;1716;6.5;1;FORD;WGR;GALAXY / 1.9 / TDI;Nemcija;DEU;osebni avtomobil;177;vecnamensko vozilo;GALAXY 
85;1555;6.5;1;MERCEDES BENZ;203.204-R20DF0CD;C / 200 T / CDI;Nemcija;DEU;osebni avtomobil;197;karavan;C 
85;1330;6.5;0;MERCEDES BENZ;Y2RBK2-DZAAA501;B / 170 /;Nemcija;DEU;osebni avtomobil;184;karavan;B 
85;1260;6.5;0;MERCEDES BENZ;X2RBM2-DZACA501;A / 180 /;Nemcija;DEU;osebni avtomobil;188;karavan;A 
85;1230;6.5;0;MERCEDES BENZ;X3RBM2-DZACA501;A / 180 /;Nemcija;DEU;osebni avtomobil;188;karavan;A 
85;1075;6.5;0;MINI;RC-31;COOPER;Nemcija;DEU;osebni avtomobil;200;vozilo z dviûnimi vrati zadaj;COOPER
85;1075;6.5;0;MINI;RC-31;COOPER / 1.6 16V;Nemcija;DEU;osebni avtomobil;200;vozilo z dviûnimi vrati zadaj;COOPER 
85;1434;6.5;0;OPEL;JNXXFXX-B66PBX6X66B;MOKKA / 1.6 /;Nemcija;DEU;osebni avtomobil;170;karavan;MOKKA 
85;1425;6.5;0;OPEL;JMXXFXX-B66PBX6X66B;MOKKA / 1.6 /;Nemcija;DEU;osebni avtomobil;170;vecnamensko vozilo;MOKKA 
85;1315;6.5;0;OPEL;FS11-1A02A5EMJN5;ASTRA / CAR. 1.6 / 16V MTA;Nemcija;DEU;osebni avtomobil;192;karavan;ASTRA 
85;1278;6.5;0;OPEL;KT11-1A04AVEBBN5;ASTRA / 1.6 / 16V;Nemcija;DEU;osebni avtomobil;193;kupe;ASTRA 
85;1270;6.5;0;OPEL;BS11-1A13ALEBBN5;ASTRA / 1.6 / 16V;Nemcija;DEU;osebni avtomobil;191;vecnamensko vozilo;ASTRA 
85;1270;6.5;0;OPEL;BS11-1A13ALEABN5;ASTRA / 1.6 / 16V;Nemcija;DEU;osebni avtomobil;191;vozilo z dviûnimi vrati zadaj;ASTRA 
85;1265;6.5;0;OPEL;KT11-1A18AVEABN5;ASTRA / 1.6 / 16V;Nemcija;DEU;osebni avtomobil;193;kupe;ASTRA 
85;1165;6.5;0;PEUGEOT;DDNFP0;301 / 1.6 /;Francija;FRA;osebni avtomobil;188;limuzina;301
85;1505;6.5;0;RENAULT;JZ0ZAH;GRAND SCENIC / 1.2 / 16V;Francija;FRA;osebni avtomobil;180;vozilo z dviûnimi vrati zadaj;GRAND SCENIC 
85;1505;6.5;0;RENAULT;JZ0ZBH;GRAND SCENIC / 1.2 / 16V;Francija;FRA;osebni avtomobil;180;vecnamensko vozilo;GRAND SCENIC 
85;1423;6.5;0;RENAULT;JZ0ZJH;SCENIC / 1.2 / 16V;Francija;FRA;osebni avtomobil;180;vozilo z dviûnimi vrati zadaj;SCENIC 
85;1420;6.5;0;RENAULT;RFBLF2N96TA0600100;MEGANE / GRANDCOUPE 1.3 / 16V;Francija;FRA;osebni avtomobil;195;limuzina;MEGANE 
85;1870;6.5;1;SEAT;7MSSEA8CAUYX01-NSGFM62N027R;ALHAMBRA / 1.9 / TDI;äpanija;ESP;osebni avtomobil;181;vecnamensko vozilo;ALHAMBRA 
85;1863;6.5;1;SEAT;7MSSEA8CAUYX01- NSGFM62N027R;ALHAMBRA / 1.9 / TDI;äpanija;ESP;osebni avtomobil;181;vecnamensko vozilo;ALHAMBRA 
85;1860;6.5;1;SEAT;SEA8CAUYX01-NSGFM62N027R;ALHAMBRA / 1.9 / TDI;äpanija;ESP;osebni avtomobil;181;vecnamensko vozilo;ALHAMBRA 
85;1858;6.5;1;SEAT;AUYX0AFA8C-FM6FM62N027R;ALHAMBRA / 1.9 / TDI;äpanija;ESP;osebni avtomobil;181;limuzina;ALHAMBRA 
85;1856;6.5;1;SEAT;SEA8CAUYX01-NSGFM62N027R;ALHAMBRA / 1.9;äpanija;ESP;osebni avtomobil;181;limuzina;ALHAMBRA 
85;1843;6.5;1;SEAT;7MSSEA8CAUYX01- NSGFM62N027R;ALHAMBRA / 1.9 / TDI;äpanija;ESP;osebni avtomobil;181;limuzina;ALHAMBRA 
85;1790;6.5;1;SEAT;7MS SEA8CAUYX01-NSGFM62N027R;ALHAMBRA / 1.9;äpanija;ESP;osebni avtomobil;181;vecnamensko vozilo;ALHAMBRA 
85;1724;6.5;1;SEAT;BVKX0AFA8C-FM6FM62N0300GGS;ALHAMBRA / 1.9 / TDI;äpanija;ESP;osebni avtomobil;181;vecnamensko vozilo;ALHAMBRA 
85;1345;6.5;0;SEAT;XDKRFX0-FM6SFM6AJ0214BFVL1A18AD;ATECA / 1.0 / TSI;äpanija;ESP;osebni avtomobil;183;karavan;ATECA 
85;1313;6.5;0;SEAT;XDKRFX0-FM6SFM6AJ0214BFVL1A18AC;ATECA / 1.0 / TSI;äpanija;ESP;osebni avtomobil;183;karavan;ATECA 
85;1344;6.5;0;äKODA;ACDKRFX0-NFM6FM6AJ0214BF150N1C7A;KAROQ / 1.0 / TSI;Ceöka republika;CZE;osebni avtomobil;187;karavan;KAROQ 
85;1340;6.5;0;äKODA;ACDKRFX0-NFM6FM6AJ0187CP155N1C7B;KAROQ / 1.0 / TSI;Ceöka republika;CZE;osebni avtomobil;187;karavan;KAROQ 
85;1720;6.5;1;TOYOTA;CLM20L-ARMDYW(1F);AVENSIS VERSO / 2.0 / D;Japonska ;JPN;osebni avtomobil;180;vecnamensko vozilo;AVENSIS VERSO 
85;1675;6.5;1;TOYOTA;CLM20L-ARMDYW1B;AVENSIS VERSO / 2.0 / D-4D;Japonska ;JPN;osebni avtomobil;180;karavan;AVENSIS VERSO 
85;1675;6.5;1;TOYOTA;CLM20L-ARMDYW(1E);AVENSIS / VERSO 2.0 / D-4D;Japonska ;JPN;osebni avtomobil;180;karavan;AVENSIS 
85;1645;6.5;1;TOYOTA;CLM20L-ARMDYW;AVENSIS VERSO / 2.0 / D;Japonska ;JPN;osebni avtomobil;180;karavan;AVENSIS VERSO 
85;1625;6.5;1;TOYOTA;M2-CLM20L-ARMDYW;AVENSIS / VERSO / 2.0 / D4D;Japonska ;JPN;osebni avtomobil;180;karavan;AVENSIS 
85;1600;6.5;1;TOYOTA;CLM20L-ARMDYW(1A);AVENSIS VERSO / 2.0 / D;Japonska ;JPN;osebni avtomobil;180;karavan;AVENSIS VERSO 
85;1600;6.5;1;TOYOTA;CLM20L-ARMDYW(1A);AVENSIS VERSO / 2.0 / D;Japonska ;JPN;osebni avtomobil;180;vecnamensko vozilo;AVENSIS VERSO 
85;1924;6.5;1;VOLKSWAGEN;7MSEA8CAUYX01-NSGFM62N027R;SHARAN / 1.9 / TDI;Nemcija;DEU;osebni avtomobil;181;vecnamensko vozilo;SHARAN 
85;1908;6.5;1;VOLKSWAGEN;AUYX0AFA8C-FM6FM62N0270GER;SHARAN / 1.9 / TDI;Nemcija;DEU;osebni avtomobil;181;vecnamensko vozilo;SHARAN 
85;1872;6.5;1;VOLKSWAGEN;SEA8CAUYX01-NSGFM62N027R;SHARAN / 1.9 / TDI;Nemcija;DEU;osebni avtomobil;181;vecnamensko vozilo;SHARAN 
85;1870;6.5;1;VOLKSWAGEN;AUYX0AFA8C-FM6FM62N027R;SHARAN / 1.9 / TDI;Nemcija;DEU;osebni avtomobil;181;vecnamensko vozilo;SHARAN 
85;1870;6.5;1;VOLKSWAGEN;AUYX0AFA8C-FM6FM62N027R;SHARAN / 1.9;Nemcija;DEU;osebni avtomobil;181;limuzina;SHARAN 
85;1856;6.5;1;VOLKSWAGEN;7MSEA8CAUYX01-NSGFM62N027R;SHARAN / 1.9;Nemcija;DEU;osebni avtomobil;181;limuzina;SHARAN 
85;1849;6.5;1;VOLKSWAGEN;7MAUYX0AFA8C-FM6FM62N027R;SHARAN / 1.9;Nemcija;DEU;osebni avtomobil;181;limuzina;SHARAN 
85;1840;6.5;1;VOLKSWAGEN;BVKX0AFA8C-FM6FM62N0300GGQ;SHARAN / 1.9 / TDI;Nemcija;DEU;osebni avtomobil;181;vecnamensko vozilo;SHARAN 
85;1802;6.5;1;VOLKSWAGEN;SEA8CAUYX01-NSGFM62N027R;SHARAN / 1.9;Nemcija;DEU;osebni avtomobil;181;limuzina;SHARAN 
85;1724;6.5;1;VOLKSWAGEN;BVKX0AFA8C-FM6FM62N0300GG;SHARAN / 1.9 / TDI;Nemcija;DEU;osebni avtomobil;181;vecnamensko vozilo;SHARAN 
85;1275;6.5;0;VOLKSWAGEN;DKRFACX04-FD7FD7CW0074BF1BA;T-CROSS / 1.0 / TSI AUT.;Nemcija;DEU;osebni avtomobil;193;karavan;T-CROSS 
85;1265;6.5;0;VOLKSWAGEN;GAC4DKRFX0-FD7FD7CW001N7CPON1VL1CVR2NB;GOLF / 1.0 / TSI AUT.;Nemcija;DEU;osebni avtomobil;198;karavan;GOLF 
85;1434;6.6;0;AUDI;LBLFF1-FM6AG005R8P60T4N;A3 / 1.6 / FSI;Nemcija;DEU;osebni avtomobil;196;vozilo z dviûnimi vrati zadaj;A3 
85;1380;6.6;0;AUDI;LBAGF1-FM6AG005R8P60T2N;A3 / 1.6 / FSI;Nemcija;DEU;osebni avtomobil;196;vozilo z dviûnimi vrati zadaj;A3 
85;1340;6.6;0;AUDI;LBLFF1-FM6AG005R8P60T40GG;A3 / 1.6 / FSI;Nemcija;DEU;osebni avtomobil;196;vozilo z dviûnimi vrati zadaj;A3 
85;1339;6.6;0;AUDI;8P LBLPF1-FM6AG005R8P60T4N;A 3 / 1.6;Nemcija;DEU;osebni avtomobil;196;vozilo z dviûnimi vrati zadaj;A 3 
85;1325;6.6;0;AUDI;XDKRFF1-FD7FD7CW007RT11B177CPAEM1HA1;Q2 / 1.0 / TFSI AUT.;Nemcija;DEU;osebni avtomobil;197;karavan;Q2 
85;1300;6.6;0;AUDI;LBLFF1-FM6AG005R8P60T20GGM;A3 / 1.6 / FSI;Nemcija;DEU;osebni avtomobil;196;vozilo z dviûnimi vrati zadaj;A3 
85;1306;6.6;0;CHEVROLET;KHDE1-JCE5;AVEO / 1.6 / 16V AUT.;Koreja. republika;KOR;osebni avtomobil;178;vozilo z dviûnimi vrati zadaj;AVEO 
85;1724;6.6;1;FORD;WGR;GALAXY / 1.9 / TDI;Nemcija;DEU;osebni avtomobil;181;vecnamensko vozilo;GALAXY 
85;1344;6.6;0;FORD;DM2-HXDA;FOCUS C-MAX / 1.6;Nemcija;DEU;osebni avtomobil;186;vecnamensko vozilo;FOCUS C-MAX 
85;1279;6.6;0;FORD;DB3HXDA1H-5ABCLF;FOCUS / 1.6 /;Nemcija;DEU;osebni avtomobil;193;limuzina;FOCUS 
85;1279;6.6;0;FORD;DA3SIDA1S-5ABCLF;FOCUS / 1.6 /;Nemcija;DEU;osebni avtomobil;190;karavan;FOCUS 
85;1269;6.6;0;FORD;DM2-HXDA;FOCUS C-MAX / 1.6 /;Nemcija;DEU;osebni avtomobil;186;vecnamensko vozilo;FOCUS C-MAX 
85;1257;6.6;0;FORD;DA3SIDA1P-5ABCLF;FOCUS / 1.6 /;Nemcija;DEU;osebni avtomobil;190;vozilo z dviûnimi vrati zadaj;FOCUS 
85;1239;6.6;0;FORD;DA3HXDA1G-5ABCLF;FOCUS / 1.6 /;Nemcija;DEU;osebni avtomobil;190;vozilo z dviûnimi vrati zadaj;FOCUS 
85;1340;6.6;0;MERCEDES BENZ;Y2RBM2-DZBAA501;B / 180 /;Nemcija;DEU;osebni avtomobil;184;karavan;B 
85;1330;6.6;0;MERCEDES BENZ;Y2RBM2-DZAAA501;B / 180 /;Nemcija;DEU;osebni avtomobil;184;karavan;B 
85;1279;6.6;0;MERCEDES BENZ;X23GK2-FZACA500;A / 170 / AUT.;Nemcija;DEU;osebni avtomobil;183;karavan;A 
85;1260;6.6;0;MERCEDES BENZ;X2RBM2-DZACA512;A / 180 /;Nemcija;DEU;osebni avtomobil;188;karavan;A 
85;1260;6.6;0;MERCEDES BENZ;X33GK2-FZACA500;A / 170 / AUT.;Nemcija;DEU;osebni avtomobil;183;karavan;A 
85;1240;6.6;0;MERCEDES BENZ;X23GK2-DZACA500;A / 170 /;Nemcija;DEU;osebni avtomobil;188;karavan;A 
85;1210;6.6;0;MERCEDES BENZ;X33GK2-DZACA500;A / 170 /;Nemcija;DEU;osebni avtomobil;188;karavan;A 
85;1976;6.6;1;OPEL;3718-5JABC9;VIVARO 1.6 CDTI;Nemcija;DEU;osebni avtomobil;168;vecnamensko vozilo;VIVARO 1.6 CDTI
85;1505;6.6;0;OPEL;DK11-1A01A4DGAF7;ZAFIRA / 1.6 / 16V;Nemcija;DEU;osebni avtomobil;185;vecnamensko vozilo;ZAFIRA 
85;1471;6.6;0;OPEL;AAEDA13-BA2H4EHTA5;ASTRA / 1.6 /;Nemcija;DEU;osebni avtomobil;193;limuzina;ASTRA 
85;1471;6.6;0;OPEL;CAEDA13-BA1H4EHTA5;ASTRA / 1.6 / 16V;Nemcija;DEU;osebni avtomobil;188;vecnamensko vozilo;ASTRA 
85;1437;6.6;0;OPEL;AAEDA13-BA2H1EHTA5;ASTRA / 1.6 /;Nemcija;DEU;osebni avtomobil;193;limuzina;ASTRA 
85;1437;6.6;0;OPEL;CAEDA13-BA1H1EHTA5;ASTRA / 1.6 /;Nemcija;DEU;osebni avtomobil;188;vecnamensko vozilo;ASTRA 
85;1437;6.6;0;OPEL;DAEUA12-BA1H4EHTJ5;ASTRA / ST 1.6 /;Nemcija;DEU;osebni avtomobil;185;karavan;ASTRA 
85;1425;6.6;0;OPEL;JMXXFXX-B66PBX6YVVB;MOKKA / 1.6 /;Nemcija;DEU;osebni avtomobil;170;vecnamensko vozilo;MOKKA 
85;1315;6.6;0;OPEL;FS11-1A02A5EABN5;ASTRA / CAR. 1.6 / 16V;Nemcija;DEU;osebni avtomobil;191;karavan;ASTRA 
85;1306;6.6;0;OPEL;BS11-1A01A4CABB5;ASTRA / 1.6 / 16V;Nemcija;DEU;osebni avtomobil;191;limuzina;ASTRA 
85;1278;6.6;0;OPEL;FS11-1A11A5EABN5;ASTRA / CAR. 1.6 / 16V;Nemcija;DEU;osebni avtomobil;191;karavan;ASTRA 
85;1278;6.6;0;OPEL;BS11-1A11A5DABB5;ASTRA / 1.6 / 16V;Nemcija;DEU;osebni avtomobil;191;limuzina;ASTRA 
85;1270;6.6;0;OPEL;BS11-1A13ALEABM5;ASTRA / 1.6 / 16V;Nemcija;DEU;osebni avtomobil;191;vozilo z dviûnimi vrati zadaj;ASTRA 
85;1250;6.6;0;OPEL;KT11-1A18AVEABL5;ASTRA / 1.6 / 16V;Nemcija;DEU;osebni avtomobil;193;kupe;ASTRA 
85;1442;6.6;0;RENAULT;RFBKF2N96TA0600100;MEGANE / GRANDTOUR 1.3 / 16V;Francija;FRA;osebni avtomobil;195;karavan;MEGANE 
85;1915;6.6;1;SEAT;7MS-SEA8CAUYX01;ALHAMBRA / 1.9 / TDI;äpanija;ESP;osebni avtomobil;181;vecnamensko vozilo;ALHAMBRA 
85;1864;6.6;1;SEAT;BVKX0AFA8C-FM6FM62N0300GGR;ALHAMBRA / 1.9 / TDI;äpanija;ESP;osebni avtomobil;181;vecnamensko vozilo;ALHAMBRA 
85;1858;6.6;1;SEAT;AUYX0AFA8C-FM6FM62N027R;ALHAMBRA / 1.9 / TDI;äpanija;ESP;osebni avtomobil;181;vecnamensko vozilo;ALHAMBRA 
85;1857;6.6;1;SEAT;SEA8CAUYX01-NSGFM62N027R;ALHAMBRA / 1.9 / TDI;äpanija;ESP;osebni avtomobil;181;vecnamensko vozilo;ALHAMBRA 
85;1845;6.6;1;SEAT;AUYX0AFA8C-FM6FM62N027Q;ALHAMBRA / 1.9;äpanija;ESP;osebni avtomobil;181;limuzina;ALHAMBRA 
85;1843;6.6;1;SEAT;SEA8CAUYX01-NSGFM62N027Q;ALHAMBRA / 1.9 / TDI;äpanija;ESP;osebni avtomobil;181;vecnamensko vozilo;ALHAMBRA 
85;1768;6.6;1;SEAT;7MS-AUY;ALHAMBRA / 1.9 / TDI;äpanija;ESP;osebni avtomobil;181;vecnamensko vozilo;ALHAMBRA 
85;1683;6.6;1;SEAT;7MS;ALHAMBRA / 1.9;äpanija;ESP;osebni avtomobil;181;limuzina;ALHAMBRA 
85;1313;6.6;0;SEAT;XDKRFX0-FM6SFM6AJ0187CPVL1C18B;ATECA / 1.0 / TSI;äpanija;ESP;osebni avtomobil;183;karavan;ATECA 
85;1390;6.6;0;äKODA;AABLFX01-NFM5FM5AF008M;OCTAVIA / 1.6 / FSI;Ceöka republika;CZE;osebni avtomobil;198;limuzina;OCTAVIA 
85;1355;6.6;0;äKODA;ACBLFX01-NFM5FM5AF008;OCTAVIA / COMBI 1.6 / FSI;Ceöka republika;CZE;osebni avtomobil;198;karavan;OCTAVIA 
85;1344;6.6;0;äKODA;ACDKRFX0-NFM6FM6AJ0214BF150N1C7A;KAROQ / 1.0 / TSI;Ceöka republika;CZE;osebni avtomobil;187;karavan;KAROQ 
85;1418;6.6;0;TOYOTA;ZE1HE(EU.M)/NRE210(H)/NRE210L-DHFNZW(2A);COROLLA / 1.2T /;Zdruûeno kraljestvo;GBR;osebni avtomobil;200;vozilo z dviûnimi vrati zadaj;COROLLA 
85;1369;6.6;0;TOYOTA;E15UT(a)/NRE185(H)/NRE185L-DHFNZW(7X);AURIS / 1.2T;Zdruûeno kraljestvo;GBR;osebni avtomobil;200;vozilo z dviûnimi vrati zadaj;AURIS 
85;1879;6.6;1;VOLKSWAGEN;BVKX0AFA8C-FM6FM62N0300GGR;SHARAN / 1.9 / TDI;Nemcija;DEU;osebni avtomobil;181;vecnamensko vozilo;SHARAN 
85;1870;6.6;1;VOLKSWAGEN;AUYX0AFA8C-FM6FM62N027R;SHARAN / 1.9 / TDI;Nemcija;DEU;osebni avtomobil;181;vecnamensko vozilo;SHARAN 
85;1825;6.6;1;VOLKSWAGEN;7MBVKX0AFA8C-FM6FM62N0300GGQ;SHARAN / 1.9 / TDI;Nemcija;DEU;osebni avtomobil;181;vecnamensko vozilo;SHARAN 
85;1792;6.6;1;VOLKSWAGEN;SEA8CAUYX01-NSGFM62N027R;SHARAN / 1.9 / TDI;Nemcija;DEU;osebni avtomobil;181;vecnamensko vozilo;SHARAN 
85;1787;6.6;1;VOLKSWAGEN;7M;SHARAN / 1.9 / TDI;Nemcija;DEU;osebni avtomobil;181;vecnamensko vozilo;SHARAN 
85;1785;6.6;1;VOLKSWAGEN;7M / SEA8CAUYX01 /  NSGFM62N027R;SHARAN / 1.9 / TDI;Nemcija;DEU;osebni avtomobil;181;vecnamensko vozilo;SHARAN 
85;1724;6.6;1;VOLKSWAGEN;SEA8CAUYX01-NSGFM62N027S;SHARAN / 1.9 / TDI;Nemcija;DEU;osebni avtomobil;181;vecnamensko vozilo;SHARAN 
85;1722;6.6;1;VOLKSWAGEN;SEA8CAUYX01-NSGFM62N027Q;SHARAN / 1.9 / TDI;Nemcija;DEU;osebni avtomobil;181;vecnamensko vozilo;SHARAN 
85;1683;6.6;1;VOLKSWAGEN;7M;SHARAN / 1.9;Nemcija;DEU;osebni avtomobil;181;limuzina;SHARAN 
85;1683;6.6;1;VOLKSWAGEN;SEA8CAUYX01-NSGFM62N003Q;SHARAN / 1.9 / TDI;Nemcija;DEU;osebni avtomobil;181;vecnamensko vozilo;SHARAN 
85;1370;6.6;0;VOLKSWAGEN;ABBAGX01-FM6AG005M4;GOLF / 1.6 / FSI;Nemcija;DEU;osebni avtomobil;192;vozilo z dviûnimi vrati zadaj;GOLF 
85;1316;6.6;0;VOLKSWAGEN;ABBAGXO1;GOLF / 1.6 / FSI;Nemcija;DEU;osebni avtomobil;181;vozilo z dviûnimi vrati zadaj;GOLF 
85;1304;6.6;0;VOLKSWAGEN;1KABBAGX01-FM6AG005M2;GOLF / 1.6 / FSI;Nemcija;DEU;osebni avtomobil;192;vozilo z dviûnimi vrati zadaj;GOLF 
85;1265;6.6;0;VOLKSWAGEN;GAC4DKRFX0-FD7FD7CW001N7CPON1VL1CVR2NB;GOLF / 1.0 / TSI AUT.;Nemcija;DEU;osebni avtomobil;198;karavan;GOLF 
85;1264;6.6;0;VOLKSWAGEN;ABBLPX01-FM6FM6AG005M20GG;GOLF / 1.6 / FSI;Nemcija;DEU;osebni avtomobil;192;vozilo z dviûnimi vrati zadaj;GOLF 
85;1251;6.6;0;VOLKSWAGEN;1K ABBAGX01-FM6AG005M2;GOLF / 1.6;Nemcija;DEU;osebni avtomobil;192;vozilo z dviûnimi vrati zadaj;GOLF 
85;1535;6.7;1;AUDI;C4;A6 / 2.5 / TDI;Nemcija;DEU;osebni avtomobil;195;limuzina;A6 
85;1413;6.7;0;AUDI;LBLFF1-FM6AG005R8P60T4N;A3 / 1.6 / FSI;Nemcija;DEU;osebni avtomobil;196;vozilo z dviûnimi vrati zadaj;A3 
85;1340;6.7;0;AUDI;8P;A3 / 1.6 / FSI;Nemcija;DEU;osebni avtomobil;196;vozilo z dviûnimi vrati zadaj;A3 
85;1344;6.7;0;FORD;DM2-SIDA1E5AB;C-MAX / 1.6 /;Nemcija;DEU;osebni avtomobil;186;vecnamensko vozilo;C-MAX 
85;1615;6.7;1;MERCEDES BENZ;210.007-J00DF0TGBBA50;E / 200 / CDI AUT.;Nemcija;DEU;osebni avtomobil;197;limuzina;E 
85;1555;6.7;1;MERCEDES BENZ;203KR20DF0-JDAAA50;C / 200 T / CDI;Nemcija;DEU;osebni avtomobil;202;karavan;C 
85;1555;6.7;1;MERCEDES BENZ;203K;C / 200 / CDI;Nemcija;DEU;osebni avtomobil;197;karavan;C 
85;1530;6.7;1;MERCEDES BENZ;203;C / 200 / CDI;Nemcija;DEU;osebni avtomobil;198;limuzina;C 
85;1240;6.7;0;MERCEDES BENZ;X23GK2-DVAAA501;A / 170 /;Nemcija;DEU;osebni avtomobil;188;karavan;A 
85;1210;6.7;0;MERCEDES BENZ;X33GK2-DZACA501;A / 170 /;Nemcija;DEU;osebni avtomobil;188;karavan;A 
85;1150;6.7;0;MINI;RC31-31;COOPER / /;Nemcija;DEU;osebni avtomobil;200;vozilo z dviûnimi vrati zadaj;COOPER 
85;1150;6.7;0;MINI;MINIRC31-31;MINI / COOPER /;Nemcija;DEU;osebni avtomobil;200;vozilo z dviûnimi vrati zadaj;MINI 
85;1125;6.7;0;MINI;RC31-01;COOPER / /;Nemcija;DEU;osebni avtomobil;200;vozilo z dviûnimi vrati zadaj;COOPER 
85;1125;6.7;0;MINI;R50;COOPER;Nemcija;DEU;osebni avtomobil;200;vozilo z dviûnimi vrati zadaj;COOPER
85;1050;6.7;0;MINI;RC31-31;MINI COOPER / /;Nemcija;DEU;osebni avtomobil;200;vozilo z dviûnimi vrati zadaj;MINI COOPER 
85;1571;6.7;0;OPEL;BP11-1AABA2BAAM7;ZAFIRA / 1.6 / 16V;Nemcija;DEU;osebni avtomobil;185;vecnamensko vozilo;ZAFIRA 
85;1550;6.7;0;OPEL;BP11-1AAAA2BAAM7;ZAFIRA / 1.6 / 16V;Nemcija;DEU;osebni avtomobil;185;vecnamensko vozilo;ZAFIRA 
85;1471;6.7;0;OPEL;DAEDA13-BA1H4EHTA5;ASTRA / CAR. 1.6 / 16V;Nemcija;DEU;osebni avtomobil;185;karavan;ASTRA 
85;1437;6.7;0;OPEL;CAEUA13-BA1H1EHTJ5;ASTRA / 1.6 /;Nemcija;DEU;osebni avtomobil;188;vozilo z dviûnimi vrati zadaj;ASTRA 
85;1393;6.7;0;OPEL;AAEUA13-BA2G5EHTJ5;ASTRA / 1.6 /;Nemcija;DEU;osebni avtomobil;193;limuzina;ASTRA 
85;1355;6.7;0;OPEL;JMXXFXX-B66PBX6YWWB;MOKKA / 1.6 /;Nemcija;DEU;osebni avtomobil;170;vecnamensko vozilo;MOKKA 
85;1315;6.7;0;OPEL;FS11-1A02A5EABM5;ASTRA / CAR. 1.6 / 16V;Nemcija;DEU;osebni avtomobil;191;karavan;ASTRA 
85;1278;6.7;0;OPEL;FS11-1A11A5EABM5;ASTRA / CAR. 1.6 / 16V;Nemcija;DEU;osebni avtomobil;191;karavan;ASTRA 
85;1845;6.7;1;RENAULT;JK0UA6;ESPACE / 1.9 / DCI;Francija;FRA;osebni avtomobil;180;vecnamensko vozilo;ESPACE 
85;1520;6.7;0;RENAULT;RFAJF2N96TA0P15000;SCENIC / 1.3 / 16V;Francija;FRA;osebni avtomobil;193;vozilo z dviûnimi vrati zadaj;SCENIC 
85;1476;6.7;0;TOYOTA;ZE1HE(EU.M)/NRE210(W)/NRE210L-DWFNZW(2A);COROLLA / 1.2T / TS;Zdruûeno kraljestvo;GBR;osebni avtomobil;195;karavan;COROLLA 
85;1376;6.7;0;TOYOTA;E15UT(a)/NRE185(H)/NRE185L-DHFSZW(6X);AURIS / 1.2T;Zdruûeno kraljestvo;GBR;osebni avtomobil;200;vozilo z dviûnimi vrati zadaj;AURIS 
85;1724;6.7;1;VOLKSWAGEN;BVKX0AFA8C-FM6FM62N0300GGS;SHARAN / 1.9 / TDI;Nemcija;DEU;osebni avtomobil;181;vecnamensko vozilo;SHARAN 
85;1382;6.7;0;VOLKSWAGEN;ABBLFX0-FM6FM6AG005M40GGS1;GOLF / 1.6 / FSI;Nemcija;DEU;osebni avtomobil;192;vozilo z dviûnimi vrati zadaj;GOLF 
85;1345;6.7;0;VOLKSWAGEN;ABBLFX0-FM6FM6AG005M40GGN1;GOLF / 1.6;Nemcija;DEU;osebni avtomobil;192;vozilo z dviûnimi vrati zadaj;GOLF 
85;1307;6.7;0;VOLKSWAGEN;1K;GOLF / 1.6 / FSI;Nemcija;DEU;osebni avtomobil;192;vozilo z dviûnimi vrati zadaj;GOLF 
85;1295;6.7;0;VOLKSWAGEN;ABBLFX0-FM6FM6AG005M40GGN1;GOLF / 1.6 / FSI;Nemcija;DEU;osebni avtomobil;192;vozilo z dviûnimi vrati zadaj;GOLF 
85;1259;6.7;0;VOLKSWAGEN;ABBLFX0-FM6FM6AG0050GGN1;GOLF / 1.6 / FSI;Nemcija;DEU;osebni avtomobil;192;vozilo z dviûnimi vrati zadaj;GOLF 
85;1259;6.7;0;VOLKSWAGEN;ACBLFX0-FM6FM6AG005N0GGN1;GOLF / 1.6 / FSI;Nemcija;DEU;osebni avtomobil;192;karavan;GOLF 
85;1470;6.8;1;AUDI;B5-AJM;A 4 / AVANT 1.9;Nemcija;DEU;osebni avtomobil;192;karavan;A 4 
85;1505;6.8;1;BMW;EU71-02;318 / / d AUT.;Nemcija;DEU;osebni avtomobil;199;limuzina;318
85;1344;6.8;0;FORD;DM2-HXDA;FOCUS C-MAX / 1.6 /;Nemcija;DEU;osebni avtomobil;186;vecnamensko vozilo;FOCUS C-MAX 
85;1344;6.8;0;FORD;DM2-HXDA1E5A;C-MAX / 1.6 /;Nemcija;DEU;osebni avtomobil;186;vecnamensko vozilo;C-MAX 
85;1310;6.8;0;MERCEDES BENZ;Y23GK2-DZAAA500;B / 170 /;Nemcija;DEU;osebni avtomobil;184;karavan;B 
85;1240;6.8;0;MERCEDES BENZ;X23GK2-DVAAA512;A / 170 /;Nemcija;DEU;osebni avtomobil;188;karavan;A 
85;1150;6.8;0;MINI;RC31-31;COOPER / /;Nemcija;DEU;osebni avtomobil;200;vozilo z dviûnimi vrati zadaj;COOPER 
85;1150;6.8;0;MINI;MINIRC31-31;COOPER;Nemcija;DEU;osebni avtomobil;200;vozilo z dviûnimi vrati zadaj;COOPER
85;1150;6.8;0;MINI;MINIRC31;MINI / COOPER /;Nemcija;DEU;osebni avtomobil;200;vozilo z dviûnimi vrati zadaj;MINI 
85;1190;6.8;0;MITSUBISHI;DA2AS;CARISMA / 1.8;Nizozemska;NLD;osebni avtomobil;200;limuzina;CARISMA 
85;1495;6.8;0;OPEL;PT11-1A12ADVABX4;ASTRA / 1.6 / 16V;Nemcija;DEU;osebni avtomobil;192;kabriolet;ASTRA 
85;1306;6.8;0;OPEL;BS11-1A01A4CABA5;ASTRA / 1.6 / 16V;Nemcija;DEU;osebni avtomobil;191;limuzina;ASTRA 
85;1845;6.8;1;RENAULT;JK0UA6;ESPACE / 1.9 / DCI;Francija;FRA;osebni avtomobil;180;vecnamensko vozilo;ESPACE 
85;1770;6.8;1;RENAULT;JK0U-A6;ESPACE / 1.9 / DCI;Francija;FRA;osebni avtomobil;180;vecnamensko vozilo;ESPACE 
85;1534;6.8;0;RENAULT;RFAJF2N96TA0P15000;SCENIC / 1.3 / 16V;Francija;FRA;osebni avtomobil;193;vozilo z dviûnimi vrati zadaj;SCENIC 
85;1534;6.8;0;RENAULT;RFAJF2N96TA0115000;SCENIC / 1.3 / 16V;Francija;FRA;osebni avtomobil;182;vozilo z dviûnimi vrati zadaj;SCENIC 
85;1505;6.8;0;RENAULT;RFAJF2N96TA0115000;SCENIC / 1.3 / 16V;Francija;FRA;osebni avtomobil;193;vozilo z dviûnimi vrati zadaj;SCENIC 
85;1505;6.8;1;RENAULT;JMSG-06;SCENIC / 1.9 / DCI;Francija;FRA;osebni avtomobil;188;vecnamensko vozilo;SCENIC 
85;1313;6.8;0;SEAT;XDKRFX0-FM6SFM6AJ0214BFVL1C18A;ATECA / 1.0 / TSI;äpanija;ESP;osebni avtomobil;183;karavan;ATECA 
85;1489;6.8;0;TOYOTA;ZE1HE(EU.M)/NRE210(W)/NRE210L-DWFGZW(2A);COROLLA / 1.2T / TS;Zdruûeno kraljestvo;GBR;osebni avtomobil;195;karavan;COROLLA 
85;1458;6.8;0;TOYOTA;AX1T(EU.M)/NGX10(H)/NGX10L-AHFNXW(2B);C-HR / 1.2T /;Turcija;TUR;osebni avtomobil;190;vozilo z dviûnimi vrati zadaj;C-HR 
85;1456;6.8;0;TOYOTA;AX1T(EU.M)/NGX10(H)/NGX10L-AHFNXW(1E);C-HR / 1.2T /;Turcija;TUR;osebni avtomobil;190;vozilo z dviûnimi vrati zadaj;C-HR 
85;1454;6.8;0;TOYOTA;AX1T(EU.M)/NGX10(H)/NGX10L-AHFDXW(1D);C-HR / 1.2T /;Turcija;TUR;osebni avtomobil;190;vozilo z dviûnimi vrati zadaj;C-HR 
85;1683;6.8;1;VOLKSWAGEN;7M;SHARAN / 1.9 / TDI;Nemcija;DEU;osebni avtomobil;181;limuzina;SHARAN 
85;1375;6.9;0;BMW;346KAT51-31;316 / COMPACT / TI;Nemcija;DEU;osebni avtomobil;201;vozilo z dviûnimi vrati zadaj;316
85;1300;6.9;0;BMW;AT-51;316 / TI / COMPACT;Nemcija;DEU;osebni avtomobil;201;vozilo z dviûnimi vrati zadaj;316
85;1344;6.9;0;FORD;DM2-HXDA;FOCUS C-MAX / 1.6 /;Nemcija;DEU;osebni avtomobil;186;vecnamensko vozilo;FOCUS C-MAX 
85;1279;6.9;0;MERCEDES BENZ;X23GK2-FZACA501;A / 180 / AUT.;Nemcija;DEU;osebni avtomobil;183;karavan;A 
85;1150;6.9;0;MINI;RC31-31;COOPER / /;Nemcija;DEU;osebni avtomobil;200;vozilo z dviûnimi vrati zadaj;COOPER 
85;1150;6.9;0;MINI;RC31-31;COOPER;Nemcija;DEU;osebni avtomobil;200;vozilo z dviûnimi vrati zadaj;COOPER
85;1125;6.9;0;MINI;RC31-01;COOPER / /;Nemcija;DEU;osebni avtomobil;200;vozilo z dviûnimi vrati zadaj;COOPER 
85;1495;6.9;0;OPEL;PT11-1A12ADVABW4;ASTRA / 1.6 / 16V;Nemcija;DEU;osebni avtomobil;192;kabriolet;ASTRA 
85;1425;6.9;0;OPEL;JMXXFXX-B66PBX6YWWB;MOKKA / 1.6 /;Nemcija;DEU;osebni avtomobil;170;vecnamensko vozilo;MOKKA 
85;1594;6.9;0;RENAULT;RFARF2N96TA0G17000;GRAND SCENIC / 1.3 / 16V;Francija;FRA;osebni avtomobil;190;vozilo z dviûnimi vrati zadaj;GRAND SCENIC 
85;1573;6.9;0;RENAULT;RFARF2N96TA0115000;GRAND SCENIC / 1.3 / 16V;Francija;FRA;osebni avtomobil;182;vozilo z dviûnimi vrati zadaj;GRAND SCENIC 
85;1565;6.9;0;RENAULT;RFARF2N96TA0115000;GRAND SCENIC / 1.3 / 16V;Francija;FRA;osebni avtomobil;190;vozilo z dviûnimi vrati zadaj;GRAND SCENIC 
85;1467;6.9;0;TOYOTA;AX1T(EU.M)/NGX10(H)/NGX10L-AHFGXW(1B);C-HR / 1.2T /;Turcija;TUR;osebni avtomobil;190;vozilo z dviûnimi vrati zadaj;C-HR 
85;1259;6.9;0;VOLKSWAGEN;ABBLFX0-FM6FM6AG005M20GGN1;GOLF / 1.6 / FSI;Nemcija;DEU;osebni avtomobil;192;vozilo z dviûnimi vrati zadaj;GOLF 
85;1385;7.1;0;BMW;EY31-31;316 / / i;Nemcija;DEU;osebni avtomobil;206;limuzina;316
85;1580;7.1;1;MERCEDES BENZ;R20DF0-TCAAA500;C / 200 / CDI AUT.;Nemcija;DEU;osebni avtomobil;209;karavan;C 
85;1360;7.1;0;MERCEDES BENZ;Y23GK2-FZAAA500;B / 170 / AUT.;Nemcija;DEU;osebni avtomobil;180;karavan;B 
85;1310;7.1;0;MERCEDES BENZ;Y23GK2-DZAAA501;B / 170 /;Nemcija;DEU;osebni avtomobil;184;karavan;B 
85;1235;7.1;0;MERCEDES BENZ;245;B / 170;Nemcija;DEU;osebni avtomobil;184;karavan;B 
85;1505;7.1;0;OPEL;BK11-1A01A2BAAM7;ZAFIRA / 1.6 / 16V;Nemcija;DEU;osebni avtomobil;185;vecnamensko vozilo;ZAFIRA 
85;1505;7.1;0;OPEL;BK11-1A01A2BAAM7;ZAFIRA / 1.6 / 16V;Nemcija;DEU;osebni avtomobil;176;vecnamensko vozilo;ZAFIRA 
85;1503;7.1;0;OPEL;CAEDA12-BA1J1AAKA5;ASTRA / 1.6 / AUT;Nemcija;DEU;osebni avtomobil;182;vecnamensko vozilo;ASTRA 
85;1471;7.1;0;OPEL;BD11-1AABA6ALLJA5;ASTRA / 1.6 / 16V AUT.;Nemcija;DEU;osebni avtomobil;182;vecnamensko vozilo;ASTRA 
85;1443;7.1;0;OPEL;BD11-1A06A6ALLJA5;ASTRA / 1.6 / 16V AUT.;Nemcija;DEU;osebni avtomobil;182;vecnamensko vozilo;ASTRA 
85;1443;7.1;0;OPEL;BD11-1A03A6ALLJA5;ASTRA / 1.6 / 16V AUT.;Nemcija;DEU;osebni avtomobil;182;vozilo za posebne namene;ASTRA 
85;1898;7.1;1;SEAT;SEA8CAUYX11-NSGQM62N006S;ALHAMBRA / 1.9 / TDI 4M;äpanija;ESP;osebni avtomobil;178;vecnamensko vozilo;ALHAMBRA 
85;1784;7.1;1;SEAT;BVKX1AFA8C-AM6AM62N0020GG;ALHAMBRA / 1.9 / TDI 4M;äpanija;ESP;osebni avtomobil;178;vecnamensko vozilo;ALHAMBRA 
85;1656;7.1;1;TOYOTA;CLA21L-AWMNYW(2F);RAV 4 / 2.0;Japonska ;JPN;osebni avtomobil;170;karavan;RAV 4 
85;1565;7.1;1;TOYOTA;CLA21L-AWMNYW(2F);RAV 4 / 2.0 / D;Japonska ;JPN;osebni avtomobil;170;vecnamensko vozilo;RAV 4 
85;1520;7.1;1;TOYOTA;CLA21L-AWMNYW;RAV 4 / 2.0 / D-4D;Belgija;BEL;osebni avtomobil;170;karavan;RAV 4 
85;1505;7.1;1;TOYOTA;CLA21L-AWMNYW;RAV4 / 2.0 / D-4D;Japonska ;JPN;osebni avtomobil;170;karavan;RAV4 
85;1505;7.1;1;TOYOTA;CLA21L-AWMNYW(1C);RAV4 / 2.0 / D-4D;Japonska ;JPN;osebni avtomobil;170;limuzina;RAV4 
85;1505;7.1;1;TOYOTA;CLA21L-AWMNYW(2C);RAV 4 / 2.0 / D-4D;Japonska ;JPN;osebni avtomobil;170;karavan;RAV 4 
85;1505;7.1;1;TOYOTA;CLA21L-AWMNYW;RAV4 / 2.0 / D-4D;Japonska ;JPN;osebni avtomobil;170;vecnamensko vozilo;RAV4 
85;1500;7.1;1;TOYOTA;CLA20L-AZMNYW(2F);RAV 4 / 2.0 / D;Japonska ;JPN;osebni avtomobil;170;vecnamensko vozilo;RAV 4 
85;1485;7.1;1;TOYOTA;CLA21L-AWMNYW;RAV4 / 2.0 / D4D;Japonska ;JPN;osebni avtomobil;170;vecnamensko vozilo;RAV4 
85;1450;7.1;1;TOYOTA;CLA20L-AZMNYW(1F);RAV 4 / 2.0 / D;Japonska ;JPN;osebni avtomobil;170;vecnamensko vozilo;RAV 4 
85;1445;7.1;1;TOYOTA;CLA21L-AWMNYW(1E);RAV 4 / 2.0 / D-4D;Japonska ;JPN;osebni avtomobil;170;karavan;RAV 4 
85;1445;7.1;1;TOYOTA;A2CLA21L-AWMNYW;RAV 4 / 2.0;Japonska ;JPN;osebni avtomobil;170;limuzina;RAV 4 
85;1445;7.1;1;TOYOTA;A2-CLA21L;RAV4 / 2.0;Japonska ;JPN;osebni avtomobil;170;limuzina;RAV4 
85;1445;7.1;1;TOYOTA;A2CLA21L-AWMNYW(2F);RAV 4 / 2.0;Japonska ;JPN;osebni avtomobil;170;vecnamensko vozilo;RAV 4 
85;1445;7.1;1;TOYOTA;CLA21L-AWMNYW(1B);RAV 4 / 2.0 /;Belgija;BEL;osebni avtomobil;170;limuzina;RAV 4 
85;1430;7.1;1;TOYOTA;CLA21L-AWMNYW(2D);RAV 4 / 2.0 / D;Japonska ;JPN;osebni avtomobil;170;limuzina;RAV 4 
85;1430;7.1;1;TOYOTA;CLA21L-AWMNYW(2E);RAV4 / 2.0 / D-4D;Japonska ;JPN;osebni avtomobil;170;karavan;RAV4 
85;1430;7.1;1;TOYOTA;CLA21L;RAV 4 / 2.0 / D;Japonska ;JPN;osebni avtomobil;170;vecnamensko vozilo;RAV 4 
85;1385;7.1;1;TOYOTA;CLA20L-AZMNYW(2F);RAV4 / 2.0 / D-4D;Japonska ;JPN;osebni avtomobil;170;limuzina;RAV4 
85;1385;7.1;1;TOYOTA;CLA20L-AZMNYW(2F);RAV 4 / 2.0;Japonska ;JPN;osebni avtomobil;170;karavan;RAV 4 
85;1370;7.1;1;TOYOTA;CLA21L-AWMNYW(2E);RAV 4 / 2.0;Japonska ;JPN;osebni avtomobil;170;karavan;RAV 4 
85;1370;7.1;1;TOYOTA;CLA21L-AWMNYW(2E);RAV 4 / 2.0 / D-4D;Japonska ;JPN;osebni avtomobil;170;limuzina;RAV 4 
85;1370;7.1;1;TOYOTA;CLA21L-AWMNYW(1B);RAV 4 / 2.0 / D-4D;Belgija;BEL;osebni avtomobil;170;limuzina;RAV 4 
85;1370;7.1;1;TOYOTA;CLA21L-AWMNYW(2B);RAV 4 / 2.0 / D-4D;Belgija;BEL;osebni avtomobil;170;karavan;RAV 4 
85;1969;7.1;1;VOLKSWAGEN;AUYX1AFA8C-AM6QM62N0130GES;SHARAN / 1.9 / TDI 4M;Nemcija;DEU;osebni avtomobil;178;vecnamensko vozilo;SHARAN 
85;1967;7.1;1;VOLKSWAGEN;7MSEA8CAUYX11-NSGQM62N013S;SHARAN / 1.9 / TDI 4M;Nemcija;DEU;osebni avtomobil;178;vecnamensko vozilo;SHARAN 
85;1924;7.1;1;VOLKSWAGEN;AUYX1ACA8F-AM6QM62N0130GES;SHARAN / 1.9 / TDI 4M;Nemcija;DEU;osebni avtomobil;178;karavan;SHARAN 
85;1887;7.1;1;VOLKSWAGEN;7M;SHARAN / 1.9 / TDI;Nemcija;DEU;osebni avtomobil;178;vecnamensko vozilo;SHARAN 
85;1784;7.1;1;VOLKSWAGEN;BVKX1AFA8C-AM6AM62N0020GGS;SHARAN / 1.9 / TDI 4M;Nemcija;DEU;osebni avtomobil;178;vecnamensko vozilo;SHARAN 
85;1757;7.1;1;VOLKSWAGEN;BVKX0AFA8C-FA5FA59B0240GG;SHARAN / 1.9 / TDI AUT.;Nemcija;DEU;osebni avtomobil;177;vecnamensko vozilo;SHARAN 
85;1682;7.2;1;FORD;WGR-AUY;GALAXY / 1.9 / TDI AUT.;Nemcija;DEU;osebni avtomobil;177;vecnamensko vozilo;GALAXY 
85;1666;7.2;1;FORD;WGR;GALAXY / 1.9 / TDI;Nemcija;DEU;osebni avtomobil;181;limuzina;GALAXY 
85;1473;7.2;0;MAZDA;CWA986;MAZDA5 / 1.8 i / 7S;Japonska ;JPN;osebni avtomobil;182;vecnamensko vozilo;MAZDA5 
85;1664;7.2;0;OPEL;EAGBA11-BA2M3CAWA7;ZAFIRA / 1.8 / 16V;Nemcija;DEU;osebni avtomobil;185;vecnamensko vozilo;ZAFIRA 
85;1571;7.2;0;OPEL;DAEDA11-BA1K2ABRA5;ASTRA / CAR. 1.6 / 16V AUT.;Nemcija;DEU;osebni avtomobil;180;vecnamensko vozilo;ASTRA 
85;1385;7.2;1;TOYOTA;A2;RAV4 / 2.0;Japonska ;JPN;osebni avtomobil;170;limuzina;RAV4 
85;1393;7.2;0;VOLKSWAGEN;AFBLFX0-FM6FM6AG006N0GGN1;GOLF PLUS / 1.6 / FSI;Nemcija;DEU;osebni avtomobil;189;vecnamensko vozilo;GOLF PLUS 
85;1465;7.3;0;BMW;AX31-31;316 / TOURING / i;Nemcija;DEU;osebni avtomobil;200;karavan;316
85;1370;7.3;0;MERCEDES BENZ;Y23GM2-FZBAA510;B / 180 / AUT.;Nemcija;DEU;osebni avtomobil;180;karavan;B 
85;1360;7.3;0;MERCEDES BENZ;Y23GK2-FZAAA501;B / 180 / AUT.;Nemcija;DEU;osebni avtomobil;180;karavan;B 
85;1250;7.3;0;MINI;RF31-31;COOPER / CABRIO /;Nemcija;DEU;osebni avtomobil;193;kabriolet;COOPER 
85;1250;7.3;0;MINI;RF31-31;COOPER;Nemcija;DEU;osebni avtomobil;193;kabriolet;COOPER
85;1165;7.3;0;PEUGEOT;DDNFP9;301 / 1.6 / AUT.;Francija;FRA;osebni avtomobil;188;limuzina;301
85;1475;7.3;0;TOYOTA;AX1T(EU.M)/NGX10(H)/NGX10L-AHXKXW(1E);C-HR / 1.2T / CVT;Turcija;TUR;osebni avtomobil;185;vozilo z dviûnimi vrati zadaj;C-HR 
85;1471;7.3;0;TOYOTA;AX1T(EU.M)/NGX10(H)/NGX10L-AHXNXW(1B);C-HR / 1.2T / CVT;Turcija;TUR;osebni avtomobil;185;vozilo z dviûnimi vrati zadaj;C-HR 
85;1784;7.3;1;VOLKSWAGEN;AUYX1AFA8C-AM6QM62N0130GER;SHARAN / 1.9 / TDI 4M;Nemcija;DEU;osebni avtomobil;178;vecnamensko vozilo;SHARAN 
85;1573;7.3;0;VOLKSWAGEN;AFBLFX0-FM6FM6AG006N0GGN1;GOLF PLUS / 1.6 / FSI;Nemcija;DEU;osebni avtomobil;189;vecnamensko vozilo;GOLF PLUS 
85;1483;7.3;0;VOLKSWAGEN;1KPAFBLFX0-FM6FM6AG006N0GGN1;GOLF PLUS / 1.6 / FSI;Nemcija;DEU;osebni avtomobil;189;vecnamensko vozilo;GOLF PLUS 
85;1455;7.3;0;VOLKSWAGEN;AFBLFX0-FM6FM6AG006N0GGN1;GOLF PLUS / 1.6;Nemcija;DEU;osebni avtomobil;189;limuzina;GOLF PLUS 
85;1845;7.4;1;FORD;WGR-AUY17DQ;GALAXY / 1.9 / TDI AUT.;Nemcija;DEU;osebni avtomobil;177;vecnamensko vozilo;GALAXY 
85;1418;7.4;0;NISSAN;P12-F01;PRIMERA / WAGON 1.8;Zdruûeno kraljestvo;GBR;osebni avtomobil;194;karavan;PRIMERA 
85;1381;7.4;0;NISSAN;P12-K02;PRIMERA / 1.8 /;Zdruûeno kraljestvo;GBR;osebni avtomobil;194;vozilo z dviûnimi vrati zadaj;PRIMERA 
85;1368;7.4;0;NISSAN;P12-B01;PRIMERA / 1.8 /;Zdruûeno kraljestvo;GBR;osebni avtomobil;194;limuzina;PRIMERA 
85;1330;7.4;0;NISSAN;BBAP12-B01;PRIMERA / 1.8;Zdruûeno kraljestvo;GBR;osebni avtomobil;194;limuzina;PRIMERA 
85;1757;7.4;1;SEAT;BVKX0AFA8C-FA5FA59B0240GG;ALHAMBRA / 1.9 / TDI AUT.;äpanija;ESP;osebni avtomobil;177;vecnamensko vozilo;ALHAMBRA 
85;1784;7.4;1;VOLKSWAGEN;BVKX1AFA8C-AM6AM62N0020GG;SHARAN / 1.9 / TDI 4M;Nemcija;DEU;osebni avtomobil;178;vecnamensko vozilo;SHARAN 
85;1765;7.4;1;VOLKSWAGEN;7M-AUY;SHARAN / 1.9 / TDI;Nemcija;DEU;osebni avtomobil;177;vecnamensko vozilo;SHARAN 
85;1757;7.4;1;VOLKSWAGEN;BVKX0AFA8C-FA5FA59B0240GG;SHARAN / 1.9 / TDI AUT.;Nemcija;DEU;osebni avtomobil;177;vecnamensko vozilo;SHARAN 
85;1320;7.5;0;BMW;UE11-01;116 / / i;Nemcija;DEU;osebni avtomobil;200;karavan;116
85;1320;7.5;0;BMW;187UF11-01;116 / I;Nemcija;DEU;osebni avtomobil;200;vozilo z dviûnimi vrati zadaj;116
85;1320;7.5;0;BMW;187-UF-01;316 / I;Nemcija;DEU;osebni avtomobil;200;karavan;316
85;1280;7.5;0;BMW;UF11-31;BMW / 116 / / I;Nemcija;DEU;osebni avtomobil;200;limuzina;BMW 
85;1280;7.5;0;BMW;UF11-01;116 / / I;Nemcija;DEU;osebni avtomobil;200;karavan;116
85;1118;7.5;0;FORD;DFW-EYDB;FOCUS / 1.8;Nemcija;DEU;osebni avtomobil;198;limuzina;FOCUS 
85;1475;7.5;0;MAZDA;CR1982;MAZDA 5 / 1.8 / i / 5S;Japonska ;JPN;osebni avtomobil;182;vecnamensko vozilo;MAZDA 5 
85;1370;7.5;0;MERCEDES BENZ;Y23GM2-FZBAA501;B / 180 / AUT.;Nemcija;DEU;osebni avtomobil;180;karavan;B 
85;1268;7.5;0;NISSAN;N16-S01;ALMERA / 1.8 /;Francija;FRA;osebni avtomobil;186;vozilo z dviûnimi vrati zadaj;ALMERA 
85;1262;7.5;0;NISSAN;N16-S05;ALMERA / 1.8;Japonska ;JPN;osebni avtomobil;186;vozilo z dviûnimi vrati zadaj;ALMERA 
85;1262;7.5;0;NISSAN;N16-S05;ALMERA / 1.8 /;Zdruûeno kraljestvo;GBR;osebni avtomobil;186;vozilo z dviûnimi vrati zadaj;ALMERA 
85;1886;7.5;1;SEAT;SEA8CAUYX11-NSGQM62N013S;ALHAMBRA / 1.9;äpanija;ESP;osebni avtomobil;178;vecnamensko vozilo;ALHAMBRA 
85;1445;7.5;1;TOYOTA;A2;RAV4 / 2.0 / D4D;Japonska ;JPN;osebni avtomobil;170;karavan;RAV4 
85;1949;7.5;1;VOLKSWAGEN;7M SEA8CAUYX11-NSGQM62N013S;SHARAN / 1.9;Nemcija;DEU;osebni avtomobil;178;limuzina;SHARAN 
85;1912;7.5;1;VOLKSWAGEN;7MSEA8CAUYX11-NSGQM62N013S;SHARAN / 1.9 / TDI;Nemcija;DEU;osebni avtomobil;177;vecnamensko vozilo;SHARAN 
85;1884;7.5;1;VOLKSWAGEN;AUYX1AFA8C-AM6QM62N0130GES;SHARAN / 1.9 / TDI 4M;Nemcija;DEU;osebni avtomobil;178;vecnamensko vozilo;SHARAN 
85;1784;7.5;1;VOLKSWAGEN;AUYX1AFA8C-AM6QM62N013S;SHARAN / 1.9 / TDI 4M;Nemcija;DEU;osebni avtomobil;178;vecnamensko vozilo;SHARAN 
85;1485;7.5;0;VOLKSWAGEN;AABLFX0-FM6FM6AJ006STN0GG;PASSAT / 1.6 / FSI;Nemcija;DEU;osebni avtomobil;200;limuzina;PASSAT 
85;1437;7.5;0;VOLKSWAGEN;3CAABLFX0-FM6FM6AJ006N0GG;PASSAT / 1.6 / FSI;Nemcija;DEU;osebni avtomobil;200;limuzina;PASSAT 
85;1395;7.6;0;BMW;AT51-02;316 / COMPACT / ti;Nemcija;DEU;osebni avtomobil;201;vozilo z dviûnimi vrati zadaj;316
85;1163;7.6;0;FORD;DNW-EYDB;FOCUS / 1.8;Nemcija;DEU;osebni avtomobil;198;karavan;FOCUS 
85;1475;7.6;0;MAZDA;CR1982;MAZDA 5 / 1.8 / i / 7S;Japonska ;JPN;osebni avtomobil;182;vecnamensko vozilo;MAZDA 5 
85;1400;7.6;0;MAZDA;CR1-198-2;5 / 1.8 I / 7S;Japonska ;JPN;osebni avtomobil;182;vecnamensko vozilo;5
85;1894;7.6;1;VOLKSWAGEN;7MAUYX0AFA8C-FA5FA59B024R;SHARAN / 1.9 / TDI AUT.;Nemcija;DEU;osebni avtomobil;177;vecnamensko vozilo;SHARAN 
85;1868;7.6;1;VOLKSWAGEN;7MSEA8CAUYX01-NAGFA59B009R;SHARAN / 1.9 / TDI AUT.;Nemcija;DEU;osebni avtomobil;181;vecnamensko vozilo;SHARAN 
85;1568;7.6;0;VOLKSWAGEN;BLFAE-FM6STFM6AJ0060GGO;EOS / 1.6 / FSI;Nemcija;DEU;osebni avtomobil;192;kabriolet;EOS 
85;1544;7.6;0;VOLKSWAGEN;1F;EOS / 1.6 / FSI;Nemcija;DEU;osebni avtomobil;192;kabriolet;EOS 
85;1303;7.6;0;VOLKSWAGEN;9C;NEW BEETLE / 2.0;Nemcija;DEU;osebni avtomobil;185;vozilo z dviûnimi vrati zadaj;NEW BEETLE 
85;1320;7.7;0;BMW;UF-11;116 / I;Nemcija;DEU;osebni avtomobil;188;vozilo z dviûnimi vrati zadaj;116
85;1460;7.7;0;CHRYSLER;PTEN8F-L2;PT CRUISER / 1.6 /;Zdruûene drûave;USA;osebni avtomobil;176;vozilo z dviûnimi vrati zadaj;PT CRUISER 
85;1320;7.7;0;CITROEN;CH6FZB;XSARA PICASSO / 1.8 / i 16V;Francija;FRA;osebni avtomobil;190;vecnamensko vozilo;XSARA PICASSO 
85;1245;7.7;0;CITROEN;CH6-FZB;XSARA / PICASSO / 1.8;Francija;FRA;osebni avtomobil;190;vozilo z dviûnimi vrati zadaj;XSARA 
85;1608;7.7;1;FORD;WGR-ASZ;GALAXY / 1.9 / TDI;Nemcija;DEU;osebni avtomobil;181;vecnamensko vozilo;GALAXY 
85;1208;7.7;0;FORD;DNW-EYDF;FOCUS / 1.8 /;Nemcija;DEU;osebni avtomobil;198;karavan;FOCUS 
85;1165;7.7;0;MINI;RC31-32;COOPER / / AUT.;Nemcija;DEU;osebni avtomobil;185;vozilo z dviûnimi vrati zadaj;COOPER 
85;1380;7.7;0;NISSAN;V10-B02;ALMERA TINO / 1.8;äpanija;ESP;osebni avtomobil;173;vecnamensko vozilo;ALMERA TINO 
85;1435;7.7;0;VOLKSWAGEN;3C;PASSAT / 1.6 / FSI;Nemcija;DEU;osebni avtomobil;200;limuzina;PASSAT 
85;1285;7.8;0;BMW;AY-31;316 / I;Nemcija;DEU;osebni avtomobil;201;limuzina;316
85;1255;7.8;0;BMW;CJ11;Z 3 / 1.8;Nemcija;DEU;osebni avtomobil;194;kabriolet;Z 3 
85;1320;7.8;0;CITROEN;C;XSARA / PICASSO / 1.8 / I;Francija;FRA;osebni avtomobil;190;vecnamensko vozilo;XSARA 
85;1262;7.8;0;NISSAN;N16-S02;ALMERA / 1.8 / AUT.;Zdruûeno kraljestvo;GBR;osebni avtomobil;176;vozilo z dviûnimi vrati zadaj;ALMERA 
85;1365;7.8;0;RENAULT;JA1A05;MEGANE / SCENIC 1.8 / 16V;Francija;FRA;osebni avtomobil;189;vecnamensko vozilo;MEGANE 
85;1040;7.8;0;TOYOTA;W1;MR2 / 1.6;Japonska ;JPN;osebni avtomobil;195;kupe;MR2 
85;1563;7.8;0;VOLKSWAGEN;BLFAC-FM6FM6AJ0020GGO;TOURAN / 1.6;Nemcija;DEU;osebni avtomobil;186;limuzina;TOURAN 
85;1509;7.8;0;VOLKSWAGEN;1F-BLF;EOS / 1.6;Nemcija;DEU;osebni avtomobil;192;kabriolet;EOS 
85;1360;7.9;0;BMW;346CBL31;318 / COUPE  / I;Nemcija;DEU;osebni avtomobil;206;kupe;318
85;2053;7.9;1;FORD;FDE6-SRFB1AC9ESA;TRANSIT / 300 S 2.2 / TDI cDPF;Nemcija;DEU;osebni avtomobil;156;vecnamensko vozilo;TRANSIT 
85;1997;7.9;1;FORD;FDE6-SRFA1AC9ESA;TRANSIT / 300 K 2.2 / TDI;Nemcija;DEU;osebni avtomobil;156;vecnamensko vozilo;TRANSIT 
85;1970;7.9;1;FORD;FDF6-SRFA1AC9ESA;TRANSIT / 300 M 2.2 / TDI;Nemcija;DEU;osebni avtomobil;156;vecnamensko vozilo;TRANSIT 
85;1395;7.9;0;MAZDA;CR1982;MAZDA 5 / 1.8 / i 7S;Japonska ;JPN;osebni avtomobil;182;vecnamensko vozilo;MAZDA 5 
85;1395;7.9;0;MAZDA;CR1982;5 / 1.8;Japonska ;JPN;osebni avtomobil;182;vecnamensko vozilo;5
85;1475;7.9;0;PEUGEOT;6D6FZB;407 / 1.8;Francija;FRA;osebni avtomobil;200;limuzina;407
85;1210;7.9;0;TOYOTA;AT200L-BLMSKW;CELICA / 1.8 /;Japonska ;JPN;osebni avtomobil;200;kupe;CELICA 
85;1224;7.9;0;VOLKSWAGEN;1J;GOLF / 2.0 / I;Nemcija;DEU;osebni avtomobil;195;vozilo z dviûnimi vrati zadaj;GOLF 
85;1355;8.1;0;BMW;CE31;318 / I /;Nemcija;DEU;osebni avtomobil;197;karavan;318
85;2159;8.1;1;MERCEDES BENZ;639ZKBHM-2E4D2A1;VITO / 111 / CDI;Nemcija;DEU;osebni avtomobil;163;vecnamensko vozilo;VITO 
85;1530;8.1;0;PEUGEOT;6E6FZB;407 / BREAK 1.8;Francija;FRA;osebni avtomobil;195;karavan;407
85;1540;8.1;0;TOYOTA;AX1T(EU.M)/NGX50(H)/NGX50L-AHXNXW(1C);C-HR / 1.2T / 4WD CVT;Turcija;TUR;osebni avtomobil;180;vozilo z dviûnimi vrati zadaj;C-HR 
85;1240;8.1;0;VOLKSWAGEN;35L-2E;PASSAT / 2.0;Nemcija;DEU;osebni avtomobil;195;limuzina;PASSAT 
85;1217;8.1;0;VOLKSWAGEN;1E-AWG;GOLF / 2.0;Nemcija;DEU;osebni avtomobil;180;kabriolet;GOLF 
85;2100;8.2;1;MERCEDES BENZ;639ZKBHM-2E4D2A1;VITO / 111 / CDI;Nemcija;DEU;osebni avtomobil;163;vecnamensko vozilo;VITO 
85;1815;8.2;1;MERCEDES BENZ;ZKBHM-2E6D2A1;VITO / 111 / CDI-2.94;Nemcija;DEU;osebni avtomobil;163;vecnamensko vozilo;VITO 
85;1385;8.3;0;VOLKSWAGEN;STAZMX01-SGFM51W036;PASSAT / 2.0 /;Nemcija;DEU;osebni avtomobil;200;limuzina;PASSAT 
85;1255;8.4;0;BMW;R-C;Z3 / 1.8;Nemcija;DEU;osebni avtomobil;194;kabriolet;Z3 
85;1352;8.4;0;OPEL;J96-KOMBI;VECTRA / CAR. 1.8 / 16V;Nemcija;DEU;osebni avtomobil;195;karavan;VECTRA 
85;1333;8.4;0;OPEL;J96;VECTRA / 1.8 I;Nemcija;DEU;osebni avtomobil;203;limuzina;VECTRA 
85;1303;8.4;0;VOLKSWAGEN;9C;NEW BEETLE / 2.0;Nemcija;DEU;osebni avtomobil;185;vozilo z dviûnimi vrati zadaj;NEW BEETLE 
85;1445;8.5;0;BMW;3BBH31-01;318 / CABRIO / I;Nemcija;DEU;osebni avtomobil;194;kabriolet;318
85;1435;8.5;0;OPEL;HB11-2A02AL10BCA;ZAFIRA / 1.8 / 16V;Nemcija;DEU;osebni avtomobil;188;vecnamensko vozilo;ZAFIRA 
85;1395;8.5;0;OPEL;HB11;ZAFIRA / 1.8;Nemcija;DEU;osebni avtomobil;184;vecnamensko vozilo;ZAFIRA 
85;1320;8.5;0;OPEL;HB11-2A02AL10BCA7;ZAFIRA / 1.8 / 16V;Nemcija;DEU;osebni avtomobil;188;vecnamensko vozilo;ZAFIRA 
85;2230;8.6;1;MERCEDES BENZ;ZKBHL-2C4C2A1;VITO / 111 / CDI-2.94;Nemcija;DEU;osebni avtomobil;164;vecnamensko vozilo;VITO 
85;1815;8.6;1;MERCEDES BENZ;ZKBHM-3E4C2A1;VITO / 111 / CDI AUT.-2.94;Nemcija;DEU;osebni avtomobil;163;vecnamensko vozilo;VITO 
85;1830;8.6;1;MITSUBISHI;V20;PAJERO / 2.5 / TD;Japonska ;JPN;osebni avtomobil;145;limuzina;PAJERO 
85;1795;8.6;1;OPEL;BA11-B04CBAAB4;FRONTERA / SPORT 2.2 / DT;Nemcija;DEU;osebni avtomobil;155;karavan;FRONTERA 
85;1280;8.6;0;RENAULT;G;LAGUNA / 1.8 / I;Francija;FRA;osebni avtomobil;201;vozilo z dviûnimi vrati zadaj;LAGUNA 
85;1456;8.6;0;VOLKSWAGEN;3BGSEAZMX01;PASSAT / VAR. 2.0 /;Nemcija;DEU;osebni avtomobil;194;karavan;PASSAT 
85;1324;8.6;0;VOLVO;VW1223;V40 / 1.8 /;ävedska;SWE;osebni avtomobil;195;karavan;V40 
85;1306;8.6;0;VOLVO;VS1223;S40 / 1.8 /;ävedska;SWE;osebni avtomobil;195;limuzina;S40 
85;2340;8.7;1;MERCEDES BENZ;ZKBHL-3E4C2A1;VITO / 111 / CDI AUT.-2.94;Nemcija;DEU;osebni avtomobil;163;vecnamensko vozilo;VITO 
85;2130;8.7;1;MERCEDES BENZ;ZKBHM-3E4C2A1;VITO / 111 / CDI AUT.-2.94;Nemcija;DEU;osebni avtomobil;163;vecnamensko vozilo;VITO 
85;2105;8.7;1;MERCEDES BENZ;639ZLBHK-3E6C2A1;VIANO 2.0 / CDI AUT.;Nemcija;DEU;osebni avtomobil;164;vecnamensko vozilo;VIANO 2.0 
85;1856;8.7;1;OPEL;6AVFAA11-A01AAAAB5;FRONTERA / 2.2;Nemcija;DEU;osebni avtomobil;154;karavan;FRONTERA 
85;1781;8.7;1;OPEL;AA11-A01AAAAB5;FRONTERA / 2.2 / DT;Nemcija;DEU;osebni avtomobil;158;karavan;FRONTERA 
85;1338;8.7;0;VOLKSWAGEN;9CSCAQYX01-SGFM52J046M4;NEW BEETLE / 2.0 /;Nemcija;DEU;osebni avtomobil;185;vozilo z dviûnimi vrati zadaj;NEW BEETLE 
85;1313;8.7;0;VOLKSWAGEN;SCAQYX0-SGFM52J046M4;NEW BEETLE / 2.0 /;Nemcija;DEU;osebni avtomobil;185;vozilo z dviûnimi vrati zadaj;NEW BEETLE 
85;1303;8.7;0;VOLKSWAGEN;9C-AQY;NEW BEETLE / 2.0 /;Nemcija;DEU;osebni avtomobil;185;vozilo z dviûnimi vrati zadaj;NEW BEETLE 
85;1303;8.7;0;VOLKSWAGEN;9C-AQY;NEW BEETLE / 2.0 /;Nemcija;DEU;osebni avtomobil;185;limuzina;NEW BEETLE 
85;1145;8.8;0;MAZDA;GD;626 / 2.2 / I;Japonska ;JPN;osebni avtomobil;190;vozilo z dviûnimi vrati zadaj;626
85;1590;8.8;0;OPEL;V94-KOMBI;OMEGA  2.0  I;Nemcija;DEU;osebni avtomobil;187;karavan;OMEGA  2.0  I
85;1404;8.8;0;äKODA;1U SE AZJX11-FM5QM52C018N0GGS5;OCTAVIA / COMBI 2.0;Ceöka republika;CZE;osebni avtomobil;193;karavan;OCTAVIA 
85;1375;8.8;0;äKODA;SEAZJX11-FM5QM52C018N0GG;OCTAVIA /COMBI 2.0 / 4X4;Ceöka republika;CZE;osebni avtomobil;193;karavan;OCTAVIA 
85;1445;8.8;1;TOYOTA;A2;RAV 4 / 2.0;Japonska ;JPN;osebni avtomobil;170;limuzina;RAV 4 
85;1672;8.9;1;JEEP;XJ;CHEROKEE / 2.5 / TDI;Zdruûene drûave;USA;osebni avtomobil;165;limuzina;CHEROKEE 
85;1856;8.9;1;OPEL;6;FRONTERA / 2.2 / DTI;Nemcija;DEU;osebni avtomobil;154;limuzina;FRONTERA 
85;1250;8.9;1;TOYOTA;A2-CLA20;RAV4 / 2.0;Japonska ;JPN;osebni avtomobil;170;vecnamensko vozilo;RAV4 
85;1303;8.9;0;VOLKSWAGEN;9C;NEW BEETLE / 2.0;Nemcija;DEU;osebni avtomobil;185;vozilo z dviûnimi vrati zadaj;NEW BEETLE 
85;1860;9.1;1;OPEL;6AZCBA11-B04CBAAB4;FRONTERA / 2.2 / DTI;Nemcija;DEU;osebni avtomobil;168;limuzina;FRONTERA 
85;1795;9.1;1;OPEL;BA11-B04CBAAB4;FRONTERA / SPORT 2.2 / DT;Nemcija;DEU;osebni avtomobil;168;karavan;FRONTERA 
85;1306;9.1;0;VOLVO;VS-1223;S 40 / 1.8;ävedska;SWE;osebni avtomobil;195;limuzina;S 40 
85;1940;9.2;1;FORD;FAC6-JXFA;TRANSIT 350 L 2.4 / TDI DCIV;Nemcija;DEU;osebni avtomobil;147;vecnamensko vozilo;TRANSIT 350 L 2.4 
85;1925;9.2;1;OPEL;AA11-A01AAAAB5;FRONTERA / 2.2 / DTI;Nemcija;DEU;osebni avtomobil;168;karavan;FRONTERA 
85;1856;9.2;1;OPEL;6AVFAA11-A01AAAAA5;FRONTERA / 2.2 / DTI;Nemcija;DEU;osebni avtomobil;168;limuzina;FRONTERA 
85;1345;9.4;0;SUBARU;BG5-LJ4;LEGACY / WAGON 2.0 / 4WD;Japonska ;JPN;osebni avtomobil;185;karavan;LEGACY 
85;1445;9.4;1;TOYOTA;A2;RAV4 / 2.0 / D;Japonska ;JPN;osebni avtomobil;170;limuzina;RAV4 
85;1805;9.5;1;JEEP;ZN8M;GRAND CHEROKEE / 2.5 / TURBODIESEL;Zdruûene drûave;USA;osebni avtomobil;155;karavan;GRAND CHEROKEE 
85;1675;9.5;1;JEEP;JN8M 3A;CHEROKEE / 2.5 / TD;Zdruûene drûave;USA;osebni avtomobil;165;limuzina;CHEROKEE 
85;1620;9.5;1;JEEP;XJ JN8M5;CHEROKEE / 2.5 / TD;Zdruûene drûave;USA;osebni avtomobil;165;limuzina;CHEROKEE 
85;1600;9.5;1;JEEP;XJJN8M-3A;CHEROKEE / 2.5 / TD;Zdruûene drûave;USA;osebni avtomobil;165;limuzina;CHEROKEE 
85;1205;9.5;0;SUBARU;GF-8;IMPREZA / 2.0;Japonska ;JPN;osebni avtomobil;188;karavan;IMPREZA 
85;1847;9.6;0;VOLKSWAGEN;SEA8CATMX01-NSGFM62N025R;SHARAN / 2.0;Nemcija;DEU;osebni avtomobil;177;limuzina;SHARAN 
85;1990;9.8;1;MITSUBISHI;K90;PAJERO / SPORT / 2.5 TDI;Japonska ;JPN;osebni avtomobil;145;karavan;PAJERO 
85;1990;9.8;1;MITSUBISHI;K90;PAJERO / 2.5 / TD;Japonska ;JPN;osebni avtomobil;145;limuzina;PAJERO 
86;1520;10.4;0;LAND ROVER;LNAA-068;FREELANDER / 1.8;Zdruûeno kraljestvo;GBR;osebni avtomobil;160;limuzina;FREELANDER 
86;1445;10.4;0;LAND ROVER;LNAAA8;FREELANDER / 1.8 /;Zdruûeno kraljestvo;GBR;osebni avtomobil;160;limuzina;FREELANDER 
86;2126;10.5;0;OPEL;HL11-7A84AM017CA8;VIVARO / COMBI 2.0 /;Nemcija;DEU;osebni avtomobil;160;vecnamensko vozilo;VIVARO 
86;895;5.2;0;SMART;452;ROADSTER / 86 / BRABUS AUT.;Nemcija;DEU;osebni avtomobil;190;kabriolet;ROADSTER 
86;805;5.3;0;SMART;1333C0-BBAAZ200;FORTWO / COUPE 86 / AUT.;Nemcija;DEU;osebni avtomobil;151;kupe;FORTWO 
86;1335;5.6;0;MITSUBISHI;CYH11-AAAAA5A5AAAA;LANCER / 1.6 / ASG;Japonska ;JPN;osebni avtomobil;191;limuzina;LANCER 
86;1375;5.7;0;MITSUBISHI;CXH12-ABBBA5A5AAAA;LANCER / 1.6 / ASG;Japonska ;JPN;osebni avtomobil;185;vozilo z dviûnimi vrati zadaj;LANCER 
86;1335;5.7;0;MITSUBISHI;GA211-ACBBA5A5AAAA;ASX / 1.6 / 2WD ASG;Japonska ;JPN;osebni avtomobil;183;karavan;ASX 
86;1335;5.8;0;MITSUBISHI;GA211-ACBBA5A5AAAC;ASX / 1.6 / 2WD ASG;Japonska ;JPN;osebni avtomobil;183;karavan;ASX 
86;1385;5.9;0;CITROEN;BUNKZ0/S;C4 AIRCROSS 2X4 / 1.6 /;Francija;FRA;osebni avtomobil;182;vecnamensko vozilo;C4 AIRCROSS 2X4 
86;1345;5.9;0;MITSUBISHI;GA211-ACBBA5A5AAAA;ASX / 1.6 / 2WD ASG;Japonska ;JPN;osebni avtomobil;183;karavan;ASX 
86;1183;5.9;0;NISSAN;K14EE04;MICRA / 1.0 /;Francija;FRA;osebni avtomobil;195;vecnamensko vozilo;MICRA 
86;1303;6.1;0;NISSAN;F16AA06;JUKE / 1.0 / AUT.;Zdruûeno kraljestvo;GBR;osebni avtomobil;180;vecnamensko vozilo;JUKE 
86;1302;6.1;0;NISSAN;F16AA05;JUKE / 1.0 / AUT.;Zdruûeno kraljestvo;GBR;osebni avtomobil;180;vecnamensko vozilo;JUKE 
86;1250;6.1;0;NISSAN;F15-A08;JUKE / 1.6 / 16V AUT.;Zdruûeno kraljestvo;GBR;osebni avtomobil;170;vecnamensko vozilo;JUKE 
86;1310;6.2;0;NISSAN;J10-A03;QASHQAI / 1.6 / 16V;Zdruûeno kraljestvo;GBR;osebni avtomobil;181;vecnamensko vozilo;QASHQAI 
86;1308;6.2;0;NISSAN;F16AA03;JUKE / 1.0 /;Zdruûeno kraljestvo;GBR;osebni avtomobil;180;vecnamensko vozilo;JUKE 
86;1307;6.2;0;NISSAN;F16AA02;JUKE / 1.0 /;Zdruûeno kraljestvo;GBR;osebni avtomobil;180;vecnamensko vozilo;JUKE 
86;1328;6.3;0;NISSAN;F16AA05;JUKE / 1.0 / AUT.;Zdruûeno kraljestvo;GBR;osebni avtomobil;180;vecnamensko vozilo;JUKE 
86;1265;6.3;0;NISSAN;F15-A03;JUKE / 1.6 / 16V;Zdruûeno kraljestvo;GBR;osebni avtomobil;178;vecnamensko vozilo;JUKE 
86;1255;6.3;0;NISSAN;F15-A02;JUKE / 1.6 / 16V AUT.;Zdruûeno kraljestvo;GBR;osebni avtomobil;170;vecnamensko vozilo;JUKE 
86;1324;6.4;0;NISSAN;F16AA05;JUKE / 1.0 / AUT.;Zdruûeno kraljestvo;GBR;osebni avtomobil;180;vecnamensko vozilo;JUKE 
86;1471;6.4;0;OPEL;DAEDA11-BA1H4EHTA5;ASTRA / CAR. 1.6 / 16V;Nemcija;DEU;osebni avtomobil;185;karavan;ASTRA 
86;1472;6.6;0;CHEVROLET;JWAE1/AM5;CRUZE / 1.6 / 16V;Koreja. republika;KOR;osebni avtomobil;191;karavan;CRUZE 
86;1365;6.6;0;NISSAN;J10-A04;QASHQAI+2 / 1.6 / 16V;Zdruûeno kraljestvo;GBR;osebni avtomobil;180;vecnamensko vozilo;QASHQAI+2 
86;1445;6.7;0;CHEVROLET;JNA11/AM5;CRUZE / 1.6 / 16V;Koreja. republika;KOR;osebni avtomobil;190;limuzina;CRUZE 
86;1335;6.7;0;MITSUBISHI;GA211-ACBBA5A5AAAA;ASX / 1.6 / 2WD ASG;Japonska ;JPN;osebni avtomobil;183;karavan;ASX 
86;1480;6.9;0;CHEVROLET;JHA11/AM5;CRUZE / 1.6 / 16V;Koreja. republika;KOR;osebni avtomobil;185;vozilo z dviûnimi vrati zadaj;CRUZE 
86;1360;7.31;0;MITSUBISHI;GA211-AJBBA5F5EAAA;ASX / 1.6 / 2WD ASG;Japonska ;JPN;osebni avtomobil;183;karavan;ASX 
86;1360;7.48;0;MITSUBISHI;GA111-AJBBA5F5EAAA;ASX / 1.6 / 2WD;Japonska ;JPN;osebni avtomobil;183;karavan;ASX 
86;1355;7.5;0;RENAULT;BG0C-05;LAGUNA / 1.8 / 16V;Francija;FRA;osebni avtomobil;203;vozilo z dviûnimi vrati zadaj;LAGUNA 
86;1920;8.6;1;TOYOTA;KLH22L-RGMDHW(1L);HIACE / 2.5 / D;Japonska ;JPN;osebni avtomobil;152;vecnamensko vozilo;HIACE 
86;1995;9.3;1;TOYOTA;KLH18L-RGMNHW(1M);HIACE / 2.5 / D / 4X4;Japonska ;JPN;osebni avtomobil;151;vecnamensko vozilo;HIACE 
87;1505;10.5;0;JEEP;TJ;WRANGLER / 2.5;Zdruûene drûave;USA;osebni avtomobil;142;karavan;WRANGLER 
87;1505;11.1;0;JEEP;TJY9P-1;WRANGLER / 2.5 /;Zdruûene drûave;USA;osebni avtomobil;142;vecnamensko vozilo;WRANGLER 
87;1318;5.3;0;RENAULT;7RBU0C;CLIO GRANDTOUR / 1.2 / 16V;Francija;FRA;osebni avtomobil;182;karavan;CLIO GRANDTOUR 
87;1299;5.3;0;RENAULT;5RBU0C;CLIO / 1.2 / 16V;Francija;FRA;osebni avtomobil;182;vozilo z dviûnimi vrati zadaj;CLIO 
87;1243;5.3;0;RENAULT;7RBU0C;CLIO / GRANDTOUR 1.2 / 16V;Francija;FRA;osebni avtomobil;182;karavan;CLIO 
87;1333;5.4;0;RENAULT;7RBU0D;CLIO GRANDTOUR / 1.2 / 16V AUT.;Francija;FRA;osebni avtomobil;192;karavan;CLIO GRANDTOUR 
87;1304;5.4;0;RENAULT;5RBU0D;CLIO / 1.2 / 16V AUT.;Francija;FRA;osebni avtomobil;192;vozilo z dviûnimi vrati zadaj;CLIO 
87;1165;5.4;0;RENAULT;5RBU0D;CLIO / 1.2 / 16V AUT.;Francija;FRA;osebni avtomobil;199;vozilo z dviûnimi vrati zadaj;CLIO 
87;1372;5.5;0;RENAULT;2R031A;CAPTUR / 1.2 / 16V;Francija;FRA;osebni avtomobil;192;vozilo z dviûnimi vrati zadaj;CAPTUR 
87;1366;5.5;0;RENAULT;2R031A;CAPTUR / 1.2 / 16V;Francija;FRA;osebni avtomobil;192;vozilo za posebne namene;CAPTUR 
87;1358;5.5;0;RENAULT;2R0316;CAPTUR / 1.2 / 16V;Francija;FRA;osebni avtomobil;182;vozilo z dviûnimi vrati zadaj;CAPTUR 
87;1350;5.5;0;RENAULT;2R0316;CAPTUR / 1.2 / 16V;Francija;FRA;osebni avtomobil;182;vozilo za posebne namene;CAPTUR 
87;1259;5.5;0;RENAULT;2RAU1D;CAPTUR / 1.2 / 16V AUT.;Francija;FRA;osebni avtomobil;170;vozilo z dviûnimi vrati zadaj;CAPTUR 
87;1230;5.5;0;RENAULT;2RAU1C;CAPTUR / 1.2 / 16V;Francija;FRA;osebni avtomobil;182;vozilo z dviûnimi vrati zadaj;CAPTUR 
87;1370;5.6;0;RENAULT;2R021A;CAPTUR / 1.2 / 16V;Francija;FRA;osebni avtomobil;192;vozilo z dviûnimi vrati zadaj;CAPTUR 
87;1353;5.6;0;RENAULT;2R0216;CAPTUR / 1.2 / 16V;Francija;FRA;osebni avtomobil;182;vozilo z dviûnimi vrati zadaj;CAPTUR 
87;1259;5.6;0;RENAULT;2RBU1D;CAPTUR / 1.2 / 16V AUT.;Francija;FRA;osebni avtomobil;170;vozilo z dviûnimi vrati zadaj;CAPTUR 
87;1259;5.6;0;RENAULT;2RBU1D;CAPTUR / 1.2 / 16V AUT.;Francija;FRA;osebni avtomobil;170;vozilo za posebne namene;CAPTUR 
87;1230;5.6;0;RENAULT;2RBU1C;CAPTUR / 1.2 / 16V;Francija;FRA;osebni avtomobil;182;vozilo z dviûnimi vrati zadaj;CAPTUR 
87;1360;7.5;0;BMW;346L;318 / I;Nemcija;DEU;osebni avtomobil;206;limuzina;318
87;1295;7.8;0;BMW;CM11-11;Z3 / 1.8 /;Nemcija;DEU;osebni avtomobil;196;kabriolet;Z3 
87;1360;7.9;0;BMW;BL31-01;318 / COUPE / i;Nemcija;DEU;osebni avtomobil;206;kupe;318
87;1360;7.9;0;BMW;AL31-01;318 / / i;Nemcija;DEU;osebni avtomobil;206;limuzina;318
87;1285;7.9;0;BMW;346C BL31-01;318 / COUPE / I;Nemcija;DEU;osebni avtomobil;206;kupe;318
87;1285;7.9;0;BMW;AL31-01;318 / / i;Nemcija;DEU;osebni avtomobil;206;vozilo za posebne namene;318
87;1285;7.9;0;BMW;346LAL3101;318 / / i;Nemcija;DEU;osebni avtomobil;206;limuzina;318
87;1220;7.9;0;BMW;CM-11;Z 3;Nemcija;DEU;osebni avtomobil;196;kabriolet;Z 3
87;1440;8.2;0;BMW;AP31-01;318 / TOURING / i;Nemcija;DEU;osebni avtomobil;202;karavan;318
87;1738;8.4;1;CHRYSLER;ES;VOYAGER / 2.5 / TD;Zdruûene drûave;USA;osebni avtomobil;180;vecnamensko vozilo;VOYAGER 
87;1360;8.5;0;BMW;346-L;318 / I;Nemcija;DEU;osebni avtomobil;206;limuzina;318
87;1295;8.5;0;BMW;R-C;Z 3 / 1.9;Nemcija;DEU;osebni avtomobil;196;kabriolet;Z 3 
87;1190;8.7;0;MERCEDES BENZ;201;190 / E;Nemcija;DEU;osebni avtomobil;185;limuzina;190
87;1440;9.4;0;MERCEDES BENZ;124.081;200E / T;Nemcija;DEU;osebni avtomobil;180;karavan;200E 
88;1520;10.2;0;LAND ROVER;AA-048 / LN-AA8 /;FREELANDER / 1.8;Zdruûeno kraljestvo;GBR;osebni avtomobil;160;limuzina;FREELANDER 
88;1510;10.2;0;LAND ROVER;LNBA-018;FREELANDER / 1.8 / XEi;Zdruûeno kraljestvo;GBR;osebni avtomobil;160;limuzina;FREELANDER 
88;1510;10.2;0;LAND ROVER;LNAA-088;FREELANDER / 1.8 /;Zdruûeno kraljestvo;GBR;osebni avtomobil;130;karavan;FREELANDER 
88;1455;10.2;0;LAND ROVER;LNABA8;FREELANDER / 1.8 / XEI;Zdruûeno kraljestvo;GBR;osebni avtomobil;160;limuzina;FREELANDER 
88;1445;10.2;0;LAND ROVER;BA-028 (LN_BA8);FREELANDER / 1.8 /;Zdruûeno kraljestvo;GBR;osebni avtomobil;160;limuzina;FREELANDER 
88;1435;10.2;0;LAND ROVER;LNAA-028;FREELANDER / 1.8 /;Zdruûeno kraljestvo;GBR;osebni avtomobil;130;karavan;FREELANDER 
88;1380;10.2;0;LAND ROVER;LNAAA8;FREELANDER / 1.8 / i;Zdruûeno kraljestvo;GBR;osebni avtomobil;160;limuzina;FREELANDER 
88;1410;13.8;0;JEEP;YJ;WRANGLER / 4.2 / AUT.;Zdruûene drûave;USA;osebni avtomobil;138;limuzina;WRANGLER 
88;1375;3.3;1;PEUGEOT;LCBHZH-R26000;308 / BREAK 1.6 / HDI;Francija;FRA;osebni avtomobil;194;vecnamensko vozilo;308
88;1532;3.4;1;VOLVO;MMV74-MV74L1;V 40 / 2.0 / TD;ävedska;SWE;osebni avtomobil;190;vecnamensko vozilo;V 40 
88;1207;3.5;1;FORD;JHH-XWJB1JX-5EBDZN00LA6;FIESTA / 1.5 / TDCI / 88 S 5 vr;Nemcija;DEU;osebni avtomobil;195;vozilo z dviûnimi vrati zadaj;FIESTA 
88;1358;3.5;1;HONDA;FC FK901-2;CIVIC / 1.6 / DIESEL;Japonska ;JPN;osebni avtomobil;201;vozilo z dviûnimi vrati zadaj;CIVIC 
88;1275;3.5;1;PEUGEOT;LBBHZW-C2K000;308 / 1.6 / HDI AUT.;Francija;FRA;osebni avtomobil;196;vozilo z dviûnimi vrati zadaj;308
88;1395;3.6;1;CITROEN;3DBHZM/2S;C4 PICASSO / 1.6 / HDI;Francija;FRA;osebni avtomobil;193;karavan;C4 PICASSO 
88;1355;3.6;1;CITROEN;NCBHZM/1S;C4 / 1.6 / HDI;Francija;FRA;osebni avtomobil;197;vozilo z dviûnimi vrati zadaj;C4 
88;1165;3.6;1;CITROEN;SABHZM/S;DS3 / 1.6 / HDI;Francija;FRA;osebni avtomobil;190;vozilo z dviûnimi vrati zadaj;DS3 
88;1225;3.6;1;DS;SABHZM/S;DS3 / 1.6 / HDI;Francija;FRA;osebni avtomobil;190;vozilo z dviûnimi vrati zadaj;DS3 
88;1438;3.6;1;HONDA;FK35-1;CIVIC / 1.6 / i-DTEC;Zdruûeno kraljestvo;GBR;osebni avtomobil;207;vozilo z dviûnimi vrati zadaj;CIVIC 
88;1422;3.6;1;HONDA;FK33-1;CIVIC / 1.6 / i-DTEC;Zdruûeno kraljestvo;GBR;osebni avtomobil;207;vozilo z dviûnimi vrati zadaj;CIVIC 
88;1275;3.6;1;PEUGEOT;LBBHZW-C2K000;308 / 1.6 / HDI AUT.;Francija;FRA;osebni avtomobil;196;vozilo z dviûnimi vrati zadaj;308
88;1275;3.6;1;PEUGEOT;LBBHZW-C2F000;308 / 1.6 / HDI AUT.;Francija;FRA;osebni avtomobil;193;vozilo z dviûnimi vrati zadaj;308
88;1255;3.6;1;PEUGEOT;LBBHZ3-C2K000;308 / 1.6 / HDI;Francija;FRA;osebni avtomobil;196;vozilo z dviûnimi vrati zadaj;308
88;1561;3.6;1;VOLVO;MMV74-MV74L1;V40 / 2.0 / TD;ävedska;SWE;osebni avtomobil;190;vecnamensko vozilo;V40 
88;1391;3.6;1;VOLVO;MMV74-MV74L1;V 40 / 2.0 / TD;ävedska;SWE;osebni avtomobil;190;vecnamensko vozilo;V 40 
88;1395;3.7;1;CITROEN;3DBHZM/2S;C4 PICASSO / 1.6 / HDI;Francija;FRA;osebni avtomobil;193;karavan;C4 PICASSO 
88;1395;3.7;1;FIAT;356WXC1BW1;TIPO / 1.6 / JTD;Italija;ITA;osebni avtomobil;200;vecnamensko vozilo;TIPO 
88;1395;3.7;1;FIAT;356WXC1BW1;TIPO / 1.6 / JTD;Italija;ITA;osebni avtomobil;200;karavan;TIPO 
88;1370;3.7;1;FIAT;356HXC1BH1;TIPO / 1.6 / JTD;Italija;ITA;osebni avtomobil;200;vecnamensko vozilo;TIPO 
88;1370;3.7;1;FIAT;356HXC1BH1;TIPO / 1.6 / JTD;Italija;ITA;osebni avtomobil;200;karavan;TIPO 
88;1441;3.7;1;HONDA;FK35-2;CIVIC / 1.6 / i-DTEC;Zdruûeno kraljestvo;GBR;osebni avtomobil;207;vozilo z dviûnimi vrati zadaj;CIVIC 
88;1440;3.7;1;HONDA;FK33-2;CIVIC / 1.6 / i-DTEC;Zdruûeno kraljestvo;GBR;osebni avtomobil;207;vozilo z dviûnimi vrati zadaj;CIVIC 
88;1733;3.7;1;OPEL;CAHLC12-BA1N4FPCD5;INSIGNIA / 2.0 / DT 16V;Nemcija;DEU;osebni avtomobil;195;vozilo z dviûnimi vrati zadaj;INSIGNIA 
88;1701;3.7;1;OPEL;CAHLC12-BA1N1FPCB5;INSIGNIA / 2.0 / DT 16V;Nemcija;DEU;osebni avtomobil;195;vozilo z dviûnimi vrati zadaj;INSIGNIA 
88;1664;3.7;1;OPEL;CAHLC12-BA1M3FPCD5;INSIGNIA / 2.0 / DT 16V;Nemcija;DEU;osebni avtomobil;195;vozilo z dviûnimi vrati zadaj;INSIGNIA 
88;1613;3.7;1;OPEL;CAHLC12-BA1N1FPCD5;INSIGNIA / 2.0 / DT 16V;Nemcija;DEU;osebni avtomobil;195;vozilo z dviûnimi vrati zadaj;INSIGNIA 
88;1625;3.7;1;PEUGEOT;8EBHZM/1S;508 / BREAK 1.6 / HDI;Francija;FRA;osebni avtomobil;199;karavan;508
88;1605;3.7;1;PEUGEOT;8DBHZM/1S;508 / 1.6 / HDI;Francija;FRA;osebni avtomobil;202;limuzina;508
88;1385;3.7;1;PEUGEOT;LCBHZW-R2K000;308 / BREAK 1.6 / HDI AUT.;Francija;FRA;osebni avtomobil;194;vecnamensko vozilo;308
88;1370;3.7;1;PEUGEOT;LCBHZ3-R2K000;308 / BREAK 1.6 / HDI;Francija;FRA;osebni avtomobil;195;vecnamensko vozilo;308
88;1275;3.7;1;PEUGEOT;LBBHZW-C2F000;308 / 1.6 / HDI AUT.;Francija;FRA;osebni avtomobil;193;vozilo z dviûnimi vrati zadaj;308
88;1275;3.7;1;PEUGEOT;CUBHZM/S;2008 / 1.6 / HDI 16V;Francija;FRA;osebni avtomobil;190;karavan;2008
88;1255;3.7;1;PEUGEOT;LBBHZ3-C2F000;308 / 1.6 / HDI;Francija;FRA;osebni avtomobil;196;vozilo z dviûnimi vrati zadaj;308
88;1505;3.7;1;äKODA;ACDCZAX01-GFM6FM62S034V2647;SUPERB / COMBI 1.6 / TDI;Ceöka republika;CZE;osebni avtomobil;206;karavan;SUPERB 
88;1505;3.7;1;VOLKSWAGEN;ACDCZAX0-FM6FM62S034BV7MMVR264;PASSAT / VARIANT 1.6 / TDI;Nemcija;DEU;osebni avtomobil;208;karavan;PASSAT 
88;1582;3.7;1;VOLVO;FFW74-FW7481;V 60 / 2.0 / TD;ävedska;SWE;osebni avtomobil;195;karavan;V 60 
88;1582;3.7;1;VOLVO;FFW74-FW7481;V60 / 2.0 / TD;ävedska;SWE;osebni avtomobil;195;karavan;V60 
88;1575;3.7;1;VOLVO;MMZ74-MZ74L1;V40 Cross Country / 2.0 / TD;ävedska;SWE;osebni avtomobil;190;vecnamensko vozilo;V40 Cross Country 
88;1560;3.7;1;VOLVO;FFW74-FW7481;V 60 / 2.0 / TD;ävedska;SWE;osebni avtomobil;225;karavan;V 60 
88;1453;3.7;1;VOLVO;MMV74-MV7480;V40 / 2.0 / TD AUT.;ävedska;SWE;osebni avtomobil;190;vecnamensko vozilo;V40 
88;1453;3.7;1;VOLVO;MMV74-MV7480;V 40 / 2.0 / TD AUT.;ävedska;SWE;osebni avtomobil;190;vecnamensko vozilo;V 40 
88;1448;3.7;1;VOLVO;MMZ74-MZ74L1;V 40 Cross Country / 2.0 / TD;ävedska;SWE;osebni avtomobil;190;vecnamensko vozilo;V 40 Cross Country 
88;1385;3.8;1;ALFA ROMEO;940FYB1A23G;GIULIETTA / 1.6 / JTD;Italija;ITA;osebni avtomobil;195;vecnamensko vozilo;GIULIETTA 
88;1503;3.8;1;CITROEN;KFBHZM/2S;DS5 / 1.6 / HDI;Francija;FRA;osebni avtomobil;191;vecnamensko vozilo;DS5 
88;1440;3.8;1;CITROEN;3ABHZM/2S;C4 PICASSO / 1.6 / HDI;Francija;FRA;osebni avtomobil;193;vecnamensko vozilo;C4 PICASSO 
88;1395;3.8;1;CITROEN;3DBHZM/2SM;C4 PICASSO / 1.6 / HDI;Francija;FRA;osebni avtomobil;189;karavan;C4 PICASSO 
88;1395;3.8;1;CITROEN;3DBHZM/2SM;C4 SPACETOURER / 1.6 / HDI;Francija;FRA;osebni avtomobil;189;karavan;C4 SPACETOURER 
88;1395;3.8;1;CITROEN;3DBHZT/2SM;C4 PICASSO / 1.6 / HDI AUT.;Francija;FRA;osebni avtomobil;188;karavan;C4 PICASSO 
88;1375;3.8;1;CITROEN;NCBHZT/1S;C4 / 1.6 / HDI AUT.;Francija;FRA;osebni avtomobil;197;vozilo z dviûnimi vrati zadaj;C4 
88;1365;3.8;1;CITROEN;NXBHZM/1S;DS4 / 1.6 / HDI;Francija;FRA;osebni avtomobil;193;vozilo z dviûnimi vrati zadaj;DS4 
88;1355;3.8;1;CITROEN;NCBHZM/S;C4 / 1.6 / HDI;Francija;FRA;osebni avtomobil;191;vozilo z dviûnimi vrati zadaj;C4 
88;1388;3.8;1;FORD;DYB-XWDD16-5SNAMC;FOCUS / 1.5 / TDCi 88 A6 S;Nemcija;DEU;osebni avtomobil;191;karavan;FOCUS 
88;1368;3.8;1;FORD;DYB-XWDE16-5DAAMC;FOCUS / 1.5 / TDCi 88 M6 S AGS;Nemcija;DEU;osebni avtomobil;193;karavan;FOCUS 
88;1364;3.8;1;FORD;DYB-XWDD15X-5SNABAMC;FOCUS / 1.5 / TDCi 88 A6 S;Nemcija;DEU;osebni avtomobil;191;vozilo z dviûnimi vrati zadaj;FOCUS 
88;1343;3.8;1;FORD;DYBXWDB15-5DAAMC;FOCUS / 1.5 / TDCi 88 M6 S;Nemcija;DEU;osebni avtomobil;193;vozilo z dviûnimi vrati zadaj;FOCUS 
88;1343;3.8;1;FORD;DYB-XWDB15X-5DAABAMC;FOCUS / 1.5 / DV5 88 B6 S;Nemcija;DEU;osebni avtomobil;193;vozilo za posebne namene;FOCUS 
88;1415;3.8;1;HONDA;FK34-1;CIVIC / 1.6 / i-DTEC / TOURER;Zdruûeno kraljestvo;GBR;osebni avtomobil;195;karavan;CIVIC 
88;1415;3.8;1;HONDA;FK36-1;CIVIC / 1.6 / I-DTEC / TOURER;Zdruûeno kraljestvo;GBR;osebni avtomobil;195;vecnamensko vozilo;CIVIC 
88;1485;3.8;1;PEUGEOT;8DBHZM/1S;508 / 1.6 / HDI;Francija;FRA;osebni avtomobil;202;limuzina;508
88;1397;3.8;1;PEUGEOT;MCBHZH-C2K000;3008 / 1.6 / HDI;Francija;FRA;osebni avtomobil;189;vecnamensko vozilo;3008
88;1385;3.8;1;PEUGEOT;LCBHZW-R2K000;308 / BREAK 1.6 / HDI AUT.;Francija;FRA;osebni avtomobil;194;vecnamensko vozilo;308
88;1385;3.8;1;PEUGEOT;LCBHZW-R2F000;308 / BREAK 1.6 / HDI AUT.;Francija;FRA;osebni avtomobil;192;vecnamensko vozilo;308
88;1370;3.8;1;PEUGEOT;LCBHZ3-R2F000;308 / BREAK 1.6 / HDI;Francija;FRA;osebni avtomobil;195;vecnamensko vozilo;308
88;1275;3.8;1;PEUGEOT;LBBHZW-C2B000;308 / 1.6 / HDI AUT.;Francija;FRA;osebni avtomobil;190;vozilo z dviûnimi vrati zadaj;308
88;1255;3.8;1;PEUGEOT;LBBHZ3-C2B000;308 / 1.6 / HDI;Francija;FRA;osebni avtomobil;189;vozilo z dviûnimi vrati zadaj;308
88;1505;3.8;1;VOLKSWAGEN;ACDCZAX0-FM6FM62S034BV7MMVR264;PASSAT / VARIANT 1.6 / TDI;Nemcija;DEU;osebni avtomobil;208;karavan;PASSAT 
88;1582;3.8;1;VOLVO;FFW74-FW74C1;V60 / 2.0 / TD;ävedska;SWE;osebni avtomobil;195;karavan;V60 
88;1582;3.8;1;VOLVO;FFW74-FW74C1;V 60 / 2.0 / TD;ävedska;SWE;osebni avtomobil;195;karavan;V 60 
88;1560;3.8;1;VOLVO;FFW74-FW7481;V60 / 2.0 / TD;ävedska;SWE;osebni avtomobil;195;karavan;V60 
88;1554;3.8;1;VOLVO;FFS74-FS74C1;S 60 / 2.0 / TD;ävedska;SWE;osebni avtomobil;195;limuzina;S 60 
88;1554;3.8;1;VOLVO;FFS74-FS74C1;S60 / 2.0 / TD;ävedska;SWE;osebni avtomobil;195;limuzina;S60 
88;1453;3.8;1;VOLVO;MMV74-MV74L0;V40 / 2.0 / TD AUT.;ävedska;SWE;osebni avtomobil;190;vecnamensko vozilo;V40 
88;1453;3.8;1;VOLVO;MMV74-MV7480;V 40 / 2.0 / TD AUT.;ävedska;SWE;osebni avtomobil;190;vecnamensko vozilo;V 40 
88;1448;3.8;1;VOLVO;MMZ74-MZ74L1;V 40 Cross Country / 2.0 / TD;ävedska;SWE;osebni avtomobil;190;vecnamensko vozilo;V 40 Cross Country 
88;1395;3.9;1;ALFA ROMEO;940FYB1127;GIULIETTA / 1.6 / JTD TCT;Italija;ITA;osebni avtomobil;195;vecnamensko vozilo;GIULIETTA 
88;1385;3.9;1;ALFA ROMEO;940FYB1A23E;GIULIETTA / 1.6 / JTD;Italija;ITA;osebni avtomobil;195;vecnamensko vozilo;GIULIETTA 
88;1503;3.9;1;CITROEN;KFBHZM/2S;DS5 / 1.6 / HDI;Francija;FRA;osebni avtomobil;191;vecnamensko vozilo;DS5 
88;1434;3.9;1;CITROEN;3ABHZT/2SM;C4 PICASSO / 1.6 / HDI AUT.;Francija;FRA;osebni avtomobil;188;vecnamensko vozilo;C4 PICASSO 
88;1432;3.9;1;CITROEN;3EBHZT/2SM;C4 PICASSO / 1.6 / HDI AUT.;Francija;FRA;osebni avtomobil;188;karavan;C4 PICASSO 
88;1395;3.9;1;CITROEN;3DBHZT/1S;C4 PICASSO / 1.6 / HDI AUT.;Francija;FRA;osebni avtomobil;188;karavan;C4 PICASSO 
88;1385;3.9;1;CITROEN;NXBHZT/1S;DS4 / 1.6 / HDI AUT.;Francija;FRA;osebni avtomobil;193;vozilo z dviûnimi vrati zadaj;DS4 
88;1425;3.9;1;FIAT;356WXC11W4;TIPO / 1.6 / JTD CA;Italija;ITA;osebni avtomobil;200;vecnamensko vozilo;TIPO 
88;1494;3.9;1;HONDA;FK36-2;CIVIC / 1.6 / i-DTEC / TOURER;Zdruûeno kraljestvo;GBR;osebni avtomobil;195;vecnamensko vozilo;CIVIC 
88;1480;3.9;1;HONDA;FK34-2;CIVIC / 1.6 / i-DTEC / TOURER;Zdruûeno kraljestvo;GBR;osebni avtomobil;195;karavan;CIVIC 
88;1465;3.9;1;HONDA;FK34-2;CIVIC / 1.6 / I-DTEC / TOURER;Zdruûeno kraljestvo;GBR;osebni avtomobil;195;vecnamensko vozilo;CIVIC 
88;1415;3.9;1;HONDA;FK36-2;CIVIC / 1.6 / I-DTEC / TOURER;Zdruûeno kraljestvo;GBR;osebni avtomobil;195;karavan;CIVIC 
88;1788;3.9;1;OPEL;DAHLC12-BA1P3FPCA5;INSIGNIA / 2.0 / DT 16V;Nemcija;DEU;osebni avtomobil;190;karavan;INSIGNIA 
88;1733;3.9;1;OPEL;DAHLC12-BA1N4FPCB5;INSIGNIA / 2.0 / DT 16V;Nemcija;DEU;osebni avtomobil;190;karavan;INSIGNIA 
88;1505;3.9;1;PEUGEOT;8EBHZM/1S;508 / BREAK 1.6 / HDI;Francija;FRA;osebni avtomobil;199;karavan;508
88;1500;3.9;1;PEUGEOT;8DBHZT/S;508 / 1.6 / HDI AUT.;Francija;FRA;osebni avtomobil;201;limuzina;508
88;1385;3.9;1;PEUGEOT;LCBHZW-R2F000;308 / BREAK 1.6 / HDI AUT.;Francija;FRA;osebni avtomobil;192;vecnamensko vozilo;308
88;1385;3.9;1;PEUGEOT;LCBHZW-R2B000;308 / BREAK 1.6 / HDI AUT.;Francija;FRA;osebni avtomobil;189;vecnamensko vozilo;308
88;1370;3.9;1;PEUGEOT;LCBHZ3-R2B000;308 / BREAK 1.6 / HDI;Francija;FRA;osebni avtomobil;189;vecnamensko vozilo;308
88;1459;3.9;1;VOLKSWAGEN;AADCXAX0-FD7FD7CW002SH7MMVR264;PASSAT / 1.6 / TDI AUT.;Nemcija;DEU;osebni avtomobil;206;limuzina;PASSAT 
88;1560;3.9;1;VOLVO;FFW74-FW74C1;V 60 / 2.0 / TD;ävedska;SWE;osebni avtomobil;230;karavan;V 60 
88;1518;3.9;1;VOLVO;FFS74-FS74C1;S60 / 2.0 / TD;ävedska;SWE;osebni avtomobil;195;limuzina;S60 
88;1463;3.9;1;VOLVO;MMZ74-MZ74L0;V 40 CROSS COUNTRY / 2.0 / TD AUT.;ävedska;SWE;osebni avtomobil;190;vecnamensko vozilo;V 40 CROSS COUNTRY 
88;1463;3.9;1;VOLVO;MMZ74-MZ74L0;V40 Cross Country / 2.0 / TD AUT.;ävedska;SWE;osebni avtomobil;190;vecnamensko vozilo;V40 Cross Country 
88;1453;3.9;1;VOLVO;MMV74-MV74L0;V 40 / 2.0 / TD AUT.;ävedska;SWE;osebni avtomobil;190;vecnamensko vozilo;V 40 
88;1434;4.1;1;CITROEN;3ABHZT/1S;C4 PICASSO / 1.6 / HDI AUT.;Francija;FRA;osebni avtomobil;188;vecnamensko vozilo;C4 PICASSO 
88;1308;4.1;1;CITROEN;2CBHZH-R2B000;C3 AIRCROSS / 1.6 / HDI;Francija;FRA;osebni avtomobil;183;vecnamensko vozilo;C3 AIRCROSS 
88;1509;4.1;1;DS;KFBHZT/2S;DS5 / 1.6 / HDI AUT.;Francija;FRA;osebni avtomobil;189;vecnamensko vozilo;DS5 
88;1395;4.1;1;FIAT;334AXA1B00A;500X / 1.6 / JTD CITY;Italija;ITA;osebni avtomobil;186;vecnamensko vozilo;500X 
88;1403;4.1;1;FORD;DXA-XWDB1V-5HA1NA;C-MAX / 1.5 / TDCi 88 M6 S;Nemcija;DEU;osebni avtomobil;184;vecnamensko vozilo;C-MAX 
88;1403;4.1;1;FORD;DXA-XWDB1V-5HA4NA;C-MAX / 1.5 / TDCi 88 M6 S;Nemcija;DEU;osebni avtomobil;184;vozilo za posebne namene;C-MAX 
88;1368;4.1;1;FORD;DYB-XWDA16-5DAAMC;FOCUS / 1.5 / TDCi 88 M6;Nemcija;DEU;osebni avtomobil;193;karavan;FOCUS 
88;1463;4.1;1;HONDA;RU801-2;HR-V / 1.6 / i-DTEC;Mehika;MEX;osebni avtomobil;192;vecnamensko vozilo;HR-V 
88;1701;4.1;1;OPEL;DAEHC12-BA1N1JKJC5;INSIGNIA / 1.6 / CDTI;Nemcija;DEU;osebni avtomobil;190;karavan;INSIGNIA 
88;1495;4.1;1;PEUGEOT;0UBHZM/S;3008 / 1.6 / HDI;Francija;FRA;osebni avtomobil;181;karavan;3008
88;1495;4.1;1;PEUGEOT;0UBHZM/S;3008 / 1.6 / HDI;Francija;FRA;osebni avtomobil;181;vecnamensko vozilo;3008
88;1485;4.1;1;äKODA;ACDCXAX01-NFM6FM62S033STN637;SUPERB / COMBI 1.6 / TDI;Ceöka republika;CZE;osebni avtomobil;204;karavan;SUPERB 
88;1465;4.1;1;äKODA;AADCXAX01-NFM6FM62S033ST617;SUPERB / 1.6 / TDI;Ceöka republika;CZE;osebni avtomobil;206;limuzina;SUPERB 
88;1500;4.1;1;VOLKSWAGEN;ACDCXAX0-FD7FD7CW002SV7MMVR262;PASSAT / VARIANT 1.6 / TDI AUT.;Nemcija;DEU;osebni avtomobil;204;karavan;PASSAT 
88;1491;4.1;1;VOLKSWAGEN;ACDCXAX0-FM6FM62S033SH7MMVR263;PASSAT / VARIANT 1.6 / TDI;Nemcija;DEU;osebni avtomobil;204;karavan;PASSAT 
88;1485;4.1;1;VOLKSWAGEN;ACDCXAX0-FM6FM62S033SV7MMVR263;PASSAT / VARIANT 1.6 / TDI;Nemcija;DEU;osebni avtomobil;204;karavan;PASSAT 
88;1459;4.1;1;VOLKSWAGEN;AADCXAX0-FD7FD7CW002SV7MMVR263;PASSAT / 1.6 / TDI AUT.;Nemcija;DEU;osebni avtomobil;206;limuzina;PASSAT 
88;1670;4.1;1;VOLVO;BBW78-BW7881;V70 / 2.0 / TD;ävedska;SWE;osebni avtomobil;190;karavan;V70 
88;1345;4.2;1;FIAT;356SXC1B02A;TIPO / 1.6 / JTD;Italija;ITA;osebni avtomobil;199;limuzina;TIPO 
88;1472;4.2;1;FORD;DXA-XWDB1V-5SN1NB;C-MAX / 1.5 / TDCi 88 A6 S;Nemcija;DEU;osebni avtomobil;182;vecnamensko vozilo;C-MAX 
88;1403;4.2;1;FORD;DXA-XWDA1V-5HA1NA;C-MAX / 1.5 / TDCi 88 M6;Nemcija;DEU;osebni avtomobil;184;vecnamensko vozilo;C-MAX 
88;1388;4.2;1;FORD;DYB-XWDD16-5SNAMC;FOCUS / 1.5 / TDCI 88 A6 S;Nemcija;DEU;osebni avtomobil;191;karavan;FOCUS 
88;1364;4.2;1;FORD;DYB-XWDD15-5SNAMC;FOCUS / 1.5 / TDCi 88 A6 S;Nemcija;DEU;osebni avtomobil;191;vozilo z dviûnimi vrati zadaj;FOCUS 
88;1361;4.2;1;FORD;DYBXWDB16-5DAAMC;FOCUS / 1.6 / TDCi 85 M6 S;Nemcija;DEU;osebni avtomobil;193;karavan;FOCUS 
88;1358;4.2;1;FORD;DYB-XWDD14-5SNAMC;FOCUS / 1.5 / TDCi 88 A6 S;Nemcija;DEU;osebni avtomobil;193;limuzina;FOCUS 
88;1585;4.2;1;PEUGEOT;0ABHZT/2S;5008 / 1.6 / HDI AUT.;Francija;FRA;osebni avtomobil;187;vecnamensko vozilo;5008
88;1574;4.2;1;PEUGEOT;MCBHZH-S2F000;5008 / 1.6 / HDI;Francija;FRA;osebni avtomobil;182;vecnamensko vozilo;5008
88;1565;4.2;1;PEUGEOT;0EBHZM/2S;5008 /1.6 / HDI;Francija;FRA;osebni avtomobil;183;vecnamensko vozilo;5008
88;1545;4.2;1;PEUGEOT;0UBHZT/1S;3008 / 1.6 / HDI AUT.;Francija;FRA;osebni avtomobil;184;vecnamensko vozilo;3008
88;1520;4.2;1;PEUGEOT;8EBHZT/S;508 / BREAK 1.6 / HDI;Francija;FRA;osebni avtomobil;198;karavan;508
88;1512;4.2;1;PEUGEOT;MCBHZW-C2F000;3008 / 1.6 / HDI AUT.;Francija;FRA;osebni avtomobil;185;vecnamensko vozilo;3008
88;1485;4.2;1;äKODA;ACDCXAX01-NFM6FM62S033STN617;SUPERB / COMBI 1.6 / TDI;Ceöka republika;CZE;osebni avtomobil;204;karavan;SUPERB 
88;1370;4.2;1;SUZUKI;LYE81S-MT2;VITARA / 1.6 / TD 4WD;Madûarska;HUN;osebni avtomobil;180;vozilo z dviûnimi vrati zadaj;VITARA 
88;1315;4.2;1;SUZUKI;JYA82S-MT2;SX4 / 1.6 / TD;Madûarska;HUN;osebni avtomobil;180;vozilo z dviûnimi vrati zadaj;SX4 
88;1485;4.2;1;VOLKSWAGEN;ACDCXAX0-FM6FM62S033SV7MMVR261;PASSAT / VARIANT 1.6 / TDI;Nemcija;DEU;osebni avtomobil;204;karavan;PASSAT 
88;1594;4.2;1;VOLVO;FFW78-FW78C0;V 60 / 2.0 / TD AUT.;ävedska;SWE;osebni avtomobil;195;karavan;V 60 
88;1620;4.3;1;CITROEN;7JBHZM/2S;BERLINGO / 1.6 / HDI;Francija;FRA;osebni avtomobil;178;karavan;BERLINGO 
88;1395;4.3;1;FIAT;334AXA1110A;500X / 1.6 / OFF ROAD TCT;Italija;ITA;osebni avtomobil;186;vecnamensko vozilo;500X 
88;1395;4.3;1;FORD;DEH-ZTDA1PX-5ZGAU6AY8BW;FOCUS / 1.5 / EcoBlue 88 B6;Nemcija;DEU;osebni avtomobil;194;karavan;FOCUS 
88;1433;4.3;1;OPEL;ZCBHZW-C2F000;GRANDLAND X / 1.6 / CDTI AUT.;Nemcija;DEU;osebni avtomobil;188;vecnamensko vozilo;GRANDLAND X 
88;1392;4.3;1;OPEL;ZCBHZH-C2B000;GRANDLAND X / 1.6 / CDTI;Nemcija;DEU;osebni avtomobil;189;vecnamensko vozilo;GRANDLAND X 
88;1589;4.3;1;PEUGEOT;MCBHZW-S2F000;5008 / 1.6 / HDI AUT.;Francija;FRA;osebni avtomobil;185;vecnamensko vozilo;5008
88;1585;4.3;1;PEUGEOT;0EBHZT/1S;5008 / 1.6 / HDI AUT.;Francija;FRA;osebni avtomobil;187;vecnamensko vozilo;5008
88;1565;4.3;1;PEUGEOT;0EBHZM/1S;5008 /1.6 / HDI;Francija;FRA;osebni avtomobil;183;vecnamensko vozilo;5008
88;1545;4.3;1;PEUGEOT;0UBHZT/S;3008 / 1.6 / HDI AUT.;Francija;FRA;osebni avtomobil;184;vecnamensko vozilo;3008
88;1518;4.3;1;PEUGEOT;7JBHZM/2S;PARTNER / 1.6 / HDI;Francija;FRA;osebni avtomobil;178;karavan;PARTNER 
88;1496;4.3;1;PEUGEOT;MCBHZH-C2B000;3008 / 1.6 / HDI;Francija;FRA;osebni avtomobil;189;vecnamensko vozilo;3008
88;1380;4.3;1;SUZUKI;JYB82S-MT2;SX4 / 1.6 / TD 4WD;Madûarska;HUN;osebni avtomobil;175;vozilo z dviûnimi vrati zadaj;SX4 
88;1557;4.3;1;VOLVO;FFW78-FW78C0;V60 / 2.0 / TD AUT.;ävedska;SWE;osebni avtomobil;195;karavan;V60 
88;1536;4.3;1;VOLVO;FFS78-FS78C0;S60 / 2.0 / TD AUT.;ävedska;SWE;osebni avtomobil;195;limuzina;S60 
88;1280;4.4;1;ALFA ROMEO;955AXC1B02G;MITO / 1.6 / JTD;Italija;ITA;osebni avtomobil;198;vecnamensko vozilo;MITO 
88;1504;4.4;1;CITROEN;7SBHZM/1S;BERLINGO / 1.6 / HDI;Francija;FRA;osebni avtomobil;174;vecnamensko vozilo;BERLINGO 
88;1473;4.4;1;CITROEN;7JBHZM/1S;BERLINGO / 1.6 / HDI;Francija;FRA;osebni avtomobil;174;karavan;BERLINGO 
88;1591;4.4;1;FORD;DM2-XWMB1AX-5DGAZA00P1C;KUGA / 1.5 / DV5 88 B6 4x2;Nemcija;DEU;osebni avtomobil;175;vecnamensko vozilo;KUGA 
88;1501;4.4;1;FORD;DXA-XWDB1W-5HD2NJ;Grand C-MAX / 1.5 / TDCi 88 M6 S;Nemcija;DEU;osebni avtomobil;180;karavan;Grand C-MAX 
88;1639;4.4;1;HONDA;RE65-1;CR-V / 1.6 / I-DTEC;Zdruûeno kraljestvo;GBR;osebni avtomobil;182;vecnamensko vozilo;CR-V 
88;1398;4.4;1;HONDA;FC FC801-1;CIVIC / 1.6 / DIESEL / 4 VRATA;Japonska ;JPN;osebni avtomobil;201;limuzina;CIVIC 
88;1683;4.4;1;JEEP;MXJHMFLJ5MD1A;COMPASS / 1.6 / JTD FWD;Zdruûene drûave;USA;osebni avtomobil;196;vecnamensko vozilo;COMPASS 
88;1465;4.4;1;JEEP;BUAXH1B09A;RENEGADE / 1.6 / JTD FWD;Zdruûene drûave;USA;osebni avtomobil;178;vecnamensko vozilo;RENEGADE 
88;1574;4.4;1;PEUGEOT;MCBHZH-S2B000;5008 / 1.6 / HDI;Francija;FRA;osebni avtomobil;182;vecnamensko vozilo;5008
88;1565;4.4;1;PEUGEOT;0EBHZM/S;5008 /1.6 / HDI;Francija;FRA;osebni avtomobil;183;vecnamensko vozilo;5008
88;1512;4.4;1;PEUGEOT;MCBHZW-C2B000;3008 / 1.6 / HDI AUT.;Francija;FRA;osebni avtomobil;185;vecnamensko vozilo;3008
88;1504;4.4;1;PEUGEOT;7SBHZM/1S;PARTNER / 1.6 / HDI;Francija;FRA;osebni avtomobil;174;vecnamensko vozilo;PARTNER 
88;1473;4.4;1;PEUGEOT;7JBHZM/1S;PARTNER / 1.6 / HDI;Francija;FRA;osebni avtomobil;174;karavan;PARTNER 
88;1535;4.4;1;äKODA;ACDCXAX01-NFD7FD7CW0027MMSTN6270;SUPERB / COMBI 1.6 / TDI AUT.;Ceöka republika;CZE;osebni avtomobil;204;karavan;SUPERB 
88;1410;4.4;1;SUZUKI;JYB82S-MT;SX4 / 1.6 / TD 4WD;Madûarska;HUN;osebni avtomobil;175;vozilo z dviûnimi vrati zadaj;SX4 
88;1380;4.4;1;SUZUKI;JYB82S-MT2;SX4 / 1.6 / TD 4WD;Madûarska;HUN;osebni avtomobil;175;vozilo z dviûnimi vrati zadaj;SX4 
88;1315;4.4;1;SUZUKI;JYA82S-MT1;SX4 / 1.6 / TD;Madûarska;HUN;osebni avtomobil;180;vozilo z dviûnimi vrati zadaj;SX4 
88;1560;4.5;1;AUDI;LCJCCF1-FM6B1005RB8K1S57MJEM1;A4 / 2.0 / TDI;Nemcija;DEU;osebni avtomobil;205;limuzina;A4 
88;1560;4.5;1;AUDI;XDFTCF1-FM6FM6BB002P8U027MMEM1K1;Q3 / 2.0 / TDI;Nemcija;DEU;osebni avtomobil;190;karavan;Q3 
88;1395;4.5;1;FIAT;198AXL1B08;BRAVO / 1.6 / JTD;Italija;ITA;osebni avtomobil;195;vecnamensko vozilo;BRAVO 
88;1280;4.5;1;FIAT;199BXS1B36G;PUNTO / 1.6 / JTD;Italija;ITA;osebni avtomobil;190;vecnamensko vozilo;PUNTO 
88;1265;4.5;1;FIAT;199AXS1B35G;PUNTO / 1.6 / JTD;Italija;ITA;osebni avtomobil;190;vecnamensko vozilo;PUNTO 
88;1348;4.5;1;FORD;J2K-ZTJE12X-5EBDPNAQ5AT;PUMA / 1.5 / DV5 88 S B6;Nemcija;DEU;osebni avtomobil;185;vecnamensko vozilo;PUMA 
88;1653;4.5;1;HONDA;RE64-1;CR-V / 1.6 / i-DTEC;Zdruûeno kraljestvo;GBR;osebni avtomobil;182;vecnamensko vozilo;CR-V 
88;1647;4.5;1;HONDA;RE65-2;CR-V / 1.6 / i-DTEC;Zdruûeno kraljestvo;GBR;osebni avtomobil;182;vecnamensko vozilo;CR-V 
88;1641;4.5;1;HONDA;RE64-1;CR-V / 1.6 /;Zdruûeno kraljestvo;GBR;osebni avtomobil;182;vecnamensko vozilo;CR-V 
88;1430;4.5;1;HONDA;FK FK901-2;CIVIC / 1.6 / DIESEL;Japonska ;JPN;osebni avtomobil;201;vozilo z dviûnimi vrati zadaj;CIVIC 
88;1429;4.5;1;HONDA;FC FK901-2;CIVIC / 1.6 / DIESEL;Japonska ;JPN;osebni avtomobil;201;vozilo z dviûnimi vrati zadaj;CIVIC 
88;1490;4.5;1;JEEP;BUAXH1110A;RENEGADE / 1.6 / JTD FWD DDCT;Zdruûene drûave;USA;osebni avtomobil;178;vecnamensko vozilo;RENEGADE 
88;1788;4.5;1;OPEL;EAEHC12-BA2P3FPHA7;ZAFIRA / TOURER 1.6 / CDTI;Nemcija;DEU;osebni avtomobil;186;vecnamensko vozilo;ZAFIRA 
88;1701;4.5;1;OPEL;EAEHC12-BA2N4FPHA5;ZAFIRA / TOURER 1.6 / CDTI;Nemcija;DEU;osebni avtomobil;186;karavan;ZAFIRA 
88;1410;4.5;1;SUZUKI;JYB82S-DCT;SX4 / 1.6 / TD 4WD AUT.;Madûarska;HUN;osebni avtomobil;175;vozilo z dviûnimi vrati zadaj;SX4 
88;1400;4.5;1;SUZUKI;LYE81S-DCT2;VITARA / 1.6 / TD 4WD / AUT.;Madûarska;HUN;osebni avtomobil;180;vozilo z dviûnimi vrati zadaj;VITARA 
88;1483;4.5;1;VOLVO;MMV70-MV70V0;V40 / 2.0 / TD / AUT. FWD;ävedska;SWE;osebni avtomobil;190;vecnamensko vozilo;V40 
88;1280;4.6;1;ALFA ROMEO;955AXC1B02F;MITO / 1.6 / JTD;Italija;ITA;osebni avtomobil;198;vecnamensko vozilo;MITO 
88;1560;4.6;1;AUDI;XDFTCF1-FM6BB002P8U057MMEM1;Q3 / 2.0 / TDI;Nemcija;DEU;osebni avtomobil;190;karavan;Q3 
88;1475;4.6;1;FIAT;199LYE1BL6D;500L / 1.6 / JTD;Italija;ITA;osebni avtomobil;189;vecnamensko vozilo;500L 
88;1395;4.6;1;FIAT;198AXL1111C;BRAVO / 1.6 / JTD DUAL LOGIC;Italija;ITA;osebni avtomobil;195;vecnamensko vozilo;BRAVO 
88;1766;4.6;1;FORD;PJ2-XWGA1CSX-E5AGBZCBSAPC;TRANSIT CONNECT / 1.5 TDCi /;Nemcija;DEU;osebni avtomobil;173;vozilo z dostopom za invalidski vozicek;TRANSIT CONNECT 
88;1628;4.6;1;FORD;PJ2-XWGA1BHX-E7AGBZCBSAPG;G TOURNEO CONNECT 230 L2 /1.5 TDCi 88/ M6 120V 7 S;Nemcija;DEU;osebni avtomobil;173;vecnamensko vozilo;G TOURNEO CONNECT 230 L2 
88;1614;4.6;1;FORD;DM2-XRMA1A-5NB1PE;KUGA / 2.0 / TDCI 88 M6 4x2;Nemcija;DEU;osebni avtomobil;180;vecnamensko vozilo;KUGA 
88;1609;4.6;1;FORD;PJ2-XWGA1CSX-E5AGBZCBSAPC;TRANSIT CONNECT / 1.5 TDCi /;Nemcija;DEU;osebni avtomobil;173;karavan;TRANSIT CONNECT 
88;1609;4.6;1;FORD;PJ2-XWGA1CSX-E5AGBZCBSAPC;TRANSIT CONECT;Nemcija;DEU;osebni avtomobil;173;karavan;TRANSIT CONECT
88;1582;4.6;1;FORD;PJ2-XWGA1BSX-E7AGBZCBSAPD;G TOURNEO CONNECT 230 L2 /1.5 TDCi 88/ M6 7 S;Nemcija;DEU;osebni avtomobil;173;vecnamensko vozilo;G TOURNEO CONNECT 230 L2 
88;1556;4.6;1;FORD;PJ2-XWGA1BSX-E5AGBZCBSAPA;G TOURNEO CONNECT 230 L2 /1.5 TDCi 88/ M6 5 S;Nemcija;DEU;osebni avtomobil;173;karavan;G TOURNEO CONNECT 230 L2 
88;1532;4.6;1;FORD;DXA-XWDD1W-7SN4PK;Grand C-MAX / 1.5 / TDCi 88 A6 S;Nemcija;DEU;osebni avtomobil;178;karavan;Grand C-MAX 
88;1521;4.6;1;FORD;PJ2-XWGA1BSX-B5AGAZCBSAPF;TOURNEO CONNECT 205 L1 /1.5 TDCi 88/ M6 S;Nemcija;DEU;osebni avtomobil;173;vecnamensko vozilo;TOURNEO CONNECT 205 L1 
88;1501;4.6;1;FORD;DXA-XWDA1W-5HD2NJ;Grand C-MAX / 1.5 / TDCi 88 M6;Nemcija;DEU;osebni avtomobil;180;karavan;Grand C-MAX 
88;1413;4.6;1;FORD;DEH-ZTDA1PX-5ZGAM6ACBBW;FOCUS 1.5 / EcoBlue 88 B6;Nemcija;DEU;osebni avtomobil;194;karavan;FOCUS 1.5 
88;1395;4.6;1;FORD;DEH-ZTDA1PX-5ZGAH6AP9BW;FOCUS 1.5 / EcoBlue 88 B6;Nemcija;DEU;osebni avtomobil;194;karavan;FOCUS 1.5 
88;1363;4.6;1;FORD;DEH-ZTDA1NX-5ZGAZ6ACBAQ;FOCUS 1.5 / EcoBlue 88 B6;Nemcija;DEU;osebni avtomobil;196;vozilo z dviûnimi vrati zadaj;FOCUS 1.5 
88;1465;4.6;1;JEEP;BUAXA1B00A;RENEGADE / 1.6 / JTD FWD;Zdruûene drûave;USA;osebni avtomobil;178;vecnamensko vozilo;RENEGADE 
88;1485;4.6;1;LANCIA;844AXC1105C;DELTA / 1.6 / JTD DFN;Italija;ITA;osebni avtomobil;194;vecnamensko vozilo;DELTA 
88;1430;4.6;1;OPEL;ZCBHZW-C2B000;GRANDLAND X / 1.6 / CDTI AUT.;Nemcija;DEU;osebni avtomobil;188;vecnamensko vozilo;GRANDLAND X 
88;1589;4.6;1;PEUGEOT;MCBHZW-S2B000;5008 / 1.6 / HDI AUT.;Francija;FRA;osebni avtomobil;185;vecnamensko vozilo;5008
88;1430;4.6;1;SUZUKI;JYB82S-DCT;SX4 / 1.6 / TD 4WD AUT.;Madûarska;HUN;osebni avtomobil;175;vozilo z dviûnimi vrati zadaj;SX4 
88;1380;4.6;1;SUZUKI;JYB82S-MT1;SX4 / 1.6 / TD 4WD;Madûarska;HUN;osebni avtomobil;175;vozilo z dviûnimi vrati zadaj;SX4 
88;1453;4.6;1;VOLVO;MMV70-MV70V1;V40 / 2.0 / TD / MAN. FWD;ävedska;SWE;osebni avtomobil;190;vecnamensko vozilo;V40 
88;1615;4.7;1;AUDI;ACJCCF1-FM6B1005RB8K1S57MGEM1;A4 AVANT / 2.0 / TDI;Nemcija;DEU;osebni avtomobil;197;karavan;A4 AVANT 
88;1560;4.7;1;AUDI;XCUVDF1-FM6BB002P8U057MMEM1;Q3 / 2.0 / TDI;Nemcija;DEU;osebni avtomobil;190;karavan;Q3 
88;1505;4.7;1;FIAT;263AXN1BSN5DE;DOBLO / 1.6 / MULTIJET;Italija;ITA;osebni avtomobil;176;vecnamensko vozilo;DOBLO 
88;1505;4.7;1;FIAT;263AXN1BSN5DE;DOBLO / 1.6 / MULTIJET;Italija;ITA;osebni avtomobil;176;limuzina;DOBLO 
88;1395;4.7;1;FIAT;198AXL1B08G;BRAVO / 1.6 / JTD;Italija;ITA;osebni avtomobil;195;vecnamensko vozilo;BRAVO 
88;1395;4.7;1;FIAT;198AXL1B08G;BRAVO / 1.6 / JTD;Italija;ITA;osebni avtomobil;187;vecnamensko vozilo;BRAVO 
88;1614;4.7;1;FORD;DM2XRMA1A-5NNAPE;KUGA / 2.0 / TDCI 88 M6 4x2;Nemcija;DEU;osebni avtomobil;180;vecnamensko vozilo;KUGA 
88;1498;4.7;1;FORD;DXA-XWDG1VX-5HAAZ6AA466;C-MAX / 1.5 / DV5 88 B6 S;Nemcija;DEU;osebni avtomobil;184;vecnamensko vozilo;C-MAX 
88;1413;4.7;1;FORD;DEH-ZTDA1PX-5ZGAM6ACBAW;FOCUS 1.5 / EcoBlue 88 B6;Nemcija;DEU;osebni avtomobil;194;karavan;FOCUS 1.5 
88;1395;4.7;1;FORD;DEH-ZTDA1PX-5ZGAF6AP9BW;FOCUS 1.5 / EcoBlue 88 B6;Nemcija;DEU;osebni avtomobil;194;karavan;FOCUS 1.5 
88;1395;4.7;1;FORD;DEH-ZTDA1PX-5ZGAH6AP9BW;FOCUS / 1.5 / EcoBlue 88 B6;Nemcija;DEU;osebni avtomobil;194;karavan;FOCUS 
88;1363;4.7;1;FORD;DEH-ZTDA1NX-5ZGAZ6ACBAQ;FOCUS / 1.5 / DV5 88 B6 S;Nemcija;DEU;osebni avtomobil;196;vozilo z dviûnimi vrati zadaj;FOCUS 
88;1654;4.7;1;HONDA;RE64-2;CR-V / 1.6 / I-DTEC;Zdruûeno kraljestvo;GBR;osebni avtomobil;182;vecnamensko vozilo;CR-V 
88;1358;4.7;1;HONDA;FC FK901-2;CIVIC / 1.6 / DIESEL;Japonska ;JPN;osebni avtomobil;201;vozilo z dviûnimi vrati zadaj;CIVIC 
88;1485;4.7;1;LANCIA;844AXC1A02G;DELTA / 1.6 / JTD;Italija;ITA;osebni avtomobil;194;vecnamensko vozilo;DELTA 
88;1565;4.7;1;MERCEDES BENZ;H0S0M0-KZAAA501;C / 180 / CDI;Nemcija;DEU;osebni avtomobil;208;limuzina;C 
88;1788;4.7;1;OPEL;EAEHC12-BA2P3FPHJ5;ZAFIRA / TOURER 1.6 / CDTI;Nemcija;DEU;osebni avtomobil;186;karavan;ZAFIRA 
88;1733;4.7;1;OPEL;EAEHC12-BA2N4FPHJ5;ZAFIRA / TOURER 1.6 / CDTI;Nemcija;DEU;osebni avtomobil;186;karavan;ZAFIRA 
88;1280;4.8;1;ALFA ROMEO;955AXC1B02B;MITO / 1.6 / JTD;Italija;ITA;osebni avtomobil;198;vecnamensko vozilo;MITO 
88;1590;4.8;1;AUDI;XDFTCF1-FD7FD7BH002P8U027MMEM1;Q3 / 2.0 / TDI AUT.;Nemcija;DEU;osebni avtomobil;190;karavan;Q3 
88;1395;4.8;1;FIAT;198AXL1B08E;BRAVO / 1.6 / JTD;Italija;ITA;osebni avtomobil;195;vecnamensko vozilo;BRAVO 
88;1605;4.8;1;FORD;DM2-XWMC1AX-5SUAZA00P1C;KUGA / 1.5 / DV5 88 A6 4X2;Nemcija;DEU;osebni avtomobil;173;vecnamensko vozilo;KUGA 
88;1395;4.8;1;FORD;DEH-ZTDA1PX-5ZGAH6AP9CW;FOCUS 1.5 / EcoBlue 88 B6 Active;Nemcija;DEU;osebni avtomobil;190;karavan;FOCUS 1.5 
88;1395;4.8;1;FORD;DEH-ZTDA1PX-5ZGAH6AP9CW;FOCUS / 1.5 / EcoBlue 88 B6 Active;Nemcija;DEU;osebni avtomobil;190;karavan;FOCUS 
88;1363;4.8;1;FORD;DEH-ZTDA1NX-5ZGAZ6ACBAQ;FOCUS / 1.5 / DV5 88 B6 S;Nemcija;DEU;osebni avtomobil;196;vozilo z dviûnimi vrati zadaj;FOCUS 
88;1502;4.8;1;LANCIA;844AXC1A02E;DELTA / 1.6 / JTD;Italija;ITA;osebni avtomobil;194;vecnamensko vozilo;DELTA 
88;1615;4.8;1;MERCEDES BENZ;H2S0M0-KLAAA500;C / 180 T / CDI;Nemcija;DEU;osebni avtomobil;201;karavan;C 
88;1565;4.8;1;MERCEDES BENZ;H0S0M0-KZAAA500;C / 180 / CDI;Nemcija;DEU;osebni avtomobil;208;limuzina;C 
88;1590;4.9;1;AUDI;XDFTCF1-FD7FD7BH002P8U047MMEM1;Q3 / 2.0 / TDI AUT.;Nemcija;DEU;osebni avtomobil;190;karavan;Q3 
88;1545;4.9;1;AUDI;LCAGCF1-FM6B1005R8K607MGEM1;A4 / 2.0 / TDI;Nemcija;DEU;osebni avtomobil;205;limuzina;A4 
88;1600;4.9;1;FIAT;263AXN1BLS5DE;DOBLO / 1.6 / MULTIJET;Italija;ITA;osebni avtomobil;176;vecnamensko vozilo;DOBLO 
88;1395;4.9;1;FIAT;198AXL1B08C;BRAVO / 1.6 / JTD;Italija;ITA;osebni avtomobil;195;vecnamensko vozilo;BRAVO 
88;1454;4.9;1;FORD;DEH-ZTDA1PX-52DAE6AQABZ;FOCUS 1.5 / EcoBlue 88 A8;Nemcija;DEU;osebni avtomobil;191;karavan;FOCUS 1.5 
88;1454;4.9;1;FORD;DEH-ZTDA1PX-52DAH6AY9CZ;FOCUS / 1.5 / EcoBlue 88 A8 Active;Nemcija;DEU;osebni avtomobil;187;karavan;FOCUS 
88;1413;4.9;1;FORD;DEH-ZTDA1PX-5ZGAH6ACBAW;FOCUS 1.5 / EcoBlue 88 B6;Nemcija;DEU;osebni avtomobil;194;karavan;FOCUS 1.5 
88;1363;4.9;1;FORD;DEH-ZTDA1NX-5ZGAZ6ACBAQ;FOCUS / 1.5 / DV5 88 B6 S;Nemcija;DEU;osebni avtomobil;196;vozilo z dviûnimi vrati zadaj;FOCUS 
88;1279;4.9;0;FORD;JK8-M1JA1K5ABALR;B-MAX / 1.0 / 88;Nemcija;DEU;osebni avtomobil;189;vecnamensko vozilo;B-MAX 
88;1485;4.9;1;LANCIA;844AXC1A02;DELTA / 1.6 / JTD;Italija;ITA;osebni avtomobil;195;vecnamensko vozilo;DELTA 
88;1485;4.9;1;LANCIA;844AXC1A02C;DELTA / 1.6 / JTD;Italija;ITA;osebni avtomobil;194;vecnamensko vozilo;DELTA 
88;1590;4.9;1;MERCEDES BENZ;H0S0M0-NZABA500;C / 180 / CDI AUT.;Nemcija;DEU;osebni avtomobil;206;limuzina;C 
88;1565;4.9;1;MERCEDES BENZ;H0S0M0-KZAAA501;C / 180 / CDI;Nemcija;DEU;osebni avtomobil;208;limuzina;C 
88;1613;4.9;1;RENAULT;RFDLH2A86TA1P10000;TALISMAN / 1.7 / DCI;Francija;FRA;osebni avtomobil;197;limuzina;TALISMAN 
88;1605;5.1;1;AUDI;ACAGCF1-FM6B1005R8K607MGEM1;A4 AVANT / 2.0 / TDI;Nemcija;DEU;osebni avtomobil;197;karavan;A4 AVANT 
88;1545;5.1;1;AUDI;LCAGCF1-FM6B1005R8K607MGEM1;A4 / 2.0 / TDI;Nemcija;DEU;osebni avtomobil;205;limuzina;A4 
88;1540;5.1;1;AUDI;LCAGCF1-FM6B1005R8K607MB;A4 / 2.0 / TDI;Nemcija;DEU;osebni avtomobil;205;limuzina;A4 
88;1456;5.1;1;CITROEN;2CYHX1-R2F101;C3 AIRCROSS / 1.5 / HDI AUT.;Francija;FRA;osebni avtomobil;179;vecnamensko vozilo;C3 AIRCROSS 
88;1576;5.1;1;FORD;DFK-ZTDA1FX-544AE6AP2AB;KUGA / 1.5 / DV5 88 B6 4x2;Nemcija;DEU;osebni avtomobil;180;vecnamensko vozilo;KUGA 
88;1366;5.1;0;MAZDA;64661WX;MAZDA 3 / SP / G120;Japonska ;JPN;osebni avtomobil;195;vozilo z dviûnimi vrati zadaj;MAZDA 3 
88;1360;5.1;0;MAZDA;62661WX;MAZDA 3 / G120 /;Japonska ;JPN;osebni avtomobil;198;limuzina;MAZDA 3 
88;1280;5.1;0;MAZDA;54661W0;MAZDA 3 / SP / G120;Japonska ;JPN;osebni avtomobil;195;vozilo z dviûnimi vrati zadaj;MAZDA 3 
88;1275;5.1;0;MAZDA;52661W0;MAZDA 3 / G120;Japonska ;JPN;osebni avtomobil;198;limuzina;MAZDA 3 
88;1645;5.1;1;MERCEDES BENZ;H2S0M0-NZAAA500;C / 180 T / CDI AUT.;Nemcija;DEU;osebni avtomobil;200;karavan;C 
88;1590;5.1;1;MERCEDES BENZ;H0S0M0-NZABA503;C / 180 / CDI AUT.;Nemcija;DEU;osebni avtomobil;206;limuzina;C 
88;1555;5.2;1;ALFA ROMEO;939AXE1B04D;159 / 1.9 / M-JET;Italija;ITA;osebni avtomobil;197;limuzina;159
88;1465;5.2;1;FIAT;356WXG1BW8E5A;TIPO / 1.6 / JTD;Italija;ITA;osebni avtomobil;200;vecnamensko vozilo;TIPO 
88;1576;5.2;1;FORD;DFK-ZTDA1FX-544AE6AP2AB;KUGA / 1.5 / DV5 88 B6 4x2;Nemcija;DEU;osebni avtomobil;180;vecnamensko vozilo;KUGA 
88;1645;5.2;1;MERCEDES BENZ;H2S0M0-NZAAA501;C / 180 T / CDI AUT.;Nemcija;DEU;osebni avtomobil;200;karavan;C 
88;1635;5.2;1;MERCEDES BENZ;H200M0-KZAAA500;C / 180 T / CDI;Nemcija;DEU;osebni avtomobil;201;karavan;C 
88;1350;5.2;1;OPEL;EA072CB12-BC1VAGPALA5;CROSSLAND X / 1.5 / CDTI AUT.;Nemcija;DEU;osebni avtomobil;183;vecnamensko vozilo;CROSSLAND X 
88;1642;5.2;1;RENAULT;RFDLH2A86TA0410000;TALISMAN / 1.7 / DCI;Francija;FRA;osebni avtomobil;191;limuzina;TALISMAN 
88;1634;5.2;1;RENAULT;RFDLH2A86TA1H10000;TALISMAN / 1.7 / DCI;Francija;FRA;osebni avtomobil;197;limuzina;TALISMAN 
88;1165;5.2;0;RENAULT;5R40SE;CLIO / 1.2 / 16V AUT.;Francija;FRA;osebni avtomobil;199;vozilo z dviûnimi vrati zadaj;CLIO 
88;1605;5.3;1;ALFA ROMEO;939BXE1B14D;159 / SW 1.9 / M-JET;Italija;ITA;osebni avtomobil;196;karavan;159
88;1600;5.3;1;AUDI;ACAGCF1-FM6B1005R8K607MB;A4 AVANT / 2.0 / TDI;Nemcija;DEU;osebni avtomobil;197;karavan;A4 AVANT 
88;1424;5.3;1;CITROEN;2CYHXX-R2F001;C3 AIRCROSS / 1.5 / HDI AUT.;Francija;FRA;osebni avtomobil;179;vecnamensko vozilo;C3 AIRCROSS 
88;1625;5.3;1;FIAT;263AXN1BHS5DE;DOBLO / 1.6 / MULTIJET;Italija;ITA;osebni avtomobil;171;vozilo z dostopom za invalidski vozicek;DOBLO 
88;1595;5.3;1;FIAT;194AXB1B02G;CROMA / 1.9 / JTD;Italija;ITA;osebni avtomobil;197;vecnamensko vozilo;CROMA 
88;1395;5.3;1;FIAT;356HXG1BH8E5;TIPO / 1.6 / JTD;Italija;ITA;osebni avtomobil;201;vecnamensko vozilo;TIPO 
88;1395;5.3;1;FIAT;198AXB1A01;BRAVO / 1.9 / JTD;Italija;ITA;osebni avtomobil;194;vecnamensko vozilo;BRAVO 
88;1340;5.3;1;FIAT;192AXS1A39;STILO / 1.9 / JTD;Italija;ITA;osebni avtomobil;194;vozilo z dviûnimi vrati zadaj;STILO 
88;1265;5.3;1;FIAT;192AXS1A39;STILO / 1.9 / JTD;Italija;ITA;osebni avtomobil;172;vozilo z dviûnimi vrati zadaj;STILO 
88;1394;5.3;1;FORD;DEH-ZTDA1NX-52DAZ6ACAAS;FOCUS / 1.5 / DV5 88 A8 S;Nemcija;DEU;osebni avtomobil;193;vozilo z dviûnimi vrati zadaj;FOCUS 
88;1394;5.3;1;FORD;DEH-ZTDA1NX-52DAZ6ACAAS;FOCUS 1.5 / EcoBlue 88 A8;Nemcija;DEU;osebni avtomobil;193;vozilo z dviûnimi vrati zadaj;FOCUS 1.5 
88;1645;5.3;1;MERCEDES BENZ;H2S0M0-NZAAA502;C / 180 T / CDI AUT.;Nemcija;DEU;osebni avtomobil;200;karavan;C 
88;1350;5.3;1;OPEL;EA072CB12-BC1VAGPALA5;CROSSLAND X / 1.5 / CDTI AUT.;Nemcija;DEU;osebni avtomobil;183;vecnamensko vozilo;CROSSLAND X 
88;1565;5.3;1;SEAT;ACCAGCX0-SGFM61X0127MG;EXEO ST / 2.0 / TDI;äpanija;ESP;osebni avtomobil;196;karavan;EXEO ST 
88;1150;5.3;0;SUZUKI;LYD21S-MT2;VITARA / 1.6 /;Madûarska;HUN;osebni avtomobil;180;vozilo z dviûnimi vrati zadaj;VITARA 
88;1463;5.3;0;VOLVO;MV2051;V40 / 1.6 / T;ävedska;SWE;osebni avtomobil;195;vecnamensko vozilo;V40 
88;1465;5.4;1;FIAT;356WXG1BW8E5;TIPO / 1.6 / JTD;Italija;ITA;osebni avtomobil;200;vecnamensko vozilo;TIPO 
88;1395;5.4;1;FIAT;192BXS1A40;STILO / 1.9 / JTD;Italija;ITA;osebni avtomobil;193;vozilo z dviûnimi vrati zadaj;STILO 
88;1599;5.4;1;FORD;DFK-ZTDA1FX-522AF6AP3AC;KUGA / 1.5 / DV5 88 A8 4x2;Nemcija;DEU;osebni avtomobil;177;vecnamensko vozilo;KUGA 
88;1505;5.4;1;JEEP;BUAXM1BE12G5;RENEGADE / 1.6 / JTD FWD;Zdruûene drûave;USA;osebni avtomobil;179;vecnamensko vozilo;RENEGADE 
88;1140;5.4;0;MINI;MF31-AA;COOPER / /;Nemcija;DEU;osebni avtomobil;203;vozilo z dviûnimi vrati zadaj;COOPER 
88;1471;5.4;0;OPEL;EADNC11-BX1H4EKTJ5;MERIVA / 1.4 / TURBO;Nemcija;DEU;osebni avtomobil;188;vecnamensko vozilo;MERIVA 
88;1393;5.4;0;OPEL;EADNC11-BX1H4EKTK5;MERIVA / 1.4 / TURBO;Nemcija;DEU;osebni avtomobil;188;vecnamensko vozilo;MERIVA 
88;1350;5.4;1;OPEL;EA072CB12-BA1VAGPAL25;CROSSLAND X / 1.5 / CDTI AUT.;Nemcija;DEU;osebni avtomobil;183;vecnamensko vozilo;CROSSLAND X 
88;1659;5.4;1;RENAULT;RFDLH2A86TA2H10000;TALISMAN / 1.7 / DCI;Francija;FRA;osebni avtomobil;197;limuzina;TALISMAN 
88;1505;5.4;1;RENAULT;EMRG06;MEGANE / CABRIOLET 1.9;Francija;FRA;osebni avtomobil;200;kabriolet;MEGANE 
88;1385;5.4;1;RENAULT;KMRG06;MEGANE / GRANDTOUR 1.9 / DCI;Francija;FRA;osebni avtomobil;194;karavan;MEGANE 
88;1379;5.4;1;RENAULT;LMRG-06;MEGANE / 1.9;Francija;FRA;osebni avtomobil;196;limuzina;MEGANE 
88;1370;5.4;1;RENAULT;LMRG-06;MEGANE / SEDAN 1.9 / DCI;Francija;FRA;osebni avtomobil;196;limuzina;MEGANE 
88;1370;5.4;1;RENAULT;LMRG-06;MEGANE SEDAN 1.9 DCI;Francija;FRA;osebni avtomobil;196;limuzina;MEGANE SEDAN 1.9 DCI
88;1345;5.4;1;RENAULT;BMRG06;MEGANE / 1.9;Francija;FRA;osebni avtomobil;196;vozilo z dviûnimi vrati zadaj;MEGANE 
88;1325;5.4;1;RENAULT;CMRG06;MEGANE / 1.9 / DCI;Francija;FRA;osebni avtomobil;196;vozilo z dviûnimi vrati zadaj;MEGANE 
88;1310;5.4;1;RENAULT;KMRG06;MEGANE / 1.9 / DCI;Francija;FRA;osebni avtomobil;194;karavan;MEGANE 
88;1310;5.4;1;RENAULT;KMRG06;MEGANE/GRANDTOUR  1.9 / DCI;Francija;FRA;osebni avtomobil;194;karavan;MEGANE
88;1270;5.4;1;RENAULT;BMRG06;MEGANE / 1.9 / DCI;Francija;FRA;osebni avtomobil;200;vozilo z dviûnimi vrati zadaj;MEGANE 
88;1270;5.4;1;RENAULT;BM0G06;MEGANE / 1.9 / DCI;Francija;FRA;osebni avtomobil;196;vozilo z dviûnimi vrati zadaj;MEGANE 
88;1255;5.4;0;RENAULT;2R401E;CAPTUR / 1.2 / 16V AUT.;Francija;FRA;osebni avtomobil;192;vozilo z dviûnimi vrati zadaj;CAPTUR 
88;1250;5.4;1;RENAULT;CM0G06;MEGANE / 1.9 / DCI;Francija;FRA;osebni avtomobil;196;vozilo z dviûnimi vrati zadaj;MEGANE 
88;1565;5.4;1;SAAB;YS3FF4V-M602;9-3 / 1.9 / TID;ävedska;SWE;osebni avtomobil;200;limuzina;09-Mar
88;1385;5.5;1;ALFA ROMEO;937BXU1A33D;147 / 1.9 / JTD;Italija;ITA;osebni avtomobil;195;vozilo z dviûnimi vrati zadaj;147
88;1600;5.5;1;FIAT;263AXN1BLS5DN;DOBLO / 1.6 / MULTIJET;Italija;ITA;osebni avtomobil;172;vecnamensko vozilo;DOBLO 
88;1505;5.5;1;FIAT;263AXN1BTN7DN;DOBLO / 1.6 / MULTIJET;Italija;ITA;osebni avtomobil;168;vecnamensko vozilo;DOBLO 
88;1295;5.5;1;FIAT;199BXE1B09;GRANDE PUNTO / 1.9 / JTD;Italija;ITA;osebni avtomobil;190;vecnamensko vozilo;GRANDE PUNTO 
88;1295;5.5;1;FIAT;199BXE1B-09;PUNTO GRANDE / 1.9 JTD;Italija;ITA;osebni avtomobil;190;vecnamensko vozilo;PUNTO GRANDE 
88;1280;5.5;1;FIAT;199AXE1B08E;PUNTO / 1.9 / JTD;Italija;ITA;osebni avtomobil;190;vecnamensko vozilo;PUNTO 
88;1599;5.5;1;FORD;DFK-ZTDA1FX-522AE6AP3AC;KUGA / 1.5 / DV5 88 A8 4x2;Nemcija;DEU;osebni avtomobil;177;vecnamensko vozilo;KUGA 
88;1530;5.5;1;FORD;DEH-ZTDA1NX-52DAZ6ACAAS;FOCUS / 1.5 / DV5 88 A8 S;Nemcija;DEU;osebni avtomobil;193;vozilo z dviûnimi vrati zadaj;FOCUS 
88;1220;5.5;0;MINI;ML31-AI;COOPER CLUBMAN / /;Nemcija;DEU;osebni avtomobil;201;karavan;COOPER CLUBMAN 
88;1503;5.5;0;OPEL;CADAC11-BA1J1JDWA5;ASTRA / 1.4 / 16V TURBO;Nemcija;DEU;osebni avtomobil;192;vozilo z dviûnimi vrati zadaj;ASTRA 
88;1471;5.5;0;OPEL;CADAC12-BA1H4JDWA5;ASTRA / 1.4 / TURBO;Nemcija;DEU;osebni avtomobil;192;vozilo z dviûnimi vrati zadaj;ASTRA 
88;1259;5.5;0;OPEL;P211-4AAED8R0DHF5;CORSA / 1.4 / 16V TURBO;Nemcija;DEU;osebni avtomobil;193;vecnamensko vozilo;CORSA 
88;1199;5.5;0;OPEL;F211-4AADB1P0DHJ5;CORSA / 1.4 / 16V TURBO;Nemcija;DEU;osebni avtomobil;195;vecnamensko vozilo;CORSA 
88;1199;5.5;0;OPEL;F211-4AADB1P0DHF5;CORSA / 1.4 / 16V TURBO;Nemcija;DEU;osebni avtomobil;193;vecnamensko vozilo;CORSA 
88;1700;5.5;1;RENAULT;RFAJH2A86TA0415000;SCENIC / 1.7 / DCI;Francija;FRA;osebni avtomobil;185;vozilo z dviûnimi vrati zadaj;SCENIC 
88;1698;5.5;1;RENAULT;RFAJH2A86TA0415000;SCENIC / 1.7 / DCI;Francija;FRA;osebni avtomobil;195;vozilo z dviûnimi vrati zadaj;SCENIC 
88;1691;5.5;1;RENAULT;RFAJH2A86TA1U15000;SCENIC / 1.7 / DCI;Francija;FRA;osebni avtomobil;195;vozilo z dviûnimi vrati zadaj;SCENIC 
88;1672;5.5;1;RENAULT;RFDKH2A86TA0410000;TALISMAN GRANDTOUR / 1.7 / DCI;Francija;FRA;osebni avtomobil;191;karavan;TALISMAN GRANDTOUR 
88;1500;5.5;1;RENAULT;EMRG06;MEGANE / CABRIOLET 1.9 / DCI;Francija;FRA;osebni avtomobil;200;kabriolet;MEGANE 
88;1425;5.5;1;RENAULT;BG1GB6;LAGUNA / 1.9 / DCI;Francija;FRA;osebni avtomobil;202;vozilo z dviûnimi vrati zadaj;LAGUNA 
88;1425;5.5;1;RENAULT;BGRG06;LAGUNA / 1.9 / DCI;Francija;FRA;osebni avtomobil;200;vozilo z dviûnimi vrati zadaj;LAGUNA 
88;1425;5.5;1;RENAULT;EMRG06;MEGANE / CABRIO 1.9 / DCI;Francija;FRA;osebni avtomobil;200;kabriolet;MEGANE 
88;1270;5.5;1;RENAULT;BMRG06;MEGANE / 1.9 / DCI;Francija;FRA;osebni avtomobil;200;vozilo z dviûnimi vrati zadaj;MEGANE 
88;1255;5.5;0;RENAULT;2RC01E;CAPTUR / 1.2 / 16V AUT.;Francija;FRA;osebni avtomobil;192;vozilo z dviûnimi vrati zadaj;CAPTUR 
88;1710;5.5;1;SAAB;YS3FF5V-M6 01;9-3 / ESTATE 1.9 / TID;ävedska;SWE;osebni avtomobil;195;karavan;09-Mar
88;1630;5.5;1;SAAB;YS3FF5V-M601;9-3 / ESTATE 1.9 / TID;ävedska;SWE;osebni avtomobil;195;karavan;09-Mar
88;1565;5.5;1;SEAT;ACCAGCX0-SGFM61X0087MG;EXEO ST / 2.0 / TDI;äpanija;ESP;osebni avtomobil;198;karavan;EXEO ST 
88;1200;5.5;0;SUZUKI;JYA22S-CVT;SX4 / 1.6 / CVT;Madûarska;HUN;osebni avtomobil;170;vozilo z dviûnimi vrati zadaj;SX4 
88;1195;5.5;0;SUZUKI;LYD21S-AT2;VITARA / 1.6 / AUT.;Madûarska;HUN;osebni avtomobil;180;vozilo z dviûnimi vrati zadaj;VITARA 
88;1160;5.5;0;SUZUKI;JYA22S-MT1;SX4 / 1.6 /;Madûarska;HUN;osebni avtomobil;180;vozilo z dviûnimi vrati zadaj;SX4 
88;1485;5.6;1;FIAT;192CXS1A41;STILO / MW 1.9 / JTD;Italija;ITA;osebni avtomobil;193;vecnamensko vozilo;STILO 
88;1485;5.6;1;FIAT;192CXS1A41;STILO / MW 1.9;Italija;ITA;osebni avtomobil;193;karavan;STILO 
88;1440;5.6;1;FIAT;192DXS1A-BX;STILO / MW 1.9 / JTD;Italija;ITA;osebni avtomobil;193;vecnamensko vozilo;STILO 
88;1410;5.6;1;FIAT;192CXS1A 41;STILO / SW 1.9 / JTD;Italija;ITA;osebni avtomobil;203;vecnamensko vozilo;STILO 
88;1410;5.6;1;FIAT;192CXS1A41B;STILO / MW 1.9 / JTD;Italija;ITA;osebni avtomobil;193;vecnamensko vozilo;STILO 
88;1410;5.6;1;FIAT;192-CXS1A-41;STILO / MW / 1.9 / JTD;Italija;ITA;osebni avtomobil;190;vecnamensko vozilo;STILO 
88;1295;5.6;1;FIAT;199BXE1B09;GRANDE PUNTO / 1.9 / JTD;Italija;ITA;osebni avtomobil;190;vecnamensko vozilo;GRANDE PUNTO 
88;1599;5.6;1;FORD;DFK-ZTDA1FX-522AE6AP3AC;KUGA / 1.5 / DV5 88 A8 4x2;Nemcija;DEU;osebni avtomobil;177;vecnamensko vozilo;KUGA 
88;1454;5.6;1;FORD;DEH-ZTDA1PX-52DAH6ACAAZ;FOCUS 1.5 / EcoBlue 88 A8;Nemcija;DEU;osebni avtomobil;191;karavan;FOCUS 1.5 
88;1615;5.6;1;JEEP;MPJHMFLNN1AAD8;COMPASS / 1.6 / JTD FWD HEA;Italija;ITA;osebni avtomobil;187;vecnamensko vozilo;COMPASS 
88;1360;5.6;0;MAZDA;64681WX;MAZDA 3 / SP / G120 AT;Japonska ;JPN;osebni avtomobil;194;vozilo z dviûnimi vrati zadaj;MAZDA 3 
88;1315;5.6;0;MAZDA;54681W0;MAZDA 3 / SP / G120 / AT;Japonska ;JPN;osebni avtomobil;194;vozilo z dviûnimi vrati zadaj;MAZDA 3 
88;1310;5.6;0;MAZDA;52681WX;MAZDA 3 / G120 / AT;Japonska ;JPN;osebni avtomobil;198;limuzina;MAZDA 3 
88;1395;5.6;1;OPEL;BN11-1A10ACRFFD5;ASTRA / 1.9 / DT;Nemcija;DEU;osebni avtomobil;194;vozilo z dviûnimi vrati zadaj;ASTRA 
88;1395;5.6;1;OPEL;BN11-1A10ACRFFD5;ASTRA / 1.9 / DT;Nemcija;DEU;osebni avtomobil;191;vozilo z dviûnimi vrati zadaj;ASTRA 
88;1393;5.6;1;OPEL;FM11-1A06ACMFFD5;ASTRA / CAR. 1.9 / DT;Nemcija;DEU;osebni avtomobil;193;karavan;ASTRA 
88;1375;5.6;1;OPEL;KP11-1A21ADRFFD5;ASTRA / 1.9 / DT;Nemcija;DEU;osebni avtomobil;196;kupe;ASTRA 
88;1165;5.6;0;PEUGEOT;CC5FS0;208 / 1.6 / i 16V;Francija;FRA;osebni avtomobil;190;vozilo z dviûnimi vrati zadaj;208
88;1779;5.6;1;RENAULT;RFARH2A86TA0417000;GRAND SCENIC / 1.7 / DCI;Francija;FRA;osebni avtomobil;193;vozilo z dviûnimi vrati zadaj;GRAND SCENIC 
88;1772;5.6;1;RENAULT;RFARH2A86TA0417000;GRAND SCENIC / 1.7 / DCI;Francija;FRA;osebni avtomobil;185;vozilo z dviûnimi vrati zadaj;GRAND SCENIC 
88;1766;5.6;1;RENAULT;RFARH2A86TA1U17000;GRAND SCENIC / 1.7 / DCI;Francija;FRA;osebni avtomobil;193;vozilo z dviûnimi vrati zadaj;GRAND SCENIC 
88;1741;5.6;1;RENAULT;RFARH2A86TA0415000;GRAND SCENIC / 1.7 / DCI;Francija;FRA;osebni avtomobil;193;vozilo z dviûnimi vrati zadaj;GRAND SCENIC 
88;1737;5.6;1;RENAULT;RFARH2A86TA1U15000;GRAND SCENIC / 1.7 / DCI;Francija;FRA;osebni avtomobil;193;vozilo z dviûnimi vrati zadaj;GRAND SCENIC 
88;1737;5.6;1;RENAULT;RFARH2A86TB1215000;GRAND SCENIC / 1.7 / DCI;Francija;FRA;osebni avtomobil;185;vozilo z dviûnimi vrati zadaj;GRAND SCENIC 
88;1683;5.6;1;RENAULT;RFDKH2A86TA2H10000;TALISMAN GRANDTOUR / 1.7 / DCI;Francija;FRA;osebni avtomobil;197;karavan;TALISMAN GRANDTOUR 
88;1675;5.6;1;RENAULT;RFAJH2A86TB1215000;SCENIC / 1.7 / DCI;Francija;FRA;osebni avtomobil;187;vozilo z dviûnimi vrati zadaj;SCENIC 
88;1460;5.6;1;RENAULT;KG1GB6;LAGUNA / GRANDTOUR 1.9 / DCI;Francija;FRA;osebni avtomobil;199;karavan;LAGUNA 
88;1460;5.6;1;RENAULT;KG0G-06;LAGUNA / GRANDTOUR 1.9 / DCI;Francija;FRA;osebni avtomobil;197;karavan;LAGUNA 
88;1460;5.6;1;RENAULT;KG0G-06;LAGUNA / GRANDTOUR 1.9;Francija;FRA;osebni avtomobil;190;karavan;LAGUNA 
88;1425;5.6;1;RENAULT;BGCGB6;LAGUNA / 1.9 / DCI;Francija;FRA;osebni avtomobil;202;vozilo z dviûnimi vrati zadaj;LAGUNA 
88;1385;5.6;1;RENAULT;KG1GB6;LAGUNA / GRANDTAUR 1.9/ DCI;Francija;FRA;osebni avtomobil;199;karavan;LAGUNA 
88;1385;5.6;1;RENAULT;KG0-G06;LAGUNA / 1.9 / DCI;Francija;FRA;osebni avtomobil;197;karavan;LAGUNA 
88;1385;5.6;1;RENAULT;KG0G;LAGUNA / 1.9 / DCI;Francija;FRA;osebni avtomobil;190;karavan;LAGUNA 
88;1350;5.6;1;RENAULT;BGR-G06;LAGUNA / 1.9 / DCI;Francija;FRA;osebni avtomobil;197;vozilo z dviûnimi vrati zadaj;LAGUNA 
88;1301;5.6;1;RENAULT;G;LAGUNA / 1.9;Francija;FRA;osebni avtomobil;197;karavan;LAGUNA 
88;1235;5.6;0;SUZUKI;LYE21S-MT2;VITARA / 1.6 / 4WD;Madûarska;HUN;osebni avtomobil;180;vozilo z dviûnimi vrati zadaj;VITARA 
88;1465;5.7;1;ALFA ROMEO;940FYF1A29B;GIULIETTA / 1.6 / JTD;Italija;ITA;osebni avtomobil;195;vecnamensko vozilo;GIULIETTA 
88;1778;5.7;1;FORD;DXA-XWDG1WX-7HDAZ6AA468;GRAND C-MAX / 1.5 / DV5 88 B6 S;Nemcija;DEU;osebni avtomobil;180;karavan;GRAND C-MAX 
88;1498;5.7;1;FORD;DXA-XWDG1VX-5HAAZ6AA466;C-MAX / 1.5 / DV5 88 B6 S;Nemcija;DEU;osebni avtomobil;184;vecnamensko vozilo;C-MAX 
88;1615;5.7;1;JEEP;MPJHMFLNN1AAD8;COMPASS / 1.6 / JTD FWD HEA;Italija;ITA;osebni avtomobil;187;vecnamensko vozilo;COMPASS 
88;1538;5.7;1;NISSAN;P12-S01;PRIMERA / WAGON 1.9;Zdruûeno kraljestvo;GBR;osebni avtomobil;195;karavan;PRIMERA 
88;1514;5.7;1;NISSAN;P12-T01;PRIMERA / 1.9 / DCI;Zdruûeno kraljestvo;GBR;osebni avtomobil;195;vozilo z dviûnimi vrati zadaj;PRIMERA 
88;1488;5.7;1;NISSAN;P12-R01;PRIMERA / 1.9 / DCI;Zdruûeno kraljestvo;GBR;osebni avtomobil;195;limuzina;PRIMERA 
88;1976;5.7;1;OPEL;2218-SJACC9;VIVARO 1.6 CDTI / BITURBO;Nemcija;DEU;osebni avtomobil;172;vecnamensko vozilo;VIVARO 1.6 CDTI 
88;1505;5.7;1;OPEL;BL11-4A12ANDDPMA5;VECTRA / 1.9 / DT;Nemcija;DEU;osebni avtomobil;200;limuzina;VECTRA 
88;1503;5.7;1;OPEL;DL11-4A10BBDCPMA5;VECTRA / 1.9 / DT;Nemcija;DEU;osebni avtomobil;200;vozilo z dviûnimi vrati zadaj;VECTRA 
88;1503;5.7;1;OPEL;AG ZC BL11 4A12ANDDPMA5;VECTRA / 1.9 / CDTI;Nemcija;DEU;osebni avtomobil;200;limuzina;VECTRA 
88;1503;5.7;0;OPEL;CADAA12-BA1J1JDWA5;ASTRA / 1.4 / TURBO;Nemcija;DEU;osebni avtomobil;192;vecnamensko vozilo;ASTRA 
88;1471;5.7;0;OPEL;CADAA12-BA1H4JDWA5;ASTRA / 1.4 / TURBO;Nemcija;DEU;osebni avtomobil;192;vecnamensko vozilo;ASTRA 
88;1471;5.7;0;OPEL;BD11-3AADA4CBBC5;MERIVA / 1.4 / 16V TURBO;Nemcija;DEU;osebni avtomobil;188;vecnamensko vozilo;MERIVA 
88;1435;5.7;1;OPEL;FM11-1A09ACMFFD5;ASTRA / CAR. 1.9 / DT;Nemcija;DEU;osebni avtomobil;193;vecnamensko vozilo;ASTRA 
88;1428;5.7;1;OPEL;Z-CDL11;VECTRA / 1.9 / CDTI;Nemcija;DEU;osebni avtomobil;200;vozilo z dviûnimi vrati zadaj;VECTRA 
88;2153;5.7;1;RENAULT;2JL218;TRAFIC / 1.6 / DCI;Francija;FRA;osebni avtomobil;172;vozilo za posebne namene;TRAFIC 
88;1976;5.7;1;RENAULT;2JL200;TRAFIC / 1.6 / DCI;Francija;FRA;osebni avtomobil;172;vecnamensko vozilo;TRAFIC 
88;1766;5.7;1;RENAULT;RFARH2A86TB1217000;GRAND SCENIC / 1.7 / DCI;Francija;FRA;osebni avtomobil;185;vozilo z dviûnimi vrati zadaj;GRAND SCENIC 
88;1460;5.7;1;RENAULT;KGCGB6;LAGUNA / GRANDTOUR 1.9 / DCI;Francija;FRA;osebni avtomobil;199;karavan;LAGUNA 
88;1450;5.7;1;RENAULT;G;LAGUNA / 1.9;Francija;FRA;osebni avtomobil;197;karavan;LAGUNA 
88;1385;5.7;1;RENAULT;KGCGB6;LAGUNA / 1.9 / DCI / GRANDTOUR;Francija;FRA;osebni avtomobil;199;karavan;LAGUNA 
88;1385;5.7;1;RENAULT;KGC-GB6;LAGUNA / GRANDTOUR / 1.9 / DCI;Francija;FRA;osebni avtomobil;197;karavan;LAGUNA 
88;1580;5.7;1;SAAB;YS3FF4V-M601;9-3 / 1.9 / TID;ävedska;SWE;osebni avtomobil;200;limuzina;09-Mar
88;1490;5.7;1;SAAB;YS3FF4V-M6 01;9-3 / 1.9;ävedska;SWE;osebni avtomobil;200;limuzina;09-Mar
88;1265;5.7;0;SUZUKI;JYB22S-CVT;SX4 / 1.6 / CVT 4WD;Madûarska;HUN;osebni avtomobil;165;vozilo z dviûnimi vrati zadaj;SX4 
88;1260;5.7;0;SUZUKI;LYE21S-AT2;VITARA / 1.6 / 4WD / AUT.;Madûarska;HUN;osebni avtomobil;180;vozilo z dviûnimi vrati zadaj;VITARA 
88;1245;5.7;0;SUZUKI;JYB22S-MT2;SX4 / 1.6 / 4WD;Madûarska;HUN;osebni avtomobil;175;vozilo z dviûnimi vrati zadaj;SX4 
88;1500;5.7;1;VOLKSWAGEN;AADCZAX0-FD7FD7CW002SV4BFVR21CA;PASSAT / 1.6 / TDI AUT.;Nemcija;DEU;osebni avtomobil;205;limuzina;PASSAT 
88;1385;5.8;1;ALFA ROMEO;937BXU1A33B;147 / 1.9 / JTD;Italija;ITA;osebni avtomobil;195;vozilo z dviûnimi vrati zadaj;147
88;1365;5.8;1;ALFA ROMEO;937BXU1A33;147 / 1.9 / JTD;Italija;ITA;osebni avtomobil;195;vozilo z dviûnimi vrati zadaj;147
88;1395;5.8;0;FIAT;334AXN1B13A;500X / 1.0 / URBAN;Italija;ITA;osebni avtomobil;188;vecnamensko vozilo;500X 
88;1498;5.8;1;FORD;DXA-XWDG1VX-5HAAZ6AA466;C-MAX / 1.5 / DV5 88 B6 S;Nemcija;DEU;osebni avtomobil;184;vecnamensko vozilo;C-MAX 
88;1165;5.8;0;FORD;JA8-HXJB1J5ABBAC;FIESTA / 1.6 / 5 vr;Nemcija;DEU;osebni avtomobil;193;vozilo z dviûnimi vrati zadaj;FIESTA 
88;1045;5.8;0;FORD;JA8-HXJB1G5ABBAC;FIESTA / 1.6 / 3 vr;Nemcija;DEU;osebni avtomobil;193;vozilo z dviûnimi vrati zadaj;FIESTA 
88;1260;5.8;0;MAZDA;6W7A1W0;CX-3 / G120 / AT;Japonska ;JPN;osebni avtomobil;187;karavan;CX-3 
88;1140;5.8;0;MINI;MF31-01;COOPER / /;Nemcija;DEU;osebni avtomobil;203;vozilo z dviûnimi vrati zadaj;COOPER 
88;1585;5.8;1;OPEL;BJ11-2A13ASARPMJ5;VECTRA / CAR. 1.9 / DT;Nemcija;DEU;osebni avtomobil;195;karavan;VECTRA 
88;1510;5.8;1;OPEL;Z-C;VECTRA / 1.9 / CDTI;Nemcija;DEU;osebni avtomobil;195;karavan;VECTRA 
88;1505;5.8;1;OPEL;BL11-4A12ANDDPMD5;VECTRA / 1.9 / DT;Nemcija;DEU;osebni avtomobil;200;limuzina;VECTRA 
88;1503;5.8;1;OPEL;DL11-2A10BBDCPMD5;VECTRA / 1.9 / DT;Nemcija;DEU;osebni avtomobil;200;vozilo z dviûnimi vrati zadaj;VECTRA 
88;1503;5.8;0;OPEL;CADAA12-BA1J1JDWA5;ASTRA / 1.4 / TURBO;Nemcija;DEU;osebni avtomobil;192;vecnamensko vozilo;ASTRA 
88;1471;5.8;0;OPEL;CADAA12-BA1H4JDWA5;ASTRA / 1.4 / TURBO;Nemcija;DEU;osebni avtomobil;192;vecnamensko vozilo;ASTRA 
88;1395;5.8;1;OPEL;BN11-1A10ACRFFD5;ASTRA / 1.9 / DT;Nemcija;DEU;osebni avtomobil;194;vozilo z dviûnimi vrati zadaj;ASTRA 
88;1393;5.8;1;OPEL;FM11-2A06ACMFFD5;ASTRA / CAR. 1.9 / DT;Nemcija;DEU;osebni avtomobil;193;karavan;ASTRA 
88;1393;5.8;1;OPEL;BJ11-3A08ADNFFD5;ASTRA / 1.9 / DT 16V;Nemcija;DEU;osebni avtomobil;191;vozilo z dviûnimi vrati zadaj;ASTRA 
88;1390;5.8;1;OPEL;KJ11-3A09AENFFD5;ASTRA / 1.9 / DT 16V;Nemcija;DEU;osebni avtomobil;193;kupe;ASTRA 
88;1375;5.8;1;OPEL;KP11-1A21ADRFFD5;ASTRA / 1.9 / DT;Nemcija;DEU;osebni avtomobil;196;kupe;ASTRA 
88;1370;5.8;1;OPEL;KP11-3A10AGRFFD5;ASTRA / 1.9 / DT;Nemcija;DEU;osebni avtomobil;196;kupe;ASTRA 
88;1165;5.8;0;PEUGEOT;CC5FS0;208 / 1.6 / i 16V;Francija;FRA;osebni avtomobil;190;vozilo z dviûnimi vrati zadaj;208
88;1155;5.8;0;PEUGEOT;CA5FS0;208 / 1.6 / i 16V;Francija;FRA;osebni avtomobil;190;vozilo z dviûnimi vrati zadaj;208
88;1605;5.8;1;RENAULT;JM0GD6;GRAND SCENIC / 1.9;Francija;FRA;osebni avtomobil;188;vecnamensko vozilo;GRAND SCENIC 
88;1605;5.8;1;RENAULT;JM0GD6;SCENIC / 1.9 / DCI;Francija;FRA;osebni avtomobil;188;vecnamensko vozilo;SCENIC 
88;1605;5.8;1;RENAULT;JM0GD6;MEGANE / SCENIC / 1.9 / DCI;Francija;FRA;osebni avtomobil;188;vecnamensko vozilo;MEGANE 
88;1530;5.8;1;RENAULT;JM0GD6;MEGANE SCENIC / 1.9 / DCI;Francija;FRA;osebni avtomobil;188;vecnamensko vozilo;MEGANE SCENIC 
88;1505;5.8;1;RENAULT;JMRG06;SCENIC / 1.9;Francija;FRA;osebni avtomobil;188;vecnamensko vozilo;SCENIC 
88;1505;5.8;1;RENAULT;JMRG06;MEGANE / SCENIC / 1.9 / DCI;Francija;FRA;osebni avtomobil;188;vecnamensko vozilo;MEGANE 
88;1460;5.8;1;RENAULT;G;LAGUNA / 1.9;Francija;FRA;osebni avtomobil;197;karavan;LAGUNA 
88;1430;5.8;1;RENAULT;JM;MEGANE / SCENIC / 1.9 / DCI;Francija;FRA;osebni avtomobil;188;vozilo z dviûnimi vrati zadaj;MEGANE 
88;1430;5.8;1;RENAULT;JM;MEGANE / SCENIC / 1.9 / DCI;Francija;FRA;osebni avtomobil;188;vecnamensko vozilo;MEGANE 
88;1430;5.8;1;RENAULT;JMRG06;SCENIC / 1.9 / DCI;Francija;FRA;osebni avtomobil;188;vecnamensko vozilo;SCENIC 
88;1580;5.8;1;SAAB;YS3FB46V;9-3  / 1.9 / TID;ävedska;SWE;osebni avtomobil;200;limuzina;09-Mar
88;1572;5.8;1;VOLKSWAGEN;AABWVX0-FM6FM62Q009STO0GG;PASSAT / 2.0 / TDI;Nemcija;DEU;osebni avtomobil;199;limuzina;PASSAT 
88;1562;5.8;1;VOLKSWAGEN;3CAABWVX0-FM6FM62Q009ST00GG;PASSAT / 2.0 / TDI;Nemcija;DEU;osebni avtomobil;199;limuzina;PASSAT 
88;1600;5.9;1;ALFA ROMEO;939AXE1B-04;159 / 1.9 / M-JET;Italija;ITA;osebni avtomobil;191;limuzina;159
88;1555;5.9;1;ALFA ROMEO;939AXE1B04C;159 / 1.9 / M-JET;Italija;ITA;osebni avtomobil;193;limuzina;159
88;1525;5.9;1;ALFA ROMEO;939AXE1B-04;159 / JTD;Italija;ITA;osebni avtomobil;191;limuzina;159
88;1185;5.9;0;ALFA ROMEO;930A2B00 21;145 / 1.6 /  T.SPARK;Italija;ITA;osebni avtomobil;195;vozilo z dviûnimi vrati zadaj;145
88;1150;5.9;0;CITROEN;SC5FS0/1;C3 / 1.6 / 16V;Francija;FRA;osebni avtomobil;190;vozilo z dviûnimi vrati zadaj;C3 
88;1150;5.9;0;CITROEN;SA5FS0/1;DS3 / 1.6 / 16V;Francija;FRA;osebni avtomobil;190;vozilo z dviûnimi vrati zadaj;DS3 
88;1498;5.9;1;FORD;DXA-XWDG1VX-5HAAZ6AA466;C-MAX / 1.5 / DV5 88 B6 S;Nemcija;DEU;osebni avtomobil;184;vecnamensko vozilo;C-MAX 
88;1054;5.9;0;FORD;JA8-HXJA1J5BDBAC;FIESTA / 1.6 / 5 vr;Nemcija;DEU;osebni avtomobil;193;vozilo z dviûnimi vrati zadaj;FIESTA 
88;1045;5.9;0;FORD;JA8-HXJA1G5BD;FIESTA / 1.6 / 3 vr;Nemcija;DEU;osebni avtomobil;193;vozilo z dviûnimi vrati zadaj;FIESTA 
88;1190;5.9;0;MAZDA;6W761W0;CX-3 / G120 /;Japonska ;JPN;osebni avtomobil;192;karavan;CX-3 
88;1538;5.9;1;NISSAN;P12;PRIMERA / 1.9 / DCI;Zdruûeno kraljestvo;GBR;osebni avtomobil;195;karavan;PRIMERA 
88;1613;5.9;1;OPEL;BE11-2A05ACPDEL7;ZAFIRA / 1.9 / DT 16V;Nemcija;DEU;osebni avtomobil;186;vecnamensko vozilo;ZAFIRA 
88;1605;5.9;1;OPEL;HJ11-2A21ASATPMB5;SIGNUM / 1.9 / DT;Nemcija;DEU;osebni avtomobil;193;vozilo z dviûnimi vrati zadaj;SIGNUM 
88;1585;5.9;1;OPEL;BJ11-2A13ASARPMJ5;VECTRA / CAR . 1.9 / DT;Nemcija;DEU;osebni avtomobil;195;karavan;VECTRA 
88;1503;5.9;0;OPEL;CADAA12-BA1J1JDWA5;ASTRA / 1.4 / TURBO;Nemcija;DEU;osebni avtomobil;192;vecnamensko vozilo;ASTRA 
88;1503;5.9;0;OPEL;BADAC11-BA3J1JNWA5;ASTRA / GTC 1.4 / 16V TURBO;Nemcija;DEU;osebni avtomobil;192;vozilo z dviûnimi vrati zadaj;ASTRA 
88;1503;5.9;0;OPEL;DADAA12-BA1J1JDWA5;ASTRA / CAR. 1.4 / 16V TURBO;Nemcija;DEU;osebni avtomobil;190;karavan;ASTRA 
88;1471;5.9;0;OPEL;BU11-1AABAFALFMA5;ASTRA / 1.4 / 16V TURBO;Nemcija;DEU;osebni avtomobil;192;vecnamensko vozilo;ASTRA 
88;1471;5.9;0;OPEL;BADAC11-BA3H4JNWA5;ASTRA / GTC 1.4 / 16V TURBO;Nemcija;DEU;osebni avtomobil;192;vozilo z dviûnimi vrati zadaj;ASTRA 
88;1471;5.9;0;OPEL;BD11-1AADA4CBBC5;MERIVA / 1.4 / 16V TURBO;Nemcija;DEU;osebni avtomobil;188;vecnamensko vozilo;MERIVA 
88;1450;5.9;1;OPEL;FJ11-3A08ADNFFD5;ASTRA / CAR. 1.9;Nemcija;DEU;osebni avtomobil;190;karavan;ASTRA 
88;1450;5.9;1;OPEL;FJ11-3A08ADNFFD5;ASTRA / CAR. 1.9 / DT 16V;Nemcija;DEU;osebni avtomobil;190;vecnamensko vozilo;ASTRA 
88;1437;5.9;0;OPEL;BD11-1AACA4CBBC5;MERIVA / 1.4 / 16V TURBO;Nemcija;DEU;osebni avtomobil;188;vecnamensko vozilo;MERIVA 
88;1435;5.9;1;OPEL;FM11-1A09ACMFFD5;ASTRA / CAR. 1.9 / DT;Nemcija;DEU;osebni avtomobil;193;vecnamensko vozilo;ASTRA 
88;1393;5.9;1;OPEL;FM11-1A06ACMFFD5;ASTRA / CAR. 1.9 / DT;Nemcija;DEU;osebni avtomobil;193;karavan;ASTRA 
88;1393;5.9;0;OPEL;CADAA12-BA1H4JDWA5;ASTRA / 1.4 / TURBO;Nemcija;DEU;osebni avtomobil;192;vecnamensko vozilo;ASTRA 
88;1393;5.9;0;OPEL;EADNA11-BX1H1EKTJ5;MERIVA / 1.4 / TURBO;Nemcija;DEU;osebni avtomobil;188;vecnamensko vozilo;MERIVA 
88;1318;5.9;1;OPEL;BJ11-3A08ADNFFD5;ASTRA / 1.9;Nemcija;DEU;osebni avtomobil;191;vozilo z dviûnimi vrati zadaj;ASTRA 
88;1155;5.9;0;PEUGEOT;CU5FS0;2008 / 1.6 / i 16V;Francija;FRA;osebni avtomobil;196;karavan;2008
88;1605;5.9;1;RENAULT;JM;MEGANE / SCENIC / 1.9 / DCI;Francija;FRA;osebni avtomobil;188;vecnamensko vozilo;MEGANE 
88;1430;5.9;1;RENAULT;JM;MEGANE / SCENIC 1.9;Francija;FRA;osebni avtomobil;178;vozilo z dviûnimi vrati zadaj;MEGANE 
88;1245;5.9;0;SUZUKI;JYB22S-MT1;SX4 / 1.6 / 4WD;Madûarska;HUN;osebni avtomobil;175;vozilo z dviûnimi vrati zadaj;SX4 
88;1585;5.9;1;VOLKSWAGEN;ACBWVX0-FM6FM62Q009STO0GG;PASSAT / VARIANT 2.0 / TDI;Nemcija;DEU;osebni avtomobil;196;karavan;PASSAT 
88;1560;6.1;1;DODGE;PKBBC8A-73;CALIBER / 2.0 / TD;Zdruûene drûave;USA;osebni avtomobil;180;vozilo z dviûnimi vrati zadaj;CALIBER 
88;1630;6.1;1;FIAT;194BXB1B-AX;CROMA / 1.9 / JTD;Italija;ITA;osebni avtomobil;195;karavan;CROMA 
88;1595;6.1;1;FIAT;194AXB1B02;CROMA / 1.9 / JTD;Italija;ITA;osebni avtomobil;195;vecnamensko vozilo;CROMA 
88;1520;6.1;1;FIAT;194AXB1B 02;CROMA / 1.9 / JTD;Italija;ITA;osebni avtomobil;197;vecnamensko vozilo;CROMA 
88;1520;6.1;1;FIAT;194AXB1B-02;CROMA / 1.9 /JTD;Italija;ITA;osebni avtomobil;195;karavan;CROMA 
88;1505;6.1;1;FIAT;223AXH1A06C;DOBLO / 1.9 / JTD;Italija;ITA;osebni avtomobil;177;vecnamensko vozilo;DOBLO 
88;1445;6.1;1;FIAT;186AXG1A07B;MULTIPLA / 1.9 / JTD;Italija;ITA;osebni avtomobil;178;vecnamensko vozilo;MULTIPLA 
88;1415;6.1;1;FIAT;223AXH1A06;DOBLO / 1.9 / JTD;Italija;ITA;osebni avtomobil;177;vecnamensko vozilo;DOBLO 
88;1498;6.1;1;FORD;DXA-XWDG1VX-5HAAZ6AA466;C-MAX / 1.5 / DV5 88 B6 S;Nemcija;DEU;osebni avtomobil;184;vecnamensko vozilo;C-MAX 
88;1615;6.1;1;OPEL;XXNO 007;SIGNUM / 1.9 / DT;Nemcija;DEU;osebni avtomobil;191;vozilo z dviûnimi vrati zadaj;SIGNUM 
88;1613;6.1;1;OPEL;BE11-2A05ACPDEA7;ZAFIRA / 1.9 / DT 16V;Nemcija;DEU;osebni avtomobil;186;vecnamensko vozilo;ZAFIRA 
88;1613;6.1;1;OPEL;BE11-3A05ACPDEA7;ZAFIRA / 1.9;Nemcija;DEU;osebni avtomobil;186;limuzina;ZAFIRA 
88;1613;6.1;1;OPEL;BE11-3A05ACPDEA7;ZAFIRA / 1.9 / DT 16V;Nemcija;DEU;osebni avtomobil;174;vecnamensko vozilo;ZAFIRA 
88;1613;6.1;1;OPEL;BE11-3A05ACPDEA7;ZAFIRA / 1.9;Nemcija;DEU;osebni avtomobil;174;limuzina;ZAFIRA 
88;1550;6.1;0;OPEL;BU11-1A05A8ANFMA5;ASTRA / CAR. 1.4 / 16V TURBO;Nemcija;DEU;osebni avtomobil;190;karavan;ASTRA 
88;1503;6.1;0;OPEL;BADAC11-BA3J1JNWB5;ASTRA / GTC 1.4 / 16V TURBO;Nemcija;DEU;osebni avtomobil;192;vozilo z dviûnimi vrati zadaj;ASTRA 
88;1503;6.1;0;OPEL;DADAA12-BA1J1JDWA5;ASTRA / CAR. 1.4 / 16V TURBO;Nemcija;DEU;osebni avtomobil;190;karavan;ASTRA 
88;1471;6.1;0;OPEL;CADKA12-BA1H4JDWJ5;ASTRA / 1.4 / TURBO;Nemcija;DEU;osebni avtomobil;192;vozilo z dviûnimi vrati zadaj;ASTRA 
88;1471;6.1;0;OPEL;BD11-2AADA4FBBD5;MERIVA / 1.4 / 16V TURBO;Nemcija;DEU;osebni avtomobil;188;vecnamensko vozilo;MERIVA 
88;1465;6.1;1;OPEL;FM11-3A09ACMFFD5;ASTRA / CAR. 1.9 / DT AUT.;Nemcija;DEU;osebni avtomobil;193;vecnamensko vozilo;ASTRA 
88;1437;6.1;0;OPEL;DADAA11-BA1J1JDWA5;ASTRA / CAR. 1.4 / 16V TURBO;Nemcija;DEU;osebni avtomobil;190;karavan;ASTRA 
88;1437;6.1;0;OPEL;BD11-1AACA4FBBC5;MERIVA / 1.4 / 16V TURBO;Nemcija;DEU;osebni avtomobil;188;vecnamensko vozilo;MERIVA 
88;1435;6.1;1;OPEL;FM11-3A09ACMFFD5;ASTRA / CAR. 1.9 / DT;Nemcija;DEU;osebni avtomobil;193;vecnamensko vozilo;ASTRA 
88;1435;6.1;1;OPEL;A-H/SW FM11 3A09ACMFFD5;ASTRA / CAR. 1.9 / CDTI;Nemcija;DEU;osebni avtomobil;190;vecnamensko vozilo;ASTRA 
88;1435;6.1;1;OPEL;AH-SW-FM11;ASTRA / 1.9 / CDTI;Nemcija;DEU;osebni avtomobil;180;vecnamensko vozilo;ASTRA 
88;1393;6.1;0;OPEL;BD11-1AABA4FBBC5;MERIVA / 1.4 / 16V TURBO;äpanija;ESP;osebni avtomobil;188;vecnamensko vozilo;MERIVA 
88;1279;6.1;0;PEUGEOT;WE5FS0/1;207 / BREAK 1.6 / i 16V;Francija;FRA;osebni avtomobil;192;karavan;207
88;1278;6.1;0;PEUGEOT;WC5FS0;207 / 1.6 / i 16V;Francija;FRA;osebni avtomobil;190;vecnamensko vozilo;207
88;1275;6.1;0;PEUGEOT;WA5FWC;207 / 1.6 / i 16V;Francija;FRA;osebni avtomobil;200;vozilo z dviûnimi vrati zadaj;207
88;1267;6.1;0;PEUGEOT;WC5FWC;207 / 1.6 / i 16V;Francija;FRA;osebni avtomobil;200;vozilo z dviûnimi vrati zadaj;207
88;1255;6.1;0;PEUGEOT;WA5FS0;207 / 1.6 / i 16V;Francija;FRA;osebni avtomobil;190;vozilo z dviûnimi vrati zadaj;207
88;1807;6.1;1;RENAULT;RFARH2A8ATA2Y17000;GRAND SCENIC / 1.7 / DCI AUT.;Francija;FRA;osebni avtomobil;187;vozilo z dviûnimi vrati zadaj;GRAND SCENIC 
88;1355;6.2;0;ALFA ROMEO;940FXT1A18G;GIULIETTA / 1.4 /;Italija;ITA;osebni avtomobil;195;vecnamensko vozilo;GIULIETTA 
88;1540;6.2;0;AUDI;LCDHAF1-FAVAW006RB8K1S57MJEM1;A4 / 1.8 / TFSI AUT.;Nemcija;DEU;osebni avtomobil;200;limuzina;A4 
88;1280;6.2;0;CITROEN;NC5FS0/1;C4 / 1.6 / i;Francija;FRA;osebni avtomobil;193;vozilo z dviûnimi vrati zadaj;C4 
88;1280;6.2;0;CITROEN;NX5FS0;DS4 / 1.6 / i;Francija;FRA;osebni avtomobil;193;vozilo z dviûnimi vrati zadaj;DS4 
88;1435;6.2;1;FIAT;223AXH1A06B;DOBLO / 1.9 / JTD;Italija;ITA;osebni avtomobil;174;vecnamensko vozilo;DOBLO 
88;1215;6.2;0;FIAT;FYA21SMT;SEDICI / 1.6 /;Madûarska;HUN;osebni avtomobil;185;vozilo z dviûnimi vrati zadaj;SEDICI 
88;1720;6.2;1;JEEP;MXJHMFLK5ME1A;COMPASS / 1.6 / JTD FWD;Zdruûene drûave;USA;osebni avtomobil;196;vecnamensko vozilo;COMPASS 
88;1471;6.2;0;OPEL;BL11-3AADA4CCBE5;MERIVA / 1.4 / 16V TURBO;Nemcija;DEU;osebni avtomobil;188;vecnamensko vozilo;MERIVA 
88;1842;6.2;1;PEUGEOT;VAYHVK-P2F00L;EXPERT TRAVELLER / 1.5 / HDI L2;Francija;FRA;osebni avtomobil;160;vecnamensko vozilo;EXPERT TRAVELLER 
88;1240;6.2;0;SUZUKI;EYA21S-MT;SX4 / 1.6 / 2WD;Madûarska;HUN;osebni avtomobil;185;vozilo z dviûnimi vrati zadaj;SX4 
88;1907;6.3;1;CITROEN;VAYHVK-N2F00L;JUMPY SPACE TOURER / 1.5 / HDI L2;Francija;FRA;osebni avtomobil;160;vecnamensko vozilo;JUMPY SPACE TOURER 
88;1893;6.3;1;CITROEN;VAYHVK-P2F00L;JUMPY SPACE TOURER / 1.5 / HDI L2;Francija;FRA;osebni avtomobil;160;vecnamensko vozilo;JUMPY SPACE TOURER 
88;1353;6.3;0;CITROEN;3A5FS0/1;C4 PICASSO / 1.6 / i 16V;Francija;FRA;osebni avtomobil;187;vecnamensko vozilo;C4 PICASSO 
88;1351;6.3;0;CITROEN;3E5FS0/1;C4 PICASSO / 1.6 / i 16V;Francija;FRA;osebni avtomobil;187;karavan;C4 PICASSO 
88;1327;6.3;0;CITROEN;3D5FS0/1;C4 PICASSO / 1.6 / i 16V;Francija;FRA;osebni avtomobil;187;karavan;C4 PICASSO 
88;1280;6.3;0;CITROEN;NC5FS0;C4 / 1.6 / i;Francija;FRA;osebni avtomobil;193;vozilo z dviûnimi vrati zadaj;C4 
88;1345;6.3;1;FIAT;FYA61SMT;SEDICI / 1.9 / JTD;Madûarska;HUN;osebni avtomobil;190;vozilo z dviûnimi vrati zadaj;SEDICI 
88;1335;6.3;0;FIAT;198AXG1B06G;BRAVO / 1.4 / 16V TURBO;Italija;ITA;osebni avtomobil;197;vecnamensko vozilo;BRAVO 
88;1654;6.3;1;FORD;DM2-XWMD1AX-5DGAZ6AA71C;KUGA / 1.5 / DV5 88 B6 4x2 S;Nemcija;DEU;osebni avtomobil;175;vecnamensko vozilo;KUGA 
88;1343;6.3;0;HYUNDAI;B5PC1-M62CZ1;i 30 / 1.6 /;Ceöka republika;CZE;osebni avtomobil;192;vozilo z dviûnimi vrati zadaj;i 30 
88;1296;6.3;0;HYUNDAI;B5P31-M62BZ1;i 30 / 1.6 /;Ceöka republika;CZE;osebni avtomobil;192;vecnamensko vozilo;i 30 
88;1296;6.3;0;HYUNDAI;B5P31-M62BZ1;i 30 / 1.6 /;Ceöka republika;CZE;osebni avtomobil;192;vozilo z dviûnimi vrati zadaj;i 30 
88;1720;6.3;1;JEEP;MXJHMFLK5ME1A;COMPASS / 1.6 / JTD FWD;Zdruûene drûave;USA;osebni avtomobil;196;vecnamensko vozilo;COMPASS 
88;1395;6.3;0;LANCIA;844AXA1A00E;DELTA / 1.4 / TURBO;Italija;ITA;osebni avtomobil;195;vecnamensko vozilo;DELTA 
88;1700;6.3;1;OPEL;VAYHVK-N2200L;ZAFIRA LIFE / 1.5 / CDTI;Nemcija;DEU;osebni avtomobil;160;vecnamensko vozilo;ZAFIRA LIFE 
88;1613;6.3;0;OPEL;EADAC11-BA2N4JAPA7;ZAFIRA / 1.4 / 16V TURBO;Nemcija;DEU;osebni avtomobil;192;vecnamensko vozilo;ZAFIRA 
88;1550;6.3;0;OPEL;DADKA12-BA1J3JDWJ5;ASTRA / ST 1.4 / TURBO;Nemcija;DEU;osebni avtomobil;190;karavan;ASTRA 
88;1471;6.3;0;OPEL;BL11-1AADA4CCBE5;MERIVA / 1.4 / 16V TURBO;Nemcija;DEU;osebni avtomobil;188;vecnamensko vozilo;MERIVA 
88;1437;6.3;0;OPEL;DADKA12-BA1J1JDWJ5;ASTRA / ST 1.4 / TURBO;Nemcija;DEU;osebni avtomobil;190;karavan;ASTRA 
88;1437;6.3;0;OPEL;BL11-1AACA4CCBE5;MERIVA / 1.4 / 16V TURBO;Nemcija;DEU;osebni avtomobil;188;vecnamensko vozilo;MERIVA 
88;1393;6.3;0;OPEL;EADNA11-BX1H1JBTA5;MERIVA / 1.4 / 16V TURBO;Nemcija;DEU;osebni avtomobil;188;vecnamensko vozilo;MERIVA 
88;1302;6.3;0;PEUGEOT;WE5FWC;207 / BREAK 1.6 / i 16V;Francija;FRA;osebni avtomobil;200;karavan;207
88;1340;6.3;1;SUZUKI;EYA61S-MT;SX4 / 1.9 / 2WD TD;Madûarska;HUN;osebni avtomobil;190;vozilo z dviûnimi vrati zadaj;SX4 
88;1891;6.3;1;TOYOTA;VAYHVK-N2200L(1N);PROACE / 1.5 / D;Francija;FRA;osebni avtomobil;160;vecnamensko vozilo;PROACE 
88;1355;6.4;0;ALFA ROMEO;940FXA1A00;GIULIETTA / 1.4 /;Italija;ITA;osebni avtomobil;195;vecnamensko vozilo;GIULIETTA 
88;1940;6.4;1;CITROEN;VAYHVM-N2N10L;JUMPY SPACE TOURER / 1.5 / HDI L2;Francija;FRA;osebni avtomobil;160;vecnamensko vozilo;JUMPY SPACE TOURER 
88;1935;6.4;1;CITROEN;VAYHVK-N2F00L;JUMPY SPACE TOURER / 1.5 / HDI L2;Francija;FRA;osebni avtomobil;160;vecnamensko vozilo;JUMPY SPACE TOURER 
88;1931;6.4;1;CITROEN;VAYHVK-N2200N;JUMPY SPACE TOURER / 1.5 / HDI L3;Francija;FRA;osebni avtomobil;160;vecnamensko vozilo;JUMPY SPACE TOURER 
88;1915;6.4;1;CITROEN;VAYHVM-N2S10L;JUMPY SPACE TOURER / 1.5 / HDI L2;Francija;FRA;osebni avtomobil;160;vecnamensko vozilo;JUMPY SPACE TOURER 
88;1910;6.4;1;CITROEN;VAYHVK-P2F00N;JUMPY SPACE TOURER / 1.5 / HDI L3;Francija;FRA;osebni avtomobil;160;vecnamensko vozilo;JUMPY SPACE TOURER 
88;1909;6.4;1;CITROEN;VAYHVM-N2N10K;JUMPY SPACE TOURER / 1.5 / HDI L1;Francija;FRA;osebni avtomobil;160;vecnamensko vozilo;JUMPY SPACE TOURER 
88;1327;6.4;0;CITROEN;3D5FS0/1;C4 PICASSO / 1.6 / i 16V;Francija;FRA;osebni avtomobil;187;karavan;C4 PICASSO 
88;1279;6.4;0;CITROEN;SH5FS0;C3 PICASSO / 1.6 / 16V;Francija;FRA;osebni avtomobil;188;vecnamensko vozilo;C3 PICASSO 
88;1405;6.4;1;FIAT;FYB61SMT;SEDICI / 1.9 / JTD 4X4;Madûarska;HUN;osebni avtomobil;180;vozilo z dviûnimi vrati zadaj;SEDICI 
88;1597;6.4;1;FORD;DXA-XWDG1WX-5HDAZ6AA462;GRAND C-MAX / 1.5 / DV5 88 B6 S;Nemcija;DEU;osebni avtomobil;180;karavan;GRAND C-MAX 
88;1310;6.4;0;HYUNDAI;B5P31-M62DZ1;i 30 / 1.6 /;Ceöka republika;CZE;osebni avtomobil;192;vecnamensko vozilo;i 30 
88;1310;6.4;0;HYUNDAI;B5P31-M62DZ1;i 30 / 1.6 /;Ceöka republika;CZE;osebni avtomobil;192;vozilo z dviûnimi vrati zadaj;i 30 
88;1370;6.4;0;MAZDA;GH1282;MAZDA 6 / 1.8 / i;Japonska ;JPN;osebni avtomobil;196;limuzina;MAZDA 6 
88;1471;6.4;0;OPEL;BL11-2AADA5TCBE5;MERIVA / 1.4 / 16V TURBO;Nemcija;DEU;osebni avtomobil;188;vecnamensko vozilo;MERIVA 
88;1394;6.4;0;OPEL;JMXXFXX-A42PA55T4DB;MOKKA / 1.4 / TURBO;Nemcija;DEU;osebni avtomobil;185;vecnamensko vozilo;MOKKA 
88;1393;6.4;0;OPEL;BL11-1AACA4CCBE5;MERIVA / 1.4 / 16V TURBO;Nemcija;DEU;osebni avtomobil;188;vecnamensko vozilo;MERIVA 
88;1906;6.4;1;PEUGEOT;VAYHVK-P2F00L;EXPERT TRAVELLER / 1.5 / HDI L2;Francija;FRA;osebni avtomobil;160;vecnamensko vozilo;EXPERT TRAVELLER 
88;1835;6.4;1;PEUGEOT;VAYHVK-N2F00N;EXPERT TRAVELLER / 1.5 / HDI L3;Francija;FRA;osebni avtomobil;160;vecnamensko vozilo;EXPERT TRAVELLER 
88;1428;6.4;0;PEUGEOT;WB5FS0/1;207 / CABRIOLET 1.6 / i 16V;Francija;FRA;osebni avtomobil;200;kabriolet;207
88;1362;6.4;0;PEUGEOT;4C5FS0/1;308 / 1.6 / i;Francija;FRA;osebni avtomobil;195;vecnamensko vozilo;308
88;1329;6.4;0;PEUGEOT;WU5FWC;207 / BREAK 1.6 / i 16V;Francija;FRA;osebni avtomobil;194;karavan;207
88;1323;6.4;0;PEUGEOT;WU5FS0;207 / BREAK 1.6 / i 16V;Francija;FRA;osebni avtomobil;194;karavan;207
88;1400;6.4;1;SUZUKI;EYB61S-MT;SX4 / 1.9 / 4WD TD;Madûarska;HUN;osebni avtomobil;180;vozilo z dviûnimi vrati zadaj;SX4 
88;1936;6.4;1;TOYOTA;VAYHVK-N2F00L(1N);PROACE / 1.5 / D;Francija;FRA;osebni avtomobil;160;vecnamensko vozilo;PROACE 
88;1941;6.5;1;CITROEN;VAYHVK-P2F00N;JUMPY SPACE TOURER / 1.5 / HDI L3;Francija;FRA;osebni avtomobil;160;vecnamensko vozilo;JUMPY SPACE TOURER 
88;1395;6.5;0;CITROEN;7J5FS6/2;BERLINGO / 1.6 / i 16V;Francija;FRA;osebni avtomobil;177;karavan;BERLINGO 
88;1445;6.5;1;FIAT;186AXG1A07;MULTIPLA / 1.9 / JTD;Italija;ITA;osebni avtomobil;178;vecnamensko vozilo;MULTIPLA 
88;1335;6.5;0;FIAT;198AXG1110;BRAVO / 1.4 / 16V TURBO DUAL LOGIC;Italija;ITA;osebni avtomobil;197;vecnamensko vozilo;BRAVO 
88;1275;6.5;0;FIAT;FYB21SMT;SEDICI / 1.6 / 4X4;Madûarska;HUN;osebni avtomobil;175;vozilo z dviûnimi vrati zadaj;SEDICI 
88;1410;6.5;0;MAZDA;GH1482;MAZDA 6 / 1.8 / i;Japonska ;JPN;osebni avtomobil;194;vozilo z dviûnimi vrati zadaj;MAZDA 6 
88;1405;6.5;0;MAZDA;GG-148-2;6 / 1.8;Japonska ;JPN;osebni avtomobil;200;vozilo z dviûnimi vrati zadaj;6
88;1180;6.5;0;MINI;MF31-AB;COOPER / / AUT.;Nemcija;DEU;osebni avtomobil;197;vozilo z dviûnimi vrati zadaj;COOPER 
88;1709;6.5;1;OPEL;VAYHVK-P2F00L;ZAFIRA LIFE / 1.5 / CDTI;Nemcija;DEU;osebni avtomobil;160;vecnamensko vozilo;ZAFIRA LIFE 
88;1953;6.5;1;PEUGEOT;VAYHVK-N2200L;EXPERT TRAVELLER / 1.5 / HDI L2;Francija;FRA;osebni avtomobil;160;vecnamensko vozilo;EXPERT TRAVELLER 
88;1903;6.5;1;PEUGEOT;VAYHVK-N2F00N;EXPERT TRAVELLER / 1.5 / HDI L3;Francija;FRA;osebni avtomobil;160;vecnamensko vozilo;EXPERT TRAVELLER 
88;1428;6.5;0;PEUGEOT;WB5FS0;207 / CABRIOLET 1.6 / i 16V;Francija;FRA;osebni avtomobil;200;kabriolet;207
88;1427;6.5;0;PEUGEOT;WB5FWC;207 / CABRIOLET 1.6 / i 16V;Francija;FRA;osebni avtomobil;200;kabriolet;207
88;1395;6.5;0;PEUGEOT;7J5FS6/2;PARTNER / 1.6 / i 16V;Francija;FRA;osebni avtomobil;177;karavan;PARTNER 
88;1362;6.5;0;PEUGEOT;4C5FWC/1;308 / 1.6 / i;Francija;FRA;osebni avtomobil;195;vecnamensko vozilo;308
88;1300;6.5;0;SUZUKI;EYB21S-MT;SX4 / 1.6 / 4WD;Madûarska;HUN;osebni avtomobil;175;vozilo z dviûnimi vrati zadaj;SX4 
88;1275;6.5;0;SUZUKI;EYB21S-MT;SX4 7 1.6 / 4WD;Madûarska;HUN;osebni avtomobil;175;vozilo z dviûnimi vrati zadaj;SX4 7 1.6 
88;1275;6.5;0;SUZUKI;EYB21S-MT;SX4 / 1.6 / 4WD;Madûarska;HUN;osebni avtomobil;175;vozilo za posebne namene;SX4 
88;1565;6.6;0;AUDI;ACDHAF1-FM6B1001RB8K1S57MJEM1;A4 AVANT / 1.8 / TFSI;Nemcija;DEU;osebni avtomobil;200;karavan;A4 AVANT 
88;1811;6.6;1;CITROEN;EBRHKH;C8 / 2.0 / HDI;Francija;FRA;osebni avtomobil;180;vecnamensko vozilo;C8 
88;1405;6.6;1;FIAT;FYB61SMT;SEDICI / 1.9 / JTD 4X4;Madûarska;HUN;osebni avtomobil;180;vozilo z dviûnimi vrati zadaj;SEDICI 
88;1245;6.6;0;FIAT;199BXM1A26;GRANDE PUNTO / 1.4 / 16V TURBO;Italija;ITA;osebni avtomobil;195;vecnamensko vozilo;GRANDE PUNTO 
88;1230;6.6;0;FIAT;199AXM1A25B;PUNTO / 1.4 / 16V TURBO;Italija;ITA;osebni avtomobil;195;vecnamensko vozilo;PUNTO 
88;1230;6.6;0;FIAT;199AXM1A25;GRANDE PUNTO / 1.4 / 16V TURBO;Italija;ITA;osebni avtomobil;195;vecnamensko vozilo;GRANDE PUNTO 
88;1344;6.6;0;HYUNDAI;F5PC1-M62CZ1;i 30 CW / 1.6 /;Ceöka republika;CZE;osebni avtomobil;190;karavan;i 30 CW 
88;1333;6.6;0;HYUNDAI;F5P31-M62BZ1;i 30 CW / 1.6 /;Ceöka republika;CZE;osebni avtomobil;190;karavan;i 30 CW 
88;1685;6.6;1;JEEP;PK-PATRIOT-JK5FH-81;PATRIOT / 2.0 / CRD;Zdruûene drûave;USA;osebni avtomobil;179;vecnamensko vozilo;PATRIOT 
88;1395;6.6;0;LANCIA;844AXA1A00;DELTA / 1.4 / TURBO;Italija;ITA;osebni avtomobil;195;vecnamensko vozilo;DELTA 
88;1425;6.6;0;MAZDA;GH1982;MAZDA 6 / KARAVAN 1.8 / i;Japonska ;JPN;osebni avtomobil;190;karavan;MAZDA 6 
88;1394;6.6;0;OPEL;JMXXFXX-A42PA55T4AB;MOKKA / 1.4 / TURBO;Nemcija;DEU;osebni avtomobil;185;vecnamensko vozilo;MOKKA 
88;1362;6.6;0;PEUGEOT;4C5FS0/1;308 / 1.6 / i;Francija;FRA;osebni avtomobil;195;vecnamensko vozilo;308
88;1332;6.6;0;PEUGEOT;4C5FS0;308 / 1.6 / i;Francija;FRA;osebni avtomobil;195;vecnamensko vozilo;308
88;1730;6.6;1;SAAB;YS3EX4SD E4D M01;9-5 /2.2 / TiD;ävedska;SWE;osebni avtomobil;200;limuzina;09-May
88;1400;6.6;1;SUZUKI;EYB61S-MT;SX4 / 1.9 / 4WD TD;Madûarska;HUN;osebni avtomobil;180;vozilo z dviûnimi vrati zadaj;SX4 
88;1295;6.7;0;CITROEN;LC5FWC;C4 / 1.6 / i 16V;Francija;FRA;osebni avtomobil;195;vozilo z dviûnimi vrati zadaj;C4 
88;1292;6.7;0;CITROEN;LA5FWC;C4 / 1.6 / i 16V;Francija;FRA;osebni avtomobil;195;vozilo z dviûnimi vrati zadaj;C4 
88;1335;6.7;0;FIAT;198AXG1B06C;BRAVO / 1.4 / 16V TURBO;Italija;ITA;osebni avtomobil;197;vecnamensko vozilo;BRAVO 
88;1362;6.7;0;HYUNDAI;F5P31-M62DZ1;i 30 CW / 1.6 /;Ceöka republika;CZE;osebni avtomobil;190;karavan;i 30 CW 
88;1395;6.7;0;JEEP;BUAXN1BE13L5;RENEGADE / 1.0 / FWD;Zdruûene drûave;USA;osebni avtomobil;185;vecnamensko vozilo;RENEGADE 
88;1426;6.7;0;MAZDA;GHA982;MAZDA 6 / KARAVAN 1.8 / i;Japonska ;JPN;osebni avtomobil;190;karavan;MAZDA 6 
88;1410;6.7;0;MAZDA;GHA482;MAZDA 6 / 1.8 / i;Japonska ;JPN;osebni avtomobil;194;vozilo z dviûnimi vrati zadaj;MAZDA 6 
88;1355;6.7;0;MAZDA;GH1282;MAZDA 6 / 1.8 / i;Japonska ;JPN;osebni avtomobil;200;limuzina;MAZDA 6 
88;1280;6.7;0;MINI;MR31-AB;COOPER CABRIO / / AUT.;Nemcija;DEU;osebni avtomobil;191;kabriolet;COOPER CABRIO 
88;1180;6.7;0;MINI;MF31-02;COOPER / / AUT.;Nemcija;DEU;osebni avtomobil;197;vozilo z dviûnimi vrati zadaj;COOPER 
88;1709;6.7;1;OPEL;VAYHVK-P2F00P;VIVARO / 1.5 / CDTI;Francija;FRA;osebni avtomobil;160;vecnamensko vozilo;VIVARO 
88;1664;6.7;0;OPEL;EADKA12-BA2M3JAPJ7;ZAFIRA / TOURER 1.4 / TURBO;Nemcija;DEU;osebni avtomobil;190;vecnamensko vozilo;ZAFIRA 
88;1481;6.7;0;PEUGEOT;4H5FS0/1;308 / MONOSPACE 1.6 / i;Francija;FRA;osebni avtomobil;189;vecnamensko vozilo;308
88;1474;6.7;0;PEUGEOT;0U5FS0/1;3008 / 1.6 / i;Francija;FRA;osebni avtomobil;185;vecnamensko vozilo;3008
88;1437;6.7;0;PEUGEOT;4E5FWC/1;308 / BREAK 1.6 / i 16V;Francija;FRA;osebni avtomobil;188;karavan;308
88;1437;6.7;0;PEUGEOT;4E5FWC/1;308 / BREAK 1.6 / i 16V;Francija;FRA;osebni avtomobil;188;vecnamensko vozilo;308
88;1364;6.7;0;PEUGEOT;WE5FS9/1;207 / BREAK 1.6 / i 16V AUT.;Francija;FRA;osebni avtomobil;195;karavan;207
88;1362;6.7;0;PEUGEOT;4C5FWC;308 / 1.6 / i 16V;Francija;FRA;osebni avtomobil;197;vozilo z dviûnimi vrati zadaj;308
88;1362;6.7;0;PEUGEOT;4C5FWC;308 / 1.6 / i 16V;Francija;FRA;osebni avtomobil;195;vozilo z dviûnimi vrati zadaj;308
88;1362;6.7;0;PEUGEOT;4C5FWC;308 / 1.6 / i 16V;Francija;FRA;osebni avtomobil;195;vecnamensko vozilo;308
88;1352;6.7;0;PEUGEOT;4A5FWC;308 / 1.6 / i 16V;Francija;FRA;osebni avtomobil;195;vozilo z dviûnimi vrati zadaj;308
88;1395;6.8;0;FIAT;334AXN1BE13F8;500X / 1.0 / CROSS;Italija;ITA;osebni avtomobil;188;vecnamensko vozilo;500X 
88;1275;6.8;0;FIAT;323AXC1A03;LINEA / 1.4 / 16V TURBO;Italija;ITA;osebni avtomobil;195;limuzina;LINEA 
88;1540;6.8;1;FORD;DXA-XWDG1VX-5SNAZ6AA56B;C-MAX / 1.5 / DV5 88 A6 S;Nemcija;DEU;osebni avtomobil;182;vecnamensko vozilo;C-MAX 
88;1435;6.8;0;FORD;BA7KGBA1D-5GLANC;MONDEO / 1.6 /;Nemcija;DEU;osebni avtomobil;195;limuzina;MONDEO 
88;1435;6.8;0;FORD;BA7KGBA1E-5GLANC;MONDEO / 1.6 /;Nemcija;DEU;osebni avtomobil;195;vozilo z dviûnimi vrati zadaj;MONDEO 
88;1173;6.8;0;HONDA;EM2;CIVIC / 1.7  / I;Zdruûene drûave;USA;osebni avtomobil;200;kupe;CIVIC 
88;1395;6.8;0;JEEP;BUAXN1BE13N5T;RENEGADE / 1.0 / FWD;Zdruûene drûave;USA;osebni avtomobil;185;vecnamensko vozilo;RENEGADE 
88;1355;6.8;0;MAZDA;GH1282;MAZDA 6 / 1.8 / i;Japonska ;JPN;osebni avtomobil;200;limuzina;MAZDA 6 
88;1515;6.8;0;PEUGEOT;4H5FWC/1;308 / MONOSPACE 1.6 / i;Francija;FRA;osebni avtomobil;188;vecnamensko vozilo;308
88;1900;6.8;1;RENAULT;JK0GA6;ESPACE / 1.9 / DCI;Francija;FRA;osebni avtomobil;180;vecnamensko vozilo;ESPACE 
88;1770;6.8;1;RENAULT;JK0GA6;ESPACE / 1.9;Francija;FRA;osebni avtomobil;180;limuzina;ESPACE 
88;1770;6.8;1;RENAULT;JK0G-A6;ESPACE / 1.9 / DCI;Francija;FRA;osebni avtomobil;180;vecnamensko vozilo;ESPACE 
88;1695;6.8;1;RENAULT;JK;ESPACE / 1.9 / DCI;Francija;FRA;osebni avtomobil;180;vecnamensko vozilo;ESPACE 
88;1811;6.9;1;CITROEN;EBRHKH;C8 / 2.0 / HDI;Francija;FRA;osebni avtomobil;180;vecnamensko vozilo;C8 
88;1505;6.9;0;CITROEN;UA5FS0/1;C4 PICASSO / 1.6 / i;Francija;FRA;osebni avtomobil;186;vecnamensko vozilo;C4 PICASSO 
88;1490;6.9;0;CITROEN;UD5FS0/1;C4 PICASSO / 1.6 / i;Francija;FRA;osebni avtomobil;186;vecnamensko vozilo;C4 PICASSO 
88;1490;6.9;0;CITROEN;UE5FS0/1;C4 PICASSO / 1.6 / i;Francija;FRA;osebni avtomobil;186;karavan;C4 PICASSO 
88;1383;6.9;0;CITROEN;SH5FW0/1;C3 PICASSO / 1.6 / 16V;Francija;FRA;osebni avtomobil;188;vecnamensko vozilo;C3 PICASSO 
88;1811;6.9;1;FIAT;179BXH1B1A;ULYSSE / 2.0 / JTD;Italija;ITA;osebni avtomobil;180;vecnamensko vozilo;ULYSSE 
88;1736;6.9;1;FIAT;179BXH1B3A;ULYSSE / 2.0 / JTD;Italija;ITA;osebni avtomobil;180;vecnamensko vozilo;ULYSSE 
88;1395;6.9;0;FIAT;334AXN1B13A;500X / 1.0 / URBAN;Italija;ITA;osebni avtomobil;188;vecnamensko vozilo;500X 
88;1350;6.9;0;FIAT;356HXF1BH7C;TIPO / 1.4 /;Italija;ITA;osebni avtomobil;200;vecnamensko vozilo;TIPO 
88;1324;6.9;0;HYUNDAI;F5P31-A61EZ1;i 30 CW / 1.6 / AUT.;Ceöka republika;CZE;osebni avtomobil;190;karavan;i 30 CW 
88;1864;6.9;1;LANCIA;179AXH1B1AL;PHEDRA / 2.0 / JTD;Italija;ITA;osebni avtomobil;180;vecnamensko vozilo;PHEDRA 
88;1811;6.9;1;LANCIA;179BXH1B1AL;PHEDRA / 2.0 / JTD;Italija;ITA;osebni avtomobil;180;vecnamensko vozilo;PHEDRA 
88;1395;6.9;0;MAZDA;GH1482;MAZDA 6 / 1.8 / i;Japonska ;JPN;osebni avtomobil;198;vozilo z dviûnimi vrati zadaj;MAZDA 6 
88;1811;6.9;1;PEUGEOT;EBRHKH;807 / 2.0 / HDI;Francija;FRA;osebni avtomobil;180;vecnamensko vozilo;807
88;1515;6.9;0;PEUGEOT;4H5FWC/1;308 / MONOSPACE 1.6 / i 16V;Francija;FRA;osebni avtomobil;188;vecnamensko vozilo;308
88;1505;6.9;0;PEUGEOT;0E5FS0/1;5008 / 1.6 / i;Francija;FRA;osebni avtomobil;187;vecnamensko vozilo;5008
88;1480;6.9;0;PEUGEOT;0A5FS0/1;5008 / 1.6 / i;Francija;FRA;osebni avtomobil;187;vecnamensko vozilo;5008
88;1474;6.9;0;PEUGEOT;0U5FS0/1;3008 / 1.6 / i;Francija;FRA;osebni avtomobil;185;vecnamensko vozilo;3008
88;1387;6.9;0;PEUGEOT;4C5FS9/1;308 / 1.6 / i AUT.;Francija;FRA;osebni avtomobil;188;vecnamensko vozilo;308
88;1757;6.9;1;SAAB;YS3EE5D-M01;9-5 / ESTATE 2.2 / TID;ävedska;SWE;osebni avtomobil;195;karavan;09-May
88;1700;6.9;1;SAAB;E5D-M02;9-5 / ESTATE 2.2 / TID;ävedska;SWE;osebni avtomobil;195;karavan;09-May
88;1485;7.1;0;AUDI;LCABAF1-FM6B1001R8K60;A4 / 1.8 / TFSI;Nemcija;DEU;osebni avtomobil;208;limuzina;A4 
88;1312;7.1;0;FORD;DM2CSDA1-5BB_MK;FOCUS C-MAX / 1.8;Nemcija;DEU;osebni avtomobil;193;vecnamensko vozilo;FOCUS C-MAX 
88;1395;7.1;0;JEEP;BUAXN1BE13C8;RENEGADE / 1.0 / FWD;Zdruûene drûave;USA;osebni avtomobil;185;vecnamensko vozilo;RENEGADE 
88;1670;7.1;1;OPEL;VBF69-Y22DTH;OMEGA / 2.2 / DTI;Nemcija;DEU;osebni avtomobil;195;limuzina;OMEGA 
88;1471;7.1;0;OPEL;EADNA11-BX1J1BGMJ5;MERIVA / 1.4 / TURBO AUT.;Nemcija;DEU;osebni avtomobil;188;vecnamensko vozilo;MERIVA 
88;1471;7.1;0;OPEL;EADNA11-BX1J1BGMJ5;MERIVA / 1.4 / TURBO AUT.;Nemcija;DEU;osebni avtomobil;185;vecnamensko vozilo;MERIVA 
88;1425;7.1;1;OPEL;BN11-2A11AGTJHD5;ASTRA / 1.9 / DT AUT.;Nemcija;DEU;osebni avtomobil;188;vozilo z dviûnimi vrati zadaj;ASTRA 
88;1515;7.1;0;PEUGEOT;4H5FWC;308 / MONOSPACE 1.6 / i 16V;Francija;FRA;osebni avtomobil;188;karavan;308
88;1515;7.1;0;PEUGEOT;4H5FWC;308 / MONOSPACE 1.6 / i 16V;Francija;FRA;osebni avtomobil;188;vecnamensko vozilo;308
88;1474;7.1;0;PEUGEOT;0U5FW0/1;3008 / 1.6 / i;Francija;FRA;osebni avtomobil;185;karavan;3008
88;1545;7.2;0;AUDI;ACDHAF1-FM6B1001R8K607MG;A4 AVANT / 1.8 / TFSI;Nemcija;DEU;osebni avtomobil;200;karavan;A4 AVANT 
88;1977;7.2;1;CITROEN;XCRHKH/SC;JUMPY / 2.0 / HDI L1;Francija;FRA;osebni avtomobil;160;vecnamensko vozilo;JUMPY 
88;1884;7.2;1;FIAT;270XXC1BAA;SCUDO / 2.0 / JTD;Italija;ITA;osebni avtomobil;160;karavan;SCUDO 
88;1350;7.2;0;FIAT;356HXF1BH7A;TIPO / 1.4 /;Italija;ITA;osebni avtomobil;200;vecnamensko vozilo;TIPO 
88;1643;7.2;1;OPEL;DE11-2A06ALWEFA7;ZAFIRA / 1.9 / DT 16V AUT.;Nemcija;DEU;osebni avtomobil;182;vecnamensko vozilo;ZAFIRA 
88;1503;7.2;0;OPEL;EADNA11-BX1J1BGMA5;MERIVA / 1.4 / 16V TURBO AUT.;Nemcija;DEU;osebni avtomobil;185;vecnamensko vozilo;MERIVA 
88;1471;7.2;0;OPEL;BM11-1AADC66GGC5;MERIVA / 1.4 / 16V TURBO AUT.;Nemcija;DEU;osebni avtomobil;185;vecnamensko vozilo;MERIVA 
88;1994;7.2;1;PEUGEOT;XDRHKH/SC;EXPERT / 2.0 / HDI L2;Francija;FRA;osebni avtomobil;160;vecnamensko vozilo;EXPERT 
88;1977;7.2;1;PEUGEOT;XCRHKH/SC;EXPERT / 2.0 / HDI L1;Francija;FRA;osebni avtomobil;160;vecnamensko vozilo;EXPERT 
88;1466;7.2;0;PEUGEOT;WB5FWF;207 / CABRIOLET 1.6 / i 16V AUT.;Francija;FRA;osebni avtomobil;195;kabriolet;207
88;2265;7.2;1;RENAULT;JLJM9RMN6TAN110A30;TRAFIC / 2.0 / DCI;Francija;FRA;osebni avtomobil;165;vecnamensko vozilo;TRAFIC 
88;2193;7.2;1;RENAULT;JLJM9RMN6TAN142A30;TRAFIC / 2.0 / DCI;Francija;FRA;osebni avtomobil;165;vozilo z dostopom za invalidski vozicek;TRAFIC 
88;2134;7.2;1;RENAULT;JLJM9RMN6TAN142A30;TRAFIC / 2.0 / DCI;Francija;FRA;osebni avtomobil;165;vecnamensko vozilo;TRAFIC 
88;2112;7.2;1;RENAULT;JLJM9RMN6TAN110B30;TRAFIC / 2.0 / DCI;Francija;FRA;osebni avtomobil;165;vecnamensko vozilo;TRAFIC 
88;2092;7.2;1;RENAULT;JLJM9RMN6TAN110A30;TRAFIC / 2.0 / DCI;Francija;FRA;osebni avtomobil;165;vozilo z dostopom za invalidski vozicek;TRAFIC 
88;2002;7.3;1;CITROEN;XDRHGH/SC;JUMPY / 2.0 / HDI L2;Francija;FRA;osebni avtomobil;160;vecnamensko vozilo;JUMPY 
88;1985;7.3;1;CITROEN;XCRHGH/SC;JUMPY / 2.0 / HDI L1;Francija;FRA;osebni avtomobil;160;vecnamensko vozilo;JUMPY 
88;1480;7.3;0;CITROEN;7J5FS0;BERLINGO / 1.6 / i 16V;Francija;FRA;osebni avtomobil;177;vecnamensko vozilo;BERLINGO 
88;1380;7.3;0;FIAT;356WXF1BW7A;TIPO / 1.4 /;Italija;ITA;osebni avtomobil;200;vecnamensko vozilo;TIPO 
88;1730;7.3;1;OPEL;VBF35-Y22DTH;OMEGA / CAR. 2.2 / DTI;Nemcija;DEU;osebni avtomobil;190;karavan;OMEGA 
88;1394;7.3;0;OPEL;JMXXFXX-A42PA55T4DB;MOKKA / 1.4 / TURBO;Nemcija;DEU;osebni avtomobil;185;vecnamensko vozilo;MOKKA 
88;2025;7.3;1;PEUGEOT;YBBMRA;BOXER / KOMBI 33 2.2 / HDi L1H1;Francija;FRA;osebni avtomobil;155;vecnamensko vozilo;BOXER 
88;1994;7.3;1;PEUGEOT;XDRHKH;EXPERT / 2.0 / HDI L2;Francija;FRA;osebni avtomobil;160;vecnamensko vozilo;EXPERT 
88;1502;7.3;0;PEUGEOT;0A5FW0/1;5008 / 1.6 / i;Francija;FRA;osebni avtomobil;188;vecnamensko vozilo;5008
88;1480;7.3;0;PEUGEOT;7J5FS0;PARTNER / 1.6 / i 16V;Francija;FRA;osebni avtomobil;177;vecnamensko vozilo;PARTNER 
88;1395;7.3;0;PEUGEOT;7J5FS0;PARTNER / 1.6 / i 16V;Francija;FRA;osebni avtomobil;177;karavan;PARTNER 
88;1387;7.3;0;PEUGEOT;4C5FWF;308 / 1.6 / i 16V AUT.;Francija;FRA;osebni avtomobil;188;vozilo z dviûnimi vrati zadaj;308
88;2183;7.3;1;RENAULT;JLJM9RMN6TAN142A30;TRAFIC / 2.0 / DCI;Francija;FRA;osebni avtomobil;165;vecnamensko vozilo;TRAFIC 
88;2155;7.3;1;RENAULT;JLJM9RMN6TAN142B30;TRAFIC / 2.0 / DCI;Francija;FRA;osebni avtomobil;165;vecnamensko vozilo;TRAFIC 
88;1495;7.3;0;SEAT;AACDHAX0-SGFM61X0047MQ;EXEO / 1.8 / TSI;äpanija;ESP;osebni avtomobil;202;limuzina;EXEO 
88;2075;7.4;1;CITROEN;XBRHKH;JUMPY / 2.0 / HDI L2;Francija;FRA;osebni avtomobil;160;karavan;JUMPY 
88;1994;7.4;1;CITROEN;XDRHKH;JUMPY / 2.0 / HDI L2;Francija;FRA;osebni avtomobil;160;vecnamensko vozilo;JUMPY 
88;1916;7.4;1;CITROEN;XDRHKH;JUMPY / 2.0 / HDI L2;Francija;FRA;osebni avtomobil;160;karavan;JUMPY 
88;1533;7.4;0;CITROEN;UD5FWC/1;C4 PICASSO / 1.6 / I 16V;Francija;FRA;osebni avtomobil;186;vecnamensko vozilo;C4 PICASSO 
88;1916;7.4;1;FIAT;270XXC1BAAL;SCUDO / 2.0 / JTD;Italija;ITA;osebni avtomobil;160;vecnamensko vozilo;SCUDO 
88;1807;7.4;1;FIAT;270ZXC1BKAL;SCUDO 2.0 / JTD;Italija;ITA;osebni avtomobil;160;vecnamensko vozilo;SCUDO 2.0 
88;1916;7.4;1;PEUGEOT;XBRHKH;EXPERT / 2.0 / HDI L2;Francija;FRA;osebni avtomobil;160;karavan;EXPERT 
88;2222;7.4;1;RENAULT;JLJM9RMN6TAN142A30;TRAFIC / 2.0 / DCI;Francija;FRA;osebni avtomobil;165;vecnamensko vozilo;TRAFIC 
88;1962;7.5;1;CITROEN;XCRHKH;JUMPY / 2.0 / HDI L1;Francija;FRA;osebni avtomobil;160;vecnamensko vozilo;JUMPY 
88;1884;7.5;1;CITROEN;XCRHKH;JUMPY / 2.0 / HDI L1;Francija;FRA;osebni avtomobil;160;karavan;JUMPY 
88;1561;7.5;0;CITROEN;UA5FWC;C4 PICASSO / 1.6 / i 16V;Francija;FRA;osebni avtomobil;186;vecnamensko vozilo;C4 PICASSO 
88;1533;7.5;0;CITROEN;UD5FWC;C4 PICASSO / 1.6 / i 16V;Francija;FRA;osebni avtomobil;186;vecnamensko vozilo;C4 PICASSO 
88;2615;7.5;1;FIAT;250BCMRB02;DUCATO / COMBINATO 2.3 / JTD;Italija;ITA;osebni avtomobil;150;vozilo z dostopom za invalidski vozicek;DUCATO 
88;1994;7.5;1;FIAT;270KXC1BABL3;SCUDO / 2.0 / JTD;Italija;ITA;osebni avtomobil;160;vecnamensko vozilo;SCUDO 
88;1962;7.5;1;FIAT;270KXC1BAB1;SCUDO / 2.0 / JTD;Italija;ITA;osebni avtomobil;160;vecnamensko vozilo;SCUDO 
88;1916;7.5;1;FIAT;270XXC1BABL;SCUDO / 2.0 / JTD;Italija;ITA;osebni avtomobil;160;vecnamensko vozilo;SCUDO 
88;1884;7.5;1;FIAT;270XXC1B-AB;SCUDO / 2.0 / JTD;Italija;ITA;osebni avtomobil;160;vecnamensko vozilo;SCUDO 
88;1394;7.5;0;OPEL;JMXXFXX-A42PA55T4CB;MOKKA / 1.4 / TURBO;Nemcija;DEU;osebni avtomobil;185;vecnamensko vozilo;MOKKA 
88;1994;7.5;1;PEUGEOT;XDRHKH;EXPERT / 2.0 / HDI L2;Francija;FRA;osebni avtomobil;160;vecnamensko vozilo;EXPERT 
88;1962;7.5;1;PEUGEOT;XCRHKH;EXPERT / 2.0 / HDI L1;Francija;FRA;osebni avtomobil;160;vecnamensko vozilo;EXPERT 
88;1916;7.5;1;PEUGEOT;XDRHKH;EXPERT / 2.0 / HDI L2;Francija;FRA;osebni avtomobil;160;karavan;EXPERT 
88;1884;7.5;1;PEUGEOT;XCRHKH;EXPERT / 2.0 / HDI L1;Francija;FRA;osebni avtomobil;160;karavan;EXPERT 
88;1565;7.5;0;PEUGEOT;7S5FS0;PARTNER / 1.6 / i 16V;Francija;FRA;osebni avtomobil;177;vecnamensko vozilo;PARTNER 
88;1355;7.5;0;RENAULT;BG0B05;LAGUNA / 1.8;Francija;FRA;osebni avtomobil;203;vozilo z dviûnimi vrati zadaj;LAGUNA 
88;1280;7.5;0;RENAULT;BG0B05;LAGUNA / 1.8 / 16V;Francija;FRA;osebni avtomobil;203;vozilo z dviûnimi vrati zadaj;LAGUNA 
88;1380;7.6;0;FIAT;356WXF1BW7;TIPO / 1.4 /;Italija;ITA;osebni avtomobil;200;vecnamensko vozilo;TIPO 
88;1350;7.6;0;FIAT;356HXF1BH7;TIPO / 1.4 /;Italija;ITA;osebni avtomobil;200;vecnamensko vozilo;TIPO 
88;1394;7.6;0;OPEL;JMXXFXX-A42PA55T4CB;MOKKA / 1.4 / TURBO;Nemcija;DEU;osebni avtomobil;185;vecnamensko vozilo;MOKKA 
88;3115;7.6;1;PEUGEOT;YBBMRB;BOXER / KOMBI 33 2.2 / HDi L2H2;Francija;FRA;osebni avtomobil;150;vozilo za posebne namene;BOXER 
88;2135;7.6;1;PEUGEOT;YBBMRB;BOXER / KOMBI 33 2.2 / HDi L2H2;Francija;FRA;osebni avtomobil;150;vozilo za invalidski vozicek;BOXER 
88;2135;7.6;1;PEUGEOT;YBBMRB;BOXER / KOMBI 33 2.2 / HDi L2H2;Francija;FRA;osebni avtomobil;150;vecnamensko vozilo;BOXER 
88;1387;7.7;0;FORD;DM2-EYDE1;CMAX / 1.8;Nemcija;DEU;osebni avtomobil;195;vozilo z dviûnimi vrati zadaj;CMAX 
88;1395;7.7;0;JEEP;BUAXN1BE13C8F;RENEGADE / 1.0 / FWD;Zdruûene drûave;USA;osebni avtomobil;185;vecnamensko vozilo;RENEGADE 
88;1305;7.7;0;MAZDA;GG1282;6 / 1.8;Japonska ;JPN;osebni avtomobil;197;limuzina;6
88;1305;7.7;0;MAZDA;GG1282;MAZDA 6 / 1.8 / i;Japonska ;JPN;osebni avtomobil;197;limuzina;MAZDA 6 
88;1541;7.7;0;PEUGEOT;4H5FWF;308 / MONOSPACE 1.6 / i 16V AUT;Francija;FRA;osebni avtomobil;181;vecnamensko vozilo;308
88;1390;7.7;0;RENAULT;KG0B05;LAGUNA / GRANDTOUR 1.8 / 16V;Francija;FRA;osebni avtomobil;200;karavan;LAGUNA 
88;1355;7.8;0;ALFA ROMEO;940FXT1A18AL;GIULIETTA / 1.4 /;Italija;ITA;osebni avtomobil;195;vecnamensko vozilo;GIULIETTA 
88;2375;7.8;1;FIAT;250BCMPB16;DUCATO / PANORAMA 2.3 / JTD;Italija;ITA;osebni avtomobil;150;vecnamensko vozilo;DUCATO 
88;2290;7.8;1;FIAT;250ACMPA14;DUCATO / PANORAMA 2.3 / JTD;Italija;ITA;osebni avtomobil;155;vecnamensko vozilo;DUCATO 
88;1330;7.8;0;MAZDA;GG1482;6 / 1.8;Japonska ;JPN;osebni avtomobil;194;vozilo z dviûnimi vrati zadaj;6
88;1330;7.8;0;MAZDA;GG1482;MAZDA 6 / 1.8 / i;Japonska ;JPN;osebni avtomobil;194;vozilo z dviûnimi vrati zadaj;MAZDA 6 
88;1270;7.8;0;MAZDA;GG1282;MAZDA 6 / 1.8 / i;Japonska ;JPN;osebni avtomobil;197;limuzina;MAZDA 6 
88;1445;7.8;0;ROVER;RJSLPN;75 / 1.8 /;Zdruûeno kraljestvo;GBR;osebni avtomobil;195;limuzina;75
88;1615;7.9;0;FORD;DM2-BNMC1AX-5JGBZ6AER1C;KUGA / 1.5 / EB GTDI 88 B6 4x2 S;Nemcija;DEU;osebni avtomobil;180;vecnamensko vozilo;KUGA 
88;1360;7.9;0;MAZDA;GY1982;6 / KARAVAN 1.8;Japonska ;JPN;osebni avtomobil;192;karavan;6
88;1360;7.9;0;MAZDA;GY1982;MAZDA 6 / KARAVAN 1.8 / i;Japonska ;JPN;osebni avtomobil;192;karavan;MAZDA 6 
88;1340;7.9;0;RENAULT;B56405;LAGUNA / 1.8 / 16V;Francija;FRA;osebni avtomobil;195;limuzina;LAGUNA 
88;1295;8.2;0;ALFA ROMEO;937BXB1A-06;147 / 1.6 / T. SPARK;Italija;ITA;osebni avtomobil;195;vozilo z dviûnimi vrati zadaj;147
88;1275;8.2;0;ALFA ROMEO;937AXB1A01H;147 / 1.6 / T. Spark;Italija;ITA;osebni avtomobil;195;vozilo z dviûnimi vrati zadaj;147
88;1265;8.2;0;ALFA ROMEO;932A410031L;156 / 1.6 / T. Spark;Italija;ITA;osebni avtomobil;200;limuzina;156
88;1265;8.2;0;ALFA ROMEO;937BXB1A06L;147 / 1.6 / T. Spark;Italija;ITA;osebni avtomobil;195;vozilo z dviûnimi vrati zadaj;147
88;1260;8.2;0;ALFA ROMEO;930A2B00-21;145 / 1.6 / T. SPARK;Italija;ITA;osebni avtomobil;195;vozilo z dviûnimi vrati zadaj;145
88;1220;8.2;0;ALFA ROMEO;937BXB1A06H;147 / 1.6 / T. Spark;Italija;ITA;osebni avtomobil;195;vozilo z dviûnimi vrati zadaj;147
88;1360;8.3;0;MAZDA;GY1982;MAZDA 6 / KARAVAN 1.8 / i;Japonska ;JPN;osebni avtomobil;192;karavan;MAZDA 6 
88;1335;8.3;0;MAZDA;GY1982;MAZDA / 6 / KARAVAN 1.8 / i;Japonska ;JPN;osebni avtomobil;192;karavan;MAZDA 
88;1295;8.3;0;MAZDA;GG1482;6 / 1.8;Japonska ;JPN;osebni avtomobil;194;limuzina;6
88;1270;8.3;0;MAZDA;GG1282;6 / 1.8;Japonska ;JPN;osebni avtomobil;197;limuzina;6
88;1220;8.3;0;MAZDA;GG1482;MAZDA 6 / 1.8 / i;Japonska ;JPN;osebni avtomobil;194;limuzina;MAZDA 6 
88;1856;8.3;1;OPEL;6BG76-Y22DTH;FRONTERA / 2.2 / DTI;Nemcija;DEU;osebni avtomobil;158;limuzina;FRONTERA 
88;1795;8.3;1;OPEL;6;FRONTERA / 2.2 / DTI;Nemcija;DEU;osebni avtomobil;158;karavan;FRONTERA 
88;2955;8.3;1;PEUGEOT;YBBMRA;BOXER / 2.2 / HDI;Francija;FRA;osebni avtomobil;155;vozilo za posebne namene;BOXER 
88;2025;8.3;1;PEUGEOT;YBBMRA;BOXER / 2.2 / HDI;Francija;FRA;osebni avtomobil;155;vecnamensko vozilo;BOXER 
88;2460;8.5;1;CITROEN;YBBMRB;JUMPER / KOMBI 33 2.2 / HDi L2H2;Francija;FRA;osebni avtomobil;150;vozilo za posebne namene;JUMPER 
88;2431;8.5;1;CITROEN;YBBMRB;JUMPER / KOMBI 33 2.2 / HDi L2H2;Francija;FRA;osebni avtomobil;150;vecnamensko vozilo;JUMPER 
88;2375;8.5;1;CITROEN;YBBMPB;JUMPER / KOMBI 33 2.2 / HDi L2H2;Francija;FRA;osebni avtomobil;150;vecnamensko vozilo;JUMPER 
88;2135;8.5;1;PEUGEOT;YBBMRB;BOXER / 2.2 / HDI;Francija;FRA;osebni avtomobil;150;vecnamensko vozilo;BOXER 
88;2135;8.5;1;PEUGEOT;YBBMRB;BOXER / 2.2 / HDI;Francija;FRA;osebni avtomobil;150;vozilo za posebne namene;BOXER 
88;1340;8.5;0;RENAULT;B56;LAGUNA / 1.8;Francija;FRA;osebni avtomobil;203;vozilo z dviûnimi vrati zadaj;LAGUNA 
88;1856;8.6;1;OPEL;6;FRONTERA / 2.2;Nemcija;DEU;osebni avtomobil;158;limuzina;FRONTERA 
88;1988;8.7;1;RENAULT;JDA1DC;MASTER / COMBI 2.5 / DCI;Francija;FRA;osebni avtomobil;147;vecnamensko vozilo;MASTER 
88;1988;8.7;1;RENAULT;JDA1D6;MASTER / COMBI 2.5 / DCI;Francija;FRA;osebni avtomobil;147;vozilo za posebne namene;MASTER 
88;1360;8.8;0;MITSUBISHI;H60W;PAJERO / PININ / 1.8 / GDI;Japonska ;JPN;osebni avtomobil;168;limuzina;PAJERO 
88;2995;8.8;1;RENAULT;JDC1H6;MASTER / COMBI 2.5 / DCI;Francija;FRA;osebni avtomobil;144;vozilo za posebne namene;MASTER 
88;2315;8.8;1;RENAULT;JDC1H6;MASTER / COMBI 2.5 / DCI;Francija;FRA;osebni avtomobil;144;vecnamensko vozilo;MASTER 
88;2290;8.9;1;CITROEN;YABMPA;JUMPER / KOMBI 30 2.2 / HDi L1H1;Francija;FRA;osebni avtomobil;155;vecnamensko vozilo;JUMPER 
88;1360;8.9;0;MITSUBISHI;H60W;PAJERO / PININ / 1.8 / GDI;Japonska ;JPN;osebni avtomobil;168;limuzina;PAJERO 
88;2290;8.9;1;PEUGEOT;YABMPA;BOXER / 2.2 / HDI;Francija;FRA;osebni avtomobil;155;vecnamensko vozilo;BOXER 
88;2243;8.9;1;RENAULT;JDN1D6;MASTER / COMBI 2.5 / DCI;Francija;FRA;osebni avtomobil;147;vecnamensko vozilo;MASTER 
88;1385;9.4;0;MITSUBISHI;H60W;PAJERO / PININ / 1.8 / GDI;Japonska ;JPN;osebni avtomobil;168;limuzina;PAJERO 
88;1360;9.4;0;MITSUBISHI;H-60W;PAJERO / PININ / 1.8 / GDI;Japonska ;JPN;osebni avtomobil;168;karavan;PAJERO 
88;1360;9.4;0;MITSUBISHI;H60W;PAJERO  PININ 1.8;Japonska ;JPN;osebni avtomobil;168;limuzina;PAJERO  PININ 1.8
88;1856;9.4;1;OPEL;6;FRONTERA / 2.2;Nemcija;DEU;osebni avtomobil;158;limuzina;FRONTERA 
88;1360;9.5;0;MITSUBISHI;H60W;PAJERO / PININ / 1.8 / GDI;Japonska ;JPN;osebni avtomobil;155;limuzina;PAJERO 
88;1305;9.5;0;MITSUBISHI;H821-3FFAARR14;PAJERO PININ / 1.8 / GDI AUT.;Japonska ;JPN;osebni avtomobil;168;karavan;PAJERO PININ 
88;1360;9.8;0;MITSUBISHI;H60W;PAJERO / PININ 1.8;Japonska ;JPN;osebni avtomobil;168;limuzina;PAJERO 
88.2;1494;3.6;1;FORD;BA7-XUCA1EX-5BCAZC00NEG;MONDEO / 1.5 / TDCI 88 ECO B6;Nemcija;DEU;osebni avtomobil;192;vozilo z dviûnimi vrati zadaj;MONDEO 
88.2;1494;3.6;1;FORD;BA7-XUCA1E-5BCENG;MONDEO / 1.5 / TDCI 88 ECO M6;Nemcija;DEU;osebni avtomobil;190;vozilo z dviûnimi vrati zadaj;MONDEO 
88.2;1368;3.8;1;FORD;DYB-XWDB16-5DAAMC;FOCUS / 1.5 / TDCi 88 M6 S;Nemcija;DEU;osebni avtomobil;193;karavan;FOCUS 
88.2;1364;3.8;1;FORD;DYB-XWDD15-5SNAMC;FOCUS / 1.5 / TDCi 88 A6 S;Nemcija;DEU;osebni avtomobil;191;vozilo z dviûnimi vrati zadaj;FOCUS 
88.2;1343;3.8;1;FORD;DYB-XWDB15-5DAAMC;FOCUS / 1.5 / TDCi 88 M6 S;Nemcija;DEU;osebni avtomobil;193;vozilo z dviûnimi vrati zadaj;FOCUS 
88.2;1514;4.1;1;FORD;BA7-UGCC1FX-5BDANAPR;MONDEO / 1.5 / TDCI 88 M6;Nemcija;DEU;osebni avtomobil;190;karavan;MONDEO 
88.2;1368;4.1;1;FORD;DYB-XWDA16-5DAAMC;FOCUS / 1.5 / TDCi 88 M6;Nemcija;DEU;osebni avtomobil;193;karavan;FOCUS 
88.2;1515;4.3;1;FORD;BA7-XUCA1F-5BCEPR;MONDEO / 1.5 / TDCI 88 ECO M6;Nemcija;DEU;osebni avtomobil;190;karavan;MONDEO 
88.2;1605;4.8;1;FORD;DM2-XWMC1AX-5SUAA1PC;KUGA / 1.5 / DV5 88 A6 4x2;Nemcija;DEU;osebni avtomobil;173;vecnamensko vozilo;KUGA 
88.3;1284;4.8;0;HYUNDAI;B5P61-M69BZ1;i20 / 1.0 / T-GDI;Turcija;TUR;osebni avtomobil;190;vozilo z dviûnimi vrati zadaj;i20 
88.3;1324;4.9;0;HYUNDAI;B5P11-M61AZ1;i30 / 1.0 / T-GDI;Ceöka republika;CZE;osebni avtomobil;190;vozilo z dviûnimi vrati zadaj;i30 
88.3;1356;4.9;0;KIA;JDC5PG1-M6AEZ1;CEE'D / 1.0 / T;Slovaöka;SVK;osebni avtomobil;187;karavan;CEE'D 
88.3;1341;4.9;0;KIA;JDB5PG1-M6AEZ1;CEED / 1.0 / T;Slovaöka;SVK;osebni avtomobil;190;vozilo z dviûnimi vrati zadaj;CEED 
88.3;1331;4.9;0;KIA;JDB3PG1-M6AEZ1;CEED / 1.0 / T;Slovaöka;SVK;osebni avtomobil;190;vozilo z dviûnimi vrati zadaj;CEED 
88.3;1319;4.9;0;KIA;JDB3PG1-M6AEZ1;CEE'D / 1.0 / T;Slovaöka;SVK;osebni avtomobil;190;vozilo z dviûnimi vrati zadaj;CEE'D 
88.3;1425;5.2;0;HYUNDAI;F5P11-M61BZ1;i30 CW / 1.0 / T-GDI;Ceöka republika;CZE;osebni avtomobil;188;karavan;i30 CW 
88.3;1411;5.2;0;HYUNDAI;BAP11-M61FZ1;i30 FB / 1.0 / T-GDI;Ceöka republika;CZE;osebni avtomobil;188;vozilo z dviûnimi vrati zadaj;i30 FB 
88.3;1342;5.2;0;HYUNDAI;F5P11-M61A11;KONA / 1.0 / T-GDI;Koreja. republika;KOR;osebni avtomobil;181;vecnamensko vozilo;KONA 
88.3;1331;5.2;0;HYUNDAI;B5P11-M61A11;i30 / 1.0 / T-GDI;Ceöka republika;CZE;osebni avtomobil;190;vozilo z dviûnimi vrati zadaj;i30 
88.3;1227;5.2;0;HYUNDAI;B5P61-M63AZ1;i20 / 1.0 / T-GDI;Turcija;TUR;osebni avtomobil;190;vozilo z dviûnimi vrati zadaj;i20 
88.3;1334;5.2;0;KIA;CDF5P11-M61A11;CEED / 1.0 / T;Slovaöka;SVK;osebni avtomobil;190;karavan;CEED 
88.3;1297;5.2;0;KIA;CDB5P11-M61A11;CEED / 1.0 / T;Slovaöka;SVK;osebni avtomobil;190;vozilo z dviûnimi vrati zadaj;CEED 
88.3;1297;5.2;0;KIA;CDB5P11-M62C11;CEED / 1.0 / T;Slovaöka;SVK;osebni avtomobil;187;vozilo z dviûnimi vrati zadaj;CEED 
88.3;1220;5.2;0;KIA;YBC5P21-D72CZ1;STONIC / 1.0 / T / AUT.;Koreja. republika;KOR;osebni avtomobil;185;karavan;STONIC 
88.3;1185;5.2;0;KIA;YBC5P21-M63CZ1;STONIC / 1.0 / T;Koreja. republika;KOR;osebni avtomobil;184;karavan;STONIC 
88.3;1380;5.3;0;HYUNDAI;PDE-F5P61-M61B11;i30 CW / 1.0 / T-GDI;Ceöka republika;CZE;osebni avtomobil;196;karavan;i30 CW 
88.3;1368;5.3;0;HYUNDAI;BAP61-M61FZ1;i30 FB / 1.0 / T-GDI;Ceöka republika;CZE;osebni avtomobil;196;vozilo z dviûnimi vrati zadaj;i30 FB 
88.3;1342;5.3;0;HYUNDAI;B5P81-M61B11;i30 / 1.0 / T-GDI 48V HEV;Ceöka republika;CZE;osebni avtomobil;196;vozilo z dviûnimi vrati zadaj;i30 
88.3;1339;5.3;0;HYUNDAI;F5P11-M61A11;KONA / 1.0 / T-GDI;Koreja. republika;KOR;osebni avtomobil;181;vecnamensko vozilo;KONA 
88.3;1238;5.3;0;HYUNDAI;B5P81-D71CZ3;i20 / 1.0 / T-GDI HP DCT 48V HEV;Turcija;TUR;osebni avtomobil;185;vozilo z dviûnimi vrati zadaj;i20 
88.3;1402;5.4;0;HYUNDAI;B5P81-D73B11;i30 / 1.0 / T-GDI DCT 48V HEV;Ceöka republika;CZE;osebni avtomobil;196;vozilo z dviûnimi vrati zadaj;i30 
88.3;1398;5.4;0;HYUNDAI;F5P11-M61B11;KONA / 1.0 / T-GDI;Koreja. republika;KOR;osebni avtomobil;181;vecnamensko vozilo;KONA 
88.3;1371;5.4;0;HYUNDAI;B5P81-M61B11;i30 / 1.0 / T-GDI 48V HEV;Ceöka republika;CZE;osebni avtomobil;196;vozilo z dviûnimi vrati zadaj;i30 
88.3;1350;5.4;0;HYUNDAI;B5P11-M61AZ1;i30 / 1.0 / T-GDI;Ceöka republika;CZE;osebni avtomobil;190;vozilo z dviûnimi vrati zadaj;i30 
88.3;1297;5.4;0;KIA;CDB5P11-M62C11;CEED / 1.0 / T;Slovaöka;SVK;osebni avtomobil;187;vozilo z dviûnimi vrati zadaj;CEED 
88.3;1440;5.5;0;HYUNDAI;BBP11-M61HZ1;i30 NS / 1.0 / T-GDI;Ceöka republika;CZE;osebni avtomobil;190;vozilo z dviûnimi vrati zadaj;i30 NS 
88.3;1409;5.5;0;HYUNDAI;F5P61-M61B11;i30 CW / 1.0 / T-GDI;Ceöka republika;CZE;osebni avtomobil;196;karavan;i30 CW 
88.3;1394;5.5;0;HYUNDAI;BAP61-M61FZ1;i30 FB / 1.0 / T-GDI;Ceöka republika;CZE;osebni avtomobil;196;vozilo z dviûnimi vrati zadaj;i30 FB 
88.3;1394;5.5;0;HYUNDAI;B5P11-M61BZ1;i30 / 1.0 / T-GDI;Ceöka republika;CZE;osebni avtomobil;190;vozilo z dviûnimi vrati zadaj;i30 
88.3;1394;5.5;0;HYUNDAI;BAP11-M61FZ1;i30 FB / 1.0 / T-GDI;Ceöka republika;CZE;osebni avtomobil;188;vozilo z dviûnimi vrati zadaj;i30 FB 
88.3;1390;5.5;0;HYUNDAI;F5P11-M61BZ1;i30 CW / 1.0 / T-GDI;Ceöka republika;CZE;osebni avtomobil;188;karavan;i30 CW 
88.3;1371;5.5;0;HYUNDAI;BAP11-M61FZ1;i30 FB / 1.0 / T-GDI;Ceöka republika;CZE;osebni avtomobil;190;vozilo z dviûnimi vrati zadaj;i30 FB 
88.3;1361;5.5;0;HYUNDAI;F5P11-M61A11;KONA / 1.0 / T-GDI;Koreja. republika;KOR;osebni avtomobil;181;vecnamensko vozilo;KONA 
88.3;1353;5.5;0;HYUNDAI;B5P61-M61B11;i30 / 1.0 / T-GDI;Ceöka republika;CZE;osebni avtomobil;196;vozilo z dviûnimi vrati zadaj;i30 
88.3;1352;5.5;0;KIA;CDFAP11-M61G11;CEED / 1.0 / T;Slovaöka;SVK;osebni avtomobil;190;karavan;CEED 
88.3;1334;5.5;0;KIA;CDF5P11-M61A11;CEED / 1.0 / T;Slovaöka;SVK;osebni avtomobil;190;karavan;CEED 
88.3;1297;5.5;0;KIA;CDB5P11-M61A11;CEED / 1.0 / T;Slovaöka;SVK;osebni avtomobil;190;vozilo z dviûnimi vrati zadaj;CEED 
88.3;1185;5.5;0;KIA;YBC5P21-M63CZ1;STONIC / 1.0 / T;Koreja. republika;KOR;osebni avtomobil;184;karavan;STONIC 
88.3;1716;5.6;1;FORD;PJ2-ZTGA1CGX-B5BBASABDADIK;TOURNEO CONNECT 1.5 88 205 L1 SWB 120V B6+D6;Nemcija;DEU;osebni avtomobil;170;karavan;TOURNEO CONNECT 1.5 88 205 L1 SWB 120V B6+D6
88.3;1395;5.6;0;HYUNDAI;F5P11-M61A11;KONA / 1.0 / T-GDI;Koreja. republika;KOR;osebni avtomobil;181;vecnamensko vozilo;KONA 
88.3;1380;5.6;0;HYUNDAI;B5P61-M61B11;i30 / 1.0 / T-GDI;Ceöka republika;CZE;osebni avtomobil;196;vozilo z dviûnimi vrati zadaj;i30 
88.3;1297;5.6;0;KIA;CDB5P11-M61A11;CEED / 1.0 / T;Slovaöka;SVK;osebni avtomobil;190;vozilo z dviûnimi vrati zadaj;CEED 
88.3;1431;5.7;0;HYUNDAI;F5P61-D73B11;i30 CW / 1.0 / T-GDI DCT;Ceöka republika;CZE;osebni avtomobil;196;karavan;i30 CW 
88.3;1370;5.7;0;HYUNDAI;F5P11-M61A11;i30 CW / 1.0 / T-GDI;Ceöka republika;CZE;osebni avtomobil;188;karavan;i30 CW 
88.3;1332;5.7;0;KIA;CDBCP11-M6AH11;XCEED / 1.0 / T;Slovaöka;SVK;osebni avtomobil;186;vozilo z dviûnimi vrati zadaj;XCEED 
88.3;1434;5.8;0;HYUNDAI;F5P41-M61A11;KONA / 1.0 / T-GDI;Koreja. republika;KOR;osebni avtomobil;180;vecnamensko vozilo;KONA 
88.3;1329;5.8;0;HYUNDAI;B5P11-M61A11;i30 / 1.0 / T-GDI;Ceöka republika;CZE;osebni avtomobil;190;vozilo z dviûnimi vrati zadaj;i30 
88.3;1298;5.8;0;KIA;CDB5P21-M61B11;CEED / 1.0 / T;Slovaöka;SVK;osebni avtomobil;190;vozilo z dviûnimi vrati zadaj;CEED 
88.3;1434;5.9;0;HYUNDAI;F5P41-M61A11;KONA / 1.0 / T-GDI;Koreja. republika;KOR;osebni avtomobil;180;vecnamensko vozilo;KONA 
88.3;1434;5.9;0;HYUNDAI;F5P41-M61A11;KONA / 1.0 / T-GDI;Koreja. republika;KOR;osebni avtomobil;180;vozilo za posebne namene;KONA 
88.3;1335;5.9;0;KIA;CDF5P21-M61A11;CEED / 1.0 / T;Slovaöka;SVK;osebni avtomobil;190;karavan;CEED 
88.3;1462;6.1;0;HYUNDAI;F5P51-M61A12;KONA / 1.0 / T-GDI 48V N-Line;Koreja. republika;KOR;osebni avtomobil;180;vecnamensko vozilo;KONA 
88.3;1359;6.1;0;HYUNDAI;B5P11-M61BZ1;i30 / 1.0 / T-GDI;Ceöka republika;CZE;osebni avtomobil;190;vozilo z dviûnimi vrati zadaj;i30 
88.3;1273;6.1;0;HYUNDAI;B5P61-D71AZ1;i20 / 1.0 / T-GDI DCT;Turcija;TUR;osebni avtomobil;190;vozilo z dviûnimi vrati zadaj;i20 
88.3;1579;6.2;0;FORD;DM2-BNMA1AX-5TNBA1PC;KUGA / 1.5 / Ecoboost GTDI 88 M6 4x2;Nemcija;DEU;osebni avtomobil;180;vecnamensko vozilo;KUGA 
88.3;1406;6.2;0;HYUNDAI;F5P11-M61BZ1;i30 CW / 1.0 / T-GDI;Ceöka republika;CZE;osebni avtomobil;188;karavan;i30 CW 
88.3;1377;6.2;0;HYUNDAI;B5P11-M61BZ1;i30 / 1.0 / T-GDI;Ceöka republika;CZE;osebni avtomobil;190;vozilo z dviûnimi vrati zadaj;i30 
88.3;1318;6.2;0;HYUNDAI;F5P11-M61A11;KONA / 1.0 / T-GDI;Koreja. republika;KOR;osebni avtomobil;181;vecnamensko vozilo;KONA 
88.3;1339;6.3;0;HYUNDAI;F5P11-M61A11;KONA / 1.0 / T-GDI;Koreja. republika;KOR;osebni avtomobil;181;vecnamensko vozilo;KONA 
88.3;1386;6.4;0;HYUNDAI;F5P11-M61A11;KONA / 1.0 / T-GDI;Koreja. republika;KOR;osebni avtomobil;181;vecnamensko vozilo;KONA 
88.3;1361;6.4;0;HYUNDAI;F5P11-M61A11;KONA / 1.0 / T-GDI;Koreja. republika;KOR;osebni avtomobil;181;vozilo za posebne namene;KONA 
88.3;1775;6.6;1;FORD;PJ2-ZTGA1DGX-E5CCBSABDADJJ;G TOURNEO CONNECT 1.5 88 230 L2 LWB 120V A8;Nemcija;DEU;osebni avtomobil;170;karavan;G TOURNEO CONNECT 1.5 88 230 L2 LWB 120V A8
88.3;1564;6.7;0;FORD;DFK-UNDA1FX-555BE6AP5AA;KUGA / 1.5 / 88.3 B6 4x2;Nemcija;DEU;osebni avtomobil;184;vecnamensko vozilo;KUGA 
89;1310;4.7;1;BMW;UB31-AA;118 / / D;Nemcija;DEU;osebni avtomobil;210;vozilo z dviûnimi vrati zadaj;118
89;1262;5.3;0;MAZDA;DJ1-6WE6NW0A;CX-3 / G121 /;Japonska ;JPN;osebni avtomobil;192;karavan;CX-3 
89;1259;5.3;0;MAZDA;DJ1-6WE6NW01;CX-3 / G121 /;Japonska ;JPN;osebni avtomobil;192;karavan;CX-3 
89;1505;5.6;1;BMW;VC11-13;318 / / D;Nemcija;DEU;osebni avtomobil;206;limuzina;318
89;1385;5.6;1;BMW;UG31-33;118 / / d;Nemcija;DEU;osebni avtomobil;201;vozilo z dviûnimi vrati zadaj;118
89;1360;5.7;1;CHEVROLET;NN5-177;LACETTI / 2.0 / DT 16V;Koreja. republika;KOR;osebni avtomobil;186;limuzina;LACETTI 
89;1355;5.7;1;CHEVROLET;NH5-277;LACETTI / 2.0 / DT 16V;Koreja. republika;KOR;osebni avtomobil;186;vozilo z dviûnimi vrati zadaj;LACETTI 
89;1580;5.8;1;BMW;VU11-03;318 / TOURING / d;Nemcija;DEU;osebni avtomobil;204;karavan;318
89;1320;6.1;0;BMW;UK31-5H;116 / / i;Nemcija;DEU;osebni avtomobil;204;karavan;116
89;1595;6.1;1;MAZDA;GG119T6;6 / KARAVAN 2.0 / CD;Japonska ;JPN;osebni avtomobil;190;karavan;6
89;1595;6.1;1;MAZDA;GG19T6;MAZDA 6 / KARAVAN 2.0 / CD;Japonska ;JPN;osebni avtomobil;190;karavan;MAZDA 6 
89;1585;6.1;1;MAZDA;GY19T6;MAZDA 6 / KARAVAN 2.0 / CD;Japonska ;JPN;osebni avtomobil;190;karavan;MAZDA 6 
89;1520;6.1;1;MAZDA;GG1-19T-6;6 / 2.0 / D;Japonska ;JPN;osebni avtomobil;204;karavan;6
89;1485;6.1;1;MAZDA;GG14T6;MAZDA 6 / 2.0 / CD;Japonska ;JPN;osebni avtomobil;192;vozilo z dviûnimi vrati zadaj;MAZDA 6 
89;1485;6.1;1;MAZDA;GG14T6;6 / 2.0;Japonska ;JPN;osebni avtomobil;192;vozilo z dviûnimi vrati zadaj;6
89;1292;6.1;0;MAZDA;6W7AAW00;CX-3 / G121 / AT;Japonska ;JPN;osebni avtomobil;187;karavan;CX-3 
89;1190;6.1;0;MAZDA;6W7AAW01;CX-3 / G121 / AT;Japonska ;JPN;osebni avtomobil;187;karavan;CX-3 
89;1300;6.2;0;MAZDA;6W76AW01;CX-3 / G121 /;Japonska ;JPN;osebni avtomobil;192;karavan;CX-3 
89;1262;6.2;0;MAZDA;DJ1-6WE6NW0A;CX-3 / G121 /;Japonska ;JPN;osebni avtomobil;192;karavan;CX-3 
89;1259;6.2;0;MAZDA;6WE6NW0A;CX-3 / G121 /;Japonska ;JPN;osebni avtomobil;192;karavan;CX-3 
89;2051;6.2;1;OPEL;HM18-SJ4AB19;VIVARO 1.6 CDTI / /;Nemcija;DEU;osebni avtomobil;166;vecnamensko vozilo;VIVARO 1.6 CDTI 
89;1515;6.5;1;MAZDA;GG14T2;MAZDA 6 / 2.0 / CD;Japonska ;JPN;osebni avtomobil;196;vozilo z dviûnimi vrati zadaj;MAZDA 6 
89;1440;6.5;1;MAZDA;GG14T2;6 / 2.0;Japonska ;JPN;osebni avtomobil;196;vozilo z dviûnimi vrati zadaj;6
89;1435;6.5;1;MAZDA;GG14T2;6 / 2.0;Japonska ;JPN;osebni avtomobil;196;limuzina;6
89;1410;6.5;1;MAZDA;GG12T2;MAZDA 6 / 2.0 / CD;Japonska ;JPN;osebni avtomobil;198;limuzina;MAZDA 6 
89;1410;6.5;1;MAZDA;GG12T2;6 / 2.0;Japonska ;JPN;osebni avtomobil;198;limuzina;6
89;1540;6.6;1;MAZDA;GG/GY-19T2;MAZDA 6 / 2.0 / D;Japonska ;JPN;osebni avtomobil;194;karavan;MAZDA 6 
89;1540;6.6;1;MAZDA;GY19T2;6 / KARAVAN 2.0 / CD;Japonska ;JPN;osebni avtomobil;194;karavan;6
89;1470;6.6;1;MAZDA;GY19T2;6 / KARAVAN 2.0;Japonska ;JPN;osebni avtomobil;194;karavan;6
89;1470;6.6;1;MAZDA;GY19T2;MAZDA 6 / KARAVAN 2.0 / CD;Japonska ;JPN;osebni avtomobil;194;karavan;MAZDA 6 
89;1465;6.6;1;MAZDA;GY19T2;MAZDA / 6 / KARAVAN 2.0 / CD;Japonska ;JPN;osebni avtomobil;194;karavan;MAZDA 
89;1440;6.9;1;CHEVROLET;NW5-378;LACETTI / SW 2.0 / DT 16V AUT.;Koreja. republika;KOR;osebni avtomobil;188;karavan;LACETTI 
89;1600;6.9;1;CHRYSLER;PTEN8U-L1;PT CRUISER / 2.2 / TD;Zdruûene drûave;USA;osebni avtomobil;183;vozilo z dviûnimi vrati zadaj;PT CRUISER 
89;1585;6.9;1;CHRYSLER;EN8U-L1;PT CRUISER / 2.2;Zdruûene drûave;USA;osebni avtomobil;183;vozilo z dviûnimi vrati zadaj;PT CRUISER 
89;1585;6.9;1;CHRYSLER;PT - EN8U -L3;PT / CRUISER / 2.2 / CRD;Zdruûene drûave;USA;osebni avtomobil;183;vozilo z dviûnimi vrati zadaj;PT 
89;1435;6.9;1;CHRYSLER;PTEN8U-L3;PT CRUISER / 2.2 / TD;Zdruûene drûave;USA;osebni avtomobil;183;vozilo z dviûnimi vrati zadaj;PT CRUISER 
89;1270;7.1;0;MAZDA;6W7ARW0A;CX-3 / G121 / AT;Japonska ;JPN;osebni avtomobil;187;karavan;CX-3 
89;2155;7.1;1;OPEL;HM1C-SP4AB16;VIVARO 1.6 CDTI / /;Nemcija;DEU;osebni avtomobil;166;vecnamensko vozilo;VIVARO 1.6 CDTI 
89;2051;7.1;1;OPEL;HM18-SJ4AB19;VIVARO 1.6 CDTI / /;Nemcija;DEU;osebni avtomobil;166;vecnamensko vozilo;VIVARO 1.6 CDTI 
89;2049;7.1;1;OPEL;HM19-SJ4AB18;VIVARO 1.6 CDTI / /;Nemcija;DEU;osebni avtomobil;166;vecnamensko vozilo;VIVARO 1.6 CDTI 
89;2033;7.1;1;OPEL;HM01-SP4AB18;VIVARO 1.6 CDTI / /;Nemcija;DEU;osebni avtomobil;166;vecnamensko vozilo;VIVARO 1.6 CDTI 
89;2168;7.1;1;RENAULT;JLJR9MMS6SA2042A30;TRAFIC / 1.6 / DCI;Francija;FRA;osebni avtomobil;166;vozilo z dostopom za invalidski vozicek;TRAFIC 
89;2126;7.1;1;RENAULT;JLJR9MMS6SA2042A30;TRAFIC / 1.6 / DCI;Francija;FRA;osebni avtomobil;166;vecnamensko vozilo;TRAFIC 
89;2098;7.1;1;RENAULT;JLJR9MMS6SA2010B30;TRAFIC / 1.6 / DCI;Francija;FRA;osebni avtomobil;166;vecnamensko vozilo;TRAFIC 
89;2088;7.1;1;RENAULT;JLJR9MMS6SA2010A30;TRAFIC / 1.6 / DCI;Francija;FRA;osebni avtomobil;166;vecnamensko vozilo;TRAFIC 
89;2051;7.2;1;OPEL;HM18-SJ4AB19;VIVARO 1.6 CDTI / /;Nemcija;DEU;osebni avtomobil;166;vecnamensko vozilo;VIVARO 1.6 CDTI 
89;1280;7.5;0;RENAULT;BG0B05;LAGUNA / 1.8 / 16V;Francija;FRA;osebni avtomobil;203;vozilo z dviûnimi vrati zadaj;LAGUNA 
89;1385;9.3;0;MERCEDES BENZ;202.018-H03AB0TDAA250;C / 180 / AUT.;Nemcija;DEU;osebni avtomobil;190;limuzina;C 
89.7;1368;6.2;0;HYUNDAI;B5P41-M52AZ1;i 30 / 1.6 /;Koreja. republika;KOR;osebni avtomobil;192;vecnamensko vozilo;i 30 
89.7;1263;6.4;0;KIA;EDB5P41-M52BZ1;CEED / 1.6 /;Slovaöka;SVK;osebni avtomobil;192;vecnamensko vozilo;CEED 
89.7;1317;6.5;0;KIA;EDF5P41-M52BZ1;CEED / 1.6 /;Slovaöka;SVK;osebni avtomobil;192;vecnamensko vozilo;CEED 
89.7;1389;6.9;0;HYUNDAI;B5P41-A41AZ1;i 30 / 1.6 / AUT.;Koreja. republika;KOR;osebni avtomobil;183;vecnamensko vozilo;i 30 
90;2315;10.4;1;MERCEDES BENZ;903.462;SPRINTER / 312 / D;Nemcija;DEU;osebni avtomobil;150;vecnamensko vozilo;SPRINTER 
90;2165;10.5;1;LAND ROVER;LDM5-018;DEFENDER / 110 TD5 / SW;Zdruûeno kraljestvo;GBR;osebni avtomobil;129;karavan;DEFENDER 
90;2055;10.5;1;LAND ROVER;LDHM-88;DEFENDER 110 SW / 2.5 / TD5;Zdruûeno kraljestvo;GBR;osebni avtomobil;129;limuzina;DEFENDER 110 SW 
90;1505;3.7;1;AUDI;L2DEUCF1-FM6FM6DJ010P8W01S57MMEM1;A4 / 2.0 / TDI;Nemcija;DEU;osebni avtomobil;205;limuzina;A4 
90;1505;3.8;1;AUDI;L2DEUCF1-FM6FM6DJ010P8W02S57MMEM1;A4 / 2.0 / TDI;Nemcija;DEU;osebni avtomobil;205;limuzina;A4 
90;1600;4.1;1;AUDI;A2DEUCF1-FD7FD7CK006P8W02S57MMEM1;A4 AVANT / 2.0 / TDI AUT.;Nemcija;DEU;osebni avtomobil;198;karavan;A4 AVANT 
90;1550;4.1;1;AUDI;A2DEUCF1-FM6FM6DJ003P8W04S57MMEM1K1;A4 AVANT / 2.0 / TDI;Nemcija;DEU;osebni avtomobil;200;karavan;A4 AVANT 
90;1600;4.2;1;AUDI;A2DEUCF1-FD7FD7CK006P8W05S57MMEM1;A4 AVANT / 2.0 / TDI AUT.;Nemcija;DEU;osebni avtomobil;198;karavan;A4 AVANT 
90;1540;4.2;1;AUDI;L2DEUCF1-FD7FD7CK006P8W07S57MMEM1;A4 / 2.0 / TDI AUT.;Nemcija;DEU;osebni avtomobil;204;limuzina;A4 
90;1605;4.4;1;MERCEDES BENZ;R200T0-GZAA152A;C / 180 T / d;Nemcija;DEU;osebni avtomobil;201;vozilo za posebne namene;C 
90;1565;4.4;1;MERCEDES BENZ;R000T0-CZAA152C;C / 180 / d AUT.;Nemcija;DEU;osebni avtomobil;207;limuzina;C 
90;1395;4.4;1;OPEL;DA077CD12-BF2BAZJUD25;ASTRA / ST 1.5 / DT;Nemcija;DEU;osebni avtomobil;210;karavan;ASTRA 
90;1371;4.4;1;OPEL;CA077CD12-BN1BAZJUD15;ASTRA / 1.5 / DT;Nemcija;DEU;osebni avtomobil;210;vozilo z dviûnimi vrati zadaj;ASTRA 
90;1395;4.5;1;OPEL;DA077CD12-BY2BAZJUD15;ASTRA+ / ST 1.5 / DT;Nemcija;DEU;osebni avtomobil;210;karavan;ASTRA+ 
90;1395;4.5;1;OPEL;DA077CD12-BN2BAZJUD15;ASTRA / ST 1.5 / DT;Nemcija;DEU;osebni avtomobil;210;karavan;ASTRA 
90;1371;4.5;1;OPEL;CA077CD12-BF1BAZJUD25;ASTRA / 1.5 / DT;Nemcija;DEU;osebni avtomobil;210;vozilo z dviûnimi vrati zadaj;ASTRA 
90;1371;4.5;1;OPEL;CA077CD12-BY1BAZJUD15;ASTRA+ / 1.5 / DT;Nemcija;DEU;osebni avtomobil;210;vozilo z dviûnimi vrati zadaj;ASTRA+ 
90;1395;4.6;1;OPEL;DA077CD12-BV2BAZJUD15;ASTRA+ / ST 1.5 / DT;Nemcija;DEU;osebni avtomobil;210;karavan;ASTRA+ 
90;1527;4.7;1;VOLKSWAGEN;AADTRAX0-FD7FD7CW002SV4BIVR21AAGA;PASSAT / 2.0 / TDI AUT.;Nemcija;DEU;osebni avtomobil;204;limuzina;PASSAT 
90;1723;4.9;1;VOLKSWAGEN;ACDTRCX0-N222FM6FM6C9008N1N4BI1AA5;CADDY / 2.0 / TDI;Nemcija;DEU;osebni avtomobil;187;karavan;CADDY 
90;1395;5.1;0;MAZDA;6WE6CW00;CX-30 / G122;Japonska ;JPN;osebni avtomobil;186;karavan;CX-30 
90;1349;5.1;0;MAZDA;6HE6GW00;MAZDA 3 / HB / G122;Japonska ;JPN;osebni avtomobil;197;vozilo z dviûnimi vrati zadaj;MAZDA 3 
90;1605;5.1;1;MERCEDES BENZ;R200T0-GZAA152A;C / 180 T / d;Nemcija;DEU;osebni avtomobil;201;karavan;C 
90;1663;5.1;1;VOLKSWAGEN;DTRCAC-FM6FM6C90044BIS50VR21AA00;TOURAN / 2.0 / TDI;Nemcija;DEU;osebni avtomobil;196;karavan;TOURAN 
90;1648;5.1;1;VOLKSWAGEN;ACDTRCX0-FM6FM6C9006N5N3TVR24BI1ASA0M1IS;TIGUAN / 2.0 / TDI;Nemcija;DEU;osebni avtomobil;191;karavan;TIGUAN 
90;1644;5.1;1;VOLKSWAGEN;DTRCAC-FM6FM6C90044BIS50VR21BA00;TOURAN / 2.0 / TDI;Nemcija;DEU;osebni avtomobil;195;karavan;TOURAN 
90;1636;5.1;1;VOLKSWAGEN;DTRCAC-FM6FM6C90044BIS50VR21BA00;TOURAN / 2.0 / TDI;Nemcija;DEU;osebni avtomobil;196;karavan;TOURAN 
90;1633;5.1;1;VOLKSWAGEN;DTRCAF-FM6FM6C90044BIS72VR21AA0M;TOURAN / 2.0 / TDI;Nemcija;DEU;osebni avtomobil;195;vecnamensko vozilo;TOURAN 
90;1589;5.1;1;VOLKSWAGEN;DTRCAC-FM6FM6C90044BIS50VR21BA0M;TOURAN / 2.0 / TDI;Nemcija;DEU;osebni avtomobil;195;karavan;TOURAN 
90;1350;5.1;0;VOLKSWAGEN;VACCXSAX0-FD7FD7CW001N7MJON1ML00VR2;GOLF / VARIANT 1.4 / TSI AUT.;Nemcija;DEU;osebni avtomobil;204;karavan;GOLF 
90;1250;5.2;0;AUDI;ACMBAF1-FM6AJ009R8V617MJEM1;A3 / 1.4 / TFSI;Nemcija;DEU;osebni avtomobil;203;karavan;A3 
90;1200;5.2;0;AUDI;ACAXAF1-FD7AM014R8X52LL7MGEM3;A1 / 1.4 / TFSI AUT.;Nemcija;DEU;osebni avtomobil;203;karavan;A1 
90;1350;5.2;0;MAZDA;6SE6GW00;MAZDA 3 / SDN / G122;Japonska ;JPN;osebni avtomobil;202;limuzina;MAZDA 3 
90;1349;5.2;0;MAZDA;6HE6GW00;MAZDA 3 / HB / G122;Japonska ;JPN;osebni avtomobil;197;vozilo z dviûnimi vrati zadaj;MAZDA 3 
90;1430;5.2;0;MERCEDES BENZ;234GQ2-OZAAB500;CLA / 180 / AUT:;Nemcija;DEU;osebni avtomobil;210;limuzina;CLA 
90;1395;5.2;0;MERCEDES BENZ;124GQ2-OZAA1501;A / 180 / AUT.;Nemcija;DEU;osebni avtomobil;202;karavan;A 
90;1465;5.2;1;OPEL;DA077DB12-BT2BBADCEA5;ASTRA+ / ST 1.5 / DT AUT.;Nemcija;DEU;osebni avtomobil;205;karavan;ASTRA+ 
90;1224;5.2;0;SEAT;BCXSAX0-FM6SFM6AJ0097MJVL;LEON / 1.4 / TSI;äpanija;ESP;osebni avtomobil;202;karavan;LEON 
90;1204;5.2;0;SEAT;CCXSAX0-FM6SFM6AJ0097MJVL;LEON SC / 1.4 / TSI;äpanija;ESP;osebni avtomobil;202;karavan;LEON SC 
90;1643;5.2;1;VOLKSWAGEN;DTRCACX0-FD7FD7GC0045N1A2254BIN1NA;CADDY / 2.0 / TDI AUT.;Nemcija;DEU;osebni avtomobil;186;karavan;CADDY 
90;1633;5.2;1;VOLKSWAGEN;DTRCAF-FM6FM6C90044BIS72VR21AA0M;TOURAN / 2.0 / TDI;Nemcija;DEU;osebni avtomobil;195;vecnamensko vozilo;TOURAN 
90;1225;5.2;0;VOLKSWAGEN;GAC2CXSAX0-FM6FM6AJ009N7MJON1ML00VR2;GOLF / 1.4 / TSI;Nemcija;DEU;osebni avtomobil;203;karavan;GOLF 
90;1280;5.3;0;AUDI;SCXSAF1-FM6AJ009R8V617MJEM1;A3 / 1.4 / TFSI;Nemcija;DEU;osebni avtomobil;205;vozilo z dviûnimi vrati zadaj;A3 
90;1280;5.3;0;AUDI;SCXSAF1-FM6AJ009R8V617MJEM1;A3 / 1.4 / TFSI;Nemcija;DEU;osebni avtomobil;203;vozilo z dviûnimi vrati zadaj;A3 
90;1225;5.3;0;AUDI;SCAXAF1-FD7AM014R8X52LLS47MQEM2;A1 / 1.4 / TFSI AUT.;Nemcija;DEU;osebni avtomobil;203;vozilo z dviûnimi vrati zadaj;A1 
90;1200;5.3;0;AUDI;ACAXAF1-FD7AM014R8X52LL7MGEM2;A1 / 1.4 / TFSI AUT.;Nemcija;DEU;osebni avtomobil;203;karavan;A1 
90;1175;5.3;0;AUDI;ACAXAF1-FM62U010R8X52LL7MGEM2;A1 / 1.4 / TFSI;Nemcija;DEU;osebni avtomobil;203;karavan;A1 
90;1479;5.3;0;MAZDA;FWE6CW00;CX-30 / G122 / AWD;Japonska ;JPN;osebni avtomobil;182;karavan;CX-30 
90;1395;5.3;0;MERCEDES BENZ;124GQ2-OZAAA502;A / 180 / AUT.;Nemcija;DEU;osebni avtomobil;202;karavan;A 
90;1329;5.3;0;VOLKSWAGEN;ACCXSAX0-FM6FM6AJ009N7MJOMLVR2;GOLF / VARIANT 1.4 / TSI;Nemcija;DEU;osebni avtomobil;204;karavan;GOLF 
90;1247;5.3;0;VOLKSWAGEN;AC4CXSAX0-FM6FM6AJ009N7MJOMLVR2;GOLF / 1.4 / TSI;Nemcija;DEU;osebni avtomobil;203;karavan;GOLF 
90;1375;5.4;0;MAZDA;6SEAGW00;MAZDA 3 / SDN / G122 / AT;Japonska ;JPN;osebni avtomobil;202;limuzina;MAZDA 3 
90;1371;5.4;0;MAZDA;6SE6GW0AA;MAZDA 3 / SDN / G122;Japonska ;JPN;osebni avtomobil;202;limuzina;MAZDA 3 
90;1615;5.4;1;MERCEDES BENZ;R200T0-CZAA152C;C / 180 T / d AUT.;Nemcija;DEU;osebni avtomobil;201;karavan;C 
90;1430;5.4;0;MERCEDES BENZ;234GQ2-OZBA1502;CLA / 180 / AUT.;Nemcija;DEU;osebni avtomobil;210;limuzina;CLA 
90;1395;5.4;0;MERCEDES BENZ;234GQ2-HZAAB500;CLA / 180 /;Nemcija;DEU;osebni avtomobil;210;limuzina;CLA 
90;1395;5.4;0;MERCEDES BENZ;124GQ2-OZAZ1502;A / 180 / AUT.;Nemcija;DEU;osebni avtomobil;202;karavan;A 
90;1165;5.4;0;MINI;SU31-5H0C0;COOPER / /;Nemcija;DEU;osebni avtomobil;203;vozilo z dviûnimi vrati zadaj;COOPER 
90;1150;5.4;0;MINI;SU31-5J;COOPER / /;Nemcija;DEU;osebni avtomobil;203;vozilo z dviûnimi vrati zadaj;COOPER 
90;1685;5.4;1;VOLKSWAGEN;DTRCAC-FM6FM6C90044BIS50VR21CA00;TOURAN / 2.0 / TDI;Nemcija;DEU;osebni avtomobil;196;karavan;TOURAN 
90;1571;5.4;1;VOLKSWAGEN;ACCUUEX1-N0J2AM6AM62Q032N1SBVR27MMLL271;CADDY / 2.0 / TDI 4M;Nemcija;DEU;osebni avtomobil;178;karavan;CADDY 
90;1571;5.4;1;VOLKSWAGEN;AFDFSEX1-N0J2AM6AM62Q032N1SBVR27MMLL271;CADDY / 2.0 / TDI 4M;Nemcija;DEU;osebni avtomobil;178;vecnamensko vozilo;CADDY 
90;1422;5.5;0;MAZDA;6WEACW00;CX-30 / G122 / AT;Japonska ;JPN;osebni avtomobil;186;karavan;CX-30 
90;1370;5.5;0;MAZDA;6HE6GW0AA;MAZDA 3 / HB / G122;Japonska ;JPN;osebni avtomobil;197;vozilo z dviûnimi vrati zadaj;MAZDA 3 
90;1460;5.5;0;MERCEDES BENZ;224GQ2-OZAAB542;CLA / 180 / AUT.;Nemcija;DEU;osebni avtomobil;210;karavan;CLA 
90;1430;5.5;0;MERCEDES BENZ;234GQ2-OZAAA504;CLA / 180 / AUT.;Nemcija;DEU;osebni avtomobil;210;limuzina;CLA 
90;1430;5.5;0;MERCEDES BENZ;224GQ2-HZBA1501;CLA / 180 /;Nemcija;DEU;osebni avtomobil;210;karavan;CLA 
90;1425;5.5;0;MERCEDES BENZ;M24GQ2-OZBCB502;B / 180 / AUT;Nemcija;DEU;osebni avtomobil;200;karavan;B 
90;1425;5.5;0;MERCEDES BENZ;M24GQ2-OZBA1501;B / 180 / AUT;Nemcija;DEU;osebni avtomobil;200;vozilo za posebne namene;B 
90;1395;5.5;0;MERCEDES BENZ;234GQ2-HZAAB502;CLA / 180 /;Nemcija;DEU;osebni avtomobil;210;limuzina;CLA 
90;1395;5.5;0;MERCEDES BENZ;124GQ2-OZAA1504;A / 180 / AUT.;Nemcija;DEU;osebni avtomobil;202;karavan;A 
90;1370;5.5;0;MERCEDES BENZ;124GQ2-HZAAB501;A / 180 /;Nemcija;DEU;osebni avtomobil;202;karavan;A 
90;1630;5.5;1;VOLKSWAGEN;AFDFSEX1-L0J2AM6AM62Q032N1SBVR27MMLL271;CADDY MAXI / 2.0 / TDI 4M;Nemcija;DEU;osebni avtomobil;178;vecnamensko vozilo;CADDY MAXI 
90;1431;5.5;0;VOLVO;MMV21-MV21L1;V40 / 2.0 / T;ävedska;SWE;osebni avtomobil;190;vecnamensko vozilo;V40 
90;1505;5.6;1;BMW;VC11-11;318 / / d;Nemcija;DEU;osebni avtomobil;206;limuzina;318
90;1430;5.6;1;BMW;VC11-11;318 // d;Nemcija;DEU;osebni avtomobil;206;limuzina;318
90;1385;5.6;1;BMW;UG31-31;BMW / 118 / / D;Nemcija;DEU;osebni avtomobil;204;limuzina;BMW 
90;1385;5.6;1;BMW;187UG31-31;118 / D;Nemcija;DEU;osebni avtomobil;201;vozilo z dviûnimi vrati zadaj;118
90;1385;5.6;1;BMW;UG31-01;118 / / d;Nemcija;DEU;osebni avtomobil;201;karavan;118
90;1385;5.6;1;BMW;UG31-31;118;Nemcija;DEU;osebni avtomobil;201;limuzina;118
90;1310;5.6;1;BMW;UG-31;118 / D;Nemcija;DEU;osebni avtomobil;201;vozilo z dviûnimi vrati zadaj;118
90;1310;5.6;1;BMW;UG-31;118 / D;Nemcija;DEU;osebni avtomobil;188;vozilo z dviûnimi vrati zadaj;118
90;1374;5.6;0;MAZDA;6HEAGW00;MAZDA 3 / HB / G122 / AT;Japonska ;JPN;osebni avtomobil;197;vozilo z dviûnimi vrati zadaj;MAZDA 3 
90;1460;5.6;0;MERCEDES BENZ;224GQ2-OZBA1502;CLA / 180 / AUT.;Nemcija;DEU;osebni avtomobil;210;karavan;CLA 
90;1435;5.6;0;MERCEDES BENZ;274GQ2-OZAA15A1;GLA / 180 / AUT.;Nemcija;DEU;osebni avtomobil;200;karavan;GLA 
90;1430;5.6;0;MERCEDES BENZ;234GQ2-OZBA1504-;CLA / 180 / AUT.;Nemcija;DEU;osebni avtomobil;210;limuzina;CLA 
90;1425;5.6;0;MERCEDES BENZ;M24GQ2-OZBA1502;B / 180 / AUT;Nemcija;DEU;osebni avtomobil;200;karavan;B 
90;1395;5.6;0;MERCEDES BENZ;234GQ2-HZAAB503;CLA / 180 /;Nemcija;DEU;osebni avtomobil;210;limuzina;CLA 
90;1395;5.6;0;MERCEDES BENZ;124GP2-OZAAB502;A / 180 /;Nemcija;DEU;osebni avtomobil;202;karavan;A 
90;1395;5.6;0;MERCEDES BENZ;M24GQ2-HZBA1501;B / 180 /;Nemcija;DEU;osebni avtomobil;200;karavan;B 
90;1370;5.6;0;MERCEDES BENZ;124GQ2-HZAAB502;A / 180 /;Nemcija;DEU;osebni avtomobil;202;karavan;A 
90;1446;5.6;0;VOLVO;MMV33-MV33V0;V40 / 1.5 / T / AUT. FWD;ävedska;SWE;osebni avtomobil;190;vecnamensko vozilo;V40 
90;1431;5.6;0;VOLVO;MMV21-MV21L1;V 40 / 2.0 / T;ävedska;SWE;osebni avtomobil;190;vecnamensko vozilo;V 40 
90;1505;5.7;1;BMW;VC11-01;318 / / D;Nemcija;DEU;osebni avtomobil;206;limuzina;318
90;1425;5.7;0;MERCEDES BENZ;M24GQ2-OZBA1504;B / 180 / AUT;Nemcija;DEU;osebni avtomobil;200;karavan;B 
90;1395;5.7;0;MERCEDES BENZ;234GQ2-HZBA1504;CLA / 180 /;Nemcija;DEU;osebni avtomobil;210;limuzina;CLA 
90;1395;5.7;0;MERCEDES BENZ;274GQ2-HZAA1501;GLA / 180 /;Nemcija;DEU;osebni avtomobil;200;karavan;GLA 
90;1395;5.7;0;MERCEDES BENZ;M24GQ2-HZBCA502;B / 180 /;Nemcija;DEU;osebni avtomobil;200;karavan;B 
90;1370;5.7;0;MERCEDES BENZ;124GQ2-HZAAA504;A / 180 /;Nemcija;DEU;osebni avtomobil;202;karavan;A 
90;1240;5.7;0;MINI;ZN31-6H0C0;COOPER CABRIO / /;Nemcija;DEU;osebni avtomobil;198;kabriolet;COOPER CABRIO 
90;1571;5.7;1;VOLKSWAGEN;ACDFSEX1-N0J2AM6AM62Q032N1SBVR27MMLL371;CADDY / 2.0 / TDI 4M;Nemcija;DEU;osebni avtomobil;178;karavan;CADDY 
90;1446;5.7;0;VOLVO;MMV33-MV33T0;V40 / 1.5 / T / AUT. FWD;ävedska;SWE;osebni avtomobil;190;vecnamensko vozilo;V40 
90;1580;5.8;1;BMW;VU11-01;318 / TOURING / d;Nemcija;DEU;osebni avtomobil;204;karavan;318
90;1350;5.8;0;BMW;UH31-AJ;116 / / i;Nemcija;DEU;osebni avtomobil;204;karavan;116
90;1340;5.8;0;BMW;UE31-AJ;116 / / i;Nemcija;DEU;osebni avtomobil;204;karavan;116
90;1330;5.8;0;BMW;UB71-AA;116 / / i;Nemcija;DEU;osebni avtomobil;204;karavan;116
90;1505;5.8;1;MERCEDES BENZ;R80DL0-JZBBA400;CLC / 200 / CDI;Nemcija;DEU;osebni avtomobil;206;vozilo z dviûnimi vrati zadaj;CLC 
90;1430;5.8;0;MERCEDES BENZ;224GQ2-HZBA1502;CLA / 180 /;Nemcija;DEU;osebni avtomobil;210;karavan;CLA 
90;1425;5.8;0;MERCEDES BENZ;M24GP2-OZAAB500;B / 180 / AUT.;Nemcija;DEU;osebni avtomobil;190;karavan;B 
90;1395;5.8;0;MERCEDES BENZ;M24GQ2-HZBCB504;B / 180 /;Nemcija;DEU;osebni avtomobil;200;karavan;B 
90;1370;5.8;0;MERCEDES BENZ;124GP2-HZAAB523;A / 180 /;Nemcija;DEU;osebni avtomobil;202;karavan;A 
90;1325;5.8;0;äKODA;AACAXAX01-NFM6FM6AJ0097;OCTAVIA / 1.4 / TSI;Ceöka republika;CZE;osebni avtomobil;205;limuzina;OCTAVIA 
90;1230;5.8;0;äKODA;AACAXA-NFD7FD7AM014ST0P0SK;RAPID / 1.4 / TSI AUT.;Ceöka republika;CZE;osebni avtomobil;206;limuzina;RAPID 
90;1225;5.8;0;äKODA;ABCAXA-NFD7FD7AM014STN0P0SK;RAPID / 1.4 / TSI AUT.;Ceöka republika;CZE;osebni avtomobil;203;vozilo z dviûnimi vrati zadaj;RAPID 
90;1425;5.9;0;BMW;VF31-AA;316 / / i;Nemcija;DEU;osebni avtomobil;210;limuzina;316
90;1395;5.9;0;MAZDA;6WE6CW0AA;CX-30 / G122;Japonska ;JPN;osebni avtomobil;186;karavan;CX-30 
90;1505;5.9;1;MERCEDES BENZ;203;C / 200;Nemcija;DEU;osebni avtomobil;208;limuzina;C 
90;1505;5.9;1;MERCEDES BENZ;R80DK0-JZBBA401;CLC / 200 / CDI;Nemcija;DEU;osebni avtomobil;206;vozilo z dviûnimi vrati zadaj;CLC 
90;1425;5.9;0;MERCEDES BENZ;M24GM2-OZAAA501;B / 180 / AUT.;Nemcija;DEU;osebni avtomobil;190;karavan;B 
90;1395;5.9;0;MERCEDES BENZ;M24GM2-HZAAA501;B / 180 /;Nemcija;DEU;osebni avtomobil;190;karavan;B 
90;1487;5.9;1;VOLKSWAGEN;AABVEX0-FM6FM62Q009STP0GG;PASSAT / 2.0 / TDI;Nemcija;DEU;osebni avtomobil;199;limuzina;PASSAT 
90;1301;5.9;0;VOLKSWAGEN;ACCAXAX0-FD7FD7AM006N0GGN1;GOLF / 1.4 / TSI AUT.;Nemcija;DEU;osebni avtomobil;197;karavan;GOLF 
90;1415;5.9;0;VOLVO;MMV36-MV36V1;V40 / 2.0 / T / MAN.FWD;ävedska;SWE;osebni avtomobil;190;vecnamensko vozilo;V40 
90;1350;6.1;0;BMW;UH31-5A;116 / / i;Nemcija;DEU;osebni avtomobil;204;karavan;116
90;1320;6.1;0;BMW;UK31-5A;116 / / i;Nemcija;DEU;osebni avtomobil;204;karavan;116
90;1395;6.1;0;MAZDA;6HEAGW0CA;MAZDA 3 / HB / G122 / AT;Japonska ;JPN;osebni avtomobil;197;vozilo z dviûnimi vrati zadaj;MAZDA 3 
90;1995;6.1;1;MERCEDES BENZ;R00DF0-JDBBA501;C 200;Nemcija;DEU;osebni avtomobil;208;limuzina;C 200
90;1600;6.1;1;MERCEDES BENZ;211U00DF0-JFAAA501;E / 200 / CDI;Nemcija;DEU;osebni avtomobil;203;limuzina;E 
90;1525;6.1;1;MERCEDES BENZ;211;E / 200 / CDI;Nemcija;DEU;osebni avtomobil;203;limuzina;E 
90;1515;6.1;1;MERCEDES BENZ;203;C / 200 / CDI;Nemcija;DEU;osebni avtomobil;208;limuzina;C 
90;1515;6.1;1;MERCEDES BENZ;R00DF0-JDBBA501;MERCEDES BENZ / C / 200 / CDI;Nemcija;DEU;osebni avtomobil;208;limuzina;MERCEDES BENZ 
90;1505;6.1;1;MERCEDES BENZ;R00DF0-JDAAA501;C / 200 / CDI;Nemcija;DEU;osebni avtomobil;208;limuzina;C 
90;1505;6.1;1;MERCEDES BENZ;R80DL0-JZBBA402;CLC / 200 / CDI;Nemcija;DEU;osebni avtomobil;206;vozilo z dviûnimi vrati zadaj;CLC 
90;1490;6.1;1;MERCEDES BENZ;R80DF0-JDAAA401;C / 200 / CDI;Nemcija;DEU;osebni avtomobil;208;vozilo z dviûnimi vrati zadaj;C 
90;1425;6.1;0;MERCEDES BENZ;M24GM2-OZAAA522;B / 180 / AUT.;Nemcija;DEU;osebni avtomobil;190;karavan;B 
90;1395;6.1;0;MERCEDES BENZ;M24GM2-HZAAA522;B / 180 /;Nemcija;DEU;osebni avtomobil;190;karavan;B 
90;1484;6.1;0;VOLKSWAGEN;ACCAXAX0-FM6FM6AJ009STP07MJSNVR2O;PASSAT / VARIANT 1.4 / TSI;Nemcija;DEU;osebni avtomobil;202;karavan;PASSAT 
90;1415;6.1;0;VOLVO;MMV36-MV36T1;V40 / 2.0 / T / MAN. FWD;ävedska;SWE;osebni avtomobil;190;vecnamensko vozilo;V40 
90;1350;6.2;0;BMW;187UH31-5A;116 / I;Nemcija;DEU;osebni avtomobil;204;karavan;116
90;1430;6.2;0;MERCEDES BENZ;234GT2-OZBA150C;CLA / 180 / AUT.;Nemcija;DEU;osebni avtomobil;210;limuzina;CLA 
90;1425;6.2;0;MERCEDES BENZ;M24GT2-OZBA150C;B / 180 / AUT.;Nemcija;DEU;osebni avtomobil;200;karavan;B 
90;1395;6.2;0;MERCEDES BENZ;M24GP2-HZAAB523;B / 180 /;Nemcija;DEU;osebni avtomobil;190;karavan;B 
90;1505;6.2;0;VOLKSWAGEN;CAXAAE-FM6STFM6AJ0087MGVR2;EOS / 1.4 / TSI;Nemcija;DEU;osebni avtomobil;198;kabriolet;EOS 
90;1345;6.2;0;VOLKSWAGEN;AACAXAX0-FM6FM6AJ009N7MQN1VR0;JETTA / 1.4 / TSI;Nemcija;DEU;osebni avtomobil;202;limuzina;JETTA 
90;1290;6.2;0;VOLKSWAGEN;ACCAXAX0-FM6FM6AJ008N7MGN1;GOLF / 1.4 / TSI;Nemcija;DEU;osebni avtomobil;200;karavan;GOLF 
90;1495;6.3;0;BMW;US11-5A;316 / TOURING / i;Nemcija;DEU;osebni avtomobil;205;karavan;316
90;1422;6.3;0;MAZDA;6WEACW0AA;CX-30 / G122 / AT;Japonska ;JPN;osebni avtomobil;186;karavan;CX-30 
90;1640;6.3;1;MERCEDES BENZ;211 - U00DK0 - JCAAA500;E / 200 / CDI;Nemcija;DEU;osebni avtomobil;203;limuzina;E 
90;1635;6.3;1;MERCEDES BENZ;211;E / 200 / CDI;Nemcija;DEU;osebni avtomobil;201;limuzina;E 
90;1600;6.3;1;MERCEDES BENZ;211;E / 200 / CDI;Nemcija;DEU;osebni avtomobil;203;limuzina;E 
90;1560;6.3;1;MERCEDES BENZ;211-K;E / 200 / CDI;Nemcija;DEU;osebni avtomobil;216;limuzina;E 
90;1525;6.3;1;MERCEDES BENZ;211-K;E / 200 /;Nemcija;DEU;osebni avtomobil;216;limuzina;E 
90;1515;6.3;1;MERCEDES BENZ;R00DL0-JCBBA500;C / 200 / CDI;Nemcija;DEU;osebni avtomobil;208;limuzina;C 
90;1505;6.3;1;MERCEDES BENZ;203R00DF0-JDAAA50;C / 200 / CDI;Nemcija;DEU;osebni avtomobil;208;limuzina;C 
90;1435;6.3;0;MERCEDES BENZ;274GT2-OZAA150C;GLA / 180 / AUT.;Nemcija;DEU;osebni avtomobil;200;karavan;GLA 
90;1425;6.3;0;MERCEDES BENZ;M24GT2-OZBA150C;B / 180 / AUT.;Nemcija;DEU;osebni avtomobil;200;karavan;B 
90;1340;6.3;0;äKODA;ACCAXAX01-NFM6FM6AJ008;OCTAVIA / COMBI 1.4 / TSI;Ceöka republika;CZE;osebni avtomobil;202;karavan;OCTAVIA 
90;1325;6.3;0;äKODA;AACAXAX01-NFM6FM6AJ008;OCTAVIA / 1.4 / TSI;Ceöka republika;CZE;osebni avtomobil;203;limuzina;OCTAVIA 
90;1325;6.3;0;äKODA;ACCAXAX01-NFM6FM6AJ0090;OCTAVIA / COMBI 1.4 / TSI;Ceöka republika;CZE;osebni avtomobil;202;karavan;OCTAVIA 
90;1310;6.3;0;äKODA;AACAXAX01-NFM6FM6AJ0080;OCTAVIA / 1.4 / TSI;Ceöka republika;CZE;osebni avtomobil;203;limuzina;OCTAVIA 
90;1440;6.3;0;VOLKSWAGEN;AACAXAX0-FM6FM6AJ008STP17MGSNVR0O;PASSAT / 1.4 / TSI;Nemcija;DEU;osebni avtomobil;203;limuzina;PASSAT 
90;1438;6.3;0;VOLKSWAGEN;ACCAXAX0-FD7FD7AM006N7MGN1;GOLF PLUS / 1.4 / TSI AUT.;Nemcija;DEU;osebni avtomobil;195;karavan;GOLF PLUS 
90;1406;6.3;0;VOLKSWAGEN;ACCAXAX0-FD7FD7AM006N0GGN1;GOLF / VARIANT 1.4 / TSI AUT.;Nemcija;DEU;osebni avtomobil;197;karavan;GOLF 
90;1394;6.3;0;VOLKSWAGEN;ACCAXAX0-FM6FM6AJ008N7MGN1;GOLF / VARIANT 1.4 / TFSI;Nemcija;DEU;osebni avtomobil;201;karavan;GOLF 
90;1383;6.3;0;VOLKSWAGEN;AACAXAX0-FM6FM6AJ008N0GGN1;JETTA / 1.4 / TSI;Nemcija;DEU;osebni avtomobil;199;limuzina;JETTA 
90;1280;6.3;0;VOLKSWAGEN;ACCAXAX0-FM6FM6AJ007N0GGN1;GOLF / 1.4 / TSI;Nemcija;DEU;osebni avtomobil;197;karavan;GOLF 
90;1635;6.4;1;MERCEDES BENZ;211.004;E / 200 / CDI AUT.;Nemcija;DEU;osebni avtomobil;201;limuzina;E 
90;1425;6.4;0;MERCEDES BENZ;M24GT2-OZBA150C;B / 180 / AUT.;Nemcija;DEU;osebni avtomobil;200;karavan;B 
90;1395;6.4;0;äKODA;ACCAXAX0-NFM6FM6AJ009ST7;YETI / 1.4 / TSI;Ceöka republika;CZE;osebni avtomobil;185;karavan;YETI 
90;1591;6.4;1;VOLKSWAGEN;ACDFSEX1-N0J2AM6AM62Q032N1SBVR24BFLL1AA;CADDY / 2.0 / TDI 4M;Nemcija;DEU;osebni avtomobil;178;karavan;CADDY 
90;1497;6.4;0;VOLKSWAGEN;ACCAXAX0-FD7FD7AM006STP17MQSNVR0O;PASSAT / VARIANT 1.4 / TSI AUT.;Nemcija;DEU;osebni avtomobil;200;karavan;PASSAT 
90;1485;6.4;0;VOLKSWAGEN;AACAXAX0-FD7FD7AM006ST0GGS;PASSAT / 1.4 / TSI AUT.;Nemcija;DEU;osebni avtomobil;201;limuzina;PASSAT 
90;1473;6.4;0;VOLKSWAGEN;ACCAXAX0-FM6FM6AJ009STP07MJSNVR0O;PASSAT / VARIANT 1.4 / TSI;Nemcija;DEU;osebni avtomobil;200;karavan;PASSAT 
90;1319;6.4;0;VOLKSWAGEN;ADCAXA-FM6FM6AJ0097MGVR0N1;SCIROCCO / 1.4 / TSI;Nemcija;DEU;osebni avtomobil;200;kupe;SCIROCCO 
90;1244;6.4;0;VOLKSWAGEN;ADCAXA-FM6FM6AJ0087MGN1;SCIROCCO / 1.4 / TSI;Nemcija;DEU;osebni avtomobil;200;kupe;SCIROCCO 
90;1555;6.5;1;MERCEDES BENZ;203KR20DF0-JDAAA51;C / 200 T / CDI;Nemcija;DEU;osebni avtomobil;202;karavan;C 
90;1515;6.5;1;MERCEDES BENZ;R00DL0-JCBBA501;C / 200 / CDI;Nemcija;DEU;osebni avtomobil;208;limuzina;C 
90;1490;6.5;1;MERCEDES BENZ;R80DK0-JDAAA401;C / 200 / CDI;Nemcija;DEU;osebni avtomobil;208;vozilo z dviûnimi vrati zadaj;C 
90;1435;6.5;0;MERCEDES BENZ;274GT2-OZAA150C;GLA / 180 / AUT.;Nemcija;DEU;osebni avtomobil;200;karavan;GLA 
90;1405;6.5;0;MERCEDES BENZ;274GT2-HZAA150B;GLA / 180 /;Nemcija;DEU;osebni avtomobil;200;karavan;GLA 
90;1591;6.5;1;VOLKSWAGEN;ACDFSEX1-N0J2AM6AM62Q032N1SBVR24BFLL1AA;CADDY / 2.0 / TDI 4M;Nemcija;DEU;osebni avtomobil;178;karavan;CADDY 
90;1536;6.5;0;VOLKSWAGEN;CAXAAE-FM6STFM6AJ0080GG;EOS / 1.4 / TSI;Nemcija;DEU;osebni avtomobil;196;kabriolet;EOS 
90;1501;6.5;0;VOLKSWAGEN;ACCAXAX0-FM6FM6BB003NDSTVR27MJO;TIGUAN / 1.4 / TSI;Nemcija;DEU;osebni avtomobil;185;karavan;TIGUAN 
90;1416;6.5;0;VOLKSWAGEN;ACCAXAX0-FM6FM6AJ008N7MGN1;GOLF PLUS / 1.4 / TSI;Nemcija;DEU;osebni avtomobil;195;karavan;GOLF PLUS 
90;1635;6.6;1;MERCEDES BENZ;U00DL0-TEAAA500;E / 200 / CDI AUT.;Nemcija;DEU;osebni avtomobil;201;limuzina;E 
90;1600;6.6;1;MERCEDES BENZ;211.004;E / 200 / CDI;Nemcija;DEU;osebni avtomobil;203;limuzina;E 
90;1555;6.6;1;MERCEDES BENZ;203K;C / 200 T / CDI;Nemcija;DEU;osebni avtomobil;202;karavan;C 
90;1535;6.6;1;MERCEDES BENZ;203R00DF0-TEBBA500;C / 200 / CDI AUT.;Nemcija;DEU;osebni avtomobil;203;limuzina;C 
90;1530;6.6;1;MERCEDES BENZ;203.007-R00DF0TCAAA50;C / 200 / CDI AUT.;Nemcija;DEU;osebni avtomobil;203;limuzina;C 
90;1510;6.6;1;MERCEDES BENZ;203 CL;C / 200 / CDI AUT.;Nemcija;DEU;osebni avtomobil;205;vozilo z dviûnimi vrati zadaj;C 
90;1395;6.6;0;MERCEDES BENZ;234GT2-HZBA150B;CLA / 180 /;Nemcija;DEU;osebni avtomobil;210;limuzina;CLA 
90;1650;6.6;1;VOLKSWAGEN;ACDFSEX1-L0J2AM6AM62Q032N1SBVR24BFLL1AA;CADDY MAXI / 2.0 / TDI 4M;Nemcija;DEU;osebni avtomobil;178;karavan;CADDY MAXI 
90;1650;6.6;1;VOLKSWAGEN;AFDFSEX1-L0J2AM6AM62Q032N1SBVR24BFLL1AA;CADDY MAXI / 2.0 / TDI 4M;Nemcija;DEU;osebni avtomobil;178;vecnamensko vozilo;CADDY MAXI 
90;1416;6.6;0;VOLKSWAGEN;AFCAXAX0-FM6FM6AJ007N0GGN1;GOLF PLUS / 1.4 / TSI;Nemcija;DEU;osebni avtomobil;194;vecnamensko vozilo;GOLF PLUS 
90;1365;6.7;0;BMW;UK31-5K;116 / / i AUT.;Nemcija;DEU;osebni avtomobil;202;karavan;116
90;1560;6.7;1;MERCEDES BENZ;211-U00DF0-TDAAA502;E / 200 / CDI;Nemcija;DEU;osebni avtomobil;201;limuzina;E 
90;1530;6.7;1;MERCEDES BENZ;203R00DK0-TCAAA50;C / 200 / CDI AUT.;Nemcija;DEU;osebni avtomobil;203;limuzina;C 
90;1510;6.7;1;MERCEDES BENZ;203.707-R80DF0TCBAA402;C / 200;Nemcija;DEU;osebni avtomobil;203;kupe;C 
90;1490;6.7;1;MERCEDES BENZ;R80DL0-JCAAA401;C / 200 / CDI;Nemcija;DEU;osebni avtomobil;208;vozilo z dviûnimi vrati zadaj;C 
90;1395;6.7;0;MERCEDES BENZ;234GT2-HZBA150B;CLA / 180 /;Nemcija;DEU;osebni avtomobil;210;limuzina;CLA 
90;1395;6.7;0;MERCEDES BENZ;M24GT2-HZBA150B;B / 180 /;Nemcija;DEU;osebni avtomobil;200;karavan;B 
90;1536;6.7;0;VOLKSWAGEN;CAXAAE-FM6STFM6AJ0070GG;EOS / 1.4 / TSI;Nemcija;DEU;osebni avtomobil;196;kabriolet;EOS 
90;1415;6.7;0;VOLVO;MMV36-MV36V1;V40 / 2.0 / T / MAN.FWD;ävedska;SWE;osebni avtomobil;190;vecnamensko vozilo;V40 
90;1360;6.8;0;BMW;UE31-5B;116 / / i AUT.;Nemcija;DEU;osebni avtomobil;202;karavan;116
90;1580;6.8;1;MERCEDES BENZ;R20DF0-TCAAA501;C / 200 T / CDI AUT.;Nemcija;DEU;osebni avtomobil;197;karavan;C 
90;1565;6.8;1;MERCEDES BENZ;R20DK0-JZAAA500;C / 200 T / CDI;Nemcija;DEU;osebni avtomobil;202;karavan;C 
90;1535;6.8;1;MERCEDES BENZ;R00DK0-TEBBA500;C / 200 / CDI AUT.;Nemcija;DEU;osebni avtomobil;208;limuzina;C 
90;1535;6.8;1;MERCEDES BENZ;R00DK0-TEBBA500;C / 200 / CDI AUT.;Nemcija;DEU;osebni avtomobil;203;limuzina;C 
90;1530;6.8;1;MERCEDES BENZ;R00DK0-TCAAA50;C / 200 / CDI AUT.;Nemcija;DEU;osebni avtomobil;203;limuzina;C 
90;1525;6.8;1;MERCEDES BENZ;R80DL0-TZCBA401;CLC / 200 / CDI AUT.;Nemcija;DEU;osebni avtomobil;205;vozilo z dviûnimi vrati zadaj;CLC 
90;1460;6.8;1;MERCEDES BENZ;203-R00DK0-TEBBA500;C / 200 / CDI;Nemcija;DEU;osebni avtomobil;203;limuzina;C 
90;1395;6.8;0;MERCEDES BENZ;M24GT2-HZBA150B;B / 180 /;Nemcija;DEU;osebni avtomobil;200;karavan;B 
90;1375;6.8;0;äKODA;ACCAXAX0-NFM6FM6AJ0100;YETI / 1.4 / TSI;Ceöka republika;CZE;osebni avtomobil;185;karavan;YETI 
90;1159;6.9;0;CITROEN;JMNFS-C;C2 / 1.6 / I 16V VTS;Francija;FRA;osebni avtomobil;202;vozilo z dviûnimi vrati zadaj;C2 
90;1120;6.9;0;CITROEN;JMNFSC/IF;C2 / 1.6 / i 16V VTS;Francija;FRA;osebni avtomobil;202;vozilo z dviûnimi vrati zadaj;C2 
90;1635;6.9;1;MERCEDES BENZ;211U00DK0-TEAAA50;E / 200 / CDI AUT.;Nemcija;DEU;osebni avtomobil;201;limuzina;E 
90;1580;6.9;1;MERCEDES BENZ;203KR20DF0-TCAAA501;C / 200 T / CDI AUT.;Nemcija;DEU;osebni avtomobil;197;karavan;C 
90;1510;6.9;1;MERCEDES BENZ;R80DK0-TCBAA401;C / 200 / CDI AUT.;Nemcija;DEU;osebni avtomobil;203;vozilo z dviûnimi vrati zadaj;C 
90;1405;6.9;0;MERCEDES BENZ;274GT2-HZAA150B;GLA / 180 /;Nemcija;DEU;osebni avtomobil;200;karavan;GLA 
90;1395;6.9;0;MERCEDES BENZ;M24GT2-HZBA150B;B / 180 /;Nemcija;DEU;osebni avtomobil;200;karavan;B 
90;1585;7.1;1;MERCEDES BENZ;R20DK0-TEAAAA00;C / 200 T / CDI AUT.;Nemcija;DEU;osebni avtomobil;197;karavan;C 
90;1580;7.1;1;MERCEDES BENZ;203KR20DK0-TCAAA50;C / 200 T / CDI AUT.;Nemcija;DEU;osebni avtomobil;197;karavan;C 
90;1525;7.1;1;MERCEDES BENZ;R80DL0-TZCBA402;CLC / 200 / CDI AUT.;Nemcija;DEU;osebni avtomobil;205;vozilo z dviûnimi vrati zadaj;CLC 
90;1405;7.1;0;MERCEDES BENZ;274GT2-HZAA150B;GLA / 180 /;Nemcija;DEU;osebni avtomobil;200;karavan;GLA 
90;1585;7.2;1;MERCEDES BENZ;R20DK0-TZAAA501;C / 200 T / CDI AUT.;Nemcija;DEU;osebni avtomobil;197;karavan;C 
90;1580;7.2;1;MERCEDES BENZ;203K R20DDL0;C / 200 T / CDI AUT.;Nemcija;DEU;osebni avtomobil;197;karavan;C 
90;1430;7.2;0;MERCEDES BENZ;224GT2-HZBA150B;CLA / 180 /;Nemcija;DEU;osebni avtomobil;210;limuzina;CLA 
90;1370;7.2;0;MINI;ZB31-5B;COOPER COUNTRYMAN / / AUT.;Nemcija;DEU;osebni avtomobil;182;karavan;COOPER COUNTRYMAN 
90;1982;7.2;1;TOYOTA;VEAHK8-N2200K(1J);PROACE / 2.0 / D AUT;Francija;FRA;osebni avtomobil;185;vecnamensko vozilo;PROACE 
90;1435;7.3;0;MERCEDES BENZ;274GT2-OZAA150C;GLA / 180 / AUT.;Nemcija;DEU;osebni avtomobil;200;karavan;GLA 
90;1393;7.6;0;OPEL;Z-C;VECTRA / 1.8 / 16V;Nemcija;DEU;osebni avtomobil;205;vozilo z dviûnimi vrati zadaj;VECTRA 
90;1390;7.6;0;OPEL;DB11-1A04ATAHADA5;VECTRA / 1.8 / 16V;Nemcija;DEU;osebni avtomobil;205;vozilo z dviûnimi vrati zadaj;VECTRA 
90;1315;7.6;0;OPEL;DB11-1A04ATAHADA5;VECTRA / 1.8;Nemcija;DEU;osebni avtomobil;205;vozilo z dviûnimi vrati zadaj;VECTRA 
90;1470;7.7;0;SAAB;YS3FF4B-M5 04;9-3 / 1.8 / I;ävedska;SWE;osebni avtomobil;200;limuzina;09-Mar
90;1440;7.7;0;SAAB;YS3FF4B-M5 04;9-3 / 1.8;ävedska;SWE;osebni avtomobil;200;limuzina;09-Mar
90;2020;7.8;1;MERCEDES BENZ;638.294/FASHION;V / 220 / CDI;Nemcija;DEU;osebni avtomobil;163;vecnamensko vozilo;V 
90;1350;7.8;0;MERCEDES BENZ;H0;C / 180;Nemcija;DEU;osebni avtomobil;193;limuzina;C 
90;1475;7.8;0;SAAB;YS3FF5B-M5 01;9-3 / ESTATE 1.8 / I;ävedska;SWE;osebni avtomobil;195;karavan;09-Mar
90;1330;7.8;0;VOLVO;VS14K2;S40 / 1.8 /;ävedska;SWE;osebni avtomobil;200;limuzina;S40 
90;1470;7.9;0;OPEL;BA11-1A01ABACAEJ5;VECTRA / CAR. 1.8;Nemcija;DEU;osebni avtomobil;199;karavan;VECTRA 
90;1711;8.1;1;MERCEDES BENZ;638.194;VITO / 112 / CDI;Nemcija;DEU;osebni avtomobil;163;vecnamensko vozilo;VITO 
90;1358;8.3;0;HYUNDAI;Y-J;MATRIX / 1.8;Koreja. republika;KOR;osebni avtomobil;184;vecnamensko vozilo;MATRIX 
90;1861;8.5;1;MERCEDES BENZ;638YBF0-D4CAB1;V / 220 / CDI AUT.;Nemcija;DEU;osebni avtomobil;161;limuzina;V 
90;1350;8.5;0;MERCEDES BENZ;202018;C / 180 /;Nemcija;DEU;osebni avtomobil;193;limuzina;C 
90;1580;8.8;1;BMW;390LVU11;318 / TOURING / d;Nemcija;DEU;osebni avtomobil;204;karavan;318
90;2011;8.9;1;MERCEDES BENZ;638-2;V / 220 /CDI;äpanija;ESP;osebni avtomobil;163;limuzina;V 
90;1485;9.2;0;MERCEDES BENZ;202.078;C / 180 T /;Nemcija;DEU;osebni avtomobil;190;karavan;C 
90;1350;9.2;0;MERCEDES BENZ;H0;C / / 180;Nemcija;DEU;osebni avtomobil;193;limuzina;C 
90;1230;9.2;0;SUBARU;SF5-010;FORESTER / 2.0;Japonska ;JPN;osebni avtomobil;178;karavan;FORESTER 
90;1385;9.3;0;MERCEDES BENZ;202.018-H034C0TDAAA50;C / 180 / AUT.;Nemcija;DEU;osebni avtomobil;190;limuzina;C 
90;1350;9.3;0;MERCEDES BENZ;202.018-H0;C / 180 /;Nemcija;DEU;osebni avtomobil;193;limuzina;C 
90;1350;9.3;0;MERCEDES BENZ;202.018-H03AB0CB;C / 180 /;Nemcija;DEU;osebni avtomobil;190;limuzina;C 
91;1420;12.8;0;MAZDA;EP28B2;TRIBUTE / 2.0 / i;Japonska ;JPN;osebni avtomobil;180;vecnamensko vozilo;TRIBUTE 
91;1505;4.3;1;TOYOTA;ADE186L-DHFNXW(1Q);AURIS / 2.0 / D;Zdruûeno kraljestvo;GBR;osebni avtomobil;200;vecnamensko vozilo;AURIS 
91;1425;4.3;1;TOYOTA;ADE186L-DHFNXW(1T);AURIS / 2.0 / D;Zdruûeno kraljestvo;GBR;osebni avtomobil;200;vecnamensko vozilo;AURIS 
91;1550;4.4;1;TOYOTA;ADE186L-DWFNXW(1R);AURIS / 2.0 / TS D;Zdruûeno kraljestvo;GBR;osebni avtomobil;195;vecnamensko vozilo;AURIS 
91;1450;4.4;1;TOYOTA;ADE186L-DWFNXW(1S);AURIS / 2.0 / TS D;Zdruûeno kraljestvo;GBR;osebni avtomobil;195;vecnamensko vozilo;AURIS 
91;1420;4.4;1;TOYOTA;ADE186L-DWFNXW(1T);AURIS / 2.0 / TS D;Zdruûeno kraljestvo;GBR;osebni avtomobil;195;vecnamensko vozilo;AURIS 
91;1630;4.5;1;TOYOTA;ADT270L-AEFEYW(5H);AVENSIS / 2.0 / D;Zdruûeno kraljestvo;GBR;osebni avtomobil;200;limuzina;AVENSIS 
91;1626;4.5;1;TOYOTA;ADT270L-AEFEYW(7H);AVENSIS / 2.0 / D;Zdruûeno kraljestvo;GBR;osebni avtomobil;200;limuzina;AVENSIS 
91;1622;4.5;1;TOYOTA;ADT270L-AEFEYW(7G);AVENSIS / 2.0 / D;Zdruûeno kraljestvo;GBR;osebni avtomobil;200;limuzina;AVENSIS 
91;1617;4.5;1;TOYOTA;ADT270L-AEFEYW(7F);AVENSIS / 2.0 / D;Zdruûeno kraljestvo;GBR;osebni avtomobil;200;limuzina;AVENSIS 
91;1603;4.5;1;TOYOTA;ADT270L-AEFNYW(7F);AVENSIS / 2.0 / D;Japonska ;JPN;osebni avtomobil;200;limuzina;AVENSIS 
91;1450;4.5;1;TOYOTA;ADE186L-DWFNXW(2S);AURIS / 2.0 / TS D;Zdruûeno kraljestvo;GBR;osebni avtomobil;195;vecnamensko vozilo;AURIS 
91;1710;4.6;1;TOYOTA;ADT270L-AWFEYW(7G);AVENSIS / 2.0 / D WAGON;Zdruûeno kraljestvo;GBR;osebni avtomobil;200;vecnamensko vozilo;AVENSIS 
91;1684;4.6;1;TOYOTA;ADT270L-AWFEYW(7F);AVENSIS / 2.0 / D WAGON;Zdruûeno kraljestvo;GBR;osebni avtomobil;200;vecnamensko vozilo;AVENSIS 
91;1679;4.6;1;TOYOTA;ADT270L-AWFGYW(2G);AVENSIS / 2.0 / D WAGON;Zdruûeno kraljestvo;GBR;osebni avtomobil;200;vecnamensko vozilo;AVENSIS 
91;1677;4.6;1;TOYOTA;ADT270L-AWFGYW(2F);AVENSIS / 2.0 / D WAGON;Zdruûeno kraljestvo;GBR;osebni avtomobil;200;vecnamensko vozilo;AVENSIS 
91;1660;4.6;1;TOYOTA;ADT270L-AWFEYW(5H);AVENSIS / 2.0 / D WAGON;Zdruûeno kraljestvo;GBR;osebni avtomobil;200;vecnamensko vozilo;AVENSIS 
91;1656;4.6;1;TOYOTA;ADT270L-AWFEYW(7H);AVENSIS / 2.0 / D WAGON;Zdruûeno kraljestvo;GBR;osebni avtomobil;200;vecnamensko vozilo;AVENSIS 
91;1623;4.6;1;TOYOTA;ADT270L-AWFNYW(7F);AVENSIS / 2.0 / D WAGON;Zdruûeno kraljestvo;GBR;osebni avtomobil;200;vecnamensko vozilo;AVENSIS 
91;1715;4.9;1;TOYOTA;AUR20L-GWFEYW(5G);VERSO / 2.0 / D;Turcija;TUR;osebni avtomobil;185;vecnamensko vozilo;VERSO 
91;1690;4.9;1;TOYOTA;XA3(a)/ALA40(N)/ALA40L-ANFMRW(3N);RAV 4 / 2.0 / D;Japonska ;JPN;osebni avtomobil;180;vecnamensko vozilo;RAV 4 
91;1685;4.9;1;TOYOTA;AUR20L-GWFEYW(1G);VERSO / 2.0 / D;Turcija;TUR;osebni avtomobil;185;karavan;VERSO 
91;1685;4.9;1;TOYOTA;AUR20L-GWFEYW(5J);VERSO / 2.0 / D;Turcija;TUR;osebni avtomobil;185;vecnamensko vozilo;VERSO 
91;1665;4.9;1;TOYOTA;AUR20L-GWFEYW(1J);VERSO / 2.0 / D;Turcija;TUR;osebni avtomobil;185;karavan;VERSO 
91;1645;4.9;1;TOYOTA;ALA40L-ANFMRW(2K);RAV 4 / 2.0 / D;Japonska ;JPN;osebni avtomobil;180;vecnamensko vozilo;RAV 4 
91;1640;4.9;1;TOYOTA;ALA40L-ANFXRW(2M);RAV 4 / 2.0 / D;Japonska ;JPN;osebni avtomobil;180;vecnamensko vozilo;RAV 4 
91;1615;4.9;1;TOYOTA;AUR20L-GWFEYW(6G);VERSO / 2.0 / D;Turcija;TUR;osebni avtomobil;185;vecnamensko vozilo;VERSO 
91;1610;4.9;1;TOYOTA;XA3(a)/ALA40(N)/ALA40L-ANFMRW(2N);RAV 4 / 2.0 / D;Japonska ;JPN;osebni avtomobil;180;vecnamensko vozilo;RAV 4 
91;1735;5.2;1;TOYOTA;ALA41L-ANFXRW(2M);RAV 4 / 2.0 / D;Japonska ;JPN;osebni avtomobil;180;vecnamensko vozilo;RAV 4 
91;1700;5.2;1;TOYOTA;ALA41L-ANFMRW(2L);RAV 4 / 2.0 / D;Japonska ;JPN;osebni avtomobil;180;vecnamensko vozilo;RAV 4 
91;1695;5.2;1;TOYOTA;ALA41L-ANFXRW(2L);RAV 4 / 2.0 / D;Japonska ;JPN;osebni avtomobil;180;vecnamensko vozilo;RAV 4 
91;1660;5.2;1;TOYOTA;ALA41L-ANFGRW(2L);RAV 4 / 2.0 / D;Japonska ;JPN;osebni avtomobil;180;vecnamensko vozilo;RAV 4 
91;1700;5.3;1;TOYOTA;ALA41L-ANFMRW(3L);RAV 4 / 2.0 / D;Japonska ;JPN;osebni avtomobil;180;vecnamensko vozilo;RAV 4 
91;1660;5.3;1;TOYOTA;ALA41L-ANFMRW(3M);RAV 4 / 2.0 / D;Japonska ;JPN;osebni avtomobil;180;vecnamensko vozilo;RAV 4 
91;1505;6.4;0;CHEVROLET;JWAE1/AM5;CRUZE / 1.6 / 16V;Koreja. republika;KOR;osebni avtomobil;191;karavan;CRUZE 
91;1450;6.4;0;CHEVROLET;JHAE1/AM5;CRUZE / 1.6 / 16V;Koreja. republika;KOR;osebni avtomobil;190;vozilo z dviûnimi vrati zadaj;CRUZE 
91;1445;6.4;0;CHEVROLET;JNAE1/AM5;CRUZE / 1.6 / 16V;Koreja. republika;KOR;osebni avtomobil;195;limuzina;CRUZE 
91;1451;6.5;0;CHEVROLET;JNA11-AA5;CRUZE / 1.6 / 16V;Koreja. republika;KOR;osebni avtomobil;190;limuzina;CRUZE 
91;1445;6.5;0;CHEVROLET;JNA11-AA5;CRUZE / 1.6 / 16V;Koreja. republika;KOR;osebni avtomobil;91;limuzina;CRUZE 
91;1380;6.5;0;CHEVROLET;JHA11-AA5;CRUZE / 1.6 / 16V;Koreja. republika;KOR;osebni avtomobil;190;vozilo z dviûnimi vrati zadaj;CRUZE 
91;1475;6.6;0;CHEVROLET;JHA11/AM5;CRUZE / 1.6 / 16V;Koreja. republika;KOR;osebni avtomobil;185;vozilo z dviûnimi vrati zadaj;CRUZE 
91;1470;6.6;0;CHEVROLET;JHA11-AA5;CRUZE / 1.6 / 16V;Koreja. republika;KOR;osebni avtomobil;190;vozilo z dviûnimi vrati zadaj;CRUZE 
91;1470;6.6;0;CHEVROLET;JNA11/AM5;CRUZE / 1.6 / 16V;Koreja. republika;KOR;osebni avtomobil;190;limuzina;CRUZE 
91;1472;6.8;0;CHEVROLET;JWA11/AM5;CRUZE / 1.6 / 16V;Koreja. republika;KOR;osebni avtomobil;186;karavan;CRUZE 
91;1360;6.8;0;CHEVROLET;JNA11-AA5;CRUZE / 1.6 / 16V;Koreja. republika;KOR;osebni avtomobil;185;limuzina;CRUZE 
91;1380;6.8;0;TOYOTA;ZRE151L-DHGNKW(1D);AURIS / 1.6 / AUT.;Turcija;TUR;osebni avtomobil;190;vozilo z dviûnimi vrati zadaj;AURIS 
91;1340;6.8;0;TOYOTA;ZRE151L-DHGNKW(1C);AURIS / 1.6 / AUT.;Turcija;TUR;osebni avtomobil;190;vozilo z dviûnimi vrati zadaj;AURIS 
91;1340;6.9;0;TOYOTA;ZRE151L-DHGNKW(1A);AURIS / 1.6 / AUT.;Turcija;TUR;osebni avtomobil;190;vozilo z dviûnimi vrati zadaj;AURIS 
91;1340;6.9;0;TOYOTA;ZRE151L-AHGNKW(1A);AURIS / 1.6 / AUT.;Japonska ;JPN;osebni avtomobil;190;vozilo z dviûnimi vrati zadaj;AURIS 
91;1330;6.9;0;TOYOTA;ZRE151L-AEMNKW(1B);COROLLA / 1.6 /;Japonska ;JPN;osebni avtomobil;195;limuzina;COROLLA 
91;1330;6.9;0;TOYOTA;ZRE151L-DEMNKW(1A);COROLLA / 1.6 /;Juûna Afrika;ZAF;osebni avtomobil;195;limuzina;COROLLA 
91;1375;7.1;0;TOYOTA;ZRE151L-AHMNKW;AURIS / 1.6 /;Japonska ;JPN;osebni avtomobil;190;vozilo z dviûnimi vrati zadaj;AURIS 
91;1335;7.1;0;TOYOTA;ZRE151L-DGMNKW(1A);AURIS / 1.6 /;Turcija;TUR;osebni avtomobil;190;vozilo z dviûnimi vrati zadaj;AURIS 
91;1335;7.1;0;TOYOTA;ZRE151L-AHMNKW(1A);AURIS / 1.6 /;Japonska ;JPN;osebni avtomobil;190;vozilo z dviûnimi vrati zadaj;AURIS 
91;1264;7.6;0;HONDA;GH43-1;HR-V / 1.6 / I ;Japonska ;JPN;osebni avtomobil;170;vozilo z dviûnimi vrati zadaj;HR-V 
91;1350;8.6;0;HONDA;GH43-2;HR-V / 1.6 / i 4WD VTEC;Japonska ;JPN;osebni avtomobil;170;vecnamensko vozilo;HR-V 
91;1275;8.6;0;HONDA;GH43-1;HR-V / 1.6 / i 4WD;Japonska ;JPN;osebni avtomobil;170;vozilo z dviûnimi vrati zadaj;HR-V 
91;1207;8.6;0;HONDA;GH23-1;HR-V / 1.6 / i 4WD;Japonska ;JPN;osebni avtomobil;162;limuzina;HR-V 
91.5;1303;5.9;0;HYUNDAI;F5P91-M61AZ1;ix20 / 1.6 /;Ceöka republika;CZE;osebni avtomobil;185;vecnamensko vozilo;ix20 
91.5;1295;6.4;0;HYUNDAI;F5P31-M61AZ1;ix20 / 1.6 /;Ceöka republika;CZE;osebni avtomobil;183;vecnamensko vozilo;ix20 
91.5;1280;6.4;0;HYUNDAI;F5P31-M61AZ1;ix20 / 1.6 /;Ceöka republika;CZE;osebni avtomobil;184;vecnamensko vozilo;ix20 
91.5;1255;6.4;0;KIA;YNSF5P31-M63AZ1;VENGA / 1.6 /;Slovaöka;SVK;osebni avtomobil;184;vecnamensko vozilo;VENGA 
91.5;1336;6.5;0;HYUNDAI;F5P91-M61AZ1;ix20 / 1.6 /;Ceöka republika;CZE;osebni avtomobil;185;vecnamensko vozilo;ix20 
91.5;1336;6.5;0;HYUNDAI;F5P51-A41BZ1;ix20 / 1.6 / AUT.;Ceöka republika;CZE;osebni avtomobil;178;vecnamensko vozilo;ix20 
91.5;1335;6.5;0;HYUNDAI;F5P81-A61AZ1;ix20 / 1.6 / AUT.;Ceöka republika;CZE;osebni avtomobil;180;vecnamensko vozilo;ix20 
91.5;1269;6.5;0;HYUNDAI;F5P51-A41BZ1;ix20 / 1.6 / AUT.;Ceöka republika;CZE;osebni avtomobil;186;vecnamensko vozilo;ix20 
91.5;1269;6.5;0;HYUNDAI;F5P51-A41BZ1;ix20 / 1.6 / AUT.;Ceöka republika;CZE;osebni avtomobil;178;vozilo za posebne namene;ix20 
91.5;1297;6.5;0;KIA;YNSF5P81-A61AZ1;VENGA / 1.6 / AUT.;Slovaöka;SVK;osebni avtomobil;180;vecnamensko vozilo;VENGA 
91.5;1297;6.5;0;KIA;YNSF5P81-A61AZ1;VENGA / 1.6 / AUT.;Slovaöka;SVK;osebni avtomobil;180;vozilo za posebne namene;VENGA 
91.5;1269;6.5;0;KIA;YNSF5P51-A41BZ1;VENGA / 1.6 / AUT.;Slovaöka;SVK;osebni avtomobil;178;vecnamensko vozilo;VENGA 
91.5;1362;6.9;0;HYUNDAI;F5P81-A61AZ1;ix20 / 1.6 / AUT.;Ceöka republika;CZE;osebni avtomobil;180;vecnamensko vozilo;ix20 
91.5;1334;7.6;0;HYUNDAI;F5P91-M61AZ1;ix20 / 1.6 /;Ceöka republika;CZE;osebni avtomobil;185;vecnamensko vozilo;ix20 
91.9;1388;5.1;0;FORD;DEH-B7DC1PX-5APCM6AXSB7;FOCUS / 1.0 / mHEV 91.9 M6;Nemcija;DEU;osebni avtomobil;198;karavan;FOCUS 
91.9;1344;5.1;0;FORD;DEH-B7DC1NX-5APCM6AXSBP;FOCUS / 1.0 / mHEV 91.9 M6;Nemcija;DEU;osebni avtomobil;200;vozilo z dviûnimi vrati zadaj;FOCUS 
91.9;1388;5.2;0;FORD;DEH-B7DC1PX-5APCM6AXSB7;FOCUS / 1.0 / mHEV 91.9 M6;Nemcija;DEU;osebni avtomobil;198;karavan;FOCUS 
91.9;1344;5.2;0;FORD;DEH-B7DC1NX-5APCM6AXSBP;FOCUS / 1.0 / mHEV 91.9 M6;Nemcija;DEU;osebni avtomobil;200;vozilo z dviûnimi vrati zadaj;FOCUS 
91.9;1164;5.2;0;FORD;JHH-B7JC1JX-5CDPMNAPKDZ;FIESTA / 1.0 / 91.9 5 vr M6;Nemcija;DEU;osebni avtomobil;203;vozilo z dviûnimi vrati zadaj;FIESTA 
91.9;1388;5.3;0;FORD;DEH-B7DC1PX-5APCM6AXSC7;FOCUS / 1.0 / mHEV 91.9 M6 Active;Nemcija;DEU;osebni avtomobil;194;karavan;FOCUS 
91.9;1164;5.3;0;FORD;JHH-B7JC1JX-5CDPMNAPKBZ;FIESTA / 1.0 / 91.9 5 vr M6;Nemcija;DEU;osebni avtomobil;203;vozilo z dviûnimi vrati zadaj;FIESTA 
91.9;1280;5.5;0;FORD;J2K-B7JB12X-5CFPTNAPHAC;PUMA / 1.0 / 92 S / mHEV;Nemcija;DEU;osebni avtomobil;191;vecnamensko vozilo;PUMA 
91.9;1280;5.6;0;FORD;J2K-B7JB12X-5CFPTNAXMAC;PUMA / 1.0 / 92 S / mHEV M6;Nemcija;DEU;osebni avtomobil;191;vecnamensko vozilo;PUMA 
91.9;1280;5.7;0;FORD;J2K-B7JB12X-5CFPVNAXMAC;PUMA / 1.0 / 92 S / mHEV M6;Nemcija;DEU;osebni avtomobil;191;vecnamensko vozilo;PUMA 
91.9;1280;5.8;0;FORD;J2K-B7JA12X-5CFPPNAPGAC;PUMA / 1.0 / 92 S;Nemcija;DEU;osebni avtomobil;191;vecnamensko vozilo;PUMA 
91.9;1326;6.1;0;FORD;J2K-B7JA12X-5GTPPNAXLAM;PUMA / 1.0 / 92 S A7;Nemcija;DEU;osebni avtomobil;190;vecnamensko vozilo;PUMA 
91.9;1355;6.1;0;KIA;EDB5PF1-M57AZ1;CEED / 1.6 /;Slovaöka;SVK;osebni avtomobil;192;vecnamensko vozilo;CEED 
91.9;1338;6.1;0;KIA;EDB3PF1-M57AZ1;CEED / 1.6 /;Slovaöka;SVK;osebni avtomobil;192;vecnamensko vozilo;CEED 
91.9;1289;6.1;0;KIA;EDB5PH1-M64AZ1;CEED / 1.6 /;Slovaöka;SVK;osebni avtomobil;192;vecnamensko vozilo;CEED 
91.9;1276;6.1;0;KIA;EDB3PH1-M64AZ1;CEED / 1.6 /;Slovaöka;SVK;osebni avtomobil;192;vecnamensko vozilo;CEED 
91.9;1340;6.2;0;KIA;EDF5PH1-M64AZ1;CEED / 1.6 /;Slovaöka;SVK;osebni avtomobil;192;vecnamensko vozilo;CEED 
91.9;1399;6.3;0;KIA;EDF5PF1-M57AZ1;CEED / 1.6 /;Slovaöka;SVK;osebni avtomobil;192;vecnamensko vozilo;CEED 
91.9;1258;6.3;0;KIA;EDB3PH1-M64BZ1;CEED / 1.6 /;Slovaöka;SVK;osebni avtomobil;192;vecnamensko vozilo;CEED 
91.9;1387;6.6;0;KIA;EDF5PH1-A41AZ1;CEED / 1.6 / AUT.;Slovaöka;SVK;osebni avtomobil;187;vecnamensko vozilo;CEED 
91.9;1329;6.6;0;KIA;EDB5PH1-A41AZ1;CEED / 1.6 / AUT.;Slovaöka;SVK;osebni avtomobil;187;vecnamensko vozilo;CEED 
91.9;1291;6.6;0;KIA;EDB5PF1-A41AZ1;CEED / 1.6 / AUT.;Slovaöka;SVK;osebni avtomobil;187;vecnamensko vozilo;CEED 
91.9;1292;6.7;0;KIA;YNF5P31-M53AZ1;VENGA / 1.6 /;Ceöka republika;CZE;osebni avtomobil;182;vecnamensko vozilo;VENGA 
92;1775;10.1;1;NISSAN;R20;TERRANO / II 2.7 TDI;Japonska ;JPN;osebni avtomobil;155;limuzina;TERRANO 
92;1885;10.5;1;NISSAN;TVUR20-TVPULUFR20UGA;TERRANO II / WAG. 2.7 / TDI;äpanija;ESP;osebni avtomobil;155;limuzina;TERRANO II 
92;1775;10.5;1;TOYOTA;J9;LAND CRUISER;Japonska ;JPN;osebni avtomobil;160;limuzina;LAND CRUISER
92;1865;10.6;1;NISSAN;R20-C5;TERRANO II / 2.7 / TD AUT.;äpanija;ESP;osebni avtomobil;158;karavan;TERRANO II 
92;1855;10.9;1;TOYOTA;KZJ90L-GJMNTW;LAND CRUISER / 3.0 / TD;Japonska ;JPN;osebni avtomobil;160;limuzina;LAND CRUISER 
92;1835;10.9;1;TOYOTA;KZJ90L-GJMNTW;LAND CRUISER / 3.0 / TD;Japonska ;JPN;osebni avtomobil;160;karavan;LAND CRUISER 
92;2040;11.1;1;TOYOTA;KZJ95L-GKMNTW;LANDCRUISER 95 / 3.0 / TD;Japonska ;JPN;osebni avtomobil;160;limuzina;LANDCRUISER 95 
92;1995;11.1;1;TOYOTA;KZJ95L-GKMNTW;LAND CRUISER 95 / 3.0 / TD;Japonska ;JPN;osebni avtomobil;160;limuzina;LAND CRUISER 95 
92;1900;11.1;1;TOYOTA;KZJ95L-GKMNTW;LAND CRUISER 95 / 3.0 / TDE / VX;Japonska ;JPN;osebni avtomobil;160;vecnamensko vozilo;LAND CRUISER 95 
92;1875;11.1;1;TOYOTA;KZJ90L-GJMNTW;LAND CRUISER 90 / 3.0 / TD;Japonska ;JPN;osebni avtomobil;160;karavan;LAND CRUISER 90 
92;1870;11.1;1;TOYOTA;KZJ90L-GJMNTW(21);LAND CRUISER 90 / 3.0 / TD;Japonska ;JPN;osebni avtomobil;160;karavan;LAND CRUISER 90 
92;1825;11.1;1;TOYOTA;KZJ90L-GJMNTW;LAND CRUISER / 3.0;Japonska ;JPN;osebni avtomobil;160;limuzina;LAND CRUISER 
92;1815;11.1;1;TOYOTA;KZJ90L-GJMNTW;LAND CRUISER 90 / 3.0 / TD;Japonska ;JPN;osebni avtomobil;160;limuzina;LAND CRUISER 90 
92;1760;11.1;1;TOYOTA;KZJ90L-GJMNTW(22);LAND CRUISER / 3.0 / TDE / VX;Japonska ;JPN;osebni avtomobil;160;limuzina;LAND CRUISER 
92;1995;11.3;1;MITSUBISHI;V20V821-SKKCA51065;PAJERO / 2.8 / TD GLS;Japonska ;JPN;osebni avtomobil;155;limuzina;PAJERO 
92;1930;11.3;1;MITSUBISHI;V20V821-SKKCA510;PAJERO / 2.8 / TD GLS;Japonska ;JPN;osebni avtomobil;155;limuzina;PAJERO 
92;1123;4.3;0;FORD;JA8-M1JH1C-5DHABK;FIESTA / 1.0 / 92 S 3 vr;Nemcija;DEU;osebni avtomobil;196;vozilo z dviûnimi vrati zadaj;FIESTA 
92;1091;4.3;0;FORD;JA8-M1JE1C5DHABK;FIESTA / 1.0 / 92 S 3 vr;Nemcija;DEU;osebni avtomobil;196;vozilo z dviûnimi vrati zadaj;FIESTA 
92;1664;4.5;1;OPEL;BF11-1A08B6BDFFF5;ASTRA / CAR. 1.7 / DTI 16V;Nemcija;DEU;osebni avtomobil;192;karavan;ASTRA 
92;1613;4.5;1;OPEL;BF11-1A07B6BDFFF5;ASTRA / CAR. 1.7 / DTI 16V;Nemcija;DEU;osebni avtomobil;192;karavan;ASTRA 
92;1571;4.5;1;OPEL;CAFGA11-BA1K2JDJA5;ASTRA / 1.7 / DTI 16V;Nemcija;DEU;osebni avtomobil;195;vecnamensko vozilo;ASTRA 
92;1571;4.5;1;OPEL;DAFGA11-BA1K2JDJA5;ASTRA / CAR. 1.7 / DTI 16V;Nemcija;DEU;osebni avtomobil;192;karavan;ASTRA 
92;1550;4.5;1;OPEL;BF11-1AACAAAVFFF5;ASTRA / 1.7 / DTI 16V;Nemcija;DEU;osebni avtomobil;195;vecnamensko vozilo;ASTRA 
92;1538;4.5;1;OPEL;DAFGA11-BA1L2JDJA5;ASTRA / CAR. 1.7 / DTI 16V;Nemcija;DEU;osebni avtomobil;192;karavan;ASTRA 
92;1510;4.5;1;OPEL;BF11-1AADAAAVFFF5;ASTRA / 1.7 / DTI 16V;Nemcija;DEU;osebni avtomobil;195;vecnamensko vozilo;ASTRA 
92;1664;4.6;1;OPEL;BF11-1A08B6BDFFE5;ASTRA / CAR. 1.7 / DTI 16V;Nemcija;DEU;osebni avtomobil;192;karavan;ASTRA 
92;1613;4.6;1;OPEL;DAFGA11-BA1L2JDJB5;ASTRA / CAR. 1.7 / DTI 16V;Nemcija;DEU;osebni avtomobil;192;karavan;ASTRA 
92;1571;4.6;1;OPEL;CAFGA11-BA1K2JDJB5;ASTRA / 1.7 / DTI 16V;Nemcija;DEU;osebni avtomobil;195;vecnamensko vozilo;ASTRA 
92;1503;4.6;1;OPEL;BF11-1AADAAAVFFE5;ASTRA / 1.7 / DTI 16V;Nemcija;DEU;osebni avtomobil;195;vecnamensko vozilo;ASTRA 
92;1280;4.7;0;FORD;DYB-M1DD15X-5CGBCALC;FOCUS / 1.0 / 92 M6 S;Nemcija;DEU;osebni avtomobil;193;vozilo z dviûnimi vrati zadaj;FOCUS 
92;1503;4.7;1;OPEL;BF11-1A06AAAVFFE5;ASTRA / 1.7 / DTI 16V;Nemcija;DEU;osebni avtomobil;195;vecnamensko vozilo;ASTRA 
92;1316;4.8;0;FORD;DYB-M1DD16-5CGAMC;FOCUS / 1.0 / 92;Nemcija;DEU;osebni avtomobil;193;karavan;FOCUS 
92;1306;4.8;0;FORD;DYB-M1DD14X-5CGBCAMC;FOCUS / 1.0 / 92 B6 S;Nemcija;DEU;osebni avtomobil;195;limuzina;FOCUS 
92;1278;4.8;1;OPEL;FF11-2A12C22GFJ5;CORSA / 1.7 / DTI;Nemcija;DEU;osebni avtomobil;195;vecnamensko vozilo;CORSA 
92;1221;4.8;0;äKODA;ABCZCA-NFD7FD7CW002STN762SK;RAPID / 1.4 / TSI AUT.;Ceöka republika;CZE;osebni avtomobil;205;vozilo z dviûnimi vrati zadaj;RAPID 
92;1383;4.9;0;FORD;DEH-B7DA1PX-5APBM6AB7AT;FOCUS 1.0 / EB 92 M6;Nemcija;DEU;osebni avtomobil;194;karavan;FOCUS 1.0 
92;1279;4.9;0;FORD;JK8-M1JE1K-5ABALR;B-MAX / 1.0 / 92 S;Nemcija;DEU;osebni avtomobil;189;vecnamensko vozilo;B-MAX 
92;1320;4.9;1;OPEL;PF11-2A13C43GFF5;CORSA / 1.7 / DTI;Nemcija;DEU;osebni avtomobil;195;vecnamensko vozilo;CORSA 
92;1231;4.9;0;äKODA;ABCZCA-NFD7FD7CW002STN762SK;RAPID / 1.4 / TSI AUT.;Ceöka republika;CZE;osebni avtomobil;205;vozilo z dviûnimi vrati zadaj;RAPID 
92;1300;5.1;0;AUDI;SCZCAF1-FD7AM006P8V067MMEM1;A3 / 1.4 / TFSI AUT.;Nemcija;DEU;osebni avtomobil;206;vozilo z dviûnimi vrati zadaj;A3 
92;1280;5.1;0;AUDI;SCZCAF1-FM6AJ009R8V917MMEM1;A3 / 1.4 / TFSI;Nemcija;DEU;osebni avtomobil;206;vozilo z dviûnimi vrati zadaj;A3 
92;1180;5.1;0;AUDI;SCZCAF1-FM62U010P8X02LLS57MMEM2;A1 / 1.4 / TFSI;Nemcija;DEU;osebni avtomobil;204;vozilo z dviûnimi vrati zadaj;A1 
92;1391;5.1;0;FORD;DXA-M1DD1V-5JC4M2;C-MAX / 1.0 / SCTi EcoBoost 92 S;Nemcija;DEU;osebni avtomobil;187;vecnamensko vozilo;C-MAX 
92;1316;5.1;0;FORD;DYBM1DA1L-5CGAMC;FOCUS / 1.0 / 92;Nemcija;DEU;osebni avtomobil;193;karavan;FOCUS 
92;1306;5.1;0;FORD;DYBM1DA1M-5CGAMC;FOCUS / 1.0 / 92;Nemcija;DEU;osebni avtomobil;195;limuzina;FOCUS 
92;1664;5.1;1;OPEL;BM11-2AACA92DEA7;ZAFIRA / 1.7 / DTI 16V;Nemcija;DEU;osebni avtomobil;189;vecnamensko vozilo;ZAFIRA 
92;1613;5.1;1;OPEL;BM11-2A05A92DEA7;ZAFIRA / 1.7 / DTI 16V;Nemcija;DEU;osebni avtomobil;189;vecnamensko vozilo;ZAFIRA 
92;1471;5.1;1;OPEL;FX11-2AABAJVFFD5;ASTRA / CAR. 1.7 / DTI 16V;Nemcija;DEU;osebni avtomobil;195;karavan;ASTRA 
92;1385;5.1;1;OPEL;BX11-2AADAPYFFD5;ASTRA / 1.7 / DTI 16V;Nemcija;DEU;osebni avtomobil;195;vecnamensko vozilo;ASTRA 
92;1335;5.1;0;OPEL;CA0DAAB12-BK1E4KHGK5;ASTRA / 1.4 / TURBO;Nemcija;DEU;osebni avtomobil;205;vozilo z dviûnimi vrati zadaj;ASTRA 
92;1322;5.1;0;OPEL;DA0DAAB12-BK2F3KHGK5;ASTRA / ST 1.4 / TURBO;Nemcija;DEU;osebni avtomobil;205;karavan;ASTRA 
92;1312;5.1;0;OPEL;DA0DAAB12-BK2F1KHGK5;ASTRA / ST 1.4 / TURBO;Nemcija;DEU;osebni avtomobil;205;karavan;ASTRA 
92;1278;5.1;0;OPEL;CA0DAAB12-BA1E1KHGJ5;ASTRA / 1.4 / TURBO;Nemcija;DEU;osebni avtomobil;205;vozilo z dviûnimi vrati zadaj;ASTRA 
92;1268;5.1;0;OPEL;CA0DAAB12-BK1E3KHGK5;ASTRA / 1.4 / TURBO;Nemcija;DEU;osebni avtomobil;205;vozilo za posebne namene;ASTRA 
92;1268;5.1;0;OPEL;CA0DAAB12-BK1E3KHGK5;ASTRA / 1.4 / TURBO;Nemcija;DEU;osebni avtomobil;205;vozilo z dviûnimi vrati zadaj;ASTRA 
92;1347;5.1;0;VOLKSWAGEN;VACCZCAX0-FD7FD7CW001N7MMON1ML61VR2;GOLF / VARIANT 1.4 / TSI AUT.;Nemcija;DEU;osebni avtomobil;205;karavan;GOLF 
92;1291;5.1;0;VOLKSWAGEN;GAC4CZCAX0-FD7FD7CW001N7MMON1ML61VR2;GOLF / 1.4 / TSI AUT.;Nemcija;DEU;osebni avtomobil;204;karavan;GOLF 
92;1271;5.1;0;VOLKSWAGEN;GAC4CZCAX0-FD7FD7CW001N7MMON1ML63VR2;GOLF / 1.4 / TSI AUT.;Nemcija;DEU;osebni avtomobil;204;karavan;GOLF 
92;1271;5.1;0;VOLKSWAGEN;GAC45CZCAX0-FD7FD7CW001N7MMON1ML63VR2;GOLF / 1.4 / TSI AUT.;Nemcija;DEU;osebni avtomobil;204;vozilo za posebne namene;GOLF 
92;1270;5.1;0;VOLKSWAGEN;GAC2CZCAX0-FD7FD7CW001N7MMON1ML63VR2N;GOLF / 1.4 / TSI AUT.;Nemcija;DEU;osebni avtomobil;204;karavan;GOLF 
92;1249;5.1;0;VOLKSWAGEN;GAC25CZCAX0-FD7FD7CW001N7MMON1ML63VR2;GOLF / 1.4 / TSI AUT.;Nemcija;DEU;osebni avtomobil;204;karavan;GOLF 
92;1280;5.2;0;AUDI;LCZCAF1-FM6AJ009P8V137MMEM1;A3 / 1.4 / TFSI;Nemcija;DEU;osebni avtomobil;212;limuzina;A3 
92;1493;5.2;0;FORD;DXA-M1DD1W-5JC2NF;Grand C-MAX / 1.0 / SCTi EcoBoost 92 S;Nemcija;DEU;osebni avtomobil;185;karavan;Grand C-MAX 
92;1455;5.2;0;FORD;BA7-M1CB1EX-5AHBZN00NAC;MONDEO / 1.0 / EB 92 M6;Nemcija;DEU;osebni avtomobil;200;vozilo z dviûnimi vrati zadaj;MONDEO 
92;1348;5.2;0;FORD;JK8-M1JJ11X-5AAPZN00MDU;ECOSPORT / 1.0 / 92 S;Nemcija;DEU;osebni avtomobil;180;vozilo z dviûnimi vrati zadaj;ECOSPORT 
92;1267;5.2;0;SEAT;FCZCAX0V-FM6SFM6AJ0097MMVLO5;LEON ST / 1.4 / TSI;äpanija;ESP;osebni avtomobil;203;karavan;LEON ST 
92;1257;5.2;0;SEAT;FCZCAX0V-FM6SFM6AJ0157MMVLO582;LEON ST / 1.4 / TSI;äpanija;ESP;osebni avtomobil;203;karavan;LEON ST 
92;1233;5.2;0;SEAT;BCZCAX0V-FM6SFM6AJ0157MMVLO582;LEON / 1.4 / TSI;äpanija;ESP;osebni avtomobil;203;karavan;LEON 
92;1130;5.2;0;TOYOTA;XPA1F(EU.M)/MXPA11(H)/MXPA11L-BHFNBW(5A);YARIS / 1.5 /;Francija;FRA;osebni avtomobil;180;vozilo z dviûnimi vrati zadaj;YARIS 
92;1127;5.2;0;TOYOTA;XPA1F(EU.M)/MXPA11(H)/MXPA11L-BHFNBW(5B);YARIS / 1.5 /;Francija;FRA;osebni avtomobil;180;vozilo z dviûnimi vrati zadaj;YARIS 
92;1383;5.2;0;VOLKSWAGEN;SACCZCAX0-FD7FD7CW001N7MMON1ML01VR2;GOLF / SPORTSVAN 1.4 / TSI AUT.;Nemcija;DEU;osebni avtomobil;200;karavan;GOLF 
92;1383;5.2;0;VOLKSWAGEN;SACCZCAX0-FD7FD7CW001N7MMOML01VR2;GOLF / SPORTSVAN 1.4 / TSI AUT.;Nemcija;DEU;osebni avtomobil;200;vozilo za posebne namene;GOLF 
92;1338;5.2;0;VOLKSWAGEN;VACCZCAX0-FD7FD7CW001N7MMON1ML61VR2;GOLF / VARIANT 1.4 / TSI AUT.;Nemcija;DEU;osebni avtomobil;205;karavan;GOLF 
92;1291;5.2;0;VOLKSWAGEN;GAC4CZCAX0-FD7FD7CW001N7MMON1ML61VR2N;GOLF / 1.4 / TSI AUT.;Nemcija;DEU;osebni avtomobil;204;karavan;GOLF 
92;1268;5.2;0;VOLKSWAGEN;GAC4CZCAX0-FM6FM6AJ015N7MMON1ML61VR2N;GOLF / 1.4 / TSI;Nemcija;DEU;osebni avtomobil;204;karavan;GOLF 
92;1247;5.2;0;VOLKSWAGEN;GAC4CZCAX0-FM6FM6AJ009N7MMON1ML61VR2;GOLF / 1.4 / TSI;Nemcija;DEU;osebni avtomobil;204;karavan;GOLF 
92;1247;5.2;0;VOLKSWAGEN;GAC4CZCAX0-FM6FM6AJ009N7MMMN1ML00VR2;GOLF / 1.4 / TSI;Ceöka republika;CZE;osebni avtomobil;204;karavan;GOLF 
92;1246;5.2;0;VOLKSWAGEN;GAC2CZCAX0-FM6FM6AJ015N7MMON1ML61VR2;GOLF / 1.4 / TSI;Nemcija;DEU;osebni avtomobil;204;karavan;GOLF 
92;1225;5.2;0;VOLKSWAGEN;GAC25CZCAX0-FM6FM6AJ009N7MMON1ML61VR2;GOLF / 1.4 / TSI;Nemcija;DEU;osebni avtomobil;204;karavan;GOLF 
92;1345;5.3;0;AUDI;ACAXCF1-FD7AM006R8P607MGEM1;A3 / 1.4 / TFSI AUT.;Nemcija;DEU;osebni avtomobil;203;karavan;A3 
92;1290;5.3;0;AUDI;LCXSBF1-FM6AJ009R8V627MMEM1;A3 / 1.4 / TFSI;Nemcija;DEU;osebni avtomobil;212;limuzina;A3 
92;1280;5.3;0;AUDI;SCZCAF1-FM6AJ009P8V067MMEM1;A3 / 1.4 / TFSI;Nemcija;DEU;osebni avtomobil;206;vozilo z dviûnimi vrati zadaj;A3 
92;1505;5.3;1;FORD;BA7-KHBA1E5AEENL;MONDEO / 1.8 / TDCI ECO;Nemcija;DEU;osebni avtomobil;203;vozilo z dviûnimi vrati zadaj;MONDEO 
92;1505;5.3;1;FORD;BA7-KHBA1E5A;MONDEO / 1.8 / TDCI ECO;Nemcija;DEU;osebni avtomobil;200;vozilo z dviûnimi vrati zadaj;MONDEO 
92;1349;5.3;0;FORD;JK8-M1JU11X-5AAPZNAB4SV;ECOSPORT / 1.0 / 92 S;Nemcija;DEU;osebni avtomobil;180;vozilo z dviûnimi vrati zadaj;ECOSPORT 
92;1257;5.3;0;SEAT;FCZCAX0V-FM6SFM6AJ0097MMVLO565;LEON ST / 1.4 / TSI;äpanija;ESP;osebni avtomobil;203;karavan;LEON ST 
92;1233;5.3;0;SEAT;BCZCAX0V-FM6SFM6AJ0097MMVLO565;LEON / 1.4 / TSI;äpanija;ESP;osebni avtomobil;203;karavan;LEON 
92;1155;5.3;0;TOYOTA;XPA1F(EU.M)/MXPA11(H)/MXPA11L-BHXNBW(5B);YARIS / 1.5 / CVT;Francija;FRA;osebni avtomobil;180;vozilo z dviûnimi vrati zadaj;YARIS 
92;1137;5.3;0;TOYOTA;XPA1F(EU.M)/MXPA11(H)/MXPA11L-BHFNBW(6B);YARIS / 1.5 /;Francija;FRA;osebni avtomobil;180;vozilo z dviûnimi vrati zadaj;YARIS 
92;1394;5.3;0;VOLKSWAGEN;ACCZCAX0-FM6FM6AJ010SV7MMVR263;PASSAT / VARIANT 1.4 / TSI;Nemcija;DEU;osebni avtomobil;206;karavan;PASSAT 
92;1383;5.3;0;VOLKSWAGEN;SACCZCAX0-FD7FD7CW001N7MMON1ML05VR2;GOLF / SPORTSVAN 1.4 / TSI AUT.;Nemcija;DEU;osebni avtomobil;200;karavan;GOLF 
92;1367;5.3;0;VOLKSWAGEN;AACZCAX0-FM6FM6AJ014SV7MMVR263;PASSAT / 1.4 / TSI;Nemcija;DEU;osebni avtomobil;208;limuzina;PASSAT 
92;1341;5.3;0;VOLKSWAGEN;AACZCAX0-FM6FM6AJ015LLN617MMN1VR2;JETTA / 1.4 / TSI;Nemcija;DEU;osebni avtomobil;206;limuzina;JETTA 
92;1338;5.3;0;VOLKSWAGEN;VACCZCAX0-FD7FD7CW001N7MMON1ML63VR2;GOLF / VARIANT 1.4 / TSI AUT.;Nemcija;DEU;osebni avtomobil;205;karavan;GOLF 
92;1322;5.3;0;VOLKSWAGEN;VACCZCAX0-FM6FM6AJ009N7MMON1ML61VR2;GOLF / VARIANT 1.4 / TSI;Nemcija;DEU;osebni avtomobil;205;karavan;GOLF 
92;1316;5.3;0;VOLKSWAGEN;VACCZCAX0-FM6FM6AJ015N7MMON1ML61VR2;GOLF / VARIANT 1.4 / TSI;Nemcija;DEU;osebni avtomobil;205;karavan;GOLF 
92;1291;5.3;0;VOLKSWAGEN;GAC4CZCAX0-FD7FD7CW001N7MMON1ML63VR2N;GOLF / 1.4 / TSI AUT.;Nemcija;DEU;osebni avtomobil;204;karavan;GOLF 
92;1268;5.3;0;VOLKSWAGEN;GAC4CZCAX0-FM6FM6AJ015N7MMON1ML63VR2;GOLF / 1.4 / TSI;Nemcija;DEU;osebni avtomobil;204;karavan;GOLF 
92;1247;5.3;0;VOLKSWAGEN;GAC4CZCAX0-FM6FM6AJ009N7MMON1ML63VR2;GOLF / 1.4 / TSI;Nemcija;DEU;osebni avtomobil;204;karavan;GOLF 
92;1246;5.3;0;VOLKSWAGEN;GAC2CZCAX0-FM6FM6AJ015N7MMON1ML63VR2;GOLF / 1.4 / TSI;Nemcija;DEU;osebni avtomobil;204;karavan;GOLF 
92;1524;5.4;1;FORD;BA7-KHBA1G5AEEPV;MONDEO / 1.8 / TDCI ECO;Nemcija;DEU;osebni avtomobil;198;karavan;MONDEO 
92;1350;5.4;0;FORD;JK8-M1JJ1B-5AABMS;ECOSPORT / 1.0 / 92 S;Nemcija;DEU;osebni avtomobil;180;vozilo z dviûnimi vrati zadaj;ECOSPORT 
92;1337;5.4;0;FORD;JK8-M1JJ1B-5AABMM;ECOSPORT / 1.0 / 92 S;Nemcija;DEU;osebni avtomobil;181;vozilo z dviûnimi vrati zadaj;ECOSPORT 
92;1337;5.4;0;FORD;JK8-M1JJ1B-5AABMV;ECOSPORT / 1.0 / 92 S;Nemcija;DEU;osebni avtomobil;180;vozilo z dviûnimi vrati zadaj;ECOSPORT 
92;1460;5.4;1;OPEL;BM11-2A08AFKHEC5;MERIVA / 1.7 / DTI 16V;Nemcija;DEU;osebni avtomobil;195;vecnamensko vozilo;MERIVA 
92;1425;5.4;1;OPEL;FV11-2A07AJVFFD5;ASTRA / CAR. 1.7 / DTI 16V;Nemcija;DEU;osebni avtomobil;195;vecnamensko vozilo;ASTRA 
92;1425;5.4;1;OPEL;FV11-2A07AJVFFD5;ASTRA / CAR. 1.7 / DTI 16V;Nemcija;DEU;osebni avtomobil;185;vecnamensko vozilo;ASTRA 
92;1385;5.4;1;OPEL;BV11-2A07APYFFD5;ASTRA / 1.7 / DTI 16V;Nemcija;DEU;osebni avtomobil;195;vozilo z dviûnimi vrati zadaj;ASTRA 
92;1365;5.4;1;OPEL;KV11-2A08AZ7FFD5;ASTRA / 1.7 / DTI 16V;Nemcija;DEU;osebni avtomobil;197;kupe;ASTRA 
92;1278;5.4;0;OPEL;CA0DAAA12-BK1E4JCDK5;ASTRA / 1.4 / TURBO;Nemcija;DEU;osebni avtomobil;205;vozilo z dviûnimi vrati zadaj;ASTRA 
92;1375;5.4;0;PEUGEOT;L35FAG-C1E000;308 / 1.6 / i;Francija;FRA;osebni avtomobil;202;vozilo z dviûnimi vrati zadaj;308
92;1395;5.4;0;äKODA;ACCZCAX01-NFM6FM6AJ010ST617;SUPERB / COMBI 1.4 / TSI;Ceöka republika;CZE;osebni avtomobil;206;karavan;SUPERB 
92;1383;5.4;0;VOLKSWAGEN;SACCZCAX0-FD7FD7CW001N7MMON1ML02VR2;GOLF / SPORTSVAN 1.4 / TSI AUT.;Nemcija;DEU;osebni avtomobil;200;karavan;GOLF 
92;1362;5.4;0;VOLKSWAGEN;SACCZCAX0-FM6FM6AJ009N7MMON1ML01VR2;GOLF / SPORTSVAN 1.4 / TSI;Nemcija;DEU;osebni avtomobil;200;karavan;GOLF 
92;1341;5.4;0;VOLKSWAGEN;AACZCAX0-FM6FM6AJ009LLN7MMN1VR2;JETTA / 1.4 / TSI;Nemcija;DEU;osebni avtomobil;206;limuzina;JETTA 
92;1322;5.4;0;VOLKSWAGEN;VACCZCAX0-FM6FM6AJ009N7MMON1ML63VR2;GOLF / VARIANT 1.4 / TSI;Nemcija;DEU;osebni avtomobil;205;karavan;GOLF 
92;1316;5.4;0;VOLKSWAGEN;VACCZCAX0-FM6FM6AJ015N7MMON1ML61VR2;GOLF / VARIANT 1.4 / TSI;Nemcija;DEU;osebni avtomobil;205;karavan;GOLF 
92;1268;5.4;0;VOLKSWAGEN;GAC4CZCAX0-FM6FM6AJ015N7MMON1ML63VR2N;GOLF / 1.4 / TSI;Nemcija;DEU;osebni avtomobil;204;karavan;GOLF 
92;1385;5.5;0;AUDI;SCAXCF1-FD7AM006R8P607MGEM1;A3 / 1.4 / TFSI AUT.;Nemcija;DEU;osebni avtomobil;203;karavan;A3 
92;1580;5.5;1;CHEVROLET;JND11-BE5;CRUZE / 2.0 / DT 16V;Koreja. republika;KOR;osebni avtomobil;196;limuzina;CRUZE 
92;1327;5.5;0;FORD;DYB-M1DD15X-5G3BCAMC;FOCUS / 1.0 / 92 A6 S;Nemcija;DEU;osebni avtomobil;192;vozilo z dviûnimi vrati zadaj;FOCUS 
92;1322;5.5;0;FORD;DEH-B7DA1NX-5APBZ6AB7AK;FOCUS / 1.0 / 92 EB M6 S;Nemcija;DEU;osebni avtomobil;200;vozilo z dviûnimi vrati zadaj;FOCUS 
92;1280;5.5;0;FORD;DEH-B7DA1NX-5APBF6AQBBK;FOCUS 1.0 / EB 92 M6;Nemcija;DEU;osebni avtomobil;200;vozilo z dviûnimi vrati zadaj;FOCUS 1.0 
92;1560;5.5;1;MAZDA;GH14C6;MAZDA 6 / 2.2 / D LP;Japonska ;JPN;osebni avtomobil;195;vozilo z dviûnimi vrati zadaj;MAZDA 6 
92;1520;5.5;1;MAZDA;GH12C6;MAZDA 6 / 2.2 / D LP;Japonska ;JPN;osebni avtomobil;195;limuzina;MAZDA 6 
92;1425;5.5;1;OPEL;FV11-2A07AJVFFD5;ASTRA / CAR. 1.7 / DTI 16V;Nemcija;DEU;osebni avtomobil;195;vecnamensko vozilo;ASTRA 
92;1425;5.5;1;OPEL;FV11-2A07AJVFFD5;ASTRA / CAR. 1.7 / DTI 16V;Nemcija;DEU;osebni avtomobil;185;vecnamensko vozilo;ASTRA 
92;1420;5.5;1;OPEL;AHL35-Z17DTR7AC;ASTRA / CAR. 1.7 / DTI 16V;Nemcija;DEU;osebni avtomobil;195;karavan;ASTRA 
92;1420;5.5;1;OPEL;AHL35-Z17DTR;ASTRA / CAR. 1.7 / DTI 16V;Nemcija;DEU;osebni avtomobil;195;vecnamensko vozilo;ASTRA 
92;1393;5.5;1;OPEL;FV11-2A06AJVFFD5;ASTRA / CAR. 1.7 / DTI 16V;Nemcija;DEU;osebni avtomobil;195;karavan;ASTRA 
92;1335;5.5;0;OPEL;CA0DAAA12-BA1E4JCDJ5;ASTRA / 1.4 / TURBO;Nemcija;DEU;osebni avtomobil;205;vozilo z dviûnimi vrati zadaj;ASTRA 
92;1308;5.5;0;OPEL;CA0DAAA12-BK1E4JCDK5;ASTRA / 1.4 / TURBO;Nemcija;DEU;osebni avtomobil;205;vozilo z dviûnimi vrati zadaj;ASTRA 
92;1278;5.5;0;OPEL;CA0DAAA12-BK1E1JCDK5;ASTRA / 1.4 / TURBO;Nemcija;DEU;osebni avtomobil;205;vozilo z dviûnimi vrati zadaj;ASTRA 
92;1268;5.5;0;OPEL;CA0DAAA12-BA1E3JCDJ5;ASTRA / 1.4 / TURBO;Nemcija;DEU;osebni avtomobil;205;vozilo z dviûnimi vrati zadaj;ASTRA 
92;1158;5.5;0;TOYOTA;XPA1F(EU.M)/MXPA11(H)/MXPA11L-BHFGBW(3B);YARIS / 1.5 /;Francija;FRA;osebni avtomobil;180;vozilo z dviûnimi vrati zadaj;YARIS 
92;1362;5.5;0;VOLKSWAGEN;SACCZCAX0-FM6FM6AJ009N7MMON1ML02VR2;GOLF / SPORTSVAN 1.4 / TSI;Nemcija;DEU;osebni avtomobil;200;karavan;GOLF 
92;1316;5.5;0;VOLKSWAGEN;VACCZCAX0-FM6FM6AJ015N7MMON1ML63VR2;GOLF / VARIANT 1.4 / TSI;Nemcija;DEU;osebni avtomobil;205;karavan;GOLF 
92;1882;5.6;1;FIAT;FJLAR9MMH1000610C0;TALENTO / 1.6 / JTD;Italija;ITA;osebni avtomobil;169;vecnamensko vozilo;TALENTO 
92;1383;5.6;0;FORD;DEH-B7DA1PX-5APBH6AQBBT;FOCUS 1.0 / EB 92 M6;Nemcija;DEU;osebni avtomobil;198;karavan;FOCUS 1.0 
92;1326;5.6;0;FORD;DEH-B7DA1MX-5APBZ6AB7AB;FOCUS 1.0 / EB 92 M6;Nemcija;DEU;osebni avtomobil;203;limuzina;FOCUS 1.0 
92;1575;5.6;1;MAZDA;GH19C6;MAZDA 6 / KARAVAN 2.2 / D LP;Japonska ;JPN;osebni avtomobil;192;karavan;MAZDA 6 
92;2148;5.6;1;OPEL;D200-SJAHC9;VIVARO 1.6 CDTI;Nemcija;DEU;osebni avtomobil;169;vozilo z dostopom za invalidski vozicek;VIVARO 1.6 CDTI
92;2139;5.6;1;OPEL;D219-SJAEC8;VIVARO 1.6 CDTI / /;Nemcija;DEU;osebni avtomobil;169;vecnamensko vozilo;VIVARO 1.6 CDTI 
92;2083;5.6;1;OPEL;D200-SJAHC9;VIVARO 1.6 CDTI;Nemcija;DEU;osebni avtomobil;169;vecnamensko vozilo;VIVARO 1.6 CDTI
92;1983;5.6;1;OPEL;D218-SJAGC9;VIVARO 1.6 CDTI / /;Nemcija;DEU;osebni avtomobil;169;vozilo za posebne namene;VIVARO 1.6 CDTI 
92;1923;5.6;1;OPEL;D218-SJ04C9;VIVARO 1.6 CDTI / /;Nemcija;DEU;osebni avtomobil;169;vecnamensko vozilo;VIVARO 1.6 CDTI 
92;1923;5.6;1;OPEL;D218-SJAGC9;VIVARO 1.6 CDTI;Nemcija;DEU;osebni avtomobil;169;vecnamensko vozilo;VIVARO 1.6 CDTI
92;1923;5.6;1;OPEL;D218-SJAGC9;VIVARO 1.6 CDTI / /;Nemcija;DEU;osebni avtomobil;169;vozilo z dostopom za invalidski vozicek;VIVARO 1.6 CDTI 
92;1882;5.6;1;OPEL;D200-SJABC9;VIVARO 1.6 CDTI / /;Nemcija;DEU;osebni avtomobil;169;vecnamensko vozilo;VIVARO 1.6 CDTI 
92;1378;5.6;0;OPEL;DA0DAAA12-BA2F3JCDJ5;ASTRA / ST 1.4 / TURBO;Nemcija;DEU;osebni avtomobil;205;karavan;ASTRA 
92;1322;5.6;0;OPEL;DA0DAAA12-BK2F3JCDK5;ASTRA / ST 1.4 / TURBO;Nemcija;DEU;osebni avtomobil;205;karavan;ASTRA 
92;1240;5.6;0;PEUGEOT;L35FAG-C1E000;308 / 1.6 / i;Francija;FRA;osebni avtomobil;203;vozilo z dviûnimi vrati zadaj;308
92;1240;5.6;0;PEUGEOT;L35FAG-C1E000;308 / 1.6 / i;Francija;FRA;osebni avtomobil;202;vozilo z dviûnimi vrati zadaj;308
92;1235;5.6;0;PEUGEOT;L35FAG-C1A000;308 / 1.6 / i;Francija;FRA;osebni avtomobil;196;vozilo z dviûnimi vrati zadaj;308
92;2186;5.6;1;RENAULT;JLJR9MMH1000642B00;TRAFIC / 1.6 / DCI;Francija;FRA;osebni avtomobil;169;vecnamensko vozilo;TRAFIC 
92;2172;5.6;1;RENAULT;JLJR9MMH1000642A00;TRAFIC / 1.6 / DCI;Francija;FRA;osebni avtomobil;169;vecnamensko vozilo;TRAFIC 
92;2146;5.6;1;RENAULT;JLJR9MMH1000600B00;TRAFIC / 1.6 / DCI;Francija;FRA;osebni avtomobil;169;vecnamensko vozilo;TRAFIC 
92;2131;5.6;1;RENAULT;JLJR9MMH1000642A00;TRAFIC / 1.6 / DCI;Francija;FRA;osebni avtomobil;169;vozilo za posebne namene;TRAFIC 
92;2130;5.6;1;RENAULT;JLJR9MMH1000600B00;TRAFIC / 1.6 / DCI;Francija;FRA;osebni avtomobil;169;vozilo z dostopom za invalidski vozicek;TRAFIC 
92;2102;5.6;1;RENAULT;JLJR9MMH1000600A00;TRAFIC / 1.6 / DCI;Francija;FRA;osebni avtomobil;169;vecnamensko vozilo;TRAFIC 
92;2075;5.6;1;RENAULT;JLJR9MMH1000600B00;TRAFIC / 1.6 / DCI;Francija;FRA;osebni avtomobil;169;vozilo za posebne namene;TRAFIC 
92;1882;5.6;1;RENAULT;JLJR9MMH1000600A00;TRAFIC / 1.6 / DCI;Francija;FRA;osebni avtomobil;169;vozilo za posebne namene;TRAFIC 
92;1415;5.6;0;äKODA;AACZCAX01-NFM6FM6AJ014STN617;SUPERB / 1.4 / TSI;Ceöka republika;CZE;osebni avtomobil;208;limuzina;SUPERB 
92;1362;5.6;0;VOLKSWAGEN;SACCZCAX0-FM6FM6AJ009N7MMON1ML02VR2;GOLF / SPORTSVAN 1.4 / TSI;Nemcija;DEU;osebni avtomobil;200;karavan;GOLF 
92;1473;5.7;0;FORD;DXA-B7DA1VX-5KKBZ6AAB65;C-MAX / 1.0 / EB 92 S;Nemcija;DEU;osebni avtomobil;187;vecnamensko vozilo;C-MAX 
92;1322;5.7;0;FORD;DEH-B7DA1NX-5APBZ6AB7AK;FOCUS / 1.0 / 92 EB M6 S;Nemcija;DEU;osebni avtomobil;200;vozilo z dviûnimi vrati zadaj;FOCUS 
92;1322;5.7;0;FORD;DEH-B7DA1NX-5APBZ6AB7AK;FOCUS 1.0 / EB 92 M6;Nemcija;DEU;osebni avtomobil;196;vozilo z dviûnimi vrati zadaj;FOCUS 1.0 
92;1280;5.7;0;FORD;DEH-B7DA1NX-5APBZ6AB7BK;FOCUS 1.0 / EB 92 M6;Nemcija;DEU;osebni avtomobil;200;vozilo z dviûnimi vrati zadaj;FOCUS 1.0 
92;1280;5.7;0;FORD;DEH-B7DA1NX-5APBH6AQBCK;FOCUS 1.0 / EB 92 M6 Active;Nemcija;DEU;osebni avtomobil;196;vozilo z dviûnimi vrati zadaj;FOCUS 1.0 
92;2123;5.7;1;OPEL;D218-SJAGC9;VIVARO 1.6 CDTI;Nemcija;DEU;osebni avtomobil;169;vecnamensko vozilo;VIVARO 1.6 CDTI
92;2045;5.7;1;OPEL;D210-SJABC9;VIVARO 1.6 CDTI / TWIN TURBO;Nemcija;DEU;osebni avtomobil;169;vecnamensko vozilo;VIVARO 1.6 CDTI 
92;1940;5.7;1;OPEL;D201-SP07C8;VIVARO 1.6 CDTI / /;Nemcija;DEU;osebni avtomobil;169;vecnamensko vozilo;VIVARO 1.6 CDTI 
92;1923;5.7;1;OPEL;D218-SJAGC9;VIVARO 1.6 CDTI / TWIN TURBO;Nemcija;DEU;osebni avtomobil;169;vecnamensko vozilo;VIVARO 1.6 CDTI 
92;1923;5.7;1;OPEL;D218-SJACC9;VIVARO 1.6 CDTI / TWIN TURBO;Nemcija;DEU;osebni avtomobil;169;vozilo za posebne namene;VIVARO 1.6 CDTI 
92;1882;5.7;1;OPEL;D200-SJAHC9;VIVARO 1.6 CDTI / TWIN TURBO;Nemcija;DEU;osebni avtomobil;169;vecnamensko vozilo;VIVARO 1.6 CDTI 
92;1882;5.7;1;OPEL;D200-SJABC9;VIVARO 1.6 CDTI;Nemcija;DEU;osebni avtomobil;169;vecnamensko vozilo;VIVARO 1.6 CDTI
92;1600;5.7;1;OPEL;BM11-2A09A92DEA7;ZAFIRA / 1.7 / DTI 16V;Nemcija;DEU;osebni avtomobil;189;vecnamensko vozilo;ZAFIRA 
92;1923;5.7;1;RENAULT;JLJR9MMH1000642A00;TRAFIC / 1.6 / DCI;Francija;FRA;osebni avtomobil;169;vecnamensko vozilo;TRAFIC 
92;1882;5.7;1;RENAULT;JLJR9MMH1000600B00;TRAFIC / 1.6 / DCI;Francija;FRA;osebni avtomobil;169;vecnamensko vozilo;TRAFIC 
92;1376;5.7;0;TOYOTA;ZE1EE(EU.M)/MZEA11(E)/MZEA11L-DEFNBW(1E);COROLLA /1.5 /;Turcija;TUR;osebni avtomobil;190;limuzina;COROLLA 
92;1385;5.8;0;AUDI;SCAXCF1-FD7AM006R8P600GG;A3 / 1.4 / TFSI AUT.;Nemcija;DEU;osebni avtomobil;203;karavan;A3 
92;1370;5.8;0;AUDI;SCAXCF1-FM6AJ008R8P607MGEM1;A3 / 1.4 / TFSI;Nemcija;DEU;osebni avtomobil;203;karavan;A3 
92;1546;5.8;1;FORD;BA7-QYBA1E5C;MONDEO / 1.8 / TDCI MMT6;Nemcija;DEU;osebni avtomobil;200;vozilo z dviûnimi vrati zadaj;MONDEO 
92;1546;5.8;1;FORD;BA7-QYBA1E5C;MONDEO 1.8 TDCI MMT6;Nemcija;DEU;osebni avtomobil;200;vozilo z dviûnimi vrati zadaj;MONDEO 1.8 TDCI MMT6
92;1546;5.8;1;FORD;BA7;MONDEO / 1.8 / TDCI;Nemcija;DEU;osebni avtomobil;200;limuzina;MONDEO 
92;1505;5.8;1;FORD;BA7-QYBA1E5A;MONDEO / 1.8 / TDCI MTX75;Nemcija;DEU;osebni avtomobil;200;vozilo z dviûnimi vrati zadaj;MONDEO 
92;1383;5.8;0;FORD;DEH-B7DA1PX-5APBF6AQBCT;FOCUS 1.0 / EB 92 M6 Active;Nemcija;DEU;osebni avtomobil;194;karavan;FOCUS 1.0 
92;1363;5.8;0;FORD;JK8-M1JJ11X-5CBPZN00MDE;ECOSPORT / 1.0 / 92 A6 S;Nemcija;DEU;osebni avtomobil;180;vozilo z dviûnimi vrati zadaj;ECOSPORT 
92;1322;5.8;0;FORD;DEH-B7DA1NX-5APBZ6AB7AK;FOCUS / 1.0 / 92 EB M6 S;Nemcija;DEU;osebni avtomobil;200;vozilo z dviûnimi vrati zadaj;FOCUS 
92;1322;5.8;0;FORD;DEH-B7DA1NX-5APBZ6AB7AK;FOCUS 1.0 / EB 92 M6;Nemcija;DEU;osebni avtomobil;200;vozilo z dviûnimi vrati zadaj;FOCUS 1.0 
92;1322;5.8;0;FORD;DEH-B7DA1NX-5APBZ6AB7AK;FOCUS 1.0 / EB 92 M6;Nemcija;DEU;osebni avtomobil;196;vozilo z dviûnimi vrati zadaj;FOCUS 1.0 
92;1278;5.8;0;OPEL;CA041CA12-BK1BACJTD15;ASTRA / 1.4 / TURBO;Nemcija;DEU;osebni avtomobil;205;vozilo z dviûnimi vrati zadaj;ASTRA 
92;1240;5.8;0;PEUGEOT;L35FAG-C1A000;308 / 1.6 / i;Francija;FRA;osebni avtomobil;198;vozilo z dviûnimi vrati zadaj;308
92;1240;5.8;0;PEUGEOT;L35FAG-C1A000;308 / 1.6 / i;Francija;FRA;osebni avtomobil;196;vozilo z dviûnimi vrati zadaj;308
92;1380;5.8;0;äKODA;ACCZCAX0-NFD7FD7AM006ST617;YETI / 1.4 / TSI AUT.;Ceöka republika;CZE;osebni avtomobil;186;karavan;YETI 
92;1355;5.8;0;äKODA;ACCZCAX0-NFM6FM6AJ010ST617;YETI / 1.4 / TSI;Ceöka republika;CZE;osebni avtomobil;187;karavan;YETI 
92;1787;5.8;0;VOLKSWAGEN;ACCZCBX0-L0J2FD7FD7AM006N1SBVR27MMLL371;CADDY MAXI / 1.4 / TSI AUT.;Nemcija;DEU;osebni avtomobil;183;vozilo za posebne namene;CADDY MAXI 
92;1676;5.8;0;VOLKSWAGEN;ACCZCBX0-N0J2FD7FD7AM006N1SBVR27MMLL271;CADDY / 1.4 / TSI AUT.;Nemcija;DEU;osebni avtomobil;183;vozilo z dostopom za invalidski vozicek;CADDY 
92;1474;5.8;0;VOLKSWAGEN;ACCZCBX0-L0J2FD7FD7AM006N1SBVR27MMLL372;CADDY MAXI / 1.4 / TSI AUT.;Nemcija;DEU;osebni avtomobil;183;karavan;CADDY MAXI 
92;1474;5.8;0;VOLKSWAGEN;AFCZCBX0-L0J2FD7FD7AM006N1SBVR27MMLL271;CADDY MAXI / 1.4 / TSI AUT.;Nemcija;DEU;osebni avtomobil;183;vecnamensko vozilo;CADDY MAXI 
92;1414;5.8;0;VOLKSWAGEN;ACCZCBX0-N0J2FD7FD7AM006N1SBVR27MMLL271;CADDY / 1.4 / TSI AUT.;Nemcija;DEU;osebni avtomobil;183;karavan;CADDY 
92;1387;5.8;0;VOLKSWAGEN;ACCZCBX0-N0J2FM6FM62S035N1SBVR27MMLL371;CADDY / 1.4 / TSI;Nemcija;DEU;osebni avtomobil;185;karavan;CADDY 
92;1460;5.9;0;AUDI;XCZDBF1-FM6FM62Q036P8U067MMEM1;Q3 / 1.4 / TFSI;Nemcija;DEU;osebni avtomobil;194;karavan;Q3 
92;1385;5.9;0;AUDI;SCAXCF1-FD7AM006R8P607MGEM0;A3 / 1.4 / TFSI AUT.;Nemcija;DEU;osebni avtomobil;203;karavan;A3 
92;1320;5.9;0;AUDI;ACAXCF1-FM6AJ008R8P600GG;A3 / 1.4 / TFSI;Nemcija;DEU;osebni avtomobil;203;karavan;A3 
92;1576;5.9;0;FORD;DXA-B7DA1WX-5KKBZ6AAB67;GRAND C-MAX / 1.0 / EB 92 S;Nemcija;DEU;osebni avtomobil;185;karavan;GRAND C-MAX 
92;1565;5.9;1;FORD;BA7-QYBA1G5CGBPW;MONDEO / 1.8 / TDCI MMT6;Nemcija;DEU;osebni avtomobil;195;karavan;MONDEO 
92;1359;5.9;0;FORD;JK8-M1JU11X-5AAPBNAPMDV;ECOSPORT / 1.0 / 92 S;Nemcija;DEU;osebni avtomobil;180;vozilo z dviûnimi vrati zadaj;ECOSPORT 
92;1322;5.9;0;FORD;DEH-B7DA1NX-5APBZ6AB7AK;FOCUS / 1.0 / 92 EB M6 S;Nemcija;DEU;osebni avtomobil;200;vozilo z dviûnimi vrati zadaj;FOCUS 
92;1322;5.9;0;FORD;DEH-B7DA1NX-5APBZ6AB7CK;FOCUS 1.0 / EB 92 M6 Active;Nemcija;DEU;osebni avtomobil;196;vozilo z dviûnimi vrati zadaj;FOCUS 1.0 
92;1280;5.9;0;FORD;DEH-B7DA1NX-5APBM6AB7CK;FOCUS 1.0 / EB 92 M6 Active;Nemcija;DEU;osebni avtomobil;196;vozilo z dviûnimi vrati zadaj;FOCUS 1.0 
92;1276;5.9;0;FORD;DYBPNDA1K-5ADALA;FOCUS / 1.6 / 125;Nemcija;DEU;osebni avtomobil;196;vozilo z dviûnimi vrati zadaj;FOCUS 
92;1387;5.9;0;VOLKSWAGEN;AFCZCBX0-N0J2FM6FM62S035N1SBVR27MMLL271;CADDY / 1.4 / TSI;Nemcija;DEU;osebni avtomobil;185;vecnamensko vozilo;CADDY 
92;1387;5.9;0;VOLKSWAGEN;ACCZCBX0-N0J2FM6FM62S035N1SBVR27MMLL271;CADDY / 1.4 / TSI;Nemcija;DEU;osebni avtomobil;185;karavan;CADDY 
92;1360;6.1;0;AUDI;SCAXCF1-FM6AJ008R8P607MG;A3 / 1.4 / TFSI;Nemcija;DEU;osebni avtomobil;203;karavan;A3 
92;1276;6.1;0;DACIA;HSDCW6;DUSTER / 1.2 / 16V T;Romunija;ROM;osebni avtomobil;175;karavan;DUSTER 
92;1520;6.1;1;FORD;JK8-ZTJC41X-5DEDZNAB1SC;ECOSPORT / 1.5 / DV5 / 92 AWD S;Nemcija;DEU;osebni avtomobil;181;vozilo z dviûnimi vrati zadaj;ECOSPORT 
92;1322;6.1;0;FORD;DEH-B7DA1NX-5APBZ6AB7AK;FOCUS / 1.0 / 92 EB M6 S;Nemcija;DEU;osebni avtomobil;200;vozilo z dviûnimi vrati zadaj;FOCUS 
92;1410;6.1;1;MERCEDES BENZ;202.133-H006A0GHAA250;C / 220 / CDI;Nemcija;DEU;osebni avtomobil;198;limuzina;C 
92;1335;6.1;1;MERCEDES BENZ;202.133-H006A0GHAAA50;C / 220 / CDI;Nemcija;DEU;osebni avtomobil;198;limuzina;C 
92;1505;6.1;1;OPEL;T98C;ASTRA / 2.2;Nemcija;DEU;osebni avtomobil;205;kabriolet;ASTRA 
92;1330;6.1;1;OPEL;T98;ASTRA / 2.2;Nemcija;DEU;osebni avtomobil;203;vozilo z dviûnimi vrati zadaj;ASTRA 
92;1322;6.1;0;OPEL;DA041CA12-BA2BACJTD15;ASTRA / ST 1.4 / TURBO;Nemcija;DEU;osebni avtomobil;205;karavan;ASTRA 
92;1278;6.1;0;OPEL;CA041CB12-BK1BADKHG15;ASTRA / 1.4 / TURBO;Nemcija;DEU;osebni avtomobil;205;vozilo z dviûnimi vrati zadaj;ASTRA 
92;1505;6.1;0;äKODA;ACCZCAX0-NFM6FM62Q0360NS5N617;KODIAQ / 1.4 / TSI;Ceöka republika;CZE;osebni avtomobil;190;karavan;KODIAQ 
92;1502;6.1;0;äKODA;ACCZCAX0-NFM6FM62Q0360NS5617;KODIAQ / 1.4 / TSI;Ceöka republika;CZE;osebni avtomobil;190;karavan;KODIAQ 
92;1490;6.1;0;VOLKSWAGEN;ACCZCAX0-NFM6FM62Q036KN1TVR27MM61;TIGUAN / 1.4 / TSI;Nemcija;DEU;osebni avtomobil;190;karavan;TIGUAN 
92;1335;6.2;0;AUDI;LCAXCF1-FM6AJ007R8P60T20GG;A3 / 1.4 / TFSI;Nemcija;DEU;osebni avtomobil;203;vozilo z dviûnimi vrati zadaj;A3 
92;1369;6.2;0;DACIA;SRDHE2MA6BE00M0000;DUSTER / 1.2 / 16V;Francija;FRA;osebni avtomobil;177;karavan;DUSTER 
92;1775;6.2;1;FORD;WA6QYWA-1S7CEARG;S-MAX / 1.8 / TDCI MMT6;Nemcija;DEU;osebni avtomobil;190;vecnamensko vozilo;S-MAX 
92;1736;6.2;1;FORD;WA6QYWA-1S7AFARG;S-MAX / 1.8 / TDCi MTX75;Nemcija;DEU;osebni avtomobil;187;vecnamensko vozilo;S-MAX 
92;1460;6.2;1;MERCEDES BENZ;202.193-H206C0GHAAA50;C / 220 T / CDI;Nemcija;DEU;osebni avtomobil;195;karavan;C 
92;1600;6.2;1;OPEL;Z-C-SW;VECTRA / 2.2 / DTI;Nemcija;DEU;osebni avtomobil;202;karavan;VECTRA 
92;1503;6.2;1;OPEL;VECTRA-LIM.;VECTRA / 2.2;Nemcija;DEU;osebni avtomobil;206;vozilo z dviûnimi vrati zadaj;VECTRA 
92;1322;6.2;0;OPEL;DA041CB12-BK2BADKHG15;ASTRA / ST 1.4 / TURBO;Nemcija;DEU;osebni avtomobil;205;karavan;ASTRA 
92;1278;6.2;0;OPEL;CA041CA12-BA1BACJTD15;ASTRA / 1.4 / TURBO;Nemcija;DEU;osebni avtomobil;205;vozilo z dviûnimi vrati zadaj;ASTRA 
92;1324;6.2;0;SEAT;AFCAXCX01-SGNFM6AJ0080GG;LEON / 1.4 / TSI;äpanija;ESP;osebni avtomobil;197;vecnamensko vozilo;LEON 
92;1548;6.2;0;äKODA;ACCZCAX0-NFM6FM62Q0363NS7N617;KODIAQ / 1.4 / TSI;Ceöka republika;CZE;osebni avtomobil;189;karavan;KODIAQ 
92;1545;6.2;0;äKODA;ACCZCAX0-NFM6FM62Q0362NS7617;KODIAQ / 1.4 / TSI;Ceöka republika;CZE;osebni avtomobil;189;karavan;KODIAQ 
92;1277;6.3;0;DACIA;HSDA26;DUSTER / 1.2 / 16V;Romunija;ROM;osebni avtomobil;175;karavan;DUSTER 
92;1807;6.3;1;FORD;WA6QYWA-1M7CEARG;GALAXY / 1.8 / TDCi MMT6;Nemcija;DEU;osebni avtomobil;187;vecnamensko vozilo;GALAXY 
92;1340;6.3;0;FORD;DYBPNDA1L-5ZXAMA;FOCUS / 1.6 / 92 A6;Nemcija;DEU;osebni avtomobil;193;karavan;FOCUS 
92;1310;6.3;0;FORD;DYB-PNDD15X-5ZXB0AMA;FOCUS / 1.6 / 92 A6;Nemcija;DEU;osebni avtomobil;193;vozilo z dviûnimi vrati zadaj;FOCUS 
92;1540;6.3;1;MERCEDES BENZ;210-J006A0GFAA250;E / 220 / CDI;Nemcija;DEU;osebni avtomobil;200;limuzina;E 
92;1610;6.3;1;OPEL;HG11-1A05AEAEECB5;SIGNUM / 2.2 / DTI;Nemcija;DEU;osebni avtomobil;201;vozilo z dviûnimi vrati zadaj;SIGNUM 
92;1600;6.3;1;OPEL;ZCF35-Y22DTR;VECTRA / CAR. 2.2 / DT 16V;Nemcija;DEU;osebni avtomobil;202;karavan;VECTRA 
92;1525;6.3;1;OPEL;BG11-1A06AVAXECJ5;VECTRA / CAR. 2.2;Nemcija;DEU;osebni avtomobil;202;karavan;VECTRA 
92;1475;6.3;1;OPEL;BG11;VECTRA / 2.2 / DTI;Nemcija;DEU;osebni avtomobil;202;karavan;VECTRA 
92;1385;6.3;1;OPEL;PX11-2A13AP22NLD4;ASTRA / COUPE 2.2 / DT 16V;Nemcija;DEU;osebni avtomobil;207;kupe;ASTRA 
92;1322;6.3;0;OPEL;DA041CA12-BK2BACJTD15;ASTRA / ST 1.4 / TURBO;Nemcija;DEU;osebni avtomobil;205;karavan;ASTRA 
92;1278;6.3;0;OPEL;CA041CA12-BK1BACJTD15;ASTRA / 1.4 / TURBO;Nemcija;DEU;osebni avtomobil;205;vozilo z dviûnimi vrati zadaj;ASTRA 
92;1324;6.3;0;SEAT;AFCAXCX01-SGNFM6AJ0080GG;LEON / 1.4 / TSI;äpanija;ESP;osebni avtomobil;197;vecnamensko vozilo;LEON 
92;1455;6.4;0;DACIA;SRDHE4MA6BE00M0000;DUSTER / 1.2 / 16V 4x4;Francija;FRA;osebni avtomobil;179;karavan;DUSTER 
92;2278;6.4;1;FORD;FAC-CYFF1EBAD9AJCZCBAATD;TRANSIT CUSTOM 2.2 D /;Nemcija;DEU;osebni avtomobil;157;vecnamensko vozilo;TRANSIT CUSTOM 2.2 D 
92;2062;6.4;1;FORD;FAC-CYFF1EBAE9AJCCCBAATA;TRANSIT CUSTOM KOMBI / 2.2 TDCi 92 / 310 L2 H1;Nemcija;DEU;osebni avtomobil;157;vecnamensko vozilo;TRANSIT CUSTOM KOMBI 
92;2057;6.4;1;FORD;FAC-CYFF1EBX-E9WJCZCBSATA;TRANSIT CUSTOM KOMBI / 2.2 TDCi 92 / 310 L2 H1;Nemcija;DEU;osebni avtomobil;157;vecnamensko vozilo;TRANSIT CUSTOM KOMBI 
92;1975;6.4;1;FORD;FAC-CYFF1EBX-D9WJAZCBSATA;TRANSIT CUSTOM KOMBI / 2.2 TDCi 92 / 300 L1 H1;Nemcija;DEU;osebni avtomobil;157;vecnamensko vozilo;TRANSIT CUSTOM KOMBI 
92;1374;6.4;0;FORD;DXAPNDA1J-5ABAMA;C-MAX / 1.6 / 92;Nemcija;DEU;osebni avtomobil;188;vecnamensko vozilo;C-MAX 
92;1349;6.4;0;FORD;JK8-M1JU11X-5AAPZNAB4SV;ECOSPORT / 1.0 / 92 S;Nemcija;DEU;osebni avtomobil;180;vozilo z dviûnimi vrati zadaj;ECOSPORT 
92;1610;6.4;1;OPEL;ZCF48-Y22DTR;SIGNUM / 2.2 / DTI;Nemcija;DEU;osebni avtomobil;201;vozilo z dviûnimi vrati zadaj;SIGNUM 
92;1540;6.4;1;OPEL;J96-KOMBI-FU11;VECTRA / 2.2;Nemcija;DEU;osebni avtomobil;202;karavan;VECTRA 
92;1322;6.4;0;OPEL;DA041CA12-BK2BACJTD15;ASTRA / ST 1.4 / TURBO;Nemcija;DEU;osebni avtomobil;205;karavan;ASTRA 
92;1278;6.4;0;OPEL;CA041CA12-BK1BACJTD15;ASTRA / 1.4 / TURBO;Nemcija;DEU;osebni avtomobil;205;vozilo z dviûnimi vrati zadaj;ASTRA 
92;1478;6.4;0;SEAT;ACCAXCX01-SGFM6AJ0080GG;ALTEA XL / 1.4 / TSI;äpanija;ESP;osebni avtomobil;194;vecnamensko vozilo;ALTEA XL 
92;1439;6.4;0;SEAT;AFCAXCX01-SGFM6AJ0080GG;ALTEA / 1.4 / TSI;äpanija;ESP;osebni avtomobil;194;vecnamensko vozilo;ALTEA 
92;1491;6.4;0;VOLKSWAGEN;ACCZDBX0-FM6FM6BB003NDSTVR27MM62;TIGUAN / 1.4 / TSI;Nemcija;DEU;osebni avtomobil;186;karavan;TIGUAN 
92;1375;6.5;0;AUDI;LCAXCF1-FM6AJ007R8P60T40GG;A3 / 1.4 / TFSI;Nemcija;DEU;osebni avtomobil;203;vozilo z dviûnimi vrati zadaj;A3 
92;2457;6.5;1;FORD;FAC-CYFF1EDXE9WJCZCBSAUA;TRANSIT CUSTOM KOMBI / 2.2 TDCi 92 / 310 L2 H2;Nemcija;DEU;osebni avtomobil;157;vozilo z dostopom za invalidski vozicek;TRANSIT CUSTOM KOMBI 
92;2157;6.5;1;FORD;FAC-CYFF1DBXD9WLCZCBSAUA;TOURNEO CUSTOM / 2.2 TDCi 92 / 300 L2 H1;Nemcija;DEU;osebni avtomobil;157;vecnamensko vozilo;TOURNEO CUSTOM 
92;2142;6.5;1;FORD;FAC-CYFF1DBX-D9WLAZCBSAUA;TOURNEO CUSTOM / 2.2 TDCi 92 / 300 L1 H1;Nemcija;DEU;osebni avtomobil;157;vecnamensko vozilo;TOURNEO CUSTOM 
92;2136;6.5;1;FORD;FAC-CYFF1DBAD9AJAZCBAAUD;TOURNEO CUSTOM / 2.2 TDCi 92 / 300 L1 H1;Nemcija;DEU;osebni avtomobil;170;vecnamensko vozilo;TOURNEO CUSTOM 
92;2109;6.5;1;FORD;FAC-CYFF1EDAE9AJCZCBAAUA;TRANSIT CUSTOM KOMBI / 2.2 TDCi 92 / 310 L2 H2;Nemcija;DEU;osebni avtomobil;157;vecnamensko vozilo;TRANSIT CUSTOM KOMBI 
92;1473;6.5;0;FORD;DXA-B7DA1VX-5KKBZ6AAB6A;C-MAX / 1.0 / EB 92 S;Nemcija;DEU;osebni avtomobil;187;vecnamensko vozilo;C-MAX 
92;1383;6.5;0;FORD;DEH-B7DA1PX-5APBM6AB7AT;FOCUS 1.0 / EB 92 M6;Nemcija;DEU;osebni avtomobil;194;karavan;FOCUS 1.0 
92;1349;6.5;0;FORD;JK8-M1JU11X-5AAPZNAB4DV;ECOSPORT / 1.0 / 92 S;Nemcija;DEU;osebni avtomobil;180;vozilo z dviûnimi vrati zadaj;ECOSPORT 
92;1322;6.5;0;FORD;DEH-B7DA1NX-5APBZ6AB7AK;FOCUS 1.0 / EB 92 M6;Nemcija;DEU;osebni avtomobil;200;vozilo z dviûnimi vrati zadaj;FOCUS 1.0 
92;1745;6.5;1;OPEL;T98-MONOCAB;ZAFIRA / 2.2 / DTI;Nemcija;DEU;osebni avtomobil;187;limuzina;ZAFIRA 
92;1550;6.5;1;OPEL;HJ11-2A17A327HFB;ZAFIRA / 2.2 / DTI;Nemcija;DEU;osebni avtomobil;187;vecnamensko vozilo;ZAFIRA 
92;1528;6.5;1;OPEL;Z-C;VECTRA / 2.2 / DTI;Nemcija;DEU;osebni avtomobil;202;vozilo z dviûnimi vrati zadaj;VECTRA 
92;1505;6.5;1;OPEL;BD11-1A12APBDECA5;VECTRA / 2.2 / DTI;Nemcija;DEU;osebni avtomobil;206;limuzina;VECTRA 
92;1503;6.5;1;OPEL;DD11- 1A10BCBEECA;VECTRA / 2.2;Nemcija;DEU;osebni avtomobil;206;vozilo z dviûnimi vrati zadaj;VECTRA 
92;1475;6.5;1;OPEL;HJ11-2A17A327HFB7;OPEL/ZAFIRA/2.2 /TD 16V;Nemcija;DEU;osebni avtomobil;187;vecnamensko vozilo;OPEL
92;1475;6.5;1;OPEL;HJ11-2A17A327HFB7;OPEL / ZAFIRA / 2.2 / DT 16V;Nemcija;DEU;osebni avtomobil;187;vecnamensko vozilo;OPEL 
92;1428;6.5;1;OPEL;VECTRA-C-CC-LIM;VECTRA / 2.2 / DTI;Nemcija;DEU;osebni avtomobil;206;vozilo z dviûnimi vrati zadaj;VECTRA 
92;1322;6.5;0;OPEL;DA041CA12-BK2BACJTD15;ASTRA / ST 1.4 / TURBO;Nemcija;DEU;osebni avtomobil;205;karavan;ASTRA 
92;1278;6.5;0;OPEL;CA041CA12-BK1BACJTD15;ASTRA / 1.4 / TURBO;Nemcija;DEU;osebni avtomobil;205;vozilo z dviûnimi vrati zadaj;ASTRA 
92;1478;6.5;0;SEAT;ACCAXCX01-SGFM6AJ0080GG;ALTEA XL / 1.4 / TSI;äpanija;ESP;osebni avtomobil;194;vecnamensko vozilo;ALTEA XL 
92;1478;6.5;0;SEAT;ACCAXCX01-SGNFM6AJ0097MJ;ALTEA XL / 1.4 / TSI;äpanija;ESP;osebni avtomobil;194;karavan;ALTEA XL 
92;1439;6.5;0;SEAT;AFCAXCX01-SGFM6AJ0080GG;ALTEA / 1.4 / TSI;äpanija;ESP;osebni avtomobil;194;vecnamensko vozilo;ALTEA 
92;1576;6.6;0;FORD;DXA-B7DA1WX-7KKBZ6AAB67;GRAND C-MAX / 1.0 / EB 92 S;Nemcija;DEU;osebni avtomobil;185;karavan;GRAND C-MAX 
92;1374;6.6;0;FORD;DXAPNDA1J-5ABAMA;C-MAX / 1.6 / 92;Nemcija;DEU;osebni avtomobil;188;vecnamensko vozilo;C-MAX 
92;1495;6.6;1;OPEL;J96FU11-2A17VWRND5;VECTRA / CAR. 2.2 / DTI;Nemcija;DEU;osebni avtomobil;200;karavan;VECTRA 
92;1355;6.6;1;OPEL;J96FU11-2A17VWRND5;VECTRA / 2.2;Nemcija;DEU;osebni avtomobil;200;karavan;VECTRA 
92;1610;6.6;1;SAAB;YS3FF4D-M502;9-3 / 2.2 / TID;ävedska;SWE;osebni avtomobil;200;limuzina;09-Mar
92;1600;6.6;1;SAAB;YS3FF4D-M01;9-3 / 2.2 / TID;ävedska;SWE;osebni avtomobil;200;limuzina;09-Mar
92;1595;6.6;1;SAAB;YS3FD4-F4D-M601;9-3  / 2.2 / TID;ävedska;SWE;osebni avtomobil;200;limuzina;09-Mar
92;1585;6.6;1;SAAB;F4D-M502;9-3 / 2.2 / TID;ävedska;SWE;osebni avtomobil;200;limuzina;09-Mar
92;1570;6.6;1;SAAB;F4D;9-3 / 2.2 / TID;ävedska;SWE;osebni avtomobil;200;limuzina;09-Mar
92;1560;6.6;1;SAAB;F4D-M01;9-3 / 2.2 / TID;ävedska;SWE;osebni avtomobil;200;limuzina;09-Mar
92;1545;6.6;1;SAAB;YS3F2242F4DM601;9-3 / 2.2 / TID;ävedska;SWE;osebni avtomobil;200;limuzina;09-Mar
92;1510;6.6;1;SAAB;YS3F-F4D-M502;9-3  2.2;ävedska;SWE;osebni avtomobil;200;limuzina;9-3  2.2
92;1500;6.6;1;SAAB;YS3F;9-3 / 2.2 / TID;ävedska;SWE;osebni avtomobil;200;limuzina;09-Mar
92;1495;6.6;1;SAAB;YS3FF4D-M5 02;9-3 / 2.2;ävedska;SWE;osebni avtomobil;200;limuzina;09-Mar
92;1495;6.6;1;SAAB;YS3F-B45;93 / 2.2 / TID;ävedska;SWE;osebni avtomobil;200;limuzina;93
92;1439;6.6;0;SEAT;AFCAXCX01-SGFM6AJ0070GG;ALTEA / 1.4 / TSI;äpanija;ESP;osebni avtomobil;194;vecnamensko vozilo;ALTEA 
92;1477;6.7;0;FORD;DXAPNDA1H-5BGBNE;Grand C-MAX / 1.6 / 92;Nemcija;DEU;osebni avtomobil;185;karavan;Grand C-MAX 
92;1473;6.7;0;FORD;DXA-B7DA1VX-5KKBZ6AAB6A;C-MAX / 1.0 / EB 92 S;Nemcija;DEU;osebni avtomobil;187;vecnamensko vozilo;C-MAX 
92;1291;6.7;0;HONDA;FD41-3;CIVIC / 1.6 /;Japonska ;JPN;osebni avtomobil;200;limuzina;CIVIC 
92;1440;6.7;1;MERCEDES BENZ;H0H006AA0-THAA250;C / 220 / CDI AUT.;Nemcija;DEU;osebni avtomobil;194;limuzina;C 
92;1473;6.8;0;FORD;DXA-B7DA1VX-5KKBZ6AAB65;C-MAX / 1.0 / EB 92 S;Nemcija;DEU;osebni avtomobil;187;vecnamensko vozilo;C-MAX 
92;1291;6.8;0;HONDA;FD42-1;CIVIC / 1.6 /;Japonska ;JPN;osebni avtomobil;197;limuzina;CIVIC 
92;1550;6.8;1;OPEL;T98-MONOCAB;ZAFIRA / 2.2;Nemcija;DEU;osebni avtomobil;187;limuzina;ZAFIRA 
92;1500;6.8;0;äKODA;AACAXCX01-NFM6FM6AJ007;SUPERB / 1.4 / TSI;Ceöka republika;CZE;osebni avtomobil;201;limuzina;SUPERB 
92;1482;6.8;0;äKODA;AACAXCX01-NFM6FM6AJ007W;SUPERB / 1.4 / TSI;Ceöka republika;CZE;osebni avtomobil;201;limuzina;SUPERB 
92;1477;6.8;0;äKODA;AACAXCX01-NFM6FM6AJ010W0;SUPERB / 1.4 / TSI;Ceöka republika;CZE;osebni avtomobil;201;limuzina;SUPERB 
92;1477;6.9;0;FORD;DXAPNDA1H-7BGBNE;Grand C-MAX / 1.6 / 125;Nemcija;DEU;osebni avtomobil;185;karavan;Grand C-MAX 
92;1477;6.9;0;FORD;DXAPNDA1H-7BGBNE;Grand C-MAX / 1.6 / 125;Nemcija;DEU;osebni avtomobil;185;vecnamensko vozilo;Grand C-MAX 
92;1540;6.9;1;MERCEDES BENZ;210;E / 220 / CDI;Nemcija;DEU;osebni avtomobil;200;limuzina;E 
92;1550;6.9;1;OPEL;HJ11-2A17A327HFB7;ZAFIRA / 2.2 / DT 16V;Nemcija;DEU;osebni avtomobil;187;vecnamensko vozilo;ZAFIRA 
92;1550;6.9;1;OPEL;TGF75-Y22DTR;ZAFIRA / 2.2;Nemcija;DEU;osebni avtomobil;187;limuzina;ZAFIRA 
92;1499;6.9;0;äKODA;ACCAXCX01-NFM6FM6AJ007W0;SUPERB / COMBI 1.4 / TSI;Ceöka republika;CZE;osebni avtomobil;199;karavan;SUPERB 
92;1576;7.1;0;FORD;DXA-B7DA1WX-5KKBZ6AAB61;GRAND C-MAX / 1.0 / EB 92 S;Nemcija;DEU;osebni avtomobil;185;karavan;GRAND C-MAX 
92;1375;7.1;0;FORD;DM2-Q7DA1E5A;C-MAX / 1.8 /;Nemcija;DEU;osebni avtomobil;195;vecnamensko vozilo;C-MAX 
92;1375;7.1;0;FORD;DM2-QQDB;FOCUS C-MAX / 1.8 /;Nemcija;DEU;osebni avtomobil;193;vecnamensko vozilo;FOCUS C-MAX 
92;1349;7.1;0;FORD;JK8-M1JU11X-5AAPZNAB4DV;ECOSPORT / 1.0 / 92 S;Nemcija;DEU;osebni avtomobil;180;vozilo z dviûnimi vrati zadaj;ECOSPORT 
92;1460;7.1;1;MERCEDES BENZ;202;C / 220 / CDI;Nemcija;DEU;osebni avtomobil;195;karavan;C 
92;1151;7.1;0;VOLKSWAGEN;SCAVYX01-SGFM5850561114K0GG;POLO / 1.6 GTI;Nemcija;DEU;osebni avtomobil;205;limuzina;POLO 
92;2073;7.2;1;FORD;FFF6-CYFB1BC9ESFF;TRANSIT / 300 M 2.2 / 92 SP;Nemcija;DEU;osebni avtomobil;157;vecnamensko vozilo;TRANSIT 
92;1576;7.2;0;FORD;DXA-B7DA1WX-5KKBZ6AAB67;GRAND C-MAX / 1.0 / EB 92 S;Nemcija;DEU;osebni avtomobil;185;karavan;GRAND C-MAX 
92;1455;7.2;0;FORD;BA7-PNBA1G5GLANC;MONDEO / 1.6 /;Nemcija;DEU;osebni avtomobil;190;karavan;MONDEO 
92;1435;7.2;0;FORD;BA7-PNBA1D5GLANC;MONDEO / 1.6 /;Nemcija;DEU;osebni avtomobil;195;limuzina;MONDEO 
92;1435;7.2;0;FORD;BA7-PNBA1E5GLANC;MONDEO / 1.6 /;Nemcija;DEU;osebni avtomobil;195;vozilo z dviûnimi vrati zadaj;MONDEO 
92;1371;7.2;0;FORD;DEH-B7DA1NX-51FBH6AEICR;FOCUS 1.0 / EB 92 A8 Active;Nemcija;DEU;osebni avtomobil;191;vozilo z dviûnimi vrati zadaj;FOCUS 1.0 
92;1528;7.2;1;OPEL;ZCF68-Y22DTR;VECTRA / 2.2;Nemcija;DEU;osebni avtomobil;202;vozilo z dviûnimi vrati zadaj;VECTRA 
92;2360;7.2;1;RENAULT;MLJ0SA;MASTER / 2.3 / DCI;Francija;FRA;osebni avtomobil;143;vozilo z dostopom za invalidski vozicek;MASTER 
92;2062;7.2;1;RENAULT;MLJ0SA;MASTER / 2.3 / DCI;Francija;FRA;osebni avtomobil;143;vecnamensko vozilo;MASTER 
92;2062;7.2;1;RENAULT;MLJ0DA;MASTER / 2.3 / DCI;Francija;FRA;osebni avtomobil;143;vozilo za posebne namene;MASTER 
92;1105;7.2;0;SUZUKI;A31S-MT;SWIFT / 1.6 /;Madûarska;HUN;osebni avtomobil;200;vozilo z dviûnimi vrati zadaj;SWIFT 
92;1355;7.2;0;VOLVO;MS2142;S40 / 1.8 /;ävedska;SWE;osebni avtomobil;200;limuzina;S40 
92;1355;7.2;0;VOLVO;MS2142;S 40 / 1.8;ävedska;SWE;osebni avtomobil;200;limuzina;S 40 
92;1576;7.3;0;FORD;DXA-B7DA1WX-5KKBZ6AAB61;GRAND C-MAX / 1.0 / EB 92 S;Nemcija;DEU;osebni avtomobil;185;karavan;GRAND C-MAX 
92;1391;7.3;0;FORD;JK8-M1JU11X-5CBPZNABZDE;ECOSPORT / 1.0 / 92 A6 S;Nemcija;DEU;osebni avtomobil;180;vozilo z dviûnimi vrati zadaj;ECOSPORT 
92;1075;7.3;0;HONDA;EH-6;CRX / 1.6;Japonska ;JPN;osebni avtomobil;190;kabriolet;CRX 
92;1381;7.3;0;VOLVO;MW21-42;V50 / 1.8 / I;ävedska;SWE;osebni avtomobil;200;karavan;V50 
92;1380;7.3;0;VOLVO;MW21-42;V50 / 1.8;ävedska;SWE;osebni avtomobil;200;karavan;V50 
92;1374;7.3;0;VOLVO;MW2142;V 50 / 1.8;ävedska;SWE;osebni avtomobil;200;karavan;V 50 
92;1370;7.3;0;VOLVO;MW2142;V50 / 1.8 /;ävedska;SWE;osebni avtomobil;200;vecnamensko vozilo;V50 
92;1361;7.3;0;VOLVO;MS2142;S40 / 1.8 /;ävedska;SWE;osebni avtomobil;200;limuzina;S40 
92;1330;7.3;0;VOLVO;MK08-42;C30 / 1.8 /;ävedska;SWE;osebni avtomobil;200;kupe;C30 
92;1329;7.3;0;VOLVO;MK-2142;C / 30 / 1.8 / I;ävedska;SWE;osebni avtomobil;200;kupe;C 
92;1327;7.3;0;VOLVO;MK2142;C30 / 1.8 /;ävedska;SWE;osebni avtomobil;200;kupe;C30 
92;2290;7.4;1;FORD;FDG6-CYFB1CC9ESGF;TRANSIT / 300 L 2.2 / 92 SP;Nemcija;DEU;osebni avtomobil;157;vozilo za invalidski vozicek;TRANSIT 
92;2175;7.4;1;FORD;FDE6-CYFB1BC9ESGF;TRANSIT / 300 S 2.2 / 92 SP;Nemcija;DEU;osebni avtomobil;157;vozilo za invalidski vozicek;TRANSIT 
92;2030;7.4;1;FORD;FBE6-CYFB1AB9ESFF;TRANSIT / 280 S 2.2 / 92 SP;Nemcija;DEU;osebni avtomobil;150;vecnamensko vozilo;TRANSIT 
92;1576;7.4;0;FORD;DXA-B7DA1WX-5KKBZ6AAB67;GRAND C-MAX / 1.0 / EB 92 S;Nemcija;DEU;osebni avtomobil;185;karavan;GRAND C-MAX 
92;1455;7.4;0;FORD;BA7-PNBA1G5G;MONDEO / 1.6 /;Nemcija;DEU;osebni avtomobil;190;karavan;MONDEO 
92;1435;7.4;0;FORD;BA7-PNBA1E5G;MONDEO / 1.6 /;Nemcija;DEU;osebni avtomobil;195;vozilo z dviûnimi vrati zadaj;MONDEO 
92;1391;7.4;0;FORD;JK8-M1JU11X-5CBPZNABZDE;ECOSPORT / 1.0 / 92 A6 S;Nemcija;DEU;osebni avtomobil;180;vozilo z dviûnimi vrati zadaj;ECOSPORT 
92;1130;7.4;0;HONDA;EJ114;CIVIC / COUPE 1.6 / SI;Zdruûene drûave;USA;osebni avtomobil;200;kupe;CIVIC 
92;1613;7.4;1;OPEL;BG11-1A08AZBDGAJ5;VECTRA / CAR. 2.2 / DT 16V AUT.;Nemcija;DEU;osebni avtomobil;199;karavan;VECTRA 
92;1505;7.4;1;OPEL;BD11-1A17AZBRGAA;VECTRA / 2.2 / DTI AUT.;Nemcija;DEU;osebni avtomobil;206;limuzina;VECTRA 
92;2235;7.4;1;RENAULT;MLJ4DC;MASTER / 2.3 / DCI;Francija;FRA;osebni avtomobil;143;vozilo za posebne namene;MASTER 
92;1255;7.4;0;TOYOTA;ZCA26L-AWMNKW(1E);RAV 4 / 1.8 /;Japonska ;JPN;osebni avtomobil;175;karavan;RAV 4 
92;1255;7.4;0;TOYOTA;ZCA26L-AWMNKW(1F);RAV 4 / 1.8 /;Japonska ;JPN;osebni avtomobil;175;vecnamensko vozilo;RAV 4 
92;1255;7.4;0;TOYOTA;ZCA26L-AWMNKW;RAV 4 / 1.8;Japonska ;JPN;osebni avtomobil;175;limuzina;RAV 4 
92;1200;7.4;0;TOYOTA;ZCA25L-AZMNKW;RAV4 / 1.8;Japonska ;JPN;osebni avtomobil;175;limuzina;RAV4 
92;1120;7.4;0;TOYOTA;ZCA25L-AZMNKW(1E);RAV 4 / 1.8;Japonska ;JPN;osebni avtomobil;175;karavan;RAV 4 
92;1466;7.5;0;HONDA;BE11-1;FR-V / 1.7 /;Japonska ;JPN;osebni avtomobil;182;vecnamensko vozilo;FR-V 
92;1466;7.5;0;HONDA;BE11-1;FRV / 1.7;Japonska ;JPN;osebni avtomobil;182;limuzina;FRV 
92;1125;7.5;0;HONDA;EH6 / EH616;CRX / 1.6 Esi;Japonska ;JPN;osebni avtomobil;190;kabriolet;CRX 
92;1105;7.5;0;HONDA;EH6;CRX / 1.6 / ESI;Japonska ;JPN;osebni avtomobil;190;kabriolet;CRX 
92;1105;7.5;0;HONDA;EH6-1;CRX / ESI;Japonska ;JPN;osebni avtomobil;190;kupe;CRX 
92;1040;7.5;0;HONDA;EH616;CIVIC / CRX / ESI;Japonska ;JPN;osebni avtomobil;190;kabriolet;CIVIC 
92;1040;7.5;0;HONDA;EH616;CIVIC CRX 1.6 ESI /;Japonska ;JPN;osebni avtomobil;190;kabriolet;CIVIC CRX 1.6 ESI 
92;1035;7.5;0;OPEL;BF11-4A12A9FBBF5;OPEL / CORSA / 1.8 / 16V;Nemcija;DEU;osebni avtomobil;202;vozilo z dviûnimi vrati zadaj;OPEL 
92;2062;7.5;1;RENAULT;MLJ0DA;MASTER / 2.3 / DCI;Francija;FRA;osebni avtomobil;143;vecnamensko vozilo;MASTER 
92;1827;7.6;1;FORD;FDFY-FIFA;TRANSIT / 300 M 2.0;Nemcija;DEU;osebni avtomobil;156;vecnamensko vozilo;TRANSIT 
92;1813;7.6;1;HYUNDAI;U2-NAJ;SANTA FE / 2.0;Koreja. republika;KOR;osebni avtomobil;172;limuzina;SANTA FE 
92;1813;7.6;1;HYUNDAI;U2-NAJ;SANTA FE / 2.0 / CRDi 4WD;Koreja. republika;KOR;osebni avtomobil;172;vecnamensko vozilo;SANTA FE 
92;1793;7.6;1;HYUNDAI;U2-NAJ;SANTA FE / 2.0;Koreja. republika;KOR;osebni avtomobil;172;vecnamensko vozilo;SANTA FE 
92;1610;7.6;1;OPEL;VECTRA;SIGNUM / 2.2 / DTI;Nemcija;DEU;osebni avtomobil;201;vozilo z dviûnimi vrati zadaj;SIGNUM 
92;1138;7.7;0;AUDI;LAGFN1-FM52J003R92L;A3 / 1.8;Nemcija;DEU;osebni avtomobil;217;vozilo z dviûnimi vrati zadaj;A3 
92;1375;7.7;0;FORD;B5Y-CHBB;MONDEO / 1.8 /;Nemcija;DEU;osebni avtomobil;205;vozilo z dviûnimi vrati zadaj;MONDEO 
92;1355;7.7;0;FORD;B4Y-CHBA;MONDEO / 1.8 /;Nemcija;DEU;osebni avtomobil;205;limuzina;MONDEO 
92;1389;7.7;0;HONDA;RN11-5;STREAM / 1.7;Japonska ;JPN;osebni avtomobil;190;limuzina;STREAM 
92;1155;7.7;0;MERCEDES BENZ;168;A / 190;Nemcija;DEU;osebni avtomobil;198;karavan;A 
92;1155;7.7;0;MERCEDES BENZ;168M232C2-MEAAB50;A / 190 /;Nemcija;DEU;osebni avtomobil;198;vozilo z dviûnimi vrati zadaj;A 
92;1110;7.7;0;MERCEDES BENZ;168.032-M232A2MEAAB50;A / 190 /;Nemcija;DEU;osebni avtomobil;198;karavan;A 
92;2062;7.7;1;NISSAN;M9J0DA;NV400 / 2.3 / DCI;ävica;CHE;osebni avtomobil;143;vecnamensko vozilo;NV400 
92;1265;7.7;0;OPEL;BF11-1A02A4DBBA2;TIGRA / 1.8;Nemcija;DEU;osebni avtomobil;204;kabriolet;TIGRA 
92;1265;7.7;0;OPEL;KC11-1A03A5FABN5;ASTRA / 1.8 / 16V;Nemcija;DEU;osebni avtomobil;200;kupe;ASTRA 
92;1110;7.7;0;OPEL;BF11-4A12A9FBBF5;CORSA / 1.8;Nemcija;DEU;osebni avtomobil;202;vozilo z dviûnimi vrati zadaj;CORSA 
92;1035;7.7;0;OPEL;BF11-4A12A9FBBF5;CORSA / 1.8 / 16V;Nemcija;DEU;osebni avtomobil;202;vozilo z dviûnimi vrati zadaj;CORSA 
92;1475;7.7;0;PEUGEOT;6D6FYC;407 / 1.8 / i 16V;Francija;FRA;osebni avtomobil;203;limuzina;407
92;2159;7.7;1;RENAULT;MLJ4DC;MASTER / 2.3 / DCI;Francija;FRA;osebni avtomobil;143;vozilo za posebne namene;MASTER 
92;2159;7.7;1;RENAULT;MLJ4DC;MASTER / 2.3 / DCI;Francija;FRA;osebni avtomobil;143;vecnamensko vozilo;MASTER 
92;2159;7.7;1;RENAULT;MLJ4DC;MASTER / 2.3 / DCI;Francija;FRA;osebni avtomobil;143;vozilo z dostopom za invalidski vozicek;MASTER 
92;1105;7.8;0;HONDA;EH6;CRX / 1.6;Japonska ;JPN;osebni avtomobil;190;kabriolet;CRX 
92;1325;7.8;0;OPEL;FC11-1A03A6FABN5;ASTRA / CAR. 1.8;Nemcija;DEU;osebni avtomobil;198;karavan;ASTRA 
92;1585;7.9;0;CITROEN;RD6FYC;C5 III / 1.8 / i 16V;Francija;FRA;osebni avtomobil;200;limuzina;C5 III 
92;1434;7.9;0;FORD;BWYCHBB1-5ZDANS;MONDEO / WAGON 1.8 /;Nemcija;DEU;osebni avtomobil;200;karavan;MONDEO 
92;1386;7.9;0;FORD;BWY-CHBA;MONDEO / WAGON 1.8 /;Nemcija;DEU;osebni avtomobil;200;karavan;MONDEO 
92;1140;7.9;0;MERCEDES BENZ;168;A / 190;Nemcija;DEU;osebni avtomobil;193;karavan;A 
92;1380;7.9;0;OPEL;BD11-1A03A5CBAE5;MERIVA / 1.8;Nemcija;DEU;osebni avtomobil;190;limuzina;MERIVA 
92;1270;7.9;0;OPEL;T98CPT11-1A01AB04FDD4;ASTRA / COUPE 1.8;Nemcija;DEU;osebni avtomobil;210;kupe;ASTRA 
92;1235;7.9;0;OPEL;DT11-2A28BW39FDJ5;ASTRA / 1.8 / 16V;Nemcija;DEU;osebni avtomobil;205;vozilo z dviûnimi vrati zadaj;ASTRA 
92;1530;7.9;0;PEUGEOT;6E6FYC;407 / BREAK 1.8;Francija;FRA;osebni avtomobil;199;karavan;407
92;1185;8.2;0;MERCEDES BENZ;168.032;A / 190 / AUT.;Nemcija;DEU;osebni avtomobil;193;karavan;A 
92;1435;8.2;0;OPEL;HE11-2A12AY14BCB7;ZAFIRA / 1.8;Nemcija;DEU;osebni avtomobil;188;vecnamensko vozilo;ZAFIRA 
92;1435;8.2;0;OPEL;HE11-2A12AY14BCB7;ZAFIRA / 1.8;Nemcija;DEU;osebni avtomobil;188;limuzina;ZAFIRA 
92;1315;8.4;0;AUDI;LAGNF1-FM52J003R92T2M;A3 / 1.8 /;Nemcija;DEU;osebni avtomobil;202;vozilo z dviûnimi vrati zadaj;A3 
92;1265;8.4;0;äKODA;ABBF1-ACCFM5ABM;OCTAVIA /  1.8 / 20V;Ceöka republika;CZE;osebni avtomobil;191;vozilo z dviûnimi vrati zadaj;OCTAVIA 
92;1450;8.4;0;SUBARU;SG5-510;FORESTER / 2.0;Japonska ;JPN;osebni avtomobil;168;karavan;FORESTER 
92;1270;8.4;0;VOLKSWAGEN;1J SC AGN X0 1;GOLF / 1.8 /;Nemcija;DEU;osebni avtomobil;201;vozilo z dviûnimi vrati zadaj;GOLF 
92;1223;8.4;0;VOLKSWAGEN;1J;GOLF / 1.8 / I;Nemcija;DEU;osebni avtomobil;205;vozilo z dviûnimi vrati zadaj;GOLF 
92;1280;8.5;0;AUDI;LADRF1-FM52DMR92S5;A4 / 1.8 /;Nemcija;DEU;osebni avtomobil;205;limuzina;A4 
92;1255;8.5;0;AUDI;B5 LADRF1FM52DMR92S5M;A4 / 1.8 /;Nemcija;DEU;osebni avtomobil;205;limuzina;A4 
92;1475;8.5;0;SUBARU;SG5-010;FORESTER / 2.0 / AWD;Japonska ;JPN;osebni avtomobil;180;karavan;FORESTER 
92;1435;8.5;0;SUBARU;SG5-010;FORESTER / 2.0;Japonska ;JPN;osebni avtomobil;180;karavan;FORESTER 
92;1435;8.5;0;SUBARU;SGSSG5-010;FORESTER/ 2.0 / AWD;Japonska ;JPN;osebni avtomobil;180;karavan;FORESTER
92;1360;8.5;0;SUBARU;SG5-010;FORESTER/2.0/4WD;Japonska ;JPN;osebni avtomobil;180;karavan;FORESTER
92;1360;8.5;0;SUBARU;SG5-010;FORESTER / 2.0;Japonska ;JPN;osebni avtomobil;180;limuzina;FORESTER 
92;1490;8.6;0;AUDI;4B;A6 / 1.8 / I;Nemcija;DEU;osebni avtomobil;200;karavan;A6 
92;1255;8.6;0;AUDI;LADRF1-FM52DMR92S5;A4 / 1.8 /;Nemcija;DEU;osebni avtomobil;205;limuzina;A4 
92;1445;8.6;0;OPEL;T98M0N0CABHE11-2A12AY14BCB;ZAFIRA / 1.8 / 16V;Nemcija;DEU;osebni avtomobil;188;vecnamensko vozilo;ZAFIRA 
92;1435;8.6;0;OPEL;TGF75-Z18XE;ZAFIRA / 1.8 / 16V;Nemcija;DEU;osebni avtomobil;188;vecnamensko vozilo;ZAFIRA 
92;1455;8.6;0;SUBARU;SG5-010;FORESTER / 2.0 / AWD;Japonska ;JPN;osebni avtomobil;180;karavan;FORESTER 
92;1405;8.6;0;SUBARU;GD/GG;IMPREZA / 2.0;Japonska ;JPN;osebni avtomobil;188;vozilo z dviûnimi vrati zadaj;IMPREZA 
92;1405;8.6;0;SUBARU;GD/GG;IMPREZA / 2.0;Japonska ;JPN;osebni avtomobil;188;karavan;IMPREZA 
92;1380;8.7;0;OPEL;HE11-2A13AR16CBB7;ZAFIRA / 1.8;Nemcija;DEU;osebni avtomobil;180;limuzina;ZAFIRA 
92;1295;8.8;0;AUDI;B5;A4 / 1.8 / I;Nemcija;DEU;osebni avtomobil;205;limuzina;A4 
92;1820;8.8;1;NISSAN;R20;TERRANO II / 2.7 /;Nizozemska;NLD;osebni avtomobil;155;karavan;TERRANO II 
92;1422;8.8;0;VOLKSWAGEN;3BSEAPTX01-SGFM51W022N;PASSAT / 1.8;Nemcija;DEU;osebni avtomobil;199;karavan;PASSAT 
92;1405;8.9;0;SUBARU;GG9-030;IMPREZA / COMPACT 2.0 / 4WD;Japonska ;JPN;osebni avtomobil;188;karavan;IMPREZA 
92;2283;9.1;1;FORD;FAD-CYR54ECX-G94HCZCASAVA;TRANSIT / 350 L3 H2 2.2 92 ZP AWD;Nemcija;DEU;osebni avtomobil;140;vozilo za posebne namene;TRANSIT 
92;2282;9.1;1;FORD;FAD-CYR54ECX-G94HBZCASAVA;TRANSIT / 350 L2 H2 2.2 92 ZP AWD;Nemcija;DEU;osebni avtomobil;140;vozilo za posebne namene;TRANSIT 
92;1818;9.1;1;HYUNDAI;U2-MAJ;SANTA FE / 2.0;Koreja. republika;KOR;osebni avtomobil;165;vecnamensko vozilo;SANTA FE 
92;1793;9.1;1;HYUNDAI;SM;SANTA FE / 2.0 / CRDI 4WD;Koreja. republika;KOR;osebni avtomobil;165;vecnamensko vozilo;SANTA FE 
92;1763;9.1;1;HYUNDAI;SM-U2;SANTA FE / 2.0 / CRDI;Koreja. republika;KOR;osebni avtomobil;165;vecnamensko vozilo;SANTA FE 
92;1485;9.2;0;AUDI;B5LADRQ1-QM5AATR92S5;A4 / AVANT 1.8 Q;Nemcija;DEU;osebni avtomobil;198;karavan;A4 
92;1348;9.2;0;AUDI;B5LADR-FM5;A4 / 1.8 / T;Nemcija;DEU;osebni avtomobil;205;limuzina;A4 
92;1785;9.2;1;NISSAN;JVPNL R20 T;TERRANO / 2.7 / TD;Japonska ;JPN;osebni avtomobil;155;limuzina;TERRANO 
92;1435;9.3;0;SUBARU;SG5-030;FORESTER / 2.0 / AWD;Japonska ;JPN;osebni avtomobil;180;karavan;FORESTER 
92;1495;9.4;0;SUBARU;BH5-020;LEGACY / WAGON 2.0 / 4WD;Japonska ;JPN;osebni avtomobil;188;karavan;LEGACY 
92;1048;9.5;0;FORD;ECT-MHA1;PUMA / 1.7;Nemcija;DEU;osebni avtomobil;203;kupe;PUMA 
92;1510;9.6;0;SUBARU;BH5-020;LEGACY / WAGON 2.0 / 4WD;Japonska ;JPN;osebni avtomobil;188;karavan;LEGACY 
92;1355;9.6;0;SUBARU;GD9-030;IMPREZA / 2.0 / 4WD;Japonska ;JPN;osebni avtomobil;190;limuzina;IMPREZA 
92;1445;9.7;0;AUDI;89;80 / CABRIO / 1.8;Nemcija;DEU;osebni avtomobil;195;kabriolet;80
92;1450;9.7;0;SUBARU;SF5-010;FORESTER / 2.0 / 4WD;Japonska ;JPN;osebni avtomobil;179;karavan;FORESTER 
92;1420;9.7;0;SUBARU;SF5-010;FORESTER / 2.0 / 4WD;Japonska ;JPN;osebni avtomobil;179;limuzina;FORESTER 
92;2110;9.8;1;NISSAN;JVPNLR20T;TERRANO II / 2.7 / TD;äpanija;ESP;osebni avtomobil;155;karavan;TERRANO II 
92;1950;9.8;1;NISSAN;R20;TERRANO / 2.7 / TD;äpanija;ESP;osebni avtomobil;155;karavan;TERRANO 
92;1910;9.8;1;NISSAN;R20-C-C3;TERRANO / II / 2.7;äpanija;ESP;osebni avtomobil;155;vecnamensko vozilo;TERRANO 
92;1860;9.8;1;NISSAN;R20-C4;TERRANO II / 2.7 / TD;äpanija;ESP;osebni avtomobil;155;karavan;TERRANO II 
92;1850;9.8;1;NISSAN;R20-C1;TERRANO II / 2.7 / TD;äpanija;ESP;osebni avtomobil;155;karavan;TERRANO II 
92;1837;9.8;1;NISSAN;R20-C2;TERRANO / 2.7 / TD;äpanija;ESP;osebni avtomobil;155;karavan;TERRANO 
92;1830;9.8;1;NISSAN;R20;TERRANO II / 2.7 / TDI;äpanija;ESP;osebni avtomobil;155;limuzina;TERRANO II 
92;1820;9.8;1;NISSAN;R20 32100V;TERRANO / 2.7 / TD;äpanija;ESP;osebni avtomobil;155;limuzina;TERRANO 
92;1785;9.8;1;NISSAN;R20-C2;TERRANO / 2.7;äpanija;ESP;osebni avtomobil;155;limuzina;TERRANO 
92;1775;9.8;1;NISSAN;R20-C2;TERRANO II / 2.7 / TD;äpanija;ESP;osebni avtomobil;155;limuzina;TERRANO II 
92;1985;9.9;1;NISSAN;R20;TERRANO II / 2.7;äpanija;ESP;osebni avtomobil;155;limuzina;TERRANO II 
92;1970;9.9;1;NISSAN;R20-D2;TERRANO II / 2.7 / TD;äpanija;ESP;osebni avtomobil;155;karavan;TERRANO II 
92;1930;9.9;1;NISSAN;R20-D-D2;TERRANO / II / 2.7;äpanija;ESP;osebni avtomobil;155;karavan;TERRANO 
92;1900;9.9;1;NISSAN;R20-D2;TERRANO II / 2.7;äpanija;ESP;osebni avtomobil;155;karavan;TERRANO II 
92;1900;9.9;1;NISSAN;R20-D2;TERRANO / 2.7 / TD;äpanija;ESP;osebni avtomobil;155;karavan;TERRANO 
92;1900;9.9;1;NISSAN;R20-D2;TERRANO II / 2.7;äpanija;ESP;osebni avtomobil;155;limuzina;TERRANO II 
92;1900;9.9;1;NISSAN;R20-D2;TERRANO / 2.7;äpanija;ESP;osebni avtomobil;155;limuzina;TERRANO 
92;1825;9.9;1;NISSAN;R20-D2;TERRANO  II / WAG .2.7;äpanija;ESP;osebni avtomobil;155;limuzina;TERRANO  II 
92;1825;9.9;1;NISSAN;R20-D-D2;TERRANO / II / 2.7;äpanija;ESP;osebni avtomobil;155;vecnamensko vozilo;TERRANO 
92;1825;9.9;1;NISSAN;R20-D-D2;TERRANO II / 2.7;äpanija;ESP;osebni avtomobil;155;vecnamensko vozilo;TERRANO II 
92;1820;9.9;1;NISSAN;R20;TERRANO / II / 2.7 / TDI;äpanija;ESP;osebni avtomobil;155;limuzina;TERRANO 
92;1785;9.9;1;NISSAN;R20-C2;TERRANO II / 2.7 / TD;äpanija;ESP;osebni avtomobil;155;karavan;TERRANO II 
92;1675;9.9;1;NISSAN;R20-U;TERRANO / II / 2.7;äpanija;ESP;osebni avtomobil;155;limuzina;TERRANO 
92.7;1415;5.9;0;HYUNDAI;F5PA1-M57CZ1;i 30 CW / 1.6 /;Ceöka republika;CZE;osebni avtomobil;192;vecnamensko vozilo;i 30 CW 
92.7;1368;5.9;0;HYUNDAI;B5PA1-M57CZ1;i 30 / 1.6 /;Ceöka republika;CZE;osebni avtomobil;192;vecnamensko vozilo;i 30 
92.7;1350;6.1;0;HYUNDAI;F5PI1-M64CZ1;i 30 CW / 1.6 /;Ceöka republika;CZE;osebni avtomobil;192;vecnamensko vozilo;i 30 CW 
92.7;1322;6.1;0;HYUNDAI;F5PI1-M57CZ1;i 30 CW / 1.6 /;Ceöka republika;CZE;osebni avtomobil;192;vecnamensko vozilo;i 30 CW 
92.7;1273;6.1;0;HYUNDAI;B5PI1-M64CZ1;i 30 / 1.6 /;Ceöka republika;CZE;osebni avtomobil;192;vecnamensko vozilo;i 30 
92.7;1263;6.1;0;KIA;EDB5P61-M57AZ1;CEED / 1.6 /;Slovaöka;SVK;osebni avtomobil;192;vecnamensko vozilo;CEED 
92.7;1257;6.1;0;KIA;EDB3P61-M57AZ1;CEED / 1.6 /;Slovaöka;SVK;osebni avtomobil;192;vecnamensko vozilo;CEED 
92.7;1415;6.2;0;HYUNDAI;F5P61-M52AZ1;i 30 CW / 1.6 /;Koreja. republika;KOR;osebni avtomobil;192;vecnamensko vozilo;i 30 CW 
92.7;1415;6.2;0;HYUNDAI;F5P61-M57AZ1;i 30 CW / 1.6 /;Ceöka republika;CZE;osebni avtomobil;192;vecnamensko vozilo;i 30 CW 
92.7;1368;6.2;0;HYUNDAI;B5P61-M52AZ1;i 30 / 1.6 /;Koreja. republika;KOR;osebni avtomobil;192;vecnamensko vozilo;i 30 
92.7;1368;6.2;0;HYUNDAI;B5P61-M57AZ1;i 30 / 1.6 /;Ceöka republika;CZE;osebni avtomobil;192;vecnamensko vozilo;i 30 
92.7;1317;6.2;0;KIA;EDF5P61-M57AZ1;CEED / 1.6 /;Slovaöka;SVK;osebni avtomobil;192;vecnamensko vozilo;CEED 
92.7;1263;6.4;0;KIA;EDB5P61-M57BZ1;CEED / 1.6 /;Slovaöka;SVK;osebni avtomobil;192;vecnamensko vozilo;CEED 
92.7;1257;6.4;0;KIA;EDB3P61-M52BZ1;CEED / 1.6 /;Slovaöka;SVK;osebni avtomobil;192;vecnamensko vozilo;CEED 
92.7;1329;6.5;0;KIA;AMF5P11-M51AZ1;SOUL / 1.6 /;Koreja. republika;KOR;osebni avtomobil;177;vecnamensko vozilo;SOUL 
92.7;1317;6.5;0;KIA;EDF5P61-M52BZ1;CEED / 1.6 /;Slovaöka;SVK;osebni avtomobil;192;vecnamensko vozilo;CEED 
92.7;1257;6.5;0;KIA;EDB3P61-M57BZ1;CEED / 1.6 /;Slovaöka;SVK;osebni avtomobil;192;vecnamensko vozilo;CEED 
92.7;1245;6.6;0;KIA;AMF5P11-M54BZ1;SOUL / 1.6 /;Koreja. republika;KOR;osebni avtomobil;177;vecnamensko vozilo;SOUL 
92.7;1245;6.7;0;KIA;AMF5P11-M52BZ1;SOUL / 1.6 /;Koreja. republika;KOR;osebni avtomobil;177;vecnamensko vozilo;SOUL 
92.7;1435;6.9;0;HYUNDAI;F5P61-A41AZ1;i 30 CW / 1.6 / AUT.;Ceöka republika;CZE;osebni avtomobil;187;vozilo za posebne namene;i 30 CW 
92.7;1435;6.9;0;HYUNDAI;F5P61-A41AZ1;i 30 CW / 1.6 / AUT.;Koreja. republika;KOR;osebni avtomobil;183;vecnamensko vozilo;i 30 CW 
92.7;1389;6.9;0;HYUNDAI;B5P61-A41AZ1;i 30 / 1.6 / AUT.;Ceöka republika;CZE;osebni avtomobil;183;vecnamensko vozilo;i 30 
92.7;1291;6.9;0;KIA;EDB5P61-A41AZ1;CEED / 1.6 / AUT.;Slovaöka;SVK;osebni avtomobil;187;vecnamensko vozilo;CEED 
93;1368;4.8;0;HONDA;FC FK602-2;CIVIC / 1.0 /;Japonska ;JPN;osebni avtomobil;203;vozilo z dviûnimi vrati zadaj;CIVIC 
93;1565;5.1;1;TOYOTA;ADT270L-AEFEYW(1C);AVENSIS / 2.0 / D;Zdruûeno kraljestvo;GBR;osebni avtomobil;200;limuzina;AVENSIS 
93;1671;5.2;1;TOYOTA;ADT270L-AWFEYW(1E);AVENSIS / 2.0 / D WAGON;Zdruûeno kraljestvo;GBR;osebni avtomobil;200;vecnamensko vozilo;AVENSIS 
93;1655;5.2;1;TOYOTA;ADT270L-AWFEYW(2E);AVENSIS / 2.0 / D WAGON;Zdruûeno kraljestvo;GBR;osebni avtomobil;200;vecnamensko vozilo;AVENSIS 
93;1595;5.2;1;TOYOTA;ADT270L-AWFEYW(1A);AVENSIS / 2.0 / D WAGON;Zdruûeno kraljestvo;GBR;osebni avtomobil;200;karavan;AVENSIS 
93;1595;5.2;1;TOYOTA;ADT270L-AWFEYW(1C);AVENSIS / 2.0 / D WAGON;Zdruûeno kraljestvo;GBR;osebni avtomobil;200;vecnamensko vozilo;AVENSIS 
93;1480;5.2;1;TOYOTA;ADE150L-DHFNXW(1M);AURIS / 2.0 / D;Turcija;TUR;osebni avtomobil;195;vecnamensko vozilo;AURIS 
93;1480;5.2;1;TOYOTA;ADE150L-DHFNXW(1J);AURIS / 2.0 / D;Turcija;TUR;osebni avtomobil;175;vecnamensko vozilo;AURIS 
93;1700;5.3;1;TOYOTA;AUR20L-GWFEYW(6E);VERSO / 2.0 / D;Turcija;TUR;osebni avtomobil;185;vecnamensko vozilo;VERSO 
93;1700;5.3;1;TOYOTA;AUR20L-GWFEYW(2E);VERSO / 2.0 / D;Turcija;TUR;osebni avtomobil;185;karavan;VERSO 
93;1480;5.3;1;TOYOTA;ADE150L-AEFNYW(1C);COROLLA / 2.0 / D;Japonska ;JPN;osebni avtomobil;200;limuzina;COROLLA 
93;1480;5.3;1;TOYOTA;ADE150L-DEFNYW(1A);COROLLA / 2.0 / D;Juûna Afrika;ZAF;osebni avtomobil;200;limuzina;COROLLA 
93;1475;5.3;1;TOYOTA;ADE150L-DHFNYW(1C);AURIS / 2.0 / D;Turcija;TUR;osebni avtomobil;195;vozilo z dviûnimi vrati zadaj;AURIS 
93;1700;5.4;1;TOYOTA;AUR20L-GWFEYW(1B);VERSO / 2.0 / D;Turcija;TUR;osebni avtomobil;185;karavan;VERSO 
93;1595;5.4;1;TOYOTA;ADT270L-AWFEYW(1E);AVENSIS / 2.0 / D WAGON;Zdruûeno kraljestvo;GBR;osebni avtomobil;200;vecnamensko vozilo;AVENSIS 
93;1565;5.4;1;TOYOTA;ADT270L-AEFEYW(1E);AVENSIS / 2.0 / D;Zdruûeno kraljestvo;GBR;osebni avtomobil;200;limuzina;AVENSIS 
93;1550;5.4;1;TOYOTA;AUR20L-GWFEYW(5A);VERSO / 2.0 / D;Turcija;TUR;osebni avtomobil;185;vecnamensko vozilo;VERSO 
93;1475;5.4;1;TOYOTA;ADE150L-DHFNYW(1A);AURIS / 2.0 / D;Turcija;TUR;osebni avtomobil;195;vozilo z dviûnimi vrati zadaj;AURIS 
93;1475;5.4;1;TOYOTA;ADE150L-AHFNYW(1A);AURIS / 2.0 / D;Japonska ;JPN;osebni avtomobil;195;vozilo z dviûnimi vrati zadaj;AURIS 
93;1515;5.5;1;TOYOTA;ADT250L-ALFEYW(1J);AVENSIS / 2.0 / D;Zdruûeno kraljestvo;GBR;osebni avtomobil;200;vozilo z dviûnimi vrati zadaj;AVENSIS 
93;1510;5.5;1;TOYOTA;ADT250L-AEFEYW(1H);AVENSIS / 2.0 / D;Zdruûeno kraljestvo;GBR;osebni avtomobil;200;limuzina;AVENSIS 
93;1680;5.6;1;TOYOTA;AUR20L-GWFEYW(1D);VERSO / 2.0 / D;Turcija;TUR;osebni avtomobil;185;karavan;VERSO 
93;1660;5.6;1;TOYOTA;AUR20L-GWFEYW(1F);VERSO / 2.0 / D;Turcija;TUR;osebni avtomobil;185;karavan;VERSO 
93;1660;5.6;1;TOYOTA;AUR20L-GWFEYW(1F);VERSO / 2.0 / D;Turcija;TUR;osebni avtomobil;185;vozilo za posebne namene;VERSO 
93;1650;5.6;1;TOYOTA;AUR20L-GWFEYW(1E);VERSO / 2.0 / D;Turcija;TUR;osebni avtomobil;185;karavan;VERSO 
93;1615;5.6;1;TOYOTA;AUR20L-GWFEYW(1C);VERSO / 2.0 / D;Turcija;TUR;osebni avtomobil;185;karavan;VERSO 
93;1550;5.6;1;TOYOTA;AUR20L-GWFEYW(2A);VERSO / 2.0 / D;Turcija;TUR;osebni avtomobil;185;karavan;VERSO 
93;1490;5.7;1;BMW;346LAS71-33;320 / D /;Nemcija;DEU;osebni avtomobil;221;limuzina;320
93;1540;5.7;1;TOYOTA;ADT250L-AWFEYW(1K);AVENSIS / 2.0 / D;Zdruûeno kraljestvo;GBR;osebni avtomobil;200;karavan;AVENSIS 
93;1515;5.7;1;TOYOTA;ADE150L-DHFNXW(1A);AURIS / 2.0 / D;Turcija;TUR;osebni avtomobil;195;vozilo z dviûnimi vrati zadaj;AURIS 
93;1500;5.7;1;TOYOTA;ADE150L-DHFNXW(1B);AURIS / 2.0 / D;Turcija;TUR;osebni avtomobil;195;vozilo z dviûnimi vrati zadaj;AURIS 
93;1460;5.9;1;ALFA ROMEO;937BXM1B-21;147 / 1.9 / JTD 16V;Italija;ITA;osebni avtomobil;191;vozilo z dviûnimi vrati zadaj;147
93;1580;5.9;1;BMW;346LAP71-03;320 / TOURING / D;Nemcija;DEU;osebni avtomobil;216;karavan;320
93;1352;5.9;0;HONDA;FK FK604-2;CIVIC / 1.0 /;Japonska ;JPN;osebni avtomobil;203;vozilo z dviûnimi vrati zadaj;CIVIC 
93;1350;5.9;0;HONDA;FK FK603-2;CIVIC / 1.0 /;Japonska ;JPN;osebni avtomobil;203;vozilo z dviûnimi vrati zadaj;CIVIC 
93;1355;6.1;1;ALFA ROMEO;932BXG0063B;156 / SW 1.9 / JTD;Italija;ITA;osebni avtomobil;202;karavan;156
93;1370;6.1;0;HONDA;FK FK604-3;CIVIC / 1.0 /;Japonska ;JPN;osebni avtomobil;203;vozilo z dviûnimi vrati zadaj;CIVIC 
93;1368;6.1;0;HONDA;FK FK602-2;CIVIC / 1.0 /;Japonska ;JPN;osebni avtomobil;203;vozilo z dviûnimi vrati zadaj;CIVIC 
93;1456;6.1;1;NISSAN;P12H-H01;PRIMERA / WAGON 2.2 / TD;Zdruûeno kraljestvo;GBR;osebni avtomobil;198;karavan;PRIMERA 
93;1565;6.4;1;VOLVO;RS8142;S60 / 2.4 / TD;ävedska;SWE;osebni avtomobil;200;limuzina;S60 
93;1622;6.5;1;VOLVO;SW8142;V70 / 2.4 / TD;ävedska;SWE;osebni avtomobil;200;karavan;V70 
93;1237;7.1;0;MAZDA;NC1A882;MAZDA MX-5 / 1.8 / i;Japonska ;JPN;osebni avtomobil;194;kabriolet;MAZDA MX-5 
93;1150;7.1;0;MAZDA;NCA882;MAZDA MX-5 / 1.8 / i;Japonska ;JPN;osebni avtomobil;198;kabriolet;MAZDA MX-5 
93;1770;7.2;1;CHEVROLET;CW41-1142;CAPTIVA / 2.0 / DT 16V;Koreja. republika;KOR;osebni avtomobil;181;karavan;CAPTIVA 
93;1155;7.3;0;MAZDA;NC1882;MAZDA MX-5 / 1.8 / I;Japonska ;JPN;osebni avtomobil;196;kabriolet;MAZDA MX-5 
93;1872;7.4;1;OPEL;BD21-1A06A4AACA5;ANTARA / 2.0 / DT 16V;Nemcija;DEU;osebni avtomobil;178;karavan;ANTARA 
93;1947;7.5;1;OPEL;BD11-1A03A4AACA5;ANTARA / 2.0 / DT 16V;Nemcija;DEU;osebni avtomobil;180;karavan;ANTARA 
93.5;2075;10.4;1;CITROEN;ZBPMRB;JUMPER / KOMBI 33M 2.8 / HDi;Francija;FRA;osebni avtomobil;152;vecnamensko vozilo;JUMPER 
93.5;2075;10.4;1;CITROEN;ZBPMRB;JUMPER / KOMBI 33M 2.8 / HDi;Francija;FRA;osebni avtomobil;152;vozilo z dostopom za invalidski vozicek;JUMPER 
93.5;2075;10.4;1;CITROEN;ZBPMRB;JUMPER / KOMBI 33M 2.8 / HDi;Francija;FRA;osebni avtomobil;152;vozilo za posebne namene;JUMPER 
93.5;2155;10.6;1;CITROEN;ZAPMPA;JUMPER / KOMBI 29C 2.8 / HDi;Francija;FRA;osebni avtomobil;152;vecnamensko vozilo;JUMPER 
93.5;2155;9.6;1;PEUGEOT;ZAPMPA;BOXER / 2.8 / HDI;Francija;FRA;osebni avtomobil;152;vecnamensko vozilo;BOXER 
93.8;1334;6.6;0;HYUNDAI;A5P11-M61AX1;ELANTRA / 1.6 /;Koreja. republika;KOR;osebni avtomobil;200;limuzina;ELANTRA 
94;1460;10.1;0;SUZUKI;FTL52V;GRAND VITARA / 2.0 /;Japonska ;JPN;osebni avtomobil;160;limuzina;GRAND VITARA 
94;1420;10.1;0;SUZUKI;FTL52V-1;GRAND VITARA / 2.0 /;Japonska ;JPN;osebni avtomobil;160;karavan;GRAND VITARA 
94;1420;10.1;0;SUZUKI;FTL52V-1;GRAND VITARA / 2.0 /;Japonska ;JPN;osebni avtomobil;160;limuzina;GRAND VITARA 
94;1541;10.3;0;KIA;JA4-5535;SPORTAGE / 2.0 / 16V;Koreja. republika;KOR;osebni avtomobil;172;vecnamensko vozilo;SPORTAGE 
94;2330;10.4;1;CITROEN;ZBPMRBZ*****-;JUMPER / KOMBI 33MH2.8;Francija;FRA;osebni avtomobil;152;vozilo za posebne namene;JUMPER 
94;2075;10.4;1;CITROEN;ZBPMRB;JUMPER / KOMBI 33M2.8 / HDI;Francija;FRA;osebni avtomobil;152;vecnamensko vozilo;JUMPER 
94;2155;10.6;1;CITROEN;ZAPMPA;JUMPER / KOMBI 29C 2.8;Francija;FRA;osebni avtomobil;152;vecnamensko vozilo;JUMPER 
94;2075;10.6;1;FIAT;244BPMRB16;DUCATO / COMBINATO 2.8 / JTD;Italija;ITA;osebni avtomobil;152;vecnamensko vozilo;DUCATO 
94;2295;11.1;1;CITROEN;ZBPMPBHZ*****-;JUMPER / KOMBI 33MH2.8;Francija;FRA;osebni avtomobil;150;vecnamensko vozilo;JUMPER 
94;1391;3.7;1;KIA;JDB3D41-M66AZ1;CEED / 1.6 / D;Slovaöka;SVK;osebni avtomobil;197;vozilo z dviûnimi vrati zadaj;CEED 
94;1449;3.8;1;KIA;JDB5D41-M66CZ1;CEED / 1.6 / D;Slovaöka;SVK;osebni avtomobil;197;vozilo z dviûnimi vrati zadaj;CEED 
94;1403;3.8;1;KIA;JDB3D41-M66CZ1;CEED / 1.6 / D;Slovaöka;SVK;osebni avtomobil;197;vozilo z dviûnimi vrati zadaj;CEED 
94;1398;4.1;1;HYUNDAI;B5D31-M66BZ1;i 30 / 1.6 / CRDi;Ceöka republika;CZE;osebni avtomobil;197;vecnamensko vozilo;i 30 
94;1365;4.1;1;HYUNDAI;B5D31-M66BZ1;i 30 / 1.6 / CRDi;Ceöka republika;CZE;osebni avtomobil;197;vozilo z dviûnimi vrati zadaj;i 30 
94;1410;4.1;1;KIA;JDB3D31-M66DZ1;CEED / 1.6 / D;Slovaöka;SVK;osebni avtomobil;197;vozilo z dviûnimi vrati zadaj;CEED 
94;1399;4.1;1;KIA;JDB5D31-M65BZ1;CEED / 1.6 / D;Slovaöka;SVK;osebni avtomobil;197;vozilo z dviûnimi vrati zadaj;CEED 
94;1378;4.1;1;KIA;JDB3D31-M65BZ1;CEED / 1.6 / D;Slovaöka;SVK;osebni avtomobil;197;vozilo z dviûnimi vrati zadaj;CEED 
94;1401;4.2;1;HYUNDAI;F5D41-M66AZ1;i 30 CW / 1.6 / CRDi;Ceöka republika;CZE;osebni avtomobil;193;karavan;i 30 CW 
94;1221;4.2;1;HYUNDAI;F5D81-M62AY1;i 20 / 1.6 / CRDi;Indija;IND;osebni avtomobil;190;vecnamensko vozilo;i 20 
94;1445;4.2;1;KIA;JDC5D41-M65AZ1;CEED / 1.6 / D;Slovaöka;SVK;osebni avtomobil;193;karavan;CEED 
94;1466;4.3;1;HYUNDAI;B5D31-M66DZ1;i 30 / 1.6 / CRDi;Ceöka republika;CZE;osebni avtomobil;197;vecnamensko vozilo;i 30 
94;1443;4.3;1;HYUNDAI;F5D31-M66BZ1;i 30 CW / 1.6 / CRDi;Ceöka republika;CZE;osebni avtomobil;193;karavan;i 30 CW 
94;1365;4.3;1;HYUNDAI;B5D31-M66DZ1;I 30 / 1.6 / CRDI;Ceöka republika;CZE;osebni avtomobil;197;vozilo z dviûnimi vrati zadaj;I 30 
94;1448;4.3;1;KIA;JDB3D31-M65DZ1;CEED / 1.6 / D;Slovaöka;SVK;osebni avtomobil;197;vozilo z dviûnimi vrati zadaj;CEED 
94;1438;4.3;1;KIA;JDC5D31-M65BZ1;CEED / 1.6 / D;Slovaöka;SVK;osebni avtomobil;193;karavan;CEED 
94;1437;4.3;1;KIA;JDB5D31-M65DZ1;CEED / 1.6 / D;Slovaöka;SVK;osebni avtomobil;197;vozilo z dviûnimi vrati zadaj;CEED 
94;1415;4.3;1;KIA;JDB3D71-M65DZ1;CEED / 1.6 / D;Slovaöka;SVK;osebni avtomobil;197;vozilo z dviûnimi vrati zadaj;CEED 
94;1231;4.4;1;HYUNDAI;F5D41-M62BY1;I 20 / 1.6 / CRDI;Indija;IND;osebni avtomobil;190;vecnamensko vozilo;I 20 
94;1458;4.4;1;KIA;JDC5D41-M65DZ1;CEED / 1.6 / D;Slovaöka;SVK;osebni avtomobil;193;karavan;CEED 
94;1542;4.5;1;HYUNDAI;F5D31-M66DZ1;i 30 CW / 1.6 / CRDi;Ceöka republika;CZE;osebni avtomobil;193;karavan;i 30 CW 
94;1470;4.5;1;HYUNDAI;B5DC1-M62CZ1;i 30 / 1.6 / CRDi;Ceöka republika;CZE;osebni avtomobil;197;vecnamensko vozilo;i 30 
94;1484;4.5;1;KIA;JDC5D31-M65DZ1;CEED / 1.6 / D;Slovaöka;SVK;osebni avtomobil;193;karavan;CEED 
94;1393;4.5;1;KIA;EDB3DS1-M62AZ1;CEED / 1.6 / D;Slovaöka;SVK;osebni avtomobil;197;vecnamensko vozilo;CEED 
94;1375;4.5;1;KIA;EDB5DS1-M62AZ1;CEED / 1.6 / D;Slovaöka;SVK;osebni avtomobil;197;vecnamensko vozilo;CEED 
94;1367;4.5;1;KIA;EDB5DS1-M62BZ1;CEED / 1.6 / D;Slovaöka;SVK;osebni avtomobil;197;vecnamensko vozilo;CEED 
94;1363;4.5;1;KIA;EDB3DS1-M62BZ1;CEED / 1.6 / D;Slovaöka;SVK;osebni avtomobil;197;vecnamensko vozilo;CEED 
94;1442;4.6;1;KIA;EDF5DS1-M62AZ1;CEED / 1.6 / D;Slovaöka;SVK;osebni avtomobil;197;vecnamensko vozilo;CEED 
94;1517;4.7;1;HYUNDAI;F5DD1-M62CZ1;i 30 CW / 1.6 / CRDi;Ceöka republika;CZE;osebni avtomobil;197;vecnamensko vozilo;i 30 CW 
94;1382;4.7;1;HYUNDAI;F5D71-M63AZ1;ix20 / 1.6 / CRDi;Ceöka republika;CZE;osebni avtomobil;185;vecnamensko vozilo;ix20 
94;1428;4.7;1;KIA;EDF5DS1-M62BZ1;CEED / 1.6 / D;Slovaöka;SVK;osebni avtomobil;197;vecnamensko vozilo;CEED 
94;1400;4.7;1;KIA;YNSF5D71-M62AZ1;VENGA / 1.6 / D;Slovaöka;SVK;osebni avtomobil;185;vecnamensko vozilo;VENGA 
94;1393;4.9;1;KIA;YNF5D71-M62AZ1;VENGA / 1.6 / D;Ceöka republika;CZE;osebni avtomobil;185;vecnamensko vozilo;VENGA 
94;1345;4.9;1;KIA;AMF5D61-M63AZ1;SOUL / 1.6 / D;Koreja. republika;KOR;osebni avtomobil;180;vecnamensko vozilo;SOUL 
94;1429;5.2;1;KIA;AMF5D31-M53AZ1;SOUL / 1.6 / D;Koreja. republika;KOR;osebni avtomobil;182;vecnamensko vozilo;SOUL 
94;1385;5.5;1;KIA;JDB5D31-A61EZ1;CEED / 1.6 / D AUT.;Slovaöka;SVK;osebni avtomobil;186;vozilo z dviûnimi vrati zadaj;CEED 
94;1503;5.6;1;HYUNDAI;F5D31-A62EZ1;i 30 CW / 1.6 / CRDi AUT.;Ceöka republika;CZE;osebni avtomobil;185;karavan;i 30 CW 
94;1563;5.6;1;KIA;JDC5D31-A61EZ1;CEED / 1.6 / D AUT.;Slovaöka;SVK;osebni avtomobil;185;karavan;CEED 
94;1385;5.6;1;KIA;EDB5DS1-A43AZ1;CEED / 1.6 / D AUT.;Slovaöka;SVK;osebni avtomobil;186;vecnamensko vozilo;CEED 
94;1432;5.9;1;KIA;AMF5D61-A62BZ1;SOUL / 1.6 / D AUT.;Koreja. republika;KOR;osebni avtomobil;177;vecnamensko vozilo;SOUL 
94;1360;5.9;1;KIA;AMF5D61-A41BZ1;SOUL / 1.6 / D AUT.;Koreja. republika;KOR;osebni avtomobil;176;vecnamensko vozilo;SOUL 
94;2044;6.6;1;CITROEN;XDAHZ4;JUMPY / 2.0 / HDI L2;Francija;FRA;osebni avtomobil;170;vecnamensko vozilo;JUMPY 
94;2011;6.6;1;CITROEN;XDAHZ4;JUMPY / 2.0 / HDI L2;Francija;FRA;osebni avtomobil;170;vozilo z dostopom za invalidski vozicek;JUMPY 
94;1976;6.6;1;CITROEN;XCAHZ4;JUMPY / 2.0 / HDI L1;Francija;FRA;osebni avtomobil;170;vecnamensko vozilo;JUMPY 
94;2101;6.6;1;PEUGEOT;XDAHZ4;EXPERT / 2.0 / HDI L2;Francija;FRA;osebni avtomobil;170;vozilo z dostopom za invalidski vozicek;EXPERT 
94;1986;6.6;1;PEUGEOT;XDAHZ4;EXPERT / 2.0 / HDI L2;Francija;FRA;osebni avtomobil;170;vecnamensko vozilo;EXPERT 
94;1976;6.6;1;PEUGEOT;XCAHZ4;EXPERT / 2.0 / HDI L1;Francija;FRA;osebni avtomobil;170;vecnamensko vozilo;EXPERT 
94;1873;6.7;1;PEUGEOT;XBAHZ8/CU;EXPERT 2.0 / HDI L2H1;Francija;FRA;osebni avtomobil;170;vecnamensko vozilo;EXPERT 2.0 
94;1175;6.7;0;RENAULT;BRR0T6;CLIO / 1.6 / 16V;Francija;FRA;osebni avtomobil;197;vozilo z dviûnimi vrati zadaj;CLIO 
94;1225;6.9;0;RENAULT;BRA0T6;CLIO / 1.6 / 16V;Francija;FRA;osebni avtomobil;190;vozilo z dviûnimi vrati zadaj;CLIO 
94;1215;6.9;0;RENAULT;CRA0T6;CLIO / 1.6 / 16V;Francija;FRA;osebni avtomobil;190;vozilo z dviûnimi vrati zadaj;CLIO 
94;1783;7.3;1;CITROEN;EB4HW-G;C8 / 2.2 / HDI 16V;Francija;FRA;osebni avtomobil;182;vecnamensko vozilo;C8 
94;1783;7.3;1;CITROEN;EB4HWG;C 8 / 2.2;Francija;FRA;osebni avtomobil;180;limuzina;C 8 
94;1783;7.3;1;CITROEN;EB4HWG;C8 / 2.2 / HDi 16V;Francija;FRA;osebni avtomobil;180;vecnamensko vozilo;C8 
94;1783;7.3;1;CITROEN;EB4HWG;C8/2.2/HDI 16 V;Francija;FRA;osebni avtomobil;180;vecnamensko vozilo;C8
94;1783;7.3;1;CITROEN;EB4HWG;C 8 2.2;Francija;FRA;osebni avtomobil;180;vecnamensko vozilo;C 8 2.2
94;1783;7.3;1;CITROEN;EB4HWG;C 8 / 2.2;Francija;FRA;osebni avtomobil;180;vecnamensko vozilo;C 8 
94;1783;7.3;1;CITROEN;EB4HWG;C 8 22 HDI;Francija;FRA;osebni avtomobil;180;vecnamensko vozilo;C 8 22 HDI
94;1708;7.3;1;CITROEN;EB4-HWG;C8 / 2.2 / HDI;Francija;FRA;osebni avtomobil;189;vecnamensko vozilo;C8 
94;1708;7.3;1;FIAT;179BXC1B1A;ULYSSE / 2.2 / JTD;Italija;ITA;osebni avtomobil;180;vecnamensko vozilo;ULYSSE 
94;1825;7.3;1;LANCIA;179AXC1B1AL;PHEDRA / 2.2 / JTD;Italija;ITA;osebni avtomobil;180;vecnamensko vozilo;PHEDRA 
94;1708;7.3;1;LANCIA;179BXC1A3AL;PHEDRA / 2.2 / JTD;Italija;ITA;osebni avtomobil;182;vecnamensko vozilo;PHEDRA 
94;1708;7.3;1;LANCIA;179BXC1B1AL;PHEDRA / 2.2 / JTD;Italija;ITA;osebni avtomobil;180;vecnamensko vozilo;PHEDRA 
94;1825;7.3;1;PEUGEOT;EB4HWG;807 / 2.2 / HDI;Francija;FRA;osebni avtomobil;180;vecnamensko vozilo;807
94;1783;7.3;1;PEUGEOT;EB4HWG;807 / 2.2;Francija;FRA;osebni avtomobil;180;limuzina;807
94;1825;7.4;1;CITROEN;EA4HWB;C8 / 2.2 / HDi 16V;Francija;FRA;osebni avtomobil;182;vecnamensko vozilo;C8 
94;1783;7.4;1;CITROEN;EB4HWBE*****-E*4HW*;C 8 / 2.2;Francija;FRA;osebni avtomobil;182;vecnamensko vozilo;C 8 
94;1783;7.4;1;CITROEN;E;C 8 / 2.2;Francija;FRA;osebni avtomobil;182;limuzina;C 8 
94;1783;7.4;1;CITROEN;EB-4HWB;C8 / 2.2 / HDI;Francija;FRA;osebni avtomobil;182;vecnamensko vozilo;C8 
94;1783;7.4;1;CITROEN;EB4HW-G;C8 / 2.2 / HDI 16V;Francija;FRA;osebni avtomobil;180;vecnamensko vozilo;C8 
94;1783;7.4;1;FIAT;179BXC1A-3A;ULYSSE / 2.2 / JTD;Italija;ITA;osebni avtomobil;182;vecnamensko vozilo;ULYSSE 
94;1708;7.4;1;FIAT;179BXC1A3A-P5;ULYSSE / 2.2 / JTD;Italija;ITA;osebni avtomobil;182;vecnamensko vozilo;ULYSSE 
94;1783;7.4;1;LANCIA;179BXC1A-2AL;PHEDRA / 2.2;Italija;ITA;osebni avtomobil;182;vecnamensko vozilo;PHEDRA 
94;1766;7.4;1;LANCIA;179BXC1A2AL;PHEDRA / 2.2 / JTD;Italija;ITA;osebni avtomobil;182;vecnamensko vozilo;PHEDRA 
94;1708;7.4;1;LANCIA;179BXC1A3AL;PHEDRA / 2.2 / JTD;Italija;ITA;osebni avtomobil;182;vecnamensko vozilo;PHEDRA 
94;1783;7.4;1;PEUGEOT;EB4HW-B;807 / 2.2 / HDI;Francija;FRA;osebni avtomobil;182;vecnamensko vozilo;807
94;1385;8.3;0;SUZUKI;FT-L52V-1;VITARA / 2.0;Japonska ;JPN;osebni avtomobil;150;limuzina;VITARA 
94;1430;8.4;0;HONDA;RD1;CRV / 2.0 / I;Japonska ;JPN;osebni avtomobil;174;limuzina;CRV 
94;1315;8.9;0;TOYOTA;XA1-SXA10Z;RAV4 / 2.0;Japonska ;JPN;osebni avtomobil;170;vecnamensko vozilo;RAV4 
94;1240;8.9;0;TOYOTA;XA1-SXA10Z;RAV4 / 2.0;Japonska ;JPN;osebni avtomobil;170;limuzina;RAV4 
94;1515;9.2;0;SUZUKI;FTL52V-2;GRAND VITARA / 2.0;Japonska ;JPN;osebni avtomobil;160;limuzina;GRAND VITARA 
94;1303;9.4;0;TOYOTA;XA1 SXA11W  SXA11L AWMGKW 12;RAV 4 / 2.0 /;Japonska ;JPN;osebni avtomobil;170;limuzina;RAV 4 
94;1275;9.4;0;TOYOTA;XA1;RAV 4 / 2.0;Japonska ;JPN;osebni avtomobil;167;limuzina;RAV 4 
94;2080;9.6;1;FIAT;244APMPA06;DUCATO / PANORAMA 2.8 / JTD;Italija;ITA;osebni avtomobil;152;vecnamensko vozilo;DUCATO 
94;1378;9.6;0;TOYOTA;SXA11L-AWMGKW;RAV 4 / 2.0 /;Japonska ;JPN;osebni avtomobil;170;limuzina;RAV 4 
94;1378;9.6;0;TOYOTA;SXA11L-AWMGKW;RAV4 / 2.0 /;Japonska ;JPN;osebni avtomobil;170;limuzina;RAV4 
94;1378;9.6;0;TOYOTA;SXA11L-AWMGKW;RAV 4 / 2.0;Japonska ;JPN;osebni avtomobil;167;limuzina;RAV 4 
94;1355;9.6;0;TOYOTA;SXA11L-AWMGKW;RAV 4 / 2.0 /;Japonska ;JPN;osebni avtomobil;166;limuzina;RAV 4 
94;1315;9.6;0;TOYOTA;SXA10L-AZMGKW;RAV 4 / 2.0 /;Japonska ;JPN;osebni avtomobil;170;limuzina;RAV 4 
94;1275;9.6;0;TOYOTA;SXA10L-AZMGKW;RAV 4 / 2.0 /;Japonska ;JPN;osebni avtomobil;167;limuzina;RAV 4 
94;1040;9.7;0;ALFA ROMEO;115.38;SPIDER / 2000 I;Italija;ITA;osebni avtomobil;180;kabriolet;SPIDER 
95;2320;11.5;1;NISSAN;Y61;PATROL / GR / 2.8;Japonska ;JPN;osebni avtomobil;155;limuzina;PATROL 
95;2640;11.9;1;MERCEDES BENZ;KNMC1319N-NFC15UA9;SPRINTER / 213 / CDI AUT.;Nemcija;DEU;osebni avtomobil;149;vozilo za posebne namene;SPRINTER 
95;1350;4.8;0;HONDA;FC FK601-2;CIVIC / 1.0 /;Zdruûeno kraljestvo;GBR;osebni avtomobil;203;vozilo z dviûnimi vrati zadaj;CIVIC 
95;1368;5.1;0;HONDA;FC FK601-3;CIVIC / 1.0 /;Zdruûeno kraljestvo;GBR;osebni avtomobil;203;vozilo z dviûnimi vrati zadaj;CIVIC 
95;1657;5.1;1;MAZDA;GHA9C6;MAZDA 6 / KARAVAN 2.2 / D LP;Japonska ;JPN;osebni avtomobil;193;karavan;MAZDA 6 
95;1561;5.1;1;MAZDA;GHA4C6;MAZDA 6 / 2.2 / D LP;Japonska ;JPN;osebni avtomobil;195;vozilo z dviûnimi vrati zadaj;MAZDA 6 
95;1657;5.2;1;MAZDA;GHA9C6;MAZDA 6 / KARAVAN 2.2 / D LP;Japonska ;JPN;osebni avtomobil;193;karavan;MAZDA 6 
95;1593;5.2;1;MAZDA;GHA4C6;MAZDA 6 / 2.2 / D LP;Japonska ;JPN;osebni avtomobil;195;vozilo z dviûnimi vrati zadaj;MAZDA 6 
95;1255;5.4;0;SUZUKI;JYAD2S-MT;SX4 / 1.4 / MHEV;Madûarska;HUN;osebni avtomobil;190;vozilo z dviûnimi vrati zadaj;SX4 
95;1240;5.4;0;SUZUKI;LYDD1S-MT;VITARA / 1.4 / MHEV;Madûarska;HUN;osebni avtomobil;190;vozilo z dviûnimi vrati zadaj;VITARA 
95;1095;5.6;0;SUZUKI;AZCC3S-MT;SWIFT / 1.4 / SPORT / MHEV;Japonska ;JPN;osebni avtomobil;210;vozilo z dviûnimi vrati zadaj;SWIFT 
95;1240;5.7;0;SUZUKI;LYDD1S-MT;VITARA / 1.4 / MHEV;Madûarska;HUN;osebni avtomobil;190;vozilo z dviûnimi vrati zadaj;VITARA 
95;1585;5.8;1;ROVER;RJZLHP;75 / 2.0 / CDT;Zdruûeno kraljestvo;GBR;osebni avtomobil;193;limuzina;75
95;1440;5.9;0;MERCEDES BENZ;R04QT0-BZAA052A;C / 160 /;Nemcija;DEU;osebni avtomobil;216;limuzina;C 
95;1340;5.9;0;SUZUKI;JYBD2S-MT;SX4 / 1.4 / 4WD / MHEV;Madûarska;HUN;osebni avtomobil;190;vozilo z dviûnimi vrati zadaj;SX4 
95;1320;5.9;0;SUZUKI;LYED1S-MT;VITARA / 1.4 / 4WD / MHEV;Madûarska;HUN;osebni avtomobil;190;vozilo z dviûnimi vrati zadaj;VITARA 
95;1365;6.2;0;SUZUKI;JYBD2S-AT;SX4 / 1.4 / 4WD / AUT. / MHEV;Madûarska;HUN;osebni avtomobil;190;vozilo z dviûnimi vrati zadaj;SX4 
95;1340;6.2;0;SUZUKI;JYBD2S-MT;SX4 / 1.4 / 4WD / MHEV;Madûarska;HUN;osebni avtomobil;190;vozilo z dviûnimi vrati zadaj;SX4 
95;1320;6.2;0;SUZUKI;LYED1S-MT;VITARA / 1.4 / 4WD;Madûarska;HUN;osebni avtomobil;190;vozilo z dviûnimi vrati zadaj;VITARA 
95;1345;6.3;0;SUZUKI;LYED1S-AT;VITARA / 1.4 / 4WD / AUT. / MHEV;Madûarska;HUN;osebni avtomobil;190;vozilo z dviûnimi vrati zadaj;VITARA 
95;1625;6.5;0;VOLVO;XXZL4-XZL4VD0;XC40 / 1.5 / T / AUT. FWD;ävedska;SWE;osebni avtomobil;180;karavan;XC40 
95;1604;6.6;1;SUZUKI;JTA44V-MT;GRAND VITARA / 1.9 / TD;Japonska ;JPN;osebni avtomobil;170;karavan;GRAND VITARA 
95;1590;6.6;1;SUZUKI;JT-D44V-5MT;GRAND VITARA / 1.9 / D;Japonska ;JPN;osebni avtomobil;150;vecnamensko vozilo;GRAND VITARA 
95;1495;6.6;1;SUZUKI;JT-A-44V;GRAND VITARA /1.9 / TDI;Japonska ;JPN;osebni avtomobil;170;vecnamensko vozilo;GRAND VITARA 
95;1590;6.7;1;SUZUKI;JTA44V-C1;GRAND VITARA / 1.9 / TD;Japonska ;JPN;osebni avtomobil;170;karavan;GRAND VITARA 
95;1570;6.8;1;MERCEDES BENZ;210.017-J017A0TGBA250;E / 290 / TURBODIESEL AUT.;Nemcija;DEU;osebni avtomobil;195;limuzina;E 
95;1540;6.8;1;MERCEDES BENZ;210.017-J017A0TGBA250;E / 290 / TURBODIESEL;Nemcija;DEU;osebni avtomobil;195;limuzina;E 
95;1729;6.8;1;SUZUKI;JTD44V-MT;GRAND VITARA / 1.9 / TD;Japonska ;JPN;osebni avtomobil;170;karavan;GRAND VITARA 
95;1777;7.1;1;RENAULT;JE0K-L5;ESPACE / 2.2;Francija;FRA;osebni avtomobil;185;limuzina;ESPACE 
95;1737;7.1;1;RENAULT;JE0K-05;ESPACE / 2.2 / DCI;Francija;FRA;osebni avtomobil;185;vecnamensko vozilo;ESPACE 
95;1420;7.2;0;TOYOTA;ZZT251L-AWMEKW(1D);AVENSIS / COMBI 1.8 /;Zdruûeno kraljestvo;GBR;osebni avtomobil;200;karavan;AVENSIS 
95;1405;7.2;0;TOYOTA;ZZT251L-ALMEKW(1D);AVENSIS / 1.8;Zdruûeno kraljestvo;GBR;osebni avtomobil;200;vozilo z dviûnimi vrati zadaj;AVENSIS 
95;1395;7.2;0;TOYOTA;ZZT251L-AEMEKW(1D);AVENSIS / 1.8 /;Zdruûeno kraljestvo;GBR;osebni avtomobil;200;limuzina;AVENSIS 
95;1395;7.2;0;TOYOTA;ZZT251L-AWMEKW;AVENSIS / 1.8 /;Zdruûeno kraljestvo;GBR;osebni avtomobil;200;karavan;AVENSIS 
95;1390;7.2;0;TOYOTA;ZZT251L-AWMEKW(1K);AVENSIS / COMBI 1.8 /;Zdruûeno kraljestvo;GBR;osebni avtomobil;200;karavan;AVENSIS 
95;1370;7.2;0;TOYOTA;ZZT251L-AEMEKW(1A);AVENSIS / 1.8 /;Zdruûeno kraljestvo;GBR;osebni avtomobil;200;limuzina;AVENSIS 
95;1355;7.2;0;TOYOTA;ZZT251L-AEMEKW(1J);AVENSIS / 1.8 /;Zdruûeno kraljestvo;GBR;osebni avtomobil;200;limuzina;AVENSIS 
95;1295;7.2;0;TOYOTA;ZZT251L-AWMEKW(1C);AVENSIS / COMBI 1.8 /;Zdruûeno kraljestvo;GBR;osebni avtomobil;200;karavan;AVENSIS 
95;1270;7.2;0;TOYOTA;ZZT251L-AEMEKW(1C);AVENSIS / 1.8 /;Zdruûeno kraljestvo;GBR;osebni avtomobil;200;limuzina;AVENSIS 
95;1435;7.3;0;BMW;390LVA51-01;318 / I /;Nemcija;DEU;osebni avtomobil;208;limuzina;318
95;1435;7.3;0;BMW;VA51-01;318 / / I;Nemcija;DEU;osebni avtomobil;206;limuzina;318
95;1325;7.3;0;BMW;187UF31-01;118 / I;Nemcija;DEU;osebni avtomobil;208;vozilo z dviûnimi vrati zadaj;118
95;1305;7.3;0;BMW;187UF31-01;118 / I;Nemcija;DEU;osebni avtomobil;206;vozilo z dviûnimi vrati zadaj;118
95;1305;7.3;0;BMW;UF31-31;118 / / I;Nemcija;DEU;osebni avtomobil;200;vozilo z dviûnimi vrati zadaj;118
95;2585;7.4;1;MERCEDES BENZ;906AC30KNMC1319N-MEB14VA9;SPRINTER / 213 / CDI;Nemcija;DEU;osebni avtomobil;150;vecnamensko vozilo;SPRINTER 
95;1665;7.4;1;SUZUKI;JTD44V-5MT;GRAND VITARA / 1.9 / TD;Japonska ;JPN;osebni avtomobil;170;karavan;GRAND VITARA 
95;1570;7.4;1;SUZUKI;JTA44V;GRAND VITARA / 1.9 / TD M1G;Japonska ;JPN;osebni avtomobil;170;karavan;GRAND VITARA 
95;1625;7.4;0;VOLVO;XXZL4-XZL4VD0;XC40 / 1.5 / T / AUT. FWD;ävedska;SWE;osebni avtomobil;180;karavan;XC40 
95;1460;7.5;0;TOYOTA;ZNR11L-GRGEKW(1F);COROLLA VERSO / 1.8 / AUT.;Turcija;TUR;osebni avtomobil;195;vecnamensko vozilo;COROLLA VERSO 
95;1505;7.6;0;BMW;VR51-01;318 / TOURING / i;Nemcija;DEU;osebni avtomobil;206;karavan;318
95;1680;7.6;1;SUZUKI;JTD44V-5MT;GRAND VITARA / 1.9 / TD;Japonska ;JPN;osebni avtomobil;170;karavan;GRAND VITARA 
95;1665;7.6;1;SUZUKI;JTD44V5MT;GRAND VITARA / 1.9 / TD;Japonska ;JPN;osebni avtomobil;170;karavan;GRAND VITARA 
95;1665;7.7;1;SUZUKI;JTD44V-5MT;GRAND VITARA / 1.9 / TD M1G;Japonska ;JPN;osebni avtomobil;170;karavan;GRAND VITARA 
95;1505;7.7;0;TOYOTA;ZNR11L-GRMEKW(1B);COROLLA VERSO / 1.8 /;Turcija;TUR;osebni avtomobil;195;karavan;COROLLA VERSO 
95;1505;7.7;0;TOYOTA;ZNR11L-GRMEKW(1B);COROLLA / VERSO 1.8;Turcija;TUR;osebni avtomobil;195;karavan;COROLLA 
95;1485;7.7;0;TOYOTA;ZNR11L-GRMDKW(1B);COROLLA VERSO / 1.8 /;Turcija;TUR;osebni avtomobil;195;karavan;COROLLA VERSO 
95;1485;7.7;0;TOYOTA;ZNR11L-GRMDKW(1B);COROLLA / VERSO 1.8;Japonska ;JPN;osebni avtomobil;195;karavan;COROLLA 
95;1455;7.7;0;TOYOTA;ZNR11L-GRMEKW(1G);COROLLA VERSO / 1.8 /;Turcija;TUR;osebni avtomobil;195;vecnamensko vozilo;COROLLA VERSO 
95;1450;7.7;0;TOYOTA;ZNR11L-GRMEKW(1D);COROLLA VERSO / 1.8 /;Turcija;TUR;osebni avtomobil;195;vecnamensko vozilo;COROLLA VERSO 
95;1435;7.7;0;TOYOTA;ZNR11L-GWMEKW(1G);COROLLA VERSO / 1.8 /;Turcija;TUR;osebni avtomobil;195;karavan;COROLLA VERSO 
95;1430;7.7;0;TOYOTA;ZNR11L-GWMEKW(1D);COROLLA VERSO / 1.8 /;Turcija;TUR;osebni avtomobil;195;karavan;COROLLA VERSO 
95;1430;7.7;0;TOYOTA;ZNR11L-GWMEKW(1B);COROLLA / VERSO 1.8;Turcija;TUR;osebni avtomobil;195;karavan;COROLLA 
95;1375;7.7;0;TOYOTA;ZNR11L-GRMEKW(1A);COROLLA / VERSO 1.8;Turcija;TUR;osebni avtomobil;195;karavan;COROLLA 
95;1365;7.7;0;TOYOTA;ZNR11L-GRMDKW(1A);COROLLA VERSO / 1.8 /;Turcija;TUR;osebni avtomobil;195;karavan;COROLLA VERSO 
95;1365;7.7;0;TOYOTA;ZNR11L-GRMDKW(1A);COROLLA / VERSO 1.8;Turcija;TUR;osebni avtomobil;195;karavan;COROLLA 
95;1465;7.9;0;BMW;390LVA51-02;318 / I AUT.;Nemcija;DEU;osebni avtomobil;206;limuzina;318
95;2358;8.4;1;MERCEDES BENZ;906AC30KNMC1319N-MEC15VA9;SPRINTER / 213 / CDI;Nemcija;DEU;osebni avtomobil;151;vecnamensko vozilo;SPRINTER 
95;1960;8.4;1;MERCEDES BENZ;902;SPRINTER / 213 / CDI;Nemcija;DEU;osebni avtomobil;155;vecnamensko vozilo;SPRINTER 
95;1385;8.6;0;MERCEDES BENZ;H0;C / 180;Nemcija;DEU;osebni avtomobil;190;limuzina;C 
95;1465;8.6;0;MITSUBISHI;H60W;PAJERO / PININ / 2.0 / GDI;Japonska ;JPN;osebni avtomobil;170;karavan;PAJERO 
95;820;8.7;0;VOLKSWAGEN;17;GOLF / JGL;Nemcija;DEU;osebni avtomobil;151;vozilo z dviûnimi vrati zadaj;GOLF 
95;1360;8.8;0;BMW;VA-51;318 / I;Nemcija;DEU;osebni avtomobil;198;limuzina;318
95;1485;9.4;0;MERCEDES BENZ;203;C / 180;Nemcija;DEU;osebni avtomobil;207;limuzina;C 
95;1465;9.5;0;MITSUBISHI;H60W-H221;PAJERO PININ / 2.0 / GDI;Japonska ;JPN;osebni avtomobil;170;limuzina;PAJERO PININ 
95;1465;9.5;0;MITSUBISHI;H221-LKK77NN15;PAJERO PININ / 2.0 / GDI;Japonska ;JPN;osebni avtomobil;170;karavan;PAJERO PININ 
95;1390;9.5;0;MITSUBISHI;H60W;PAJERO PININ / 2.0 / GDI;Japonska ;JPN;osebni avtomobil;170;limuzina;PAJERO PININ 
95;1390;9.5;0;MITSUBISHI;H221-LKK77NN15;PAJERO PININ / 2.0 /;Japonska ;JPN;osebni avtomobil;155;karavan;PAJERO PININ 
95;1375;9.5;0;MITSUBISHI;H60W;PAJERO PININ / 1.8 / GDI;Japonska ;JPN;osebni avtomobil;170;limuzina;PAJERO PININ 
95;1455;9.6;0;MERCEDES BENZ;203;C / 180;Nemcija;DEU;osebni avtomobil;210;limuzina;C 
95;1378;9.6;0;TOYOTA;SXA11L-AWMGKW;RAV4 / 2.0 /;Japonska ;JPN;osebni avtomobil;170;limuzina;RAV4 
95;1100;9.6;0;TOYOTA;10L-AZMGKW;RAV 4 / 2.0 GX /;Belgija;BEL;osebni avtomobil;170;limuzina;RAV 4 
95.6;2594;9.1;1;FORD;FAD-BKFA1ECX-G9FGBSADCAFYA;TRANSIT KOMBI 2.0 EB 96 350 L2H2 HEA A6;Nemcija;DEU;osebni avtomobil;148;vozilo z dostopom za invalidski vozicek;TRANSIT KOMBI 2.0 EB 96 350 L2H2 HEA A6
96;890;10.8;0;LANCIA;831AB0/7;DELTA / 1300 /;Italija;ITA;osebni avtomobil;165;vozilo z dviûnimi vrati zadaj;DELTA 
96;1360;10.8;0;SAAB;DHGH-M4;9000 / CS 2.0 /I;ävedska;SWE;osebni avtomobil;200;vozilo z dviûnimi vrati zadaj;9000
96;1107;12.1;0;ALFA ROMEO;-;2000 / SPIDER VELOCE;Italija;ITA;osebni avtomobil;195;kabriolet;2000
96;1613;3.7;1;OPEL;CAFJC11-BA1L2JKFA5;ASTRA / 1.7 / DTI 16V;Nemcija;DEU;osebni avtomobil;201;vecnamensko vozilo;ASTRA 
96;1571;3.7;1;OPEL;AAFJC12-BA2K2JKFA5;ASTRA / 1.7 / DTI;Nemcija;DEU;osebni avtomobil;206;limuzina;ASTRA 
96;1571;3.7;1;OPEL;CAFJC12-BA1K2JKFA5;ASTRA / 1.7 / DTI;Nemcija;DEU;osebni avtomobil;201;vecnamensko vozilo;ASTRA 
96;1394;3.7;1;PEUGEOT;LCYHZR-R2F000;308 / BREAK 1.5 / HDI AUT.;Francija;FRA;osebni avtomobil;205;vecnamensko vozilo;308
96;1370;3.7;1;PEUGEOT;LCYHZP-R2F000;308 / BREAK 1.5 / HDI;Francija;FRA;osebni avtomobil;203;vecnamensko vozilo;308
96;1394;3.9;1;PEUGEOT;LCYHZR-R2B000;308 / BREAK 1.5 / HDI AUT.;Francija;FRA;osebni avtomobil;205;vecnamensko vozilo;308
96;1620;3.9;1;RENAULT;RFDLH4A4661A210000;TALISMAN / 1.6 / DCI;Francija;FRA;osebni avtomobil;205;limuzina;TALISMAN 
96;1584;3.9;1;RENAULT;RFDLH2A4661A210000;TALISMAN / 1.6 / DCI;Francija;FRA;osebni avtomobil;205;limuzina;TALISMAN 
96;1578;3.9;1;RENAULT;RFDLH2A4661A110000;TALISMAN / 1.6 / DCI;Francija;FRA;osebni avtomobil;205;limuzina;TALISMAN 
96;1621;4.1;1;PEUGEOT;MCYHZR-S2B000;5008 / 1.5 / HDI AUT.;Francija;FRA;osebni avtomobil;190;vecnamensko vozilo;5008
96;1580;4.1;1;PEUGEOT;MCYHZR-C2B000;3008 / 1.5 / HDI AUT.;Francija;FRA;osebni avtomobil;192;vecnamensko vozilo;3008
96;1505;4.1;1;PEUGEOT;MCYHZR-C2F000;3008 / 1.5 / HDI AUT.;Francija;FRA;osebni avtomobil;192;vecnamensko vozilo;3008
96;1498;4.1;1;PEUGEOT;MCYHZJ-C2F000;3008 / 1.5 / HDI;Francija;FRA;osebni avtomobil;192;vecnamensko vozilo;3008
96;1701;4.2;1;OPEL;DL11-4AADA5AGAEJ5;INSIGNIA / 2.0 / DT 16V;Nemcija;DEU;osebni avtomobil;205;vecnamensko vozilo;INSIGNIA 
96;1571;4.2;1;OPEL;CAFHF12-BA1K2JDJA5;ASTRA / 1.7 / DTI;Nemcija;DEU;osebni avtomobil;198;vecnamensko vozilo;ASTRA 
96;1505;4.2;1;PEUGEOT;MCYHZJ-S2B000;5008 / 1.5 / HDI;Francija;FRA;osebni avtomobil;191;vecnamensko vozilo;5008
96;1498;4.2;1;PEUGEOT;MCYHZJ-C2B000;3008 / 1.5 / HDI;Francija;FRA;osebni avtomobil;192;vecnamensko vozilo;3008
96;1657;4.2;1;RENAULT;RFDKH4A4661A210000;TALISMAN GRANDTOUR / 1.6 / DCI;Francija;FRA;osebni avtomobil;200;karavan;TALISMAN GRANDTOUR 
96;1621;4.2;1;RENAULT;RFDKH2A4661A210000;TALISMAN GRANDTOUR / 1.6 / DCI;Francija;FRA;osebni avtomobil;200;karavan;TALISMAN GRANDTOUR 
96;1592;4.2;1;RENAULT;RFDLH2A4A61A110000;TALISMAN / 1.6 / DCI AUT.;Francija;FRA;osebni avtomobil;205;limuzina;TALISMAN 
96;1579;4.2;1;RENAULT;RFDKH2A4661A110000;TALISMAN GRANDTOUR / 1.6 / DCI;Francija;FRA;osebni avtomobil;200;karavan;TALISMAN GRANDTOUR 
96;1701;4.3;1;OPEL;DL11-4AADA5AGAEJ5;INSIGNIA / 2.0 / DT 16V;Nemcija;DEU;osebni avtomobil;205;vecnamensko vozilo;INSIGNIA 
96;1664;4.3;1;OPEL;BL11-4AACB9CDAEJ5;INSIGNIA / 2.0 / DT 16V;Nemcija;DEU;osebni avtomobil;205;vecnamensko vozilo;INSIGNIA 
96;1613;4.3;1;OPEL;DAFHF12-BA1L2JDJA5;ASTRA / CAR. 1.7 / DTI 16V;Nemcija;DEU;osebni avtomobil;195;karavan;ASTRA 
96;1571;4.3;1;OPEL;AAFHC12-BA2K2JDJA5;ASTRA / 1.7 / DTI 16V;Nemcija;DEU;osebni avtomobil;203;limuzina;ASTRA 
96;1571;4.3;1;OPEL;CAFHC12-BA1K2JDJA5;ASTRA / 1.7 / DTI 16V;Nemcija;DEU;osebni avtomobil;198;vecnamensko vozilo;ASTRA 
96;1505;4.3;1;OPEL;ECYHZJ-A2F000;COMBO LIFE / 1.5 / CDTI;Nemcija;DEU;osebni avtomobil;186;vecnamensko vozilo;COMBO LIFE 
96;1503;4.3;1;OPEL;CAFHC12-BA1J3JDJA5;ASTRA / 1.7 / DTI 16V;Nemcija;DEU;osebni avtomobil;198;vecnamensko vozilo;ASTRA 
96;1435;4.3;1;OPEL;ZCYHZJ-C2B000;GRANDLAND X / 1.5 / CDTI;Nemcija;DEU;osebni avtomobil;195;vecnamensko vozilo;GRANDLAND X 
96;1590;4.3;1;RENAULT;RFEHH2A46ABA005000;KADJAR / 1.6 / DCI;Francija;FRA;osebni avtomobil;190;karavan;KADJAR 
96;1589;4.4;1;NISSAN;J11BB03;QASHQAI / 1.6 / DCI;Zdruûeno kraljestvo;GBR;osebni avtomobil;190;vecnamensko vozilo;QASHQAI 
96;1574;4.4;1;NISSAN;J11-B03;QASHQAI / 1.6 / DCI;Zdruûeno kraljestvo;GBR;osebni avtomobil;190;vecnamensko vozilo;QASHQAI 
96;1572;4.4;1;NISSAN;J11BB73;QASHQAI / 1.6 / DCI;Zdruûeno kraljestvo;GBR;osebni avtomobil;190;vecnamensko vozilo;QASHQAI 
96;1701;4.4;1;OPEL;DL11-4AADA5AGAEJ5;INSIGNIA / 2.0 / DT 16V;Nemcija;DEU;osebni avtomobil;205;vecnamensko vozilo;INSIGNIA 
96;1664;4.4;1;OPEL;BL11-4AACB9CDAEJ5;INSIGNIA / 2.0 / DT 16V;Nemcija;DEU;osebni avtomobil;205;vecnamensko vozilo;INSIGNIA 
96;1664;4.4;1;OPEL;DBFHC11-BA1M3JDJA5;ASTRA / CAR. 1.7 / DTI 16V;Nemcija;DEU;osebni avtomobil;195;karavan;ASTRA 
96;1613;4.4;1;OPEL;DAFHC11-BA1L2JDJA5;ASTRA / CAR. 1.7 / DTI 16V;Nemcija;DEU;osebni avtomobil;195;karavan;ASTRA 
96;1613;4.4;1;OPEL;DAFHC12-BA1L2JDJA5;ASTRA / CAR. 1.7 / DTI 16V;Nemcija;DEU;osebni avtomobil;194;karavan;ASTRA 
96;1773;4.4;1;RENAULT;RFCJD2A46A00007000;ESPACE / 1.6 / DCI;Francija;FRA;osebni avtomobil;191;vozilo z dviûnimi vrati zadaj;ESPACE 
96;1733;4.4;1;RENAULT;RFCJD2A46A00005000;ESPACE / 1.6 / DCI;Francija;FRA;osebni avtomobil;191;vozilo z dviûnimi vrati zadaj;ESPACE 
96;1701;4.4;1;RENAULT;JZ00BD;GRAND SCENIC / 1.6 / DCI;Francija;FRA;osebni avtomobil;195;vecnamensko vozilo;GRAND SCENIC 
96;1676;4.4;1;RENAULT;RFDKH2A4A61A110000;TALISMAN GRANDTOUR / 1.6 / DCI AUT.;Francija;FRA;osebni avtomobil;200;karavan;TALISMAN GRANDTOUR 
96;1671;4.4;1;RENAULT;JZ00AD;GRAND SCENIC / 1.6 / DCI;Francija;FRA;osebni avtomobil;195;vozilo z dviûnimi vrati zadaj;GRAND SCENIC 
96;1614;4.4;1;RENAULT;JZ03BH;GRAND SCENIC / 1.6 / DCI;Francija;FRA;osebni avtomobil;195;vecnamensko vozilo;GRAND SCENIC 
96;1612;4.4;1;RENAULT;JZ03AH;GRAND SCENIC / 1.6 / DCI;Francija;FRA;osebni avtomobil;195;vozilo z dviûnimi vrati zadaj;GRAND SCENIC 
96;1609;4.4;1;RENAULT;JZ00B6;GRAND SCENIC / 1.6 / DCI;Francija;FRA;osebni avtomobil;195;vecnamensko vozilo;GRAND SCENIC 
96;1604;4.4;1;RENAULT;RFDLH2A4A61A210000;TALISMAN / 1.6 / DCI AUT.;Francija;FRA;osebni avtomobil;205;limuzina;TALISMAN 
96;1604;4.4;1;RENAULT;JZ00A6;GRAND SCENIC / 1.6 / DCI;Francija;FRA;osebni avtomobil;195;vozilo z dviûnimi vrati zadaj;GRAND SCENIC 
96;1599;4.4;1;RENAULT;JZNAA6;GRAND SCENIC / 1.6 / DCI;Francija;FRA;osebni avtomobil;195;vozilo z dviûnimi vrati zadaj;GRAND SCENIC 
96;1574;4.4;1;RENAULT;RFDLH4A4A61A210000;TALISMAN / 1.6 / DCI AUT.;Francija;FRA;osebni avtomobil;205;limuzina;TALISMAN 
96;1506;4.4;1;RENAULT;JZNAJ6;SCENIC / 1.6 / DCI;Francija;FRA;osebni avtomobil;195;vozilo z dviûnimi vrati zadaj;SCENIC 
96;1505;4.4;1;RENAULT;JZNA06;SCENIC / 1.6 / DCI;Francija;FRA;osebni avtomobil;195;vozilo z dviûnimi vrati zadaj;SCENIC 
96;1490;4.4;1;RENAULT;JZ030H;SCENIC / 1.6 / DCI;Francija;FRA;osebni avtomobil;195;vozilo z dviûnimi vrati zadaj;SCENIC 
96;1620;4.5;1;CHEVROLET;JWGS1/GL5;CRUZE / 1.7 / DTI 16V;Koreja. republika;KOR;osebni avtomobil;200;karavan;CRUZE 
96;1565;4.5;1;CHEVROLET;JHG11-GL5;CRUZE / 1.7 / DTI 16V;Koreja. republika;KOR;osebni avtomobil;200;vozilo z dviûnimi vrati zadaj;CRUZE 
96;1562;4.5;1;CHEVROLET;JNG11-GL5;CRUZE / 1.7 / DTI 16V;Koreja. republika;KOR;osebni avtomobil;200;limuzina;CRUZE 
96;1526;4.5;1;CHEVROLET;BNYXFXX-C77DCXCXCCB;TRAX / 1.7 / DTI /;Koreja. republika;KOR;osebni avtomobil;186;karavan;TRAX 
96;1470;4.5;1;CHEVROLET;BNYXFXX-D77DDXDXDDB;TRAX / 1.7 / DTI / AUT;Koreja. republika;KOR;osebni avtomobil;183;karavan;TRAX 
96;1417;4.5;1;CITROEN;BBYHZB-A2AF00;C4 / 1.5 / HDI AUT.;Francija;FRA;osebni avtomobil;206;vozilo z dviûnimi vrati zadaj;C4 
96;1165;4.5;0;DS;SAHNYM/S;DS3 / 1.2 /;Francija;FRA;osebni avtomobil;204;vozilo z dviûnimi vrati zadaj;DS3 
96;1529;4.5;1;NISSAN;J10-K01;QASHQAI / 1.6 / DCI;Zdruûeno kraljestvo;GBR;osebni avtomobil;190;karavan;QASHQAI 
96;1843;4.5;1;OPEL;FL11-4A12C8BFAEH5;INSIGNIA / CAR. 2.0 / DT 16V;Nemcija;DEU;osebni avtomobil;200;karavan;INSIGNIA 
96;1843;4.5;1;OPEL;ECHAC11-BA2R5FPFA5;ZAFIRA / 2.0 / DTI 16V;Nemcija;DEU;osebni avtomobil;193;karavan;ZAFIRA 
96;1843;4.5;1;OPEL;EAHAC12-BA2R5FPFA7;ZAFIRA / 2.0 / DTI 16V;Nemcija;DEU;osebni avtomobil;193;vecnamensko vozilo;ZAFIRA 
96;1843;4.5;1;OPEL;EAHAC11-BA2R5FPFA7;ZAFIRA / 2.0 / DTI 16V;Nemcija;DEU;osebni avtomobil;191;vecnamensko vozilo;ZAFIRA 
96;1816;4.5;1;OPEL;FL11-4AAMC8BFAEH5;INSIGNIA / CAR. 2.0 / DT 16V;Nemcija;DEU;osebni avtomobil;200;karavan;INSIGNIA 
96;1816;4.5;1;OPEL;EAHAC12-BA2R2FPFA7;ZAFIRA / 2.0 / DTI 16V;Nemcija;DEU;osebni avtomobil;193;vecnamensko vozilo;ZAFIRA 
96;1816;4.5;1;OPEL;EAHAC12-BA2R2FPFA5;ZAFIRA / 2.0 / DTI 16V;Nemcija;DEU;osebni avtomobil;193;karavan;ZAFIRA 
96;1788;4.5;1;OPEL;FL11-4AALC8BFAEH5;INSIGNIA / CAR. 2.0 / DT 16V;Nemcija;DEU;osebni avtomobil;200;karavan;INSIGNIA 
96;1788;4.5;1;OPEL;EAHAC11-BA2P3FPFA5;ZAFIRA / 2.0 / DTI 16V;Nemcija;DEU;osebni avtomobil;193;karavan;ZAFIRA 
96;1788;4.5;1;OPEL;EAHAC11-BA2P3FPFA7;ZAFIRA / 2.0 / DTI 16V;Nemcija;DEU;osebni avtomobil;193;vecnamensko vozilo;ZAFIRA 
96;1788;4.5;1;OPEL;EAHAC11-BA2P3FPFA5;ZAFIRA / 2.0 / DTI 16V;Nemcija;DEU;osebni avtomobil;191;karavan;ZAFIRA 
96;1733;4.5;1;OPEL;FL11-4A09C8BFAEH5;INSIGNIA / CAR. 2.0 / DT 16V;Nemcija;DEU;osebni avtomobil;200;karavan;INSIGNIA 
96;1733;4.5;1;OPEL;EAHAC12-BA2N4FPFA5;ZAFIRA / 2.0 / DTI 16V;Nemcija;DEU;osebni avtomobil;193;karavan;ZAFIRA 
96;1733;4.5;1;OPEL;EAHAC11-BA2N4FPFA5;ZAFIRA / 2.0 / DTI 16V;Nemcija;DEU;osebni avtomobil;191;karavan;ZAFIRA 
96;1701;4.5;1;OPEL;EAHAC12-BA2P3FPFA5;ZAFIRA / 2.0 / DTI 16V;Nemcija;DEU;osebni avtomobil;193;karavan;ZAFIRA 
96;1701;4.5;1;OPEL;ECHAC11-BA2R5FPFA7;ZAFIRA / 2.0 / DTI 16V;Nemcija;DEU;osebni avtomobil;193;vecnamensko vozilo;ZAFIRA 
96;1701;4.5;1;OPEL;EAHAC11-BA2R2FPFA5;ZAFIRA / 2.0 / DTI 16V;Nemcija;DEU;osebni avtomobil;191;karavan;ZAFIRA 
96;1664;4.5;1;OPEL;DAFHE12-BA1M3JDJA5;ASTRA / CAR. 1.7 / DTI 16V;Nemcija;DEU;osebni avtomobil;195;karavan;ASTRA 
96;1613;4.5;1;OPEL;CBFHA12-BA1L2JDJA5;ASTRA / 1.7 / DTI;Nemcija;DEU;osebni avtomobil;198;vecnamensko vozilo;ASTRA 
96;1613;4.5;1;OPEL;DAFHE12-BA1L2JDJA5;ASTRA / CAR. 1.7 / DTI 16V;Nemcija;DEU;osebni avtomobil;195;karavan;ASTRA 
96;1580;4.5;1;OPEL;JMYXAXX-E77DCX9X99B;MOKKA / 1.7 / DTI;Nemcija;DEU;osebni avtomobil;185;vecnamensko vozilo;MOKKA 
96;1571;4.5;1;OPEL;AAFHA12-BA2K2JDJA5;ASTRA / 1.7 / DTI;Nemcija;DEU;osebni avtomobil;203;limuzina;ASTRA 
96;1571;4.5;1;OPEL;CAFHA12-BA1K2JDJA5;ASTRA / 1.7 / DTI;Nemcija;DEU;osebni avtomobil;198;vecnamensko vozilo;ASTRA 
96;1571;4.5;1;OPEL;DAFHE12-BA1K2JDJA5;ASTRA / CAR. 1.7 / DTI 16V;Nemcija;DEU;osebni avtomobil;195;karavan;ASTRA 
96;1550;4.5;1;OPEL;DAFHA12-BA1K2JDJA5;ASTRA / CAR. 1.7 / DTI 16V;Nemcija;DEU;osebni avtomobil;194;karavan;ASTRA 
96;1542;4.5;1;OPEL;JMYXFXX-C77DCX7X77B;MOKKA / 1.7 / DTI;Nemcija;DEU;osebni avtomobil;190;vecnamensko vozilo;MOKKA 
96;1538;4.5;1;OPEL;JNYXFXX-C77DCX7X77B;MOKKA / 1.7 / DTI;Nemcija;DEU;osebni avtomobil;190;karavan;MOKKA 
96;1503;4.5;1;OPEL;AAFHA12-BA2J3JDJA5;ASTRA / 1.7 / DTI;Nemcija;DEU;osebni avtomobil;203;limuzina;ASTRA 
96;1275;4.5;0;PEUGEOT;LRHNYW-R1K000;308 / BREAK 1.2 / i;Francija;FRA;osebni avtomobil;204;vecnamensko vozilo;308
96;1225;4.5;0;PEUGEOT;LPHNYW-C1K000;308 / 1.2 / i;Francija;FRA;osebni avtomobil;206;vozilo z dviûnimi vrati zadaj;308
96;1165;4.5;0;PEUGEOT;LPHNYH-C1K000;308 / 1.2 / i;Francija;FRA;osebni avtomobil;207;vozilo z dviûnimi vrati zadaj;308
96;1679;4.5;1;RENAULT;RFAJH2A46RVA015000;SCENIC / 1.6 / DCI;Francija;FRA;osebni avtomobil;194;vozilo z dviûnimi vrati zadaj;SCENIC 
96;1664;4.5;1;RENAULT;RFAJH2A46RVA015000;SCENIC / 1.6 / DCI;Francija;FRA;osebni avtomobil;190;vozilo z dviûnimi vrati zadaj;SCENIC 
96;1630;4.5;1;RENAULT;RFDKH2A4A61A210000;TALISMAN GRANDTOUR / 1.6 / DCI AUT.;Francija;FRA;osebni avtomobil;200;karavan;TALISMAN GRANDTOUR 
96;1615;4.5;1;RENAULT;RFDKH4A4A61A210000;TALISMAN GRANDTOUR / 1.6 / DCI AUT.;Francija;FRA;osebni avtomobil;205;karavan;TALISMAN GRANDTOUR 
96;1615;4.5;1;RENAULT;RFDKH4A4A61A210000;TALISMAN GRANDTOUR / 1.6 / DCI AUT.;Francija;FRA;osebni avtomobil;200;karavan;TALISMAN GRANDTOUR 
96;1600;4.5;1;RENAULT;JZ12BD;GRAND SCENIC / 1.6 / DCI;Francija;FRA;osebni avtomobil;195;vecnamensko vozilo;GRAND SCENIC 
96;1599;4.5;1;RENAULT;JZ12AD;GRAND SCENIC / 1.6 / DCI;Francija;FRA;osebni avtomobil;195;vozilo z dviûnimi vrati zadaj;GRAND SCENIC 
96;1577;4.5;1;RENAULT;RFEHH2A46ABB005000;KADJAR / 1.6 / DCI;Francija;FRA;osebni avtomobil;190;karavan;KADJAR 
96;1506;4.5;1;RENAULT;JZ12JD;SCENIC / 1.6 / DCI;Francija;FRA;osebni avtomobil;195;vozilo z dviûnimi vrati zadaj;SCENIC 
96;1505;4.5;1;RENAULT;JZ120D;SCENIC / 1.6 / DCI;Francija;FRA;osebni avtomobil;195;vozilo z dviûnimi vrati zadaj;SCENIC 
96;1497;4.5;1;RENAULT;BT3SJ6;LAGUNA / 2.0 / DCI;Francija;FRA;osebni avtomobil;206;vozilo z dviûnimi vrati zadaj;LAGUNA 
96;1493;4.5;1;RENAULT;BT17J6;LAGUNA / 2.0 / DCI;Francija;FRA;osebni avtomobil;206;vozilo z dviûnimi vrati zadaj;LAGUNA 
96;1454;4.6;1;CITROEN;BBYHZB-A2AF00;C4 / 1.5 / HDI AUT.;Francija;FRA;osebni avtomobil;206;vozilo z dviûnimi vrati zadaj;C4 
96;1429;4.6;1;CITROEN;BBYHZB-A2BF00;C4 / 1.5 / HDI AUT.;Francija;FRA;osebni avtomobil;206;vozilo z dviûnimi vrati zadaj;C4 
96;1589;4.6;1;NISSAN;J11BB04;QASHQAI / 1.6 / DCI;Zdruûeno kraljestvo;GBR;osebni avtomobil;190;vecnamensko vozilo;QASHQAI 
96;1480;4.6;1;NISSAN;J11-B02;QASHQAI / 1.6 / DCI AUT.;Zdruûeno kraljestvo;GBR;osebni avtomobil;183;vecnamensko vozilo;QASHQAI 
96;1440;4.6;1;NISSAN;J11-B04;QASHQAI / 1.6 / DCI;Zdruûeno kraljestvo;GBR;osebni avtomobil;190;vecnamensko vozilo;QASHQAI 
96;1613;4.6;1;OPEL;DAFHA12-BA1L2JDJA5;ASTRA / CAR. 1.7 / DTI 16V;Nemcija;DEU;osebni avtomobil;194;karavan;ASTRA 
96;1571;4.6;1;OPEL;CAFHA12-BA1K2JDJA5;ASTRA / 1.7 / DTI 16V;Nemcija;DEU;osebni avtomobil;198;vecnamensko vozilo;ASTRA 
96;1361;4.6;1;OPEL;PV11-2AAGC430GFJ5;CORSA / 1.7 / CDTI;Nemcija;DEU;osebni avtomobil;200;vecnamensko vozilo;CORSA 
96;1518;4.6;1;PEUGEOT;FBYHZJ-C2K000;508 / 1.5 / HDI;Francija;FRA;osebni avtomobil;208;vozilo z dviûnimi vrati zadaj;508
96;1490;4.6;1;PEUGEOT;FBYHZJ-C2F000;508 / 1.5 / HDI;Francija;FRA;osebni avtomobil;208;vozilo z dviûnimi vrati zadaj;508
96;1442;4.6;1;PEUGEOT;LBYHZJ-C22100;308 / 1.5 / HDI;Francija;FRA;osebni avtomobil;204;vozilo z dviûnimi vrati zadaj;308
96;1405;4.6;1;PEUGEOT;LCYHZJ-R22000;308 / BREAK 1.5 / HDI;Francija;FRA;osebni avtomobil;203;vecnamensko vozilo;308
96;1382;4.6;1;PEUGEOT;LBYHZP-C2P000;308 / 1.5 / HDI;Francija;FRA;osebni avtomobil;204;vozilo z dviûnimi vrati zadaj;308
96;1265;4.6;0;PEUGEOT;LRHNYH-R1K000;308 / BREAK 1.2 / i;Francija;FRA;osebni avtomobil;205;vecnamensko vozilo;308
96;1165;4.6;0;PEUGEOT;LPHNYH-C1K000;308 / 1.2 / i;Francija;FRA;osebni avtomobil;207;vozilo z dviûnimi vrati zadaj;308
96;1165;4.6;0;PEUGEOT;LPHNYH-C1K000;308 / 1.2 / i;Francija;FRA;osebni avtomobil;206;vozilo z dviûnimi vrati zadaj;308
96;1165;4.6;0;PEUGEOT;LPHNYH-C1B000;308 / 1.2 / i;Francija;FRA;osebni avtomobil;201;vozilo z dviûnimi vrati zadaj;308
96;1755;4.6;1;RENAULT;RFARH2A46RVA017000;GRAND SCENIC / 1.6 / DCI;Francija;FRA;osebni avtomobil;194;vozilo z dviûnimi vrati zadaj;GRAND SCENIC 
96;1737;4.6;1;RENAULT;RFARH2A46RVA017000;GRAND SCENIC / 1.6 / DCI;Francija;FRA;osebni avtomobil;190;vozilo z dviûnimi vrati zadaj;GRAND SCENIC 
96;1711;4.6;1;RENAULT;RFARH2A46RVA015000;GRAND SCENIC / 1.6 / DCI;Francija;FRA;osebni avtomobil;190;vozilo z dviûnimi vrati zadaj;GRAND SCENIC 
96;1709;4.6;1;RENAULT;RFARH2A46RVA015000;GRAND SCENIC / 1.6 / DCI;Francija;FRA;osebni avtomobil;194;vozilo z dviûnimi vrati zadaj;GRAND SCENIC 
96;1674;4.6;1;RENAULT;KT17J6;LAGUNA / GRANDTOUR 2.0 / DCI;Francija;FRA;osebni avtomobil;202;karavan;LAGUNA 
96;1669;4.6;1;RENAULT;RZGHH2A465E1V00A10;KOLEOS / 1.6 / DCI;Francija;FRA;osebni avtomobil;185;karavan;KOLEOS 
96;1666;4.6;1;RENAULT;KT3SJ6;LAGUNA / GRANDTOUR 2.0 / DCI;Francija;FRA;osebni avtomobil;202;karavan;LAGUNA 
96;1615;4.6;1;RENAULT;JZ13BH;GRAND SCENIC / 1.6 / DCI;Francija;FRA;osebni avtomobil;195;vecnamensko vozilo;GRAND SCENIC 
96;1505;4.6;1;RENAULT;JZYA06;SCENIC / 1.6 / DCI;Francija;FRA;osebni avtomobil;195;vozilo z dviûnimi vrati zadaj;SCENIC 
96;1390;4.6;1;RENAULT;LZL906;FLUENCE / 1.6 / DCI;Francija;FRA;osebni avtomobil;210;limuzina;FLUENCE 
96;1280;4.7;0;CITROEN;NCHNYM/1S;C4 / 1.2 /;Francija;FRA;osebni avtomobil;199;vozilo z dviûnimi vrati zadaj;C4 
96;1650;4.7;1;NISSAN;J10-L01;QASHQAI+2 / 1.6 / DCI;Zdruûeno kraljestvo;GBR;osebni avtomobil;189;vecnamensko vozilo;QASHQAI+2 
96;1625;4.7;1;NISSAN;J11BB75;QASHQAI / 1.6 / DCI AUT.;Zdruûeno kraljestvo;GBR;osebni avtomobil;183;vecnamensko vozilo;QASHQAI 
96;1480;4.7;1;NISSAN;J11BB05;QASHQAI / 1.6 / DCI AUT.;Zdruûeno kraljestvo;GBR;osebni avtomobil;183;vecnamensko vozilo;QASHQAI 
96;1701;4.7;1;OPEL;DL11-1AADB9ACAEJ5;INSIGNIA / 2.0 / DT 16V;Nemcija;DEU;osebni avtomobil;205;vecnamensko vozilo;INSIGNIA 
96;1701;4.7;1;OPEL;DAHAA12-BA1N1JKFD5;INSIGNIA / 2.0 / DT 16V;Nemcija;DEU;osebni avtomobil;200;karavan;INSIGNIA 
96;1664;4.7;1;OPEL;DL11-1AACB9ACAEJ5;INSIGNIA / 2.0 / DT 16V;Nemcija;DEU;osebni avtomobil;205;vecnamensko vozilo;INSIGNIA 
96;1613;4.7;1;OPEL;DL11-1AADB9ACAER5;INSIGNIA / 2.0 / DT 16V;Nemcija;DEU;osebni avtomobil;205;vecnamensko vozilo;INSIGNIA 
96;1571;4.7;1;OPEL;AAFHA12-BA2K2JDJB5;ASTRA / 1.7 / DTI;Nemcija;DEU;osebni avtomobil;203;limuzina;ASTRA 
96;1571;4.7;1;OPEL;CAFHA12-BA1K2JDJB5;ASTRA / 1.7 / DTI;Nemcija;DEU;osebni avtomobil;198;vecnamensko vozilo;ASTRA 
96;1518;4.7;1;PEUGEOT;FBYHZJ-C2F000;508 / 1.5 / HDI;Francija;FRA;osebni avtomobil;208;vozilo z dviûnimi vrati zadaj;508
96;1446;4.7;1;PEUGEOT;LCYHZP-R2P000;308 / BREAK 1.5 / HDI;Francija;FRA;osebni avtomobil;204;vecnamensko vozilo;308
96;1430;4.7;1;PEUGEOT;LCYHZJ-R22100;308 / BREAK 1.5 / HDI;Francija;FRA;osebni avtomobil;203;vecnamensko vozilo;308
96;1393;4.7;1;PEUGEOT;UDYHZS-R2BF00;2008 / 1.5 / HDI AUT.;Francija;FRA;osebni avtomobil;195;vecnamensko vozilo;2008
96;1384;4.7;1;PEUGEOT;LBYHZP-C26000;308 / 1.5 / HDI;Francija;FRA;osebni avtomobil;204;vozilo z dviûnimi vrati zadaj;308
96;1265;4.7;0;PEUGEOT;LRHNYH-R1K000;308 / BREAK 1.2 / i;Francija;FRA;osebni avtomobil;205;vecnamensko vozilo;308
96;1740;4.8;1;AUDI;8E-AVF;A 4 / AVANT 1.9;Nemcija;DEU;osebni avtomobil;191;karavan;A 4 
96;1605;4.8;1;AUDI;8E-AVF;A6 / AVANT / 1.9 / TDI;Nemcija;DEU;osebni avtomobil;191;karavan;A6 
96;1605;4.8;1;AUDI;8E-AVF;A 6 / AVANT 1.9;Nemcija;DEU;osebni avtomobil;191;karavan;A 6 
96;1540;4.8;1;AUDI;4B-AWX;A 6 AVANT 1.9;Nemcija;DEU;osebni avtomobil;208;karavan;A 6 AVANT 1.9
96;1540;4.8;1;AUDI;8E-AWX;A4 / 1.9 / TDI;Nemcija;DEU;osebni avtomobil;208;karavan;A4 
96;1540;4.8;1;AUDI;4B-AVF;A 6 / AVANT 1.9;Nemcija;DEU;osebni avtomobil;208;karavan;A 6 
96;1540;4.8;1;AUDI;8E-AVF;A4 / AVANT / 1.9 / TDI;Nemcija;DEU;osebni avtomobil;191;karavan;A4 
96;1535;4.8;1;AUDI;8E-AVF;A4 / 1.9 / TDI;Nemcija;DEU;osebni avtomobil;208;karavan;A4 
96;1485;4.8;1;AUDI;8E-AWX;A4 / AVANT / 1.9 / TDI;Nemcija;DEU;osebni avtomobil;208;karavan;A4 
96;1485;4.8;1;AUDI;8E-AWX;A 4 / AVANT 1.9;Nemcija;DEU;osebni avtomobil;208;karavan;A 4 
96;1465;4.8;1;AUDI;8E-AWX;A4 / 1.9 / TDI;Nemcija;DEU;osebni avtomobil;208;limuzina;A4 
96;1460;4.8;1;AUDI;8E-AWX;A4 / AVANT / 1.9 / TDI;Nemcija;DEU;osebni avtomobil;208;limuzina;A4 
96;1460;4.8;1;AUDI;8E-AWX;A 4 / AVANT 1.9;Nemcija;DEU;osebni avtomobil;206;karavan;A 4 
96;1460;4.8;1;AUDI;8E-AWX;A4 / AVANT / 1.9 / TDI;Nemcija;DEU;osebni avtomobil;206;karavan;A4 
96;1450;4.8;1;AUDI;8E-AWX;A 4  AVANT 1.9;Nemcija;DEU;osebni avtomobil;208;karavan;A 4  AVANT 1.9
96;1395;4.8;1;AUDI;8E-AWX;A 4 / 1.9;Nemcija;DEU;osebni avtomobil;208;limuzina;A 4 
96;1365;4.8;0;AUDI;8E-ALT;A4 / AVANT / 2.0;Nemcija;DEU;osebni avtomobil;191;karavan;A4 
96;1500;4.8;1;CHEVROLET;JNGS1/GL5;CRUZE / 1.7 / DTI 16V;Koreja. republika;KOR;osebni avtomobil;200;limuzina;CRUZE 
96;1280;4.8;0;CITROEN;NCHNYM/S;C4 / 1.2 /;Francija;FRA;osebni avtomobil;199;vozilo z dviûnimi vrati zadaj;C4 
96;1185;4.8;0;CITROEN;0PHNYH-C1B000;C4 CACTUS / 1.2 /;Francija;FRA;osebni avtomobil;193;vozilo z dviûnimi vrati zadaj;C4 CACTUS 
96;1662;4.8;1;PEUGEOT;MCYHZJ-C2F000;3008 / 1.5 / HDI;Francija;FRA;osebni avtomobil;192;vecnamensko vozilo;3008
96;1525;4.8;1;PEUGEOT;FBYHZR-C2F000;508 / 1.5 / HDI AUT.;Francija;FRA;osebni avtomobil;208;vozilo z dviûnimi vrati zadaj;508
96;1488;4.8;1;PEUGEOT;LCYHZR-R2P000;308 / BREAK 1.5 / HDI AUT.;Francija;FRA;osebni avtomobil;206;vecnamensko vozilo;308
96;1464;4.8;1;PEUGEOT;LCYHZP-R2P000;308 / BREAK 1.5 / HDI;Francija;FRA;osebni avtomobil;204;vozilo z dviûnimi vrati zadaj;308
96;1404;4.8;1;PEUGEOT;UDYHZS-R2BC00;2008 / 1.5 / HDI AUT.;Francija;FRA;osebni avtomobil;195;vecnamensko vozilo;2008
96;1385;4.8;1;PEUGEOT;LBYHZP-C26000;308 / 1.5 / HDI;Francija;FRA;osebni avtomobil;204;vozilo z dviûnimi vrati zadaj;308
96;1374;4.8;1;PEUGEOT;UDYHZS-R2BG00;2008 / 1.5 / HDI AUT.;Francija;FRA;osebni avtomobil;195;vecnamensko vozilo;2008
96;1265;4.8;0;PEUGEOT;LRHNYH-R1B000;308 / BREAK 1.2 / i;Francija;FRA;osebni avtomobil;199;vecnamensko vozilo;308
96;1235;4.8;0;PEUGEOT;CUHNYM/S;2008 / 1.2 /;Francija;FRA;osebni avtomobil;200;karavan;2008
96;1165;4.8;0;PEUGEOT;LPHNYH-C1B000;308 / 1.2 / i;Francija;FRA;osebni avtomobil;201;vozilo z dviûnimi vrati zadaj;308
96;1165;4.8;0;PEUGEOT;LPHNYH-C1B000;308 / 1.2 / i;Francija;FRA;osebni avtomobil;200;vozilo z dviûnimi vrati zadaj;308
96;1643;4.8;1;RENAULT;RFEHH4A46ABA005000;KADJAR / 1.6 / DCI 4x4;Francija;FRA;osebni avtomobil;190;karavan;KADJAR 
96;1505;4.8;1;RENAULT;KTDSG6;LAGUNA / GRANDTOUR 2.0 / DCI;Francija;FRA;osebni avtomobil;202;karavan;LAGUNA 
96;1493;4.8;1;RENAULT;BT17G6;LAGUNA / 2.0 / DCI;Francija;FRA;osebni avtomobil;206;vozilo z dviûnimi vrati zadaj;LAGUNA 
96;1484;4.8;1;RENAULT;BT3SG6;LAGUNA / 2.0 / DCI;Francija;FRA;osebni avtomobil;206;vozilo z dviûnimi vrati zadaj;LAGUNA 
96;1280;4.8;0;VOLKSWAGEN;GAC2DACAX0-FM6FM6AJ015N7MVON1ML79VR2N;GOLF / 1.5 / TSI;Nemcija;DEU;osebni avtomobil;210;karavan;GOLF 
96;1606;4.9;1;CHEVROLET;BNYXAXX-E77DCXEXEEB;TRAX / 1.7 / DTI /;Koreja. republika;KOR;osebni avtomobil;183;karavan;TRAX 
96;1586;4.9;1;CITROEN;3AYHZ2/J4S;C4 SPACETOURER / 1.5 / HDI;Francija;FRA;osebni avtomobil;198;vecnamensko vozilo;C4 SPACETOURER 
96;1280;4.9;0;CITROEN;NCHNYM/S;C4 / 1.2 /;Francija;FRA;osebni avtomobil;199;vozilo z dviûnimi vrati zadaj;C4 
96;1327;4.9;0;DS;URHNSS-C1B000;DS3 CROSSBACK / 1.2 / AUT.;Francija;FRA;osebni avtomobil;200;karavan;DS3 CROSSBACK 
96;1685;4.9;1;NISSAN;J11CC02;QASHQAI / 1.6 / DCI 4x4;Zdruûeno kraljestvo;GBR;osebni avtomobil;190;vecnamensko vozilo;QASHQAI 
96;1672;4.9;1;NISSAN;J11CC72;QASHQAI / 1.6 / DCI 4x4;Zdruûeno kraljestvo;GBR;osebni avtomobil;190;vecnamensko vozilo;QASHQAI 
96;1661;4.9;1;NISSAN;J11-C01;QASHQAI / 1.6 / DCI 4x4;Zdruûeno kraljestvo;GBR;osebni avtomobil;190;vecnamensko vozilo;QASHQAI 
96;1625;4.9;1;NISSAN;T32-A04;X-TRAIL / 1.6 / DCI;Japonska ;JPN;osebni avtomobil;188;vecnamensko vozilo;X-TRAIL 
96;1580;4.9;1;NISSAN;T32-A06;X-TRAIL / 1.6 / DCI;Japonska ;JPN;osebni avtomobil;188;vecnamensko vozilo;X-TRAIL 
96;1575;4.9;1;NISSAN;T32-AA02;X-TRAIL / 1.6 / DCI;Japonska ;JPN;osebni avtomobil;188;vecnamensko vozilo;X-TRAIL 
96;1535;4.9;1;NISSAN;J11-C02;QASHQAI / 1.6 / DCI 4x4;Zdruûeno kraljestvo;GBR;osebni avtomobil;190;vecnamensko vozilo;QASHQAI 
96;1535;4.9;1;NISSAN;J11-C01;QASHQAI / 1.6 / DCI 4x4;Zdruûeno kraljestvo;GBR;osebni avtomobil;190;vozilo za posebne namene;QASHQAI 
96;1480;4.9;1;NISSAN;J11-B06;QASHQAI / 1.6 / DCI AUT.;Zdruûeno kraljestvo;GBR;osebni avtomobil;183;vecnamensko vozilo;QASHQAI 
96;1788;4.9;1;OPEL;FL11-1AALC6BCAEJ5;INSIGNIA / CAR. 2.0 / DT 16V;Nemcija;DEU;osebni avtomobil;200;karavan;INSIGNIA 
96;1788;4.9;1;OPEL;FL11-1AALC6BCAEH5;INSIGNIA / CAR. 2.0 / DT 16V;Nemcija;DEU;osebni avtomobil;200;limuzina;INSIGNIA 
96;1733;4.9;1;OPEL;DY11-1A09C1ADGKS5;INSIGNIA / 2.0 / DT 16V;Nemcija;DEU;osebni avtomobil;207;vecnamensko vozilo;INSIGNIA 
96;1733;4.9;1;OPEL;FL11-1AALC6BCAEH5;INSIGNIA / CAR. 2.0 / DT 16V;Nemcija;DEU;osebni avtomobil;200;karavan;INSIGNIA 
96;1730;4.9;1;OPEL;FL11-1A09C6BCAEH5;INSIGNIA / CAR. 2.0 / DT 16V;Nemcija;DEU;osebni avtomobil;200;karavan;INSIGNIA 
96;1701;4.9;1;OPEL;BY11-1AADA4AMGKS5;INSIGNIA / 2.0 / DT 16V;Nemcija;DEU;osebni avtomobil;221;vecnamensko vozilo;INSIGNIA 
96;1701;4.9;1;OPEL;DY11-1AADC1ADGKS5;INSIGNIA / 2.0 / DT 16V;Nemcija;DEU;osebni avtomobil;207;vecnamensko vozilo;INSIGNIA 
96;1664;4.9;1;OPEL;BY11-1AACA4AMGKS5;INSIGNIA / 2.0 / DT 16V;Nemcija;DEU;osebni avtomobil;221;vecnamensko vozilo;INSIGNIA 
96;1664;4.9;1;OPEL;BY11-1AACA4AMGKS5;INSIGNIA / 2.0 / DT 16V;Nemcija;DEU;osebni avtomobil;207;vecnamensko vozilo;INSIGNIA 
96;1596;4.9;1;OPEL;JNYXAXX-E77DCX9X99B;MOKKA / 1.7 / DTI;Nemcija;DEU;osebni avtomobil;185;karavan;MOKKA 
96;1580;4.9;1;OPEL;JMYXAXX-E77DCX9X99B;MOKKA / 1.7 / DTI;Nemcija;DEU;osebni avtomobil;185;vecnamensko vozilo;MOKKA 
96;1571;4.9;1;OPEL;BF11-3AAGA9MFFK5;MERIVA / 1.7 / DTI 16V;Nemcija;DEU;osebni avtomobil;196;vecnamensko vozilo;MERIVA 
96;1531;4.9;1;OPEL;JNYXFXX-C77DCX7X77B;MOKKA / 1.7 / DTI;Nemcija;DEU;osebni avtomobil;185;karavan;MOKKA 
96;1503;4.9;1;OPEL;BF11-3AAFA9MFFK5;MERIVA / 1.7 / DTI 16V;Nemcija;DEU;osebni avtomobil;196;vecnamensko vozilo;MERIVA 
96;1564;4.9;1;PEUGEOT;FBYHZR-C2F000;508 / 1.5 / HDI AUT.;Francija;FRA;osebni avtomobil;208;vozilo z dviûnimi vrati zadaj;508
96;1500;4.9;1;PEUGEOT;LCYHZR-R2P000;308 / BREAK 1.5 / HDI AUT.;Francija;FRA;osebni avtomobil;206;vecnamensko vozilo;308
96;1475;4.9;0;PEUGEOT;0UHNYM/1S;3008 / 1.2 / i;Francija;FRA;osebni avtomobil;199;vecnamensko vozilo;3008
96;1468;4.9;1;PEUGEOT;LCYHZP-R26000;308 / BREAK 1.5 / HDI;Francija;FRA;osebni avtomobil;203;vecnamensko vozilo;308
96;1387;4.9;1;PEUGEOT;UDYHZR-R2B200;2008 / 1.5 / HDI AUT.;Francija;FRA;osebni avtomobil;195;vecnamensko vozilo;2008
96;1380;4.9;1;PEUGEOT;UDYHZR-R2B000;2008 / 1.5 / HDI AUT.;Francija;FRA;osebni avtomobil;195;vecnamensko vozilo;2008
96;1275;4.9;0;PEUGEOT;LRHNYW-R1K000;308 / BREAK 1.2 / i;Francija;FRA;osebni avtomobil;204;vozilo z dviûnimi vrati zadaj;308
96;1275;4.9;0;PEUGEOT;LRHNYW-R1B000;308 / BREAK 1.2 / i;Francija;FRA;osebni avtomobil;198;vecnamensko vozilo;308
96;1225;4.9;0;PEUGEOT;LPHNYW-C1B000;308 / 1.2 / i;Francija;FRA;osebni avtomobil;200;vozilo z dviûnimi vrati zadaj;308
96;1704;4.9;1;RENAULT;RZGHH2A465E2V00A10;KOLEOS / 1.6 / DCI;Francija;FRA;osebni avtomobil;185;karavan;KOLEOS 
96;1664;4.9;1;RENAULT;RFEHH4A46ABB005000;KADJAR / 1.6 / DCI 4x4;Francija;FRA;osebni avtomobil;190;karavan;KADJAR 
96;1378;4.9;0;VOLKSWAGEN;VACDACAX0-FD7FD7CW005N7MVON1ML73VR8;GOLF / VARIANT 1.5 / TSI AUT.;Nemcija;DEU;osebni avtomobil;211;karavan;GOLF 
96;1346;4.9;0;VOLKSWAGEN;VACDACAX0-FM6FM6AJ015N7MVON1ML76VR2;GOLF / VARIANT 1.5 / TSI;Nemcija;DEU;osebni avtomobil;211;karavan;GOLF 
96;1301;4.9;0;VOLKSWAGEN;GAC4DACAX0-FM6FM6AJ015N7MVON1ML79VR2N;GOLF / 1.5 / TSI;Nemcija;DEU;osebni avtomobil;210;karavan;GOLF 
96;1581;5.1;1;CITROEN;3AYHZR/4S;C4 SPACETOURER / 1.5 / HDI AUT.;Francija;FRA;osebni avtomobil;198;vecnamensko vozilo;C4 SPACETOURER 
96;1576;5.1;1;CITROEN;3EYHZP/1S;C4 SPACETOURER / 1.5 / HDI;Francija;FRA;osebni avtomobil;198;karavan;C4 SPACETOURER 
96;1532;5.1;1;CITROEN;3DYHZR/4S;C4 SPACETOURER / 1.5 / HDI AUT.;Francija;FRA;osebni avtomobil;198;karavan;C4 SPACETOURER 
96;1480;5.1;1;CITROEN;3DYHZP/1S;C4 SPACETOURER / 1.5 / HDI;Francija;FRA;osebni avtomobil;198;karavan;C4 SPACETOURER 
96;1390;5.1;0;CITROEN;3EHNYT/2SM;C4 PICASSO / 1.2 / i AUT.;Francija;FRA;osebni avtomobil;206;karavan;C4 PICASSO 
96;1373;5.1;0;CITROEN;3DHNYT/2SM;C4 PICASSO / 1.2 / i AUT.;Francija;FRA;osebni avtomobil;206;karavan;C4 PICASSO 
96;1705;5.1;1;NISSAN;T32AA10;X-TRAIL / 1.6 / DCI;Japonska ;JPN;osebni avtomobil;188;vecnamensko vozilo;X-TRAIL 
96;1701;5.1;1;NISSAN;T32-A01;X-TRAIL / 1.6 / DCI AUT.;Japonska ;JPN;osebni avtomobil;180;vecnamensko vozilo;X-TRAIL 
96;1692;5.1;1;NISSAN;J11CC03;QASHQAI / 1.6 / DCI 4x4;Zdruûeno kraljestvo;GBR;osebni avtomobil;190;vecnamensko vozilo;QASHQAI 
96;1670;5.1;1;NISSAN;T32-A03;X-TRAIL / 1.6 / DCI AUT.;Japonska ;JPN;osebni avtomobil;180;vecnamensko vozilo;X-TRAIL 
96;1625;5.1;1;NISSAN;T32-A10;X-TRAIL / 1.6 / DCI;Japonska ;JPN;osebni avtomobil;188;vecnamensko vozilo;X-TRAIL 
96;1600;5.1;1;NISSAN;J10-M01;QASHQAI / 1.6 / DCI 4X4;Zdruûeno kraljestvo;GBR;osebni avtomobil;188;karavan;QASHQAI 
96;1535;5.1;1;NISSAN;J11-C03;QASHQAI / 1.6 / DCI 4x4;Zdruûeno kraljestvo;GBR;osebni avtomobil;190;vecnamensko vozilo;QASHQAI 
96;1843;5.1;1;OPEL;ECHAA12-BA2R5FPHA5;ZAFIRA / 2.0 / DTI 16V;Nemcija;DEU;osebni avtomobil;191;karavan;ZAFIRA 
96;1816;5.1;1;OPEL;FY11-1AAME6BVGKK5;INSIGNIA / CAR. 2.0 / DT 16V;Nemcija;DEU;osebni avtomobil;203;vecnamensko vozilo;INSIGNIA 
96;1816;5.1;1;OPEL;FL11-1AAMC6BCAEH5;INSIGNIA / CAR. 2.0 / DT 16V;Nemcija;DEU;osebni avtomobil;200;karavan;INSIGNIA 
96;1816;5.1;1;OPEL;EAHAA12-BA2R2FPHA7;ZAFIRA / 2.0 / DTI 16V;Nemcija;DEU;osebni avtomobil;191;vecnamensko vozilo;ZAFIRA 
96;1816;5.1;1;OPEL;EAHAA12-BA2R2FPHA5;ZAFIRA / 2.0 / DTI 16V;Nemcija;DEU;osebni avtomobil;191;karavan;ZAFIRA 
96;1788;5.1;1;OPEL;FY11-1AALE6BVGKK5;INSIGNIA / CAR. 2.0 / DT 16V;Nemcija;DEU;osebni avtomobil;203;vecnamensko vozilo;INSIGNIA 
96;1788;5.1;1;OPEL;FL11-1AALC6BCAEH5;INSIGNIA / CAR. 2.0 / DT 16V;Nemcija;DEU;osebni avtomobil;200;karavan;INSIGNIA 
96;1788;5.1;1;OPEL;EAHAA12-BA2P3FPHA5;ZAFIRA / 2.0 / DTI 16V;Nemcija;DEU;osebni avtomobil;191;karavan;ZAFIRA 
96;1788;5.1;1;OPEL;EAHAA12-BA2P3FPHA7;ZAFIRA / TOURER 2.0 / CDTI;Nemcija;DEU;osebni avtomobil;191;vecnamensko vozilo;ZAFIRA 
96;1733;5.1;1;OPEL;FY11-1A09E6BVGKK5;INSIGNIA / CAR. 2.0 / DT 16V;Nemcija;DEU;osebni avtomobil;203;vecnamensko vozilo;INSIGNIA 
96;1730;5.1;1;OPEL;FL11-1A09C6BCAEH5;INSIGNIA / CAR. 2.0 / DT 16V;Nemcija;DEU;osebni avtomobil;200;karavan;INSIGNIA 
96;1701;5.1;1;OPEL;EAHAA12-BA2R2FPHA7;ZAFIRA / TOURER 2.0 / CDTI;Nemcija;DEU;osebni avtomobil;191;vecnamensko vozilo;ZAFIRA 
96;1353;5.1;0;OPEL;ZRHNYH-C1F000;GRANDLAND X / 1.2 / TURBO;Nemcija;DEU;osebni avtomobil;185;vecnamensko vozilo;GRANDLAND X 
96;1263;5.1;0;OPEL;EA0BABB12-BA1F2PEXJ5;CROSSLAND X / 1.2 / TURBO;Nemcija;DEU;osebni avtomobil;206;vecnamensko vozilo;CROSSLAND X 
96;1627;5.1;1;PEUGEOT;MCYHZM-S2P400;5008 / 1.5 / HDI;Francija;FRA;osebni avtomobil;191;vecnamensko vozilo;5008
96;1532;5.1;1;PEUGEOT;MCYHZU-C2PF00;3008 / 1.5 / HDI AUT.;Francija;FRA;osebni avtomobil;189;vecnamensko vozilo;3008
96;1516;5.1;1;PEUGEOT;MCYHZR-C2U000;3008 / 1.5 / HDI AUT.;Francija;FRA;osebni avtomobil;192;vecnamensko vozilo;3008
96;1511;5.1;0;PEUGEOT;MRHNYH-S1F000;5008 / 1.2 /;Francija;FRA;osebni avtomobil;188;vecnamensko vozilo;5008
96;1442;5.1;0;PEUGEOT;MRHNYH-C1F000;3008 / 1.2 /;Francija;FRA;osebni avtomobil;188;vecnamensko vozilo;3008
96;1230;5.1;0;PEUGEOT;CUHNSS/S;2008 / 1.2 /;Francija;FRA;osebni avtomobil;199;karavan;2008
96;1164;5.1;0;PEUGEOT;LPHNSP-C1F000;308 / 1.2 / i;Francija;FRA;osebni avtomobil;210;vozilo z dviûnimi vrati zadaj;308
96;1441;5.1;1;RENAULT;KZ0N06;MEGANE / GRANDTOUR 1.9 / DCI;Francija;FRA;osebni avtomobil;205;karavan;MEGANE 
96;1432;5.1;1;RENAULT;KZ1S06;MEGANE / GRANDTOUR 1.9 / DCI;Francija;FRA;osebni avtomobil;205;karavan;MEGANE 
96;1395;5.1;1;RENAULT;DZ1S06;MEGANE / COUPE 1.9 / DCI;Francija;FRA;osebni avtomobil;210;kupe;MEGANE 
96;1395;5.1;1;RENAULT;BZ1S06;MEGANE / 1.9 / DCI;Francija;FRA;osebni avtomobil;205;vozilo z dviûnimi vrati zadaj;MEGANE 
96;1385;5.1;1;RENAULT;DZ0N06;MEGANE / COUPE 1.9 / DCI;Francija;FRA;osebni avtomobil;210;kupe;MEGANE 
96;1385;5.1;1;RENAULT;BZ0N06;MEGANE / 1.9 / DCI;Francija;FRA;osebni avtomobil;205;vozilo z dviûnimi vrati zadaj;MEGANE 
96;1302;5.1;1;SEAT;SCASZX01-SGFM6A8003M21N10GE;IBIZA / 1.9 / TDI;äpanija;ESP;osebni avtomobil;206;vozilo z dviûnimi vrati zadaj;IBIZA 
96;1301;5.1;1;SEAT;SCASZX01-SGFM6AS003M21NN0GE;IBIZA / 1.9 / TDI;äpanija;ESP;osebni avtomobil;206;vozilo z dviûnimi vrati zadaj;IBIZA 
96;1410;5.1;0;VOLKSWAGEN;SACDACAX0-FD7FD7CW005N7MVON1ML01VR2;GOLF / SPORTSVAN 1.5 / TSI AUT.;Nemcija;DEU;osebni avtomobil;202;karavan;GOLF 
96;1385;5.1;0;VOLKSWAGEN;SACDACAX0-FM6FM6AJ015N7MVON1ML02VR2;GOLF / SPORTSVAN 1.5 / TSI;Nemcija;DEU;osebni avtomobil;202;karavan;GOLF 
96;1304;5.1;1;VOLKSWAGEN;SCASZX01-SGFM6A80031N1M0GZ;POLO / 1.9;Nemcija;DEU;osebni avtomobil;206;vozilo z dviûnimi vrati zadaj;POLO 
96;1535;5.2;1;AUDI;8E;A4 / AVANT 1.9 / TDI;Nemcija;DEU;osebni avtomobil;206;karavan;A4 
96;1400;5.2;1;AUDI;8L-ASZ;A3 / 1.9 / TDI;Nemcija;DEU;osebni avtomobil;205;vozilo z dviûnimi vrati zadaj;A3 
96;1355;5.2;1;AUDI;LASZF1-FM62M001R8L60T2M;A3 / 1.9 / TDI;Nemcija;DEU;osebni avtomobil;205;vozilo z dviûnimi vrati zadaj;A3 
96;1650;5.2;1;CITROEN;ACYHZR-C22000;C5 AIRCROSS / 1.5 / HDI AUT.;Francija;FRA;osebni avtomobil;189;vecnamensko vozilo;C5 AIRCROSS 
96;1634;5.2;1;CITROEN;3AYHZP/1S;C4 SPACETOURER / 1.5 / HDI;Francija;FRA;osebni avtomobil;198;vecnamensko vozilo;C4 SPACETOURER 
96;1613;5.2;1;CITROEN;3AYHZR/4S;C4 SPACETOURER / 1.5 / HDI AUT.;Francija;FRA;osebni avtomobil;198;vecnamensko vozilo;C4 SPACETOURER 
96;1596;5.2;1;CITROEN;3AYHZP/4S;C4 SPACETOURER / 1.5 / HDI;Francija;FRA;osebni avtomobil;198;vecnamensko vozilo;C4 SPACETOURER 
96;1586;5.2;1;CITROEN;3EYHZP/1S;C4 SPACETOURER / 1.5 / HDI;Francija;FRA;osebni avtomobil;198;karavan;C4 SPACETOURER 
96;1556;5.2;1;CITROEN;ACYHZJ-C22000;C5 AIRCROSS / 1.5 / HDI;Francija;FRA;osebni avtomobil;188;vecnamensko vozilo;C5 AIRCROSS 
96;1551;5.2;1;CITROEN;ACYHZJ-C2B000;C5 AIRCROSS / 1.5 / HDI;Francija;FRA;osebni avtomobil;188;vecnamensko vozilo;C5 AIRCROSS 
96;1522;5.2;1;CITROEN;3DYHZR/1S;C4 SPACETOURER / 1.5 / HDI AUT.;Francija;FRA;osebni avtomobil;198;karavan;C4 SPACETOURER 
96;1326;5.2;0;HONDA;RU101-4;HR-V / 1.5 / CVT;Mehika;MEX;osebni avtomobil;187;vecnamensko vozilo;HR-V 
96;1843;5.2;1;OPEL;EAHAA11-BA2R5FPHA7;ZAFIRA / 2.0 / DTI 16V;Nemcija;DEU;osebni avtomobil;191;vecnamensko vozilo;ZAFIRA 
96;1816;5.2;1;OPEL;EAHAA11-BA2R2FPHA7;ZAFIRA / 2.0 / DTI 16V;Nemcija;DEU;osebni avtomobil;191;vecnamensko vozilo;ZAFIRA 
96;1788;5.2;1;OPEL;EAHAA11-BA2P3FPHA7;ZAFIRA / 2.0 / DTI 16V;Nemcija;DEU;osebni avtomobil;191;vecnamensko vozilo;ZAFIRA 
96;1788;5.2;1;OPEL;EAHAA11-BA2P3FPHA5;ZAFIRA / 2.0 / DTI 16V;Nemcija;DEU;osebni avtomobil;191;karavan;ZAFIRA 
96;1741;5.2;1;OPEL;ECHAA11-BA2R2FPHA5;ZAFIRA / 2.0 / DTI 16V;Nemcija;DEU;osebni avtomobil;191;karavan;ZAFIRA 
96;1733;5.2;1;OPEL;EAHAA11-BA2N4FPHA5;ZAFIRA / 2.0 / DTI 16V;Nemcija;DEU;osebni avtomobil;191;karavan;ZAFIRA 
96;1613;5.2;1;OPEL;BY11-1A02A4AMGKS5;INSIGNIA / 2.0 / DT 16V;Nemcija;DEU;osebni avtomobil;221;limuzina;INSIGNIA 
96;1613;5.2;1;OPEL;DY11-1A02C1ADGKS5;INSIGNIA / 2.0 / DT 16V;Nemcija;DEU;osebni avtomobil;207;vecnamensko vozilo;INSIGNIA 
96;1571;5.2;1;OPEL;BF11-1AAGB3KFFK5;MERIVA / 1.7 / DTI 16V;Nemcija;DEU;osebni avtomobil;196;vecnamensko vozilo;MERIVA 
96;1571;5.2;1;OPEL;BF11-1AAGB3KFFK5;MERIVA / 1.7 / DTI 16V;Nemcija;DEU;osebni avtomobil;182;vecnamensko vozilo;MERIVA 
96;1550;5.2;1;OPEL;BF11-1AAFB3KFFK5;MERIVA / 1.7 / DTI 16V;Nemcija;DEU;osebni avtomobil;196;vecnamensko vozilo;MERIVA 
96;1550;5.2;1;OPEL;BF11-1AAFB3KFFK5;MERIVA / 1.7 / DTI 16V;Nemcija;DEU;osebni avtomobil;182;vecnamensko vozilo;MERIVA 
96;1503;5.2;1;OPEL;BF11-1AAGA9MFFK5;MERIVA / 1.7 / DTI 16V;Nemcija;DEU;osebni avtomobil;182;vecnamensko vozilo;MERIVA 
96;1435;5.2;1;OPEL;ZCYHZR-C2K000;GRANDLAND X / 1.5 / CDTI AUT.;Nemcija;DEU;osebni avtomobil;192;vecnamensko vozilo;GRANDLAND X 
96;1373;5.2;0;OPEL;ZRHNYW-C1F000;GRANDLAND X / 1.2 / TURBO AUT.;Nemcija;DEU;osebni avtomobil;188;vecnamensko vozilo;GRANDLAND X 
96;1248;5.2;0;OPEL;EA023CB12-BA1VAAPH825;CROSSLAND X / 1.2 / TURBO;Nemcija;DEU;osebni avtomobil;201;vecnamensko vozilo;CROSSLAND X 
96;1607;5.2;1;PEUGEOT;MCYHZR-S2U000;5008 / 1.5 / HDI AUT.;Francija;FRA;osebni avtomobil;190;vecnamensko vozilo;5008
96;1565;5.2;1;PEUGEOT;MCYHZJ-C2U000;3008 / 1.5 / HDI;Francija;FRA;osebni avtomobil;192;vecnamensko vozilo;3008
96;1556;5.2;1;PEUGEOT;MCYHZR-C2U000;3008 / 1.5 / HDI AUT.;Francija;FRA;osebni avtomobil;192;vecnamensko vozilo;3008
96;1543;5.2;1;PEUGEOT;MCYHZU-C2PC00;3008 / 1.5 / HDI AUT.;Francija;FRA;osebni avtomobil;189;vecnamensko vozilo;3008
96;1532;5.2;1;PEUGEOT;MCYHZU-C2PF00;3008 / 1.5 / HDI AUT.;Francija;FRA;osebni avtomobil;189;vecnamensko vozilo;3008
96;1518;5.2;0;PEUGEOT;MRHNYW-S1F000;5008 / 1.2 / AUT.;Francija;FRA;osebni avtomobil;188;vecnamensko vozilo;5008
96;1476;5.2;0;PEUGEOT;MRHNSJ-C1F000;3008 / 1.2 /;Francija;FRA;osebni avtomobil;188;vecnamensko vozilo;3008
96;1475;5.2;0;PEUGEOT;0UHNYM/S;3008 / 1.2 / i;Francija;FRA;osebni avtomobil;199;vecnamensko vozilo;3008
96;1463;5.2;0;PEUGEOT;MRHNYW-C1F000;3008 / 1.2 / AUT.;Francija;FRA;osebni avtomobil;188;vecnamensko vozilo;3008
96;1275;5.2;0;PEUGEOT;LRHNYW-R1B000;308 / BREAK 1.2 / i;Francija;FRA;osebni avtomobil;198;vozilo z dviûnimi vrati zadaj;308
96;1230;5.2;0;PEUGEOT;CUHNSS/2S;2008 / 1.2 /;Francija;FRA;osebni avtomobil;199;karavan;2008
96;1164;5.2;0;PEUGEOT;LPHNSP-C1B000;308 / 1.2 / i;Francija;FRA;osebni avtomobil;210;vozilo z dviûnimi vrati zadaj;308
96;1505;5.2;1;RENAULT;KT3S06;LAGUNA / GRANDTOUR 2.0 / DCI;Francija;FRA;osebni avtomobil;202;karavan;LAGUNA 
96;1484;5.2;1;RENAULT;BT3S06;LAGUNA / 2.0 / DCI;Francija;FRA;osebni avtomobil;206;vozilo z dviûnimi vrati zadaj;LAGUNA 
96;1389;5.2;1;SEAT;AAASZX01-SGFM62M0051M1N10GZ5;TOLEDO / 1.9 / TDI;äpanija;ESP;osebni avtomobil;205;limuzina;TOLEDO 
96;1261;5.2;1;SEAT;SCBLTX01-SGFM6A8006L20GG;IBIZA / 1.9 / TDI;äpanija;ESP;osebni avtomobil;208;vozilo z dviûnimi vrati zadaj;IBIZA 
96;1249;5.2;1;SEAT;SCBLTX01-SGFM6A800620GG;IBIZA / 1.9 / TDI;äpanija;ESP;osebni avtomobil;208;vozilo z dviûnimi vrati zadaj;IBIZA 
96;1534;5.2;1;VOLKSWAGEN;1J-ASZ;GOLF / 1.9;Nemcija;DEU;osebni avtomobil;180;limuzina;GOLF 
96;1476;5.2;1;VOLKSWAGEN;1J-ASZ;GOLF / 1.9;Nemcija;DEU;osebni avtomobil;180;karavan;GOLF 
96;1462;5.2;1;VOLKSWAGEN;3BG;PASSAT / 1.9 / TDI;Nemcija;DEU;osebni avtomobil;209;karavan;PASSAT 
96;1430;5.2;1;VOLKSWAGEN;1J-ASZ;BORA / 1.9 / TDI;Nemcija;DEU;osebni avtomobil;180;karavan;BORA 
96;1424;5.2;1;VOLKSWAGEN;1J-ASZ;GOLF / 1.9 / TDI;Nemcija;DEU;osebni avtomobil;180;karavan;GOLF 
96;1415;5.2;1;VOLKSWAGEN;SCASZX01-SGFM62M005M41N10GE;GOLF / 1.9 / TDI;Nemcija;DEU;osebni avtomobil;205;vozilo z dviûnimi vrati zadaj;GOLF 
96;1410;5.2;0;VOLKSWAGEN;SACDACAX0-FD7FD7CW005N7MVON1ML05VR2;GOLF / SPORTSVAN 1.5 / TSI AUT.;Nemcija;DEU;osebni avtomobil;202;karavan;GOLF 
96;1385;5.2;0;VOLKSWAGEN;SACDACAX0-FM6FM6AJ015N7MVON1ML05VR2;GOLF / SPORTSVAN 1.5 / TSI;Nemcija;DEU;osebni avtomobil;202;karavan;GOLF 
96;1382;5.2;1;VOLKSWAGEN;1J;GOLF / 1.9 / TDI;Nemcija;DEU;osebni avtomobil;205;karavan;GOLF 
96;1376;5.2;1;VOLKSWAGEN;1JSCASZX01-SGFM62M005M21N10GE;GOLF / 1.9 / TDI;Nemcija;DEU;osebni avtomobil;82;vozilo z dviûnimi vrati zadaj;GOLF 
96;1301;5.2;1;VOLKSWAGEN;SCASZX01-SGFM62M005M21N10GE;GOLF / 1.9 / TDI;Nemcija;DEU;osebni avtomobil;205;vozilo z dviûnimi vrati zadaj;GOLF 
96;1288;5.2;1;VOLKSWAGEN;1J;GOLF / 1.9;Nemcija;DEU;osebni avtomobil;205;vozilo z dviûnimi vrati zadaj;GOLF 
96;1245;5.2;1;VOLKSWAGEN;ABSBLTX01-FM6FM6A80061N1X0GG;POLO / 1.9 / TDI;Nemcija;DEU;osebni avtomobil;206;vozilo z dviûnimi vrati zadaj;POLO 
96;1211;5.2;1;VOLKSWAGEN;SCAJMX01-SGFM62M001M21N10GE;GOLF / 1.9 / TDI;Nemcija;DEU;osebni avtomobil;205;vozilo z dviûnimi vrati zadaj;GOLF 
96;1572;5.3;1;CHEVROLET;BNYXFXX-D77DDXDXDDB;TRAX / 1.7 / DTI / AUT;Koreja. republika;KOR;osebni avtomobil;183;karavan;TRAX 
96;1535;5.3;1;CHEVROLET;BNYXFXX-D77DDXDXDDB;TRAX / 1.7 / DTI / AUT.;Koreja. republika;KOR;osebni avtomobil;183;karavan;TRAX 
96;1698;5.3;1;CITROEN;ACYHZS-C22A00;C5 AIRCROSS / 1.5 / HDI AUT.;Francija;FRA;osebni avtomobil;189;vecnamensko vozilo;C5 AIRCROSS 
96;1653;5.3;1;CITROEN;ACYHZS-C22800;C5 AIRCROSS / 1.5 / HDI AUT.;Francija;FRA;osebni avtomobil;189;vecnamensko vozilo;C5 AIRCROSS 
96;1641;5.3;1;CITROEN;ECYHZ2-A2C300;BERLINGO / 1.5 / HDI L1;Francija;FRA;osebni avtomobil;187;vecnamensko vozilo;BERLINGO 
96;1615;5.3;1;CITROEN;ACYHZR-C22000;C5 AIRCROSS / 1.5 / HDI AUT.;Francija;FRA;osebni avtomobil;189;vecnamensko vozilo;C5 AIRCROSS 
96;1613;5.3;1;CITROEN;3AYHZR/1S;C4 SPACETOURER / 1.5 / HDI AUT.;Francija;FRA;osebni avtomobil;198;vecnamensko vozilo;C4 SPACETOURER 
96;1578;5.3;1;CITROEN;3EYHZP/1S;C4 SPACETOURER / 1.5 / HDI;Francija;FRA;osebni avtomobil;198;karavan;C4 SPACETOURER 
96;1575;5.3;1;CITROEN;ACYHZJ-C22000;C5 AIRCROSS / 1.5 / HDI;Francija;FRA;osebni avtomobil;188;vecnamensko vozilo;C5 AIRCROSS 
96;1574;5.3;1;CITROEN;3EYHZR/1S;C4 SPACETOURER / 1.5 / HDI AUT.;Francija;FRA;osebni avtomobil;198;karavan;C4 SPACETOURER 
96;1568;5.3;1;CITROEN;ACYHZJ-C2F000;C5 AIRCROSS / 1.5 / HDI;Francija;FRA;osebni avtomobil;188;vecnamensko vozilo;C5 AIRCROSS 
96;1526;5.3;1;CITROEN;3DYHZR/1S;C4 SPACETOURER / 1.5 / HDI AUT.;Francija;FRA;osebni avtomobil;198;karavan;C4 SPACETOURER 
96;1347;5.3;0;CITROEN;BAHNSA-A1A600;C4 / 1.2 /;Francija;FRA;osebni avtomobil;208;vozilo z dviûnimi vrati zadaj;C4 
96;1263;5.3;0;CITROEN;2RHNYH-R1B000;C3 AIRCROSS / 1.2 /;Francija;FRA;osebni avtomobil;200;vecnamensko vozilo;C3 AIRCROSS 
96;1733;5.3;1;NISSAN;T32AA09;X-TRAIL / 1.6 / DCI AUT.;Japonska ;JPN;osebni avtomobil;180;vecnamensko vozilo;X-TRAIL 
96;1715;5.3;1;NISSAN;J10-N01;QASHQAI+2 / 1.6 / DCI 4x4;Zdruûeno kraljestvo;GBR;osebni avtomobil;187;vecnamensko vozilo;QASHQAI+2 
96;1685;5.3;1;NISSAN;T32-B02;X-TRAIL / 1.6 / DCI 4X4;Japonska ;JPN;osebni avtomobil;186;vecnamensko vozilo;X-TRAIL 
96;1675;5.3;1;NISSAN;T32-AA09;X-TRAIL / 1.6 / DCI AUT.;Japonska ;JPN;osebni avtomobil;180;vecnamensko vozilo;X-TRAIL 
96;1655;5.3;1;NISSAN;T32-B01;X-TRAIL / 1.6 / DCI 4X4;Japonska ;JPN;osebni avtomobil;186;vecnamensko vozilo;X-TRAIL 
96;1640;5.3;1;NISSAN;J10-N02;QASHQAI+2 / 1.6 / DCI 4x4;Zdruûeno kraljestvo;GBR;osebni avtomobil;187;vecnamensko vozilo;QASHQAI+2 
96;1733;5.3;1;OPEL;FY11-1A09B6BDGKK5;INSIGNIA / CAR. 2.0 / DT 16V;Nemcija;DEU;osebni avtomobil;203;karavan;INSIGNIA 
96;1571;5.3;1;OPEL;BF11-1AAGA9MFFK5;MERIVA / 1.7 / DTI 16V;Nemcija;DEU;osebni avtomobil;196;vecnamensko vozilo;MERIVA 
96;1571;5.3;1;OPEL;BF11-1AAGA9MFFK5;MERIVA / 1.7 / DTI 16V;Nemcija;DEU;osebni avtomobil;182;vecnamensko vozilo;MERIVA 
96;1550;5.3;1;OPEL;BF11-1AAFA9MFFK5;MERIVA / 1.7 / DTI 16V;Nemcija;DEU;osebni avtomobil;196;vecnamensko vozilo;MERIVA 
96;1534;5.3;1;OPEL;JMYXFXX-D77DDX8X88B;MOKKA / 1.7 / DTI AUT.;Nemcija;DEU;osebni avtomobil;184;vecnamensko vozilo;MOKKA 
96;1534;5.3;1;OPEL;JNYXFXX-D77DDX8X88B;MOKKA / 1.7 / DTI AUT;Nemcija;DEU;osebni avtomobil;184;karavan;MOKKA 
96;1503;5.3;1;OPEL;BF11-1AAFA9MFFK5;MERIVA / 1.7 / DTI 16V;Nemcija;DEU;osebni avtomobil;182;vecnamensko vozilo;MERIVA 
96;1435;5.3;1;OPEL;ZCYHZJ-C2F000;GRANDLAND X / 1.5 / CDTI;Nemcija;DEU;osebni avtomobil;195;vecnamensko vozilo;GRANDLAND X 
96;1392;5.3;1;OPEL;ZCYHZR-C2F000;GRANDLAND X / 1.5 / CDTI AUT.;Nemcija;DEU;osebni avtomobil;192;vecnamensko vozilo;GRANDLAND X 
96;1350;5.3;0;OPEL;ZRHNSR-C1B000;GRANDLAND X / 1.2 / TURBO AUT.;Nemcija;DEU;osebni avtomobil;188;vecnamensko vozilo;GRANDLAND X 
96;1280;5.3;0;OPEL;CA027DD12-BW1BAUKH315;ASTRA+ / 1.2 / TURBO;Nemcija;DEU;osebni avtomobil;215;vozilo z dviûnimi vrati zadaj;ASTRA+ 
96;1280;5.3;0;OPEL;CA027DD12-BD1BAUKH325;ASTRA / 1.2 / TURBO;Nemcija;DEU;osebni avtomobil;215;vozilo z dviûnimi vrati zadaj;ASTRA 
96;1647;5.3;1;PEUGEOT;MCYHZU-S2PF00;5008 / 1.5 / HDI AUT.;Francija;FRA;osebni avtomobil;190;vecnamensko vozilo;5008
96;1617;5.3;1;PEUGEOT;MCYHZR-S2U000;5008 / 1.5 / HDI AUT.;Francija;FRA;osebni avtomobil;190;vecnamensko vozilo;5008
96;1616;5.3;1;PEUGEOT;ECYHZ2-A2C310;RIFTER / 1.5 / HDI L1;Francija;FRA;osebni avtomobil;187;vecnamensko vozilo;RIFTER 
96;1589;5.3;1;PEUGEOT;MCYHZJ-S2F000;5008 / 1.5 / HDI;Francija;FRA;osebni avtomobil;191;vecnamensko vozilo;5008
96;1578;5.3;1;PEUGEOT;MCYHZJ-S2U000;5008 / 1.5 / HDI;Francija;FRA;osebni avtomobil;191;vecnamensko vozilo;5008
96;1572;5.3;1;PEUGEOT;MCYHZU-C2PC00;3008 / 1.5 / HDI AUT.;Francija;FRA;osebni avtomobil;189;vecnamensko vozilo;3008
96;1568;5.3;1;PEUGEOT;MCYHZJ-C2F000;3008 / 1.5 / HDI;Francija;FRA;osebni avtomobil;192;vecnamensko vozilo;3008
96;1567;5.3;1;PEUGEOT;MCYHZR-C2U000;3008 / 1.5 / HDI AUT.;Francija;FRA;osebni avtomobil;192;vecnamensko vozilo;3008
96;1521;5.3;0;PEUGEOT;MRHNSJ-S1F000;5008 / 1.2 /;Francija;FRA;osebni avtomobil;188;vecnamensko vozilo;5008
96;1476;5.3;0;PEUGEOT;MRHNSJ-C1B000;3008 / 1.2 /;Francija;FRA;osebni avtomobil;188;vecnamensko vozilo;3008
96;1279;5.3;0;PEUGEOT;LRHNSP-R1F000;308 / BREAK 1.2 / i;Francija;FRA;osebni avtomobil;210;vecnamensko vozilo;308
96;1277;5.3;1;SEAT;SCASZX01-SGFM6A8003L20GZ;IBIZA / 1.9;äpanija;ESP;osebni avtomobil;206;vozilo z dviûnimi vrati zadaj;IBIZA 
96;1353;5.3;1;äKODA;SCBLTX01-NFM6FM6A8006MALLE0GGS5;FABIA / 1.9;Ceöka republika;CZE;osebni avtomobil;206;vozilo z dviûnimi vrati zadaj;FABIA 
96;1320;5.3;1;äKODA;SCBLTX01-NFM6FM6A8006ALLE0GGS5;FABIA / 1.9 / TDI;Ceöka republika;CZE;osebni avtomobil;206;vozilo z dviûnimi vrati zadaj;FABIA 
96;1610;5.3;1;TOYOTA;ECYHZ2-A2C300(1D);PROACE City Verso / 1.5 / D;äpanija;ESP;osebni avtomobil;187;vecnamensko vozilo;PROACE City Verso 
96;1644;5.3;1;VOLKSWAGEN;3BG 62400F;PASSAT / VAR. 1.9 / TDI 4M;Nemcija;DEU;osebni avtomobil;197;karavan;PASSAT 
96;1536;5.3;1;VOLKSWAGEN;3BG 61402U;PASSAT / VAR. 1.9 / TDI;Nemcija;DEU;osebni avtomobil;201;karavan;PASSAT 
96;1523;5.3;1;VOLKSWAGEN;3BG 61402P 7;PASSAT / VARIANT 1.9 / TDI;Nemcija;DEU;osebni avtomobil;201;karavan;PASSAT 
96;1403;5.3;1;VOLKSWAGEN;1J-AJM;GOLF / 1.9 / TDI;Nemcija;DEU;osebni avtomobil;160;karavan;GOLF 
96;1312;5.3;1;VOLKSWAGEN;ABSBLTX01-FM6FM6A80061N1M0GG;POLO / 1.9 / TDI;Nemcija;DEU;osebni avtomobil;206;vozilo z dviûnimi vrati zadaj;POLO 
96;1306;5.3;0;VOLKSWAGEN;ACDPBAX0-FM6FM6AJ015N4BFSON1VL1AVR2AGA;GOLF / 1.5 / TSI;Nemcija;DEU;osebni avtomobil;214;karavan;GOLF 
96;1640;5.4;1;AUDI;8E-AVF;A4 / 1.9 / TDI;Nemcija;DEU;osebni avtomobil;206;karavan;A4 
96;1535;5.4;1;AUDI;8E-AVF;A 4 / 1.9;Nemcija;DEU;osebni avtomobil;206;karavan;A 4 
96;1530;5.4;1;AUDI;8E-AVF;A4 / 1.9 / TDI;Nemcija;DEU;osebni avtomobil;208;karavan;A4 
96;1530;5.4;1;AUDI;8E-AVF;A4 / AVANT 1.9 / TDI / 130CV;Nemcija;DEU;osebni avtomobil;182;karavan;A4 
96;1498;5.4;1;AUDI;8E-AVF;A4 / 1.9 / TDI;Nemcija;DEU;osebni avtomobil;206;limuzina;A4 
96;1470;5.4;1;AUDI;8E-AWX;A4 / 1.9 / TDI;Nemcija;DEU;osebni avtomobil;208;limuzina;A4 
96;1450;5.4;1;AUDI;8E-AVF;A 4 / 1.9;Nemcija;DEU;osebni avtomobil;210;karavan;A 4 
96;1395;5.4;1;AUDI;8E-AWX;A 4 / 1.9;Nemcija;DEU;osebni avtomobil;208;limuzina;A 4 
96;1395;5.4;1;AUDI;8E-AWX;A 4 / 1.9;Nemcija;DEU;osebni avtomobil;208;karavan;A 4 
96;1701;5.4;1;CITROEN;ECYHZ2-D2C300;BERLINGO / 1.5 / HDI L2;Francija;FRA;osebni avtomobil;187;vecnamensko vozilo;BERLINGO 
96;1695;5.4;1;CITROEN;ECYHZ2-C2C300;BERLINGO / 1.5 / HDI L2;Francija;FRA;osebni avtomobil;187;vecnamensko vozilo;BERLINGO 
96;1620;5.4;1;CITROEN;3AYHZR/1S;C4 SPACETOURER / 1.5 / HDI AUT.;Francija;FRA;osebni avtomobil;198;vecnamensko vozilo;C4 SPACETOURER 
96;1589;5.4;1;CITROEN;ACYHZR-C2B000;C5 AIRCROSS / 1.5 / HDI AUT.;Francija;FRA;osebni avtomobil;188;vecnamensko vozilo;C5 AIRCROSS 
96;1560;5.4;1;CITROEN;ACYHZR-C2F000;C5 AIRCROSS / 1.5 / HDI AUT.;Francija;FRA;osebni avtomobil;188;vecnamensko vozilo;C5 AIRCROSS 
96;1340;5.4;0;CITROEN;BAHNSA-A1B600;C4 / 1.2 /;Francija;FRA;osebni avtomobil;208;vozilo z dviûnimi vrati zadaj;C4 
96;1384;5.4;0;HONDA;RU101-5;HR-V / 1.5 / CVT;Mehika;MEX;osebni avtomobil;187;vecnamensko vozilo;HR-V 
96;1750;5.4;1;NISSAN;T32-B06;X-TRAIL / 1.6 / DCI 4x4;Japonska ;JPN;osebni avtomobil;186;vecnamensko vozilo;X-TRAIL 
96;1749;5.4;1;NISSAN;T32BB05;X-TRAIL / 1.6 / DCI 4x4;Japonska ;JPN;osebni avtomobil;186;vecnamensko vozilo;X-TRAIL 
96;1690;5.4;1;NISSAN;T32-B05;X-TRAIL / 1.6 / DCI 4x4;Japonska ;JPN;osebni avtomobil;186;vecnamensko vozilo;X-TRAIL 
96;1733;5.4;1;OPEL;DAHAA12-BA1N4BGDB5;INSIGNIA / 2.0 / DT 16V AUT.;Nemcija;DEU;osebni avtomobil;198;karavan;INSIGNIA 
96;1392;5.4;1;OPEL;ZCYHZJ-C2B000;GRANDLAND X / 1.5 / CDTI;Nemcija;DEU;osebni avtomobil;195;vecnamensko vozilo;GRANDLAND X 
96;1350;5.4;0;OPEL;ZRHNYH-C1B000;GRANDLAND X / 1.2 / TURBO;Nemcija;DEU;osebni avtomobil;185;vecnamensko vozilo;GRANDLAND X 
96;1696;5.4;1;PEUGEOT;ECYHZ2-C2C310;RIFTER / 1.5 / HDI L2;Francija;FRA;osebni avtomobil;187;vecnamensko vozilo;RIFTER 
96;1655;5.4;1;PEUGEOT;MCYHZU-S2PC00;5008 / 1.5 / HDI AUT.;Francija;FRA;osebni avtomobil;190;vecnamensko vozilo;5008
96;1644;5.4;1;PEUGEOT;MCYHZU-S2PF00;5008 / 1.5 / HDI AUT.;Francija;FRA;osebni avtomobil;190;vecnamensko vozilo;5008
96;1635;5.4;1;PEUGEOT;MCYHZR-C2K000;3008 / 1.5 / HDI AUT.;Francija;FRA;osebni avtomobil;192;vecnamensko vozilo;3008
96;1635;5.4;1;PEUGEOT;MCYHZR-S2F000;5008 / 1.5 / HDI AUT.;Francija;FRA;osebni avtomobil;190;vecnamensko vozilo;5008
96;1600;5.4;1;PEUGEOT;MCYHZJ-C2B000;3008 / 1.5 / HDI;Francija;FRA;osebni avtomobil;192;vecnamensko vozilo;3008
96;1573;5.4;1;PEUGEOT;MCYHZR-C2F000;3008 / 1.5 / HDI AUT.;Francija;FRA;osebni avtomobil;192;vecnamensko vozilo;3008
96;1511;5.4;0;PEUGEOT;MRHNYH-S1B000;5008 / 1.2 /;Francija;FRA;osebni avtomobil;188;vecnamensko vozilo;5008
96;1442;5.4;0;PEUGEOT;MRHNYH-C1B000;3008 / 1.2 /;Francija;FRA;osebni avtomobil;188;vecnamensko vozilo;3008
96;1279;5.4;0;PEUGEOT;LRHNSP-R1P000;308 / BREAK 1.2 / i;Francija;FRA;osebni avtomobil;210;vecnamensko vozilo;308
96;1269;5.4;0;PEUGEOT;UPHNSS-J1BC00;208 / 1.2 / AUT.;Francija;FRA;osebni avtomobil;208;vozilo z dviûnimi vrati zadaj;208
96;1318;5.4;0;SEAT;BDPBAX0-FM6SFM6AJ0154BFVL1AAH;LEON / 1.5 / TSI;äpanija;ESP;osebni avtomobil;210;karavan;LEON 
96;1302;5.4;0;SEAT;BDPBAX0-FM6SFM6AJ0154BFVL1AAF;LEON / 1.5 / TSI;äpanija;ESP;osebni avtomobil;213;karavan;LEON 
96;1357;5.4;1;äKODA;1U SEASZX01-FM6FM62M005N0GZ;OCTAVIA / COMBI 1.9;Ceöka republika;CZE;osebni avtomobil;207;karavan;OCTAVIA 
96;1353;5.4;1;äKODA;SCASZX01-NFM6FM6A8006MALLE0GZS5;FABIA / 1.9 / TDI;Ceöka republika;CZE;osebni avtomobil;206;vozilo z dviûnimi vrati zadaj;FABIA 
96;1348;5.4;1;äKODA;SCBLTX01-NFM6FM6A8006MALLE0GGS5;FABIA / 1.9;Ceöka republika;CZE;osebni avtomobil;206;vozilo z dviûnimi vrati zadaj;FABIA 
96;1699;5.4;1;TOYOTA;ECYHZ2-B2C300(1E);PROACE City Verso / 1.5 / D;Belgija;BEL;osebni avtomobil;187;vecnamensko vozilo;PROACE City Verso 
96;1505;5.4;1;VOLKSWAGEN;1JBVASZX01-SGFM62M001N41N10GE;BORA / VAR. 1.9 / TDI;Nemcija;DEU;osebni avtomobil;205;karavan;BORA 
96;1442;5.4;1;VOLKSWAGEN;3-BG;PASSAT / 1.9 / TDI;Nemcija;DEU;osebni avtomobil;208;limuzina;PASSAT 
96;1430;5.4;1;VOLKSWAGEN;BVASZX01-SGFM62M001N41N10GE;BORA / VAR. 1.9 / TDI;Nemcija;DEU;osebni avtomobil;205;karavan;BORA 
96;1415;5.4;1;VOLKSWAGEN;SCASZX01-SGFM62M005N41N10GE;GOLF / 1.9 / TDI;Nemcija;DEU;osebni avtomobil;205;vozilo z dviûnimi vrati zadaj;GOLF 
96;1414;5.4;1;VOLKSWAGEN;1J;GOLF / 1.9 / TDI / 4 MOTION;Nemcija;DEU;osebni avtomobil;205;vozilo z dviûnimi vrati zadaj;GOLF 
96;1325;5.4;0;VOLKSWAGEN;ACDPBAX0-FM6FM6AJ026N4BISON1VL1AVR2AIM;GOLF / 1.5 / TSI;Nemcija;DEU;osebni avtomobil;214;karavan;GOLF 
96;1315;5.4;0;VOLKSWAGEN;ACDPBAX0-FM6FM6AJ015N4BFOVL1AVR2AG;GOLF / 1.5 / TSI;Nemcija;DEU;osebni avtomobil;214;karavan;GOLF 
96;1306;5.4;0;VOLKSWAGEN;ACDPBAX0-FM6FM6AJ015N4BFSON1VL1AVR2AGA;GOLF / 1.5 / TSI;Nemcija;DEU;osebni avtomobil;214;karavan;GOLF 
96;1470;5.5;1;AUDI;8E-AWX;A 4 / 1.9;Nemcija;DEU;osebni avtomobil;210;limuzina;A 4 
96;1470;5.5;1;AUDI;8ELAWXF1-FM52FCR8E500;A4 / 1.9 / TDI;Nemcija;DEU;osebni avtomobil;207;limuzina;A4 
96;1363;5.5;1;AUDI;LAWXF1-FM52FCR8E50N;A4 / 1.9 / TDI;Nemcija;DEU;osebni avtomobil;210;limuzina;A4 
96;1730;5.5;1;CITROEN;ECYHZ2-D2C300;BERLINGO / 1.5 / HDI L2;Francija;FRA;osebni avtomobil;187;vecnamensko vozilo;BERLINGO 
96;1654;5.5;1;CITROEN;ECYHZJ-C2P000;BERLINGO / 1.5 / HDI L2;Francija;FRA;osebni avtomobil;186;vecnamensko vozilo;BERLINGO 
96;1649;5.5;1;CITROEN;ECYHZJ-A2P000;BERLINGO / 1.5 / HDI L1;Francija;FRA;osebni avtomobil;186;vecnamensko vozilo;BERLINGO 
96;1568;5.5;1;CITROEN;ACYHZR-C2F000;C5 AIRCROSS / 1.5 / HDI AUT.;Francija;FRA;osebni avtomobil;188;vecnamensko vozilo;C5 AIRCROSS 
96;1473;5.5;1;OPEL;ECYHZJ-A2P000;COMBO LIFE / 1.5 / DTH;Nemcija;DEU;osebni avtomobil;186;vecnamensko vozilo;COMBO LIFE 
96;1435;5.5;1;OPEL;ZCYHZJ-C2B000;GRANDLAND X / 1.5 / CDTI;Nemcija;DEU;osebni avtomobil;195;vecnamensko vozilo;GRANDLAND X 
96;1392;5.5;1;OPEL;ZCYHZR-C2B000;GRANDLAND X / 1.5 / CDTI AUT.;Nemcija;DEU;osebni avtomobil;192;vecnamensko vozilo;GRANDLAND X 
96;1355;5.5;0;OPEL;DA027DD12-BT2BAUKH315;ASTRA+ / ST 1.2 / TURBO;Nemcija;DEU;osebni avtomobil;215;karavan;ASTRA+ 
96;1350;5.5;0;OPEL;ZRHNYW-C1B000;GRANDLAND X / 1.2 / TURBO AUT.;Nemcija;DEU;osebni avtomobil;188;vecnamensko vozilo;GRANDLAND X 
96;1717;5.5;1;PEUGEOT;ECYHZ2-C2C310;RIFTER / 1.5 / HDI L2;Francija;FRA;osebni avtomobil;187;vecnamensko vozilo;RIFTER 
96;1695;5.5;1;PEUGEOT;ECYHZ2-D2C310;RIFTER / 1.5 / HDI L2;Francija;FRA;osebni avtomobil;187;vecnamensko vozilo;RIFTER 
96;1633;5.5;1;PEUGEOT;MCYHZJ-S2B000;5008 / 1.5 / HDI;Francija;FRA;osebni avtomobil;191;vecnamensko vozilo;5008
96;1594;5.5;1;PEUGEOT;MCYHZJ-C2B000;3008 / 1.5 / HDI;Francija;FRA;osebni avtomobil;192;vecnamensko vozilo;3008
96;1592;5.5;1;PEUGEOT;MCYHZR-C2B000;3008 / 1.5 / HDI AUT.;Francija;FRA;osebni avtomobil;192;vecnamensko vozilo;3008
96;1581;5.5;1;PEUGEOT;ECYHZJ-A2P010;RIFTER / 1.5 / HDI L1;Francija;FRA;osebni avtomobil;186;vecnamensko vozilo;RIFTER 
96;1463;5.5;0;PEUGEOT;MRHNYW-C1B000;3008 / 1.2 / AUT.;Francija;FRA;osebni avtomobil;188;vecnamensko vozilo;3008
96;1463;5.5;0;PEUGEOT;MRHNYW-C1B000;3008 / 1.2 / AUT.;Francija;FRA;osebni avtomobil;188;vozilo za posebne namene;3008
96;1278;5.5;0;PEUGEOT;LPHNSJ-C12000;308 / 1.2;Francija;FRA;osebni avtomobil;188;vozilo z dviûnimi vrati zadaj;308
96;1273;5.5;0;PEUGEOT;USHNSK-R1B700;2008 / 1.2 /;Francija;FRA;osebni avtomobil;196;vecnamensko vozilo;2008
96;1578;5.5;1;RENAULT;JZ1SA6;GRAND SCENIC / 1.9 / DCI;Francija;FRA;osebni avtomobil;195;vozilo z dviûnimi vrati zadaj;GRAND SCENIC 
96;1568;5.5;1;RENAULT;JZ0NA6;GRAND SCENIC / 1.9 / DCI;Francija;FRA;osebni avtomobil;195;vozilo z dviûnimi vrati zadaj;GRAND SCENIC 
96;1505;5.5;1;RENAULT;JZ1S06;SCENIC / 1.9 / DCI;Francija;FRA;osebni avtomobil;195;vozilo z dviûnimi vrati zadaj;SCENIC 
96;1345;5.5;1;RENAULT;BMK406;MEGANE / 1.9 / DCI;Francija;FRA;osebni avtomobil;200;vozilo z dviûnimi vrati zadaj;MEGANE 
96;1362;5.5;0;SEAT;FDPBAX0-FM6SFM6AJ0154BFVL1AAH;LEON SPORTSTOURER / 1.5 / TSI;äpanija;ESP;osebni avtomobil;213;karavan;LEON SPORTSTOURER 
96;1239;5.5;0;SEAT;BDPBAX0V-FM6SFM6AJ0154BFVLO51BAC;LEON / 1.5 / TSI;äpanija;ESP;osebni avtomobil;206;karavan;LEON 
96;1639;5.5;1;TOYOTA;ECYHZJ-A2P000(1A);PROACE City Verso / 1.5 / D;äpanija;ESP;osebni avtomobil;186;vecnamensko vozilo;PROACE City Verso 
96;1659;5.5;1;VOLKSWAGEN;3BG-AVF;PASSAT / VARIANT / 1.9 / TDI;Nemcija;DEU;osebni avtomobil;184;karavan;PASSAT 
96;1370;5.5;1;VOLKSWAGEN;1J-ASZ;BORA / 1.9;Nemcija;DEU;osebni avtomobil;205;limuzina;BORA 
96;1366;5.5;0;VOLKSWAGEN;ACDPBAX0-FM6FM6AJ026N4BISON1VL1AVR2AIM;GOLF / 1.5 / TSI;Nemcija;DEU;osebni avtomobil;214;karavan;GOLF 
96;1348;5.5;0;VOLKSWAGEN;ACDPBAX0-FM6FM6AJ026N4BISON1VL1BVR2AI0;GOLF / 1.5 / TSI;Nemcija;DEU;osebni avtomobil;214;karavan;GOLF 
96;1315;5.5;0;VOLKSWAGEN;ACDPBAX0-FM6FM6AJ015N4BFOVL1BVR2AG;GOLF / 1.5 / TSI;Nemcija;DEU;osebni avtomobil;214;karavan;GOLF 
96;1306;5.5;0;VOLKSWAGEN;ACDPBAX0-FM6FM6AJ015N4BFOVL1BVR2AGB;GOLF / 1.5 / TSI;Nemcija;DEU;osebni avtomobil;214;karavan;GOLF 
96;1608;5.6;1;AUDI;8EAAVFF1-FAVJ00R8E500;A4 / AVANT 1.9 / TDI AUT.;Nemcija;DEU;osebni avtomobil;200;karavan;A4 
96;1595;5.6;1;AUDI;AAWXF1-FM52FCR8E50O;A4 / AVANT 1.9 / TDI;Nemcija;DEU;osebni avtomobil;208;karavan;A4 
96;1595;5.6;1;AUDI;8E-AWX;A4 / AVANT 1.9 / TDI;Nemcija;DEU;osebni avtomobil;204;karavan;A4 
96;1595;5.6;1;AUDI;8E-AAVFF1;A4 / AVANT 1.9 / TDI AUT.;Nemcija;DEU;osebni avtomobil;200;karavan;A4 
96;1572;5.6;1;AUDI;8EAAWXF1-FM52FCR8E500;A4 / AVANT 1.9 / TDI;Nemcija;DEU;osebni avtomobil;204;karavan;A4 
96;1571;5.6;1;AUDI;8EAAWXF1-FM52FCR8E500;A4 / AVANT 1.9 / TDI;Nemcija;DEU;osebni avtomobil;208;karavan;A4 
96;1563;5.6;1;AUDI;8E;A4 / 1.9 / TDI;Nemcija;DEU;osebni avtomobil;204;karavan;A4 
96;1562;5.6;1;AUDI;LAVFQ1-QM6EBAR8E50P;A4 / 1.9 / TDI;Nemcija;DEU;osebni avtomobil;207;limuzina;A4 
96;1540;5.6;1;AUDI;8ELAWXF1-FM52FCR8E500;A4 / 1.9 / TDI;Nemcija;DEU;osebni avtomobil;207;limuzina;A4 
96;1535;5.6;1;AUDI;8E;A 4 / 1.9;Nemcija;DEU;osebni avtomobil;206;karavan;A 4 
96;1535;5.6;1;AUDI;8E-AVF;A 4 / AVANT 1.9;Nemcija;DEU;osebni avtomobil;203;karavan;A 4 
96;1525;5.6;1;AUDI;8E-AWX;A 4 / AVANT 1.9;Nemcija;DEU;osebni avtomobil;208;karavan;A 4 
96;1525;5.6;1;AUDI;8E-AWX;A 4 / AVANT 1.9;Nemcija;DEU;osebni avtomobil;204;karavan;A 4 
96;1524;5.6;1;AUDI;8ELAWXF1-FM52FCR8E500;A 4 / 1.9;Nemcija;DEU;osebni avtomobil;207;limuzina;A 4 
96;1520;5.6;1;AUDI;8E;A4 / 1.9 / TDI;Nemcija;DEU;osebni avtomobil;206;karavan;A4 
96;1520;5.6;1;AUDI;8E-AAWXF1;A4 / AVANT 1.9 / TDI;Nemcija;DEU;osebni avtomobil;200;karavan;A4 
96;1520;5.6;1;AUDI;8E;A4 / 1.9 / TDI;Nemcija;DEU;osebni avtomobil;191;karavan;A4 
96;1504;5.6;1;AUDI;AAWXF1-FM52FCR8E50O;A4 / AVANT 1.9 / TDI;Nemcija;DEU;osebni avtomobil;204;karavan;A4 
96;1482;5.6;1;AUDI;8E LAVFF1-FAVJ00R8E50O;A 4 / 1.9;Nemcija;DEU;osebni avtomobil;205;limuzina;A 4 
96;1470;5.6;1;AUDI;8E-AWX;A4 / 1.9 / TDI;Nemcija;DEU;osebni avtomobil;210;limuzina;A4 
96;1470;5.6;1;AUDI;LAWXF1-FM52FCR8E500;A4 / 1.9 / TDI;Nemcija;DEU;osebni avtomobil;207;limuzina;A4 
96;1467;5.6;1;AUDI;LAWXF1-FM52FCR8E50O;A4 / 1.9 / TDI;Nemcija;DEU;osebni avtomobil;207;limuzina;A4 
96;1387;5.6;1;AUDI;LAWXF1-FM52FCR8E50O;A4 / 1.9 / TDI;Nemcija;DEU;osebni avtomobil;210;limuzina;A4 
96;1700;5.6;1;CITROEN;ECYHZJ-D2P000;BERLINGO / 1.5 / HDI L2;Francija;FRA;osebni avtomobil;186;vecnamensko vozilo;BERLINGO 
96;1687;5.6;1;CITROEN;ECYHZJ-C2P000;BERLINGO / 1.5 / HDI L2;Francija;FRA;osebni avtomobil;186;vecnamensko vozilo;BERLINGO 
96;1666;5.6;1;CITROEN;ECYHZJ-A2P000;BERLINGO / 1.5 / HDI L1;Francija;FRA;osebni avtomobil;186;vecnamensko vozilo;BERLINGO 
96;1635;5.6;1;CITROEN;ECYHZR-A2P000;BERLINGO / 1.5 / HDI L1 AUT.;Francija;FRA;osebni avtomobil;184;vecnamensko vozilo;BERLINGO 
96;1617;5.6;1;CITROEN;ECYHZR-A2P000;BERLINGO / 1.5 / HDI L1 AUT.;Francija;FRA;osebni avtomobil;184;vozilo za posebne namene;BERLINGO 
96;1604;5.6;1;CITROEN;ECYHZR-A22000;BERLINGO / 1.5 / HDI L1 AUT.;Francija;FRA;osebni avtomobil;184;vecnamensko vozilo;BERLINGO 
96;1585;5.6;1;CITROEN;ACYHZR-C2F000;C5 AIRCROSS / 1.5 / HDI AUT.;Francija;FRA;osebni avtomobil;188;vecnamensko vozilo;C5 AIRCROSS 
96;1348;5.6;0;HONDA;RU101-1;HR-V / 1.5 /;Mehika;MEX;osebni avtomobil;192;vecnamensko vozilo;HR-V 
96;1505;5.6;1;JAGUAR;AF52T-64;X-TYPE / 2.0 / DI4;Zdruûeno kraljestvo;GBR;osebni avtomobil;201;limuzina;X-TYPE 
96;1492;5.6;1;JAGUAR;RAB1-5HHHF;X TYPE / 2.0;Zdruûeno kraljestvo;GBR;osebni avtomobil;201;limuzina;X TYPE 
96;1492;5.6;1;JAGUAR;RAB1-5HHHF;X-TYPE / 2.0 / DI4;Zdruûeno kraljestvo;GBR;osebni avtomobil;201;limuzina;X-TYPE 
96;1417;5.6;1;JAGUAR;CF1-RAB1 5HHHF;X  TYPE / 2.0 / DI4;Zdruûeno kraljestvo;GBR;osebni avtomobil;201;limuzina;X  TYPE 
96;1788;5.6;1;OPEL;FL11-1AALC8BGHJH5;INSIGNIA / CAR. 2.0 / DT 16V AUT.;Nemcija;DEU;osebni avtomobil;198;karavan;INSIGNIA 
96;1505;5.6;1;OPEL;ECYHZJ-A2F000;COMBO LIFE / 1.5 / CDTI;Nemcija;DEU;osebni avtomobil;186;vecnamensko vozilo;COMBO LIFE 
96;1473;5.6;1;OPEL;ECYHZJ-C2P000;COMBO LIFE / 1.5 / DTH;Nemcija;DEU;osebni avtomobil;186;vecnamensko vozilo;COMBO LIFE 
96;1055;5.6;0;OPEL;UPHNSS-X1B300;CORSA / 1.2 / AUT.;Nemcija;DEU;osebni avtomobil;208;vozilo z dviûnimi vrati zadaj;CORSA 
96;1772;5.6;1;PEUGEOT;ECYHZJ-C2P010;RIFTER / 1.5 / HDI L2;Francija;FRA;osebni avtomobil;186;vozilo z dostopom za invalidski vozicek;RIFTER 
96;1667;5.6;1;PEUGEOT;MCYHZR-S2B000;5008 / 1.5 / HDI AUT.;Francija;FRA;osebni avtomobil;190;vecnamensko vozilo;5008
96;1652;5.6;1;PEUGEOT;MCYHZJ-S2B000;5008 / 1.5 / HDI;Francija;FRA;osebni avtomobil;191;vecnamensko vozilo;5008
96;1626;5.6;1;PEUGEOT;MCYHZR-C2B000;3008 / 1.5 / HDI AUT.;Francija;FRA;osebni avtomobil;192;vecnamensko vozilo;3008
96;1626;5.6;1;PEUGEOT;ECYHZJ-C2P010;RIFTER / 1.5 / HDI L2;Francija;FRA;osebni avtomobil;186;vecnamensko vozilo;RIFTER 
96;1623;5.6;1;PEUGEOT;ECYHZJ-A2P010;RIFTER / 1.5 / HDI L1;Francija;FRA;osebni avtomobil;186;vecnamensko vozilo;RIFTER 
96;1554;5.6;1;PEUGEOT;ECYHZR-A2P010;RIFTER / 1.5 / HDI L1 AUT.;Francija;FRA;osebni avtomobil;184;vecnamensko vozilo;RIFTER 
96;1390;5.6;0;PEUGEOT;LRHNSJ-R12000;308 / BREAK / 1.2;Francija;FRA;osebni avtomobil;188;vecnamensko vozilo;308
96;1335;5.6;0;PEUGEOT;USHNSK-R1B700;2008 / 1.2 /;Francija;FRA;osebni avtomobil;196;vecnamensko vozilo;2008
96;1317;5.6;0;PEUGEOT;USHNSK-R1B500;2008 / 1.2 /;Francija;FRA;osebni avtomobil;196;vecnamensko vozilo;2008
96;1296;5.6;0;PEUGEOT;LPHNSJ-C12000;308 / 1.2;Francija;FRA;osebni avtomobil;188;vozilo z dviûnimi vrati zadaj;308
96;1283;5.6;0;PEUGEOT;LPHNSJ-C1T300;308 / 1.2;Francija;FRA;osebni avtomobil;200;vozilo z dviûnimi vrati zadaj;308
96;1278;5.6;0;PEUGEOT;LPHNSJ-C12100;308 / 1.2;Francija;FRA;osebni avtomobil;200;vozilo z dviûnimi vrati zadaj;308
96;1615;5.6;1;RENAULT;JZ1SB6;GRAND SCENIC / 1.9 / DCI;Francija;FRA;osebni avtomobil;195;vecnamensko vozilo;GRAND SCENIC 
96;1605;5.6;1;RENAULT;JZ0NB6;GRAND SCENIC / 1.9 / DCI;Francija;FRA;osebni avtomobil;195;vecnamensko vozilo;GRAND SCENIC 
96;1578;5.6;1;RENAULT;JZ1SAD;GRAND SCENIC / 1.9 / DCI;Francija;FRA;osebni avtomobil;195;vozilo z dviûnimi vrati zadaj;GRAND SCENIC 
96;1568;5.6;1;RENAULT;JZ0NAD;GRAND SCENIC / 1.9 / DCI;Francija;FRA;osebni avtomobil;195;vozilo z dviûnimi vrati zadaj;GRAND SCENIC 
96;1568;5.6;1;RENAULT;JZ0NAD;GRAND SCENIC / 1.9 / DCI;Francija;FRA;osebni avtomobil;195;limuzina;GRAND SCENIC 
96;1505;5.6;1;RENAULT;JZ1S06;SCENIC / 1.9 / DCI;Francija;FRA;osebni avtomobil;195;vozilo z dviûnimi vrati zadaj;SCENIC 
96;1460;5.6;1;RENAULT;KG4VB6;LAGUNA / GRANDTOUR 1.9 / DCI;Francija;FRA;osebni avtomobil;197;karavan;LAGUNA 
96;1448;5.6;0;RENAULT;RFEHF2MR6ABA005000;KADJAR / 1.2 / 16V;Francija;FRA;osebni avtomobil;192;karavan;KADJAR 
96;1385;5.6;1;RENAULT;KMK406;MEGANE / GRANDTOUR 1.9 / DCI;Francija;FRA;osebni avtomobil;200;karavan;MEGANE 
96;1375;5.6;1;RENAULT;KMS406;MEGANE / GRANDTOUR 1.9 / DCI;Francija;FRA;osebni avtomobil;200;karavan;MEGANE 
96;1370;5.6;1;RENAULT;LMS406;MEGANE / SEDAN 1.9 / DCI;Francija;FRA;osebni avtomobil;200;limuzina;MEGANE 
96;1345;5.6;1;RENAULT;BMS406;MEGANE / 1.9 / DCI;Francija;FRA;osebni avtomobil;200;vozilo z dviûnimi vrati zadaj;MEGANE 
96;1325;5.6;1;RENAULT;CMK406;MEGANE / 1.9 / DCI;Francija;FRA;osebni avtomobil;200;vozilo z dviûnimi vrati zadaj;MEGANE 
96;1421;5.6;0;SEAT;FDPBAX0-FM6SFM6AJ0154BFVL1BAF;LEON SPORTSTOURER / 1.5 / TSI;äpanija;ESP;osebni avtomobil;213;karavan;LEON SPORTSTOURER 
96;1367;5.6;0;SEAT;SBDPBAX0-FM6SFM6AJ0264BIVL1BAF;LEON / 1.5 / TSI;äpanija;ESP;osebni avtomobil;208;karavan;LEON 
96;1302;5.6;0;SEAT;BDPBAX0-FM6SFM6AJ0154BFVL1BAD;LEON / 1.5 / TSI;äpanija;ESP;osebni avtomobil;213;karavan;LEON 
96;1271;5.6;0;SEAT;FDPBAX0V-FM6SFM6AJ0154BFVLO51BA;LEON SPORTOURER ST / 1.5 / TSI;äpanija;ESP;osebni avtomobil;206;karavan;LEON SPORTOURER ST 
96;1239;5.6;0;SEAT;BDPBAX0V-FM6SFM6AJ0154BFVLO51BA;LEON / 1.5 / TSI;äpanija;ESP;osebni avtomobil;206;karavan;LEON 
96;1635;5.6;1;TOYOTA;ECYHZR-A2P000(1B);PROACE City Verso / 1.5 / D AUT.;äpanija;ESP;osebni avtomobil;184;vecnamensko vozilo;PROACE City Verso 
96;1659;5.6;1;VOLKSWAGEN;3BG-AFV;PASSAT / VARIANT / 1.9 / TDI;Nemcija;DEU;osebni avtomobil;201;karavan;PASSAT 
96;1586;5.6;1;VOLKSWAGEN;3BG-AVF;PASSAT / VARIANT / 1.9 / TDI;Nemcija;DEU;osebni avtomobil;201;karavan;PASSAT 
96;1569;5.6;1;VOLKSWAGEN;3BG-AVF;PASSAT / VARIANT 1.9;Nemcija;DEU;osebni avtomobil;201;karavan;PASSAT 
96;1533;5.6;1;VOLKSWAGEN;3BG-AWX;PASSAT / VARIANT 1.9;Nemcija;DEU;osebni avtomobil;201;karavan;PASSAT 
96;1509;5.6;1;VOLKSWAGEN;3BG-AVF;PASSAT / VARIANT / 1.9 / TDI;Nemcija;DEU;osebni avtomobil;184;karavan;PASSAT 
96;1500;5.6;1;VOLKSWAGEN;3BG-AWX;PASSAT / 1.9 / TDI;Nemcija;DEU;osebni avtomobil;208;limuzina;PASSAT 
96;1484;5.6;1;VOLKSWAGEN;3BG;PASSAT / 1.9;Nemcija;DEU;osebni avtomobil;201;karavan;PASSAT 
96;1459;5.6;1;VOLKSWAGEN;3BG-AWX;PASSAT / VARIANT / 1.9 / TDI;Nemcija;DEU;osebni avtomobil;201;karavan;PASSAT 
96;1363;5.6;0;VOLKSWAGEN;ACDPBAX0-FM6FM6AJ026N4BISON1VL1BVR2AI0;GOLF / 1.5 / TSI;Nemcija;DEU;osebni avtomobil;214;karavan;GOLF 
96;1360;5.6;0;VOLKSWAGEN;VACDPBAX0-FM6FM6AJ015N4BFON1ML1BVR2A;GOLF / VARIANT 1.5 / TSI;Nemcija;DEU;osebni avtomobil;211;karavan;GOLF 
96;1310;5.6;0;VOLKSWAGEN;GAC4DPBAX0-FM6FM6AJ015N4BFON1ML1BVR2NA;GOLF / 1.5 / TSI;Nemcija;DEU;osebni avtomobil;210;karavan;GOLF 
96;1622;5.7;1;AUDI;8EAAVFF1-FAVJ00R8E50P;A4 / AVANT 1.9 / TDI;Nemcija;DEU;osebni avtomobil;200;karavan;A4 
96;1619;5.7;1;AUDI;8E-AVF;A4 / AVANT 1.9 / TDI V-AUT.;Nemcija;DEU;osebni avtomobil;200;karavan;A4 
96;1615;5.7;1;AUDI;AAVFF1-FM6EACR8E50O;A4 / AVANT 1.9 / TDI;Nemcija;DEU;osebni avtomobil;202;karavan;A4 
96;1611;5.7;1;AUDI;8EAAVFF1-FM6EACR8E500;A4 / AVANT 1.9 / TDI;Nemcija;DEU;osebni avtomobil;206;karavan;A4 
96;1610;5.7;1;AUDI;4B-AWX;A6 / AVANT 1.9 / TDI;Nemcija;DEU;osebni avtomobil;201;karavan;A6 
96;1605;5.7;1;AUDI;8EAAVFF1-FM6EACR8E500;A4 / AVANT 1.9 / TDI;Nemcija;DEU;osebni avtomobil;203;karavan;A4 
96;1602;5.7;1;AUDI;AAVFF1-FM6EACR8E50O;A4 / AVANT 1.9 / TDI;Nemcija;DEU;osebni avtomobil;206;karavan;A4 
96;1601;5.7;1;AUDI;AAVFF1-FM6EACR8E50O;A 4 / AVANT 1.9;Nemcija;DEU;osebni avtomobil;206;karavan;A 4 
96;1588;5.7;1;AUDI;8E-AVF;A4 / 1.9 / TDI;Nemcija;DEU;osebni avtomobil;210;limuzina;A4 
96;1585;5.7;1;AUDI;8E;A4 / 1.9 / TDI;Nemcija;DEU;osebni avtomobil;206;karavan;A4 
96;1577;5.7;1;AUDI;4BLAWXF1-FM52FCR920;A6 / 1.9 / TDI;Nemcija;DEU;osebni avtomobil;203;limuzina;A6 
96;1565;5.7;1;AUDI;AAVFF1-FM6EACR8E70P;A4 / AVANT 1.9 / TDI;Nemcija;DEU;osebni avtomobil;206;karavan;A4 
96;1563;5.7;1;AUDI;AAVFF1-FM6EACR8E50P;A4 / AVANT 1.9 / TDI;Nemcija;DEU;osebni avtomobil;206;karavan;A4 
96;1559;5.7;1;AUDI;LAVFF1-FM6EACR8E50O;A 4 / 1.9;Nemcija;DEU;osebni avtomobil;210;limuzina;A 4 
96;1558;5.7;1;AUDI;8E;A4 / 1.9 / TDI;Nemcija;DEU;osebni avtomobil;210;limuzina;A4 
96;1553;5.7;1;AUDI;LAVFF1-FM6EACR8E50O;A4 / 1.9 / TDI;Nemcija;DEU;osebni avtomobil;210;limuzina;A4 
96;1550;5.7;1;AUDI;8ELAVFF1-FM6EACR8E500;A4 / 1.9 / TDI;Nemcija;DEU;osebni avtomobil;210;limuzina;A4 
96;1549;5.7;1;AUDI;LAVFF1FM6EACR8E50O;A4 / 1.9 / TDI;Nemcija;DEU;osebni avtomobil;207;limuzina;A4 
96;1543;5.7;1;AUDI;8E AAVFF1-FAVJ00R8E50P;A 4 / AVANT 1.9;Nemcija;DEU;osebni avtomobil;200;karavan;A 4 
96;1535;5.7;1;AUDI;8E;A 4 / 1.9;Nemcija;DEU;osebni avtomobil;206;karavan;A 4 
96;1535;5.7;1;AUDI;8E;A 4 / 1.9;Nemcija;DEU;osebni avtomobil;203;karavan;A 4 
96;1532;5.7;1;AUDI;8E;A4 1.9 TDI;Nemcija;DEU;osebni avtomobil;208;karavan;A4 1.9 TDI
96;1530;5.7;1;AUDI;8EAAVFF1-FM6EACR8E500;A4 / AVANT 1.9 / TDI;Nemcija;DEU;osebni avtomobil;208;karavan;A4 
96;1530;5.7;1;AUDI;8E AAVFF1-FM6EACR8E50O;A 4 / AVANT 1.9;Nemcija;DEU;osebni avtomobil;206;karavan;A 4 
96;1526;5.7;1;AUDI;8E AAVFF1-FM6EACR8E50O;AUDI / A4 / AVANT 1.9 / TDI;Nemcija;DEU;osebni avtomobil;206;karavan;AUDI 
96;1525;5.7;1;AUDI;8E;A4 / 1.9 / TDI;Nemcija;DEU;osebni avtomobil;208;karavan;A4 
96;1525;5.7;1;AUDI;AAWXF1-FM52FCR8E50O;A4 / AVANT 1.9 / TDI;Nemcija;DEU;osebni avtomobil;204;karavan;A4 
96;1517;5.7;1;AUDI;8E AAVFF1-FM6EACR8E50O; /;Nemcija;DEU;osebni avtomobil;206;karavan;
96;1510;5.7;1;AUDI;8E;A4 / 1.9 / TDI;Nemcija;DEU;osebni avtomobil;204;karavan;A4 
96;1502;5.7;1;AUDI;8E LAVFF1-FM6EACR8E50O;A 4 / 1.9;Nemcija;DEU;osebni avtomobil;210;limuzina;A 4 
96;1501;5.7;1;AUDI;4B;A6 / 1.9 / TDI;Nemcija;DEU;osebni avtomobil;203;limuzina;A6 
96;1495;5.7;1;AUDI;8E LAVFF1-FM6EACR8E50O;AUDI / A4 / 1.9 /TDI;Nemcija;DEU;osebni avtomobil;210;limuzina;AUDI 
96;1491;5.7;1;AUDI;LAVFF1-FAVJ00R6E500;A4 / 1.9 / TDI V AUT;Nemcija;DEU;osebni avtomobil;208;limuzina;A4 
96;1480;5.7;1;AUDI;8ELAVFF1-FM6EACR8E500;A 4 / 1.9;Nemcija;DEU;osebni avtomobil;210;limuzina;A 4 
96;1480;5.7;1;AUDI;LAVFF1-FM6XA0R8E70O;A4 / 1.9 / TDI;Nemcija;DEU;osebni avtomobil;208;limuzina;A4 
96;1470;5.7;1;AUDI;8E;A4 / 1.9 / TDI;Nemcija;DEU;osebni avtomobil;207;limuzina;A4 
96;1275;5.7;1;AUDI;8L;A3 / 1.9 / TDI;Nemcija;DEU;osebni avtomobil;205;vozilo z dviûnimi vrati zadaj;A3 
96;1728;5.7;1;CITROEN;ECYHZJ-D2P000;BERLINGO / 1.5 / HDI L2;Francija;FRA;osebni avtomobil;186;vecnamensko vozilo;BERLINGO 
96;1707;5.7;1;CITROEN;ECYHZR-C2P000;BERLINGO / 1.5 / HDI L2 AUT.;Francija;FRA;osebni avtomobil;184;vecnamensko vozilo;BERLINGO 
96;1704;5.7;1;CITROEN;ECYHZJ-B2P000;BERLINGO / 1.5 / HDI L1;Francija;FRA;osebni avtomobil;186;vecnamensko vozilo;BERLINGO 
96;1695;5.7;1;CITROEN;ECYHZJ-A22000;BERLINGO / 1.5 / HDI L1;Francija;FRA;osebni avtomobil;186;vozilo za posebne namene;BERLINGO 
96;1657;5.7;1;CITROEN;ECYHZR-A2P000;BERLINGO / 1.5 / HDI L1 AUT.;Francija;FRA;osebni avtomobil;184;vecnamensko vozilo;BERLINGO 
96;1649;5.7;1;CITROEN;ECYHZJ-A22000;BERLINGO / 1.5 / HDI L1;Francija;FRA;osebni avtomobil;186;vecnamensko vozilo;BERLINGO 
96;1648;5.7;1;CITROEN;ECYHZR-A22000;BERLINGO / 1.5 / HDI L1 AUT.;Francija;FRA;osebni avtomobil;184;vecnamensko vozilo;BERLINGO 
96;1624;5.7;1;CITROEN;ECYHZJ-A2F000;BERLINGO / 1.5 / HDI L1;Francija;FRA;osebni avtomobil;186;vecnamensko vozilo;BERLINGO 
96;1617;5.7;1;CITROEN;ECYHZR-A2F000;BERLINGO / 1.5 / HDI L1 AUT.;Francija;FRA;osebni avtomobil;184;vecnamensko vozilo;BERLINGO 
96;1375;5.7;0;HONDA;RU101-2;HR-V / 1.5 /;Mehika;MEX;osebni avtomobil;192;vecnamensko vozilo;HR-V 
96;1733;5.7;1;OPEL;FL11-1AAMC8BGHJH5;INSIGNIA / CAR. 2.0 / DT 16V AUT.;Nemcija;DEU;osebni avtomobil;198;karavan;INSIGNIA 
96;1505;5.7;1;OPEL;ECYHZJ-A2F000;COMBO LIFE / 1.5 / CDTI;Nemcija;DEU;osebni avtomobil;186;vecnamensko vozilo;COMBO LIFE 
96;1473;5.7;1;OPEL;ECYHZJ-A2P000;COMBO LIFE / 1.5 / DTH;Nemcija;DEU;osebni avtomobil;186;vecnamensko vozilo;COMBO LIFE 
96;1263;5.7;0;OPEL;EA023DB12-BF1VAAPH0A5;CROSSLAND X / 1.2 / TURBO;Nemcija;DEU;osebni avtomobil;201;vecnamensko vozilo;CROSSLAND X 
96;1055;5.7;0;OPEL;UPHNSS-X1B300;CORSA / 1.2 / AUT.;Nemcija;DEU;osebni avtomobil;208;vozilo z dviûnimi vrati zadaj;CORSA 
96;1697;5.7;1;PEUGEOT;ECYHZJ-C2P010;RIFTER / 1.5 / HDI L2;Francija;FRA;osebni avtomobil;186;vecnamensko vozilo;RIFTER 
96;1677;5.7;1;PEUGEOT;MCYHZR-S2B000;5008 / 1.5 / HDI AUT.;Francija;FRA;osebni avtomobil;190;vecnamensko vozilo;5008
96;1645;5.7;1;PEUGEOT;ECYHZJ-A2F010;RIFTER / 1.5 / HDI L1;Francija;FRA;osebni avtomobil;186;vecnamensko vozilo;RIFTER 
96;1636;5.7;1;PEUGEOT;ECYHZR-C2P010;RIFTER / 1.5 / HDI L2 AUT.;Francija;FRA;osebni avtomobil;184;vecnamensko vozilo;RIFTER 
96;1634;5.7;1;PEUGEOT;ECYHZJ-D2P010;RIFTER / 1.5 / HDI L2;Francija;FRA;osebni avtomobil;186;vecnamensko vozilo;RIFTER 
96;1612;5.7;1;PEUGEOT;MCYHZR-C2B000;3008 / 1.5 / HDI AUT.;Francija;FRA;osebni avtomobil;192;vecnamensko vozilo;3008
96;1596;5.7;1;PEUGEOT;ECYHZR-A2P010;RIFTER / 1.5 / HDI L1 AUT.;Francija;FRA;osebni avtomobil;184;vecnamensko vozilo;RIFTER 
96;1398;5.7;0;PEUGEOT;LRHNSJ-R12000;308 / BREAK / 1.2;Francija;FRA;osebni avtomobil;188;vecnamensko vozilo;308
96;1341;5.7;0;PEUGEOT;USHNSK-R1B500;2008 / 1.2 /;Francija;FRA;osebni avtomobil;196;vecnamensko vozilo;2008
96;1321;5.7;0;PEUGEOT;USHNSK-R1B700;2008 / 1.2 /;Francija;FRA;osebni avtomobil;196;vecnamensko vozilo;2008
96;1291;5.7;0;PEUGEOT;UPHNSS-J1B100;208 / 1.2 / AUT.;Francija;FRA;osebni avtomobil;208;vozilo z dviûnimi vrati zadaj;208
96;1281;5.7;0;PEUGEOT;USHNSK-R1B300;2008 / 1.2 /;Francija;FRA;osebni avtomobil;196;vecnamensko vozilo;2008
96;2001;5.7;1;RENAULT;JKFHC6;ESPACE / 2.0 / DCI;Francija;FRA;osebni avtomobil;194;vecnamensko vozilo;ESPACE 
96;2001;5.7;1;RENAULT;JKFHC6;ESPACE / 2.0 / DCI;Francija;FRA;osebni avtomobil;184;vecnamensko vozilo;ESPACE 
96;1976;5.7;1;RENAULT;JKFHA6;ESPACE / 2.0 / DCI;Francija;FRA;osebni avtomobil;184;vecnamensko vozilo;ESPACE 
96;1430;5.7;1;RENAULT;EMK406;MEGANE / CABRIO 1.9 / DCI;Francija;FRA;osebni avtomobil;200;kabriolet;MEGANE 
96;1385;5.7;1;RENAULT;KMK406;MEGANE / GRANDTOUR 1.9 / DCI;Francija;FRA;osebni avtomobil;200;karavan;MEGANE 
96;1310;5.7;1;RENAULT;KMK406;MEGANE / GRANDTOUR 1.9 / DCI;Francija;FRA;osebni avtomobil;200;karavan;MEGANE 
96;1296;5.7;0;RENAULT;RJABE2MFBTA04A5000;CLIO / 1.3 / 16 V AUT.;Francija;FRA;osebni avtomobil;200;vozilo z dviûnimi vrati zadaj;CLIO 
96;1277;5.7;0;RENAULT;RJABE2MFBTA34A5000;CLIO / 1.3 / 16 V AUT.;Francija;FRA;osebni avtomobil;200;vozilo z dviûnimi vrati zadaj;CLIO 
96;1392;5.7;0;SEAT;SBDPBAX0-FM6SFM6AJ0264BIVL1BAF;LEON / 1.5 / TSI;äpanija;ESP;osebni avtomobil;208;karavan;LEON 
96;1271;5.7;0;SEAT;FDPBAX0V-FM6SFM6AJ0154BFVLO51BAC;LEON SPORTOURER ST / 1.5 / TSI;äpanija;ESP;osebni avtomobil;206;karavan;LEON SPORTOURER ST 
96;1580;5.7;1;äKODA;STAWXX01-FM5FM51W052O;SUPERB / 1.9;Ceöka republika;CZE;osebni avtomobil;205;limuzina;SUPERB 
96;1701;5.7;1;TOYOTA;ECYHZR-C2P000(1B);PROACE City Verso / 1.5 / D AUT.;äpanija;ESP;osebni avtomobil;184;vecnamensko vozilo;PROACE City Verso 
96;1659;5.7;1;VOLKSWAGEN;3BG-AVF;PASSAT / VARIANT  / 1.9 / TDI;Nemcija;DEU;osebni avtomobil;201;karavan;PASSAT 
96;1571;5.7;1;VOLKSWAGEN;3BG-AVF;PASSAT / 1.9 / TDI;Nemcija;DEU;osebni avtomobil;196;limuzina;PASSAT 
96;1551;5.7;1;VOLKSWAGEN;3BG-AWX;PASSAT / 1.9 / TDI;Nemcija;DEU;osebni avtomobil;208;limuzina;PASSAT 
96;1548;5.7;1;VOLKSWAGEN;STAVFX01-SGFM61E010NO0GZ;PASSAT / 1.9;Nemcija;DEU;osebni avtomobil;208;limuzina;PASSAT 
96;1545;5.7;1;VOLKSWAGEN;3BGSTAVFX01-SGFM61E010N00GZ;PASSAT / 1.9 / TDI;Nemcija;DEU;osebni avtomobil;208;karavan;PASSAT 
96;1540;5.7;1;VOLKSWAGEN;STAVFX01-SGFM61E010NO0GZ;PASSAT / 1.9 / TDI;Nemcija;DEU;osebni avtomobil;208;limuzina;PASSAT 
96;1533;5.7;1;VOLKSWAGEN;3BG-AWX;PASSAT / VARIANT 1.9;Nemcija;DEU;osebni avtomobil;201;karavan;PASSAT 
96;1528;5.7;1;VOLKSWAGEN;3BGSTAVFX01-SGFM61E010N00GZ;PASSAT / 1.9 / TDI;Nemcija;DEU;osebni avtomobil;208;limuzina;PASSAT 
96;1525;5.7;1;VOLKSWAGEN;3BGSTAVFX01-SGFM61E010N00GZ;PASSAT / 1.9 / TDI .;Nemcija;DEU;osebni avtomobil;208;limuzina;PASSAT 
96;1523;5.7;1;VOLKSWAGEN;3BG-AWX;PASSAT / VARIANT  / 1.9 / TDI;Nemcija;DEU;osebni avtomobil;201;karavan;PASSAT 
96;1520;5.7;1;VOLKSWAGEN;3BGSTAVFX01-SGFM61E01000GZ;PASSAT / 1.9 / TDI;Nemcija;DEU;osebni avtomobil;208;limuzina;PASSAT 
96;1509;5.7;1;VOLKSWAGEN;3BGSTAWXX01-SGFM51W052N00GE;PASSAT / 1.9 / TDI;Nemcija;DEU;osebni avtomobil;208;limuzina;PASSAT 
96;1491;5.7;1;VOLKSWAGEN;3BG-AVF;PASSAT / 1.9 / TDI;Nemcija;DEU;osebni avtomobil;208;limuzina;PASSAT 
96;1484;5.7;1;VOLKSWAGEN;3BG;PASSAT / 1.9;Nemcija;DEU;osebni avtomobil;201;karavan;PASSAT 
96;1478;5.7;1;VOLKSWAGEN;3BG STAVFX01-SGFM61E010NO0GZ;PASSAT / 1.9;Nemcija;DEU;osebni avtomobil;208;limuzina;PASSAT 
96;1476;5.7;1;VOLKSWAGEN;STAWXX01-SGFM51W052NO0GZ;PASSAT / 1.9 / TDI;Nemcija;DEU;osebni avtomobil;208;limuzina;PASSAT 
96;1466;5.7;1;VOLKSWAGEN;3BG STAVFX01-SGFM61E010NO0GZ;VOLKSWAGEN / PASSAT / 1.9 / TDI;Nemcija;DEU;osebni avtomobil;208;limuzina;VOLKSWAGEN 
96;1463;5.7;1;VOLKSWAGEN;STAVFX01-SGFM61E010NO0GE;PASSAT / 1.9 / TDI;Nemcija;DEU;osebni avtomobil;208;limuzina;PASSAT 
96;1460;5.7;0;VOLKSWAGEN;ACDPBAX0-FD7FD7CW005N4BISON1VL1BVR2A00;GOLF VARIANT / 1.5 / TSI AUT.;Nemcija;DEU;osebni avtomobil;213;karavan;GOLF VARIANT 
96;1458;5.7;1;VOLKSWAGEN;STAVFX01-SGFM61E010N00GE;PASSAT / 1.9 / TDI;Nemcija;DEU;osebni avtomobil;208;limuzina;PASSAT 
96;1457;5.7;1;VOLKSWAGEN;3BG;PASSAT / 1.9 / TDI;Nemcija;DEU;osebni avtomobil;208;limuzina;PASSAT 
96;1454;5.7;1;VOLKSWAGEN;3BG / STAFX01 / SGFM61E010NO0GE;PASSAT / 1.9 / TDI;Nemcija;DEU;osebni avtomobil;208;limuzina;PASSAT 
96;1442;5.7;1;VOLKSWAGEN;3BG-AVF;PASSAT / 1.9;Nemcija;DEU;osebni avtomobil;208;limuzina;PASSAT 
96;1409;5.7;1;VOLKSWAGEN;1J;GOLF / 1.9 / TDI;Nemcija;DEU;osebni avtomobil;205;karavan;GOLF 
96;1385;5.7;0;VOLKSWAGEN;SACDPBAX0-FM6FM6AJ015N4BFON1ML1AVR2A;GOLF / SPORTSVAN 1.5 / TSI;Nemcija;DEU;osebni avtomobil;202;karavan;GOLF 
96;1384;5.7;1;VOLKSWAGEN;STAVFX01-SGFM61E010NO;PASSAT / 1.9 / TDI;Nemcija;DEU;osebni avtomobil;208;limuzina;PASSAT 
96;1301;5.7;1;VOLKSWAGEN;1J;GOLF  1.9;Nemcija;DEU;osebni avtomobil;205;vozilo z dviûnimi vrati zadaj;GOLF  1.9
96;1665;5.8;1;AUDI;4B-AWX;A6 / AVANT 1.9 / TDI;Nemcija;DEU;osebni avtomobil;201;karavan;A6 
96;1640;5.8;1;AUDI;4BAAWXF1-FM52FCR92P;A6 / AVANT 1.9 / TDI;Nemcija;DEU;osebni avtomobil;201;karavan;A6 
96;1621;5.8;1;AUDI;4BAAWXF1-FM52FCR92P;A6 / AVANT 1.9 / TDI;Nemcija;DEU;osebni avtomobil;201;karavan;A6 
96;1616;5.8;1;AUDI;8E AAVFF1-FM6EACR8E50P;A 4 / AVANT 1.9;Nemcija;DEU;osebni avtomobil;206;karavan;A 4 
96;1615;5.8;1;AUDI;4B;A6 / 1.9 / TDI;Nemcija;DEU;osebni avtomobil;201;karavan;A6 
96;1605;5.8;1;AUDI;8E-AVF;A4 / AVANT 1.9 / TDI;Nemcija;DEU;osebni avtomobil;203;karavan;A4 
96;1595;5.8;1;AUDI;4B;A6 / 1.9 / TDI;Nemcija;DEU;osebni avtomobil;199;limuzina;A6 
96;1593;5.8;1;AUDI;8E;A4 / 1.9 / TDI;Nemcija;DEU;osebni avtomobil;208;karavan;A4 
96;1568;5.8;1;AUDI;AAVFF1-FM6EACR8E70P;A4 / AVANT 1.9 / TDI;Nemcija;DEU;osebni avtomobil;206;karavan;A4 
96;1566;5.8;1;AUDI;8E;A4 / 1.9 / TDI;Nemcija;DEU;osebni avtomobil;204;karavan;A4 
96;1560;5.8;1;AUDI;AAVFF1-FM6EACR8E50P;A4 / AVANT 1.9 / TDI;Nemcija;DEU;osebni avtomobil;206;karavan;A4 
96;1552;5.8;1;AUDI;8E-AVF;A4 / AVANT 1.9 / TDI;Nemcija;DEU;osebni avtomobil;206;karavan;A4 
96;1549;5.8;1;AUDI;8E AAVFF1-FM6EACR8E70P;AUDI / A4 / AVANT 1.9 / TDI;Nemcija;DEU;osebni avtomobil;206;karavan;AUDI 
96;1536;5.8;1;AUDI;8E;A4 / 1.9 / TDI;Nemcija;DEU;osebni avtomobil;206;karavan;A4 
96;1535;5.8;1;AUDI;8E-AVF;A4 / AVANT 1.9 / TDI;Nemcija;DEU;osebni avtomobil;208;limuzina;A4 
96;1535;5.8;1;AUDI;8E-AVF;A 4 / AVANT 1.9;Nemcija;DEU;osebni avtomobil;208;karavan;A 4 
96;1535;5.8;1;AUDI;8E-AVF;A 4 / 1.9;Nemcija;DEU;osebni avtomobil;206;karavan;A 4 
96;1535;5.8;1;AUDI;8E-AVF;A 4 / AVANT 1.9;Nemcija;DEU;osebni avtomobil;203;karavan;A 4 
96;1530;5.8;1;AUDI;8E;A4 / 1.9 / TDI;Nemcija;DEU;osebni avtomobil;207;karavan;A4 
96;1530;5.8;1;AUDI;AAVFF1-FM6EACR8E50O;A4 / AVANT 1.9 / TDI;Nemcija;DEU;osebni avtomobil;206;karavan;A4 
96;1530;5.8;1;AUDI;8E-AAVFF1;A4 / 1.9 / TDI;Nemcija;DEU;osebni avtomobil;200;karavan;A4 
96;1527;5.8;1;AUDI;LAVFF1-FM6EACR92PO;A6 / 1.9 / TDI;Nemcija;DEU;osebni avtomobil;203;limuzina;A6 
96;1525;5.8;1;AUDI;8E;A 4 / 1.9;Nemcija;DEU;osebni avtomobil;208;karavan;A 4 
96;1525;5.8;1;AUDI;8E;A 4 / 1.9;Nemcija;DEU;osebni avtomobil;204;karavan;A 4 
96;1480;5.8;1;AUDI;8E;A4 / 1.9 / TDI;Nemcija;DEU;osebni avtomobil;210;limuzina;A4 
96;1470;5.8;1;AUDI;8E;A4 / 1.9 / TDI;Nemcija;DEU;osebni avtomobil;207;limuzina;A4 
96;1470;5.8;1;AUDI;8E;A 4 / 1.9;Nemcija;DEU;osebni avtomobil;207;limuzina;A 4 
96;1858;5.8;1;CITROEN;ECYHZJ-C2F000;BERLINGO / 1.5 / HDI L2;Francija;FRA;osebni avtomobil;186;vozilo z dostopom za invalidski vozicek;BERLINGO 
96;1720;5.8;1;CITROEN;ECYHZR-D2P000;BERLINGO / 1.5 / HDI L2 AUT.;Francija;FRA;osebni avtomobil;184;vecnamensko vozilo;BERLINGO 
96;1709;5.8;1;CITROEN;ECYHZJ-D22000;BERLINGO / 1.5 / HDI L2;Francija;FRA;osebni avtomobil;186;vecnamensko vozilo;BERLINGO 
96;1702;5.8;1;CITROEN;ECYHZJ-D2F000;BERLINGO / 1.5 / HDI L2;Francija;FRA;osebni avtomobil;186;vecnamensko vozilo;BERLINGO 
96;1699;5.8;1;CITROEN;ECYHZR-C2P000;BERLINGO / 1.5 / HDI L2 AUT.;Francija;FRA;osebni avtomobil;184;vecnamensko vozilo;BERLINGO 
96;1697;5.8;1;CITROEN;ECYHZJ-D2P000;BERLINGO / 1.5 / HDI L2;Francija;FRA;osebni avtomobil;186;vecnamensko vozilo;BERLINGO 
96;1695;5.8;1;CITROEN;ECYHZJ-A2F000;BERLINGO / 1.5 / HDI L1;Francija;FRA;osebni avtomobil;186;vozilo za posebne namene;BERLINGO 
96;1688;5.8;1;CITROEN;ECYHZJ-C22000;BERLINGO / 1.5 / HDI L2;Francija;FRA;osebni avtomobil;186;vecnamensko vozilo;BERLINGO 
96;1674;5.8;1;CITROEN;ECYHZJ-C2F000;BERLINGO / 1.5 / HDI L2;Francija;FRA;osebni avtomobil;186;vecnamensko vozilo;BERLINGO 
96;1673;5.8;1;CITROEN;ECYHZJ-C2P000;BERLINGO / 1.5 / HDI L2;Francija;FRA;osebni avtomobil;186;vecnamensko vozilo;BERLINGO 
96;1665;5.8;1;CITROEN;ECYHZJ-A2F000;BERLINGO / 1.5 / HDI L1;Francija;FRA;osebni avtomobil;186;vecnamensko vozilo;BERLINGO 
96;1643;5.8;1;CITROEN;ECYHZR-A2F000;BERLINGO / 1.5 / HDI L1 AUT.;Francija;FRA;osebni avtomobil;184;vecnamensko vozilo;BERLINGO 
96;1383;5.8;0;CITROEN;BAHNSB-A1AH00;C4 / 1.2 / AUT.;Francija;FRA;osebni avtomobil;210;vozilo z dviûnimi vrati zadaj;C4 
96;1371;5.8;0;CITROEN;BAHNSB-A1BH00;C4 / 1.2 / AUT.;Francija;FRA;osebni avtomobil;210;vozilo z dviûnimi vrati zadaj;C4 
96;1280;5.8;1;FIAT;199AXF1B10;PUNTO / GRANDE 1.9;Italija;ITA;osebni avtomobil;200;vecnamensko vozilo;PUNTO 
96;1280;5.8;1;FIAT;199AXF1B10;GRANDE PUNTO / 1.9 / JTD;Italija;ITA;osebni avtomobil;200;vecnamensko vozilo;GRANDE PUNTO 
96;1505;5.8;1;FORD;B5YFMBA1-5FHBNR;MONDEO / 2.0 / TDCI;Nemcija;DEU;osebni avtomobil;208;vozilo z dviûnimi vrati zadaj;MONDEO 
96;1500;5.8;1;FORD;BWY-FMBA1;MONDEO / 2.0 / TDCI;Nemcija;DEU;osebni avtomobil;193;karavan;MONDEO 
96;1493;5.8;1;FORD;B4Y-FMBA;MONDEO / 2.0 / TDCI;Nemcija;DEU;osebni avtomobil;208;limuzina;MONDEO 
96;1559;5.8;1;JAGUAR;RBB1-5HHHH;X-TYPE / ESTATE 2.0 / DI4;Zdruûeno kraljestvo;GBR;osebni avtomobil;201;karavan;X-TYPE 
96;1559;5.8;1;JAGUAR;CF1RBB1-5HHHH;X-TYPE / ESTATE 2.0 / DI4;Zdruûeno kraljestvo;GBR;osebni avtomobil;198;karavan;X-TYPE 
96;1559;5.8;1;JAGUAR;RBB1-5HHHH;X TYPE / 2.0;Zdruûeno kraljestvo;GBR;osebni avtomobil;198;karavan;X TYPE 
96;1688;5.8;1;MG;TH-04P;ZT-T / 2.0 / CDT;Zdruûeno kraljestvo;GBR;osebni avtomobil;192;karavan;ZT-T 
96;1613;5.8;1;OPEL;DY11-1A02C1ADGKS5;INSIGNIA / 2.0 / DT 16V;Nemcija;DEU;osebni avtomobil;207;vecnamensko vozilo;INSIGNIA 
96;1613;5.8;1;OPEL;DK11-1A02B9ACAEJ5;INSIGNIA / 2.0 / DT 16V;Nemcija;DEU;osebni avtomobil;205;vecnamensko vozilo;INSIGNIA 
96;1613;5.8;1;OPEL;BK11-1A02A3ALAEJ5;INSIGNIA / 2.0 / DT 16V;Nemcija;DEU;osebni avtomobil;205;limuzina;INSIGNIA 
96;1473;5.8;1;OPEL;ECYHZJ-A2F000;COMBO LIFE / 1.5 / CDTI;Nemcija;DEU;osebni avtomobil;186;vecnamensko vozilo;COMBO LIFE 
96;1263;5.8;0;OPEL;EA023DB12-BF1VAAPH0A5;CROSSLAND X / 1.2 / TURBO;Nemcija;DEU;osebni avtomobil;201;vecnamensko vozilo;CROSSLAND X 
96;1055;5.8;0;OPEL;UPHNSS-X1B600;CORSA / 1.2 / AUT.;Nemcija;DEU;osebni avtomobil;208;vozilo z dviûnimi vrati zadaj;CORSA 
96;2025;5.8;1;PEUGEOT;YB2MRA/GY9;BOXER / KOMBI 33 2.0 / HDI L1H1;Francija;FRA;osebni avtomobil;150;vecnamensko vozilo;BOXER 
96;1695;5.8;1;PEUGEOT;ECYHZR-D2P010;RIFTER / 1.5 / HDI L2 AUT.;Francija;FRA;osebni avtomobil;184;vecnamensko vozilo;RIFTER 
96;1670;5.8;1;PEUGEOT;ECYHZJ-A2F010;RIFTER / 1.5 / HDI L1;Francija;FRA;osebni avtomobil;186;vecnamensko vozilo;RIFTER 
96;1642;5.8;1;PEUGEOT;ECYHZR-A2F010;RIFTER / 1.5 / HDI L1 AUT.;Francija;FRA;osebni avtomobil;184;vecnamensko vozilo;RIFTER 
96;1408;5.8;0;PEUGEOT;LPHNSR-C1B000;308 / 1.2 / AUT.;Francija;FRA;osebni avtomobil;205;vozilo z dviûnimi vrati zadaj;308
96;1380;5.8;0;PEUGEOT;LRHNSJ-R12100;308 / BREAK / 1.2;Francija;FRA;osebni avtomobil;200;vecnamensko vozilo;308
96;1368;5.8;0;PEUGEOT;LPHNSJ-C12100;308 / 1.2;Francija;FRA;osebni avtomobil;200;vozilo z dviûnimi vrati zadaj;308
96;1316;5.8;0;PEUGEOT;USHNSK-R1B100;2008 / 1.2 /;Francija;FRA;osebni avtomobil;196;vecnamensko vozilo;2008
96;1308;5.8;0;PEUGEOT;USHNSK-R1B300;2008 / 1.2 /;Francija;FRA;osebni avtomobil;196;vecnamensko vozilo;2008
96;1615;5.8;1;RENAULT;EZ1S06;MEGANE / CABRIOLET 1.9 / DCI;Francija;FRA;osebni avtomobil;205;kabriolet;MEGANE 
96;1505;5.8;1;RENAULT;EMS406;MEGANE / CABRIOLET 1.9 / DCI;Francija;FRA;osebni avtomobil;204;kabriolet;MEGANE 
96;1505;5.8;1;RENAULT;EMS406;MEGANE / CABRIOLET 1.9 / DCI;Francija;FRA;osebni avtomobil;203;kabriolet;MEGANE 
96;1461;5.8;0;RENAULT;RFEHF2MR6ABB005000;KADJAR / 1.2 / 16V;Francija;FRA;osebni avtomobil;192;karavan;KADJAR 
96;1385;5.8;1;RENAULT;KMS406;MEGANE / GRANDTOUR 1.9 / DCI;Francija;FRA;osebni avtomobil;200;karavan;MEGANE 
96;1314;5.8;0;RENAULT;RJABE2MFBTA04A5000;CLIO / 1.3 / 16 V AUT.;Francija;FRA;osebni avtomobil;200;vozilo z dviûnimi vrati zadaj;CLIO 
96;1290;5.8;0;RENAULT;RJABE2MFBTA34A5000;CLIO / 1.3 / 16 V AUT.;Francija;FRA;osebni avtomobil;200;vozilo z dviûnimi vrati zadaj;CLIO 
96;1580;5.8;1;ROVER;RJ-SLH;75 / 2.0 / D;Zdruûeno kraljestvo;GBR;osebni avtomobil;185;limuzina;75
96;1644;5.8;1;VOLKSWAGEN;3BG;PASSAT / 1.9 / TDI / 4 MOTION;Nemcija;DEU;osebni avtomobil;197;karavan;PASSAT 
96;1608;5.8;1;VOLKSWAGEN;3BGSEAWXX01-SGFM51W052N00GEZ;PASSAT / VAR. 1.9 / TDI;Nemcija;DEU;osebni avtomobil;196;karavan;PASSAT 
96;1587;5.8;1;VOLKSWAGEN;SEAVFX01-SGFM61E010NN0GZ;PASSAT / VAR. 1.9 / TDI;Nemcija;DEU;osebni avtomobil;201;karavan;PASSAT 
96;1579;5.8;1;VOLKSWAGEN;3BGSEAWXX01-SGFM51W052N00GE;PASSAT / VAR. 1.9 / TDI;Nemcija;DEU;osebni avtomobil;201;karavan;PASSAT 
96;1575;5.8;1;VOLKSWAGEN;BEAWXX01;PASSAT / VAR. 1.9 / TDI;Nemcija;DEU;osebni avtomobil;201;karavan;PASSAT 
96;1565;5.8;1;VOLKSWAGEN;3BG-AWX;PASSAT / VAR. 1.9 / TDI;Nemcija;DEU;osebni avtomobil;201;karavan;PASSAT 
96;1561;5.8;1;VOLKSWAGEN;3BGSEAWXX01-SGFM51W052N00GZ;PASSAT / VAR. 1.9 / TDI;Nemcija;DEU;osebni avtomobil;201;karavan;PASSAT 
96;1560;5.8;1;VOLKSWAGEN;SEAWXX01-SGFM51W052NO0GZ;PASSAT / VAR. 1.9 / TDI;Nemcija;DEU;osebni avtomobil;201;karavan;PASSAT 
96;1556;5.8;1;VOLKSWAGEN;3BG-AWX;PASSAT / VARIANT 1.9;Nemcija;DEU;osebni avtomobil;201;karavan;PASSAT 
96;1554;5.8;1;VOLKSWAGEN;3BGSEAWXX01-SGFM51W052N00GZ;PASSAT / VAR. 1.9 / TDI;Nemcija;DEU;osebni avtomobil;196;karavan;PASSAT 
96;1551;5.8;1;VOLKSWAGEN;3BGSEAWXX01-SGFM51W052N00GE;PASSAT / VAR. 1.9 / TDI;Nemcija;DEU;osebni avtomobil;201;karavan;PASSAT 
96;1533;5.8;1;VOLKSWAGEN;3-BG-SEAWXX01;PASSAT / 1.9 / TDI;Nemcija;DEU;osebni avtomobil;201;karavan;PASSAT 
96;1533;5.8;1;VOLKSWAGEN;3BG SEAWXX01 SGFM51W052NO0GZ;PASSAT / VAR. 1.9 / TDI;Nemcija;DEU;osebni avtomobil;184;karavan;PASSAT 
96;1502;5.8;1;VOLKSWAGEN;3BG;PASSAT / 1.9 / TDI;Nemcija;DEU;osebni avtomobil;201;karavan;PASSAT 
96;1484;5.8;1;VOLKSWAGEN;3BG-AVF;PASSAT / 1.9;Nemcija;DEU;osebni avtomobil;201;karavan;PASSAT 
96;1484;5.8;1;VOLKSWAGEN;3BGSEAWXX01-SGFM51W052N00GE;PASSAT  VARIANT 1.9;Nemcija;DEU;osebni avtomobil;201;karavan;PASSAT  VARIANT 1.9
96;1360;5.8;0;VOLKSWAGEN;VACDPBAX0-FM6FM6AJ015N4BFON1ML1CVR2B;GOLF / VARIANT 1.5 / TSI;Nemcija;DEU;osebni avtomobil;211;karavan;GOLF 
96;1650;5.9;1;AUDI;4B-AVF;A6 / AVANT 1.9 / TDI;Nemcija;DEU;osebni avtomobil;197;karavan;A6 
96;1615;5.9;1;AUDI;4B;A6 / 1.9 / TDI;Nemcija;DEU;osebni avtomobil;201;karavan;A6 
96;1565;5.9;1;AUDI;4B;A6 / 1.9 / TDI;Nemcija;DEU;osebni avtomobil;203;limuzina;A6 
96;1535;5.9;1;AUDI;8E;A4 / 1.9 / TDI;Nemcija;DEU;osebni avtomobil;206;karavan;A4 
96;1535;5.9;1;AUDI;8E;A 4 / 1.9;Nemcija;DEU;osebni avtomobil;203;karavan;A 4 
96;1526;5.9;1;AUDI;8E;A4 / 1.9 / TDI;Nemcija;DEU;osebni avtomobil;208;karavan;A4 
96;1525;5.9;1;AUDI;8E;A4 / 1.9 / TDI;Nemcija;DEU;osebni avtomobil;204;karavan;A4 
96;1525;5.9;1;AUDI;8E;A 4 / 1.9;Nemcija;DEU;osebni avtomobil;204;karavan;A 4 
96;1480;5.9;1;AUDI;8E;A4 / 1.9 / TDI;Nemcija;DEU;osebni avtomobil;210;limuzina;A4 
96;1470;5.9;1;AUDI;8E;A 4 / 1.9;Nemcija;DEU;osebni avtomobil;207;limuzina;A 4 
96;1779;5.9;1;CITROEN;ECYHZR-C2F000;BERLINGO / 1.5 / HDI L2 AUT.;Francija;FRA;osebni avtomobil;184;vozilo za posebne namene;BERLINGO 
96;1752;5.9;1;CITROEN;ECYHZJ-C2F000;BERLINGO / 1.5 / HDI L2;Francija;FRA;osebni avtomobil;186;vozilo z dostopom za invalidski vozicek;BERLINGO 
96;1733;5.9;1;CITROEN;ECYHZJ-D2P000;BERLINGO / 1.5 / HDI L2;Francija;FRA;osebni avtomobil;186;vozilo z dostopom za invalidski vozicek;BERLINGO 
96;1712;5.9;1;CITROEN;ECYHZJ-D2F000;BERLINGO / 1.5 / HDI L2;Francija;FRA;osebni avtomobil;186;vecnamensko vozilo;BERLINGO 
96;1706;5.9;1;CITROEN;ECYHZR-D2F000;BERLINGO / 1.5 / HDI L2 AUT.;Francija;FRA;osebni avtomobil;184;vecnamensko vozilo;BERLINGO 
96;1705;5.9;1;CITROEN;ECYHZR-C2F000;BERLINGO / 1.5 / HDI L2 AUT.;Francija;FRA;osebni avtomobil;184;vecnamensko vozilo;BERLINGO 
96;1695;5.9;1;CITROEN;ECYHZJ-C2F000;BERLINGO / 1.5 / HDI L2;Francija;FRA;osebni avtomobil;186;vecnamensko vozilo;BERLINGO 
96;1677;5.9;1;CITROEN;ECYHZR-A2F000;BERLINGO / 1.5 / HDI L1 AUT.;Francija;FRA;osebni avtomobil;184;vecnamensko vozilo;BERLINGO 
96;1674;5.9;1;CITROEN;ECYHZJ-A2B000;BERLINGO / 1.5 / HDI L1;Francija;FRA;osebni avtomobil;186;vecnamensko vozilo;BERLINGO 
96;1671;5.9;1;CITROEN;ECYHZJ-A2F000;BERLINGO / 1.5 / HDI L1;Francija;FRA;osebni avtomobil;186;vecnamensko vozilo;BERLINGO 
96;1576;5.9;1;FORD;BA7-AZBA1G5CGBPX;MONDEO / 2.0 / TDCI;Nemcija;DEU;osebni avtomobil;197;karavan;MONDEO 
96;1567;5.9;1;FORD;BWYFMBA1-5MHCPX;MONDEO / WAGON  2.0 / TDCI;Nemcija;DEU;osebni avtomobil;208;karavan;MONDEO 
96;1557;5.9;1;FORD;BA7-AZBA1E5C;MONDEO / 2.0 / TDCI;Nemcija;DEU;osebni avtomobil;202;vozilo z dviûnimi vrati zadaj;MONDEO 
96;1506;5.9;1;FORD;B5Y-FMBA;MONDEO / 2.0 / TDCI;Nemcija;DEU;osebni avtomobil;200;vozilo z dviûnimi vrati zadaj;MONDEO 
96;1430;5.9;1;FORD;B5Y-FMBA;MONDEO / 2.0;Nemcija;DEU;osebni avtomobil;208;vozilo z dviûnimi vrati zadaj;MONDEO 
96;1430;5.9;1;FORD;B5Y-FMBA;FORD / MONDEO / 2.0 / TDCI;Nemcija;DEU;osebni avtomobil;208;vozilo z dviûnimi vrati zadaj;FORD 
96;1418;5.9;1;FORD;B4Y-FMBA;MONDEO / 2.0;Nemcija;DEU;osebni avtomobil;208;limuzina;MONDEO 
96;1733;5.9;1;OPEL;DL11-1A09C2AEHJJ5;INSIGNIA / 2.0 / DT 16V AUT.;Nemcija;DEU;osebni avtomobil;204;vozilo z dviûnimi vrati zadaj;INSIGNIA 
96;1613;5.9;1;OPEL;BL11-1AADA5ANHJJ5;INSIGNIA / 2.0 / DT 16V AUT.;Nemcija;DEU;osebni avtomobil;204;vecnamensko vozilo;INSIGNIA 
96;1473;5.9;1;OPEL;ECYHZJ-C2F000;COMBO LIFE / 1.5 / CDTI;Nemcija;DEU;osebni avtomobil;186;vecnamensko vozilo;COMBO LIFE 
96;1473;5.9;1;OPEL;ECYHZR-D2F000;COMBO LIFE / 1.5 / CDTI AUT.;Nemcija;DEU;osebni avtomobil;184;vecnamensko vozilo;COMBO LIFE 
96;1435;5.9;1;OPEL;ZCYHZX-C2B000;GRANDLAND X / 1.5 / CDTI AUT.;Nemcija;DEU;osebni avtomobil;192;vecnamensko vozilo;GRANDLAND X 
96;1263;5.9;0;OPEL;USHNSS-41B500;MOKKA / 1.2 / AUT.;Francija;FRA;osebni avtomobil;200;vecnamensko vozilo;MOKKA 
96;1717;5.9;1;PEUGEOT;ECYHZJ-C22010;RIFTER / 1.5 / HDI L2;Francija;FRA;osebni avtomobil;186;vecnamensko vozilo;RIFTER 
96;1700;5.9;1;PEUGEOT;ECYHZJ-D2F010;RIFTER / 1.5 / HDI L2;Francija;FRA;osebni avtomobil;186;vecnamensko vozilo;RIFTER 
96;1681;5.9;1;PEUGEOT;ECYHZR-A2K010;RIFTER / 1.5 / HDI L1 AUT.;Francija;FRA;osebni avtomobil;184;vecnamensko vozilo;RIFTER 
96;1669;5.9;1;PEUGEOT;ECYHZJ-A2F010;RIFTER / 1.5 / HDI L1;Francija;FRA;osebni avtomobil;186;vecnamensko vozilo;RIFTER 
96;1648;5.9;1;PEUGEOT;ECYHZJ-A2K010;RIFTER / 1.5 / HDI L1;Francija;FRA;osebni avtomobil;186;vecnamensko vozilo;RIFTER 
96;1640;5.9;1;PEUGEOT;ECYHZR-A2F010;RIFTER / 1.5 / HDI L1 AUT.;Francija;FRA;osebni avtomobil;184;vecnamensko vozilo;RIFTER 
96;1636;5.9;1;PEUGEOT;ECYHZJ-A2B010;RIFTER / 1.5 / HDI L1;Francija;FRA;osebni avtomobil;186;vecnamensko vozilo;RIFTER 
96;1364;5.9;0;PEUGEOT;LPHNSJ-C12100;308 / 1.2;Francija;FRA;osebni avtomobil;200;vozilo z dviûnimi vrati zadaj;308
96;1329;5.9;0;PEUGEOT;USHNSK-R1B100;2008 / 1.2 /;Francija;FRA;osebni avtomobil;196;vecnamensko vozilo;2008
96;1321;5.9;0;PEUGEOT;USHNSK-R1B300;2008 / 1.2 /;Francija;FRA;osebni avtomobil;196;vecnamensko vozilo;2008
96;1287;5.9;0;PEUGEOT;USHNSS-R1BG00;2008 / 1.2 / AUT.;Francija;FRA;osebni avtomobil;196;vecnamensko vozilo;2008
96;1264;5.9;0;PEUGEOT;LPHNST-C12000;308 / 1.2;Francija;FRA;osebni avtomobil;205;vozilo z dviûnimi vrati zadaj;308
96;1555;5.9;1;RENAULT;BT3A06;LAGUNA / 2.0 / DCI;Francija;FRA;osebni avtomobil;203;vozilo z dviûnimi vrati zadaj;LAGUNA 
96;1425;5.9;1;RENAULT;BG4VB6;LAGUNA / 1.9 / DCI;Francija;FRA;osebni avtomobil;204;vozilo z dviûnimi vrati zadaj;LAGUNA 
96;1350;5.9;1;RENAULT;BG4VB6;LAGUNA / 1.9 / DCI;Francija;FRA;osebni avtomobil;197;vozilo z dviûnimi vrati zadaj;LAGUNA 
96;1271;5.9;0;SEAT;FDPBAX0V-FM6SFM6AJ0154BFVLO51CB;LEON ST / 1.5 / TSI;äpanija;ESP;osebni avtomobil;206;karavan;LEON ST 
96;1239;5.9;0;SEAT;BDACAX0V-FM6SFM6AJ0157CPVLO51BA;LEON / 1.5 / TSI;äpanija;ESP;osebni avtomobil;206;karavan;LEON 
96;1644;5.9;1;VOLKSWAGEN;3-BG;PASSAT / 1.9 / TDI;Nemcija;DEU;osebni avtomobil;197;karavan;PASSAT 
96;1626;5.9;1;VOLKSWAGEN;3BGSEAVFX01-SGFM61E010ND0GE;PASSAT / VAR. 1.9 / TDI;Nemcija;DEU;osebni avtomobil;201;karavan;PASSAT 
96;1622;5.9;1;VOLKSWAGEN;3BGSEAVFX01-SGFM61E010NP0GZ;PASSAT / VAR. 1.9 / TDI;Nemcija;DEU;osebni avtomobil;201;karavan;PASSAT 
96;1610;5.9;1;VOLKSWAGEN;3BG-AVF;PASSAT / VAR. 1.9 / TDI;Nemcija;DEU;osebni avtomobil;201;karavan;PASSAT 
96;1609;5.9;1;VOLKSWAGEN;3BGSEAVFX01-AGFA51V022N00GE;PASSAT / VAR. 1.9 / TDI;Nemcija;DEU;osebni avtomobil;196;karavan;PASSAT 
96;1605;5.9;1;VOLKSWAGEN;3BG;PASSAT / 1.9;Nemcija;DEU;osebni avtomobil;197;karavan;PASSAT 
96;1596;5.9;1;VOLKSWAGEN;3BG SEAVFX01-SGFM61E010NO0GZ;PASSAT / VARIANT 1.9;Nemcija;DEU;osebni avtomobil;201;karavan;PASSAT 
96;1594;5.9;1;VOLKSWAGEN;3BGSEAVFX01-SGFM61E010N00GZ;PASSAT / VAR. 1.9 / TDI;Nemcija;DEU;osebni avtomobil;201;karavan;PASSAT 
96;1588;5.9;1;VOLKSWAGEN;SEAVFX01-SGFM61E010NO0GZ;PASSAT / VAR. 1.9 / TDI;Nemcija;DEU;osebni avtomobil;201;karavan;PASSAT 
96;1585;5.9;1;VOLKSWAGEN;SEAVFX01-SGFM61E010NO0GZ;PASSAT / VARIANT 1.9;Nemcija;DEU;osebni avtomobil;201;karavan;PASSAT 
96;1584;5.9;1;VOLKSWAGEN;3BGSEAVFX01-SGFM61E010N00GE;PASSAT / VAR. 1.9 / TDI;Nemcija;DEU;osebni avtomobil;201;karavan;PASSAT 
96;1577;5.9;1;VOLKSWAGEN;3BG;PASSAT / 1.9;Nemcija;DEU;osebni avtomobil;201;karavan;PASSAT 
96;1576;5.9;1;VOLKSWAGEN;SEAVFX01-SGFM61E010NO0GE;PASSAT / VAR. 1.9 / TDI;Nemcija;DEU;osebni avtomobil;205;karavan;PASSAT 
96;1575;5.9;1;VOLKSWAGEN;3BG-AVF;PASSAT / VARIANT 1.9;Nemcija;DEU;osebni avtomobil;201;karavan;PASSAT 
96;1571;5.9;1;VOLKSWAGEN;3BG;PASSAT / 1.9;Nemcija;DEU;osebni avtomobil;196;karavan;PASSAT 
96;1568;5.9;1;VOLKSWAGEN;3-BG;PASSAT / 1.9 / TDI;Nemcija;DEU;osebni avtomobil;201;karavan;PASSAT 
96;1567;5.9;1;VOLKSWAGEN;3BG;PASSAT / 1.9 / TDI;Nemcija;DEU;osebni avtomobil;201;karavan;PASSAT 
96;1551;5.9;1;VOLKSWAGEN;3BG SEAVFX01 SGFM61E010NO0GZ;PASSAT / VAR. 1.9 / TDI;Nemcija;DEU;osebni avtomobil;184;karavan;PASSAT 
96;1534;5.9;1;VOLKSWAGEN;SEAVFX01;PASSAT / VAR. 1.9 / TDI;Nemcija;DEU;osebni avtomobil;201;karavan;PASSAT 
96;1534;5.9;1;VOLKSWAGEN;3BG-AVF;PASSAT / VAR. 1.9 / TDI;Nemcija;DEU;osebni avtomobil;196;karavan;PASSAT 
96;1521;5.9;1;VOLKSWAGEN;SEAVFX01-SGFM61E010NO0GE;PASSAT / VAR. 1.9 / TDI;Nemcija;DEU;osebni avtomobil;201;karavan;PASSAT 
96;1518;5.9;1;VOLKSWAGEN;SEAVFX01-SGFM61E010NO0GZ;PASSAT / 1.9;Nemcija;DEU;osebni avtomobil;201;karavan;PASSAT 
96;1515;5.9;1;VOLKSWAGEN;SEAVFX11-SGQM61E020NP0GE;PASSAT / VAR. 1.9 / TDI;Nemcija;DEU;osebni avtomobil;201;karavan;PASSAT 
96;1509;5.9;1;VOLKSWAGEN;SGFM61E010N00GE;PASSAT / VARIANT 1.9 / TDI;Nemcija;DEU;osebni avtomobil;201;karavan;PASSAT 
96;1506;5.9;1;VOLKSWAGEN;3BG SEAVFX01-SGFM61E010NO0GZ;VOLKSWAGEN / PASSAT / VAR. 1.9 /TDI;Nemcija;DEU;osebni avtomobil;201;karavan;VOLKSWAGEN 
96;1506;5.9;1;VOLKSWAGEN;3BG SEAVFX01-SGFM61E010NO0GZ;PASSAT / 1.9;Nemcija;DEU;osebni avtomobil;201;karavan;PASSAT 
96;1484;5.9;1;VOLKSWAGEN;3BG;PASSAT  1.9;Nemcija;DEU;osebni avtomobil;201;karavan;PASSAT  1.9
96;1461;5.9;1;VOLKSWAGEN;3BG-;PASSAT / 1.9 / TDI;Nemcija;DEU;osebni avtomobil;201;karavan;PASSAT 
96;1458;5.9;1;VOLKSWAGEN;3BG;PASSAT / 1.9 / TDI;Nemcija;DEU;osebni avtomobil;208;limuzina;PASSAT 
96;1442;5.9;1;VOLKSWAGEN;3BG;PASSAT / 1.9;Nemcija;DEU;osebni avtomobil;208;limuzina;PASSAT 
96;1385;5.9;0;VOLKSWAGEN;SACDPBAX0-FM6FM6AJ015N4BFON1ML1BVR2B;GOLF / SPORTSVAN 1.5 / TSI;Nemcija;DEU;osebni avtomobil;202;karavan;GOLF 
96;1315;5.9;0;VOLKSWAGEN;GAC4DACAX0-FM6FM6AJ015N7CPON1ML1BVR2NA;GOLF / 1.5 / TSI;Nemcija;DEU;osebni avtomobil;210;karavan;GOLF 
96;1677;6.1;1;AUDI;4BAAVFF1-FM6EACR95P;A6 / AVANT 1.9 / TDI;Nemcija;DEU;osebni avtomobil;201;karavan;A6 
96;1667;6.1;1;AUDI;4BAAVFF1-FM6EACR92P;A6 / AVANT 1.9 / TDI;Nemcija;DEU;osebni avtomobil;201;karavan;A6 
96;1646;6.1;1;AUDI;4B-AVF;A6 / AVANT 1.9 / TDI;Nemcija;DEU;osebni avtomobil;201;karavan;A6 
96;1615;6.1;1;AUDI;4B-AVF;A 6 / AVANT 1.9;Nemcija;DEU;osebni avtomobil;201;karavan;A 6 
96;1549;6.1;1;AUDI;4BAAVFF1-FM6EACR92P;A 6 / AVANT 1.9;Nemcija;DEU;osebni avtomobil;201;karavan;A 6 
96;1476;6.1;0;CITROEN;3AHNS2/L4S;C4 SPACETOURER / 1.2;Francija;FRA;osebni avtomobil;200;vecnamensko vozilo;C4 SPACETOURER 
96;2181;6.1;1;FORD;FAC-YMFS1DBX-E9WJAZCBSAUD;TOURNEO CUSTOM / 2.0 TDCi 96 / 310 L1 H1;Nemcija;DEU;osebni avtomobil;160;vecnamensko vozilo;TOURNEO CUSTOM 
96;2117;6.1;1;FORD;FAC-YMFS1EBX-E9WGCZCBSAUD;TRANSIT CUSTOM KOMBI / 2.0 TDCi 96 / 310 L2 H1;Nemcija;DEU;osebni avtomobil;160;vecnamensko vozilo;TRANSIT CUSTOM KOMBI 
96;2115;6.1;1;FORD;FAC-YMFS1EBX-S9WJCZCBSAUC;TRANSIT CUSTOM KOMBI / 2.0 TDCi 96 / 320 L2 H1;Nemcija;DEU;osebni avtomobil;165;vecnamensko vozilo;TRANSIT CUSTOM KOMBI 
96;1090;6.1;0;MAZDA;6EA62W1;MAZDA MX-5 / RF / G130;Japonska ;JPN;osebni avtomobil;203;kabriolet;MAZDA MX-5 
96;1843;6.1;1;OPEL;FY11-1A12E6BVGKK5;INSIGNIA / CAR. 2.0 / DT 16V;Nemcija;DEU;osebni avtomobil;203;vecnamensko vozilo;INSIGNIA 
96;1843;6.1;1;OPEL;FL11-1A12C8BGHJH5;INSIGNIA / CAR. 2.0 / DT 16V AUT.;Nemcija;DEU;osebni avtomobil;198;karavan;INSIGNIA 
96;1843;6.1;1;OPEL;EAHQA12-BA2R5BGDJ7;ZAFIRA / TOURER 2.0 / CDTI AUT.;Nemcija;DEU;osebni avtomobil;192;vecnamensko vozilo;ZAFIRA 
96;1843;6.1;1;OPEL;EBHQA12-BA2R5BGDJ5;ZAFIRA / TOURER 2.0 / CDTI AUT.;Nemcija;DEU;osebni avtomobil;192;karavan;ZAFIRA 
96;1816;6.1;1;OPEL;FY11-1AAME6BVGKK5;INSIGNIA / CAR. 2.0 / DT 16V;Nemcija;DEU;osebni avtomobil;203;vecnamensko vozilo;INSIGNIA 
96;1788;6.1;1;OPEL;FY11-1AALE6BVGKK5;INSIGNIA / CAR. 2.0 / DT 16V;Nemcija;DEU;osebni avtomobil;203;vecnamensko vozilo;INSIGNIA 
96;1788;6.1;1;OPEL;FL11-1AALC8BGHJH5;INSIGNIA / CAR. 2.0 / DT 16V AUT.;Nemcija;DEU;osebni avtomobil;198;karavan;INSIGNIA 
96;1788;6.1;1;OPEL;EAHQA12-BA2R5BGDJ5;ZAFIRA / TOURER 2.0 / CDTI AUT.;Nemcija;DEU;osebni avtomobil;192;karavan;ZAFIRA 
96;1280;6.1;0;OPEL;EA023DB12-BE1VABPAZA5;CROSSLAND X / 1.2 / TURBO AUT.;Nemcija;DEU;osebni avtomobil;198;vecnamensko vozilo;CROSSLAND X 
96;1263;6.1;0;OPEL;EA023DB12-BC1VAAPH0A5;CROSSLAND X / 1.2 / TURBO;Nemcija;DEU;osebni avtomobil;201;vecnamensko vozilo;CROSSLAND X 
96;1779;6.1;1;PEUGEOT;ECYHZR-D2F010;RIFTER / 1.5 / HDI L2 AUT.;Francija;FRA;osebni avtomobil;184;vecnamensko vozilo;RIFTER 
96;1728;6.1;1;PEUGEOT;ECYHZR-C2B010;RIFTER / 1.5 / HDI L2 AUT.;Francija;FRA;osebni avtomobil;184;vecnamensko vozilo;RIFTER 
96;1329;6.1;0;PEUGEOT;USHNSS-R1B100;2008 / 1.2 / AUT.;Francija;FRA;osebni avtomobil;196;vecnamensko vozilo;2008
96;1298;6.1;0;PEUGEOT;USHNSS-R1B300;2008 / 1.2 / AUT.;Francija;FRA;osebni avtomobil;196;vecnamensko vozilo;2008
96;1576;6.1;1;RENAULT;KT2A06;LAGUNA / GRANDTOUR 2.0 / DCI;Francija;FRA;osebni avtomobil;196;karavan;LAGUNA 
96;1271;6.1;0;SEAT;FDACAX0V-FM6SFM6AJ0157CPVLO51CA;LEON ST / 1.5 / TSI;äpanija;ESP;osebni avtomobil;206;karavan;LEON ST 
96;1239;6.1;0;SEAT;BDACAX0V-FM6SFM6AJ0157CPVLO51CA;LEON / 1.5 / TSI;äpanija;ESP;osebni avtomobil;206;karavan;LEON 
96;1484;6.1;1;VOLKSWAGEN;3BG;PASSAT / 1.9;Nemcija;DEU;osebni avtomobil;201;karavan;PASSAT 
96;1735;6.2;1;AUDI;8EAAVFQ1-QM6EBAR8E50P;A4 / AVANT 1.9 / TDI Q;Nemcija;DEU;osebni avtomobil;202;karavan;A4 
96;1715;6.2;1;AUDI;AAVFQ1-QM6EBAR8E50P;A4 / AVANT 1.9 / TDI Q;Nemcija;DEU;osebni avtomobil;202;karavan;A4 
96;1693;6.2;1;AUDI;8E-AVF;A4 / 1.9 / AVANT / TDI;Nemcija;DEU;osebni avtomobil;202;karavan;A4 
96;1656;6.2;1;AUDI;AAVFQ1-QM6EBAR8E50P; /;Nemcija;DEU;osebni avtomobil;202;karavan;
96;1655;6.2;1;AUDI;AAVFQ1-QM6EBAR8E50P;A 4 / AVANT 1.9;Nemcija;DEU;osebni avtomobil;202;karavan;A 4 
96;1646;6.2;1;AUDI;LAVFQ1-QM6EBAR8E50P;A 4 / 1.9;Nemcija;DEU;osebni avtomobil;205;limuzina;A 4 
96;1646;6.2;1;AUDI;LAVFQ1-QM6EBAR8E50P;A4 / 1.9 / TDI Q;Nemcija;DEU;osebni avtomobil;205;limuzina;A4 
96;1615;6.2;1;AUDI;8E-AVF;A4 / AVANT 1.9 / TDI Q;Nemcija;DEU;osebni avtomobil;202;karavan;A4 
96;1615;6.2;1;AUDI;8E-AVF;A 4 / AVANT 1.9;Nemcija;DEU;osebni avtomobil;202;karavan;A 4 
96;1610;6.2;1;AUDI;8E-AVF;A4 / AVANT / 1.9 / TDI;Nemcija;DEU;osebni avtomobil;191;karavan;A4 
96;1586;6.2;1;AUDI;8E - AAVFQ1;A4 / 1.9 / TDI;Nemcija;DEU;osebni avtomobil;202;karavan;A4 
96;1571;6.2;1;AUDI;8E LAVFQ1-QM6EBAR8E50P;A 4 / 1.9;Nemcija;DEU;osebni avtomobil;205;limuzina;A 4 
96;1565;6.2;1;AUDI;8E;A4 / 1.9 / TDI / QUATTRO;Nemcija;DEU;osebni avtomobil;205;limuzina;A4 
96;1535;6.2;1;AUDI;8E;A4 / 1.9 / TDI;Nemcija;DEU;osebni avtomobil;206;karavan;A4 
96;1530;6.2;1;AUDI;8E-BKE;A4 / AVANT / 1.9 / TDI;Nemcija;DEU;osebni avtomobil;197;karavan;A4 
96;2375;6.2;1;CITROEN;YB2MPB/HY9;JUMPER / KOMBI 33 2.0 / HDI L2H2;Francija;FRA;osebni avtomobil;148;vecnamensko vozilo;JUMPER 
96;1349;6.2;0;CITROEN;2RHNS1-R1F300;C3 AIRCROSS / 1.2 / AUT.;Francija;FRA;osebni avtomobil;195;vecnamensko vozilo;C3 AIRCROSS 
96;1790;6.2;1;FORD;WGRASZ1-7AQ;GALAXY / 1.9 / TDI;Nemcija;DEU;osebni avtomobil;188;vecnamensko vozilo;GALAXY 
96;1724;6.2;1;FORD;WGR-ASZ;GALAXY / 1.9 / TDI;Nemcija;DEU;osebni avtomobil;188;vecnamensko vozilo;GALAXY 
96;1571;6.2;1;FORD;BWY-N7BB;MONDEO / WAGON 2.0 / TDCI;Nemcija;DEU;osebni avtomobil;204;karavan;MONDEO 
96;1564;6.2;1;FORD;BWY-N7BA;MONDEO / WAGON 2.0 / TDCI;Nemcija;DEU;osebni avtomobil;204;karavan;MONDEO 
96;1489;6.2;1;FORD;BWY-N7BA1;MONDEO / 2.0 / TDCI;Nemcija;DEU;osebni avtomobil;193;karavan;MONDEO 
96;1395;6.2;0;OPEL;ZRHNSK-C1P700;GRANDLAND X / 1.2 / TURBO;Francija;FRA;osebni avtomobil;188;vecnamensko vozilo;GRANDLAND X 
96;2644;6.2;1;PEUGEOT;YC2MFC/HY;BOXER / 2.0 / HDI FG335 L3H2;Francija;FRA;osebni avtomobil;148;vozilo z dostopom za invalidski vozicek;BOXER 
96;2375;6.2;1;PEUGEOT;YB2MPB/HY9;BOXER / KOMBI 33 2.0 / HDI L2H2;Francija;FRA;osebni avtomobil;148;vecnamensko vozilo;BOXER 
96;2360;6.2;1;PEUGEOT;YB2MFB/GY;BOXER / 2.0 / HDI FG333 L2H1;Francija;FRA;osebni avtomobil;150;vecnamensko vozilo;BOXER 
96;2290;6.2;1;PEUGEOT;YA2MPA/GY9;BOXER / KOMBI 30 2.0 / HDI L1H1;Francija;FRA;osebni avtomobil;150;vecnamensko vozilo;BOXER 
96;1478;6.2;0;PEUGEOT;MRHNSM-C1P600;3008 / 1.2 /;Francija;FRA;osebni avtomobil;188;vecnamensko vozilo;3008
96;1399;6.2;0;PEUGEOT;LRHNST-R1F000;308 / BREAK 1.2;Francija;FRA;osebni avtomobil;205;vecnamensko vozilo;308
96;1396;6.2;0;PEUGEOT;LRHNSP-R1F000;308 / BREAK 1.2 / i;Francija;FRA;osebni avtomobil;210;vecnamensko vozilo;308
96;1380;6.2;0;PEUGEOT;LRHNSP-R12000;308 / BREAK 1.2 / i;Francija;FRA;osebni avtomobil;210;vecnamensko vozilo;308
96;1356;6.2;0;PEUGEOT;USHNSS-R1B100;2008 / 1.2 / AUT.;Francija;FRA;osebni avtomobil;196;vecnamensko vozilo;2008
96;1322;6.2;0;PEUGEOT;USHNSS-R1B300;2008 / 1.2 / AUT.;Francija;FRA;osebni avtomobil;196;vecnamensko vozilo;2008
96;1270;6.2;0;PEUGEOT;CUHNSS/S;2008 / 1.2 /;Francija;FRA;osebni avtomobil;199;karavan;2008
96;1373;6.2;0;RENAULT;RJBHE2MFBTA92A5000;CAPTUR / 1.3 / 16V AUT.;Francija;FRA;osebni avtomobil;193;vozilo z dviûnimi vrati zadaj;CAPTUR 
96;1372;6.2;0;RENAULT;RJBHE2MFBTA72A5000;CAPTUR / 1.3 / 16V AUT.;Francija;FRA;osebni avtomobil;193;vozilo z dviûnimi vrati zadaj;CAPTUR 
96;1865;6.2;1;VOLKSWAGEN;7M-ASZ;SHARAN / 1.9 / TDI;Nemcija;DEU;osebni avtomobil;188;vecnamensko vozilo;SHARAN 
96;1855;6.2;1;VOLKSWAGEN;ASZX0AFA8C-FM6FM62N027P;SHARAN / 1.9 / TDI;Nemcija;DEU;osebni avtomobil;188;vecnamensko vozilo;SHARAN 
96;1848;6.2;1;VOLKSWAGEN;7MSEA8CASZX01-NSGFM62N027R;SHARAN / 1.9 / TDI;Nemcija;DEU;osebni avtomobil;188;vecnamensko vozilo;SHARAN 
96;1841;6.2;1;VOLKSWAGEN;7MSEA8CASZX01-NSGFM62N027Q;SHARAN / 1.9 / TDI;Nemcija;DEU;osebni avtomobil;188;vecnamensko vozilo;SHARAN 
96;1813;6.2;1;VOLKSWAGEN;7M;SHARAN / 1.9 / TDI;Nemcija;DEU;osebni avtomobil;188;vecnamensko vozilo;SHARAN 
96;1588;6.2;1;VOLKSWAGEN;3BG;PASSAT / 1.9 / TDI / 4 MOTION;Nemcija;DEU;osebni avtomobil;204;limuzina;PASSAT 
96;1564;6.2;1;VOLKSWAGEN;STAVFX11-SGQM61E020NP0GE;PASSAT / 1.9 / TDI 4M;Nemcija;DEU;osebni avtomobil;204;limuzina;PASSAT 
96;1519;6.2;1;VOLKSWAGEN;SEASZX11;GOLF / VAR. 1.9 / TDI;Nemcija;DEU;osebni avtomobil;202;karavan;GOLF 
96;1490;6.2;1;VOLKSWAGEN;SCASZX11-SGQM62M003N21N10GE;GOLF / 1.9 / TDI 4M;Nemcija;DEU;osebni avtomobil;202;vozilo z dviûnimi vrati zadaj;GOLF 
96;1470;6.2;1;VOLKSWAGEN;1JSCASZX11-SGQM62M003N21N10GE;GOLF / 1.9;Nemcija;DEU;osebni avtomobil;202;vozilo z dviûnimi vrati zadaj;GOLF 
96;1458;6.2;1;VOLKSWAGEN;1J SCASZX11-SGQM62Y004041N10GE;GOLF / 1.9 / TDI 4M;Nemcija;DEU;osebni avtomobil;202;vozilo z dviûnimi vrati zadaj;GOLF 
96;1410;6.2;0;VOLKSWAGEN;SACDACAX0-FD7FD7CW005N7CPON1ML1BVR8B;GOLF / SPORTSVAN 1.5 / TSI AUT.;Nemcija;DEU;osebni avtomobil;202;karavan;GOLF 
96;1385;6.2;0;VOLKSWAGEN;SACDACAX0-FM6FM6AJ015N7CPON1ML1AVR2A;GOLF / SPORTSVAN 1.5 / TSI;Nemcija;DEU;osebni avtomobil;202;karavan;GOLF 
96;1315;6.2;0;VOLKSWAGEN;GAC4DACAX0-FM6FM6AJ015N7CPON1ML1CVR2NA;GOLF / 1.5 / TSI;Nemcija;DEU;osebni avtomobil;210;karavan;GOLF 
96;1645;6.3;1;AUDI;8E-AAVFQ1;A4 / AVANT 1.9 / TDI Q;Nemcija;DEU;osebni avtomobil;202;karavan;A4 
96;1630;6.3;1;AUDI;8E-AVF;A4 / 1.9 / TDI Q;Nemcija;DEU;osebni avtomobil;204;limuzina;A4 
96;1567;6.3;1;AUDI;LAVFQ1-QM6EBAR8E50P;A4 / 1.9 / TDI Q;Nemcija;DEU;osebni avtomobil;205;limuzina;A4 
96;1496;6.3;0;CITROEN;3AHNS2/J2S;C4 SPACETOURER / 1.2;Francija;FRA;osebni avtomobil;200;vecnamensko vozilo;C4 SPACETOURER 
96;1492;6.3;0;CITROEN;3AHNS2/J4S;C4 SPACETOURER / 1.2;Francija;FRA;osebni avtomobil;200;vecnamensko vozilo;C4 SPACETOURER 
96;1439;6.3;0;CITROEN;3EHNSP/1S;C4 SPACETOURER / 1.2;Francija;FRA;osebni avtomobil;200;karavan;C4 SPACETOURER 
96;1426;6.3;0;CITROEN;3DHNSP/1S;C4 SPACETOURER / 1.2;Francija;FRA;osebni avtomobil;200;karavan;C4 SPACETOURER 
96;1366;6.3;0;CITROEN;2RHNS1-R1F300;C3 AIRCROSS / 1.2 / AUT.;Francija;FRA;osebni avtomobil;195;vecnamensko vozilo;C3 AIRCROSS 
96;1358;6.3;0;DACIA;SRDHE2MF6UA1N0M080;DUSTER / 1.3 / 16V;Francija;FRA;osebni avtomobil;191;karavan;DUSTER 
96;2860;6.3;1;FORD;FAD-YMFS1ECX-E9WGCZCBSAVC;TRANSIT / 310 L3 H2 2.0 96 S;Nemcija;DEU;osebni avtomobil;150;vozilo z dostopom za invalidski vozicek;TRANSIT 
96;2328;6.3;1;FORD;FAC-YMFS1DBX-S9WJCZCBSAXC;TOURNEO CUSTOM / 2.0 TDCi 96 / 320 L2 H1;Nemcija;DEU;osebni avtomobil;160;vozilo za posebne namene;TOURNEO CUSTOM 
96;2328;6.3;1;FORD;FAC-YMFS1RBX-E9WJAZCBSAXD;TOURNEO CUSTOM BC / 2.0 TDCi 96 / 310 L1 H1;Nemcija;DEU;osebni avtomobil;160;vecnamensko vozilo;TOURNEO CUSTOM BC 
96;2224;6.3;1;FORD;FAC-YMFS1DBX-E9WJCZCBSAXD;TOURNEO CUSTOM / 2.0 TDCi 96 / 310 L2 H1;Nemcija;DEU;osebni avtomobil;160;vecnamensko vozilo;TOURNEO CUSTOM 
96;2203;6.3;1;FORD;FAD-YMFS1ECX-E9WGCZCBSAVC;TRANSIT / 310 L3 H2 2.0 96 S;Nemcija;DEU;osebni avtomobil;150;vecnamensko vozilo;TRANSIT 
96;1505;6.3;1;FORD;B5Y;MONDEO / 2.0;Nemcija;DEU;osebni avtomobil;208;vozilo z dviûnimi vrati zadaj;MONDEO 
96;1454;6.3;0;PEUGEOT;MRHNSM-C1U100;3008 / 1.2 /;Francija;FRA;osebni avtomobil;200;vecnamensko vozilo;3008
96;1288;6.3;0;PEUGEOT;CUHNSS/S;2008 / 1.2 /;Francija;FRA;osebni avtomobil;199;karavan;2008
96;1270;6.3;0;PEUGEOT;CUHNSS/2S;2008 / 1.2 /;Francija;FRA;osebni avtomobil;199;karavan;2008
96;1266;6.3;0;PEUGEOT;LPHNST-C1P000;308 / 1.2;Francija;FRA;osebni avtomobil;205;vozilo z dviûnimi vrati zadaj;308
96;1410;6.3;0;RENAULT;RJBHE2MFBTA22A5000;CAPTUR / 1.3 / 16V AUT.;Francija;FRA;osebni avtomobil;200;vozilo z dviûnimi vrati zadaj;CAPTUR 
96;1400;6.3;0;RENAULT;RJBHE2MFBTA72A5000;CAPTUR / 1.3 / 16V AUT.;Francija;FRA;osebni avtomobil;193;vozilo z dviûnimi vrati zadaj;CAPTUR 
96;1387;6.3;0;RENAULT;RJBHE2MFBTA92A5000;CAPTUR / 1.3 / 16V AUT.;Francija;FRA;osebni avtomobil;193;vozilo z dviûnimi vrati zadaj;CAPTUR 
96;1356;6.3;0;RENAULT;RJBHE2MF6TA75A5000;CAPTUR / 1.3 / 16V;Francija;FRA;osebni avtomobil;195;vozilo z dviûnimi vrati zadaj;CAPTUR 
96;1355;6.3;0;RENAULT;RJBHE2MF6TA95A5000;CAPTUR / 1.3 / 16V;Francija;FRA;osebni avtomobil;195;vozilo z dviûnimi vrati zadaj;CAPTUR 
96;1315;6.3;0;RENAULT;KZ1V06;MEGANE / GRANDTOUR 1.4 / 16V;Francija;FRA;osebni avtomobil;200;karavan;MEGANE 
96;1280;6.3;0;RENAULT;BZ1V06;MEGANE / 1.4 / 16V;Francija;FRA;osebni avtomobil;200;vozilo z dviûnimi vrati zadaj;MEGANE 
96;1239;6.3;0;SEAT;BDACAX0V-FM6SFM6AJ0157CPVLO51EB;LEON / 1.5 / TSI;äpanija;ESP;osebni avtomobil;206;karavan;LEON 
96;1844;6.3;1;VOLKSWAGEN;ASZX0AFA8C-FM6FM62N0270GEQ;SHARAN / 1.9 / TDI;Nemcija;DEU;osebni avtomobil;188;vecnamensko vozilo;SHARAN 
96;1842;6.3;1;VOLKSWAGEN;ASZX0AFA8C-FM6FM62N027Q;SHARAN / 1.9 / TDI;Nemcija;DEU;osebni avtomobil;188;vecnamensko vozilo;SHARAN 
96;1834;6.3;1;VOLKSWAGEN;SEA8CASZX01-NSGFM62N027Q;SHARAN / 1.9 / TDI;Nemcija;DEU;osebni avtomobil;188;vecnamensko vozilo;SHARAN 
96;1769;6.3;1;VOLKSWAGEN;7M SEA8CASZX01-NSGFM62N027Q;SHARAN / 1.9;Nemcija;DEU;osebni avtomobil;188;vecnamensko vozilo;SHARAN 
96;1751;6.3;1;VOLKSWAGEN;7M SEA8CASZX01-NSGFM62N027Q;SHARAN / 1.9;Nemcija;DEU;osebni avtomobil;188;limuzina;SHARAN 
96;1624;6.3;1;VOLKSWAGEN;SEAVFX11-SGQM61E020NP0GE;PASSAT / VAR. 1.9 / TDI 4M;Nemcija;DEU;osebni avtomobil;201;karavan;PASSAT 
96;1600;6.3;1;VOLKSWAGEN;STAVFX11-SGQM61E020NO0GZ;PASSAT / 1.9 / TDI 4M;Nemcija;DEU;osebni avtomobil;204;limuzina;PASSAT 
96;1556;6.3;1;VOLKSWAGEN;SEAVFX11-SGQM61E020NP0GE;PASSAT / VAR. 1.9 / TDI 4M;Nemcija;DEU;osebni avtomobil;197;karavan;PASSAT 
96;1519;6.3;1;VOLKSWAGEN;1J-ASZ;GOLF / VAR. 1.9 / TDI 4M;Nemcija;DEU;osebni avtomobil;202;karavan;GOLF 
96;1498;6.3;1;VOLKSWAGEN;1J SEASZX11-SGQM62M003O41N10GZ;GOLF / VAR. 1.9;Nemcija;DEU;osebni avtomobil;202;karavan;GOLF 
96;1385;6.3;0;VOLKSWAGEN;SACDACAX0-FM6FM6AJ015N7CPON1ML1BVR2B;GOLF / SPORTSVAN 1.5 / TSI;Nemcija;DEU;osebni avtomobil;202;karavan;GOLF 
96;1604;6.3;1;VOLVO;R-RS74;S60 / 2.4 / D;ävedska;SWE;osebni avtomobil;200;limuzina;S60 
96;1583;6.3;1;VOLVO;RS74-92;S60 / 2.4 / TD;ävedska;SWE;osebni avtomobil;200;limuzina;S60 
96;1558;6.3;1;VOLVO;RS74-32;S60 / 2.4 / TD;ävedska;SWE;osebni avtomobil;200;limuzina;S60 
96;1645;6.4;1;AUDI;8E-AVF;A 4 / AVANT 1.9;Nemcija;DEU;osebni avtomobil;202;karavan;A 4 
96;1645;6.4;1;AUDI;8E-AVF;A4 / AVANT 1.9 / TDI Q;Nemcija;DEU;osebni avtomobil;202;karavan;A4 
96;1610;6.4;1;AUDI;4B;A6 / 1.9 / TDI;Nemcija;DEU;osebni avtomobil;201;karavan;A6 
96;1531;6.4;0;CITROEN;ARHNSK-C12200;C5 AIRCROSS / 1.2 /;Francija;FRA;osebni avtomobil;195;vecnamensko vozilo;C5 AIRCROSS 
96;1526;6.4;0;CITROEN;3AHNSP/1S;C4 SPACETOURER / 1.2;Francija;FRA;osebni avtomobil;200;vecnamensko vozilo;C4 SPACETOURER 
96;1514;6.4;0;CITROEN;3AHNS2/J4S;C4 SPACETOURER / 1.2;Francija;FRA;osebni avtomobil;200;vecnamensko vozilo;C4 SPACETOURER 
96;1471;6.4;0;CITROEN;3EHNSP/1S;C4 SPACETOURER / 1.2;Francija;FRA;osebni avtomobil;200;karavan;C4 SPACETOURER 
96;1456;6.4;0;CITROEN;3DHNSP/1S;C4 SPACETOURER / 1.2;Francija;FRA;osebni avtomobil;200;karavan;C4 SPACETOURER 
96;2235;6.4;1;FORD;FAD-YMFS1ECX-G9WTCZCBSAVA;TRANSIT / 350 L3 H2 2.0 96 S;Nemcija;DEU;osebni avtomobil;150;vecnamensko vozilo;TRANSIT 
96;1743;6.4;1;FORD;WA6AZWA1S-7CEARG;S-MAX / 2.0 / TDCI;Nemcija;DEU;osebni avtomobil;191;vecnamensko vozilo;S-MAX 
96;1683;6.4;1;FORD;WGR;GALAXY / 1.9 / TDI;Nemcija;DEU;osebni avtomobil;188;vecnamensko vozilo;GALAXY 
96;1395;6.4;0;OPEL;ZRHNSK-C1P400;GRANDLAND X / 1.2 / TURBO;Nemcija;DEU;osebni avtomobil;188;vecnamensko vozilo;GRANDLAND X 
96;1540;6.4;0;PEUGEOT;MRHNSM-S1P600;5008 / 1.2 /;Francija;FRA;osebni avtomobil;188;vecnamensko vozilo;5008
96;1523;6.4;0;PEUGEOT;LRHNSK-R1T300;308 / BREAK 1.2 / AUT.;Francija;FRA;osebni avtomobil;205;vecnamensko vozilo;308
96;1463;6.4;0;PEUGEOT;MRHNSU-C1PH00;3008 / 1.2 / AUT.;Francija;FRA;osebni avtomobil;188;vecnamensko vozilo;3008
96;1443;6.4;0;PEUGEOT;MRHNSM-C1P100;3008 / 1.2 /;Francija;FRA;osebni avtomobil;200;vecnamensko vozilo;3008
96;1408;6.4;0;PEUGEOT;LRHNSP-R1B000;308 / BREAK 1.2 / i;Francija;FRA;osebni avtomobil;210;vecnamensko vozilo;308
96;1388;6.4;0;PEUGEOT;LRHNSP-R1P000;308 / BREAK 1.2 / i;Francija;FRA;osebni avtomobil;210;vecnamensko vozilo;308
96;1299;6.4;0;PEUGEOT;LPHNST-C1B000;308 / 1.2;Francija;FRA;osebni avtomobil;205;vozilo z dviûnimi vrati zadaj;308
96;1283;6.4;0;PEUGEOT;CUHNSS/2S;2008 / 1.2 /;Francija;FRA;osebni avtomobil;199;karavan;2008
96;1372;6.4;0;RENAULT;RJBHE2MF6TA75A5000;CAPTUR / 1.3 / 16V;Francija;FRA;osebni avtomobil;195;vozilo z dviûnimi vrati zadaj;CAPTUR 
96;1368;6.4;0;RENAULT;R00JE2NE6TB01A5000;CAPTUR / 1.3 / 16 V;Francija;FRA;osebni avtomobil;200;vozilo z dviûnimi vrati zadaj;CAPTUR 
96;1353;6.4;0;RENAULT;R00JE2NE6TB07A5000;CAPTUR / 1.3 / 16 V;Francija;FRA;osebni avtomobil;192;vozilo z dviûnimi vrati zadaj;CAPTUR 
96;1858;6.4;1;SEAT;SEA8CASZX01-NSGFM62N027R;ALHAMBRA / 1.9 / TDI;äpanija;ESP;osebni avtomobil;188;vecnamensko vozilo;ALHAMBRA 
96;1802;6.4;1;SEAT;7MS SEA8CASZX01-NSGFM62N027R;ALHAMBRA / 1.9;äpanija;ESP;osebni avtomobil;188;vecnamensko vozilo;ALHAMBRA 
96;1788;6.4;1;SEAT;ASZX0AFA8C-FM6FM62N027R;ALHAMBRA / 1.9 / TDI;äpanija;ESP;osebni avtomobil;188;vecnamensko vozilo;ALHAMBRA 
96;1663;6.4;1;SEAT;7MSSEA8CASZX01-NSGFM62N027R;ALHAMBRA / 1.9 / TDI;äpanija;ESP;osebni avtomobil;188;vecnamensko vozilo;ALHAMBRA 
96;1271;6.4;0;SEAT;FDACAX0V-FM6SFM6AJ0157CPVLO51EB;LEON ST / 1.5 / TSI;äpanija;ESP;osebni avtomobil;206;karavan;LEON ST 
96;1926;6.4;1;VOLKSWAGEN;7MSEA8CASZX01-NSGFM62N027R;SHARAN / 1.9 / TDI;Nemcija;DEU;osebni avtomobil;188;vecnamensko vozilo;SHARAN 
96;1911;6.4;1;VOLKSWAGEN;ASZX0AFA8C-FM6FM62N027R;SHARAN / 1.9;Nemcija;DEU;osebni avtomobil;188;limuzina;SHARAN 
96;1884;6.4;1;VOLKSWAGEN;ASZX0AFA8C-FM6FM62N027R;SHARAN / 1.9 / TDI;Nemcija;DEU;osebni avtomobil;188;vecnamensko vozilo;SHARAN 
96;1882;6.4;1;VOLKSWAGEN;7M;SHARAN / 1.9 / TDI;Nemcija;DEU;osebni avtomobil;188;vecnamensko vozilo;SHARAN 
96;1878;6.4;1;VOLKSWAGEN;7M-ASZX0AFA8C;SHARAN / 1.9 / TDI;Nemcija;DEU;osebni avtomobil;188;vecnamensko vozilo;SHARAN 
96;1872;6.4;1;VOLKSWAGEN;SEA8CASZX01-NSGFM62N027R;SHARAN / 1.9 / TDI;Nemcija;DEU;osebni avtomobil;188;vecnamensko vozilo;SHARAN 
96;1866;6.4;1;VOLKSWAGEN;ASZX0AFA8C-FM6FM62N0270GER;SHARAN / 1.9 / TDI;Nemcija;DEU;osebni avtomobil;188;vecnamensko vozilo;SHARAN 
96;1858;6.4;1;VOLKSWAGEN;SEA8CASZX01-NSGFM62N027R;SHARAN / 1.9;Nemcija;DEU;osebni avtomobil;188;limuzina;SHARAN 
96;1851;6.4;1;VOLKSWAGEN;ASZX0AFA8C-FM6FM62N027R;SHARAN / 1.9 / TDI;Nemcija;DEU;osebni avtomobil;188;limuzina;SHARAN 
96;1830;6.4;1;VOLKSWAGEN;7M-ASZ;SHARAN / 1.9 / TDI;Nemcija;DEU;osebni avtomobil;181;vecnamensko vozilo;SHARAN 
96;1807;6.4;1;VOLKSWAGEN;7M SEA8CASZX01-NSGFM62N027R;SHARAN / 1.9;Nemcija;DEU;osebni avtomobil;188;vecnamensko vozilo;SHARAN 
96;1768;6.4;1;VOLKSWAGEN;7M-SEA8CASZX01-NSGFM62N207R;SHARAN / 1.9 / TDI TREND;Nemcija;DEU;osebni avtomobil;188;vozilo z dviûnimi vrati zadaj;SHARAN 
96;1746;6.4;1;VOLKSWAGEN;SEAVFX11-SGQM61E020NO0GZ;PASSAT / VAR. 1.9 / TDI 4M;Nemcija;DEU;osebni avtomobil;197;karavan;PASSAT 
96;1724;6.4;1;VOLKSWAGEN;7M-ASZ;SHARAN / 1.9 / TDI;Nemcija;DEU;osebni avtomobil;188;vecnamensko vozilo;SHARAN 
96;1724;6.4;1;VOLKSWAGEN;7M;SHARAN / 1.9;Nemcija;DEU;osebni avtomobil;188;limuzina;SHARAN 
96;1651;6.4;1;VOLKSWAGEN;STAVFX11-SGQM61E020NP0GZ;PASSAT / 1.9 / TDI 4M;Nemcija;DEU;osebni avtomobil;204;limuzina;PASSAT 
96;1649;6.4;1;VOLKSWAGEN;7M-AWX;SHARAN / 1.9 / TDI;Nemcija;DEU;osebni avtomobil;181;vecnamensko vozilo;SHARAN 
96;1644;6.4;1;VOLKSWAGEN;3BG;PASSAT / 1.9;Nemcija;DEU;osebni avtomobil;197;karavan;PASSAT 
96;1625;6.4;1;VOLKSWAGEN;SEAVFX11-SGQM61E020NP0GE;PASSAT / VAR. 1.9 / TDI 4M;Nemcija;DEU;osebni avtomobil;201;karavan;PASSAT 
96;1604;6.4;1;VOLKSWAGEN;STAVFX11-SGQM61E020NP0GZ;PASSAT / 1.9;Nemcija;DEU;osebni avtomobil;204;limuzina;PASSAT 
96;1583;6.4;1;VOLKSWAGEN;STAVFX11-SGQM61E020NP0GE;PASSAT / 1.9 / TDI 4M;Nemcija;DEU;osebni avtomobil;204;limuzina;PASSAT 
96;1556;6.4;1;VOLKSWAGEN;STAVFX11-SGQM61E020NP0GE;PASSAT / 1.9 / TDI;Nemcija;DEU;osebni avtomobil;204;limuzina;PASSAT 
96;1385;6.4;0;VOLKSWAGEN;SACDACAX0-FM6FM6AJ015N7CPON1ML1BVR2B;GOLF / SPORTSVAN 1.5 / TSI;Nemcija;DEU;osebni avtomobil;202;karavan;GOLF 
96;1285;6.5;0;CITROEN;2RHNSJ-R1B000;C3 AIRCROSS / 1.2 /;Francija;FRA;osebni avtomobil;199;vecnamensko vozilo;C3 AIRCROSS 
96;2025;6.5;1;FIAT;250BMMRAGY9M;DUCATO / COMBINATO 2.3 / JTD;Italija;ITA;osebni avtomobil;155;vecnamensko vozilo;DUCATO 
96;1807;6.5;1;FORD;AZWA-1M7CEARG;GALAXY / 2.0 / TDCi;Nemcija;DEU;osebni avtomobil;188;vecnamensko vozilo;GALAXY 
96;1395;6.5;0;OPEL;ZRHNSS-C1P400;GRANDLAND X / 1.2 / TURBO AUT.;Nemcija;DEU;osebni avtomobil;196;vecnamensko vozilo;GRANDLAND X 
96;1395;6.5;0;OPEL;ZRHNSK-C1P100;GRANDLAND X / 1.2 / TURBO;Nemcija;DEU;osebni avtomobil;188;vecnamensko vozilo;GRANDLAND X 
96;1280;6.5;0;OPEL;EA023DB12-BB1VABPAZA5;CROSSLAND X / 1.2 / TURBO AUT.;Nemcija;DEU;osebni avtomobil;198;vecnamensko vozilo;CROSSLAND X 
96;1248;6.5;0;OPEL;EA023CB12-BA1VAAPH825;CROSSLAND X / 1.2 / TURBO;Nemcija;DEU;osebni avtomobil;201;vecnamensko vozilo;CROSSLAND X 
96;1516;6.5;0;PEUGEOT;MRHNSM-S1P100;5008 / 1.2 /;Francija;FRA;osebni avtomobil;200;vecnamensko vozilo;5008
96;1495;6.5;0;PEUGEOT;MRHNSU-C1PH00;3008 / 1.2 / AUT.;Francija;FRA;osebni avtomobil;188;vecnamensko vozilo;3008
96;1478;6.5;0;PEUGEOT;MRHNSU-C1PE00;3008 / 1.2 / AUT.;Francija;FRA;osebni avtomobil;188;vecnamensko vozilo;3008
96;1476;6.5;0;PEUGEOT;MRHNSM-C1V100;3008 / 1.2 /;Francija;FRA;osebni avtomobil;200;vecnamensko vozilo;3008
96;1296;6.5;0;PEUGEOT;CUHNS4/JS;2008 / 1.2 / AUT.;Francija;FRA;osebni avtomobil;199;karavan;2008
96;1976;6.5;1;RENAULT;JK1HA6;ESPACE / 2.0 / DCI;Francija;FRA;osebni avtomobil;184;vecnamensko vozilo;ESPACE 
96;1428;6.5;0;RENAULT;RJBHE2MFBTA22A5000;CAPTUR / 1.3 / 16V AUT.;Francija;FRA;osebni avtomobil;200;vozilo z dviûnimi vrati zadaj;CAPTUR 
96;1360;6.5;0;RENAULT;KZ0F06;MEGANE / GRANDTOUR 1.4 / 16V;Francija;FRA;osebni avtomobil;200;karavan;MEGANE 
96;1351;6.5;0;RENAULT;R00JE2NE6TB07A5000;CAPTUR / 1.3 / 16 V;Francija;FRA;osebni avtomobil;192;vozilo z dviûnimi vrati zadaj;CAPTUR 
96;1280;6.5;0;RENAULT;BZ0F06;MEGANE / 1.4 / 16V;Francija;FRA;osebni avtomobil;200;vozilo z dviûnimi vrati zadaj;MEGANE 
96;1270;6.5;0;RENAULT;DZ0F06;MEGANE / COUPE 1.4 / 16V;Francija;FRA;osebni avtomobil;205;kupe;MEGANE 
96;1724;6.5;1;SEAT;7MS SEA8CAUYX01;ALHAMBRA / 1.9 / TDI;äpanija;ESP;osebni avtomobil;188;vecnamensko vozilo;ALHAMBRA 
96;1734;6.5;1;VOLKSWAGEN;SEAVFX11-SGQM61E020NP0GE;PASSAT / VAR. 1.9 / TDI 4M;Nemcija;DEU;osebni avtomobil;197;karavan;PASSAT 
96;1711;6.5;1;VOLKSWAGEN;SEAVFX11-SGQM61E020NP0GZ;PASSAT / VARIANT 1.9;Nemcija;DEU;osebni avtomobil;197;karavan;PASSAT 
96;1701;6.5;1;VOLKSWAGEN;3BGSEAVFX11-SGQM61E020NP0GZ;PASSAT / VAR. 1.9 / TDI 4M;Nemcija;DEU;osebni avtomobil;197;karavan;PASSAT 
96;1692;6.5;1;VOLKSWAGEN;SEAVFX11-SGQM61E020NP0GZ;PASSAT / 1.9;Nemcija;DEU;osebni avtomobil;197;karavan;PASSAT 
96;1659;6.5;1;VOLKSWAGEN;SEAVFX11-SGQM61E020NP0GZ;PASSAT / VAR. 1.9 / TDI 4M;Nemcija;DEU;osebni avtomobil;201;karavan;PASSAT 
96;1633;6.5;1;VOLKSWAGEN;SEAVFX11-SGQM61E020NP0GZ;PASSAT / VAR. 1.9 / TDI 4M;Nemcija;DEU;osebni avtomobil;197;karavan;PASSAT 
96;1605;6.5;1;VOLKSWAGEN;SEAVFX11-SGQM61E020SP0GE;PASSAT / VAR. 1.9 / TDI 4M;Nemcija;DEU;osebni avtomobil;197;karavan;PASSAT 
96;1689;6.5;1;VOLVO;SW74-32;V70 / 2.4 / TD;ävedska;SWE;osebni avtomobil;200;karavan;V70 
96;1671;6.5;1;VOLVO;SW7492-A0;V70 / 2.4 / TD;ävedska;SWE;osebni avtomobil;200;karavan;V70 
96;1628;6.5;1;VOLVO;SW74-62;V70 / 2.4 / TD5;ävedska;SWE;osebni avtomobil;200;karavan;V70 
96;1616;6.5;1;VOLVO;R;S60 / 2.4;ävedska;SWE;osebni avtomobil;200;limuzina;S60 
96;1604;6.5;1;VOLVO;RS74-92;S60 / 2.4 / TD;ävedska;SWE;osebni avtomobil;200;limuzina;S60 
96;1604;6.5;1;VOLVO;R;S / 60 / 2.4 D;ävedska;SWE;osebni avtomobil;200;limuzina;S 
96;1558;6.5;1;VOLVO;RS7462;S60 / 2.4 / TD;ävedska;SWE;osebni avtomobil;200;limuzina;S60 
96;1529;6.5;1;VOLVO;RS7492;S60 / 2.4 / TD;ävedska;SWE;osebni avtomobil;200;limuzina;S60 
96;1645;6.6;1;AUDI;AAVFQ1-QM6XA0R8E70Q;A4 / AVANT 1.9 / TDI Q;Nemcija;DEU;osebni avtomobil;202;karavan;A4 
96;1547;6.6;0;CITROEN;ARHNSS-C12700;C5 AIRCROSS / 1.2 / AUT.;Francija;FRA;osebni avtomobil;196;vecnamensko vozilo;C5 AIRCROSS 
96;1536;6.6;0;CITROEN;ARHNSJ-C12000;C5 AIRCROSS / 1.2 /;Francija;FRA;osebni avtomobil;188;vecnamensko vozilo;C5 AIRCROSS 
96;1361;6.6;0;CITROEN;2RHNS1-R1F100;C3 AIRCROSS / 1.2 / AUT.;Francija;FRA;osebni avtomobil;195;vecnamensko vozilo;C3 AIRCROSS 
96;1300;6.6;0;CITROEN;2RHNSJ-R1B000;C3 AIRCROSS / 1.2 /;Francija;FRA;osebni avtomobil;199;vecnamensko vozilo;C3 AIRCROSS 
96;1367;6.6;0;DACIA;SRDHE2MF6DA1J0M02E;DUSTER / 1.3 / 16V;Francija;FRA;osebni avtomobil;193;karavan;DUSTER 
96;1724;6.6;1;FORD;WGR;GALAXY / 1.9 / TDI;Nemcija;DEU;osebni avtomobil;188;vecnamensko vozilo;GALAXY 
96;1326;6.6;0;HONDA;RU104-4;HR-V / 1.5 / CVT;Japonska ;JPN;osebni avtomobil;187;vecnamensko vozilo;HR-V 
96;1324;6.6;0;HONDA;RU102-3;HR-V / 1.5 / CVT;Japonska ;JPN;osebni avtomobil;187;vecnamensko vozilo;HR-V 
96;1318;6.6;0;HONDA;RU104-2;HR-V / 1.5 /;Japonska ;JPN;osebni avtomobil;191;vecnamensko vozilo;HR-V 
96;1316;6.6;0;HONDA;RU102-1;HR-V / 1.5 /;Japonska ;JPN;osebni avtomobil;192;vecnamensko vozilo;HR-V 
96;1370;6.6;0;OPEL;ZRHNSK-C1V100;GRANDLAND X / 1.2 / TURBO;Nemcija;DEU;osebni avtomobil;189;vecnamensko vozilo;GRANDLAND X 
96;1370;6.6;0;OPEL;ZRHNSJ-C1F000;GRANDLAND X / 1.2 / TURBO;Nemcija;DEU;osebni avtomobil;188;vecnamensko vozilo;GRANDLAND X 
96;1615;6.6;0;PEUGEOT;ERHNS3-D14110;RIFTER / 1.2 / L2 AUT.;Francija;FRA;osebni avtomobil;200;vecnamensko vozilo;RIFTER 
96;1565;6.6;0;PEUGEOT;MRHNSM-S1V100;5008 / 1.2 /;Francija;FRA;osebni avtomobil;200;vecnamensko vozilo;5008
96;1559;6.6;0;PEUGEOT;MRHNSM-S1P100;5008 / 1.2 /;Francija;FRA;osebni avtomobil;200;vecnamensko vozilo;5008
96;1551;6.6;0;PEUGEOT;MRHNSU-S1PH00;5008 / 1.2 / AUT.;Francija;FRA;osebni avtomobil;188;vecnamensko vozilo;5008
96;1491;6.6;0;PEUGEOT;MRHNSU-C1PE00;3008 / 1.2 / AUT.;Francija;FRA;osebni avtomobil;188;vecnamensko vozilo;3008
96;1408;6.6;0;PEUGEOT;LRHNST-R1B000;308 / BREAK 1.2;Francija;FRA;osebni avtomobil;205;vecnamensko vozilo;308
96;1312;6.6;0;PEUGEOT;CUHNS4/JS;2008 / 1.2 / AUT.;Francija;FRA;osebni avtomobil;199;karavan;2008
96;1395;6.6;1;RENAULT;BZ1S06;MEGANE / 1.9 / DCI;Francija;FRA;osebni avtomobil;205;vozilo z dviûnimi vrati zadaj;MEGANE 
96;1390;6.6;1;RENAULT;KMS40A;MEGANE / GRANDTOUR 1.9 / DCI AUT.;Francija;FRA;osebni avtomobil;197;karavan;MEGANE 
96;1385;6.6;1;RENAULT;LMS40A;MEGANE / SEDAN 1.9 / DCI AUT.;Francija;FRA;osebni avtomobil;197;limuzina;MEGANE 
96;1360;6.6;1;RENAULT;BMS40A;MEGANE / 1.9 / DCI AUT.;Francija;FRA;osebni avtomobil;197;vozilo z dviûnimi vrati zadaj;MEGANE 
96;1315;6.6;0;RENAULT;KZ1V06;MEGANE / GRANDTOUR 1.4 / 16V;Francija;FRA;osebni avtomobil;200;karavan;MEGANE 
96;1280;6.6;0;RENAULT;BZ1V06;MEGANE / 1.4 / 16V;Francija;FRA;osebni avtomobil;200;vozilo z dviûnimi vrati zadaj;MEGANE 
96;1270;6.6;0;RENAULT;DZ1V06;MEGANE / COUPE 1.4 / 16V;Francija;FRA;osebni avtomobil;205;kupe;MEGANE 
96;1724;6.6;1;VOLKSWAGEN;7M;SHARAN / 1.9 / TDI;Nemcija;DEU;osebni avtomobil;188;vecnamensko vozilo;SHARAN 
96;1700;6.6;1;VOLKSWAGEN;SEAVFX11-SGQM61E020NP0GE;PASSAT / VAR. 1.9 / TDI 4M;Nemcija;DEU;osebni avtomobil;197;karavan;PASSAT 
96;1683;6.6;1;VOLKSWAGEN;3BGSEAVFX11-SGQM61E020NP0GZ;PASSAT / VAR. 1.9 / TDI 4M;Nemcija;DEU;osebni avtomobil;197;karavan;PASSAT 
96;1614;6.6;1;VOLKSWAGEN;SEAVFX11-SGQM61E020NP0GZ;PASSAT / VAR. 1.9 / TDI 4M;Nemcija;DEU;osebni avtomobil;197;karavan;PASSAT 
96;1567;6.7;0;CITROEN;ARHNSS-C12700;C5 AIRCROSS / 1.2 / AUT.;Francija;FRA;osebni avtomobil;196;vecnamensko vozilo;C5 AIRCROSS 
96;1562;6.7;0;CITROEN;3AHNS4/J4S;C4 SPACETOURER / 1.2 AUT.;Francija;FRA;osebni avtomobil;196;vozilo za posebne namene;C4 SPACETOURER 
96;1521;6.7;0;CITROEN;ARHNSJ-C12000;C5 AIRCROSS / 1.2 /;Francija;FRA;osebni avtomobil;188;vecnamensko vozilo;C5 AIRCROSS 
96;1346;6.7;0;DACIA;SRDHE2MF6DA1J0M00E;DUSTER / 1.3 / 16V;Francija;FRA;osebni avtomobil;193;karavan;DUSTER 
96;1350;6.7;0;OPEL;ZRHNSJ-C1F000;GRANDLAND X / 1.2 / TURBO;Nemcija;DEU;osebni avtomobil;188;vecnamensko vozilo;GRANDLAND X 
96;1248;6.7;0;OPEL;EA023CB12-BA1VAAPH825;CROSSLAND X / 1.2 / TURBO;Nemcija;DEU;osebni avtomobil;201;vecnamensko vozilo;CROSSLAND X 
96;1578;6.7;0;PEUGEOT;MRHNSU-S1PH00;5008 / 1.2 / AUT.;Francija;FRA;osebni avtomobil;188;vecnamensko vozilo;5008
96;1490;6.7;0;PEUGEOT;MRHNSU-C1P100;3008 / 1.2 / AUT.;Francija;FRA;osebni avtomobil;196;vecnamensko vozilo;3008
96;1484;6.7;0;PEUGEOT;MRHNSJ-C1F000;3008 / 1.2 /;Francija;FRA;osebni avtomobil;188;vecnamensko vozilo;3008
96;1454;6.7;0;PEUGEOT;MRHNSU-C1U100;3008 / 1.2 / AUT.;Francija;FRA;osebni avtomobil;196;vecnamensko vozilo;3008
96;1311;6.7;0;PEUGEOT;CUHNS4/J2S;2008 / 1.2 / AUT.;Francija;FRA;osebni avtomobil;199;karavan;2008
96;1661;6.7;1;VOLVO;SW743200;V70 / 2.4 / TD;ävedska;SWE;osebni avtomobil;200;karavan;V70 
96;2025;6.8;1;CITROEN;YATMRA/GS9;JUMPER / KOMBI 30 2.2 / HDi L1H1;Francija;FRA;osebni avtomobil;155;vecnamensko vozilo;JUMPER 
96;1599;6.8;0;CITROEN;ERHNS3-A14400;BERLINGO / 1.2 / AUT. L1;Francija;FRA;osebni avtomobil;200;vecnamensko vozilo;BERLINGO 
96;1559;6.8;0;CITROEN;ARHNSS-C12200;C5 AIRCROSS / 1.2 / AUT.;Francija;FRA;osebni avtomobil;196;vecnamensko vozilo;C5 AIRCROSS 
96;1513;6.8;0;CITROEN;ARHNSJ-C1F000;C5 AIRCROSS / 1.2 /;Francija;FRA;osebni avtomobil;188;vecnamensko vozilo;C5 AIRCROSS 
96;1453;6.8;0;CITROEN;3DHNSR/1S;C4 SPACETOURER / 1.2 AUT.;Francija;FRA;osebni avtomobil;200;karavan;C4 SPACETOURER 
96;1683;6.8;1;FORD;WGR;GALAXY / 1.9;Nemcija;DEU;osebni avtomobil;188;limuzina;GALAXY 
96;1733;6.8;1;OPEL;FK11-1A09C8BGCJH5;INSIGNIA / CAR. 2.0 / DT 16V AUT.;Nemcija;DEU;osebni avtomobil;198;karavan;INSIGNIA 
96;1370;6.8;0;OPEL;ZRHNSJ-C1B000;GRANDLAND X / 1.2 / TURBO;Nemcija;DEU;osebni avtomobil;188;vecnamensko vozilo;GRANDLAND X 
96;1633;6.8;0;PEUGEOT;MRHNSU-S1PE00;5008 / 1.2 / AUT.;Francija;FRA;osebni avtomobil;188;vecnamensko vozilo;5008
96;1492;6.8;0;PEUGEOT;MRHNSU-C1V100;3008 / 1.2 / AUT.;Francija;FRA;osebni avtomobil;196;vecnamensko vozilo;3008
96;1490;6.8;0;PEUGEOT;MRHNSJ-S1F000;5008 / 1.2 /;Francija;FRA;osebni avtomobil;188;vecnamensko vozilo;5008
96;1505;6.8;1;RENAULT;EMS40A;MEGANE / CABRIOLET 1.9 / DCI AUT.;Francija;FRA;osebni avtomobil;200;kabriolet;MEGANE 
96;1593;6.8;0;TOYOTA;ERHNS3-A14400(1D);PROACE City Verso / 1.2 / AUT.;äpanija;ESP;osebni avtomobil;200;vecnamensko vozilo;PROACE City Verso 
96;1629;6.9;0;CITROEN;ERHNS3-C14400;BERLINGO / 1.2 / AUT. L2;Francija;FRA;osebni avtomobil;200;vecnamensko vozilo;BERLINGO 
96;1547;6.9;0;CITROEN;ARHNSJ-C1F000;C5 AIRCROSS / 1.2 /;Francija;FRA;osebni avtomobil;188;vecnamensko vozilo;C5 AIRCROSS 
96;1545;6.9;0;CITROEN;ARHNSS-C12200;C5 AIRCROSS / 1.2 / AUT.;Francija;FRA;osebni avtomobil;196;vecnamensko vozilo;C5 AIRCROSS 
96;1392;6.9;0;HONDA;RU104-3;HR-V / 1.5 / CVT;Japonska ;JPN;osebni avtomobil;187;vecnamensko vozilo;HR-V 
96;980;6.9;0;HONDA;ED7;CIVIC / 1.6 / I;Japonska ;JPN;osebni avtomobil;180;vozilo z dviûnimi vrati zadaj;CIVIC 
96;1370;6.9;0;OPEL;ZRHNSS-C1V100;GRANDLAND X / 1.2 / TURBO AUT.;Nemcija;DEU;osebni avtomobil;196;vecnamensko vozilo;GRANDLAND X 
96;1370;6.9;0;OPEL;ZRHNSJ-C1B000;GRANDLAND X / 1.2 / TURBO;Nemcija;DEU;osebni avtomobil;188;vecnamensko vozilo;GRANDLAND X 
96;1599;6.9;0;PEUGEOT;MRHNSU-S1P100;5008 / 1.2 / AUT.;Francija;FRA;osebni avtomobil;196;vecnamensko vozilo;5008
96;1486;6.9;0;PEUGEOT;MRHNSJ-C1B000;3008 / 1.2 /;Francija;FRA;osebni avtomobil;188;vecnamensko vozilo;3008
96;1484;6.9;1;VOLKSWAGEN;SEAWXX01-SGFM51W052NO0GE;PASSAT / VAR. 1.9 / TDI;Nemcija;DEU;osebni avtomobil;201;karavan;PASSAT 
96;1604;6.9;1;VOLVO;R;S / 60 / 2.4;ävedska;SWE;osebni avtomobil;200;limuzina;S 
96;1666;7.1;0;CITROEN;ERHNS3-C14100;BERLINGO / 1.2 / L2 AUT.;Francija;FRA;osebni avtomobil;200;vecnamensko vozilo;BERLINGO 
96;1642;7.1;0;CITROEN;ERHNS3-C14100;BERLINGO / 1.2 / L2 AUT.;Francija;FRA;osebni avtomobil;200;vozilo za posebne namene;BERLINGO 
96;1626;7.1;0;CITROEN;ERHNS3-A14100;BERLINGO / 1.2 / L1 AUT.;Francija;FRA;osebni avtomobil;200;vecnamensko vozilo;BERLINGO 
96;1614;7.1;0;CITROEN;ERHNS3-A14100;BERLINGO / 1.2 / L1 AUT.;Francija;FRA;osebni avtomobil;200;vozilo za posebne namene;BERLINGO 
96;1602;7.1;0;CITROEN;ERHNS3-A1K100;BERLINGO / 1.2 / L1 AUT.;Francija;FRA;osebni avtomobil;200;vecnamensko vozilo;BERLINGO 
96;1447;7.1;0;DACIA;SRDHE4MF6DA1G0M00E;DUSTER / 1.3 / 16V 4x4;Francija;FRA;osebni avtomobil;188;karavan;DUSTER 
96;2375;7.1;1;FIAT;250BMMPB55;DUCATO / PANORAMA 2.3 / JTD;Italija;ITA;osebni avtomobil;150;vecnamensko vozilo;DUCATO 
96;1597;7.1;1;FORD;BA7-AZBA1G5F;MONDEO / 2.0 / TDCI AWF;Nemcija;DEU;osebni avtomobil;195;karavan;MONDEO 
96;1578;7.1;1;FORD;BA7-AZBA1E5F;MONDEO / 2.0 / TDCI AWF;Nemcija;DEU;osebni avtomobil;200;vozilo z dviûnimi vrati zadaj;MONDEO 
96;1578;7.1;1;FORD;BA7-AZBA1D5F;MONDEO / 2.0 / TDCI AWF;Nemcija;DEU;osebni avtomobil;200;limuzina;MONDEO 
96;1597;7.1;0;PEUGEOT;ERHNS3-C14110;RIFTER / 1.2 / L2 AUT.;Francija;FRA;osebni avtomobil;200;vecnamensko vozilo;RIFTER 
96;1505;7.1;1;RENAULT;JMS40A;SCENIC / 1.9 / DCI AUT.;Francija;FRA;osebni avtomobil;190;vecnamensko vozilo;SCENIC 
96;1495;7.1;0;RENAULT;JZ0FA6;GRAND SCENIC / 1.4 / 16V;Francija;FRA;osebni avtomobil;195;vozilo z dviûnimi vrati zadaj;GRAND SCENIC 
96;1395;7.1;0;RENAULT;JZ0F06;SCENIC / 1.4 / 16V;Francija;FRA;osebni avtomobil;195;vozilo z dviûnimi vrati zadaj;SCENIC 
96;1395;7.1;0;RENAULT;JZ0F06;SCENIC / 1.4 / 16V;Francija;FRA;osebni avtomobil;190;vozilo z dviûnimi vrati zadaj;SCENIC 
96;1699;7.1;0;TOYOTA;ERHNS3-D14400(1D);PROACE City Verso / 1.2 / AUT.;äpanija;ESP;osebni avtomobil;200;vecnamensko vozilo;PROACE City Verso 
96;1620;7.1;0;TOYOTA;ERHNS3-A14100(1B);PROACE City Verso / 1.2 / AUT.;äpanija;ESP;osebni avtomobil;200;vecnamensko vozilo;PROACE City Verso 
96;1613;7.1;1;VOLKSWAGEN;3BG;PASSAT / 1.9 / TDI;Nemcija;DEU;osebni avtomobil;196;karavan;PASSAT 
96;1575;7.1;1;VOLKSWAGEN;3BG-AVF;PASSAT / 1.9 / TDI AUT.;Nemcija;DEU;osebni avtomobil;203;limuzina;PASSAT 
96;1536;7.1;1;VOLKSWAGEN;3BG-AVF;PASSAT / VAR. 1.9 / TDI;Nemcija;DEU;osebni avtomobil;201;karavan;PASSAT 
96;1536;7.1;1;VOLKSWAGEN;3BG-AVF;PASSAT / VAR. 1.9 / TDI;Nemcija;DEU;osebni avtomobil;196;karavan;PASSAT 
96;1520;7.1;1;VOLKSWAGEN;STAVFX01-AGFA51V022NO0GZ;PASSAT / 1.9 / TDI AUT.;Nemcija;DEU;osebni avtomobil;203;limuzina;PASSAT 
96;1615;7.2;1;AUDI;8E;A4 / 1.9 / TDI / QUATTRO;Nemcija;DEU;osebni avtomobil;202;karavan;A4 
96;2135;7.2;1;CITROEN;YBTMRB/HY9;JUMPER / KOMBI 33 2.2 / HDi L2H2;Francija;FRA;osebni avtomobil;150;vecnamensko vozilo;JUMPER 
96;2135;7.2;1;CITROEN;YBTMRB/9F;JUMPER / KOMBI 33 2.2 / HDi L2H2;Francija;FRA;osebni avtomobil;148;vecnamensko vozilo;JUMPER 
96;1694;7.2;0;CITROEN;ERHNS3-D14100;BERLINGO / 1.2 / L2 AUT.;Francija;FRA;osebni avtomobil;200;vecnamensko vozilo;BERLINGO 
96;1608;7.2;0;CITROEN;ERHNS3-A1K100;BERLINGO / 1.2 / L1 AUT.;Francija;FRA;osebni avtomobil;200;vecnamensko vozilo;BERLINGO 
96;1449;7.2;0;DACIA;SRDHE4MF6DA1G0M00E;DUSTER / 1.3 / 16V 4x4;Francija;FRA;osebni avtomobil;188;karavan;DUSTER 
96;1376;7.2;0;DACIA;SD00EVNE6DA130M500;DOKKER / 1.3 / 16V;Romunija;ROM;osebni avtomobil;189;karavan;DOKKER 
96;1364;7.2;0;DACIA;SRDHE2MF6DF000M000;DUSTER / 1.3 / 16V;Francija;FRA;osebni avtomobil;191;karavan;DUSTER 
96;1320;7.2;0;FORD;B5Y-CFBA;MONDEO / 1.8 /;Nemcija;DEU;osebni avtomobil;207;vozilo z dviûnimi vrati zadaj;MONDEO 
96;1505;7.2;0;JEEP;MPJHMFTNL1BAB8;COMPASS / 1.3 / HEA;Italija;ITA;osebni avtomobil;192;vecnamensko vozilo;COMPASS 
96;1350;7.2;0;OPEL;ZRHNSR-C1B000;GRANDLAND X / 1.2 / TURBO AUT.;Nemcija;DEU;osebni avtomobil;188;vecnamensko vozilo;GRANDLAND X 
96;1484;7.2;0;PEUGEOT;MRHNSR-C1B000;3008 / 1.2 / AUT.;Francija;FRA;osebni avtomobil;188;vecnamensko vozilo;3008
96;1483;7.2;0;PEUGEOT;MRHNSR-C1B000;3008 /1.2 / AUT.;Francija;FRA;osebni avtomobil;188;vecnamensko vozilo;3008
96;2043;7.2;1;RENAULT;JK02N6;ESPACE / 2.0 / DCI;Francija;FRA;osebni avtomobil;184;vecnamensko vozilo;ESPACE 
96;1877;7.2;1;RENAULT;JK02B6;ESPACE / 2.0 / DCI;Francija;FRA;osebni avtomobil;184;vecnamensko vozilo;ESPACE 
96;1832;7.2;1;RENAULT;JK02A6;ESPACE / 2.0 / DCI;Francija;FRA;osebni avtomobil;184;vecnamensko vozilo;ESPACE 
96;1586;7.2;1;VOLKSWAGEN;SEAVFX01-AGFA51V022NP0GE;PASSAT / 1.9 / TDI AUT.;Nemcija;DEU;osebni avtomobil;201;karavan;PASSAT 
96;1586;7.2;1;VOLKSWAGEN;3BG-AVF;PASSAT / VAR. 1.9 / TDI AUT.;Nemcija;DEU;osebni avtomobil;196;karavan;PASSAT 
96;1551;7.2;1;VOLKSWAGEN;3BG-AVF;PASSAT / VAR. 1.9 / TDI;Nemcija;DEU;osebni avtomobil;201;karavan;PASSAT 
96;1536;7.2;1;VOLKSWAGEN;SEAVFX01-AGFA51V022NO0GE;PASSAT / VAR. 1.9 / TDI;Nemcija;DEU;osebni avtomobil;201;karavan;PASSAT 
96;1534;7.2;1;VOLKSWAGEN;3BGSEAVFX01-AGFA51V022N00GE;PASSAT / 1.9;Nemcija;DEU;osebni avtomobil;196;karavan;PASSAT 
96;1771;7.3;1;FORD;AZWA-1S7CEARG;S-MAX / 2.0 / TDCi DPF AWF;Nemcija;DEU;osebni avtomobil;188;vecnamensko vozilo;S-MAX 
96;1431;7.3;0;OPEL;ERHNS3-A1K100;COMBO LIFE / 1.2 / TURBO AUT.;Nemcija;DEU;osebni avtomobil;200;vecnamensko vozilo;COMBO LIFE 
96;1370;7.3;0;OPEL;ZRHNSR-C1B000;GRANDLAND X / 1.2 / TURBO AUT.;Nemcija;DEU;osebni avtomobil;188;vecnamensko vozilo;GRANDLAND X 
96;1642;7.3;0;PEUGEOT;ERHNS3-A1K110;RIFTER / 1.2 / L1 AUT.;Francija;FRA;osebni avtomobil;200;vecnamensko vozilo;RIFTER 
96;1641;7.3;0;PEUGEOT;ERHNS3-A1H110;RIFTER / 1.2 / L1 AUT.;Francija;FRA;osebni avtomobil;200;vecnamensko vozilo;RIFTER 
96;1505;7.3;0;PEUGEOT;MRHNSR-C1B000;3008 /1.2 / AUT.;Francija;FRA;osebni avtomobil;188;vecnamensko vozilo;3008
96;1497;7.3;0;PEUGEOT;MRHNSR-C1B000;3008 / 1.2 / AUT.;Francija;FRA;osebni avtomobil;188;vecnamensko vozilo;3008
96;1575;7.3;0;RENAULT;EZ1V06;MEGANE / CABRIOLET 1.4 / 16V;Francija;FRA;osebni avtomobil;200;kabriolet;MEGANE 
96;1505;7.3;0;RENAULT;JZ0FB6;GRAND SCENIC / 1.4 / 16V;Francija;FRA;osebni avtomobil;195;vecnamensko vozilo;GRAND SCENIC 
96;1495;7.3;0;RENAULT;JZ1VA6;GRAND SCENIC / 1.4 / 16V;Francija;FRA;osebni avtomobil;190;vozilo z dviûnimi vrati zadaj;GRAND SCENIC 
96;1395;7.3;0;RENAULT;JZ1V06;SCENIC / 1.4 / 16V;Francija;FRA;osebni avtomobil;190;vozilo z dviûnimi vrati zadaj;SCENIC 
96;1629;7.3;1;VOLKSWAGEN;3BGSEAVFX01-AGFA51V022NP0GE;PASSAT / VAR. 1.9 / TDI AUT.;Nemcija;DEU;osebni avtomobil;196;karavan;PASSAT 
96;1555;7.3;1;VOLKSWAGEN;3BG-AWX;PASSAT / VAR. 1.9 / TDI;Nemcija;DEU;osebni avtomobil;196;karavan;PASSAT 
96;1523;7.3;1;VOLKSWAGEN;3BG-AWX;PASSAT / VAR. 1.9 / TDI;Nemcija;DEU;osebni avtomobil;201;karavan;PASSAT 
96;1491;7.3;1;VOLKSWAGEN;STAVFX01FM6;PASSAT / 1.9 / TDI;Nemcija;DEU;osebni avtomobil;208;limuzina;PASSAT 
96;1835;7.4;1;FORD;WA6AZWA-1M7FCARG;GALAXY / 2.0 / TDCi DPF AWF;Nemcija;DEU;osebni avtomobil;186;vecnamensko vozilo;GALAXY 
96;1370;7.4;0;OPEL;ZRHNSR-C1B000;GRANDLAND X / 1.2 / TURBO AUT.;Nemcija;DEU;osebni avtomobil;188;vecnamensko vozilo;GRANDLAND X 
96;2515;7.4;1;PEUGEOT;YBTMFB/GY;BOXER 2.2 / HDI FG333 L2H1;Francija;FRA;osebni avtomobil;155;vozilo za posebne namene;BOXER 2.2 
96;1686;7.4;0;PEUGEOT;ERHNS3-C1K110;RIFTER / 1.2 / L2 AUT.;Francija;FRA;osebni avtomobil;200;vecnamensko vozilo;RIFTER 
96;1529;7.4;0;PEUGEOT;MRHNSR-C1B000;3008 / 1.2 / AUT.;Francija;FRA;osebni avtomobil;188;vecnamensko vozilo;3008
96;1927;7.4;1;RENAULT;JK02D6;ESPACE / 2.0 / DCI;Francija;FRA;osebni avtomobil;184;vecnamensko vozilo;ESPACE 
96;1882;7.4;1;RENAULT;JK02C6;ESPACE / 2.0 / DCI;Francija;FRA;osebni avtomobil;184;vecnamensko vozilo;ESPACE 
96;1877;7.4;1;RENAULT;JK02B6;ESPACE / 2.0 / DCI;Francija;FRA;osebni avtomobil;184;vecnamensko vozilo;ESPACE 
96;1505;7.4;0;RENAULT;JZ1VB6;GRAND SCENIC / 1.4 / 16V;Francija;FRA;osebni avtomobil;190;vecnamensko vozilo;GRAND SCENIC 
96;1453;7.5;0;DACIA;SRDHE4MF6DA140M00E;DUSTER / 1.3 / 16V 4x4;Francija;FRA;osebni avtomobil;188;karavan;DUSTER 
96;1595;7.5;1;FORD;BWYFMBA1-5JFAP4;MONDEO / WAGON 2.0 / TDCI AUT.;Nemcija;DEU;osebni avtomobil;197;karavan;MONDEO 
96;1520;7.5;1;FORD;BWY FMBA1 5JFAP4;MONDEO / WAGON 2.0 / TDCI;Nemcija;DEU;osebni avtomobil;193;karavan;MONDEO 
96;1569;7.5;0;PEUGEOT;MRHNSR-C1B000;3008 / 1.2 / AUT.;Francija;FRA;osebni avtomobil;188;vecnamensko vozilo;3008
96;1446;7.6;0;DACIA;SRDHE4MF6DA140M00E;DUSTER / 1.3 / 16V 4x4;Francija;FRA;osebni avtomobil;188;karavan;DUSTER 
96;1616;7.6;1;FORD;BWYFMBA1-5JFCQV;MONDEO / WAGON 2.0 / TDCI AUT;Nemcija;DEU;osebni avtomobil;200;karavan;MONDEO 
96;1614;7.6;0;PEUGEOT;MRHNSR-S1B000;5008 / 1.2 / AUT.;Francija;FRA;osebni avtomobil;188;vecnamensko vozilo;5008
96;1616;7.6;1;VOLVO;R;S60 / 2.4;ävedska;SWE;osebni avtomobil;200;limuzina;S60 
96;1616;7.6;1;VOLVO;RS74-39;S60 / 2.4 / TD AUT.;ävedska;SWE;osebni avtomobil;195;limuzina;S60 
96;1807;7.7;1;FORD;WA6-AZWA1M;GALAXY / 2.0;Nemcija;DEU;osebni avtomobil;177;vecnamensko vozilo;GALAXY 
96;1715;7.7;1;FORD;WGR-AFN;GALAXY  1.9  TDI;Nemcija;DEU;osebni avtomobil;181;vecnamensko vozilo;GALAXY  1.9  TDI
96;1715;7.7;1;FORD;WGR-ASZ;GALAXY / 1.9 / TDI;Nemcija;DEU;osebni avtomobil;181;vecnamensko vozilo;GALAXY 
96;1649;7.7;1;FORD;WGR-ASZ;GALAXY / 1.9 / TDI;Nemcija;DEU;osebni avtomobil;188;vecnamensko vozilo;GALAXY 
96;1654;7.7;0;PEUGEOT;MRHNSR-S1B000;5008 / 1.2 / AUT.;Francija;FRA;osebni avtomobil;188;vecnamensko vozilo;5008
96;1135;7.8;0;FIAT;183;BARCHETTA / 1.8;Italija;ITA;osebni avtomobil;200;kabriolet;BARCHETTA 
96;1595;7.8;1;FORD;BWYFMBA1-5JFBP4;MONDEO / WAGON 2.0 / TDCI AUT.;Nemcija;DEU;osebni avtomobil;197;karavan;MONDEO 
96;1865;7.8;1;VOLKSWAGEN;7HC;TRANSPORTER / 2.5 / TDI;Nemcija;DEU;osebni avtomobil;168;vecnamensko vozilo;TRANSPORTER 
96;1385;7.9;0;AUDI;8E-ALT;A4 / 2.0 /;Nemcija;DEU;osebni avtomobil;212;limuzina;A4 
96;1692;7.9;1;VOLVO;SW74-99;V70 / 2.4 / TD;ävedska;SWE;osebni avtomobil;195;karavan;V70 
96;1794;8.1;1;FORD;FDF6-QWFA;TRANSIT / 300 M 2.2 / TDI;Nemcija;DEU;osebni avtomobil;157;vecnamensko vozilo;TRANSIT 
96;1713;8.1;1;FORD;FDE6-QWFA;TRANSIT / 300 S 2.2 / TDI;Nemcija;DEU;osebni avtomobil;157;vecnamensko vozilo;TRANSIT 
96;1713;8.1;1;OPEL;V94BE11-2A05KFBAD5;OMEGA / CAR. 2.5 / DT;Nemcija;DEU;osebni avtomobil;195;karavan;OMEGA 
96;2235;8.1;1;VOLKSWAGEN;7HM-BNZ;MULTIVAN / 2.5 / TDI;Nemcija;DEU;osebni avtomobil;168;vecnamensko vozilo;MULTIVAN 
96;1526;8.2;0;AUDI;AALTF1-FM52EQR8E500GGO;A4 / AVANT 2.0 /;Nemcija;DEU;osebni avtomobil;208;karavan;A4 
96;1385;8.2;0;AUDI;8E;A4 / 2.0 / I;Nemcija;DEU;osebni avtomobil;212;limuzina;A4 
96;2356;8.2;1;FORD;FAD-YMFA1ECX-E9WGBSABCAC2C;TRANSIT / 2.0 TDCI 96 310 L2H2 S;Nemcija;DEU;osebni avtomobil;150;vozilo z dostopom za invalidski vozicek;TRANSIT 
96;2399;8.2;1;VOLKSWAGEN;7HMAXDMNX0-N300SGFM6A5003V;MULTIVAN / 2.5 / TDI;Nemcija;DEU;osebni avtomobil;168;vecnamensko vozilo;MULTIVAN 
96;2387;8.2;1;VOLKSWAGEN;AXDMNX0-N300SGFM6A5003V;MULTIVAN / 2.5;Nemcija;DEU;osebni avtomobil;168;vecnamensko vozilo;MULTIVAN 
96;2312;8.2;1;VOLKSWAGEN;7HM AXDMNX0-N300SGFM6A5003V;MULTIVAN / 2.5;Nemcija;DEU;osebni avtomobil;168;limuzina;MULTIVAN 
96;2308;8.2;1;VOLKSWAGEN;AXDMNX0-N300SGFM6A5003V;MULTIVAN / 2.5 / TDI;Nemcija;DEU;osebni avtomobil;168;vecnamensko vozilo;MULTIVAN 
96;2274;8.2;1;VOLKSWAGEN;AXDMNX0-N300SGFM6A5003U;MULTIVAN / 2.5 / TDI;Nemcija;DEU;osebni avtomobil;168;vecnamensko vozilo;MULTIVAN 
96;2203;8.2;1;VOLKSWAGEN;7HM AXDMNX0-N300SGFM6A5003U;MULTIVAN / 2.5;Nemcija;DEU;osebni avtomobil;168;limuzina;MULTIVAN 
96;2202;8.2;1;VOLKSWAGEN;7HC AXDKNX0-L280SGFM6A5003U2802SR;TRANSPORTER / 2.5;Nemcija;DEU;osebni avtomobil;168;vecnamensko vozilo;TRANSPORTER 
96;2170;8.2;1;VOLKSWAGEN;AXDBNX0-N300SGFM6A5003T300;SHUTTLE / 2.5;Nemcija;DEU;osebni avtomobil;168;limuzina;SHUTTLE 
96;2055;8.2;1;VOLKSWAGEN;7HC AXDENX0-N300SGFM6A5003T3002SR;TRANSPORTER / 2.5 / TDI;Nemcija;DEU;osebni avtomobil;188;vecnamensko vozilo;TRANSPORTER 
96;2006;8.2;1;VOLKSWAGEN;7HC AXDKNX0-L280SGFM6A5003T2802SR;TRANSPORTER / 2.5;Nemcija;DEU;osebni avtomobil;168;vecnamensko vozilo;TRANSPORTER 
96;1940;8.2;1;VOLKSWAGEN;7HC-AXD;TRANSPORTER / 2.5 / TDI;Nemcija;DEU;osebni avtomobil;168;vecnamensko vozilo;TRANSPORTER 
96;2955;8.3;1;VOLKSWAGEN;ND50BNZX0-LS300FM6A5031627GG;TRANSPORTER / 2.5 / TDI;Nemcija;DEU;osebni avtomobil;168;vozilo za posebne namene;TRANSPORTER 
96;2565;8.3;1;VOLKSWAGEN;CD50BNZX0-300NFM6A503167GG;CALIFORNIA / 2.5 / TDI;Nemcija;DEU;osebni avtomobil;165;karavan;CALIFORNIA 
96;2430;8.3;1;VOLKSWAGEN;MD50BNZX0-300NFM6A503167GG;MULTIVAN / 2.5 / TDI;Nemcija;DEU;osebni avtomobil;168;vecnamensko vozilo;MULTIVAN 
96;2338;8.3;1;VOLKSWAGEN;MD50BNZX0-N300NFM6A503167GG;MULTIVAN / 2.5 / TDI;Nemcija;DEU;osebni avtomobil;168;vecnamensko vozilo;MULTIVAN 
96;2330;8.3;1;VOLKSWAGEN;ND50BNZX0-LS300FM6A50327GG;TRANSPORTER / 2.5 / TDI;Nemcija;DEU;osebni avtomobil;168;vozilo za posebne namene;TRANSPORTER 
96;2229;8.3;1;VOLKSWAGEN;ND50BNZX0-LS320FM6A5031627GG;TRANSPORTER / 2.5 / TDI;Nemcija;DEU;osebni avtomobil;168;vecnamensko vozilo;TRANSPORTER 
96;2220;8.3;1;VOLKSWAGEN;ND50BNZX0-LS300FM6A50327GG;TRANSPORTER / 2.5 / TDI;Nemcija;DEU;osebni avtomobil;168;vecnamensko vozilo;TRANSPORTER 
96;2220;8.3;1;VOLKSWAGEN;ND50BNZX0-LS300FM6A5031627GG;CARAVELLE / 2.5 / TDI;Nemcija;DEU;osebni avtomobil;168;vecnamensko vozilo;CARAVELLE 
96;2213;8.3;1;VOLKSWAGEN;ND50BNZX0-LS300FM6A5031627GG;TRANSPORTER / 2.5 / TDI;Nemcija;DEU;osebni avtomobil;168;vecnamensko vozilo;TRANSPORTER 
96;2213;8.3;1;VOLKSWAGEN;MD50BNZX0-LS300FM6A5031627GG;TRANSPORTER / 2.5 / TDI;Nemcija;DEU;osebni avtomobil;163;vecnamensko vozilo;TRANSPORTER 
96;2182;8.3;1;VOLKSWAGEN;AD50BNZX0-N300NFM6A503167GG;MULTIVAN STARTLINE / 2.5 / TDI;Nemcija;DEU;osebni avtomobil;168;karavan;MULTIVAN STARTLINE 
96;2182;8.3;1;VOLKSWAGEN;AD50BNZX0-300NFM6A503167GG;MULTIVAN / 2.5 / TDI;Nemcija;DEU;osebni avtomobil;168;karavan;MULTIVAN 
96;2170;8.3;1;VOLKSWAGEN;ND50BNZX0-NS280FM6A5031627GG;TRANSPORTER / 2.5 / TDI;Nemcija;DEU;osebni avtomobil;168;vecnamensko vozilo;TRANSPORTER 
96;2170;8.3;1;VOLKSWAGEN;ND50BNZX0-NS280FM6A5031637GG;TRANSPORTER 2.5 / TDI;Nemcija;DEU;osebni avtomobil;168;vecnamensko vozilo;TRANSPORTER 2.5 
96;2170;8.3;1;VOLKSWAGEN;ND50BNZX0-NS300FM6A50327GG;CARAVELLE / 2.5 / TDI;Nemcija;DEU;osebni avtomobil;168;vecnamensko vozilo;CARAVELLE 
96;2170;8.3;1;VOLKSWAGEN;ND50BNZX0-NS280FM6A5031627GG;TRANSPORTER / 2.5 / TDI;Nemcija;DEU;osebni avtomobil;168;vozilo za posebne namene;TRANSPORTER 
96;2080;8.3;1;VOLKSWAGEN;7HC-ND50BNZX0;CARAVELLE / 2.5 / TDI;Nemcija;DEU;osebni avtomobil;168;vecnamensko vozilo;CARAVELLE 
96;1980;8.3;1;VOLKSWAGEN;7HCND50BNZX0-LS300AM6A5051637GG;MULTIVAN / 2.5 / TDI;Nemcija;DEU;osebni avtomobil;168;vecnamensko vozilo;MULTIVAN 
96;1980;8.3;1;VOLKSWAGEN;7HC;TRANSPORTER / 2.5 / TDI;Nemcija;DEU;osebni avtomobil;168;vecnamensko vozilo;TRANSPORTER 
96;1940;8.3;1;VOLKSWAGEN;SD50BNZX0-NS300FM6A5031627GG;CARAVELLE / 2.5 / TDI;Nemcija;DEU;osebni avtomobil;168;vecnamensko vozilo;CARAVELLE 
96;1940;8.3;1;VOLKSWAGEN;ND50BNZX0-NS300FM6A5031637GG;TRANSPORTER 2.5 / TDI;Nemcija;DEU;osebni avtomobil;168;vecnamensko vozilo;TRANSPORTER 2.5 
96;1135;8.4;0;FIAT;183SA1AA-00;BARCHETA / 1.8 / 16V;Italija;ITA;osebni avtomobil;200;kabriolet;BARCHETA 
96;1135;8.4;0;FIAT;183SA1AA-00B;BARCHETTA / 1.8 / 16V;Italija;ITA;osebni avtomobil;200;kabriolet;BARCHETTA 
96;1415;8.4;0;LANCIA;839AXB1A02;LYBRA / 1.8 /;Italija;ITA;osebni avtomobil;201;limuzina;LYBRA 
96;2416;8.4;1;VOLKSWAGEN;7HMMD50BNZX0-300NFM6A50316V7GG;MULTIVAN / 2.5 / TDI;Nemcija;DEU;osebni avtomobil;168;vecnamensko vozilo;MULTIVAN 
96;2399;8.4;1;VOLKSWAGEN;7HCA;TRANSPORTER / 2.5 / TDI;Nemcija;DEU;osebni avtomobil;165;vozilo z dostopom za invalidski vozicek;TRANSPORTER 
96;2215;8.4;1;VOLKSWAGEN;ND50BNZX0-LS300FM6A503U27GG;TRANSPORTER / 2.5 / TDI;Nemcija;DEU;osebni avtomobil;168;vecnamensko vozilo;TRANSPORTER 
96;2215;8.4;1;VOLKSWAGEN;7HCND50BNZX0-LS30DFM6A503U27GG;TRANSPORTER / 2.5 / TDI;Nemcija;DEU;osebni avtomobil;165;vecnamensko vozilo;TRANSPORTER 
96;1135;8.5;0;FIAT;183SA1AA00;BARCHETTA / 1.8 / 16V;Italija;ITA;osebni avtomobil;200;kabriolet;BARCHETTA 
96;2396;8.5;1;VOLKSWAGEN;MD50AXDX0-300NFM6A50316V;MULTIVAN / 2.5 / TDI;Nemcija;DEU;osebni avtomobil;168;vecnamensko vozilo;MULTIVAN 
96;2385;8.5;1;VOLKSWAGEN;AXDMX0-300NFM6A503V;MULTIVAN / 2.5;Nemcija;DEU;osebni avtomobil;168;vecnamensko vozilo;MULTIVAN 
96;2361;8.5;1;VOLKSWAGEN;MD50AXDX0-300NFM6A50316V0GE;MULTIVAN / 2.5 / TDI;Nemcija;DEU;osebni avtomobil;168;vecnamensko vozilo;MULTIVAN 
96;2220;8.5;1;VOLKSWAGEN;ND50AXDX0-LV300FM6A503U2;TRANSPORTER / 2.5 / TDI;Nemcija;DEU;osebni avtomobil;168;vecnamensko vozilo;TRANSPORTER 
96;2220;8.5;1;VOLKSWAGEN;ND50AXDX0-LV300FM6A503U2;TRANSPORTER / 2.5;Nemcija;DEU;osebni avtomobil;168;karavan;TRANSPORTER 
96;2220;8.5;1;VOLKSWAGEN;ND50AXDX0-LV300FM6A503U20GE;CARAVELLE / 2.5 / TDI;Nemcija;DEU;osebni avtomobil;168;vecnamensko vozilo;CARAVELLE 
96;2208;8.5;1;VOLKSWAGEN;AXDNX0-LS300FM6A503U2;TRANSPORTER / 2.5;Nemcija;DEU;osebni avtomobil;168;vecnamensko vozilo;TRANSPORTER 
96;2200;8.5;1;VOLKSWAGEN;AXDNX0-LS280FM6A503U2;TRANSPORTER / 2.5 / TDI;Nemcija;DEU;osebni avtomobil;168;vecnamensko vozilo;TRANSPORTER 
96;2170;8.5;1;VOLKSWAGEN;AXDNX0-NS300FM6A503T2;CARAVELLE / 2.5 / TDI;Nemcija;DEU;osebni avtomobil;168;vecnamensko vozilo;CARAVELLE 
96;2170;8.5;1;VOLKSWAGEN;AXDNX0-NS300FM6A503T2;CARAVELLE / 2.5;Nemcija;DEU;osebni avtomobil;168;limuzina;CARAVELLE 
96;2170;8.5;1;VOLKSWAGEN;ND50AXDX0-NS300FM6A503T20GE;TRANSPORTER / 2.5 / TDI;Nemcija;DEU;osebni avtomobil;168;vecnamensko vozilo;TRANSPORTER 
96;2158;8.5;1;VOLKSWAGEN;AXDNX0-NS280FM6A503T2;TRANSPORTER / 2.5 / TDI;Nemcija;DEU;osebni avtomobil;168;vecnamensko vozilo;TRANSPORTER 
96;1940;8.5;1;VOLKSWAGEN;7HC;CARAVELLE / 2.5 / TDI;Nemcija;DEU;osebni avtomobil;168;vecnamensko vozilo;CARAVELLE 
96;1393;8.5;0;VOLKSWAGEN;3BG;PASSAT / 2.0 / I;Nemcija;DEU;osebni avtomobil;210;limuzina;PASSAT 
96;1255;8.6;0;FIAT;175AXA1A-1A;COUPE / 1.8;Italija;ITA;osebni avtomobil;205;kupe;COUPE 
96;1135;8.6;0;FIAT;183;BARCHETTA / 1.8;Italija;ITA;osebni avtomobil;200;kabriolet;BARCHETTA 
96;1266;8.6;0;FORD;DNW-EDDF;FOCUS / WAGON 2.0 /;Nemcija;DEU;osebni avtomobil;201;karavan;FOCUS 
96;2290;8.6;1;PEUGEOT;YATMPA/GY9;BOXER / KOMBI 30 2.2 / HDi L1H1;Francija;FRA;osebni avtomobil;155;vecnamensko vozilo;BOXER 
96;2390;8.7;1;FORD;FAC-YMFA1DBX-E8WJASBBCACQD;TOURNEO CUSTOM / 2.0 TDCI 96 310 L1H1;Nemcija;DEU;osebni avtomobil;160;vecnamensko vozilo;TOURNEO CUSTOM 
96;1175;8.9;0;FORD;DBW;FOCUS / 2.0 / I;Nemcija;DEU;osebni avtomobil;201;limuzina;FOCUS 
96;1290;9.1;0;ROVER;RHZLBN;620 / / Si;Zdruûeno kraljestvo;GBR;osebni avtomobil;200;limuzina;620
96;1259;9.1;0;SAAB;YS3CC55D;9000 / 2.0 / 16V;ävedska;SWE;osebni avtomobil;190;vozilo z dviûnimi vrati zadaj;9000
96;3184;9.1;1;VOLKSWAGEN;ND50BNZX1-LS320AM6A5051627GG;TRANSPORTER / 2.5 / TDI 4M;Nemcija;DEU;osebni avtomobil;165;vozilo za posebne namene;TRANSPORTER 
96;2411;9.1;1;VOLKSWAGEN;ND50BNZX1-LS300AM6A5051627GG;CARAVELLE / 2.5 / TDI 4M;Nemcija;DEU;osebni avtomobil;165;vozilo za invalidski vozicek;CARAVELLE 
96;2410;9.1;1;VOLKSWAGEN;ND50BNZX1-NS300AM6A5051627GG;TRANSPORTER / 2.5 / TDI 4M;Nemcija;DEU;osebni avtomobil;165;vozilo za posebne namene;TRANSPORTER 
96;2329;9.1;1;VOLKSWAGEN;ND50BNZX1-LS320AM6A5051627GG;CARAVELLE / 2.5 / TDI 4M;Nemcija;DEU;osebni avtomobil;165;vecnamensko vozilo;CARAVELLE 
96;2320;9.1;1;VOLKSWAGEN;ND50BNZX1-LS300AM6A5051627GG;TRANSPORTER / 2.5 / TDI 4M;Nemcija;DEU;osebni avtomobil;165;vecnamensko vozilo;TRANSPORTER 
96;2320;9.1;1;VOLKSWAGEN;ND50BNZX1-LS300AM6A50527GG;CARAVELLE / 2.5 / TDI 4M;Nemcija;DEU;osebni avtomobil;165;vecnamensko vozilo;CARAVELLE 
96;2317;9.1;1;VOLKSWAGEN;ND50BNZX1-LS300AM6A50537GG;TRANSPORTER / 2.5 / TDI 4M;Nemcija;DEU;osebni avtomobil;165;vecnamensko vozilo;TRANSPORTER 
96;2316;9.1;1;VOLKSWAGEN;ND50BNZX1-LS300AM6A50527GG;TRANSPORTER / 2.5 / TDI 4M;Nemcija;DEU;osebni avtomobil;165;vecnamensko vozilo;TRANSPORTER 
96;2270;9.1;1;VOLKSWAGEN;ND50BNZX1-NS280AM6A50527GG;TRANSPORTER / 2.5 / TDI 4M;Nemcija;DEU;osebni avtomobil;165;vecnamensko vozilo;TRANSPORTER 
96;2265;9.1;1;VOLKSWAGEN;ND50BNZX1-NS300AM6A5051627GG;TRANSPORTER / 2.5 / TDI 4M;Nemcija;DEU;osebni avtomobil;165;vecnamensko vozilo;TRANSPORTER 
96;2080;9.1;1;VOLKSWAGEN;SD50BNZX1;CARAVELLE / 2.5 / TDI 4M;Nemcija;DEU;osebni avtomobil;165;vecnamensko vozilo;CARAVELLE 
96;2245;9.2;1;VOLKSWAGEN;ND50BNZX1-LV300AM6A505U27GG;CARAVELLE / 2.5 / TDI 4M;Nemcija;DEU;osebni avtomobil;165;vecnamensko vozilo;CARAVELLE 
96;2205;9.2;1;VOLKSWAGEN;ND50BNZX1-NS300AM6A505T27GG;TRANSPORTER / 2.5 / TDI 4M;Nemcija;DEU;osebni avtomobil;165;vecnamensko vozilo;TRANSPORTER 
96;2040;9.2;1;VOLKSWAGEN;ND50BNZX1-NS280AM6A505T27GG;TRANSPORTER / 2.5 / TDI 4M;Nemcija;DEU;osebni avtomobil;165;vecnamensko vozilo;TRANSPORTER 
96;2138;9.3;1;VOLKSWAGEN;ND50AXDX0-NS280FA69K09T20GE;TRANSPORTER / 2.5 / TDI AUT.;Nemcija;DEU;osebni avtomobil;164;vecnamensko vozilo;TRANSPORTER 
96;2986;9.4;1;VOLKSWAGEN;AXDNX1-LS300AM6A505U2;TRANSPORTER 2.5 / TDI 4M;Nemcija;DEU;osebni avtomobil;165;vecnamensko vozilo;TRANSPORTER 2.5 
96;2870;9.4;1;VOLKSWAGEN;AXDNX1-LS300AM6A505U2;TRANSPORTER / 2.5 / TDI 4M;Nemcija;DEU;osebni avtomobil;165;vozilo za posebne namene;TRANSPORTER 
96;2477;9.4;1;VOLKSWAGEN;MD50AXDX1-300NAM6A50516V0GE;MULTIVAN / 2.5 / TDI 4M;Nemcija;DEU;osebni avtomobil;165;vecnamensko vozilo;MULTIVAN 
96;2320;9.4;1;VOLKSWAGEN;.;TRANSPORTER / 2.5 / TDI 4M;Nemcija;DEU;osebni avtomobil;165;vecnamensko vozilo;TRANSPORTER 
96;2320;9.4;1;VOLKSWAGEN;ND50AXDX1-LS300AM6A505U20GE;CARAVELLE / 2.5 / TDI 4M;Nemcija;DEU;osebni avtomobil;165;vecnamensko vozilo;CARAVELLE 
96;2298;9.4;1;VOLKSWAGEN;AXDNX1-LS300AM6A505U3;TRANSPORTER 2.5 / TDI 4M;Nemcija;DEU;osebni avtomobil;165;vecnamensko vozilo;TRANSPORTER 2.5 
96;2275;9.4;1;VOLKSWAGEN;AXDNX1-LS300AM6A505U2;TRANSPORTER / 2.5 / TDI 4M;Nemcija;DEU;osebni avtomobil;165;vecnamensko vozilo;TRANSPORTER 
96;2270;9.4;1;VOLKSWAGEN;SD50AXDX1-NS300AM6A505U20GE;SHUTTLE / 2.5 / TDI 4M;Nemcija;DEU;osebni avtomobil;165;vecnamensko vozilo;SHUTTLE 
96;2270;9.4;1;VOLKSWAGEN;7HCASD50AXDX1-NS300AM6A505U2;TRANSPORTER / 2.5 / TDI 4M;Nemcija;DEU;osebni avtomobil;165;vecnamensko vozilo;TRANSPORTER 
96;2270;9.4;1;VOLKSWAGEN;ND50AXDX1-LV300AM6A505U2;CARAVELLE / 2.5 / TDI 4M;Nemcija;DEU;osebni avtomobil;165;vozilo za posebne namene;CARAVELLE 
96;2265;9.4;1;VOLKSWAGEN;7HCAND50AXDX1-NS280AM6A505T2;TRANSPORTER / 2.5;Nemcija;DEU;osebni avtomobil;165;vecnamensko vozilo;TRANSPORTER 
96;2263;9.4;1;VOLKSWAGEN;AXDNX1-NS280AM6A505U2;TRANSPORTER / 2.5;Nemcija;DEU;osebni avtomobil;165;vecnamensko vozilo;TRANSPORTER 
96;2245;9.4;1;VOLKSWAGEN;7HCA AXDKNX1-L300SGAM6A5005U3002SR;TRANSPORTER / 2.5;Nemcija;DEU;osebni avtomobil;165;vecnamensko vozilo;TRANSPORTER 
96;2195;9.4;1;VOLKSWAGEN;AXDNX1-NS300AM6A505U2;TRANSPORTER / 2.5 / TDI 4M;Nemcija;DEU;osebni avtomobil;165;vecnamensko vozilo;TRANSPORTER 
96;2145;9.4;1;VOLKSWAGEN;ND50AXDX1-NS300AM6A505T20GE;TRANSPORTER / 2.5 / TDI 4M;Nemcija;DEU;osebni avtomobil;165;vecnamensko vozilo;TRANSPORTER 
96;2140;9.4;1;VOLKSWAGEN;7HCAAXDNX1-LS2300AM6A505U2;TRANSPORTER / 2.5 / TDI 4M;Nemcija;DEU;osebni avtomobil;165;vecnamensko vozilo;TRANSPORTER 
96;2450;9.5;1;VOLKSWAGEN;MD50BNZX0-300NFA69K09167GG;MULTIVAN / 2.5 / TDI AUT.;Nemcija;DEU;osebni avtomobil;164;vecnamensko vozilo;MULTIVAN 
96;1940;9.5;1;VOLKSWAGEN;ND50BNZX0-NS300FA69K091627GG;TRANSPORTER / 2.5 / TDI AUT.;Nemcija;DEU;osebni avtomobil;164;vecnamensko vozilo;TRANSPORTER 
96;1375;9.9;0;SAAB;7J-M05;9-3 / CONV 2.0 / i;ävedska;SWE;osebni avtomobil;200;kabriolet;09-Mar
97;1555;10.3;0;FIAT;220AJ5;ULYSSE / 2.0 /;Italija;ITA;osebni avtomobil;186;vecnamensko vozilo;ULYSSE 
97;1436;5.3;0;RENAULT;RFBKF2MR662A010000;MEGANE / GRANDTOUR 1.2 / 16V;Francija;FRA;osebni avtomobil;198;karavan;MEGANE 
97;1367;5.3;0;RENAULT;RFBBF2MR662A010000;MEGANE / 1.2 / 16V;Francija;FRA;osebni avtomobil;198;vozilo z dviûnimi vrati zadaj;MEGANE 
97;1359;5.4;0;RENAULT;KZ1606;MEGANE / GRANDTOUR 1.2 / 16V;Francija;FRA;osebni avtomobil;190;karavan;MEGANE 
97;1333;5.4;0;RENAULT;RFBBF2MRB62A010000;MEGANE / 1.2 / 16V AUT.;Francija;FRA;osebni avtomobil;199;vozilo z dviûnimi vrati zadaj;MEGANE 
97;1322;5.4;0;RENAULT;RFBBF2MR66SA010000;MEGANE / 1.2 / 16V;Francija;FRA;osebni avtomobil;198;vozilo z dviûnimi vrati zadaj;MEGANE 
97;1280;5.4;0;RENAULT;BZ1606;MEGANE / 1.2 / 16V;Francija;FRA;osebni avtomobil;190;vozilo z dviûnimi vrati zadaj;MEGANE 
97;1280;5.4;0;RENAULT;DZ1606;MEGANE / COUPE 1.2 / 16V;Francija;FRA;osebni avtomobil;190;kupe;MEGANE 
97;1448;5.5;0;RENAULT;RFBKF2MR662B010000;MEGANE / GRANDTOUR 1.2 / 16V;Francija;FRA;osebni avtomobil;198;karavan;MEGANE 
97;1379;5.5;0;RENAULT;RFBBF2MR662B010000;MEGANE / 1.2 / 16V;Francija;FRA;osebni avtomobil;198;vozilo z dviûnimi vrati zadaj;MEGANE 
97;1345;5.5;0;RENAULT;RFBBF2MRB62B010000;MEGANE / 1.2 / 16V AUT.;Francija;FRA;osebni avtomobil;199;vozilo z dviûnimi vrati zadaj;MEGANE 
97;1334;5.5;0;RENAULT;RFBBF2MR66SB010000;MEGANE / 1.2 / 16V;Francija;FRA;osebni avtomobil;198;vozilo z dviûnimi vrati zadaj;MEGANE 
97;1280;5.6;0;RENAULT;BZ3603;MEGANE / 1.2 / 16V AUT.;Francija;FRA;osebni avtomobil;190;vozilo z dviûnimi vrati zadaj;MEGANE 
97;1385;5.6;0;TOYOTA;E15EJ(a)/ZRE181(E)/ZRE181L-DEXNPW(4N);COROLLA / 1.6 / CVT;Turcija;TUR;osebni avtomobil;190;limuzina;COROLLA 
97;1375;5.6;0;TOYOTA;ZRE181L-DEXNPW(2K);COROLLA / 1.6 / AUT.;Turcija;TUR;osebni avtomobil;190;limuzina;COROLLA 
97;1400;5.7;0;TOYOTA;ZRE185L-DHXNPW(2R);AURIS / 1.6 / CVT;Zdruûeno kraljestvo;GBR;osebni avtomobil;190;vozilo z dviûnimi vrati zadaj;AURIS 
97;1560;5.8;0;RENAULT;RFAJF2MR6RVA015000;SCENIC / 1.2 / 16V;Francija;FRA;osebni avtomobil;195;vozilo z dviûnimi vrati zadaj;SCENIC 
97;1351;5.8;0;RENAULT;KZ2Y0J;MEGANE / GRANDTOUR 1.2 / 16V AUT.;Francija;FRA;osebni avtomobil;190;karavan;MEGANE 
97;1375;5.9;0;TOYOTA;ZRE185L-DHFNPW(2R);AURIS / 1.6;Zdruûeno kraljestvo;GBR;osebni avtomobil;200;vecnamensko vozilo;AURIS 
97;1295;5.9;0;TOYOTA;ZRE185L-DHFNPW(2T);AURIS / 1.6;Zdruûeno kraljestvo;GBR;osebni avtomobil;200;vecnamensko vozilo;AURIS 
97;1076;6.1;0;MAZDA;6EA6DW1;MAZDA MX-5 / G132 /;Japonska ;JPN;osebni avtomobil;204;kabriolet;MAZDA MX-5 
97;1637;6.1;0;RENAULT;RFARF2MR6RVA017000;GRAND SCENIC / 1.2 / 16V;Francija;FRA;osebni avtomobil;195;vozilo z dviûnimi vrati zadaj;GRAND SCENIC 
97;1595;6.1;0;RENAULT;RFARF2MR6RVA015000;GRAND SCENIC / 1.2 / 16V;Francija;FRA;osebni avtomobil;195;vozilo z dviûnimi vrati zadaj;GRAND SCENIC 
97;1448;6.1;0;TOYOTA;T27/ZRT270(E)/ZRT270L-AEFNPW(1K);AVENSIS / 1.6 /;Zdruûeno kraljestvo;GBR;osebni avtomobil;200;limuzina;AVENSIS 
97;1425;6.1;0;TOYOTA;ZRE185L-DWFNPW(2R);AURIS / 1.6 / TS;Zdruûeno kraljestvo;GBR;osebni avtomobil;195;karavan;AURIS 
97;1390;6.1;0;TOYOTA;ZRE185L-DWFDPW(1T);AURIS / 1.6 / TS;Zdruûeno kraljestvo;GBR;osebni avtomobil;195;karavan;AURIS 
97;1385;6.1;0;TOYOTA;E15EJ(a)/ZRE181(E)/ZRE181L-DEXGPW(4N);COROLLA / 1.6 / CVT;Turcija;TUR;osebni avtomobil;190;limuzina;COROLLA 
97;1375;6.1;0;TOYOTA;ZRE185L-DHFNPW(3Q);AURIS / 1.6;Zdruûeno kraljestvo;GBR;osebni avtomobil;200;vecnamensko vozilo;AURIS 
97;1315;6.1;0;TOYOTA;ZRE185L-DWFNPW(2S);AURIS / 1.6 / TS;Zdruûeno kraljestvo;GBR;osebni avtomobil;195;karavan;AURIS 
97;1295;6.1;0;TOYOTA;ZRE185L-DHFNPW(3S);AURIS / 1.6;Zdruûeno kraljestvo;GBR;osebni avtomobil;200;vecnamensko vozilo;AURIS 
97;1395;6.2;0;RENAULT;JZ1606;SCENIC / 1.2 / 16V;Francija;FRA;osebni avtomobil;185;vozilo z dviûnimi vrati zadaj;SCENIC 
97;1315;6.2;0;TOYOTA;ZRE185L-DWFNPW(3S);AURIS / 1.6 / TS;Zdruûeno kraljestvo;GBR;osebni avtomobil;195;karavan;AURIS 
97;1529;6.3;0;HYUNDAI;F5P31-M64ZZ1;TUCSON / 1.6 / GDI;Ceöka republika;CZE;osebni avtomobil;182;vecnamensko vozilo;TUCSON 
97;1454;6.3;0;KIA;QLEF5P31-M64ZZ1;SPORTAGE / 1.6 /;Slovaöka;SVK;osebni avtomobil;182;vecnamensko vozilo;SPORTAGE 
97;1454;6.3;0;KIA;QLEF5P31-M64ZZ1;SPORTAGE / 1.6 /;Slovaöka;SVK;osebni avtomobil;182;limuzina;SPORTAGE 
97;1375;6.3;0;TOYOTA;E15EJ(a)/ZRE181(E)/ZRE181L-DEFGPW(4M);COROLLA / 1.6 /;Turcija;TUR;osebni avtomobil;200;limuzina;COROLLA 
97;1355;6.3;0;TOYOTA;ZRE151L-DHLNPW(3H);AURIS / 1.6 / AUT.;Turcija;TUR;osebni avtomobil;195;vecnamensko vozilo;AURIS 
97;1352;6.3;0;TOYOTA;ZE1EE(EU.M)/ZRE210(E)/ZRE210L-DEFDPW(1C);COROLLA / 1.6 /;Turcija;TUR;osebni avtomobil;200;limuzina;COROLLA 
97;1281;6.4;0;HYUNDAI;A5P11-M61AZ1;ELANTRA / 1.6 /;Koreja. republika;KOR;osebni avtomobil;200;limuzina;ELANTRA 
97;1505;6.4;0;RENAULT;JZ16A6;GRAND SCENIC / 1.2 / 16V;Francija;FRA;osebni avtomobil;185;vozilo z dviûnimi vrati zadaj;GRAND SCENIC 
97;1302;6.5;0;HYUNDAI;A5P11-M61AZ1;ELANTRA / 1.6 /;Koreja. republika;KOR;osebni avtomobil;200;limuzina;ELANTRA 
97;1480;6.5;0;RENAULT;JZ0YBH;GRAND SCENIC / 1.2 / 16V;Francija;FRA;osebni avtomobil;185;vecnamensko vozilo;GRAND SCENIC 
97;1440;6.5;0;RENAULT;JZ0YAH;GRAND SCENIC / 1.2 / 16V;Francija;FRA;osebni avtomobil;185;vozilo z dviûnimi vrati zadaj;GRAND SCENIC 
97;1440;6.5;0;TOYOTA;ZRT270L-AEFNPW(1C);AVENSIS / 1.6 /;Zdruûeno kraljestvo;GBR;osebni avtomobil;200;limuzina;AVENSIS 
97;1399;6.5;0;TOYOTA;ZE1EE(EU.M)/ZRE210(E)/ZRE210L-DEFNPW(2C);COROLLA / 1.6 /;Turcija;TUR;osebni avtomobil;200;limuzina;COROLLA 
97;1363;6.5;0;TOYOTA;ZRE151L-DEFNPW(2G);COROLLA / 1.6 /;Juûna Afrika;ZAF;osebni avtomobil;200;limuzina;COROLLA 
97;1350;6.5;0;TOYOTA;ZRE151L-DHFNPW(1H);AURIS / 1.6 /;Turcija;TUR;osebni avtomobil;195;vecnamensko vozilo;AURIS 
97;1320;6.5;0;TOYOTA;ZRE151L-DHFDPW(1H);AURIS / 1.6 /;Turcija;TUR;osebni avtomobil;195;vecnamensko vozilo;AURIS 
97;1545;6.6;0;HYUNDAI;F5P11-M611Z1;TUCSON / 1.6 / GDI;Ceöka republika;CZE;osebni avtomobil;182;vecnamensko vozilo;TUCSON 
97;1595;6.6;0;TOYOTA;AR2/ZGR20(WF)/ZGR20L-GWFEPW(4M);VERSO / 1.6 / 7S;Turcija;TUR;osebni avtomobil;185;karavan;VERSO 
97;1555;6.6;0;TOYOTA;AR2/ZGR20(WC)/ZGR20L-GWFEPW(4M);VERSO / 1.6 / 5S;Turcija;TUR;osebni avtomobil;185;karavan;VERSO 
97;1505;6.6;0;TOYOTA;ZGR20L-GWFDPW(1H);VERSO / 1.6 /;Turcija;TUR;osebni avtomobil;185;karavan;VERSO 
97;1440;6.6;0;TOYOTA;ZRT270L-AEFNPW(1D);AVENSIS / 1.6 /;Zdruûeno kraljestvo;GBR;osebni avtomobil;200;limuzina;AVENSIS 
97;1370;6.6;0;TOYOTA;ZRE151L-DHFNPW(1L);AURIS / 1.6 /;Turcija;TUR;osebni avtomobil;195;vecnamensko vozilo;AURIS 
97;1350;6.6;0;TOYOTA;ZRE151L-DHFNPW(1N);AURIS / 1.6 /;Turcija;TUR;osebni avtomobil;195;vecnamensko vozilo;AURIS 
97;1490;6.7;0;KIA;QLEF5P11-M611Z1;SPORTAGE / 1.6 /;Slovaöka;SVK;osebni avtomobil;182;vecnamensko vozilo;SPORTAGE 
97;1454;6.7;0;KIA;QLEF5P21-M64ZZ1;SPORTAGE / 1.6 /;Slovaöka;SVK;osebni avtomobil;182;vecnamensko vozilo;SPORTAGE 
97;1495;6.7;0;TOYOTA;ZGR20L-GWFDPW(1B);VERSO / 1.6 / ;Turcija;TUR;osebni avtomobil;185;karavan;VERSO 
97;1495;6.7;0;TOYOTA;ZGR20L-GWFDPW(3B);VERSO / 1.6 / ;Turcija;TUR;osebni avtomobil;185;vecnamensko vozilo;VERSO 
97;1430;6.7;0;TOYOTA;ZGR20L-GWFDPW(1A);VERSO / 1.6 /;Turcija;TUR;osebni avtomobil;185;karavan;VERSO 
97;1359;6.7;0;TOYOTA;E15EJ(a)/ZRE181(E)/ZRE181L-DEFNPW(1P);COROLLA / 1.6 /;Turcija;TUR;osebni avtomobil;200;limuzina;COROLLA 
97;1572;6.8;0;HYUNDAI;F5P11-M611Z1;TUCSON / 1.6 / GDI;Ceöka republika;CZE;osebni avtomobil;182;vecnamensko vozilo;TUCSON 
97;1575;6.8;0;TOYOTA;AR2/ZGR20(WF)/ZGR20L-GWFEPW(1K);VERSO / 1.6 / 7S;Turcija;TUR;osebni avtomobil;185;vecnamensko vozilo;VERSO 
97;1555;6.8;0;TOYOTA;AR2/ZGR20(WC)/ZGR20L-GWFEPW(1K);VERSO / 1.6 / 5S;Turcija;TUR;osebni avtomobil;185;karavan;VERSO 
97;1540;6.8;0;TOYOTA;ZGR20L-GWFEPW(1F);VERSO / 1.6 /;Turcija;TUR;osebni avtomobil;185;karavan;VERSO 
97;1530;6.8;0;TOYOTA;ZGR20L-GWFEPW(1E);VERSO / 1.6 /;Turcija;TUR;osebni avtomobil;185;karavan;VERSO 
97;1495;6.8;0;TOYOTA;ZGR20L-GWFDPW(1C);VERSO / 1.6 / ;Turcija;TUR;osebni avtomobil;185;karavan;VERSO 
97;1403;6.8;0;TOYOTA;ZE1EE(EU.M)/ZRE210(E)/ZRE210L-DEFNPW(1C);COROLLA / 1.6 /;Turcija;TUR;osebni avtomobil;200;limuzina;COROLLA 
97;1401;6.8;0;TOYOTA;ZE1EE(EU.M)/ZRE210(E)/ZRE210L-DEFNPW(1A);COROLLA / 1.6 /;Turcija;TUR;osebni avtomobil;200;limuzina;COROLLA 
97;1410;6.9;0;TOYOTA;ZE1EE(EU.M)/ZRE210(E)/ZRE210L-DEFNPW(1A);COROLLA / 1.6 /;Turcija;TUR;osebni avtomobil;200;limuzina;COROLLA 
97;1572;7.1;0;HYUNDAI;F5P11-M611Z1;TUCSON / 1.6 / GDI;Ceöka republika;CZE;osebni avtomobil;182;vecnamensko vozilo;TUCSON 
97;1490;7.2;0;KIA;QLEF5P11-M611Z1;SPORTAGE / 1.6 /;Slovaöka;SVK;osebni avtomobil;182;vecnamensko vozilo;SPORTAGE 
97;1490;7.3;0;KIA;QLEF5P11-M611Z1;SPORTAGE / 1.6 /;Slovaöka;SVK;osebni avtomobil;182;vecnamensko vozilo;SPORTAGE 
97;1287;7.3;0;KIA;PSB5P21-M62DZ1;SOUL / 1.6 /;Koreja. republika;KOR;osebni avtomobil;185;vozilo z dviûnimi vrati zadaj;SOUL 
97;1490;7.4;0;KIA;QLEF5P11-M611Z1;SPORTAGE / 1.6 /;Slovaöka;SVK;osebni avtomobil;182;vecnamensko vozilo;SPORTAGE 
97;1576;7.8;0;HYUNDAI;F5P11-M611Z1;TUCSON / 1.6 / GDI;Ceöka republika;CZE;osebni avtomobil;182;vecnamensko vozilo;TUCSON 
97;1545;7.9;0;HYUNDAI;F5P11-M611Z1;TUCSON / 1.6 / GDI;Ceöka republika;CZE;osebni avtomobil;182;vecnamensko vozilo;TUCSON 
97;1572;8.1;0;HYUNDAI;F5P11-M611Z1;TUCSON / 1.6 / GDI;Ceöka republika;CZE;osebni avtomobil;182;vecnamensko vozilo;TUCSON 
98;1491;5.6;1;FORD;DM2G6DE1-5CBNM;FOCUS C-MAX / 2.0 / TDCI;Nemcija;DEU;osebni avtomobil;200;vecnamensko vozilo;FOCUS C-MAX 
98;1476;5.6;1;VOLVO;MW72-31;V50 / 2.0 / D 6P;ävedska;SWE;osebni avtomobil;210;karavan;V50 
98;1479;5.7;1;VOLVO;M;V / 50 / 2.0  D;ävedska;SWE;osebni avtomobil;210;karavan;V 
98;1491;5.8;1;FORD;DM2;FOCUS / C-MAX / 2.0 / TDCI;Nemcija;DEU;osebni avtomobil;200;vecnamensko vozilo;FOCUS 
98;1635;6.3;1;CITROEN;DC4HXG;C5 / 2.2 / HDi 16V;Francija;FRA;osebni avtomobil;205;vozilo z dviûnimi vrati zadaj;C5 
98;1560;6.3;1;CITROEN;DC4HXGD*4HX*-DC4HX*;C 5 / 2.2;Francija;FRA;osebni avtomobil;205;vozilo z dviûnimi vrati zadaj;C 5 
98;1560;6.3;1;CITROEN;DC4HXGD*4HX*-DC4HX*;CITROÀN / C5 / 2.2 / HDi 16V;Francija;FRA;osebni avtomobil;205;vozilo z dviûnimi vrati zadaj;CITROÀN 
98;1593;6.4;1;CITROEN;DE4HXGD*4HX*-DE4HX*;C 5 / BREAK 2.2;Francija;FRA;osebni avtomobil;201;karavan;C 5 
98;1593;6.4;1;CITROEN;DE4HX-G;C5 / BREAK 2.2 / HDI 16V;Francija;FRA;osebni avtomobil;201;karavan;C5 
98;1560;6.4;1;CITROEN;DC4HX-B;C5 / 2.2 / HDI;Francija;FRA;osebni avtomobil;205;vozilo z dviûnimi vrati zadaj;C5 
98;1485;6.4;1;PEUGEOT;8C4HX;406 / 2.2 / HDI;Francija;FRA;osebni avtomobil;208;kupe;406
98;1485;6.4;1;PEUGEOT;8B4HXF;406 / 2.2;Francija;FRA;osebni avtomobil;205;limuzina;406
98;1485;6.4;1;PEUGEOT;8C4HXF;406 / COUPE 2.2 / HDI;Francija;FRA;osebni avtomobil;201;kupe;406
98;1593;6.5;1;CITROEN;DE4HX-B;C5 / BREAK 2.2 / HDI 16V;Francija;FRA;osebni avtomobil;201;karavan;C5 
98;1518;6.5;1;CITROEN;DE4HXB;C5 / BREAK 2.2 / HDI 16V;Francija;FRA;osebni avtomobil;201;karavan;C5 
98;1133;6.5;0;RENAULT;CN0N15;TWINGO / 1.6 / 16V;Francija;FRA;osebni avtomobil;201;vozilo z dviûnimi vrati zadaj;TWINGO 
98;1518;6.6;1;CITROEN;DE4-HXB;C5 / 2.2 / HDI;Francija;FRA;osebni avtomobil;201;karavan;C5 
98;1615;6.6;1;PEUGEOT;9U4HXG;607 / 2.2 / TURBO HDI;Francija;FRA;osebni avtomobil;202;limuzina;607
98;1610;6.6;1;PEUGEOT;9D4HX-G;607 / 2.2 / HDI;Francija;FRA;osebni avtomobil;205;limuzina;607
98;1610;6.7;1;PEUGEOT;9D4HXB;607 / 2.2 / TURBO HDI;Francija;FRA;osebni avtomobil;205;limuzina;607
98;1124;6.7;0;RENAULT;CN0N05;TWINGO / 1.6 / 16V;Francija;FRA;osebni avtomobil;201;vozilo z dviûnimi vrati zadaj;TWINGO 
98;1666;7.1;1;CITROEN;RE4HXE;C5 II / BREAK 2.2 / HDi 16V AUT.;Francija;FRA;osebni avtomobil;200;karavan;C5 II 
98;1633;7.1;1;CITROEN;RC4HXE;C5 II / 2.2 / HDi 16V AUT.;Francija;FRA;osebni avtomobil;206;vozilo z dviûnimi vrati zadaj;C5 II 
98;1633;7.1;1;CITROEN;RC4HX-E;C5 II / 2.2 / HDI 16V AUT.;Francija;FRA;osebni avtomobil;204;vozilo z dviûnimi vrati zadaj;C5 II 
98;1633;7.1;1;CITROEN;DE4HX;C5 / BREAK 2.2 / HDI 16V AUT.;Francija;FRA;osebni avtomobil;198;karavan;C5 
98;1677;7.2;1;PEUGEOT;9U4HXE;607 / 2.2 / TURBO HDI AUT.;Francija;FRA;osebni avtomobil;202;limuzina;607
98;1625;7.2;1;PEUGEOT;9D4HXE;607 / 2.2;Francija;FRA;osebni avtomobil;202;limuzina;607
98;1190;7.2;0;TOYOTA;ZSP90L-AHMVKW(1C);YARIS / 1.8 /;Japonska ;JPN;osebni avtomobil;194;vecnamensko vozilo;YARIS 
98;1150;7.5;0;HONDA;EH6-1;CRX / ESI;Japonska ;JPN;osebni avtomobil;193;kabriolet;CRX 
98;1370;8.1;0;FIAT;192BXC1A-05B;STILO / 1.8 /;Italija;ITA;osebni avtomobil;194;vozilo z dviûnimi vrati zadaj;STILO 
98;1415;8.3;0;FIAT;192CXC1A13;STILO / MW 1.8 /;Italija;ITA;osebni avtomobil;200;vecnamensko vozilo;STILO 
98;1385;8.3;0;FIAT;192CXC1A13B;STILO / MW 1.8;Italija;ITA;osebni avtomobil;200;karavan;STILO 
98;1265;8.4;0;RENAULT;BM0U0A;MEGANE / 2.0 / 16V AUT;Francija;FRA;osebni avtomobil;200;vozilo z dviûnimi vrati zadaj;MEGANE 
98;1395;9.1;0;MITSUBISHI;N50-DW421;SPACEWAGON / 2.0;Japonska ;JPN;osebni avtomobil;185;vecnamensko vozilo;SPACEWAGON 
98;1425;9.2;0;AUDI;B4/8G N;80 / CABRIOLET 2.3 /;Nemcija;DEU;osebni avtomobil;198;kabriolet;80
98;1345;9.2;0;HONDA;BB91;PRELUDE / 2.0 / I;Japonska ;JPN;osebni avtomobil;201;kupe;PRELUDE 
98.5;1585;8.2;0;RENAULT;JM1NE6;SCENIC / 2.0 / 16V;Francija;FRA;osebni avtomobil;195;vecnamensko vozilo;SCENIC 
98.5;1555;8.2;0;RENAULT;JMAUN6;SCENIC / 2.0 / 16V;Francija;FRA;osebni avtomobil;195;vozilo z dviûnimi vrati zadaj;SCENIC 
98.5;1465;8.2;0;RENAULT;EM0U06;MEGANE / CABRIOLET 2.0 / 16V;Francija;FRA;osebni avtomobil;205;kabriolet;MEGANE 
98.5;1575;8.6;0;RENAULT;JMAUNA;SCENIC / 2.0 / 16V AUT.;Francija;FRA;osebni avtomobil;190;vozilo z dviûnimi vrati zadaj;SCENIC 
98.5;1485;8.6;0;RENAULT;JM0U0A;SCENIC / 2.0 / 16V AUT.;Francija;FRA;osebni avtomobil;190;vecnamensko vozilo;SCENIC 
98.6;1045;5.9;0;FORD;JA8-U5JA1G5BDEAC;FIESTA / 1.6 /;Nemcija;DEU;osebni avtomobil;195;vozilo z dviûnimi vrati zadaj;FIESTA 
99;1733;4.5;1;OPEL;EAEWC12-BX2N4FPHA7;ZAFIRA / TOURER 1.6 / CDTI;Nemcija;DEU;osebni avtomobil;191;vecnamensko vozilo;ZAFIRA 
99;1701;4.5;1;OPEL;EAEWC12-BH2N4FPHA5;ZAFIRA / TOURER 1.6 / CDTI;Nemcija;DEU;osebni avtomobil;191;karavan;ZAFIRA 
99;1701;4.5;1;OPEL;EAEWC12-BA2P3FPHA7;ZAFIRA / TOURER 1.6 / CDTI;Nemcija;DEU;osebni avtomobil;191;vecnamensko vozilo;ZAFIRA 
99;1348;5.3;0;HYUNDAI;B5PE1-M64BZ1;i 30 / 1.6 / GDI;Ceöka republika;CZE;osebni avtomobil;195;vozilo z dviûnimi vrati zadaj;i 30 
99;1303;5.4;0;KIA;JDB5P41-M63CZ1;CEED / 1.6 /;Slovaöka;SVK;osebni avtomobil;195;vozilo z dviûnimi vrati zadaj;CEED 
99;1390;5.4;1;RENAULT;BMSK06;MEGANE / 2.0;Francija;FRA;osebni avtomobil;210;vozilo z dviûnimi vrati zadaj;MEGANE 
99;1210;5.6;0;ALFA ROMEO;955AXM1A09B;MITO / 1.4 / 16V TURBO;Italija;ITA;osebni avtomobil;207;vecnamensko vozilo;MITO 
99;1230;5.6;0;FIAT;199AXW1A45;PUNTO EVO / 1.4 / 16V TURBO;Italija;ITA;osebni avtomobil;200;vecnamensko vozilo;PUNTO EVO 
99;1585;5.7;1;FIAT;263WXF1BB2D;DOBLO CARGO 2.0 / MULTIJET;Italija;ITA;osebni avtomobil;179;vecnamensko vozilo;DOBLO CARGO 2.0 
99;1555;5.7;1;FIAT;263AXF1B04B;DOBLO / 2.0 / MULTIJET;Italija;ITA;osebni avtomobil;179;vecnamensko vozilo;DOBLO 
99;1535;5.7;1;FIAT;263WXF1BB2E;DOBLO CARGO 2.0 / MULTIJET;Italija;ITA;osebni avtomobil;179;vecnamensko vozilo;DOBLO CARGO 2.0 
99;1525;5.7;1;FIAT;263AXF1B04;DOBLO / 2.0 / MULTIJET;Italija;ITA;osebni avtomobil;179;vecnamensko vozilo;DOBLO 
99;1525;5.7;1;FIAT;263AXF1B04;DOBLO / 2.0 / MULTIJET;Italija;ITA;osebni avtomobil;174;vecnamensko vozilo;DOBLO 
99;1350;5.8;0;HYUNDAI;F5PE1-M63AZ1;i 30 CW / 1.6 / GDI;Ceöka republika;CZE;osebni avtomobil;192;karavan;i 30 CW 
99;1358;5.8;0;KIA;JDC5PC1-M62EZ1;CEED / 1.6 /;Slovaöka;SVK;osebni avtomobil;192;karavan;CEED 
99;1328;5.8;0;KIA;JDB5PC1-M62EZ1;CEED / 1.6 /;Slovaöka;SVK;osebni avtomobil;195;vozilo z dviûnimi vrati zadaj;CEED 
99;1307;5.8;0;KIA;JDB3PC1-M62EZ1;CEED / 1.6 /;Slovaöka;SVK;osebni avtomobil;195;vozilo z dviûnimi vrati zadaj;CEED 
99;1615;5.9;1;FIAT;263AXF1BLS5CN;DOBLO / 2.0 / MULTIJET;Italija;ITA;osebni avtomobil;179;vecnamensko vozilo;DOBLO 
99;1555;5.9;1;FIAT;263AXF1B04U;DOBLO / 2.0 / MULTIJET;Italija;ITA;osebni avtomobil;179;vecnamensko vozilo;DOBLO 
99;1381;5.9;0;HYUNDAI;F5PE1-M63BZ1;i 30 CW / 1.6 / GDI;Ceöka republika;CZE;osebni avtomobil;192;karavan;i 30 CW 
99;1298;5.9;0;HYUNDAI;F5P61-M63CZ1;i 30 CW / 1.6 / GDI;Ceöka republika;CZE;osebni avtomobil;192;karavan;i 30 CW 
99;1392;5.9;0;KIA;JDC5PC1-D61EZ1;CEED / 1.6 / AUT.;Slovaöka;SVK;osebni avtomobil;193;karavan;CEED 
99;1364;5.9;0;KIA;JDC5PC1-D61EZ1;CEED / 1.6 / AUT.;Slovaöka;SVK;osebni avtomobil;193;vozilo za posebne namene;CEED 
99;1327;6.1;0;KIA;JDB5P31-M62DZ1;CEED / 1.6 /;Slovaöka;SVK;osebni avtomobil;195;vozilo z dviûnimi vrati zadaj;CEED 
99;1301;6.1;0;KIA;JDB5P31-D61DZ1;CEED / 1.6 / AUT.;Slovaöka;SVK;osebni avtomobil;195;vozilo z dviûnimi vrati zadaj;CEED 
99;1496;6.2;0;KIA;RPC5P21-M62AZ1;CARENS / 1.6 /;Koreja. republika;KOR;osebni avtomobil;185;karavan;CARENS 
99;1499;6.3;0;HYUNDAI;A5P41-M61AZ1;i40 / 1.6 / GDI;Koreja. republika;KOR;osebni avtomobil;197;limuzina;i40 
99;1296;6.3;0;KIA;JDC5PC1-M62EZ1;CEED / 1.6 GDI /;Slovaöka;SVK;osebni avtomobil;192;karavan;CEED 
99;1509;6.4;0;HYUNDAI;C5P11-M61AZ1;i40 / 1.6 / GDI;Koreja. republika;KOR;osebni avtomobil;195;karavan;i40 
99;1453;6.4;0;HYUNDAI;F5P31-M64AZ1;ix35 / 1.6 / GDI;Ceöka republika;CZE;osebni avtomobil;178;vecnamensko vozilo;ix35 
99;1418;6.4;0;KIA;SLSF5P31-M64AZ1;SPORTAGE / 1.6 /;Slovaöka;SVK;osebni avtomobil;178;vecnamensko vozilo;SPORTAGE 
99;1150;6.5;0;FIAT;312AXD1A05E;500 / 1.4 / 16V TURBO C;Italija;ITA;osebni avtomobil;205;vozilo z dviûnimi vrati zadaj;500
99;1110;6.5;0;FIAT;312AXD1A05B;500 / 1.4 / 16V TURBO;Italija;ITA;osebni avtomobil;205;vozilo z dviûnimi vrati zadaj;500
99;1348;6.5;0;KIA;JDC5P31-M62DZ1;CEED / 1.6 /;Slovaöka;SVK;osebni avtomobil;192;karavan;CEED 
99;1512;6.6;0;HYUNDAI;C5P11-M61BZ1;i40 / 1.6 / GDI;Koreja. republika;KOR;osebni avtomobil;195;karavan;i40 
99;1502;6.8;0;HYUNDAI;F5P21-M64AZ1;ix35 / 1.6 / GDI;Ceöka republika;CZE;osebni avtomobil;178;vecnamensko vozilo;ix35 
99;1458;6.8;0;KIA;RPC5P11-M61AZ1;CARENS / 1.6 /;Koreja. republika;KOR;osebni avtomobil;185;karavan;CARENS 
99;1422;6.8;0;KIA;SLSF5P21-M64AZ1;SPORTAGE / 1.6 /;Slovaöka;SVK;osebni avtomobil;178;vecnamensko vozilo;SPORTAGE 
99;1410;6.8;0;KIA;SLSF5P21-M64AZ1;SPORTAGE / 1.6 /;Slovaöka;SVK;osebni avtomobil;178;limuzina;SPORTAGE 
99;1975;7.1;1;OPEL;X-83;VIVARO / COMBI 2.5;Nemcija;DEU;osebni avtomobil;156;vecnamensko vozilo;VIVARO 
99;1195;7.6;0;TOYOTA;ZZE122L-FWMNKW(1A);COROLLA VERSO / 1.8 /;Japonska ;JPN;osebni avtomobil;185;karavan;COROLLA VERSO 
99;2021;7.8;1;RENAULT;JLADAH;TRAFIC / 2.5 / DCI;Francija;FRA;osebni avtomobil;163;vecnamensko vozilo;TRAFIC 
99;1355;7.9;0;RENAULT;BG1PBE;LAGUNA / 2.0 / 16V;Francija;FRA;osebni avtomobil;207;vozilo z dviûnimi vrati zadaj;LAGUNA 
99;1355;7.9;0;RENAULT;BG0K05;LAGUNA / 2.0;Francija;FRA;osebni avtomobil;205;vozilo z dviûnimi vrati zadaj;LAGUNA 
99;1585;8.2;0;RENAULT;JM0UD6;GRAND SCENIC / 2.0;Francija;FRA;osebni avtomobil;195;vecnamensko vozilo;GRAND SCENIC 
99;1465;8.2;0;RENAULT;EM0U06;MEGANE / CABRIOLET 2.0;Francija;FRA;osebni avtomobil;205;kabriolet;MEGANE 
99;1385;8.2;0;RENAULT;KG1PBE;LAGUNA / GRANDTOUR 2.0 / 16V;Francija;FRA;osebni avtomobil;204;karavan;LAGUNA 
99;1350;8.3;0;PEUGEOT;8BRFRE;406 / 2.0 / i;Francija;FRA;osebni avtomobil;208;limuzina;406
99;1385;8.3;0;RENAULT;KGCPBE;LAGUNA / GRANDTOUR 2.0;Francija;FRA;osebni avtomobil;204;karavan;LAGUNA 
99;1390;8.4;0;RENAULT;BG0K0A;LAGUNA / 2.0;Francija;FRA;osebni avtomobil;200;vozilo z dviûnimi vrati zadaj;LAGUNA 
99;1425;8.5;0;RENAULT;KG0K0A;LAGUNA / GRANDTOUR 2.0 / 16V AUT.;Francija;FRA;osebni avtomobil;197;karavan;LAGUNA 
99;2063;8.6;1;NISSAN;J4CDA-6;PRIMA STAR / 2.5 / DCI;Francija;FRA;osebni avtomobil;163;vecnamensko vozilo;PRIMA STAR 
99;2071;8.6;1;OPEL;FD11-9B24AK038AD9;VIVARO / COMBI 2.5 / DTI;Nemcija;DEU;osebni avtomobil;163;vecnamensko vozilo;VIVARO 
99;2071;8.6;1;OPEL;FD11-9B24AK038AD9;VIVARO COMBI 2.5;Nemcija;DEU;osebni avtomobil;163;vecnamensko vozilo;VIVARO COMBI 2.5
99;2063;8.6;1;OPEL;HD11-7A30AP028AC8;VIVARO / COMBI 2.5 / DTI;Nemcija;DEU;osebni avtomobil;163;vecnamensko vozilo;VIVARO 
99;2019;8.6;1;OPEL;CD11-7A23AH018AC9;VIVARO / COMBI 2.5 / DTI;Nemcija;DEU;osebni avtomobil;163;vozilo za posebne namene;VIVARO 
99;2010;8.6;1;OPEL;CD11-7A23AH018AC9;VIVARO / COMBI 2.5 / DTI;Nemcija;DEU;osebni avtomobil;163;vecnamensko vozilo;VIVARO 
99;1988;8.6;1;OPEL;HD11-7A30AP028AB8;VIVARO / COMBI 2.5;Nemcija;DEU;osebni avtomobil;163;vecnamensko vozilo;VIVARO 
99;1988;8.6;1;OPEL;HD11-7A30AP028AB8;OPEL / VIVARO / COMBI 2.5 / DTI;Nemcija;DEU;osebni avtomobil;163;vecnamensko vozilo;OPEL 
99;1904;8.6;1;OPEL;BD11-7A20AG018AC6;VIVARO / COMBI 2.5 / DTI;Nemcija;DEU;osebni avtomobil;163;karavan;VIVARO 
99;2090;8.6;1;RENAULT;JLADA6;TRAFIC / COMBI 2.5;Francija;FRA;osebni avtomobil;163;vecnamensko vozilo;TRAFIC 
99;2063;8.6;1;RENAULT;JLCDA6;TRAFIC / 2.5 / DCI;Francija;FRA;osebni avtomobil;163;vecnamensko vozilo;TRAFIC 
99;1951;8.6;1;RENAULT;JLBDB6;TRAFIC / 2.5 / DCI;Francija;FRA;osebni avtomobil;163;vecnamensko vozilo;TRAFIC 
99;1950;8.6;1;RENAULT;JLEDA6;TRAFIC / COMBI 2.5;Francija;FRA;osebni avtomobil;163;vozilo za posebne namene;TRAFIC 
99;1891;8.6;1;RENAULT;JLBDA6;TRAFIC / 2.5;Francija;FRA;osebni avtomobil;163;vecnamensko vozilo;TRAFIC 
99;1485;8.6;0;RENAULT;JM0U0A;SCENIC / 2.0;Francija;FRA;osebni avtomobil;190;vecnamensko vozilo;SCENIC 
99;1390;8.6;0;RENAULT;BG1PBA;LAGUNA / 2.0;Francija;FRA;osebni avtomobil;202;vozilo z dviûnimi vrati zadaj;LAGUNA 
99;1410;8.7;0;MITSUBISHI;CS912-WGBBB5B5;LANCER / WAGON 2.0 /;Japonska ;JPN;osebni avtomobil;199;karavan;LANCER 
99.2;1360;4.9;1;FIAT;FYA91SMT;SEDICI / 2.0 / JTD;Madûarska;HUN;osebni avtomobil;190;vozilo z dviûnimi vrati zadaj;SEDICI 
99.2;1425;5.3;1;FIAT;FYB91SMT;SEDICI / 2.0 / JTD 4X4;Madûarska;HUN;osebni avtomobil;180;vozilo z dviûnimi vrati zadaj;SEDICI 
99.2;1425;5.3;1;SUZUKI;EYB91S-MT;SX4 / 2.0 / 4WD TD;Madûarska;HUN;osebni avtomobil;180;vozilo z dviûnimi vrati zadaj;SX4 
99.2;1425;5.4;1;SUZUKI;EYB91S-MT;SX4 / 2.0 / 4WD TD;Madûarska;HUN;osebni avtomobil;180;vozilo z dviûnimi vrati zadaj;SX4 
99.2;1425;5.5;1;FIAT;FYB91SMT;SEDICI / 2.0 / JTD 4x4;Madûarska;HUN;osebni avtomobil;180;vozilo z dviûnimi vrati zadaj;SEDICI 
99.2;1425;5.5;1;SUZUKI;EYB91S-MT;SX4 / 2.0 / 4WD TD;Madûarska;HUN;osebni avtomobil;180;vozilo z dviûnimi vrati zadaj;SX4 
100;1460;10.1;0;SUZUKI;ETD11V;VITARA / 2.0 /;Japonska ;JPN;osebni avtomobil;160;limuzina;VITARA 
100;1400;10.1;0;SUZUKI;ETD11V;VITARA / 2.0 / V6;Japonska ;JPN;osebni avtomobil;165;limuzina;VITARA 
100;2660;10.1;1;VOLKSWAGEN;KN5C1350N-MAC2AXA9;CRAFTER 35 / 2.5 / TDI;Nemcija;DEU;osebni avtomobil;154;vozilo za posebne namene;CRAFTER 35 
100;2031;10.5;1;RENAULT;JDCTH6;MASTER / COMBI 3.0;Francija;FRA;osebni avtomobil;153;vecnamensko vozilo;MASTER 
100;2613;10.5;1;VOLKSWAGEN;KM5C1350E-LAD2AWA9;CRAFTER 35 / 2.5 / TDI;Nemcija;DEU;osebni avtomobil;146;vecnamensko vozilo;CRAFTER 35 
100;2930;10.9;1;VOLKSWAGEN;KM5C1350E-LAC2AXA9;CRAFTER 35 / 2.5 / TDI;Nemcija;DEU;osebni avtomobil;150;vozilo z dostopom za invalidski vozicek;CRAFTER 35 
100;2100;11.4;1;LAND ROVER;LPAMW4;RANGE ROVER / 2.5;Zdruûeno kraljestvo;GBR;osebni avtomobil;162;limuzina;RANGE ROVER 
100;1571;3.7;1;OPEL;CGEGC12-BA1K2JHJA5;ASTRA / 1.6 / CDTI;Nemcija;DEU;osebni avtomobil;200;vozilo z dviûnimi vrati zadaj;ASTRA 
100;1450;3.8;1;HYUNDAI;B5DC1-M69BZ1;i 30 / 1.6 / CRDi;Ceöka republika;CZE;osebni avtomobil;197;vozilo z dviûnimi vrati zadaj;i 30 
100;1485;3.8;1;MERCEDES BENZ;R037P0-PZABB502;C / 200 / BLUETEC;Nemcija;DEU;osebni avtomobil;218;limuzina;C 
100;1485;3.8;1;MERCEDES BENZ;12S1P2-MZAAB501;A / 200 / CDI AUT.;Nemcija;DEU;osebni avtomobil;210;karavan;A 
100;1613;3.8;1;OPEL;CAEGG12-BA1L2JKJC5;INSIGNIA / 1.6 / CDTI;Nemcija;DEU;osebni avtomobil;210;vozilo z dviûnimi vrati zadaj;INSIGNIA 
100;1393;3.8;1;OPEL;DA0FEBB12-BK2G2JBKB5;ASTRA / ST 1.6 / CDTI;Nemcija;DEU;osebni avtomobil;205;karavan;ASTRA 
100;1595;3.8;1;PEUGEOT;8EAHSM/1S;508 / BREAK 2.0 / HDI;Francija;FRA;osebni avtomobil;210;karavan;508
100;1503;3.9;1;CITROEN;3EAHSM/1S;C4 PICASSO / 2.0 / HDI;Francija;FRA;osebni avtomobil;210;karavan;C4 PICASSO 
100;1552;3.9;1;HYUNDAI;F5D31-D72BZ1;i30 CW / 1.6 / CRDi HP DCT;Ceöka republika;CZE;osebni avtomobil;198;karavan;i30 CW 
100;1544;3.9;1;HYUNDAI;F5DC1-M68CZ1;i 30 CW / 1.6 / CRDi;Ceöka republika;CZE;osebni avtomobil;194;karavan;i 30 CW 
100;1503;3.9;1;HYUNDAI;F5D31-M68BZ1;i30 CW / 1.6 / CRDi HP;Ceöka republika;CZE;osebni avtomobil;198;karavan;i30 CW 
100;1448;3.9;1;HYUNDAI;B5D31-M68BZ1;i30 / 1.6 / CRDi HP;Ceöka republika;CZE;osebni avtomobil;200;vozilo z dviûnimi vrati zadaj;i30 
100;1364;3.9;1;HYUNDAI;B5DC1-M68CZ1;i 30 / 1.6 / CRDi;Ceöka republika;CZE;osebni avtomobil;197;vozilo z dviûnimi vrati zadaj;i 30 
100;1454;3.9;1;KIA;JDC5DG1-M68EZ1;CEED / 1.6 / TD;Slovaöka;SVK;osebni avtomobil;194;karavan;CEED 
100;1443;3.9;1;KIA;CDFAD21-M67D11;CEED / 1.6 / TD;Slovaöka;SVK;osebni avtomobil;200;karavan;CEED 
100;1438;3.9;1;KIA;CDBAD21-M67D11;PROCEED / 1.6 / TD;Slovaöka;SVK;osebni avtomobil;200;vozilo z dviûnimi vrati zadaj;PROCEED 
100;1429;3.9;1;KIA;JDB5DG1-M68EZ1;CEED / 1.6 / TD;Slovaöka;SVK;osebni avtomobil;197;vozilo z dviûnimi vrati zadaj;CEED 
100;1388;3.9;1;KIA;CDB5D21-M67B11;CEED / 1.6 / TD;Slovaöka;SVK;osebni avtomobil;200;vozilo z dviûnimi vrati zadaj;CEED 
100;1555;3.9;1;MERCEDES BENZ;22S1P2-MZAAA501;CLA / 200 / d AUT.;Nemcija;DEU;osebni avtomobil;215;karavan;CLA 
100;1485;3.9;1;MERCEDES BENZ;R037P0-PZAAB560;C / 200 / BLUETEC;Nemcija;DEU;osebni avtomobil;218;limuzina;C 
100;1733;3.9;1;OPEL;DAEGG12-BA1N4JKJC5;INSIGNIA / 1.6 / CDTI;Nemcija;DEU;osebni avtomobil;205;karavan;INSIGNIA 
100;1701;3.9;1;OPEL;DAEGG12-BA1N1JKJC5;INSIGNIA / 1.6 / CDTI;Nemcija;DEU;osebni avtomobil;205;karavan;INSIGNIA 
100;1664;3.9;1;OPEL;DAEGC12-BA1L2JHJA5;ASTRA / ST 1.6 / CDTI;Nemcija;DEU;osebni avtomobil;200;karavan;ASTRA 
100;1613;3.9;1;OPEL;CAEGG12-BA1L2JKJJ5;INSIGNIA / 1.6 / CDTI;Nemcija;DEU;osebni avtomobil;210;vozilo z dviûnimi vrati zadaj;INSIGNIA 
100;1571;3.9;1;OPEL;DAEGC12-BA1K2JHJA5;ASTRA / CAR. 1.6 / DTI 16V;Nemcija;DEU;osebni avtomobil;200;karavan;ASTRA 
100;1503;3.9;1;OPEL;AAEGC12-BA2J1JHJA5;ASTRA / 1.6 / CDTI;Nemcija;DEU;osebni avtomobil;205;limuzina;ASTRA 
100;1503;3.9;1;OPEL;DAEGC12-BA1K2JHJA5;ASTRA / ST 1.6 / CDTI;Nemcija;DEU;osebni avtomobil;200;karavan;ASTRA 
100;1503;3.9;1;OPEL;CAEGC12-BA1J3JHJA5;ASTRA / 1.6 / CDTI;Nemcija;DEU;osebni avtomobil;200;vozilo z dviûnimi vrati zadaj;ASTRA 
100;1491;3.9;1;OPEL;AAEGC12-BA2K2JHJA5;ASTRA / 1.6 / CDTI;Nemcija;DEU;osebni avtomobil;205;limuzina;ASTRA 
100;1456;3.9;1;OPEL;DA0FEBB12-BK2H1JBKJ5;ASTRA / ST 1.6 / CDTI;Nemcija;DEU;osebni avtomobil;205;karavan;ASTRA 
100;1425;3.9;1;OPEL;DA0FEBB12-BK2G2XJBKJ5;ASTRA / ST 1.6 / CDTI;Nemcija;DEU;osebni avtomobil;205;karavan;ASTRA 
100;1393;3.9;1;OPEL;DA0FEBB12-BK2G2JBKK5;ASTRA / ST 1.6 / CDTI;Nemcija;DEU;osebni avtomobil;205;karavan;ASTRA 
100;1381;3.9;1;OPEL;DA0FEBB12-BK2H1JBKK5;ASTRA / ST 1.6 / CDTI;Nemcija;DEU;osebni avtomobil;205;karavan;ASTRA 
100;1378;3.9;1;OPEL;CA0FEBB12-BK1F3JBKK5;ASTRA / 1.6 / CDTI;Nemcija;DEU;osebni avtomobil;205;vozilo z dviûnimi vrati zadaj;ASTRA 
100;1380;4.1;1;AUDI;SCRLCF1-FM62Q025R8V617MMEM1;A3 / 2.0 / TDI;Nemcija;DEU;osebni avtomobil;211;vozilo z dviûnimi vrati zadaj;A3 
100;1485;4.1;1;BMW;2C11-6A15R0C0;218 / / d ACTIVE TOURER AUT.;Nemcija;DEU;osebni avtomobil;203;karavan;218
100;1450;4.1;1;BMW;2C11-6H15R0C0;218 / / d ACTIVE TOURER;Nemcija;DEU;osebni avtomobil;200;karavan;218
100;1395;4.1;1;BMW;1C11-5H15R000;118 / / D;Nemcija;DEU;osebni avtomobil;210;karavan;118
100;1503;4.1;1;CITROEN;3EAHVM/1S;C4 PICASSO / 2.0 / HDI;Francija;FRA;osebni avtomobil;210;karavan;C4 PICASSO 
100;1516;4.1;1;HYUNDAI;B5D31-D72BZ1;i30 / 1.6 / CRDi HP DCT;Ceöka republika;CZE;osebni avtomobil;200;vozilo z dviûnimi vrati zadaj;i30 
100;1555;4.1;1;MERCEDES BENZ;22S1P2-MZAAB542;CLA / 200 / CDI AUT.;Nemcija;DEU;osebni avtomobil;215;karavan;CLA 
100;1530;4.1;1;MERCEDES BENZ;22S1P2-WZAAA501;CLA / 200 / d;Nemcija;DEU;osebni avtomobil;215;karavan;CLA 
100;1505;4.1;1;MERCEDES BENZ;M2S1P2-MZBA1502-;B / 200 / d AUT.;Nemcija;DEU;osebni avtomobil;210;karavan;B 
100;1500;4.1;1;MERCEDES BENZ;23S1P2-WZAAB540;CLA / 200 / CDI;Nemcija;DEU;osebni avtomobil;220;limuzina;CLA 
100;1485;4.1;1;MERCEDES BENZ;R037P0-PZAA0532;C / 200 / d;Nemcija;DEU;osebni avtomobil;218;limuzina;C 
100;1485;4.1;1;MERCEDES BENZ;12S1P2-MZAAB502;A / 200 / CDI AUT.;Nemcija;DEU;osebni avtomobil;210;karavan;A 
100;1455;4.1;1;MERCEDES BENZ;12S1P2-WZAAA501;A / 200 / d;Nemcija;DEU;osebni avtomobil;210;karavan;A 
100;1843;4.1;1;OPEL;ECEGC12-BA2R5FPHA7;ZAFIRA / 1.6 / DTI 16V;Nemcija;DEU;osebni avtomobil;193;vecnamensko vozilo;ZAFIRA 
100;1843;4.1;1;OPEL;ECEGC12-BA2R5FPHA5;ZAFIRA / 1.6 / DTI 16V;Nemcija;DEU;osebni avtomobil;193;karavan;ZAFIRA 
100;1816;4.1;1;OPEL;EBEGC12-BA2R2FPHA5;ZAFIRA / 1.6 / DTI 16V;Nemcija;DEU;osebni avtomobil;193;karavan;ZAFIRA 
100;1816;4.1;1;OPEL;EAEGC12-BA2R2FPHA7;ZAFIRA / 1.6 / DTI 16V;Nemcija;DEU;osebni avtomobil;193;vecnamensko vozilo;ZAFIRA 
100;1788;4.1;1;OPEL;EAEGC12-BA2P3FPHA7;ZAFIRA / TOURER 1.6 / CDTI;Nemcija;DEU;osebni avtomobil;193;vecnamensko vozilo;ZAFIRA 
100;1788;4.1;1;OPEL;EAEGC12-BA2P3FPHA5;ZAFIRA / TOURER 1.6 / CDTI;Nemcija;DEU;osebni avtomobil;193;karavan;ZAFIRA 
100;1768;4.1;1;OPEL;EAEGC12-BA2R2FPHA7;ZAFIRA / TOURER 1.6 / CDTI;Nemcija;DEU;osebni avtomobil;193;vecnamensko vozilo;ZAFIRA 
100;1733;4.1;1;OPEL;DAEGG12-BA1N4JKJJ5;INSIGNIA / 1.6 / CDTI;Nemcija;DEU;osebni avtomobil;205;karavan;INSIGNIA 
100;1733;4.1;1;OPEL;EAEGC12-BA2N4FPHA5;ZAFIRA / TOURER 1.6 / CDTI;Nemcija;DEU;osebni avtomobil;193;karavan;ZAFIRA 
100;1701;4.1;1;OPEL;DAEGG12-BA1N1JKJJ5;INSIGNIA / 1.6 / CDTI;Nemcija;DEU;osebni avtomobil;205;karavan;INSIGNIA 
100;1701;4.1;1;OPEL;ECEGC12-BA2S1FPHA7;ZAFIRA / 1.6 / DTI 16V;Nemcija;DEU;osebni avtomobil;193;vecnamensko vozilo;ZAFIRA 
100;1664;4.1;1;OPEL;DAEGG12-BA1P3JKJJ5;INSIGNIA / 1.6 / CDTI;Nemcija;DEU;osebni avtomobil;205;karavan;INSIGNIA 
100;1664;4.1;1;OPEL;DAEGC12-BA1N1JKJC5;INSIGNIA / 1.6 / CDTI;Nemcija;DEU;osebni avtomobil;200;karavan;INSIGNIA 
100;1613;4.1;1;OPEL;CAEGC12-BA1M3JKJJ5;INSIGNIA / 1.6 / CDTI;Nemcija;DEU;osebni avtomobil;205;vozilo z dviûnimi vrati zadaj;INSIGNIA 
100;1524;4.1;1;OPEL;JMYXFXX-C69DGXKYXXB;MOKKA / 1.6 / CDTI;Nemcija;DEU;osebni avtomobil;190;vecnamensko vozilo;MOKKA 
100;1503;4.1;1;OPEL;BAEGC12-BA3J3JHPA5;ASTRA / GTC 1.6 / DTI 16V;Nemcija;DEU;osebni avtomobil;198;vozilo z dviûnimi vrati zadaj;ASTRA 
100;1520;4.2;1;ALFA ROMEO;952AGA25;GIULIA / 2.2 / MULTIJET CA;Italija;ITA;osebni avtomobil;210;limuzina;GIULIA 
100;1670;4.2;1;AUDI;ACSUBF1-FM6B1005RB8K0S57MMEM1;A4 AVANT / 2.0 / TDI;Nemcija;DEU;osebni avtomobil;208;karavan;A4 AVANT 
100;1655;4.2;1;AUDI;SCSUBF1-FM6B1005PB811S57MMEM1;A5 / 2.0 / TDI;Nemcija;DEU;osebni avtomobil;212;vozilo z dviûnimi vrati zadaj;A5 
100;1700;4.2;1;BMW;5E31-6A15R000;518 / / d AUT.;Nemcija;DEU;osebni avtomobil;208;limuzina;518
100;1420;4.2;1;BMW;1C11-5A1R0;118 / / d AUT.;Nemcija;DEU;osebni avtomobil;210;karavan;118
100;1503;4.2;1;CITROEN;3EAHVM/1S;C4 PICASSO / 2.0 / HDI;Francija;FRA;osebni avtomobil;210;karavan;C4 PICASSO 
100;1525;4.2;1;HYUNDAI;F5D31-D72BZ1;i30 CW / 1.6 / CRDi HP DCT;Ceöka republika;CZE;osebni avtomobil;200;karavan;i30 CW 
100;1415;4.2;1;HYUNDAI;F5DC1-D72CZ1;i 30 CW / 1.6 / CRDi DCT;Ceöka republika;CZE;osebni avtomobil;197;karavan;i 30 CW 
100;1388;4.2;1;HYUNDAI;B5D31-M68BZ1;i30 / 1.6 / CRDi HP;Ceöka republika;CZE;osebni avtomobil;200;vozilo z dviûnimi vrati zadaj;i30 
100;1483;4.2;1;KIA;JDC5DG1-D71EZ1;CEED / 1.6 / TD AUT.;Slovaöka;SVK;osebni avtomobil;197;karavan;CEED 
100;1452;4.2;1;KIA;CDF5D21-D72A11;CEED / 1.6 / TD / AUT.;Slovaöka;SVK;osebni avtomobil;200;karavan;CEED 
100;1433;4.2;1;KIA;CDBBD21-D72E11;CEED / 1.6 / TD / AUT.;Slovaöka;SVK;osebni avtomobil;200;vozilo z dviûnimi vrati zadaj;CEED 
100;1415;4.2;1;KIA;CDB5D21-D72B11;CEED / 1.6 / TD / AUT.;Slovaöka;SVK;osebni avtomobil;200;vozilo z dviûnimi vrati zadaj;CEED 
100;1555;4.2;1;MERCEDES BENZ;22S1P2-MZBA1504;CLA / 200 / d AUT.;Nemcija;DEU;osebni avtomobil;215;karavan;CLA 
100;1540;4.2;1;MERCEDES BENZ;27S1P2-MZAA1501;GLA / 200 / d AUT.;Nemcija;DEU;osebni avtomobil;205;karavan;GLA 
100;1535;4.2;1;MERCEDES BENZ;27S1P2-MZAAB501;GLA / 200 / CDI AUT.;Nemcija;DEU;osebni avtomobil;205;karavan;GLA 
100;1525;4.2;1;MERCEDES BENZ;23S1P2-MZBZ1504;CLA / 200 / d AUT.;Nemcija;DEU;osebni avtomobil;220;limuzina;CLA 
100;1505;4.2;1;MERCEDES BENZ;M208M2-MZAAB501;B / 200 / CDI AUT.;Nemcija;DEU;osebni avtomobil;210;karavan;B 
100;1505;4.2;1;MERCEDES BENZ;27S1P2-AZAZ1501;GLA / 200 / d;Nemcija;DEU;osebni avtomobil;205;karavan;GLA 
100;1500;4.2;1;MERCEDES BENZ;23S1P2-WZAAB542;CLA / 200 / CDI;Nemcija;DEU;osebni avtomobil;220;limuzina;CLA 
100;1485;4.2;1;MERCEDES BENZ;M2S1P2-WZBCB501;B / 200 / CDI;Nemcija;DEU;osebni avtomobil;210;karavan;B 
100;1480;4.2;1;MERCEDES BENZ;2308M2-UZAAB500;CLA / 200 / CDI;Nemcija;DEU;osebni avtomobil;220;limuzina;CLA 
100;1455;4.2;1;MERCEDES BENZ;12S1P2-WZAAB500;A / 200 / CDI;Nemcija;DEU;osebni avtomobil;210;karavan;A 
100;1613;4.2;1;OPEL;DAEGC12-BA1L2JHJK5;ASTRA / ST 1.6 / CDTI;Nemcija;DEU;osebni avtomobil;200;karavan;ASTRA 
100;1488;4.2;1;OPEL;CCEGC12-BA1K2JHJB5;ASTRA / 1.6 / CDTI;Nemcija;DEU;osebni avtomobil;200;vozilo z dviûnimi vrati zadaj;ASTRA 
100;1550;4.3;1;AUDI;LCJCBF1-FM6B1005RB8K7S57MGEM2;A4 / 2.0 / TDI;Nemcija;DEU;osebni avtomobil;215;limuzina;A4 
100;1555;4.3;1;BMW;2E51-6A15R0C0;218 / / D GRAN TOURER AUT.;Nemcija;DEU;osebni avtomobil;200;karavan;218
100;1545;4.3;1;BMW;HT71-6A15R0C0;X1 / sDrive 18 / d AUT.;Nemcija;DEU;osebni avtomobil;200;karavan;X1 
100;1525;4.3;1;BMW;2E51-6H15R0C0;218 / / d GRAN TOURER;Nemcija;DEU;osebni avtomobil;198;karavan;218
100;1485;4.3;1;BMW;3D11-5H15R000;318 / / d;Nemcija;DEU;osebni avtomobil;212;limuzina;318
100;1505;4.3;1;CITROEN;3AAHVM/S;C4 PICASSO / 2.0 / HDI;Francija;FRA;osebni avtomobil;210;vecnamensko vozilo;C4 PICASSO 
100;1525;4.3;1;HYUNDAI;F5D31-D72BZ1;i30 CW / 1.6 / CRDi HP DCT;Ceöka republika;CZE;osebni avtomobil;198;karavan;i30 CW 
100;1415;4.3;1;HYUNDAI;F5D31-M68BZ1;i30 CW / 1.6 / CRDi HP;Ceöka republika;CZE;osebni avtomobil;200;karavan;i30 CW 
100;1470;4.3;1;KIA;CDFAD21-D72E11;CEED / 1.6 / TD / AUT.;Slovaöka;SVK;osebni avtomobil;200;karavan;CEED 
100;1465;4.3;1;KIA;CDBAD21-D72E11;PROCEED / 1.6 / TD / AUT.;Slovaöka;SVK;osebni avtomobil;200;vozilo z dviûnimi vrati zadaj;PROCEED 
100;1452;4.3;1;KIA;CDF5D21-D72B11;CEED / 1.6 / TD AUT.;Slovaöka;SVK;osebni avtomobil;200;karavan;CEED 
100;1443;4.3;1;KIA;CDFAD21-M67D11;CEED / 1.6 / TD;Slovaöka;SVK;osebni avtomobil;200;karavan;CEED 
100;1438;4.3;1;KIA;CDBAD21-M67D11;PROCEED / 1.6 / TD;Slovaöka;SVK;osebni avtomobil;200;vozilo z dviûnimi vrati zadaj;PROCEED 
100;1433;4.3;1;KIA;CDBBD21-D72E11;CEED / 1.6 / TD / AUT.;Slovaöka;SVK;osebni avtomobil;200;vozilo z dviûnimi vrati zadaj;CEED 
100;1425;4.3;1;KIA;CDF5D21-M67B11;CEED / 1.6 / TD;Slovaöka;SVK;osebni avtomobil;200;karavan;CEED 
100;1388;4.3;1;KIA;CDB5D21-M67B11;CEED / 1.6 / TD;Slovaöka;SVK;osebni avtomobil;200;vozilo z dviûnimi vrati zadaj;CEED 
100;1580;4.3;1;MERCEDES BENZ;R00XP0-NZAA0521;C / 200 / d AUT.;Nemcija;DEU;osebni avtomobil;214;limuzina;C 
100;1580;4.3;1;MERCEDES BENZ;R237P0-NZAAB500;C / 200 T / BLUETEC AUT.;Nemcija;DEU;osebni avtomobil;212;karavan;C 
100;1545;4.3;1;MERCEDES BENZ;R237P0-PZAAB521;C / 200 T / BLUETEC;Nemcija;DEU;osebni avtomobil;214;karavan;C 
100;1530;4.3;1;MERCEDES BENZ;22S1P2-WZAAA502;CLA / 200 / d;Nemcija;DEU;osebni avtomobil;215;karavan;CLA 
100;1505;4.3;1;MERCEDES BENZ;R037P0-NZABB500;C / 200 / BLUETEC AUT.;Nemcija;DEU;osebni avtomobil;216;limuzina;C 
100;1505;4.3;1;MERCEDES BENZ;R237P0-NZAA050X;C / 200  / D AUT.;Nemcija;DEU;osebni avtomobil;214;karavan;C 
100;1505;4.3;1;MERCEDES BENZ;27S1P2-AZAAB500;GLA / 200 / CDI;Nemcija;DEU;osebni avtomobil;205;karavan;GLA 
100;1500;4.3;1;MERCEDES BENZ;23S1P2-WZAAB542;CLA / 200 / CDI;Nemcija;DEU;osebni avtomobil;220;limuzina;CLA 
100;1485;4.3;1;MERCEDES BENZ;M2S1P2-WZBA1502;B / 200 / d;Nemcija;DEU;osebni avtomobil;210;karavan;B 
100;1485;4.3;1;MERCEDES BENZ;M2S1P2-WZBA1502;B / 200 / d;Nemcija;DEU;osebni avtomobil;210;vozilo za posebne namene;B 
100;1480;4.3;1;MERCEDES BENZ;2308M2-UZAAB543;CLA / 200 / CDI;Nemcija;DEU;osebni avtomobil;220;limuzina;CLA 
100;1455;4.3;1;MERCEDES BENZ;12S1P2-WZAA1502-;A / 200 / D;Nemcija;DEU;osebni avtomobil;210;karavan;A 
100;1445;4.3;1;MERCEDES BENZ;1208M2-UZAAB500;A / 200 / CDI;Nemcija;DEU;osebni avtomobil;210;karavan;A 
100;1664;4.3;1;OPEL;DAEGG12-BA1N4JKJC5;INSIGNIA / 1.6 / CDTI;Nemcija;DEU;osebni avtomobil;205;karavan;INSIGNIA 
100;1613;4.3;1;OPEL;AAEGG12-BA1L2JKJJ5;INSIGNIA / 1.6 / CDTI;Nemcija;DEU;osebni avtomobil;210;limuzina;INSIGNIA 
100;1563;4.3;1;OPEL;JMYXFXX-C69DGXKYYYB;MOKKA / 1.6 / CDTI;Nemcija;DEU;osebni avtomobil;190;vecnamensko vozilo;MOKKA 
100;1503;4.3;1;OPEL;CA0FEBB12-BA1J3XJFKA5;INSIGNIA GRAND SPORT / 1.6 / CDTI;Nemcija;DEU;osebni avtomobil;211;vozilo z dviûnimi vrati zadaj;INSIGNIA GRAND SPORT 
100;1503;4.3;1;OPEL;BAEGC12-BA3K2JHPJ5;ASTRA / GTC 1.6 / CDTI;Nemcija;DEU;osebni avtomobil;198;vozilo z dviûnimi vrati zadaj;ASTRA 
100;1643;4.3;1;VOLVO;FS31A1;S60 / 2.0 / TD;ävedska;SWE;osebni avtomobil;205;limuzina;S60 
100;1800;4.4;1;AUDI;ACSUEF1-FD7CK001P4G01S57MMEM2;A6 / AVANT 2.0 / TDI AUT.;Nemcija;DEU;osebni avtomobil;204;karavan;A6 
100;1700;4.4;1;AUDI;LCSUEF1-FM6CS002P4G01S57MMEM2;A6 / 2.0 / TDI;Nemcija;DEU;osebni avtomobil;209;limuzina;A6 
100;1610;4.4;1;AUDI;ACJCBF1-FM6B1005RB8K7S57MGEM2;A4 AVANT / 2.0 / TDI;Nemcija;DEU;osebni avtomobil;208;karavan;A4 AVANT 
100;1595;4.4;1;AUDI;SCJCBF1-FM6B1005RB8T6S57MGEM2;A5 / 2.0 / TDI;Nemcija;DEU;osebni avtomobil;212;vozilo z dviûnimi vrati zadaj;A5 
100;1550;4.4;1;AUDI;LCJCBF1-FM6B1005R8KE57MGEM2;A4 / 2.0 / TDI;Nemcija;DEU;osebni avtomobil;211;limuzina;A4 
100;1435;4.4;1;AUDI;SCFFAF1-FM62Q025R8P607MGEM1;A3 / 2.0 / TDI;Nemcija;DEU;osebni avtomobil;208;karavan;A3 
100;1395;4.4;1;AUDI;ACFFAF1-FM62Q025R8P607MGEM1;A3 / 2.0 / TDI;Nemcija;DEU;osebni avtomobil;208;karavan;A3 
100;1505;4.4;1;BMW;3D11-5A1R0;318 / / D AUT.;Nemcija;DEU;osebni avtomobil;212;limuzina;318
100;1485;4.4;1;BMW;3D11-5H1R0;318 / / D;Nemcija;DEU;osebni avtomobil;212;limuzina;318
100;1395;4.4;1;BMW;1C11-I1;118 / / D;Nemcija;DEU;osebni avtomobil;210;karavan;118
100;1649;4.4;1;HYUNDAI;F5D61-D731Z1;TUCSON / 1.6 / CRDi DCT 48V;Ceöka republika;CZE;osebni avtomobil;180;vecnamensko vozilo;TUCSON 
100;1478;4.4;1;KIA;JDC5DC1-D71EZ1;CEED / 1.6 / TD AUT.;Slovaöka;SVK;osebni avtomobil;197;karavan;CEED 
100;1461;4.4;1;KIA;JDB5DC1-D71EZ1;CEED / 1.6 / TD AUT.;Slovaöka;SVK;osebni avtomobil;200;vozilo z dviûnimi vrati zadaj;CEED 
100;1436;4.4;1;KIA;JDB5DC1-D71EZ1;CEE'D / 1.6 / TD AUT.;Slovaöka;SVK;osebni avtomobil;200;vozilo z dviûnimi vrati zadaj;CEE'D 
100;1415;4.4;1;KIA;CDBCD21-M6EH11;XCEED / 1.6 / TD;Slovaöka;SVK;osebni avtomobil;196;vozilo z dviûnimi vrati zadaj;XCEED 
100;1615;4.4;1;MERCEDES BENZ;R20XP0-CLAA0501;C / 200 T / D AUT.;Nemcija;DEU;osebni avtomobil;212;karavan;C 
100;1615;4.4;1;MERCEDES BENZ;R20XP0-NLAA0521;C / 200 T / D AUT.;Nemcija;DEU;osebni avtomobil;210;karavan;C 
100;1580;4.4;1;MERCEDES BENZ;R00XP0-CZAA0521;C / 200 / d AUT.;Nemcija;DEU;osebni avtomobil;216;limuzina;C 
100;1580;4.4;1;MERCEDES BENZ;R237P0-NZAAB521;C / 200 T / BLUETEC AUT.;Nemcija;DEU;osebni avtomobil;212;karavan;C 
100;1545;4.4;1;MERCEDES BENZ;R237P0-PZAA0521;C / 200 / d;Nemcija;DEU;osebni avtomobil;214;karavan;C 
100;1545;4.4;0;MERCEDES BENZ;R237P0-PZAZ0521;C / 200 T / CDI;Nemcija;DEU;osebni avtomobil;214;karavan;C 
100;1535;4.4;1;MERCEDES BENZ;27S1P2-MZAA1502;GLA / 200 / d AUT.;Nemcija;DEU;osebni avtomobil;205;karavan;GLA 
100;1530;4.4;1;MERCEDES BENZ;22S1P2-WZAAA504;CLA / 200 / D;Nemcija;DEU;osebni avtomobil;215;karavan;CLA 
100;1505;4.4;1;MERCEDES BENZ;M208M2-MZAAB502;B / 200 / CDI AUT.;Nemcija;DEU;osebni avtomobil;210;karavan;B 
100;1505;4.4;1;MERCEDES BENZ;27S1P2-AZAA15A2;GLA / 200 / d;Nemcija;DEU;osebni avtomobil;205;karavan;GLA 
100;1500;4.4;1;MERCEDES BENZ;23S1P2-WZAAB543;CLA / 200 / CDI;Nemcija;DEU;osebni avtomobil;220;limuzina;CLA 
100;1485;4.4;1;MERCEDES BENZ;M2S1P2-WZBCB502;B / 200 / CDI;Nemcija;DEU;osebni avtomobil;210;karavan;B 
100;1480;4.4;1;MERCEDES BENZ;2308M2-UZAAB503;CLA / 200 / CDI;Nemcija;DEU;osebni avtomobil;220;limuzina;CLA 
100;1475;4.4;1;MERCEDES BENZ;M208M2-UZAAB500;B / 200 / CDI;Nemcija;DEU;osebni avtomobil;210;karavan;B 
100;1475;4.4;1;MERCEDES BENZ;1208M2-MZAAB503;A / 200 / CDI AUT.;Nemcija;DEU;osebni avtomobil;210;karavan;A 
100;1455;4.4;1;MERCEDES BENZ;12S1P2-WZAAB502;A / 200 / CDI;Nemcija;DEU;osebni avtomobil;210;karavan;A 
100;1505;4.4;1;MINI;YT91-CA15R0L0;COUNTRYMAN COOPER D / / AUT.;Nemcija;DEU;osebni avtomobil;200;karavan;COUNTRYMAN COOPER D 
100;1843;4.4;1;OPEL;EAEGC12-BA2R5FPHB7;ZAFIRA / 1.6 / DTI 16V;Nemcija;DEU;osebni avtomobil;193;vecnamensko vozilo;ZAFIRA 
100;1816;4.4;1;OPEL;EAEGC12-BA2R2FPHB7;ZAFIRA / 1.6 / DTI 16V;Nemcija;DEU;osebni avtomobil;193;vecnamensko vozilo;ZAFIRA 
100;1701;4.4;1;OPEL;EBEGC12-BA2R5FPHB5;ZAFIRA / 1.6 / DTI 16V;Nemcija;DEU;osebni avtomobil;193;karavan;ZAFIRA 
100;1664;4.4;1;OPEL;DAEGC12-BA1N4JKJC5;INSIGNIA / 1.6 / CDTI;Nemcija;DEU;osebni avtomobil;200;karavan;INSIGNIA 
100;1613;4.4;1;OPEL;CAEGC12-BA1M3JKJJ5;INSIGNIA / 1.6 / CDTI;Nemcija;DEU;osebni avtomobil;205;vozilo z dviûnimi vrati zadaj;INSIGNIA 
100;1571;4.4;1;OPEL;EAEGC11-BX1K2JHJJ5;MERIVA / 1.6 / CDTI;Nemcija;DEU;osebni avtomobil;197;vecnamensko vozilo;MERIVA 
100;1395;4.5;1;ALFA ROMEO;940FXM1A09;GIULIETTA / 2.0 / JTD;Italija;ITA;osebni avtomobil;205;vecnamensko vozilo;GIULIETTA 
100;1765;4.5;1;AUDI;ACSUEF1-FM6CS002P4G01S57MMEM2;A6 / AVANT 2.0 / TDI;Nemcija;DEU;osebni avtomobil;204;karavan;A6 
100;1555;4.5;1;AUDI;LCJCBF1-FM6B1005RB8K1S57MGEM3;A4 / 2.0 / TDI;Nemcija;DEU;osebni avtomobil;215;limuzina;A4 
100;1805;4.5;1;BMW;5L11-6A15R000;518 / TOURING / d AUT.;Nemcija;DEU;osebni avtomobil;200;karavan;518
100;1700;4.5;1;BMW;5C11-6A15R000;518 / / d AUT.;Nemcija;DEU;osebni avtomobil;208;limuzina;518
100;1645;4.5;1;BMW;8Y51-6H15R000;318 / GT / d;Nemcija;DEU;osebni avtomobil;210;limuzina;318
100;1615;4.5;1;BMW;3Y11-5H15R000;318 / GT / d;Nemcija;DEU;osebni avtomobil;210;limuzina;318
100;1585;4.5;1;BMW;4E71-6H35R000;418 / d;Nemcija;DEU;osebni avtomobil;213;limuzina;418
100;1575;4.5;1;BMW;3K11-5A15R000;318 / TOURING / D AUT.;Nemcija;DEU;osebni avtomobil;210;karavan;318
100;1575;4.5;1;BMW;8H71-6H25R000;318 / TOURING / d;Nemcija;DEU;osebni avtomobil;209;karavan;318
100;1570;4.5;1;BMW;3K11-5A1R0;318 / TOURING / d AUT.;Nemcija;DEU;osebni avtomobil;210;karavan;318
100;1565;4.5;1;BMW;UT31-5C;318 / TOURING / d;Nemcija;DEU;osebni avtomobil;210;karavan;318
100;1555;4.5;1;BMW;3K11-5H15R000;318 / TOURING / d;Nemcija;DEU;osebni avtomobil;210;karavan;318
100;1550;4.5;1;BMW;3K11-5H1R0;318 / TOURING / d;Nemcija;DEU;osebni avtomobil;210;karavan;318
100;1505;4.5;1;BMW;3D11-5A2R0;318 / / d AUT.;Nemcija;DEU;osebni avtomobil;212;limuzina;318
100;1490;4.5;1;BMW;PG11-5C;318 / / d;Nemcija;DEU;osebni avtomobil;210;limuzina;318
100;1485;4.5;1;BMW;3D11-5H25R000;318 / / d;Nemcija;DEU;osebni avtomobil;212;limuzina;318
100;1395;4.5;1;BMW;1C11-5H2R0;118 / / d;Nemcija;DEU;osebni avtomobil;210;karavan;118
100;1395;4.5;1;BMW;UD71-AN;118 / / d;Nemcija;DEU;osebni avtomobil;207;karavan;118
100;1385;4.5;1;BMW;UB31-AC;118 / / d;Nemcija;DEU;osebni avtomobil;207;karavan;118
100;1545;4.5;1;HYUNDAI;F5D24-D72AY1;KONA / 1.6 / CRDi HP DCT 4WD;Koreja. republika;KOR;osebni avtomobil;186;vecnamensko vozilo;KONA 
100;1536;4.5;1;HYUNDAI;F5D24-D72AZ1;KONA / 1.6 / CRDi HP DCT 4WD;Koreja. republika;KOR;osebni avtomobil;186;vecnamensko vozilo;KONA 
100;1474;4.5;1;HYUNDAI;PDE-F5D41-M68BZ1;i30 CW / 1.6 / CRDi HP 48V HEV;Ceöka republika;CZE;osebni avtomobil;200;karavan;i30 CW 
100;1429;4.5;1;HYUNDAI;A5D11-M63AX1;ELANTRA / 1.6 / CRDi;Koreja. republika;KOR;osebni avtomobil;194;limuzina;ELANTRA 
100;1605;4.5;1;KIA;QLEF5D21-D731Z1;SPORTAGE / 1.6 / TD / AUT.;Slovaöka;SVK;osebni avtomobil;180;vecnamensko vozilo;SPORTAGE 
100;1455;4.5;1;KIA;CDF5D11-M63A11;CEED / 1.6 / TD / MHEV /;Slovaöka;SVK;osebni avtomobil;200;karavan;CEED 
100;1735;4.5;1;MERCEDES BENZ;J00XP0-NZCCB5A1;E / 200 / BLUETEC AUT.;Nemcija;DEU;osebni avtomobil;207;limuzina;E 
100;1580;4.5;1;MERCEDES BENZ;R00XP0-NZAA0572;C / 200 / d AUT.;Nemcija;DEU;osebni avtomobil;214;limuzina;C 
100;1570;4.5;1;MERCEDES BENZ;R00XP0-NZAA0522;C / 200 / d AUT.;Nemcija;DEU;osebni avtomobil;214;limuzina;C 
100;1535;4.5;1;MERCEDES BENZ;27S1P2-MZAAB501;GLA / 200 / CDI AUT.;Nemcija;DEU;osebni avtomobil;205;karavan;GLA 
100;1505;4.5;1;MERCEDES BENZ;2308M2-MZAAB503;CLA / 200 / CDI AUT.;Nemcija;DEU;osebni avtomobil;220;limuzina;CLA 
100;1505;4.5;1;MERCEDES BENZ;R037P0-NZABB572;C / 200 / d AUT.;Nemcija;DEU;osebni avtomobil;216;limuzina;C 
100;1505;4.5;1;MERCEDES BENZ;M208M2-MZAAB503;B / 200 / CDI AUT.;Nemcija;DEU;osebni avtomobil;210;karavan;B 
100;1505;4.5;1;MERCEDES BENZ;27S1P2-AZAAB501;GLA / 200 / CDI;Nemcija;DEU;osebni avtomobil;205;karavan;GLA 
100;1485;4.5;1;MERCEDES BENZ;M2S1P2-WZBA1504;B / 200 / d;Nemcija;DEU;osebni avtomobil;210;karavan;B 
100;1475;4.5;1;MERCEDES BENZ;M208M2-UZAAB502;B / 200 / CDI;Nemcija;DEU;osebni avtomobil;210;karavan;B 
100;1455;4.5;1;MERCEDES BENZ;12S1P2-WZAAB504;A / 200 / CDI;Nemcija;DEU;osebni avtomobil;210;karavan;A 
100;1445;4.5;1;MERCEDES BENZ;1208M2-UZAAB502;A / 200 / CDI;Nemcija;DEU;osebni avtomobil;210;karavan;A 
100;1160;4.5;0;MINI;XM51-6H1400C0;COOPER / /;Nemcija;DEU;osebni avtomobil;210;vozilo z dviûnimi vrati zadaj;COOPER 
100;1816;4.5;1;OPEL;ECEGC12-BA2R2FPHJ5;ZAFIRA / TOURER 1.6 / CDTI;Nemcija;DEU;osebni avtomobil;193;karavan;ZAFIRA 
100;1788;4.5;1;OPEL;ECEGC12-BA2P3FPHJ5;ZAFIRA / TOURER 1.6 / CDTI;Nemcija;DEU;osebni avtomobil;193;karavan;ZAFIRA 
100;1701;4.5;1;OPEL;EAEGC12-BA2R2FPHJ7;ZAFIRA / TOURER 1.6 / CDTI;Nemcija;DEU;osebni avtomobil;193;vecnamensko vozilo;ZAFIRA 
100;1701;4.5;1;OPEL;EAEGC12-BA2P3FPHJ5;ZAFIRA / TOURER 1.6 / CDTI;Nemcija;DEU;osebni avtomobil;193;karavan;ZAFIRA 
100;1580;4.5;1;OPEL;JMYXAXX-E69DGXLYZZB;MOKKA / 1.6 / CDTI 4X4;Nemcija;DEU;osebni avtomobil;187;vecnamensko vozilo;MOKKA 
100;1567;4.5;1;OPEL;DA0FEBC12-BA1K5XJFKA5;INSIGNIA SPORTS TOURER / 1.6 / CDTI;Nemcija;DEU;osebni avtomobil;212;karavan;INSIGNIA SPORTS TOURER 
100;1537;4.5;1;OPEL;DA0FEBC12-BA1K5JFKA5;INSIGNIA SPORTS TOURER / 1.6 / CDTI;Nemcija;DEU;osebni avtomobil;212;karavan;INSIGNIA SPORTS TOURER 
100;1503;4.5;1;OPEL;CA0FEBB12-BA1K2XJFKK5;INSIGNIA GRAND SPORT / 1.6 / CDTI;Nemcija;DEU;osebni avtomobil;211;vozilo z dviûnimi vrati zadaj;INSIGNIA GRAND SPORT 
100;1425;4.5;1;OPEL;DA064CB12-BA2BANJUK15;ASTRA / ST 1.6 / CDTI;Nemcija;DEU;osebni avtomobil;212;karavan;ASTRA 
100;1393;4.5;1;OPEL;CA0FEBA12-BK1F4ABAK5;ASTRA / 1.6 / CDTI AUT.;Nemcija;DEU;osebni avtomobil;205;vozilo z dviûnimi vrati zadaj;ASTRA 
100;1364;4.5;1;OPEL;CA0FEBA12-BK1G2ABAK5;ASTRA / 1.6 / CDTI AUT.;Nemcija;DEU;osebni avtomobil;205;vozilo z dviûnimi vrati zadaj;ASTRA 
100;1364;4.5;1;OPEL;CA0FEBA12-BK1G1ABAK5;ASTRA / 1.6 / CDTI AUT.;Nemcija;DEU;osebni avtomobil;200;vozilo z dviûnimi vrati zadaj;ASTRA 
100;1354;4.5;1;OPEL;CA0FEBA12-BA1G1ABAK5;ASTRA / 1.6 / CDTI AUT.;Nemcija;DEU;osebni avtomobil;200;vozilo z dviûnimi vrati zadaj;ASTRA 
100;1792;4.5;1;VOLVO;BW31A1;V70 / 2.0 / TD;ävedska;SWE;osebni avtomobil;200;karavan;V70 
100;1698;4.5;1;VOLVO;FW31A1;V60 / 2.0 / TD;ävedska;SWE;osebni avtomobil;205;karavan;V60 
100;1610;4.6;1;AUDI;ACJCBF1-FM6B1005R8KE57MGEM2;A4 AVANT / 2.0 / TDI;Nemcija;DEU;osebni avtomobil;205;karavan;A4 AVANT 
100;1550;4.6;1;AUDI;LCJCBF1-FM6B1005R8K607MGEM1;A4 / 2.0 / TDI;Nemcija;DEU;osebni avtomobil;211;limuzina;A4 
100;1645;4.6;1;BMW;8T11-6H25R0L0;318 / GT / d;Nemcija;DEU;osebni avtomobil;210;limuzina;318
100;1565;4.6;1;BMW;4D51-6H25R000;418 / d;Nemcija;DEU;osebni avtomobil;213;limuzina;418
100;1575;4.6;1;FORD;BA7UKBB1G-5HFEPB;MONDEO / 2.0 / TDCI 100 M6;Nemcija;DEU;osebni avtomobil;203;karavan;MONDEO 
100;1715;4.6;1;HYUNDAI;F5D21-D731Z1;TUCSON / 1.6 / CRDi DCT;Ceöka republika;CZE;osebni avtomobil;180;vecnamensko vozilo;TUCSON 
100;1440;4.6;1;KIA;CDBCD21-D76H11;XCEED / 1.6 / TD / AUT.;Slovaöka;SVK;osebni avtomobil;198;vozilo z dviûnimi vrati zadaj;XCEED 
100;1735;4.6;1;MERCEDES BENZ;J00XP0-KZCCB501;E / 200 / BLUETEC;Nemcija;DEU;osebni avtomobil;210;limuzina;E 
100;1735;4.6;1;MERCEDES BENZ;J00XP0-NZCCB502;E / 200 / BLUETEC AUT.;Nemcija;DEU;osebni avtomobil;207;limuzina;E 
100;1585;4.6;1;MERCEDES BENZ;23S1P1-MZBA1501;CLA / 200 / d 4-MATIC AUT.;Nemcija;DEU;osebni avtomobil;216;limuzina;CLA 
100;1580;4.6;1;MERCEDES BENZ;R00XP0-CZAA0532;C / 200 / d AUT.;Nemcija;DEU;osebni avtomobil;216;limuzina;C 
100;1580;4.6;1;MERCEDES BENZ;R237P0-NZAAB522;C / 200 T / d. AUT.;Nemcija;DEU;osebni avtomobil;212;karavan;C 
100;1545;4.6;1;MERCEDES BENZ;R237P0-PZAAB522;C / 200 T / BLUETEC;Nemcija;DEU;osebni avtomobil;214;karavan;C 
100;1545;4.6;1;MERCEDES BENZ;12S1P1-MZAA1501;A / 200 / d 4-MATIC AUT.;Nemcija;DEU;osebni avtomobil;210;karavan;A 
100;1505;4.6;1;MERCEDES BENZ;M208M2-MZAAA502;B / 200 / CDI AUT.;Nemcija;DEU;osebni avtomobil;210;karavan;B 
100;1475;4.6;1;MERCEDES BENZ;M208M2-UZAAB503;B / 200 / CDI;Nemcija;DEU;osebni avtomobil;210;karavan;B 
100;1445;4.6;1;MERCEDES BENZ;1208M2-UZAAB503;A / 200 / CDI;Nemcija;DEU;osebni avtomobil;210;karavan;A 
100;1160;4.6;0;MINI;XM51-6H240000;COOPER / /;Nemcija;DEU;osebni avtomobil;210;vozilo z dviûnimi vrati zadaj;COOPER 
100;1503;4.6;1;OPEL;DB0FEBA12-BK2J1ABAK5;ASTRA / ST 1.6 / CDTI AUT.;Nemcija;DEU;osebni avtomobil;200;karavan;ASTRA 
100;1472;4.6;1;OPEL;DA0FEBA12-BK2H2ABAK5;ASTRA / ST 1.6 / CDTI AUT.;Nemcija;DEU;osebni avtomobil;200;karavan;ASTRA 
100;1441;4.6;1;OPEL;DA0FEBA12-BA2G3ABAK5;ASTRA / ST 1.6 / CDTI AUT.;Nemcija;DEU;osebni avtomobil;200;karavan;ASTRA 
100;1583;4.6;1;VOLKSWAGEN;ACCFFAX0-FM6FM62Q025STP07MQSNVR2O;PASSAT / VARIANT 2.0 / TDI;Nemcija;DEU;osebni avtomobil;207;karavan;PASSAT 
100;1557;4.6;1;VOLKSWAGEN;AACFFAX0-FM6FM62Q025ST7MJVR25O;CC / 2.0 / TDI;Nemcija;DEU;osebni avtomobil;211;limuzina;CC 
100;1545;4.6;1;VOLKSWAGEN;AACFFAX0-FM6FM62Q025STP27MGSNVR2O;PASSAT / 2.0 / TDI;Nemcija;DEU;osebni avtomobil;210;limuzina;PASSAT 
100;1610;4.7;1;AUDI;ACJCBF1-FM6B1005RB8K1S57MGEM3;A4 AVANT / 2.0 / TDI;Nemcija;DEU;osebni avtomobil;208;karavan;A4 AVANT 
100;1795;4.7;1;BMW;5L11-6H15R000;518 / TOURING / d;Nemcija;DEU;osebni avtomobil;203;karavan;518
100;1735;4.7;1;BMW;WZ31-6H15R000;X3 / sDrive 18 / d;Nemcija;DEU;osebni avtomobil;191;karavan;X3 
100;1575;4.7;1;BMW;3K11-5A25R000;318 / TOURING / d AUT.;Nemcija;DEU;osebni avtomobil;210;karavan;318
100;1570;4.7;1;BMW;3K11-5A2R0;318 / TOURING / d AUT.;Nemcija;DEU;osebni avtomobil;210;karavan;318
100;1555;4.7;1;BMW;3K11-5H25R000;318 / TOURING / d;Nemcija;DEU;osebni avtomobil;210;karavan;318
100;1550;4.7;1;BMW;3K11-5H2R0;318 / TOURING / d;Nemcija;DEU;osebni avtomobil;210;karavan;318
100;1505;4.7;1;BMW;PN11-5C;318 / / d;Nemcija;DEU;osebni avtomobil;210;limuzina;318
100;1395;4.7;1;BMW;UD71-AC;118 / / d;Nemcija;DEU;osebni avtomobil;207;karavan;118
100;1641;4.7;1;HYUNDAI;A5D11-M64AZ1;i40 / 1.7 / CRDi;Koreja. republika;KOR;osebni avtomobil;201;limuzina;i40 
100;1609;4.7;1;HYUNDAI;C5D11-M64AZ1;i40 / 1.7 / CRDi;Koreja. republika;KOR;osebni avtomobil;200;karavan;i40 
100;1579;4.7;1;KIA;QLEF5D21-M651Z1;SPORTAGE / 1.6 / TD;Slovaöka;SVK;osebni avtomobil;180;vecnamensko vozilo;SPORTAGE 
100;1455;4.7;1;KIA;CDF5D11-M63A11;CEED / 1.6 / TD / MHEV /;Slovaöka;SVK;osebni avtomobil;200;karavan;CEED 
100;1735;4.7;1;MERCEDES BENZ;J00XP0-KZCCB502;E / 200 / BLUETEC;Nemcija;DEU;osebni avtomobil;210;limuzina;E 
100;1735;4.7;1;MERCEDES BENZ;J00XP0-NZCCB501;E / 200 / BLUETEC AUT;Nemcija;DEU;osebni avtomobil;207;limuzina;E 
100;1615;4.7;1;MERCEDES BENZ;R20XP0-CLAA0572;C / 200 T / d AUT.;Nemcija;DEU;osebni avtomobil;212;karavan;C 
100;1615;4.7;1;MERCEDES BENZ;R20XP0-NLAA0572;C / 200 T / D AUT.;Nemcija;DEU;osebni avtomobil;210;karavan;C 
100;1505;4.7;1;MERCEDES BENZ;M208M2-MZAAB503;B / 200 / CDI AUT.;Nemcija;DEU;osebni avtomobil;210;karavan;B 
100;1220;4.7;0;MINI;XS51-6H1500C0;COOPER / /;Nemcija;DEU;osebni avtomobil;207;karavan;COOPER 
100;1618;4.7;1;OPEL;JMYXAXX-E69DGXLY11R;MOKKA / 1.6 / CDTI 4X4;Nemcija;DEU;osebni avtomobil;187;vecnamensko vozilo;MOKKA 
100;1580;4.7;1;OPEL;JMYXAXX-E69DGXLY11B;MOKKA / 1.6 / CDTI 4X4;Nemcija;DEU;osebni avtomobil;187;vecnamensko vozilo;MOKKA 
100;1557;4.7;1;VOLKSWAGEN;AACFFAX0-FM6FM62Q025ST7MQVR25O;CC / 2.0 / TDI;Nemcija;DEU;osebni avtomobil;211;limuzina;CC 
100;1557;4.7;1;VOLKSWAGEN;AACFFAX0-FM6FM62Q025ST7MGVR25;PASSAT CC / 2.0 / TDI;Nemcija;DEU;osebni avtomobil;211;limuzina;PASSAT CC 
100;1615;4.8;1;AUDI;SCJCBF1-FAVAW011RB8T1S47MJEM1;A5 / 2.0 / TDI AUT.;Nemcija;DEU;osebni avtomobil;204;vozilo z dviûnimi vrati zadaj;A5 
100;1610;4.8;1;AUDI;ACJCBF1-FM6B1005R8K607MGEM1;A4 AVANT / 2.0 / TDI;Nemcija;DEU;osebni avtomobil;205;karavan;A4 AVANT 
100;1550;4.8;1;AUDI;LCAGBF1-FM6B1005R8KE77MGEM1;A4 / 2.0 / TDI;Nemcija;DEU;osebni avtomobil;211;limuzina;A4 
100;1795;4.8;1;BMW;5J11-6H15R000;518 / TOURING / d;Nemcija;DEU;osebni avtomobil;203;karavan;518
100;1635;4.8;1;BMW;3Y11-6A15R000;318 / GT / d AUT.;Nemcija;DEU;osebni avtomobil;210;limuzina;318
100;1580;4.8;1;BMW;VW11-AC;318 / TOURING / d;Nemcija;DEU;osebni avtomobil;210;karavan;318
100;1565;4.8;1;BMW;4D51-6H35R000;418 / d;Nemcija;DEU;osebni avtomobil;213;limuzina;418
100;1395;4.8;0;BMW;1R51-6A150000;118 / / i AUT.;Nemcija;DEU;osebni avtomobil;210;karavan;118
100;1605;4.8;1;CITROEN;KFRHD8/1;DS5 / 2.0 / HDI;Francija;FRA;osebni avtomobil;203;vecnamensko vozilo;DS5 
100;1770;4.8;1;HYUNDAI;F5D31-M62ZZ1;TUCSON / 2.0 / CRDi LP;Ceöka republika;CZE;osebni avtomobil;186;vecnamensko vozilo;TUCSON 
100;1764;4.8;1;HYUNDAI;F5D64-D731Z1;TUCSON / 1.6 / CRDi DCT 4WD 48V;Ceöka republika;CZE;osebni avtomobil;180;vecnamensko vozilo;TUCSON 
100;1691;4.8;1;HYUNDAI;F5D21-D731Z1;TUCSON / 1.6 / CRDi DCT;Ceöka republika;CZE;osebni avtomobil;180;vecnamensko vozilo;TUCSON 
100;1666;4.8;1;HYUNDAI;F5D21-M651Z1;TUCSON / 1.6 / CRDi;Ceöka republika;CZE;osebni avtomobil;180;vecnamensko vozilo;TUCSON 
100;1646;4.8;1;HYUNDAI;C5D31-M64BZ1;i40 / 1.7 / CRDi;Koreja. republika;KOR;osebni avtomobil;200;karavan;i40 
100;1585;4.8;1;HYUNDAI;F5D24-D72AY1;KONA / 1.6 / CRDi HP DCT 4WD;Koreja. republika;KOR;osebni avtomobil;186;vecnamensko vozilo;KONA 
100;1505;4.8;1;HYUNDAI;PDE-B5D41-M68BZ1;i30 / 1.6 / CRDi HP 48V HEV;Ceöka republika;CZE;osebni avtomobil;200;vozilo z dviûnimi vrati zadaj;i30 
100;1604;4.8;1;KIA;QLEF5D31-M62ZZ1;SPORTAGE / 2.0 / TD;Slovaöka;SVK;osebni avtomobil;186;vecnamensko vozilo;SPORTAGE 
100;1845;4.8;1;MERCEDES BENZ;J20XP0-NZCCB500;E / 200 / BLUETEC;Nemcija;DEU;osebni avtomobil;203;karavan;E 
100;1615;4.8;1;MERCEDES BENZ;22S1P1-MZBZ1502;CLA / 200 / D 4-MATIC AUT.;Nemcija;DEU;osebni avtomobil;212;karavan;CLA 
100;1615;4.8;1;MERCEDES BENZ;H2S1M0-KLAAA500;C / 200 T / CDI;Nemcija;DEU;osebni avtomobil;209;karavan;C 
100;1595;4.8;1;MERCEDES BENZ;27S1P1-MZAA1501;GLA / 200 / d 4-MATIC AUT.;Nemcija;DEU;osebni avtomobil;200;karavan;GLA 
100;1590;4.8;1;MERCEDES BENZ;H0S1M0-NZABA500;C / 200 / CDI AUT.;Nemcija;DEU;osebni avtomobil;215;limuzina;C 
100;1585;4.8;1;MERCEDES BENZ;23S1P1-MZBA1502;CLA / 200 / d 4-MATIC AUT.;Nemcija;DEU;osebni avtomobil;216;limuzina;CLA 
100;1580;4.8;1;MERCEDES BENZ;23S1P1-MZAAA502;CLA / 200 / d 4-MATIC AUT.;Nemcija;DEU;osebni avtomobil;216;limuzina;CLA 
100;1565;4.8;1;MERCEDES BENZ;H0S1M0-KZAAA500;C / 200 / CDI;Nemcija;DEU;osebni avtomobil;218;limuzina;C 
100;1545;4.8;1;MERCEDES BENZ;12S1P1-MZAAA502;A / 200 / d 4-MATIC AUT.;Nemcija;DEU;osebni avtomobil;210;karavan;A 
100;1485;4.8;1;MERCEDES BENZ;12S1P1-MZAZ1502;A / 200 / d 4-MATIC AUT.;Nemcija;DEU;osebni avtomobil;210;karavan;A 
100;1250;4.8;0;MINI;XS51-6A1500C0;COOPER / / AUT.;Nemcija;DEU;osebni avtomobil;207;karavan;COOPER 
100;1220;4.8;0;MINI;XS51-6H2500C0;COOPER / /;Nemcija;DEU;osebni avtomobil;207;karavan;COOPER 
100;1567;4.8;1;OPEL;DA064CB12-BA1ZACJFK15;INSIGNIA SPORTS TOURER / 1.6 / CDTI;Nemcija;DEU;osebni avtomobil;208;karavan;INSIGNIA SPORTS TOURER 
100;1505;4.8;1;PEUGEOT;8DRHR8;508 / 2.0 / HDI;Francija;FRA;osebni avtomobil;210;limuzina;508
100;1386;4.8;1;VOLKSWAGEN;ACCFFAX0-FM6FM62Q025N7MGVI;GOLF / 2.0 / TDI;Nemcija;DEU;osebni avtomobil;207;karavan;GOLF 
100;1663;4.8;1;VOLVO;FS31A0;S60 / 2.0 / TD AUT.;ävedska;SWE;osebni avtomobil;200;limuzina;S60 
100;1830;4.9;1;AUDI;XCSUBF1-FM6B1006R8R737MMEM1N;Q5 / 2.0 / TDI;Nemcija;DEU;osebni avtomobil;187;karavan;Q5 
100;1650;4.9;1;AUDI;LCGLEF1-FM6B1011R4G60S57MGEM2;A6 / 2.0 / TDI;Nemcija;DEU;osebni avtomobil;209;limuzina;A6 
100;1650;4.9;1;AUDI;ACJCBF1-FAVAW011RB8K1S57MGEM1;A4 AVANT / 2.0 / TDI AUT.;Nemcija;DEU;osebni avtomobil;196;karavan;A4 AVANT 
100;1610;4.9;1;AUDI;ACAGBF1-FM6B1005R8KE77MGEM1;A4 AVANT / 2.0 / TDI;Nemcija;DEU;osebni avtomobil;205;karavan;A4 AVANT 
100;1460;4.9;1;AUDI;SCFFAF1-FD62E018R8P607MGEM1;A3 / 2.0 / TDI AUT.;Nemcija;DEU;osebni avtomobil;208;karavan;A3 
100;1805;4.9;1;BMW;5J11-6A15R000;518 / TOURING / d AUT.;Nemcija;DEU;osebni avtomobil;200;karavan;518
100;1735;4.9;1;BMW;WZ31-6H25R000;X3 / sDrive 18 / d;Nemcija;DEU;osebni avtomobil;191;karavan;X3 
100;1635;4.9;1;BMW;3Y11-6A25R000;318 / GT / d AUT.;Nemcija;DEU;osebni avtomobil;210;limuzina;318
100;1555;4.9;1;BMW;VN71-5H0R0;X1 / sDrive 18 / d;Nemcija;DEU;osebni avtomobil;197;karavan;X1 
100;1395;4.9;0;BMW;2A31-6H1500C0;218 / / i ACTIVE TOURER;Nemcija;DEU;osebni avtomobil;205;karavan;218
100;1395;4.9;1;CITROEN;NXRHD8;DS4 / 2.0 / HDI;Francija;FRA;osebni avtomobil;204;vozilo z dviûnimi vrati zadaj;DS4 
100;1575;4.9;1;FORD;BA7UKBA1G-5HFBPB;MONDEO / 2.0 / TDCI 100 M6;Nemcija;DEU;osebni avtomobil;203;karavan;MONDEO 
100;1557;4.9;1;FORD;BA7UKBA1E-5HFBPQ;MONDEO / 2.0 / TDCI 100 M6;Nemcija;DEU;osebni avtomobil;208;vozilo z dviûnimi vrati zadaj;MONDEO 
100;1506;4.9;1;HYUNDAI;F5D31-M68BZ1;i30 CW / 1.6 / CRDi HP;Ceöka republika;CZE;osebni avtomobil;200;karavan;i30 CW 
100;1668;4.9;1;KIA;QLEF5D24-D731Z1;SPORTAGE / 1.6 / TD / AWD / AUT.;Slovaöka;SVK;osebni avtomobil;180;vecnamensko vozilo;SPORTAGE 
100;1653;4.9;1;KIA;TFA5D21-M62AZ1;OPTIMA / 1.7 / D;Koreja. republika;KOR;osebni avtomobil;202;limuzina;OPTIMA 
100;1605;4.9;1;KIA;QLEF5D21-D731Z1;SPORTAGE / 1.6 / TD / AUT.;Slovaöka;SVK;osebni avtomobil;180;vecnamensko vozilo;SPORTAGE 
100;1845;4.9;1;MERCEDES BENZ;J20XP0-NZCCB501;E / 200 / BLUETEC;Nemcija;DEU;osebni avtomobil;203;karavan;E 
100;1735;4.9;1;MERCEDES BENZ;J0S1M0-KZCCB501;E / 200 / CDI;Nemcija;DEU;osebni avtomobil;210;limuzina;E 
100;1735;4.9;1;MERCEDES BENZ;J0S1M0-NLCCB500;E / 200 / CDI AUT.;Nemcija;DEU;osebni avtomobil;207;limuzina;E 
100;1615;4.9;1;MERCEDES BENZ;H2S1M0-KZAAA501;C / 200 T / CDI;Nemcija;DEU;osebni avtomobil;209;karavan;C 
100;1595;4.9;1;MERCEDES BENZ;27S1P1-MZAAB500;GLA / 200 / 4-MATIC CDI AUT.;Nemcija;DEU;osebni avtomobil;200;karavan;GLA 
100;1590;4.9;1;MERCEDES BENZ;H0S1M0-NZABA500;C / 200 / CDI AUT.;Nemcija;DEU;osebni avtomobil;215;limuzina;C 
100;1565;4.9;1;MERCEDES BENZ;H0S1M0-KZAAB501;C / 200 / CDI;Nemcija;DEU;osebni avtomobil;218;limuzina;C 
100;1545;4.9;1;MERCEDES BENZ;12S1P1-MZAAB500;A / 200 / 4-MATIC CDI AUT.;Nemcija;DEU;osebni avtomobil;210;karavan;A 
100;1733;4.9;1;OPEL;DAEGA12-BA1N4AJ8C5;INSIGNIA / 1.6 / CDTI AUT.;Nemcija;DEU;osebni avtomobil;195;karavan;INSIGNIA 
100;1713;4.9;1;OPEL;DAEGA12-BA1P3AJ8C5;INSIGNIA / 1.6 / CDTI AUT.;Nemcija;DEU;osebni avtomobil;195;karavan;INSIGNIA 
100;1462;4.9;1;OPEL;JMYXFXX-D69DDXMY22B;MOKKA / 1.6 / CDTI AUT.;Nemcija;DEU;osebni avtomobil;188;vecnamensko vozilo;MOKKA 
100;1456;4.9;1;OPEL;DA064CB12-BK2BAPACA15;ASTRA / ST 1.6 / CDTI AUT.;Nemcija;DEU;osebni avtomobil;207;karavan;ASTRA 
100;1425;4.9;1;OPEL;DA064CB12-BA2BANJUK25;ASTRA / ST 1.6 / CDTI;Nemcija;DEU;osebni avtomobil;212;karavan;ASTRA 
100;1378;4.9;1;OPEL;CA064CB12-BA1BANJUK15;ASTRA / 1.6 / CDTI;Nemcija;DEU;osebni avtomobil;213;vozilo z dviûnimi vrati zadaj;ASTRA 
100;1378;4.9;1;OPEL;CA064CB12-BA1BANJUK15;ASTRA / 1.6 / CDTI;Nemcija;DEU;osebni avtomobil;213;vozilo za posebne namene;ASTRA 
100;1505;4.9;1;VOLKSWAGEN;ACCFHBX0-FM6FM62Q025N7MGN1;GOLF / VARIANT 2.0 / TDI;Nemcija;DEU;osebni avtomobil;208;karavan;GOLF 
100;1725;4.9;1;VOLVO;FW31A0;V60 / 2.0 / TD AUT.;ävedska;SWE;osebni avtomobil;200;karavan;V60 
100;1565;5.1;1;ALFA ROMEO;939AXR1B64B;159 / 2.0 / M-JET;Italija;ITA;osebni avtomobil;202;limuzina;159
100;1725;5.1;1;AUDI;ACGLEF1-FAVAW008R4G60S57MJEM2;A6 / AVANT 2.0 / TDI AUT.;Nemcija;DEU;osebni avtomobil;200;karavan;A6 
100;1435;5.1;1;AUDI;SCBAAF1-FM62Q008R8P607MGEM0;A3 / 2.0 / TDI;Nemcija;DEU;osebni avtomobil;205;karavan;A3 
100;1805;5.1;1;BMW;5J11-6A25R000;518 / TOURING / d AUT.;Nemcija;DEU;osebni avtomobil;200;karavan;518
100;1735;5.1;1;BMW;WY11-5H05R000;X3 / SDRIVE 18 / D;Nemcija;DEU;osebni avtomobil;191;karavan;X3 
100;1445;5.1;0;BMW;2A31-6A1500C0;218 / / i ACTIVE TOURER AUT.;Nemcija;DEU;osebni avtomobil;205;karavan;218
100;1420;5.1;0;BMW;2H31-6H140000;218 / COUPE / i;Nemcija;DEU;osebni avtomobil;210;kupe;218
100;1415;5.1;0;BMW;2A31-6H1500C0;218 / / i ACTIVE TOURER;Nemcija;DEU;osebni avtomobil;205;karavan;218
100;1395;5.1;1;CITROEN;NXRHD8;DS4 / 2.0 / HDI;Francija;FRA;osebni avtomobil;204;vozilo z dviûnimi vrati zadaj;DS4 
100;1755;5.1;1;HYUNDAI;F5D24-D731Z1;TUCSON / 1.6 / CRDi DCT 4WD;Ceöka republika;CZE;osebni avtomobil;180;vecnamensko vozilo;TUCSON 
100;1751;5.1;1;HYUNDAI;F5D24-M651Z1;TUCSON / 1.6 / CRDi 4WD;Ceöka republika;CZE;osebni avtomobil;180;vecnamensko vozilo;TUCSON 
100;1723;5.1;1;HYUNDAI;C5D11-M64BZ1;i40 / 1.7 / CRDi;Koreja. republika;KOR;osebni avtomobil;200;karavan;i40 
100;1584;5.1;1;HYUNDAI;A5D11-M64BZ1;i40 / 1.7 / CRDi;Koreja. republika;KOR;osebni avtomobil;201;limuzina;i40 
100;1637;5.1;1;KIA;TFA5D11-M62AZ1;OPTIMA / 1.7 / D;Koreja. republika;KOR;osebni avtomobil;202;limuzina;OPTIMA 
100;1735;5.1;1;MERCEDES BENZ;J0S1M0-NZAAA500;E / 200 / CDI AUT.;Nemcija;DEU;osebni avtomobil;207;limuzina;E 
100;1720;5.1;1;MERCEDES BENZ;J0S1M0-KZAAA500;E / 200 / CDI;Nemcija;DEU;osebni avtomobil;210;limuzina;E 
100;1645;5.1;1;MERCEDES BENZ;H2S1M0-NLAAA500;C / 200 T / CDI AUT.;Nemcija;DEU;osebni avtomobil;207;karavan;C 
100;1595;5.1;1;MERCEDES BENZ;27S1P1-MZAAB501;GLA / 200 / 4-MATIC CDI AUT.;Nemcija;DEU;osebni avtomobil;200;karavan;GLA 
100;1590;5.1;1;MERCEDES BENZ;H0S1M0-NLABA503;C / 200 / CDI AUT.;Nemcija;DEU;osebni avtomobil;215;limuzina;C 
100;1505;5.1;1;MERCEDES BENZ;H006K0-JZAAA500;C / 200 CDI;Nemcija;DEU;osebni avtomobil;220;limuzina;C 
100;1733;5.1;1;OPEL;DAEGA12-BA1N4AJ8J5;INSIGNIA / 1.6 / CDTI AUT.;Nemcija;DEU;osebni avtomobil;195;karavan;INSIGNIA 
100;1598;5.1;1;OPEL;CA0FEBB12-BA1K9ACEK5;INSIGNIA GRAND SPORT / 1.6 / CDTI AUT.;Nemcija;DEU;osebni avtomobil;200;vozilo z dviûnimi vrati zadaj;INSIGNIA GRAND SPORT 
100;1425;5.1;1;OPEL;DA064CB12-BK2BANJUK15;ASTRA / ST 1.6 / CDTI;Nemcija;DEU;osebni avtomobil;212;karavan;ASTRA 
100;1378;5.1;1;OPEL;CA064CB12-BK1BANJUK15;ASTRA / 1.6 / CDTI;Nemcija;DEU;osebni avtomobil;213;vozilo z dviûnimi vrati zadaj;ASTRA 
100;1486;5.1;1;VOLKSWAGEN;AACBDAX0-FM6FM62Q025N7MBN1;JETTA / 2.0 / TDI;Nemcija;DEU;osebni avtomobil;205;limuzina;JETTA 
100;1812;5.1;1;VOLVO;BW31A0;V70 / 2.0 / TD AUT.;ävedska;SWE;osebni avtomobil;195;karavan;V70 
100;1615;5.2;1;ALFA ROMEO;939AXR1B65B;159 / 2.0 / M-JET;Italija;ITA;osebni avtomobil;202;karavan;159
100;1615;5.2;1;ALFA ROMEO;939BXR1B65B;159 / SW 2.0 / M-JET;Italija;ITA;osebni avtomobil;200;karavan;159
100;1520;5.2;1;AUDI;XCFFAF1-FM6BB002R8U617MJEM1;Q3 / 2.0 / TDI;Nemcija;DEU;osebni avtomobil;197;karavan;Q3 
100;1545;5.2;1;BMW;VN11-5H;X1 / sDrive 18 / d;Nemcija;DEU;osebni avtomobil;197;karavan;X1 
100;1592;5.2;1;FORD;BA7UKBB1G-5MNEP4;MONDEO / 2.0 / TDCI 100 A6;Nemcija;DEU;osebni avtomobil;198;karavan;MONDEO 
100;1819;5.2;1;HYUNDAI;F5D24-M62ZZ1;TUCSON / 2.0 / CRDi LP 4WD;Ceöka republika;CZE;osebni avtomobil;184;vecnamensko vozilo;TUCSON 
100;1470;5.2;1;HYUNDAI;F5D21-D72AZ1;KONA / 1.6 / CRDi HP DCT;Koreja. republika;KOR;osebni avtomobil;191;vecnamensko vozilo;KONA 
100;1668;5.2;1;KIA;QLEF5D24-D731Z1;SPORTAGE / 1.6 / TD AUT. AWD;Slovaöka;SVK;osebni avtomobil;180;vecnamensko vozilo;SPORTAGE 
100;1662;5.2;1;KIA;QLEF5D24-M62ZZ1;SPORTAGE / 2.0 / TD AWD;Slovaöka;SVK;osebni avtomobil;186;vecnamensko vozilo;SPORTAGE 
100;1662;5.2;1;KIA;QLEF5D24-M62ZZ1;SPORTAGE / 2.0 / TD AWD;Slovaöka;SVK;osebni avtomobil;184;vecnamensko vozilo;SPORTAGE 
100;1652;5.2;1;KIA;QLEF5D24-M651Z1;SPORTAGE / 1.6 / TD AWD;Slovaöka;SVK;osebni avtomobil;180;vecnamensko vozilo;SPORTAGE 
100;1425;5.2;1;KIA;PSB5D31-D71HZ1;SOUL / 1.6 / D;Koreja. republika;KOR;osebni avtomobil;182;vozilo z dviûnimi vrati zadaj;SOUL 
100;1845;5.2;1;MERCEDES BENZ;J2S1M0-KLCGB500;E / 200 T / CDI;Nemcija;DEU;osebni avtomobil;205;karavan;E 
100;1735;5.2;1;MERCEDES BENZ;J0S1M0-NLCCB522;E / 200 / CDI AUT.;Nemcija;DEU;osebni avtomobil;207;limuzina;E 
100;1720;5.2;1;MERCEDES BENZ;J001M0-KZAAA500;E / 200 / CDI;Nemcija;DEU;osebni avtomobil;210;limuzina;E 
100;1635;5.2;1;MERCEDES BENZ;H201M0-KZAAA500;C / 200 T / CDI;Nemcija;DEU;osebni avtomobil;209;karavan;C 
100;1733;5.2;1;OPEL;DAEGA12-BA1N4AJ8C5;INSIGNIA / 1.6 / CDTI AUT.;Nemcija;DEU;osebni avtomobil;195;karavan;INSIGNIA 
100;1425;5.2;1;OPEL;DA064CB12-BK2BANJUK15;ASTRA / ST 1.6 / CDTI;Nemcija;DEU;osebni avtomobil;212;karavan;ASTRA 
100;1755;5.3;1;AUDI;XCJCBF1-FM6B1006R8R737MGEM1N;Q5 / 2.0 / TDI;Nemcija;DEU;osebni avtomobil;187;karavan;Q5 
100;1710;5.3;1;AUDI;ACAGBF1-FM61X008R4F60S57MG;A6 / AVANT 2.0 / TDI;Nemcija;DEU;osebni avtomobil;204;karavan;A6 
100;1640;5.3;1;AUDI;LCAGBF1-FM61X008R4F60S57MG;A6 / 2.0 / TDI;Nemcija;DEU;osebni avtomobil;208;limuzina;A6 
100;1535;5.3;1;AUDI;LCAGBF1-FM6B1002R8K607MB;A4 / 2.0 / TDI;Nemcija;DEU;osebni avtomobil;211;limuzina;A4 
100;1445;5.3;1;AUDI;LAZVF1-FM62Q008R8P60T40GG;A3 / 2.0 / TDI;Nemcija;DEU;osebni avtomobil;205;vozilo z dviûnimi vrati zadaj;A3 
100;1405;5.3;1;AUDI;LAZVF1-FM62Q008R8P61T20GG;A3 / 2.0 / TDI;Nemcija;DEU;osebni avtomobil;205;vozilo z dviûnimi vrati zadaj;A3 
100;1505;5.3;0;BMW;HS11-6A1500C0;X1 / sDrive 18 / i AUT.;Nemcija;DEU;osebni avtomobil;200;karavan;X1 
100;1500;5.3;0;BMW;2D31-6A1500C0;218 / / i GRAN TOURER AUT.;Nemcija;DEU;osebni avtomobil;203;karavan;218
100;1445;5.3;0;BMW;2A31-6A2500C0;218 / / i ACTIVE TOURER AUT.;Nemcija;DEU;osebni avtomobil;205;karavan;218
100;1380;5.3;0;BMW;1R51-6H250000;118 / / i;Nemcija;DEU;osebni avtomobil;210;karavan;118
100;1375;5.3;0;BMW;1P51-6H250000;118 / / i;Nemcija;DEU;osebni avtomobil;210;karavan;118
100;1745;5.3;1;FORD;BA7UKBA1G-5CFBPB;MONDEO / 2.0 / TDCI 100 DPF M6;Nemcija;DEU;osebni avtomobil;203;karavan;MONDEO 
100;1733;5.3;1;FORD;WA6UKWA-1S7HEAQG;S-MAX / 2.0 / TDCI 100 M6;Nemcija;DEU;osebni avtomobil;194;vecnamensko vozilo;S-MAX 
100;1733;5.3;1;FORD;WA6UKWA-1M7HEAQG;GALAXY / 2.0 / TDCi 100 M6;Nemcija;DEU;osebni avtomobil;191;vecnamensko vozilo;GALAXY 
100;1575;5.3;1;FORD;DXAUKDB1H-5NLCPG;Grand C-MAX / 2.0 / TDCI 100 M6;Nemcija;DEU;osebni avtomobil;199;karavan;Grand C-MAX 
100;1484;5.3;1;HYUNDAI;F5D21-D72AZ1;KONA / 1.6 / CRDi HP DCT;Koreja. republika;KOR;osebni avtomobil;191;vecnamensko vozilo;KONA 
100;1845;5.3;1;MERCEDES BENZ;J2S1M0-KLCCB501;E / 200 T / CDI;Nemcija;DEU;osebni avtomobil;205;karavan;E 
100;1845;5.3;1;MERCEDES BENZ;J2S1M0-NZAAA500;E / 200 T / CDI AUT.;Nemcija;DEU;osebni avtomobil;203;karavan;E 
100;1825;5.3;1;MERCEDES BENZ;J2S1M0-KZAAA500;E / 200 / CDI;Nemcija;DEU;osebni avtomobil;205;karavan;E 
100;1720;5.3;1;MERCEDES BENZ;J001M0-KZAAA501;E / 200 / CDI;Nemcija;DEU;osebni avtomobil;210;limuzina;E 
100;1645;5.3;1;MERCEDES BENZ;H2S1M0-NZAAA502;C / 200 T / CDI AUT.;Nemcija;DEU;osebni avtomobil;207;karavan;C 
100;1505;5.3;1;MERCEDES BENZ;H006L0-JZAAA501;C / 200 / CDI FE;Nemcija;DEU;osebni avtomobil;220;limuzina;C 
100;1505;5.3;1;MERCEDES BENZ;M2S1P2-MZBA150B;B / 200 / d AUT.;Nemcija;DEU;osebni avtomobil;210;karavan;B 
100;1365;5.3;0;MERCEDES BENZ;X2H9T2-FZAZ151B;A / 180 / AUT.;Nemcija;DEU;osebni avtomobil;215;karavan;A 
100;1496;5.3;1;PEUGEOT;4CRHRH/1;308 / 2.0 / HDI;Francija;FRA;osebni avtomobil;206;vecnamensko vozilo;308
100;1425;5.3;1;äKODA;ACAZVX01-NFM6FM62Q009;OCTAVIA / COMBI 2.0 / TDI;Ceöka republika;CZE;osebni avtomobil;205;karavan;OCTAVIA 
100;1356;5.3;1;VOLKSWAGEN;1KACAZVX0-FM6FM62Q0090GGN1;GOLF / 2.0 / TDI;Nemcija;DEU;osebni avtomobil;203;karavan;GOLF 
100;1356;5.3;1;VOLKSWAGEN;ABAZVX0-FM6FM62Q0090GGN1;GOLF / 2.0 / TDI;Nemcija;DEU;osebni avtomobil;203;vozilo z dviûnimi vrati zadaj;GOLF 
100;1816;5.3;1;VOLVO;DZ31A1;XC60 / 2.0 / TD;ävedska;SWE;osebni avtomobil;190;karavan;XC60 
100;1717;5.3;1;VOLVO;DZ31A1;XC60 / 2.0 / TD;ävedska;SWE;osebni avtomobil;195;karavan;XC60 
100;1595;5.4;1;AUDI;ACAGBF1-FM6B1002R8K607MG;A4 AVANT / 2.0 / TDI;Nemcija;DEU;osebni avtomobil;205;karavan;A4 AVANT 
100;1460;5.4;1;AUDI;SCBAAF1-FD62E018R8P607MG;A3 / 2.0 / TDI D-AUT.;Nemcija;DEU;osebni avtomobil;205;karavan;A3 
100;1580;5.4;1;BMW;UT31-5D;318 / TOURING / d AUT.;Nemcija;DEU;osebni avtomobil;210;karavan;318
100;1375;5.4;0;BMW;1A11-6H150000;116 / / i;Nemcija;DEU;osebni avtomobil;210;karavan;116
100;1375;5.4;0;BMW;1P51-6H350000;118 / / i;Nemcija;DEU;osebni avtomobil;210;karavan;118
100;1370;5.4;0;BMW;1D11-6H140000;116 / / i;Nemcija;DEU;osebni avtomobil;210;karavan;116
100;1365;5.4;0;BMW;1A11-6H100;116 / / i;Nemcija;DEU;osebni avtomobil;210;karavan;116
100;1456;5.4;1;CITROEN;LCRHRH;C4 / 2.0 / HDi 16V;Francija;FRA;osebni avtomobil;207;vozilo z dviûnimi vrati zadaj;C4 
100;1454;5.4;1;CITROEN;LARHRH;C4 / 2.0 / HDi 16V;Francija;FRA;osebni avtomobil;207;vozilo z dviûnimi vrati zadaj;C4 
100;1454;5.4;1;CITROEN;LARHRH;C 4  2.0;Francija;FRA;osebni avtomobil;207;vozilo z dviûnimi vrati zadaj;C 4  2.0
100;1454;5.4;1;CITROEN;LARHRH;C 4 / 2.0;Francija;FRA;osebni avtomobil;207;vozilo z dviûnimi vrati zadaj;C 4 
100;1765;5.4;1;FORD;WA6UKWA-1S7HEAQG;S-MAX / 2.0 / TDCi 100 M6;Nemcija;DEU;osebni avtomobil;194;vecnamensko vozilo;S-MAX 
100;1733;5.4;1;FORD;WA6UKWA-1M7HEAQG;GALAXY / 2.0 / TDCi 100 M6;Nemcija;DEU;osebni avtomobil;191;vecnamensko vozilo;GALAXY 
100;1692;5.4;1;HYUNDAI;NX4e-F5D21-D72A14;TUCSON / 1.6 / CRDI HP DCT 48V;Ceöka republika;CZE;osebni avtomobil;180;vecnamensko vozilo;TUCSON 
100;1681;5.4;1;HYUNDAI;F5D21-D72A14;TUCSON / 1.6 / CRDI HP DCT 48V;Ceöka republika;CZE;osebni avtomobil;180;vecnamensko vozilo;TUCSON 
100;1845;5.4;1;MERCEDES BENZ;J2S1M0-NLCCB5A0;E / 200 T / CDI AUT.;Nemcija;DEU;osebni avtomobil;203;karavan;E 
100;1720;5.4;1;MERCEDES BENZ;J0S1M0-KZAAA522;E / 200 / CDI;Nemcija;DEU;osebni avtomobil;210;limuzina;E 
100;1615;5.4;1;MERCEDES BENZ;H2S1M0-KLAAA513;C / 200 / CDI;Nemcija;DEU;osebni avtomobil;209;karavan;C 
100;1575;5.4;1;MERCEDES BENZ;H001M0-KZAAA503;C / 200 / CDI;Nemcija;DEU;osebni avtomobil;218;limuzina;C 
100;1525;5.4;1;MERCEDES BENZ;23S1P2-MZBA150B;CLA / 200 / d AUT.;Nemcija;DEU;osebni avtomobil;220;limuzina;CLA 
100;1505;5.4;1;MERCEDES BENZ;H006L0-JZAAA502;C / 200 / CDI FE;Nemcija;DEU;osebni avtomobil;220;limuzina;C 
100;1505;5.4;1;MERCEDES BENZ;M2S1P2-MZBA150B;B / 200 / d AUT.;Nemcija;DEU;osebni avtomobil;210;karavan;B 
100;1435;5.4;1;MERCEDES BENZ;Y20KK2-EZAAA500;B / 200 / CDI;Nemcija;DEU;osebni avtomobil;198;karavan;B 
100;1340;5.4;0;MINI;WJ31-DAW400L0;COOPER CABRIO / / AUT.;Nemcija;DEU;osebni avtomobil;205;kabriolet;COOPER CABRIO 
100;1529;5.4;1;OPEL;JMYXAXX-G63DD57T7DB;MOKKA / 1.6 / CDTI 4X4;Nemcija;DEU;osebni avtomobil;187;vecnamensko vozilo;MOKKA 
100;1503;5.4;1;OPEL;CA064CB12-BA1ZACJFK25;INSIGNIA GRAND SPORT / 1.6 / CDTI;Nemcija;DEU;osebni avtomobil;211;vozilo z dviûnimi vrati zadaj;INSIGNIA GRAND SPORT 
100;1487;5.4;1;OPEL;JMYXFXX-H63DC58T8DB;MOKKA / 1.6 / CDTI AUT.;Nemcija;DEU;osebni avtomobil;188;vecnamensko vozilo;MOKKA 
100;1438;5.4;1;PEUGEOT;3CRHRH;307 / 2.0 / HDI;Francija;FRA;osebni avtomobil;202;vozilo z dviûnimi vrati zadaj;307
100;1427;5.4;1;PEUGEOT;3CRHRH;307 / 2.0;Francija;FRA;osebni avtomobil;202;vozilo z dviûnimi vrati zadaj;307
100;1425;5.4;1;äKODA;ACAZVX01-FM6FM62Q009N;OCTAVIA / COMBI 2.0 / TDI;Ceöka republika;CZE;osebni avtomobil;205;karavan;OCTAVIA 
100;1569;5.4;1;VOLVO;FS31A0;S60 / 2.0 / TD AUT.;ävedska;SWE;osebni avtomobil;200;limuzina;S60 
100;1551;5.5;1;AUDI;8PLAZVF1-FM62Q008R8P60T40;A3 / 2.0 / TDI;Nemcija;DEU;osebni avtomobil;205;vozilo z dviûnimi vrati zadaj;A3 
100;1543;5.5;1;AUDI;LAZVF1-FM62Q008R8P61T4O;A3 / 2.0 / TDI;Nemcija;DEU;osebni avtomobil;205;vozilo z dviûnimi vrati zadaj;A3 
100;1535;5.5;1;AUDI;LCAGBF1-FM6B1003R8K60;A4 / 2.0 / TDI;Nemcija;DEU;osebni avtomobil;211;limuzina;A4 
100;1532;5.5;1;AUDI;8PLAZVF1-FM62Q008R8P600;A3 / 2.0 / TDI;Nemcija;DEU;osebni avtomobil;205;vozilo z dviûnimi vrati zadaj;A3 
100;1500;5.5;1;AUDI;LAZVF1-FM62Q008R8P60T2N;A3 / 2.0 / TDI;Nemcija;DEU;osebni avtomobil;205;vozilo z dviûnimi vrati zadaj;A3 
100;1475;5.5;1;AUDI;8P-AZV;A 3 / 2.0;Nemcija;DEU;osebni avtomobil;205;vozilo z dviûnimi vrati zadaj;A 3 
100;1640;5.5;1;BMW;VP71-5H0R0;X1 / xDrive 18 / d;Nemcija;DEU;osebni avtomobil;192;karavan;X1 
100;1365;5.5;0;BMW;1A11-H1;116 / / i;Nemcija;DEU;osebni avtomobil;210;karavan;116
100;1391;5.5;1;FORD;DA3G6DB1P-5NLBMZ;FOCUS / 2.0 / TDCi;Nemcija;DEU;osebni avtomobil;203;vozilo z dviûnimi vrati zadaj;FOCUS 
100;1383;5.5;1;FORD;DA3-G6DA15;FOCUS / 2.0;Nemcija;DEU;osebni avtomobil;203;vozilo z dviûnimi vrati zadaj;FOCUS 
100;1378;5.5;1;FORD;DA3G6DB1G-5NLBMZ;FOCUS / 2.0 / TDCi;Nemcija;DEU;osebni avtomobil;203;vozilo z dviûnimi vrati zadaj;FOCUS 
100;1308;5.5;1;FORD;DA3-G6DA15;FOCUS / 2.0 / TDCi;Nemcija;DEU;osebni avtomobil;203;vozilo z dviûnimi vrati zadaj;FOCUS 
100;1710;5.5;1;HYUNDAI;F5D24-M66AZ1;ix35 / 2.0 / CRDi LP 4WD;Ceöka republika;CZE;osebni avtomobil;181;vecnamensko vozilo;ix35 
100;1699;5.5;1;HYUNDAI;NX4e-F5D21-D72A14;TUCSON / 1.6 / CRDI HP DCT 48V;Ceöka republika;CZE;osebni avtomobil;180;vecnamensko vozilo;TUCSON 
100;1698;5.5;1;HYUNDAI;F5D21-D72A14;TUCSON / 1.6 / CRDI HP DCT 48V;Ceöka republika;CZE;osebni avtomobil;180;vecnamensko vozilo;TUCSON 
100;1685;5.5;1;HYUNDAI;F5D21-M62AZ1;ix35 / 2.0 / CRDi LP;Slovaöka;SVK;osebni avtomobil;182;vecnamensko vozilo;ix35 
100;1560;5.5;1;HYUNDAI;F5D24-D72AZ1;KONA / 1.6 / CRDi HP DCT 4WD;Koreja. republika;KOR;osebni avtomobil;186;vecnamensko vozilo;KONA 
100;1550;5.5;1;KIA;SLSF5D21-M62AZ1;SPORTAGE / 2.0 / TD;Slovaöka;SVK;osebni avtomobil;182;vecnamensko vozilo;SPORTAGE 
100;1845;5.5;1;MERCEDES BENZ;J2S1M0-NZAAA501;E / 200 T / CDI AUT.;Nemcija;DEU;osebni avtomobil;203;karavan;E 
100;1825;5.5;1;MERCEDES BENZ;J2S1M0-KZAAA501;E / 200 T / CDI;Nemcija;DEU;osebni avtomobil;205;karavan;E 
100;1825;5.5;1;MERCEDES BENZ;H7SFM0-KZBBA500;GLK / 200 CDI /;Nemcija;DEU;osebni avtomobil;192;karavan;GLK 
100;1735;5.5;1;MERCEDES BENZ;J001M0-TZAAA500;E / 200 / CDI AUT.;Nemcija;DEU;osebni avtomobil;207;limuzina;E 
100;1590;5.5;1;MERCEDES BENZ;H001M0-TZAAA500;C / 200 / CDI AUT.;Nemcija;DEU;osebni avtomobil;214;limuzina;C 
100;1540;5.5;1;MERCEDES BENZ;27S1P2-MZAA150B;GLA / 200 / d AUT.;Nemcija;DEU;osebni avtomobil;205;karavan;GLA 
100;1440;5.5;0;MINI;YS31-CH1500L0;COUNTRYMAN COOPER / /;Nemcija;DEU;osebni avtomobil;202;karavan;COUNTRYMAN COOPER 
100;1456;5.5;1;OPEL;DA064CB12-BA2BAPACA25;ASTRA / ST 1.6 / CDTI AUT.;Nemcija;DEU;osebni avtomobil;207;karavan;ASTRA 
100;1522;5.5;1;PEUGEOT;4CRHRH;308 / 2.0 / HDI;Francija;FRA;osebni avtomobil;206;vozilo z dviûnimi vrati zadaj;308
100;1496;5.5;1;PEUGEOT;4CRHRH;308 / 2.0 / HDI;Francija;FRA;osebni avtomobil;206;vecnamensko vozilo;308
100;1822;5.5;1;SEAT;CFFAX0AF-FM6FM6BB0027MG7VR2SE;ALHAMBRA / 2.0 / TDI;äpanija;ESP;osebni avtomobil;192;vecnamensko vozilo;ALHAMBRA 
100;1774;5.5;1;SEAT;CFFAX0AC-FM6FM6BB0027MQ5VR2SE;ALHAMBRA / 2.0 / TDI;äpanija;ESP;osebni avtomobil;192;karavan;ALHAMBRA 
100;1822;5.5;1;VOLKSWAGEN;CFFAX0AF-FM6FM6BB0027MJ7VR2VWO;SHARAN / 2.0 / TDI;Nemcija;DEU;osebni avtomobil;192;vecnamensko vozilo;SHARAN 
100;1774;5.5;1;VOLKSWAGEN;CFFAX0AC-FM6FM6BJ0027MG5VR2;SHARAN / 2.0 / TDI;Nemcija;DEU;osebni avtomobil;192;karavan;SHARAN 
100;1395;5.6;0;BMW;1A11-6A150000;116 / / i AUT.;Nemcija;DEU;osebni avtomobil;210;karavan;116
100;1375;5.6;0;BMW;1A11-6H250000;116 / / i;Nemcija;DEU;osebni avtomobil;210;karavan;116
100;1733;5.6;1;FORD;WA6UKWA-1M7CEAQG;GALAXY / 2.0 / TDCi 100 M6;Nemcija;DEU;osebni avtomobil;191;vecnamensko vozilo;GALAXY 
100;1491;5.6;1;FORD;DM2G6DA1-5DCBNM;FOCUS C-MAX / 2.0 / TDCI;Nemcija;DEU;osebni avtomobil;200;vecnamensko vozilo;FOCUS C-MAX 
100;1438;5.6;1;FORD;DA3G6DB1S-5NLBN4;FOCUS / 2.0 / TDCi;Nemcija;DEU;osebni avtomobil;203;karavan;FOCUS 
100;1429;5.6;1;FORD;DA3-G6DA1W;FOCUS / 2.0 / TDCi;Nemcija;DEU;osebni avtomobil;203;karavan;FOCUS 
100;1383;5.6;1;FORD;DA3G6DD15-5LCBMP;FOCUS / 2.0 / TDCi;Nemcija;DEU;osebni avtomobil;203;vozilo z dviûnimi vrati zadaj;FOCUS 
100;1680;5.6;1;HYUNDAI;C5D11-A62AZ1;i40 / 1.7 / CRDi AUT.;Koreja. republika;KOR;osebni avtomobil;190;karavan;i40 
100;1608;5.6;1;HYUNDAI;A5D11-A62AZ1;i40 / 1.7 / CRDi AUT.;Koreja. republika;KOR;osebni avtomobil;197;limuzina;i40 
100;1485;5.6;1;MAZDA;GG12R2;6 / 2.0 / CD;Japonska ;JPN;osebni avtomobil;200;limuzina;6
100;1735;5.6;1;MERCEDES BENZ;J001M0-TZAAA500;E / 200 / CDI AUT.;Nemcija;DEU;osebni avtomobil;207;limuzina;E 
100;1635;5.6;1;MERCEDES BENZ;H201M0-KZAAA502;C / 200 T / CDI;Nemcija;DEU;osebni avtomobil;209;karavan;C 
100;1555;5.6;1;MERCEDES BENZ;22S1P2-MZBA150B;CLA / 200 / d AUT.;Nemcija;DEU;osebni avtomobil;215;karavan;CLA 
100;1505;5.6;1;MERCEDES BENZ;M2S1P2-MZBA150B;B / 200 / d AUT.;Nemcija;DEU;osebni avtomobil;210;karavan;B 
100;1440;5.6;0;MERCEDES BENZ;32H9T2-FZAA150A;CLA / 180 / AUT.;Nemcija;DEU;osebni avtomobil;215;karavan;CLA 
100;1435;5.6;1;MERCEDES BENZ;Y20KK2-EZAAA501;B / 200 / CDI;Nemcija;DEU;osebni avtomobil;198;karavan;B 
100;1350;5.6;0;MERCEDES BENZ;X2H9T2-KZAA151A;A / 180 /;Nemcija;DEU;osebni avtomobil;215;karavan;A 
100;1567;5.6;1;OPEL;DA064CB12-BA1ZACJFK25;INSIGNIA SPORTS TOURER / 1.6 / CDTI;Nemcija;DEU;osebni avtomobil;208;karavan;INSIGNIA SPORTS TOURER 
100;1474;5.6;1;OPEL;JMYXFXX-F63DD56T6DB;MOKKA / 1.6 / CDTI;Nemcija;DEU;osebni avtomobil;190;vecnamensko vozilo;MOKKA 
100;1575;5.6;1;PEUGEOT;3HRHRH;307 / MONOSPACE 2.0 / HDI;Francija;FRA;osebni avtomobil;197;vecnamensko vozilo;307
100;1575;5.6;1;PEUGEOT;3HRHRH;307 / MONOSPACE 2.0;Francija;FRA;osebni avtomobil;197;karavan;307
100;1494;5.6;1;PEUGEOT;3ERHRH;307 / BREAK 2.0 / HDI;Francija;FRA;osebni avtomobil;198;karavan;307
100;1390;5.6;1;SEAT;1PAFAZVX01-SGFM62Q0040GG;LEON / 2.0 / TDI;äpanija;ESP;osebni avtomobil;199;vozilo z dviûnimi vrati zadaj;LEON 
100;1822;5.6;1;VOLKSWAGEN;CFFAX0AF-FM6FM6BJ0027MG7VR2VW;SHARAN / 2.0 / TDI;Nemcija;DEU;osebni avtomobil;192;vecnamensko vozilo;SHARAN 
100;1564;5.6;1;VOLKSWAGEN;3BG SEAVBX01;PASSAT / VAR. 2.0 / TDI;Nemcija;DEU;osebni avtomobil;205;karavan;PASSAT 
100;1489;5.6;1;VOLKSWAGEN;3BG-BGW;PASSAT / VARIANT 2.0;Nemcija;DEU;osebni avtomobil;201;karavan;PASSAT 
100;1479;5.6;1;VOLVO;MW7531;V50 / 2.0 / TD 6p;ävedska;SWE;osebni avtomobil;210;karavan;V50 
100;1462;5.6;1;VOLVO;MS75-31;S 40 / 2.0;ävedska;SWE;osebni avtomobil;210;limuzina;S 40 
100;1462;5.6;1;VOLVO;MS7531;S40 / 2.0 / D;ävedska;SWE;osebni avtomobil;210;limuzina;S40 
100;1450;5.6;1;VOLVO;MS75-31;S40 / 2.0 / D;ävedska;SWE;osebni avtomobil;210;limuzina;S40 
100;1375;5.6;1;VOLVO;MS7531;S40 / 2.0 / D 6p;ävedska;SWE;osebni avtomobil;210;limuzina;S40 
100;1375;5.6;1;VOLVO;MS7531;S 40 / 2.0;ävedska;SWE;osebni avtomobil;210;limuzina;S 40 
100;1755;5.7;1;AUDI;XCJCBF1-FM6B1006R8R737MGEM1;Q5 / 2.0 / TDI;Nemcija;DEU;osebni avtomobil;189;karavan;Q5 
100;1595;5.7;1;AUDI;ACAGBF1-FM6B1003R8K60;A4 AVANT / 2.0 / TDI;Nemcija;DEU;osebni avtomobil;205;karavan;A4 AVANT 
100;1505;5.7;1;AUDI;LBRFF1-FM6XA0R8E500GG;A4 / 2.0 / TDI;Nemcija;DEU;osebni avtomobil;211;limuzina;A4 
100;1615;5.7;1;BMW;VP11-5H;X1 / xDrive 18 / d;Nemcija;DEU;osebni avtomobil;192;karavan;X1 
100;1565;5.7;1;BMW;5/D;520;Nemcija;DEU;osebni avtomobil;206;limuzina;520
100;1560;5.7;1;BMW;346L;320;Nemcija;DEU;osebni avtomobil;207;karavan;320
100;1450;5.7;1;BMW;346L;320;Nemcija;DEU;osebni avtomobil;207;limuzina;320
100;1375;5.7;1;BMW;346L AL71 01;320 // d;Nemcija;DEU;osebni avtomobil;207;limuzina;320
100;1365;5.7;0;BMW;1A11-5H200;116 / / I;Nemcija;DEU;osebni avtomobil;210;karavan;116
100;1360;5.7;0;BMW;1D11-5H205;116 / / i;Nemcija;DEU;osebni avtomobil;210;karavan;116
100;1733;5.7;1;FORD;WA6UKWA-1M7CEAQG;GALAXY / 2.0 / TDCi 100 DPF M6;Nemcija;DEU;osebni avtomobil;191;vecnamensko vozilo;GALAXY 
100;1690;5.7;1;FORD;WA6UKWA-1S7CEAQG;S-MAX / 2.0 / TDCi 100 DPF M6;Nemcija;DEU;osebni avtomobil;194;vecnamensko vozilo;S-MAX 
100;1491;5.7;1;FORD;DM2-G6DB1E5NLBN2;C-MAX / 2.0 / TDCI;Nemcija;DEU;osebni avtomobil;200;vecnamensko vozilo;C-MAX 
100;1438;5.7;1;FORD;DA3-G6DB1W5NLBNY;FOCUS / 2.0 / TDCi;Nemcija;DEU;osebni avtomobil;203;karavan;FOCUS 
100;1429;5.7;1;FORD;DA3-G6DD1W;FOCUS / 2.0 / TDCi;Nemcija;DEU;osebni avtomobil;203;karavan;FOCUS 
100;1754;5.7;1;HYUNDAI;F5D24-M63AZ1;ix35 / 2.0 / CRDi LP 4WD;Slovaöka;SVK;osebni avtomobil;181;vecnamensko vozilo;ix35 
100;1754;5.7;1;HYUNDAI;F5D24-M66BZ1;ix35 / 2.0 / CRDi LP 4WD;Ceöka republika;CZE;osebni avtomobil;181;vecnamensko vozilo;ix35 
100;1666;5.7;1;HYUNDAI;F5D21-M651Z1;TUCSON / 1.6 / CRDi;Ceöka republika;CZE;osebni avtomobil;180;vecnamensko vozilo;TUCSON 
100;1698;5.7;1;KIA;QLEF5D64-D731Z1;SPORTAGE / 1.6 / TD / MHEV / AWD / AUT.;Slovaöka;SVK;osebni avtomobil;180;vecnamensko vozilo;SPORTAGE 
100;1677;5.7;1;KIA;SLSF5D24-M62AZ1;SPORTAGE / 2.0 / TD;Slovaöka;SVK;osebni avtomobil;181;vecnamensko vozilo;SPORTAGE 
100;1605;5.7;1;KIA;QLEF5D21-D731Z1;SPORTAGE / 1.6 / TD / AUT.;Slovaöka;SVK;osebni avtomobil;180;vecnamensko vozilo;SPORTAGE 
100;1735;5.7;1;MERCEDES BENZ;J001M0-TZAAA501;E / 200 / CDI AUT.;Nemcija;DEU;osebni avtomobil;207;limuzina;E 
100;1575;5.7;1;MERCEDES BENZ;M2S1P1-MZBA150A;B / 200 / d 4-MATIC AUT.;Nemcija;DEU;osebni avtomobil;207;karavan;B 
100;1560;5.7;1;MERCEDES BENZ;H00LK0-KZAAA500;C / 200 / CDI;Nemcija;DEU;osebni avtomobil;229;limuzina;C 
100;1560;5.7;1;MERCEDES BENZ;H00LL0-KZAAA500;C / 200 / CDI;Nemcija;DEU;osebni avtomobil;215;limuzina;C 
100;1555;5.7;1;MERCEDES BENZ;22S1P2-MZBA150B;CLA / 200 / d AUT.;Nemcija;DEU;osebni avtomobil;215;karavan;CLA 
100;1465;5.7;0;MINI;YS31-CA3500L0;COUNTRYMAN COOPER / / AUT.;Nemcija;DEU;osebni avtomobil;200;karavan;COUNTRYMAN COOPER 
100;1456;5.7;1;OPEL;DA064CB12-BK2BAPACA15;ASTRA / ST 1.6 / CDTI AUT.;Nemcija;DEU;osebni avtomobil;207;karavan;ASTRA 
100;1615;5.7;1;PEUGEOT;8ERHDA;508 / BREAK 2.0 / HDI AUT.;Francija;FRA;osebni avtomobil;223;karavan;508
100;1851;5.7;1;VOLKSWAGEN;CFFAX0AF-FD6FD62E0117MQ7VR2VWO;SHARAN / 2.0 / TDI AUT.;Nemcija;DEU;osebni avtomobil;189;vecnamensko vozilo;SHARAN 
100;1803;5.7;1;VOLKSWAGEN;CFFAX0AC-FD6FD62E0117MQ5VR2VWO;SHARAN / 2.0 / TDI AUT.;Nemcija;DEU;osebni avtomobil;189;karavan;SHARAN 
100;1573;5.7;1;VOLKSWAGEN;ACCBAAX0-FM6FM62Q009ST7MGSVR0;PASSAT / VARIANT 2.0 / TDI;Nemcija;DEU;osebni avtomobil;204;karavan;PASSAT 
100;1729;5.7;1;VOLVO;FW31A0;V60 / 2.0 / TD AUT.;ävedska;SWE;osebni avtomobil;200;karavan;V60 
100;1587;5.7;1;VOLVO;AS7541;S80 / 2.0 / TD;ävedska;SWE;osebni avtomobil;200;limuzina;S80 
100;1484;5.7;1;VOLVO;MW7531;V / 50 / 2.0 / D;ävedska;SWE;osebni avtomobil;210;karavan;V 
100;1484;5.7;1;VOLVO;MW75-31;V50 / 2.0 / TD 6P;ävedska;SWE;osebni avtomobil;210;karavan;V50 
100;1479;5.7;1;VOLVO;MW7551;V50 / 2.0 / TD 6p;ävedska;SWE;osebni avtomobil;210;karavan;V50 
100;1470;5.7;1;VOLVO;MW75-31;V50 / 2.0 / TD;ävedska;SWE;osebni avtomobil;210;karavan;V50 
100;1470;5.7;1;VOLVO;M;V / 50 / 2.0  D;ävedska;SWE;osebni avtomobil;210;karavan;V 
100;1470;5.7;1;VOLVO;MW75-31;V 50 / 2.0;ävedska;SWE;osebni avtomobil;210;karavan;V 50 
100;1465;5.7;1;VOLVO;MS75-51;S40 / 2.0 / TD;ävedska;SWE;osebni avtomobil;210;limuzina;S40 
100;1423;5.7;1;VOLVO;MK7541;C30 / 2.0 / TD 6p;ävedska;SWE;osebni avtomobil;205;kupe;C30 
100;1421;5.7;1;VOLVO;MK7541;C30 / 2.0 / TD 6p;ävedska;SWE;osebni avtomobil;210;kupe;C30 
100;1409;5.7;1;VOLVO;MW-7531;V50 / 2.0 / D;ävedska;SWE;osebni avtomobil;210;karavan;V50 
100;1404;5.7;1;VOLVO;MW-7541;V50 / 2.0 / D;ävedska;SWE;osebni avtomobil;210;karavan;V50 
100;1404;5.7;1;VOLVO;MW7531;V 50 / 2.0 / D;ävedska;SWE;osebni avtomobil;205;karavan;V 50 
100;1398;5.7;1;VOLVO;MW7541;V50 / 2.0 / TD 6P;ävedska;SWE;osebni avtomobil;210;karavan;V50 
100;1395;5.7;1;VOLVO;MW7531;V / 50 / 2.0  D;ävedska;SWE;osebni avtomobil;210;karavan;V 
100;1665;5.8;1;AUDI;LCAGBF1-FAV1J004R4F60S57MG;A6 / 2.0 / TDI V-AUT.;Nemcija;DEU;osebni avtomobil;204;limuzina;A6 
100;1565;5.8;1;AUDI;ABRFF1-FM6XA0R8E500GG;A4 / AVANT 2.0 / TDI;Nemcija;DEU;osebni avtomobil;206;karavan;A4 
100;1562;5.8;1;AUDI;8ELBNAF1-FM6XA0R8E500GG0;A4 / 2.0 / TDI;Nemcija;DEU;osebni avtomobil;211;limuzina;A4 
100;1480;5.8;0;BMW;3A11-6A150000;316 / / i AUT.;Nemcija;DEU;osebni avtomobil;210;limuzina;316
100;1460;5.8;0;BMW;3A11-6H150000;316 / / i;Nemcija;DEU;osebni avtomobil;210;limuzina;316
100;1395;5.8;0;BMW;7K31-IAW500LT;118 / / i AUT.;Nemcija;DEU;osebni avtomobil;213;vozilo z dviûnimi vrati zadaj;118
100;1395;5.8;0;BMW;1R51-DAW50000;118 / / i AUT.;Nemcija;DEU;osebni avtomobil;210;karavan;118
100;1730;5.8;1;CITROEN;RWRHR8;C5 III / TOURER 2.0 / HDi 16V;Francija;FRA;osebni avtomobil;200;karavan;C5 III 
100;1695;5.8;1;CITROEN;UARHJH/1P;C4 PICASSO / 2.0 / HDI AUT.;Francija;FRA;osebni avtomobil;195;vecnamensko vozilo;C4 PICASSO 
100;1656;5.8;1;CITROEN;UDRHJH/1P;C4 PICASSO / 2.0 / HDI AUT.;Francija;FRA;osebni avtomobil;195;vecnamensko vozilo;C4 PICASSO 
100;1491;5.8;1;FORD;DM2-G6DB;FOCUS C-MAX / 2.0 / TDCI;Nemcija;DEU;osebni avtomobil;200;vecnamensko vozilo;FOCUS C-MAX 
100;1491;5.8;1;FORD;DM2-G6DB;C-MAX / 2.0 / TDCI;Nemcija;DEU;osebni avtomobil;200;vecnamensko vozilo;C-MAX 
100;1491;5.8;1;FORD;DM2G6DD1-5DCBNM;FOCUS C-MAX / 2.0 / TDCI;Nemcija;DEU;osebni avtomobil;200;vozilo z dviûnimi vrati zadaj;FOCUS C-MAX 
100;1451;5.8;1;FORD;DA3G6DG1S-5QNBN4;FOCUS / 2.0 / TDCi AUT;Nemcija;DEU;osebni avtomobil;200;karavan;FOCUS 
100;1436;5.8;1;FORD;DA3G6DG1P-5QNBNZ;FOCUS / 2.0 / TDCi AUT;Nemcija;DEU;osebni avtomobil;200;vozilo z dviûnimi vrati zadaj;FOCUS 
100;1754;5.8;1;HYUNDAI;F5D24-M63BZ1;ix35 / 2.0 / CRDi LP 4WD;Slovaöka;SVK;osebni avtomobil;181;vecnamensko vozilo;ix35 
100;1663;5.8;1;HYUNDAI;F5D21-D731Z1;TUCSON / 1.6 / CRDi DCT;Ceöka republika;CZE;osebni avtomobil;180;vecnamensko vozilo;TUCSON 
100;1576;5.8;1;HYUNDAI;F5D24-D72AZ1;KONA / 1.6 / CRDi HP DCT 4WD;Koreja. republika;KOR;osebni avtomobil;186;vecnamensko vozilo;KONA 
100;1605;5.8;1;KIA;QLEF5D21-D731Z1;SPORTAGE / 1.6 / TD / AUT.;Slovaöka;SVK;osebni avtomobil;180;vecnamensko vozilo;SPORTAGE 
100;1579;5.8;1;KIA;QLEF5D21-M651Z1;SPORTAGE / 1.6 / TD;Slovaöka;SVK;osebni avtomobil;180;vecnamensko vozilo;SPORTAGE 
100;1825;5.8;1;MERCEDES BENZ;J201M0-KZAAA500;E / 200 T / CDI;Nemcija;DEU;osebni avtomobil;205;karavan;E 
100;1650;5.8;1;MERCEDES BENZ;H201M0-TZAAA500;C / 200 T / CDI AUT.;Nemcija;DEU;osebni avtomobil;207;karavan;C 
100;1595;5.8;1;MERCEDES BENZ;27S1P1-MZAA150A;GLA / 200 / 4-MATIC AUT.;Nemcija;DEU;osebni avtomobil;200;karavan;GLA 
100;1350;5.8;0;MERCEDES BENZ;X2H9T2-KZAA150A;A / 180 /;Nemcija;DEU;osebni avtomobil;215;karavan;A 
100;1205;5.8;0;MINI;XR31-DHW400L0;COOPER / /;Nemcija;DEU;osebni avtomobil;210;vozilo z dviûnimi vrati zadaj;COOPER 
100;1474;5.8;1;OPEL;JMYXFXX-F63DD56T6CB;MOKKA / 1.6 / CDTI;Nemcija;DEU;osebni avtomobil;190;vecnamensko vozilo;MOKKA 
100;1520;5.8;1;TOYOTA;AUR-10L;COROLLA / VERSO / 2.2 D4D;Turcija;TUR;osebni avtomobil;195;karavan;COROLLA 
100;1534;5.8;1;VOLKSWAGEN;AABMAX0-FM6FM62Q009ST0GGS;PASSAT / 2.0 / TDI;Nemcija;DEU;osebni avtomobil;207;limuzina;PASSAT 
100;1501;5.8;1;VOLKSWAGEN;AFAZVX0-FM6FM62Q004O0GG;GOLF PLUS / 2.0 / TDI;Nemcija;DEU;osebni avtomobil;200;vecnamensko vozilo;GOLF PLUS 
100;1480;5.8;1;VOLVO;MW75-51;V50 / 2.0 / TD;ävedska;SWE;osebni avtomobil;210;karavan;V50 
100;1479;5.8;1;VOLVO;MW7551;V50 / 2.0 / TD 6p;ävedska;SWE;osebni avtomobil;210;karavan;V50 
100;1479;5.8;1;VOLVO;MW7541;V / 50;ävedska;SWE;osebni avtomobil;210;limuzina;V 
100;1473;5.8;1;VOLVO;MW7551;V50 / 2.0 / TD 6p;ävedska;SWE;osebni avtomobil;205;karavan;V50 
100;1473;5.8;1;VOLVO;MW77551;V 50 / 2.0 / D;ävedska;SWE;osebni avtomobil;205;karavan;V 50 
100;1472;5.8;1;VOLVO;MW7541;V50 / 2.0 / TD 6p;ävedska;SWE;osebni avtomobil;205;karavan;V50 
100;1468;5.8;1;VOLVO;MW7551;V50 / 2.0 / TD 6p;ävedska;SWE;osebni avtomobil;205;vecnamensko vozilo;V50 
100;1463;5.8;1;VOLVO;MS7541;S40 / 2.0 / TD 6p;ävedska;SWE;osebni avtomobil;210;limuzina;S40 
100;1459;5.8;1;VOLVO;MS7551;S40 / 2.0 / TD 6p;ävedska;SWE;osebni avtomobil;205;limuzina;S40 
100;1458;5.8;1;VOLVO;MS7541;S40 / 2.0 / TD 6p;ävedska;SWE;osebni avtomobil;205;limuzina;S40 
100;1398;5.8;1;VOLVO;MW7541;V50 / 2.0 / TD 6P;ävedska;SWE;osebni avtomobil;210;karavan;V50 
100;1375;5.8;1;VOLVO;MS7541;S40 / 2.0 / TD;ävedska;SWE;osebni avtomobil;210;limuzina;S40 
100;1720;5.9;1;AUDI;ACAGBF1-FAV1J004R4F60S57MG;A6 / AVANT 2.0 / TDI V-AUT.;Nemcija;DEU;osebni avtomobil;200;karavan;A6 
100;1630;5.9;1;AUDI;ACAGBF1-FAVW0010R8K607MGEM0;A4 AVANT / 2.0 / TDI V-AUT.;Nemcija;DEU;osebni avtomobil;196;karavan;A4 AVANT 
100;1565;5.9;1;BMW;5D-DM71-01;520 / D;Nemcija;DEU;osebni avtomobil;206;limuzina;520
100;1545;5.9;0;BMW;3G11-6A150000;316 / TOURING / i AUT.;Nemcija;DEU;osebni avtomobil;210;karavan;316
100;1535;5.9;1;BMW;AX71-01;320 / TOURING / d;Nemcija;DEU;osebni avtomobil;207;karavan;320
100;1460;5.9;0;BMW;3A11-6H250000;316 / / i;Nemcija;DEU;osebni avtomobil;210;limuzina;316
100;1460;5.9;1;BMW;346L;320 / D;Nemcija;DEU;osebni avtomobil;207;karavan;320
100;1450;5.9;0;BMW;11AK-IAW5000S;218 / GRAN COUPE / i AUT.;Nemcija;DEU;osebni avtomobil;215;limuzina;218
100;1845;5.9;1;CITROEN;EBRHD8;C8 / 2.0 / HDI;Francija;FRA;osebni avtomobil;194;vecnamensko vozilo;C8 
100;1695;5.9;1;CITROEN;UARHJH/1P;C4 PICASSO / 2.0 / HDI AUT.;Francija;FRA;osebni avtomobil;195;vecnamensko vozilo;C4 PICASSO 
100;1695;5.9;1;CITROEN;UARHJH/1P;C4 PICASSO / 2.0 / HDI AUT.;Francija;FRA;osebni avtomobil;195;vozilo za posebne namene;C4 PICASSO 
100;1656;5.9;1;CITROEN;UDRHJH/1P;C4 PICASSO / 2.0 / HDI AUT.;Francija;FRA;osebni avtomobil;195;vecnamensko vozilo;C4 PICASSO 
100;1643;5.9;1;CITROEN;UERHJH/N5;C4 PICASSO / 2.0 / HDI AUT.;Francija;FRA;osebni avtomobil;195;vecnamensko vozilo;C4 PICASSO 
100;1523;5.9;1;FORD;DM2-G6DG1E5QN;C-MAX / 2.0 / TDCI AUT;Nemcija;DEU;osebni avtomobil;197;vecnamensko vozilo;C-MAX 
100;1758;5.9;1;HYUNDAI;NX4e-F5D24-D72A14;TUCSON / 1.6 / CRDI HP DCT 4WD 48V;Ceöka republika;CZE;osebni avtomobil;180;vecnamensko vozilo;TUCSON 
100;1757;5.9;1;HYUNDAI;F5D24-D72A14;TUCSON / 1.6 / CRDI HP DCT 4WD 48V;Ceöka republika;CZE;osebni avtomobil;180;vecnamensko vozilo;TUCSON 
100;1775;5.9;1;KIA;QLEF5D24-A64ZZ1;SPORTAGE / 2.0 / TD AUT. AWD;Slovaöka;SVK;osebni avtomobil;184;vecnamensko vozilo;SPORTAGE 
100;1690;5.9;1;KIA;QLEF5D24-A64ZZ1;SPORTAGE / 2.0 / TD AWD AUT.;Slovaöka;SVK;osebni avtomobil;184;vecnamensko vozilo;SPORTAGE 
100;1605;5.9;1;MERCEDES BENZ;H20LK0-JZAAA500;C / 200 T / CDI;Nemcija;DEU;osebni avtomobil;208;karavan;C 
100;1595;5.9;1;MERCEDES BENZ;27S1P1-MZAA150A;GLA / 200 / 4-MATIC AUT.;Nemcija;DEU;osebni avtomobil;200;karavan;GLA 
100;1590;5.9;1;MERCEDES BENZ;H001M0-TZAAA503;C / 200 / CDI AUT.;Nemcija;DEU;osebni avtomobil;214;limuzina;C 
100;1560;5.9;1;MERCEDES BENZ;H00LL0-KZAAA501;C / 200 / CDI;Nemcija;DEU;osebni avtomobil;229;limuzina;C 
100;1560;5.9;1;MERCEDES BENZ;H00LL0-JZAAA501;C / 200 / CDI;Nemcija;DEU;osebni avtomobil;215;limuzina;C 
100;1410;5.9;0;MERCEDES BENZ;33H9T2-KZAA150B;CLA / 180 /;Nemcija;DEU;osebni avtomobil;216;limuzina;CLA 
100;1375;5.9;0;MERCEDES BENZ;X0H9T2-FZAA151A;A / 180 / AUT.;Nemcija;DEU;osebni avtomobil;216;limuzina;A 
100;1360;5.9;0;MERCEDES BENZ;X0H9T2-KZAA151B;A / 180 /;Nemcija;DEU;osebni avtomobil;216;limuzina;A 
100;1230;5.9;0;MINI;XR31-DAW400L0;COOPER / / AUT.;Nemcija;DEU;osebni avtomobil;210;vozilo z dviûnimi vrati zadaj;COOPER 
100;1701;5.9;1;OPEL;EA064CB12-BH2PAHJUM27;ZAFIRA / TOURER 1.6 / CDTI;Nemcija;DEU;osebni avtomobil;195;vecnamensko vozilo;ZAFIRA 
100;1896;5.9;1;PEUGEOT;EBRHD8;807 / 2.0 / HDI;Francija;FRA;osebni avtomobil;194;vecnamensko vozilo;807
100;1650;5.9;1;PEUGEOT;6JRHRH;407 / COUPE 2.0 / HDI;Francija;FRA;osebni avtomobil;207;kupe;407
100;1650;5.9;1;PEUGEOT;4HRHRH;308 / MONOSPACE 2.0 / HDI;Francija;FRA;osebni avtomobil;201;vecnamensko vozilo;308
100;1580;5.9;1;PEUGEOT;6DRHRH;407 / 2.0;Francija;FRA;osebni avtomobil;208;limuzina;407
100;1580;5.9;1;PEUGEOT;6DRHRH;PEUGEOT / 407 / 2.0 / HDI;Francija;FRA;osebni avtomobil;208;limuzina;PEUGEOT 
100;1590;5.9;1;VOLKSWAGEN;ACBMAX0-FM6FM62Q009ST0GG;PASSAT / VARIANT 2.0 / TDI;Nemcija;DEU;osebni avtomobil;204;karavan;PASSAT 
100;1664;5.9;1;VOLVO;BW7541;V70 / 2.0 / TD;ävedska;SWE;osebni avtomobil;200;karavan;V70 
100;1660;6.1;1;ALFA ROMEO;939BXF1B-15;159 / SW 1.9 / M-JET;Italija;ITA;osebni avtomobil;203;karavan;159
100;1632;6.1;1;AUDI;ABRFF1-FM6XA0R8E500GGP;A4 / AVANT 2.0 / TDI;Nemcija;DEU;osebni avtomobil;206;karavan;A4 
100;1617;6.1;1;AUDI;8EABRFF1-FM6XA0R8E500GGP;A4 / AVANT 2.0 / TDI;Nemcija;DEU;osebni avtomobil;206;karavan;A4 
100;1615;6.1;1;AUDI;LBRFF1-FM6XG0R4F600GG;A6 / 2.0 / TDI;Nemcija;DEU;osebni avtomobil;206;limuzina;A6 
100;1670;6.1;1;BMW;5DDR71-01;520;Nemcija;DEU;osebni avtomobil;204;karavan;520
100;1475;6.1;0;BMW;6S11-IAW500LT;218 / ACTIVE TOURER / i AUT.;Nemcija;DEU;osebni avtomobil;205;karavan;218
100;1445;6.1;0;BMW;6S11-IHW500LT;218 / ACTIVE TOURER / i;Nemcija;DEU;osebni avtomobil;205;karavan;218
100;1730;6.1;1;CITROEN;RWRHRH;C5 III / TOURER 2.0 / HDI 16V;Francija;FRA;osebni avtomobil;200;karavan;C5 III 
100;1695;6.1;1;CITROEN;UARHJH/P;C4 PICASSO / 2.0 / HDI AUT.;Francija;FRA;osebni avtomobil;195;vecnamensko vozilo;C4 PICASSO 
100;1656;6.1;1;CITROEN;UDRHJH/P;C4 PICASSO / 2.0 / HDI AUT.;Francija;FRA;osebni avtomobil;195;vecnamensko vozilo;C4 PICASSO 
100;1573;6.1;1;FORD;DM2-G6DG1R5NM;KUGA / 2.0 / TDCI;Nemcija;DEU;osebni avtomobil;182;vecnamensko vozilo;KUGA 
100;1738;6.1;1;HYUNDAI;F-KY;SONATA / 2.0 / CRDi LP;Koreja. republika;KOR;osebni avtomobil;203;limuzina;SONATA 
100;1712;6.1;1;HYUNDAI;F5D21-M651Z1;TUCSON / 1.6 / CRDi;Ceöka republika;CZE;osebni avtomobil;180;vecnamensko vozilo;TUCSON 
100;1711;6.1;1;HYUNDAI;F5D21-D731Z1;TUCSON / 1.6 / CRDi DCT;Ceöka republika;CZE;osebni avtomobil;180;vecnamensko vozilo;TUCSON 
100;1677;6.1;1;JEEP;JACFJ-C5LD1A;COMPASS / 2.2 / CRD;Zdruûene drûave;USA;osebni avtomobil;180;vecnamensko vozilo;COMPASS 
100;1605;6.1;1;KIA;QLEF5D21-D731Z1;SPORTAGE / 1.6 / TD / AUT.;Slovaöka;SVK;osebni avtomobil;180;vecnamensko vozilo;SPORTAGE 
100;1845;6.1;1;MERCEDES BENZ;J201M0-TZAAA500;E / 200 T / CDI AUT.;Nemcija;DEU;osebni avtomobil;203;karavan;E 
100;1650;6.1;1;MERCEDES BENZ;H201M0-TZAAA502;C / 200 T / CDI AUT.;Nemcija;DEU;osebni avtomobil;207;karavan;C 
100;1615;6.1;1;MERCEDES BENZ;U00LL0-KZAAA500;E / 200 / CDI;Nemcija;DEU;osebni avtomobil;214;limuzina;E 
100;1610;6.1;1;MERCEDES BENZ;U00EF0-KFAAA501;E / 220 / CDI;Nemcija;DEU;osebni avtomobil;210;limuzina;E 
100;1605;6.1;1;MERCEDES BENZ;H20LL0-KZAAA501;C / 200 T / CDI;Nemcija;DEU;osebni avtomobil;208;karavan;C 
100;1560;6.1;1;MERCEDES BENZ;H00LK0-KZAAA502;C / 200 / CDI;Nemcija;DEU;osebni avtomobil;229;limuzina;C 
100;1560;6.1;1;MERCEDES BENZ;H00LL0-KZAAA502;C / 200 / CDI;Nemcija;DEU;osebni avtomobil;215;limuzina;C 
100;1520;6.1;1;MERCEDES BENZ;203R00EF0-KDAAA502;C / 220 / CDI;Nemcija;DEU;osebni avtomobil;217;limuzina;C 
100;1410;6.1;0;MERCEDES BENZ;33H9T2-FZAA150A;CLA / 180 / AUT.;Nemcija;DEU;osebni avtomobil;216;limuzina;CLA 
100;1405;6.1;0;MERCEDES BENZ;O0H9T2-FZAA150A;B / 180 / AUT.;Nemcija;DEU;osebni avtomobil;212;karavan;B 
100;1385;6.1;0;MERCEDES BENZ;O0H9T2-KZAA150B;B / 180 /;Nemcija;DEU;osebni avtomobil;212;karavan;B 
100;1345;6.1;1;MERCEDES BENZ;H00LK0-TZAAA502;C / 200 / CDI;Nemcija;DEU;osebni avtomobil;229;limuzina;C 
100;1210;6.1;0;MINI;XR31-DHW400L0;COOPER / /;Nemcija;DEU;osebni avtomobil;210;vozilo z dviûnimi vrati zadaj;COOPER 
100;1582;6.1;1;OPEL;DA064CB12-BA1ZADACE25;INSIGNIA SPORTS TOURER / 1.6 / CDTI AUT.;Nemcija;DEU;osebni avtomobil;202;karavan;INSIGNIA SPORTS TOURER 
100;1529;6.1;1;OPEL;JMYXAXX-G63DD57T7DB;MOKKA / 1.6 / CDTI 4X4;Nemcija;DEU;osebni avtomobil;187;vecnamensko vozilo;MOKKA 
100;1487;6.1;1;OPEL;JMYXFXX-H63DC58T8DB;MOKKA / 1.6 / CDTI AUT.;Nemcija;DEU;osebni avtomobil;188;vecnamensko vozilo;MOKKA 
100;1665;6.1;1;PEUGEOT;9URHR-H;607 / 2.0 / HDI;Francija;FRA;osebni avtomobil;207;limuzina;607
100;1675;6.1;1;VOLKSWAGEN;AZVAF1X0-FM6FM62Q004Q0GG;TOURAN / 2.0 / TDI;Nemcija;DEU;osebni avtomobil;198;vecnamensko vozilo;TOURAN 
100;1706;6.1;1;VOLVO;MC7551;C70 / 2.0 / TD 6p;ävedska;SWE;osebni avtomobil;205;kabriolet;C70 
100;1830;6.2;1;AUDI;XCJCBQ1-QM6B2023R8R707MGEM1;Q5 / 2.0 / TDI Q;Nemcija;DEU;osebni avtomobil;187;karavan;Q5 
100;1705;6.2;1;AUDI;HCAGBQ1-QM6B2007R8KH77MGEM1;A4 ALLROAD QUATTRO / 2.0 / TDI;Nemcija;DEU;osebni avtomobil;197;karavan;A4 ALLROAD QUATTRO 
100;1685;6.2;1;AUDI;ABRFF1-FM6XG0R4F600GG;A6 / AVANT 2.0 / TDI;Nemcija;DEU;osebni avtomobil;201;karavan;A6 
100;1605;6.2;1;AUDI;ABRFF1-FAVJ00R8E500GG;A4 / AVANT 2.0 / TDI V-AUT.;Nemcija;DEU;osebni avtomobil;200;karavan;A4 
100;1815;6.2;1;BMW;PE71-5H;X3 / xDrive 18 / d;Nemcija;DEU;osebni avtomobil;191;karavan;X3 
100;1545;6.2;0;BMW;3G11-6A250000;316 / TOURING / i AUT.;Nemcija;DEU;osebni avtomobil;210;karavan;316
100;1760;6.2;1;HYUNDAI;F5D24-D731Z1;TUCSON / 1.6 / CRDi DCT 4WD;Ceöka republika;CZE;osebni avtomobil;180;vecnamensko vozilo;TUCSON 
100;1540;6.2;1;MERCEDES BENZ;27S1P2-MZAA150B;GLA / 200 / D AUT.;Nemcija;DEU;osebni avtomobil;205;karavan;GLA 
100;1440;6.2;0;MERCEDES BENZ;32H9T2-FZAA150A;CLA / 180 / AUT.;Nemcija;DEU;osebni avtomobil;215;karavan;CLA 
100;1410;6.2;0;MERCEDES BENZ;33H9T2-FZAA150A;CLA / 180 / AUT.;Nemcija;DEU;osebni avtomobil;216;limuzina;CLA 
100;1405;6.2;0;MERCEDES BENZ;O0H9T2-FZAA151B;B / 180 / AUT.;Nemcija;DEU;osebni avtomobil;212;karavan;B 
100;1385;6.2;0;MERCEDES BENZ;O0H9T2-KZAA150A;B / 180 /;Nemcija;DEU;osebni avtomobil;212;karavan;B 
100;1360;6.2;0;MERCEDES BENZ;X0H9T2-KZAA151B;A / 180 /;Nemcija;DEU;osebni avtomobil;216;limuzina;A 
100;1210;6.2;0;MINI;XR31-DHW400L0;COOPER / /;Nemcija;DEU;osebni avtomobil;210;vozilo z dviûnimi vrati zadaj;COOPER 
100;1615;6.2;1;TOYOTA;AUR10L-GRFEYW;COROLLA VERSO / 2.2 / D;Turcija;TUR;osebni avtomobil;195;vecnamensko vozilo;COROLLA VERSO 
100;1600;6.2;1;TOYOTA;AUR10L-GRFEYW(1E);COROLLA VERSO / 2.2 / D;Turcija;TUR;osebni avtomobil;195;vecnamensko vozilo;COROLLA VERSO 
100;1595;6.2;1;TOYOTA;AUR10L-GWFEYW(1E);COROLLA VERSO / 2.2 / D;Turcija;TUR;osebni avtomobil;195;karavan;COROLLA VERSO 
100;1585;6.2;1;TOYOTA;AUR10L-GWFEYW(1G);COROLLA VERSO / 2.2 / D;Turcija;TUR;osebni avtomobil;195;karavan;COROLLA VERSO 
100;1580;6.2;1;TOYOTA;AUR10L-GWFEYW(1D);COROLLA VERSO / 2.2 / D;Turcija;TUR;osebni avtomobil;195;karavan;COROLLA VERSO 
100;1580;6.2;1;TOYOTA;AUR10L-GRFEYW(1D);COROLLA / VERSO 2.2;Turcija;TUR;osebni avtomobil;195;vecnamensko vozilo;COROLLA 
100;1580;6.2;1;TOYOTA;AUR10L-GRFEYW(1D);COROLLA / VERSO 2.2;Turcija;TUR;osebni avtomobil;195;limuzina;COROLLA 
100;1580;6.2;1;TOYOTA;AUR10L-GRFEYW(1D);COROLLA VERSO / 2.2 / D;Turcija;TUR;osebni avtomobil;195;vecnamensko vozilo;COROLLA VERSO 
100;1560;6.2;1;TOYOTA;AUR10L-GWFEYW(1D);COROLLA / VERSO 2.2;Turcija;TUR;osebni avtomobil;195;limuzina;COROLLA 
100;1560;6.2;1;TOYOTA;AUR10L-GWFEYW(1D);COROLLA / VERSO 2.2;Turcija;TUR;osebni avtomobil;195;karavan;COROLLA 
100;1550;6.2;1;TOYOTA;AUR10L-GWFDYW(1D);COROLLA VERSO / 2.2 / D;Turcija;TUR;osebni avtomobil;195;karavan;COROLLA VERSO 
100;1706;6.3;1;AUDI;LBRFF1-FM6XG0R4F600GGP;A6 / 2.0 / TDI;Nemcija;DEU;osebni avtomobil;206;limuzina;A6 
100;1656;6.3;1;AUDI;8EABRFF1-FAVJ00R8E500GP;A4 / AVANT 2.0 / TDI AUT.;Nemcija;DEU;osebni avtomobil;200;karavan;A4 
100;1435;6.3;0;BMW;PF51-5C;318 / / i;Nemcija;DEU;osebni avtomobil;210;limuzina;318
100;1573;6.3;1;FORD;DM2-G6DG1R5N;KUGA / 2.0 / TDCI;Nemcija;DEU;osebni avtomobil;182;vecnamensko vozilo;KUGA 
100;1771;6.3;1;HYUNDAI;F5D64-M651Z1;TUCSON / 1.6 / CRDi 4WD 48V;Ceöka republika;CZE;osebni avtomobil;180;vecnamensko vozilo;TUCSON 
100;2075;6.3;1;MERCEDES BENZ;KOA7L305N-2SMR1S29XX;VITO 114 / CDI TOURER;Nemcija;DEU;osebni avtomobil;184;vecnamensko vozilo;VITO 114 
100;1845;6.3;1;MERCEDES BENZ;J201M0-TZAAA501;E / 200 T / CDI AUT.;Nemcija;DEU;osebni avtomobil;203;karavan;E 
100;1615;6.3;1;MERCEDES BENZ;U00LL0-KCAAA500;E / 200 / CDI;Nemcija;DEU;osebni avtomobil;214;limuzina;E 
100;1610;6.3;1;MERCEDES BENZ;211;E / 220 / CDI;Nemcija;DEU;osebni avtomobil;212;limuzina;E 
100;1610;6.3;1;MERCEDES BENZ;211U00EF0-KFAAA502;E / 220 / CDI;Nemcija;DEU;osebni avtomobil;210;limuzina;E 
100;1540;6.3;1;MERCEDES BENZ;27S1P2-MZAA150B;GLA / 200 / d AUT.;Nemcija;DEU;osebni avtomobil;205;karavan;GLA 
100;1535;6.3;1;MERCEDES BENZ;211-K;E / 220 / CDI;Nemcija;DEU;osebni avtomobil;216;karavan;E 
100;1440;6.3;0;MERCEDES BENZ;32H9T2-FZAA150A;CLA / 180 / AUT.;Nemcija;DEU;osebni avtomobil;215;karavan;CLA 
100;1405;6.3;0;MERCEDES BENZ;O0H9T2-FZAA151B;B / 180 / AUT.;Nemcija;DEU;osebni avtomobil;212;karavan;B 
100;1385;6.3;0;MERCEDES BENZ;O0H9T2-KZAA150B;B / 180 /;Nemcija;DEU;osebni avtomobil;212;karavan;B 
100;1260;6.3;0;MINI;XU71-DHW500L0;COOPER / /;Nemcija;DEU;osebni avtomobil;207;karavan;COOPER 
100;1230;6.3;0;MINI;XR31-DAW400L0;COOPER / / AUT.;Nemcija;DEU;osebni avtomobil;210;vozilo z dviûnimi vrati zadaj;COOPER 
100;2062;6.3;1;RENAULT;MLJ0YA;MASTER / 2.3 / DCI;Francija;FRA;osebni avtomobil;151;vecnamensko vozilo;MASTER 
100;1615;6.3;1;TOYOTA;AUR10L-GWFEYW;COROLLA VERSO / 2.2 / D;Turcija;TUR;osebni avtomobil;195;karavan;COROLLA VERSO 
100;1605;6.3;1;TOYOTA;AUR10L-GRFEYW(1G);COROLLA VERSO / 2.2 / D;Turcija;TUR;osebni avtomobil;195;vecnamensko vozilo;COROLLA VERSO 
100;1595;6.3;1;TOYOTA;AUR10L-GWFEYW(1E);COROLLA VERSO / 2.2 / D;Turcija;TUR;osebni avtomobil;195;karavan;COROLLA VERSO 
100;1590;6.3;1;TOYOTA;AUR10L-GRFDYW(1E);COROLLA VERSO / 2.2 / D;Turcija;TUR;osebni avtomobil;195;vecnamensko vozilo;COROLLA VERSO 
100;1590;6.3;1;TOYOTA;R-1;COROLLA / VERSO /  2.2  D4D;Turcija;TUR;osebni avtomobil;195;vecnamensko vozilo;COROLLA 
100;1585;6.3;1;TOYOTA;AUR10L-GWFEYW(1F);COROLLA VERSO / 2.2 / D;Turcija;TUR;osebni avtomobil;195;karavan;COROLLA VERSO 
100;1520;6.3;1;TOYOTA;AUR10L-GWFEYW(1D);COROLLA VERSO / 2.2 / D;Turcija;TUR;osebni avtomobil;195;karavan;COROLLA VERSO 
100;1595;6.3;1;VOLKSWAGEN;ACCBAAX0-FA6FD62E018ST7MBS;PASSAT / VARIANT 2.0 / TDI AUT.;Nemcija;DEU;osebni avtomobil;201;karavan;PASSAT 
100;1729;6.3;1;VOLVO;MC755B;C70 / 2.0 / TD 6p AUT.;ävedska;SWE;osebni avtomobil;205;kabriolet;C70 
100;1758;6.4;1;AUDI;4FABRFF1-FM6XG0R4F600GGQ;A6 / AVANT 2.0 / TDI;Nemcija;DEU;osebni avtomobil;201;karavan;A6 
100;1739;6.4;1;AUDI;4FLBRFF1-FM6XG0R4F600GG0;A6 / 2.0 / TDI;Nemcija;DEU;osebni avtomobil;206;limuzina;A6 
100;1960;6.4;1;FIAT;F1MFT-C7LD1B;FREEMONT / 2.0 / MULTIJET;Zdruûene drûave;USA;osebni avtomobil;183;vecnamensko vozilo;FREEMONT 
100;1613;6.4;1;FORD;DM2-G6DG2R5P;KUGA / 2.0 / TDCI AWD;Nemcija;DEU;osebni avtomobil;180;vecnamensko vozilo;KUGA 
100;1538;6.4;1;FORD;DM2 G6DG2R 5PMFP8;KUGA / 2.0 / TDCI;Nemcija;DEU;osebni avtomobil;180;vecnamensko vozilo;KUGA 
100;1777;6.4;1;HYUNDAI;F5D24-D731Z1;TUCSON / 1.6 / CRDi DCT 4WD;Ceöka republika;CZE;osebni avtomobil;180;vecnamensko vozilo;TUCSON 
100;1581;6.4;1;MAZDA;GY19-R2;6 / KARAVAN 2.0 / CDH;Japonska ;JPN;osebni avtomobil;200;karavan;6
100;1581;6.4;1;MAZDA;GY19R2;MAZDA 6 / KARAVAN 2.0 / CDH;Japonska ;JPN;osebni avtomobil;196;karavan;MAZDA 6 
100;1540;6.4;1;MAZDA;GY19R2;6 / 2.0;Japonska ;JPN;osebni avtomobil;196;karavan;6
100;1506;6.4;1;MAZDA;GY19R2;6 / KARAVAN 2.0 / CDH;Japonska ;JPN;osebni avtomobil;200;karavan;6
100;1506;6.4;1;MAZDA;GY19R2;MAZDA 6 / KARAVAN 2.0 / CDH;Japonska ;JPN;osebni avtomobil;200;karavan;MAZDA 6 
100;2010;6.4;1;MERCEDES BENZ;KOA7L305N-3SMN7S29BE;VITO TOURER / 114 / BLUETEC;Nemcija;DEU;osebni avtomobil;183;vecnamensko vozilo;VITO TOURER 
100;1410;6.4;0;MERCEDES BENZ;33H9T2-FZAA150A;CLA / 180 / AUT.;Nemcija;DEU;osebni avtomobil;216;limuzina;CLA 
100;1405;6.4;0;MERCEDES BENZ;O0H9T2-FZAA150B;B / 180 / AUT.;Nemcija;DEU;osebni avtomobil;212;karavan;B 
100;1385;6.4;0;MERCEDES BENZ;O0H9T2-KZAA150A;B / 180 /;Nemcija;DEU;osebni avtomobil;212;karavan;B 
100;1130;6.4;0;SUZUKI;NZC32S-MT;SWIFT / 1.6 / S;Madûarska;HUN;osebni avtomobil;195;vozilo z dviûnimi vrati zadaj;SWIFT 
100;1115;6.4;0;SUZUKI;NZA32S-MT;SWIFT / 1.6 / S;Madûarska;HUN;osebni avtomobil;195;vozilo z dviûnimi vrati zadaj;SWIFT 
100;1605;6.4;1;TOYOTA;AUR10L-GRFEYW(1F);COROLLA VERSO / 2.2 / D;Turcija;TUR;osebni avtomobil;195;vecnamensko vozilo;COROLLA VERSO 
100;1600;6.4;1;TOYOTA;AUR10L-GRFEYW(1E);COROLLA VERSO / 2.2 / D;Turcija;TUR;osebni avtomobil;195;vecnamensko vozilo;COROLLA VERSO 
100;1590;6.4;1;TOYOTA;AUR10L-GWFERW(1F);COROLLA VERSO / 2.2 / D;Turcija;TUR;osebni avtomobil;195;karavan;COROLLA VERSO 
100;1665;6.4;1;VOLKSWAGEN;ACCBAAX1-AM6AM6A6006NDST7MB;TIGUAN / 2.0 / TDI 4M;Nemcija;DEU;osebni avtomobil;184;karavan;TIGUAN 
100;1574;6.4;1;VOLKSWAGEN;3BG;PASSAT / 2.0 / TDI;Nemcija;DEU;osebni avtomobil;205;karavan;PASSAT 
100;1564;6.4;1;VOLKSWAGEN;SEBGWX01-SGFM61E010SP7GG;PASSAT / VAR. 2.0 / TDI;Nemcija;DEU;osebni avtomobil;205;karavan;PASSAT 
100;1510;6.5;0;BMW;31AA-IAW500B0;X1 / sDrive18 / i AUT.;Nemcija;DEU;osebni avtomobil;203;karavan;X1 
100;1753;6.5;1;HYUNDAI;F5D24-M651Z1;TUCSON / 1.6 / CRDi 4WD;Ceöka republika;CZE;osebni avtomobil;180;vecnamensko vozilo;TUCSON 
100;1682;6.5;1;KIA;QLEF5D64-M651Z1;SPORTAGE / 1.6 / TD / MHEV / AWD;Slovaöka;SVK;osebni avtomobil;180;vecnamensko vozilo;SPORTAGE 
100;1510;6.5;1;MAZDA;GG14R2;6 / 2.0 / CDH;Japonska ;JPN;osebni avtomobil;198;vozilo z dviûnimi vrati zadaj;6
100;1440;6.5;1;MAZDA;GG14R2;6 / 2.0;Japonska ;JPN;osebni avtomobil;198;vozilo z dviûnimi vrati zadaj;6
100;1435;6.5;1;MAZDA;GG14R2;MAZDA 6 / 2.0 / CDH;Japonska ;JPN;osebni avtomobil;198;limuzina;MAZDA 6 
100;1410;6.5;1;MAZDA;GG12R2;6 / 2.0;Japonska ;JPN;osebni avtomobil;200;limuzina;6
100;1640;6.5;1;MERCEDES BENZ;U00LL0-TZAAA500;E / 200 / CDI AUT.;Nemcija;DEU;osebni avtomobil;211;limuzina;E 
100;1640;6.5;1;MERCEDES BENZ;UOOLLO-TZAAA500;E / 200 / CDI;Nemcija;DEU;osebni avtomobil;210;limuzina;E 
100;1575;6.5;1;MERCEDES BENZ;T30EL0-KCAAA401;CLK / 220 / CDI;Nemcija;DEU;osebni avtomobil;215;kupe;CLK 
100;1405;6.5;0;MERCEDES BENZ;O0H9T2-FZAA150A;B / 180 / AUT.;Nemcija;DEU;osebni avtomobil;212;karavan;B 
100;1365;6.5;0;MERCEDES BENZ;X2H9T2-FZAA150B;A / 180 / AUT.;Nemcija;DEU;osebni avtomobil;215;karavan;A 
100;1505;6.5;0;MINI;21BR-IAW500B0;COUNTRYMAN COOPER / / AUT.;Nemcija;DEU;osebni avtomobil;205;karavan;COUNTRYMAN COOPER 
100;1487;6.5;1;OPEL;JMYXFXX-H63DC58T8CB;MOKKA / 1.6 / CDTI AUT.;Nemcija;DEU;osebni avtomobil;188;vecnamensko vozilo;MOKKA 
100;2650;6.5;1;RENAULT;MLJ4YC;MASTER / 2.3 / DCI;Francija;FRA;osebni avtomobil;151;vozilo z dostopom za invalidski vozicek;MASTER 
100;2159;6.5;1;RENAULT;MLJ4YC;MASTER / 2.3 / DCI;Francija;FRA;osebni avtomobil;151;vecnamensko vozilo;MASTER 
100;1633;6.5;1;VOLKSWAGEN;1T;TOURAN / 2.0 / TDI;Nemcija;DEU;osebni avtomobil;197;karavan;TOURAN 
100;1485;6.6;1;CITROEN;LCRHRJ;C4 / 2.0 / HDI 16V AUT.;Francija;FRA;osebni avtomobil;206;vozilo z dviûnimi vrati zadaj;C4 
100;1698;6.6;1;KIA;QLEF5D64-D731Z1;SPORTAGE / 1.6 / TD / MHEV / AWD / AUT.;Slovaöka;SVK;osebni avtomobil;180;vecnamensko vozilo;SPORTAGE 
100;2020;6.6;1;MERCEDES BENZ;KOA7L320VXX-3SLR2X29BEXX;VITO TOURER / 114 / CDI;Nemcija;DEU;osebni avtomobil;183;vecnamensko vozilo;VITO TOURER 
100;2010;6.6;1;MERCEDES BENZ;KOA7L310NXX-3SLN2X29BEXX;VITO TOURER / 114 / CDI;Nemcija;DEU;osebni avtomobil;183;vecnamensko vozilo;VITO TOURER 
100;1985;6.6;1;MERCEDES BENZ;KOA7L310NXX-2SLN2X29BEXX;VITO TOURER / 114 / CDI;Nemcija;DEU;osebni avtomobil;183;vecnamensko vozilo;VITO TOURER 
100;1960;6.6;1;MERCEDES BENZ;KOA7L310NXX-1SLN2X28BEXX;VITO TOURER / 114 / CDI;Nemcija;DEU;osebni avtomobil;183;vecnamensko vozilo;VITO TOURER 
100;1615;6.6;1;MERCEDES BENZ;H20LK0-TZAAA500;C / 200 T / CDI AUT.;Nemcija;DEU;osebni avtomobil;204;karavan;C 
100;1575;6.6;1;MERCEDES BENZ;H00LK0-TZAAA501;C / 200 / CDI AUT.;Nemcija;DEU;osebni avtomobil;213;limuzina;C 
100;1785;6.6;1;MITSUBISHI;NA0WNA822-AJBBA6A7;GRANDIS / 2.0 / DID;Japonska ;JPN;osebni avtomobil;195;vecnamensko vozilo;GRANDIS 
100;1785;6.6;1;MITSUBISHI;NA821-AJBBA6A7;GRANDIS / 2.0 / DID;Japonska ;JPN;osebni avtomobil;195;karavan;GRANDIS 
100;1765;6.6;1;MITSUBISHI;NAOW;GRANDIS / 2.0 / DID;Japonska ;JPN;osebni avtomobil;195;karavan;GRANDIS 
100;1720;6.6;1;TOYOTA;XA3-ALA30;RAV  4 / 2.2 / D-4D;Belgija;BEL;osebni avtomobil;180;vecnamensko vozilo;RAV  4 
100;1690;6.6;1;TOYOTA;ALA30L-AWFGYW(1A);RAV 4 / 2.2 / D;Japonska ;JPN;osebni avtomobil;180;vecnamensko vozilo;RAV 4 
100;1665;6.6;1;TOYOTA;ALA30L-AWFGRW(1C);RAV 4 / 2.2 / D;Japonska ;JPN;osebni avtomobil;180;vecnamensko vozilo;RAV 4 
100;1665;6.6;1;TOYOTA;ALA-30L;RAV  4 / 2.2 / D-4D;Belgija;BEL;osebni avtomobil;180;vecnamensko vozilo;RAV  4 
100;1660;6.6;1;TOYOTA;XA3ALA30L-AWFGYW(1A);RAV 4 / 2.2 / D;Japonska ;JPN;osebni avtomobil;180;vecnamensko vozilo;RAV 4 
100;1645;6.6;1;TOYOTA;AUR-10L;COROLLA / VERSO / 2.2 / D4D;Belgija;BEL;osebni avtomobil;195;vecnamensko vozilo;COROLLA 
100;1620;6.6;1;TOYOTA;ALA30L-AWFGRW(2C)-;RAV 4 / 2.2 / D;Japonska ;JPN;osebni avtomobil;180;vecnamensko vozilo;RAV 4 
100;1610;6.6;1;TOYOTA;AUR10L-GRFERW(1F);COROLLA VERSO / 2.2 / D;Turcija;TUR;osebni avtomobil;195;vecnamensko vozilo;COROLLA VERSO 
100;1350;6.7;1;ALFA ROMEO;932A1A00;156 / 2.4 / JTD;Italija;ITA;osebni avtomobil;202;limuzina;156
100;1640;6.7;1;MERCEDES BENZ;211U00EF0-TDAAA502;E / 220 / CDI AUT.;Nemcija;DEU;osebni avtomobil;208;limuzina;E 
100;1615;6.7;1;MERCEDES BENZ;H20LL0-TZAAA500;C / 200 T / CDI AUT.;Nemcija;DEU;osebni avtomobil;204;karavan;C 
100;1575;6.7;1;MERCEDES BENZ;H00LL0-TZAAA502;C / 200 / CDI AUT.;Nemcija;DEU;osebni avtomobil;213;limuzina;C 
100;1480;6.7;0;MERCEDES BENZ;OHH9T2-FZAA150A;GLA / 180 / AUT.;Nemcija;DEU;osebni avtomobil;200;karavan;GLA 
100;1616;6.7;1;PEUGEOT;6DRHR-E;407 / 2.0 HDI AUT.;Francija;FRA;osebni avtomobil;205;limuzina;407
100;1861;6.7;1;VOLKSWAGEN;7MBVHX0AFA8C-FM6FM62N0300GGR;SHARAN / 2.0 / TDI;Nemcija;DEU;osebni avtomobil;190;vecnamensko vozilo;SHARAN 
100;1535;6.8;1;BMW;346LAX71-01;320 / TOURING;Nemcija;DEU;osebni avtomobil;207;karavan;320
100;1818;6.8;1;CITROEN;EBRHRH;C8 / 2.0 / HDI;Francija;FRA;osebni avtomobil;190;vecnamensko vozilo;C8 
100;1787;6.8;1;HYUNDAI;F5D24-A63AZ1;ix35 / 2.0 / CRDi LP AUT. 4WD;Ceöka republika;CZE;osebni avtomobil;182;vecnamensko vozilo;ix35 
100;1595;6.8;1;MERCEDES BENZ;203-K;C / 220 / CDI;Nemcija;DEU;osebni avtomobil;206;karavan;C 
100;1565;6.8;1;MERCEDES BENZ;203;C / 220 / CDI;Nemcija;DEU;osebni avtomobil;212;limuzina;C 
100;1818;6.8;1;PEUGEOT;EBRHRH;807 / 2.0 / HDI;Francija;FRA;osebni avtomobil;190;vecnamensko vozilo;807
100;1695;6.8;1;PEUGEOT;4BRHRJ;308 / CABRIOLET 2.0 / HDI AUT.;Francija;FRA;osebni avtomobil;202;kabriolet;308
100;1522;6.8;1;PEUGEOT;4CRHRJ;308 / 2.0 / HDI AUT.;Francija;FRA;osebni avtomobil;200;vozilo z dviûnimi vrati zadaj;308
100;1522;6.8;1;PEUGEOT;4CRHRJ;308 / 2.0 / HDI AUT.;Francija;FRA;osebni avtomobil;200;vozilo za posebne namene;308
100;1844;6.8;1;VOLVO;DZ3150;XC60 / 2.0 / TD AUT.;ävedska;SWE;osebni avtomobil;185;karavan;XC60 
100;1475;6.9;1;BMW;AL71-02;320 // d AUT.;Nemcija;DEU;osebni avtomobil;207;limuzina;320
100;1680;6.9;1;KIA;SLSF5D24-A63AZ1;SPORTAGE / 2.0 / TD AUT.;Slovaöka;SVK;osebni avtomobil;181;vecnamensko vozilo;SPORTAGE 
100;1480;6.9;1;MERCEDES BENZ;124.131;E / 300 / DIESEL AUT.;Nemcija;DEU;osebni avtomobil;197;limuzina;E 
100;1671;6.9;1;PEUGEOT;6ERHRE;407 / BREAK 2.0;Francija;FRA;osebni avtomobil;201;karavan;407
100;1983;7.1;1;CITROEN;EBRHRH;C8 / 2.0 / HDI;Francija;FRA;osebni avtomobil;190;vecnamensko vozilo;C8 
100;1733;7.1;1;CITROEN;RDRHRJ;C5 III / 2.0 / HDi 16V AUT.;Francija;FRA;osebni avtomobil;201;limuzina;C5 III 
100;1649;7.1;1;CITROEN;RERHRJ;C5 II / BREAK 2.0 / HDi 16V AUT.;Francija;FRA;osebni avtomobil;201;karavan;C5 II 
100;1629;7.1;1;CITROEN;RCRHRJ;C5 II / 2.0 / HDi 16V AUT.;Francija;FRA;osebni avtomobil;205;vozilo z dviûnimi vrati zadaj;C5 II 
100;1818;7.1;1;FIAT;179BXL1B2A;ULYSSE / 2.0 / JTD;Italija;ITA;osebni avtomobil;190;vecnamensko vozilo;ULYSSE 
100;3833;7.1;1;HYUNDAI;BK-ZS;TUCSON / 2.0 / CRDi LP 4WD;Koreja. republika;KOR;osebni avtomobil;177;vecnamensko vozilo;TUCSON 
100;1848;7.1;1;HYUNDAI;BKZ-S;TUCSON / 2.0 / CRDi LP 4WD;Koreja. republika;KOR;osebni avtomobil;177;vecnamensko vozilo;TUCSON 
100;1760;7.1;1;HYUNDAI;BI-S;TUCSON / 2.0 / CRDi LP 4WD;Koreja. republika;KOR;osebni avtomobil;177;vecnamensko vozilo;TUCSON 
100;1818;7.1;1;LANCIA;179BXL1B2AL;PHEDRA / 2.0 / JTD;Italija;ITA;osebni avtomobil;190;vecnamensko vozilo;PHEDRA 
100;1830;7.1;1;MAZDA;LW19R2;MPV / 2.0 / D;Japonska ;JPN;osebni avtomobil;176;vecnamensko vozilo;MPV 
100;1800;7.1;1;MAZDA;LW69R2;MPV / 2.0;Japonska ;JPN;osebni avtomobil;176;limuzina;MPV 
100;1810;7.1;1;MERCEDES BENZ;U20LK0-SZAAA500;E / 200 T / CDI AUT.;Nemcija;DEU;osebni avtomobil;201;karavan;E 
100;1875;7.1;1;PEUGEOT;EBRHRH;807 / 2.0 / HDI;Francija;FRA;osebni avtomobil;190;vecnamensko vozilo;807
100;1818;7.1;1;PEUGEOT;EBRHR-H;807 / 2.0 / HDI;Francija;FRA;osebni avtomobil;190;vecnamensko vozilo;807
100;1636;7.1;1;PEUGEOT;6DRHRJ;407 / 2.0 / HDI AUT.;Francija;FRA;osebni avtomobil;205;limuzina;407
100;1475;7.2;0;BMW;8E31-6HW50000;318 / / i;Nemcija;DEU;osebni avtomobil;210;limuzina;318
100;1770;7.2;1;CITROEN;RWRHRJ;C5 III / TOURER 2.0 / HDi 16V AUT.;Francija;FRA;osebni avtomobil;198;karavan;C5 III 
100;2171;7.2;1;MERCEDES BENZ;LAA71305N-1M3B2T28;VIANO / 2.0 / CDI BlueEFFICIENCY;Nemcija;DEU;osebni avtomobil;174;vecnamensko vozilo;VIANO 
100;2170;7.2;1;MERCEDES BENZ;KAA71305N-2M3B2T29;VITO / 113 / CDI BlueEFFICIENCY;Nemcija;DEU;osebni avtomobil;174;vecnamensko vozilo;VITO 
100;1785;7.2;1;MERCEDES BENZ;U20EL0-KEAAA500;E / 220 T / CDI;Nemcija;DEU;osebni avtomobil;202;karavan;E 
100;1785;7.2;1;MERCEDES BENZ;U20LK0-KZAAA512;E / 200 T / CDI;Nemcija;DEU;osebni avtomobil;201;karavan;E 
100;1345;7.2;0;MERCEDES BENZ;Y23HK2-DPAAA500;B / 200 /;Nemcija;DEU;osebni avtomobil;196;karavan;B 
100;1315;7.2;0;MERCEDES BENZ;X23HK2-FZAAA500;A / 200 / AUT.;Nemcija;DEU;osebni avtomobil;195;karavan;A 
100;1270;7.2;0;MERCEDES BENZ;X23HK2-DPAAA500;A / 200 /;Nemcija;DEU;osebni avtomobil;200;karavan;A 
100;1240;7.2;0;MERCEDES BENZ;169X33HK2-DPACA510;A / 200 /;Nemcija;DEU;osebni avtomobil;200;karavan;A 
100;1708;7.2;1;NISSAN;T30-E01;X-TRAIL / 2.2 / TD;Japonska ;JPN;osebni avtomobil;180;karavan;X-TRAIL 
100;1675;7.2;1;NISSAN;T30-B01;X-TRAIL / 2.2 / TD;Japonska ;JPN;osebni avtomobil;165;karavan;X-TRAIL 
100;1615;7.2;1;NISSAN;T30;X-TRAIL / 2.2;Japonska ;JPN;osebni avtomobil;180;limuzina;X-TRAIL 
100;1615;7.2;1;NISSAN;T30-E01;X-TRAIL / 2.2 / TD;Japonska ;JPN;osebni avtomobil;165;karavan;X-TRAIL 
100;1615;7.2;1;NISSAN;T30-E01;X-TRAIL / 2.2;Japonska ;JPN;osebni avtomobil;165;limuzina;X-TRAIL 
100;1600;7.2;1;NISSAN;T30-E-E01;X-TRAIL / 2.2 / DCI;Japonska ;JPN;osebni avtomobil;180;karavan;X-TRAIL 
100;1590;7.2;1;NISSAN;T30-E01;X-TRAIL / 2.2;Japonska ;JPN;osebni avtomobil;180;limuzina;X-TRAIL 
100;1590;7.2;1;NISSAN;T30-F01;X-TRAIL / 2.2 / TD;Japonska ;JPN;osebni avtomobil;165;vecnamensko vozilo;X-TRAIL 
100;1688;7.2;1;PEUGEOT;6ERHRJ;407 / BREAK 2.0 / HDI AUT.;Francija;FRA;osebni avtomobil;201;karavan;407
100;1565;7.3;1;ALFA ROMEO;936A2A00-07;166 / 2.4 / JTD;Italija;ITA;osebni avtomobil;202;limuzina;166
100;1760;7.3;1;HYUNDAI;F-OY;SONATA / 2.0 / CRDi LP AUT.;Koreja. republika;KOR;osebni avtomobil;200;limuzina;SONATA 
100;2042;7.3;1;MERCEDES BENZ;KOU2L320VXX-2GJR4X29BEXX;VITO TOURER / 114 / CDI AUT.;Nemcija;DEU;osebni avtomobil;181;vecnamensko vozilo;VITO TOURER 
100;1390;7.3;0;MERCEDES BENZ;Y23HK2-FZAAA500;B / 200 / AUT.;Nemcija;DEU;osebni avtomobil;190;karavan;B 
100;2008;7.3;1;PEUGEOT;XDRHRH/SC;EXPERT / 2.0 / HDI L2;Francija;FRA;osebni avtomobil;170;vecnamensko vozilo;EXPERT 
100;1977;7.3;1;PEUGEOT;XCRHRH/SC;EXPERT / 2.0 / HDI L1;Francija;FRA;osebni avtomobil;170;vecnamensko vozilo;EXPERT 
100;1500;7.4;0;BMW;8E31-6AW50000;318 / / i AUT.;Nemcija;DEU;osebni avtomobil;210;limuzina;318
100;1475;7.4;0;BMW;8E31-6HW50000;318 / / i;Nemcija;DEU;osebni avtomobil;210;limuzina;318
100;1395;7.4;0;BMW;1R51-DAW50000;118 / / i AUT.;Nemcija;DEU;osebni avtomobil;210;karavan;118
100;1725;7.4;1;CITROEN;UARHRJ;C4 PICASSO / 2.0 / HDI AUT.;Francija;FRA;osebni avtomobil;190;vecnamensko vozilo;C4 PICASSO 
100;1715;7.4;1;CITROEN;UDRHRJ;C4 PICASSO / 2.0 / HDI AUT.;Francija;FRA;osebni avtomobil;190;vecnamensko vozilo;C4 PICASSO 
100;1490;7.4;0;MINI;YW31-DAW500L0;COUNTRYMAN COOPER / / AUT.;Nemcija;DEU;osebni avtomobil;200;karavan;COUNTRYMAN COOPER 
100;1475;7.5;0;BMW;8E31-6HW50000;318 / / i;Nemcija;DEU;osebni avtomobil;210;limuzina;318
100;2102;7.5;1;MERCEDES BENZ;KOA73320VXX-3FKR2X29BEXX;VITO TOURER / 114 / CDI AUT.;Nemcija;DEU;osebni avtomobil;178;vecnamensko vozilo;VITO TOURER 
100;1925;7.5;1;MERCEDES BENZ;KOX85310NXX-2RNN4X19BEXX;VITO TOURER / 114 / CDI;Nemcija;DEU;osebni avtomobil;182;vecnamensko vozilo;VITO TOURER 
100;1390;7.5;0;MERCEDES BENZ;Y23HK2-FZAAA501;B / 200 / AUT.;Nemcija;DEU;osebni avtomobil;190;karavan;B 
100;1345;7.5;0;MERCEDES BENZ;Y23HK2-DPAAA501;B / 200 /;Nemcija;DEU;osebni avtomobil;196;karavan;B 
100;1380;7.6;0;BMW;1R51-6HW50000;118 / / i;Nemcija;DEU;osebni avtomobil;210;karavan;118
100;2023;7.6;1;CITROEN;XERHRH;JUMPY / 2.0 / HDI L2;Francija;FRA;osebni avtomobil;170;vecnamensko vozilo;JUMPY 
100;2008;7.6;1;CITROEN;XDRHRH;JUMPY / 2.0 / HDI L2;Francija;FRA;osebni avtomobil;170;vecnamensko vozilo;JUMPY 
100;1977;7.6;1;CITROEN;XCRHRH;JUMPY / 2.0 / HDI L1;Francija;FRA;osebni avtomobil;170;vecnamensko vozilo;JUMPY 
100;1899;7.6;1;CITROEN;XCRHRH;JUMPY / 2.0 / HDI L1;Francija;FRA;osebni avtomobil;170;karavan;JUMPY 
100;1930;7.6;1;FIAT;270XXD1BABL;SCUDO / 2.0 / JTD;Italija;ITA;osebni avtomobil;170;vecnamensko vozilo;SCUDO 
100;1899;7.6;1;FIAT;270XXD1BAB;SCUDO / 2.0 / JTD;Italija;ITA;osebni avtomobil;170;vecnamensko vozilo;SCUDO 
100;1899;7.6;1;FIAT;270XXD1BAB;SCUDO / 2.0 / JTD;Italija;ITA;osebni avtomobil;170;karavan;SCUDO 
100;1660;7.6;1;NISSAN;T30-E01;X-TRAIL / 2.2 / TD;Japonska ;JPN;osebni avtomobil;180;karavan;X-TRAIL 
100;2023;7.6;1;PEUGEOT;XERHRH;EXPERT / 2.0 / HDI L2;Francija;FRA;osebni avtomobil;170;vecnamensko vozilo;EXPERT 
100;2008;7.6;1;PEUGEOT;XDRHRH;EXPERT / 2.0 / HDI L2;Francija;FRA;osebni avtomobil;170;vecnamensko vozilo;EXPERT 
100;1977;7.6;1;PEUGEOT;XCRHRH;EXPERT / 2.0 / HDI L1;Francija;FRA;osebni avtomobil;170;vecnamensko vozilo;EXPERT 
100;1545;7.7;0;BMW;8K11-6HW50000;318 / TOURING / i;Nemcija;DEU;osebni avtomobil;210;karavan;318
100;1395;7.7;0;BMW;1R51-DAW50000;118 / / i AUT.;Nemcija;DEU;osebni avtomobil;210;karavan;118
100;1615;7.7;1;NISSAN;T30;X-TRAIL / 2.2 / DCI;Japonska ;JPN;osebni avtomobil;180;karavan;X-TRAIL 
100;1605;7.7;1;NISSAN;T30-E02;X-TRAIL / 2.2 / TD;Japonska ;JPN;osebni avtomobil;180;karavan;X-TRAIL 
100;1605;7.7;1;NISSAN;T30-E02;X-TRAIL / 2.2 / TD;Japonska ;JPN;osebni avtomobil;180;limuzina;X-TRAIL 
100;1605;7.7;1;NISSAN;T30-F02;X-TRAIL / 2.2 / TD;Japonska ;JPN;osebni avtomobil;180;vecnamensko vozilo;X-TRAIL 
100;1605;7.7;1;NISSAN;T30E-E02;XTRAIL / 2.2 / DCI;Japonska ;JPN;osebni avtomobil;180;karavan;XTRAIL 
100;1600;7.7;1;NISSAN;T30EE01;X-TRAIL / 2.2 / TD;Japonska ;JPN;osebni avtomobil;180;karavan;X-TRAIL 
100;1664;7.7;0;OPEL;EA051CB12-BH2PADJD425;ZAFIRA / TOURER 1.6 / TURBO;Nemcija;DEU;osebni avtomobil;195;karavan;ZAFIRA 
100;1125;7.7;0;PEUGEOT;2CRFNF;206 / 2.0 / i S16;Francija;FRA;osebni avtomobil;210;vozilo z dviûnimi vrati zadaj;206
100;1500;7.8;0;BMW;8E31-6AW50000;318 / / i AUT.;Nemcija;DEU;osebni avtomobil;210;limuzina;318
100;1440;7.8;0;BMW;2H31-DAW400L0;218 / COUPE / i AUT.;Nemcija;DEU;osebni avtomobil;210;kupe;218
100;2012;7.8;1;MERCEDES BENZ;KOA7L310NXX-2FKP2X29BEXX;VITO TOURER / 114 / CDI AUT.;Nemcija;DEU;osebni avtomobil;182;vecnamensko vozilo;VITO TOURER 
100;1664;7.8;0;OPEL;EA051CB12-BA2PADJD427;ZAFIRA / TOURER 1.6 / TURBO;Nemcija;DEU;osebni avtomobil;195;vecnamensko vozilo;ZAFIRA 
100;1500;7.9;0;BMW;8E31-6AW50000;318 / / i AUT.;Nemcija;DEU;osebni avtomobil;210;limuzina;318
100;1664;7.9;0;OPEL;EA051CB12-BH2PADJD427;ZAFIRA / TOURER 1.6 / TURBO;Nemcija;DEU;osebni avtomobil;195;vecnamensko vozilo;ZAFIRA 
100;1294;7.9;0;PEUGEOT;3CRFNB;307 / 2.0 / i S16;Francija;FRA;osebni avtomobil;205;vozilo z dviûnimi vrati zadaj;307
100;1219;7.9;0;PEUGEOT;3CRFNC/IF;307 / 2.0 / i S16;Francija;FRA;osebni avtomobil;205;vozilo z dviûnimi vrati zadaj;307
100;2313;7.9;1;VOLKSWAGEN;KN4C1350N-NEB24UA9;CRAFTER 35 / 2.0 / TDI;Nemcija;DEU;osebni avtomobil;156;vecnamensko vozilo;CRAFTER 35 
100;1565;8.1;0;BMW;8K11-6AW50000;318 / TOURING / i AUT.;Nemcija;DEU;osebni avtomobil;210;karavan;318
100;2135;8.1;1;MERCEDES BENZ;KOU23320VXX-3GJR4X29BEXX;VITO TOURER / 114 / CDI AUT.;Nemcija;DEU;osebni avtomobil;174;vecnamensko vozilo;VITO TOURER 
100;2094;8.1;1;MERCEDES BENZ;KAA71305N-3A2B2T29;VITO / 113 / CDI AUT. BlueEFFICIENCY;Nemcija;DEU;osebni avtomobil;172;karavan;VITO 
100;1976;8.1;1;MERCEDES BENZ;KAA71305N-2A2B2T29;VITO / 113 / CDI AUT. BlueEFFICIENCY;Nemcija;DEU;osebni avtomobil;172;karavan;VITO 
100;1563;8.2;0;PEUGEOT;3BRFN-F;307 / CABRIOLET 2.0 / I S16;Francija;FRA;osebni avtomobil;207;vozilo za posebne namene;307
100;1532;8.2;0;PEUGEOT;3BRFNC;307 / CABRIOLET 2.0 / i S16;Francija;FRA;osebni avtomobil;207;kabriolet;307
100;1490;8.2;0;PEUGEOT;6DRFNB;407 / 2.0;Francija;FRA;osebni avtomobil;212;limuzina;407
100;2560;8.2;1;VOLKSWAGEN;KM4C1350N-MEC24VA9;CRAFTER 35 / 2.0 / TDI;Nemcija;DEU;osebni avtomobil;154;vecnamensko vozilo;CRAFTER 35 
100;1545;8.3;0;PEUGEOT;6ERFNB;407 / BREAK 2.0 / i 16V;Francija;FRA;osebni avtomobil;208;karavan;407
100;1430;8.3;0;PEUGEOT;3HRFNB;307 / MONOSPACE 2.0 / i S16;Francija;FRA;osebni avtomobil;174;karavan;307
100;1350;8.3;0;PEUGEOT;8BRFNF;406 / 2.0;Francija;FRA;osebni avtomobil;201;limuzina;406
100;1455;8.4;0;HONDA;CG8-11;ACCORD / 1.8 / I ES;Zdruûeno kraljestvo;GBR;osebni avtomobil;205;limuzina;ACCORD 
100;1402;8.4;0;HONDA;CG8 1-1;ACCORD / 1.8 / I ES;Zdruûeno kraljestvo;GBR;osebni avtomobil;205;limuzina;ACCORD 
100;1785;8.4;1;MITSUBISHI;NA0W-NA821;GRANDIS / 2.0 / DI-D;Japonska ;JPN;osebni avtomobil;195;vozilo z dviûnimi vrati zadaj;GRANDIS 
100;1495;8.4;0;OPEL;OMEGA-B;OMEGA / 2.0;Nemcija;DEU;osebni avtomobil;195;limuzina;OMEGA 
100;1265;8.5;0;BMW;AF91;318 / IS;Nemcija;DEU;osebni avtomobil;202;limuzina;318
100;1401;8.6;0;CITROEN;CHRFNF;XSARA PICASSO / 2.0 / i 16V AUT.;Francija;FRA;osebni avtomobil;192;vecnamensko vozilo;XSARA PICASSO 
100;1525;8.6;0;MERCEDES BENZ;124.040;E / 200 /;Nemcija;DEU;osebni avtomobil;200;kupe;E 
100;1378;8.6;0;OPEL;J96;VECTRA / 2.0 / I;Nemcija;DEU;osebni avtomobil;215;vozilo z dviûnimi vrati zadaj;VECTRA 
100;1223;8.7;0;MG;BP-04C;TF / 160;Zdruûeno kraljestvo;GBR;osebni avtomobil;205;kabriolet;TF 
100;2345;8.8;1;MERCEDES BENZ;LAA73305N-2A2G2U28;VIANO / 2.0 / CDI AUT. BlueEFFICIENCY;Nemcija;DEU;osebni avtomobil;161;vecnamensko vozilo;VIANO 
100;2262;8.8;1;MERCEDES BENZ;KAA73305N-3A2B2U29;VITO / 113 / CDI AUT. 4x4 BlueEFFICIENCY;Nemcija;DEU;osebni avtomobil;161;vecnamensko vozilo;VITO 
100;1350;8.8;0;PEUGEOT;8-RFN;406 / 2.0;Francija;FRA;osebni avtomobil;208;limuzina;406
100;1730;8.9;0;CHEVROLET;CW11-1111;CAPTIVA / 2.4 / 16V;Koreja. republika;KOR;osebni avtomobil;185;karavan;CAPTIVA 
100;1270;8.9;0;MERCEDES BENZ;170;SLK / 200;Nemcija;DEU;osebni avtomobil;208;kabriolet;SLK 
100;1466;8.9;0;PEUGEOT;3HRFNF;PEUGEOT / 307 / MONOSPACE 2.0 / i S16 AUT.;Francija;FRA;osebni avtomobil;196;vecnamensko vozilo;PEUGEOT 
100;1466;8.9;0;PEUGEOT;3HRFNF;307 / MONOSPACE 2.0;Francija;FRA;osebni avtomobil;196;karavan;307
100;1645;9.1;0;CITROEN;EBRFNC;C8 / 2.0 /;Francija;FRA;osebni avtomobil;185;vecnamensko vozilo;C8 
100;1570;9.1;0;FIAT;179BXA1A3A;ULYSSE / 2.0;Italija;ITA;osebni avtomobil;185;vecnamensko vozilo;ULYSSE 
100;1440;9.1;0;MERCEDES BENZ;210.035-J035A0CAAA250;E / 200 /;Nemcija;DEU;osebni avtomobil;205;limuzina;E 
100;1385;9.1;0;MERCEDES BENZ;124.023;230 / E;Nemcija;DEU;osebni avtomobil;203;limuzina;230
100;1270;9.1;0;MERCEDES BENZ;170.435-K435A0CAAA221;SLK / 200 /;Nemcija;DEU;osebni avtomobil;208;kabriolet;SLK 
100;1270;9.1;0;MERCEDES BENZ;170.435-K435A0CAAA221;SLK / 200 /;Nemcija;DEU;osebni avtomobil;203;kabriolet;SLK 
100;1835;9.3;0;CHEVROLET;CM12-2211;CAPTIVA / 2.4 / 16V;Koreja. republika;KOR;osebni avtomobil;183;vecnamensko vozilo;CAPTIVA 
100;1410;9.4;0;MERCEDES BENZ;208;CLK / 200 /;Nemcija;DEU;osebni avtomobil;208;kupe;CLK 
100;1375;9.4;0;MERCEDES BENZ;208L335A0-CAAA240;CLK / 200 /;Nemcija;DEU;osebni avtomobil;208;kupe;CLK 
100;1740;9.4;0;RENAULT;JK0K-A6;ESPACE / 2.0 / 16V;Francija;FRA;osebni avtomobil;185;vecnamensko vozilo;ESPACE 
100;1400;9.5;0;MERCEDES BENZ;H035E0-TEAAA50;C / 200 / AUT.;Nemcija;DEU;osebni avtomobil;200;limuzina;C 
100;1270;9.5;0;MERCEDES BENZ;170;SLK / 200;Nemcija;DEU;osebni avtomobil;208;kabriolet;SLK 
100;1620;9.5;0;MITSUBISHI;CU221-1BABB5A5;OUTLANDER / 2.0 / 4WD;Japonska ;JPN;osebni avtomobil;192;karavan;OUTLANDER 
100;1620;9.5;0;MITSUBISHI;CU222-1BABB5A5;MITSUBISHI / OUTLANDER / 2.0 / 4WD;Japonska ;JPN;osebni avtomobil;192;karavan;MITSUBISHI 
100;1620;9.5;0;MITSUBISHI;CU222-1BABB5A5;OUTLANDER / 2.0 / 4WD;Japonska ;JPN;osebni avtomobil;192;vecnamensko vozilo;OUTLANDER 
100;1535;9.5;0;MITSUBISHI;CU222 1BABB;OUTLANDER / 2.0 / 4WD;Japonska ;JPN;osebni avtomobil;192;karavan;OUTLANDER 
100;1725;9.6;0;MERCEDES BENZ;124.060;E / 200 / CABRIO;Nemcija;DEU;osebni avtomobil;195;kabriolet;E 
100;1535;9.6;0;OPEL;VBM69-X20XEV;OMEGA / 2.0 / 16V;Nemcija;DEU;osebni avtomobil;210;limuzina;OMEGA 
100;1585;9.9;1;NISSAN;T30-E01;X-TRAIL / 2.2 / TD;Japonska ;JPN;osebni avtomobil;180;karavan;X-TRAIL 
100;1415;9.9;1;NISSAN;T30-E-E01;X-TRAIL / 2.2 / TD;Japonska ;JPN;osebni avtomobil;180;vecnamensko vozilo;X-TRAIL 
101;1405;7.6;0;SUBARU;BL5-0A0;LEGACY / SEDAN 2.0 / AWD;Japonska ;JPN;osebni avtomobil;197;limuzina;LEGACY 
101;1360;7.6;0;SUBARU;BL5-0A0;SUBARU/LEGACY 2.0/AWD;Japonska ;JPN;osebni avtomobil;197;limuzina;SUBARU
101;1480;7.7;0;SUBARU;BP5-0A0;LEGACY / WAGON 2.0 / AWD;Japonska ;JPN;osebni avtomobil;193;karavan;LEGACY 
101;1445;7.7;0;SUBARU;BP5-5A0;LEGACY / WAGON 2.0 / AWD AUT.;Japonska ;JPN;osebni avtomobil;182;karavan;LEGACY 
101;1360;7.7;0;SUBARU;BP5-0A0;LEGACY/WAGON 2.0/AWD;Japonska ;JPN;osebni avtomobil;193;karavan;LEGACY
101;2255;9.4;1;LAND ROVER;LTM8-028;DISCOVERY / 2.5 / TD5;Zdruûeno kraljestvo;GBR;osebni avtomobil;157;karavan;DISCOVERY 
101;1540;9.5;0;RENAULT;JAAC0E;MEGANE / SCENIC 2.0 / 16V;Francija;FRA;osebni avtomobil;180;vozilo z dviûnimi vrati zadaj;MEGANE 
101.5;1260;7.3;0;RENAULT;BRCCT6;CLIO / 2.0 / 16V;Francija;FRA;osebni avtomobil;200;vozilo z dviûnimi vrati zadaj;CLIO 
101.5;2250;9.4;1;LAND ROVER;LTGM9-028;DISCOVERY / 2.5 / Td5;Zdruûeno kraljestvo;GBR;osebni avtomobil;157;karavan;DISCOVERY 
102;2255;10.3;1;LAND ROVER;LTM8-034;DISCOVERY / 2.5 / Td5 AUT.;Zdruûeno kraljestvo;GBR;osebni avtomobil;157;limuzina;DISCOVERY 
102;1549;6.1;1;NISSAN;P12-P01;PRIMERA / WAGON 2.2 / TD;Zdruûeno kraljestvo;GBR;osebni avtomobil;203;karavan;PRIMERA 
102;1540;6.8;1;RENAULT;BG19B6;LAGUNA / 2.2 / DCI;Francija;FRA;osebni avtomobil;210;vozilo z dviûnimi vrati zadaj;LAGUNA 
102;1735;7.7;1;RENAULT;BJRH06;VEL SATIS / 2.2 / DCI;Francija;FRA;osebni avtomobil;200;vozilo z dviûnimi vrati zadaj;VEL SATIS 
102;1980;9.2;1;RENAULT;JK07DB;ESPACE / 2.2 / DCI AUT.;Francija;FRA;osebni avtomobil;185;vecnamensko vozilo;ESPACE 
102;2255;9.4;1;LAND ROVER;LTGM88;DISCOVERY / 2.5 /TD5;Zdruûeno kraljestvo;GBR;osebni avtomobil;157;limuzina;DISCOVERY 
102;2150;9.4;1;LAND ROVER;LTGM98;DISCOVERY / 2.5;Zdruûeno kraljestvo;GBR;osebni avtomobil;157;limuzina;DISCOVERY 
102;1155;9.5;0;MAZDA;18P5;MAZDA MX-5;Japonska ;JPN;osebni avtomobil;190;kabriolet;MAZDA MX-5
102;1540;9.5;0;RENAULT;JAAC-0E;MEGANE / SCENIC 2.0 / 16V;Francija;FRA;osebni avtomobil;180;vecnamensko vozilo;MEGANE 
103;1669;10.1;0;FORD;WGR-E5SB;GALAXY / 2.3;Nemcija;DEU;osebni avtomobil;196;limuzina;GALAXY 
103;2410;10.1;1;PEUGEOT;YBBNRB/MS9;BOXER / KOMBI 33 2.2 / HDI L2H2;Francija;FRA;osebni avtomobil;160;vecnamensko vozilo;BOXER 
103;3255;10.8;1;FORD;FDC6-H9FB4BE9DDA;TRANSIT / 350 L 2.4 / TDI AWD;Nemcija;DEU;osebni avtomobil;152;vozilo za posebne namene;TRANSIT 
103;1444;10.8;0;RENAULT;BT3H06;LAGUNA / 2.0 / 16V;Francija;FRA;osebni avtomobil;210;vozilo z dviûnimi vrati zadaj;LAGUNA 
103;1377;10.8;0;RENAULT;BTFH06;LAGUNA / 2.0 / 16V;Francija;FRA;osebni avtomobil;210;vozilo z dviûnimi vrati zadaj;LAGUNA 
103;1690;10.9;1;MITSUBISHI;CW0-CW821;OUTLANDER / 2.0 / DID;Japonska ;JPN;osebni avtomobil;187;karavan;OUTLANDER 
103;2007;11.7;1;JEEP;WB84-10;GRAND CHEROKEE / 3.1 / TD AUT.;Zdruûene drûave;USA;osebni avtomobil;170;karavan;GRAND CHEROKEE 
103;1733;3.7;1;OPEL;CAHKC12-BA1N4FPCD5;INSIGNIA / 2.0 / DT 16V;Nemcija;DEU;osebni avtomobil;205;vozilo z dviûnimi vrati zadaj;INSIGNIA 
103;1701;3.7;1;OPEL;AAHKC12-BA1N1FPCA5;INSIGNIA / 2.0 / DT 16V;Nemcija;DEU;osebni avtomobil;205;limuzina;INSIGNIA 
103;1701;3.7;1;OPEL;CAHKC12-BA1N1FPCA5;INSIGNIA / 2.0 / DT 16V;Nemcija;DEU;osebni avtomobil;205;vozilo z dviûnimi vrati zadaj;INSIGNIA 
103;1613;3.7;1;OPEL;AAHKC12-BA1N1FPCD5;INSIGNIA / 2.0 / DT 16V;Nemcija;DEU;osebni avtomobil;205;limuzina;INSIGNIA 
103;1579;3.9;0;FORD;BA7-UACA1DZ-5LKBZU00PEP;MONDEO / 2.0 / HEV 103;Nemcija;DEU;osebni avtomobil;187;limuzina;MONDEO 
103;1843;3.9;1;OPEL;DAHKC12-BA1R5FPCC5;INSIGNIA / 2.0 / DT 16V;Nemcija;DEU;osebni avtomobil;200;karavan;INSIGNIA 
103;1816;3.9;1;OPEL;DAHKC12-BA1R2FPCC5;INSIGNIA / 2.0 / DT 16V;Nemcija;DEU;osebni avtomobil;200;karavan;INSIGNIA 
103;1788;3.9;1;OPEL;DAHKC12-BA1P3FPCC5;INSIGNIA / 2.0 / DT 16V;Nemcija;DEU;osebni avtomobil;200;karavan;INSIGNIA 
103;1733;3.9;1;OPEL;DAHKC12-BA1N4FPCA5;INSIGNIA / 2.0 / DT 16V;Nemcija;DEU;osebni avtomobil;200;karavan;INSIGNIA 
103;1366;4.3;1;VOLKSWAGEN;ACCFFBX0-FM6FM62Q025E7MGN1;GOLF / 2.0 / TDI;Nemcija;DEU;osebni avtomobil;210;karavan;GOLF 
103;1435;4.4;1;AUDI;SCFFBF1-FM62Q025R8P607MGEM1;A3 / 2.0 / TDI;Nemcija;DEU;osebni avtomobil;210;karavan;A3 
103;1395;4.4;1;AUDI;ACFFBF1-FM62Q025R8P607MGEM1;A3 / 2.0 / TDI;Nemcija;DEU;osebni avtomobil;210;karavan;A3 
103;1505;4.4;1;PEUGEOT;8DRHF8/1;508 / 2.0 / HDI;Francija;FRA;osebni avtomobil;210;limuzina;508
103;1395;4.5;1;ALFA ROMEO;940FXL1A08;GIULIETTA / 2.0 / JTD;Italija;ITA;osebni avtomobil;205;vecnamensko vozilo;GIULIETTA 
103;1504;4.5;1;FORD;BA7UFBB1E-5HFENQ;MONDEO / 2.0 / TDCI 103 M6;Nemcija;DEU;osebni avtomobil;210;vozilo z dviûnimi vrati zadaj;MONDEO 
103;1164;4.5;0;FORD;JHH-YYJE1JX-5CFPZN00KAR;FIESTA / 1.0 / 103 S 5 vr;Nemcija;DEU;osebni avtomobil;202;vozilo z dviûnimi vrati zadaj;FIESTA 
103;1128;4.5;0;FORD;JA8-YYJB1C-5ABABK;FIESTA / 1.0 / 103 S 3 vr;Nemcija;DEU;osebni avtomobil;201;vozilo z dviûnimi vrati zadaj;FIESTA 
103;1557;4.5;1;VOLKSWAGEN;AACFFBX0-FM6FM62Q025ST7MJVR25O;CC / 2.0 / TDI;Nemcija;DEU;osebni avtomobil;214;limuzina;CC 
103;1550;4.5;1;VOLKSWAGEN;AACFFBX0-FM6FM62Q025ST7MJVR24O;CC / 2.0 / TDI;Nemcija;DEU;osebni avtomobil;214;limuzina;CC 
103;1379;4.5;1;VOLKSWAGEN;ADCFHC-FM6FM62Q0257MGVR2N1;SCIROCCO / 2.0 / TDI;Nemcija;DEU;osebni avtomobil;207;kupe;SCIROCCO 
103;1575;4.6;1;FORD;BA7UFBB1G-5HFEPB;MONDEO / 2.0 / TDCI 103 M6;Nemcija;DEU;osebni avtomobil;205;karavan;MONDEO 
103;1575;4.6;1;PEUGEOT;8ERHF8/1;508 / 2.0 BREAK / HDI;Francija;FRA;osebni avtomobil;210;karavan;508
103;1505;4.6;1;PEUGEOT;8DRHF8;508 / 2.0 / HDI;Francija;FRA;osebni avtomobil;210;limuzina;508
103;1554;4.6;1;äKODA;ACCFFBX01-NFM6FM62Q0257;SUPERB / COMBI 2.0 / TDI;Ceöka republika;CZE;osebni avtomobil;211;karavan;SUPERB 
103;1532;4.6;1;äKODA;AACFFBX01-NFM6FM62Q0257;SUPERB / 2.0 / TDI;Ceöka republika;CZE;osebni avtomobil;212;limuzina;SUPERB 
103;1571;4.6;1;VOLKSWAGEN;ACCFFBX0-FM6FM62Q025STP17MGSNVR2O;PASSAT / VARIANT 2.0 / TDI;Nemcija;DEU;osebni avtomobil;210;karavan;PASSAT 
103;1571;4.6;1;VOLKSWAGEN;ACCFFBX0-FM6FM62Q025STP07MGSNVR2O;PASSAT / VARIANT 2.0 / TDI;Nemcija;DEU;osebni avtomobil;210;vozilo z dviûnimi vrati zadaj;PASSAT 
103;1557;4.6;1;VOLKSWAGEN;AACFFBX0-FM6FM62Q025ST7MJVR25O;CC / 2.0 / TDI;Nemcija;DEU;osebni avtomobil;214;limuzina;CC 
103;1550;4.6;1;VOLKSWAGEN;AACFFBX0-FM6FM62Q025ST7MJVR24O;CC / 2.0 / TDI;Nemcija;DEU;osebni avtomobil;214;limuzina;CC 
103;1532;4.6;1;VOLKSWAGEN;AACFFBX0-FM6FM62Q025STP17MQSNVR2O;PASSAT / 2.0 / TDI;Nemcija;DEU;osebni avtomobil;213;limuzina;PASSAT 
103;1532;4.6;1;VOLKSWAGEN;AACFFBX0-FM6FM62Q025STP07MGSNVR2O;PASSAT / 2.0 / TDI;Francija;FRA;osebni avtomobil;213;limuzina;PASSAT 
103;1625;4.7;1;VOLKSWAGEN;ACCFFBX0-FM6FM62Q025STP17MESNVR2O;PASSAT / VARIANT 2.0 / TDI;Nemcija;DEU;osebni avtomobil;210;karavan;PASSAT 
103;1557;4.7;1;VOLKSWAGEN;AACFFBX0-FM6FM62Q025ST7MGVR25;PASSAT CC / 2.0 / TDI;Nemcija;DEU;osebni avtomobil;214;limuzina;PASSAT CC 
103;1557;4.7;1;VOLKSWAGEN;AACFFBX0-FM6FM62Q025ST7MQVR25O;CC / 2.0 / TDI;Nemcija;DEU;osebni avtomobil;214;limuzina;CC 
103;1550;4.7;1;VOLKSWAGEN;AACFFBX0-FM6FM62Q025ST7MQVR24M;CC / 2.0 / TDI;Nemcija;DEU;osebni avtomobil;214;limuzina;CC 
103;1550;4.7;1;VOLKSWAGEN;AACFFBX0-FM6FM62Q025ST7MGVR24;PASSAT CC / 2.0 / TDI;Nemcija;DEU;osebni avtomobil;214;limuzina;PASSAT CC 
103;1523;4.7;1;VOLKSWAGEN;AACBABX0-FM6FM62Q025ST7MGEVR2;PASSAT / 2.0 / TDI;Nemcija;DEU;osebni avtomobil;210;limuzina;PASSAT 
103;1316;4.7;0;VOLKSWAGEN;AC4CPTAX0-FD7FD7CW002N7MMMMLVR2;GOLF / 1.4 / TSI AUT.;Nemcija;DEU;osebni avtomobil;212;karavan;GOLF 
103;1290;4.7;0;VOLKSWAGEN;AC2CPTAX0-FD7FD7CW002N7MMOMLVR2;GOLF / 1.4 / TSI AUT.;Nemcija;DEU;osebni avtomobil;212;karavan;GOLF 
103;1270;4.7;0;VOLKSWAGEN;GAC2CPTAX0-FM6FM62S022N7MMON1ML00VR2;GOLF / 1.4 / TSI;Nemcija;DEU;osebni avtomobil;212;karavan;GOLF 
103;1635;4.8;1;AUDI;8E-BPW;A4 / AVANT / 2.0 / TDI;Nemcija;DEU;osebni avtomobil;203;karavan;A4 
103;1490;4.8;1;AUDI;8E-BLB;A4 / AVANT / 2.0 / TDI;Nemcija;DEU;osebni avtomobil;191;karavan;A4 
103;1300;4.8;0;AUDI;SCPTAF1-FM62S022R8V617MMEM1;A3 / 1.4 / TFSI;Nemcija;DEU;osebni avtomobil;213;vozilo z dviûnimi vrati zadaj;A3 
103;1681;4.8;1;PEUGEOT;8ERHF8;508 / BREAK 2.0 / HDI;Francija;FRA;osebni avtomobil;210;karavan;508
103;1575;4.8;1;PEUGEOT;8ERHF8;508 / BREAK 2.0 / HDI;Francija;FRA;osebni avtomobil;210;limuzina;508
103;1505;4.8;1;PEUGEOT;8DRHF8;508 / 2.0 / HDI;Francija;FRA;osebni avtomobil;210;limuzina;508
103;1380;4.8;1;SEAT;AFCFHCX01-SGNFM62Q0257MG;LEON / 2.0 / TDI;äpanija;ESP;osebni avtomobil;205;vecnamensko vozilo;LEON 
103;1395;4.8;1;äKODA;AACFHCX01-NFM6FM62Q0250;OCTAVIA / 2.0 / TDI;Ceöka republika;CZE;osebni avtomobil;211;limuzina;OCTAVIA 
103;1628;4.8;1;VOLKSWAGEN;CFHCAF-FM6FM62Q0287MJS7N1VR2SO;TOURAN / 2.0 / TDI;Nemcija;DEU;osebni avtomobil;203;vecnamensko vozilo;TOURAN 
103;1592;4.8;1;VOLKSWAGEN;CFFBAE-FM6STFM62Q0257MJVR2;EOS / 2.0 / TDI;Nemcija;DEU;osebni avtomobil;207;kabriolet;EOS 
103;1582;4.8;1;VOLKSWAGEN;CFHCAC-FM6FM62Q0287MJS5N1VR2SO;TOURAN / 2.0 / TDI;Nemcija;DEU;osebni avtomobil;203;karavan;TOURAN 
103;1559;4.8;1;VOLKSWAGEN;ACCBABX0-FM6FM62Q025ST7MGEVR2;PASSAT / VARIANT 2.0 / TDI;Nemcija;DEU;osebni avtomobil;208;karavan;PASSAT 
103;1411;4.8;1;VOLKSWAGEN;AACFFBX0-FM6FM62Q025N7MQN1VR0;JETTA / 2.0 / TDI;Nemcija;DEU;osebni avtomobil;210;limuzina;JETTA 
103;1379;4.8;1;VOLKSWAGEN;ADCFHC-FM6FM62Q0257MGVR0N1;SCIROCCO / 2.0 / TDI;Nemcija;DEU;osebni avtomobil;207;kupe;SCIROCCO 
103;1351;4.8;1;VOLKSWAGEN;ACCFFBX0-FM6FM62Q025N7MGN1;GOLF / 2.0 / TDI;Nemcija;DEU;osebni avtomobil;209;karavan;GOLF 
103;1351;4.8;1;VOLKSWAGEN;ACCFFBX0-FM6FM62Q025N7MGVI;GOLF / 2.0 / TDI;Nemcija;DEU;osebni avtomobil;209;vozilo za posebne namene;GOLF 
103;1296;4.8;0;VOLKSWAGEN;AC4CPTAX0-FM6FM62S022N7MMOMLVR2;GOLF / 1.4 / TSI;Nemcija;DEU;osebni avtomobil;212;karavan;GOLF 
103;1460;4.9;1;AUDI;SCFFBF1-FD62E018R8P607MGEM1;A3 / 2.0 / TDI AUT.;Nemcija;DEU;osebni avtomobil;210;karavan;A3 
103;1505;4.9;1;FIAT;334AXD2B03A;500X / 2.0 / JTD CA 4X4 OFF ROAD;Italija;ITA;osebni avtomobil;190;vecnamensko vozilo;500X 
103;1575;4.9;1;FORD;BA7UFBA1G-5HFBPB;MONDEO / 2.0 / TDCI 103 M6;Nemcija;DEU;osebni avtomobil;205;karavan;MONDEO 
103;1557;4.9;1;FORD;BA7UFBA1E-5HFBPQ;MONDEO / 2.0 / TDCI 103 M6;Nemcija;DEU;osebni avtomobil;210;vozilo z dviûnimi vrati zadaj;MONDEO 
103;1488;4.9;1;FORD;DXAUFDB1J-5NFCND;C-MAX / 2.0 / TDCI 103 M6;Nemcija;DEU;osebni avtomobil;201;vecnamensko vozilo;C-MAX 
103;1446;4.9;1;FORD;DYBUFDB1L-5NFAND;FOCUS / 2.0 / TDCI 103 M6;Nemcija;DEU;osebni avtomobil;207;karavan;FOCUS 
103;1490;4.9;1;SEAT;ACCFHCX01-SGNFM62Q0257MJ;ALTEA XL / 2.0 / TDI;äpanija;ESP;osebni avtomobil;201;karavan;ALTEA XL 
103;1490;4.9;1;SEAT;ACCFHCX01-SGNFM62Q0257MG;ALTEA XL / 2.0 / TDI;äpanija;ESP;osebni avtomobil;201;vecnamensko vozilo;ALTEA XL 
103;1465;4.9;1;SEAT;AFCFHCX01-SGNFM62Q0257MJ;ALTEA / 2.0 / TDI;äpanija;ESP;osebni avtomobil;201;karavan;ALTEA 
103;1465;4.9;1;SEAT;AFCFHCX01-SGNFM62Q0257MG;ALTEA / 2.0 / TDI;äpanija;ESP;osebni avtomobil;201;vecnamensko vozilo;ALTEA 
103;1573;4.9;1;äKODA;ACCFFBX01-NFM6FM62Q0257;SUPERB / COMBI 2.0 / TDI;Ceöka republika;CZE;osebni avtomobil;209;karavan;SUPERB 
103;1410;4.9;1;äKODA;ACCFHCX01-NFM6FM62Q0250;OCTAVIA / COMBI 2.0 / TDI;Ceöka republika;CZE;osebni avtomobil;210;karavan;OCTAVIA 
103;1589;4.9;1;VOLKSWAGEN;AACFFBX0-FM6FM62Q025ST7MEVR25O;CC / 2.0 / TDI;Nemcija;DEU;osebni avtomobil;214;limuzina;CC 
103;1589;4.9;1;VOLKSWAGEN;AACFFBX0-FM6FM62Q025ST7MEVR25;PASSAT CC / 2.0 / TDI;Nemcija;DEU;osebni avtomobil;214;limuzina;PASSAT CC 
103;1554;4.9;1;VOLKSWAGEN;AACBABX0-FM6FM62Q025ST7MGVR25;PASSAT CC / 2.0 / TDI;Nemcija;DEU;osebni avtomobil;214;limuzina;PASSAT CC 
103;1540;4.9;1;VOLKSWAGEN;AACBABX0-FM6FM62Q025ST7MGVR24;PASSAT CC / 2.0 / TDI;Nemcija;DEU;osebni avtomobil;214;limuzina;PASSAT CC 
103;1495;4.9;1;VOLKSWAGEN;ACCFHCX0-FM6FM62Q025N7MGN1;GOLF / VARIANT 2.0 / TDI;Nemcija;DEU;osebni avtomobil;210;karavan;GOLF 
103;1395;4.9;1;VOLKSWAGEN;ADCFHC-FD6FD62E0187MGVR2S1;SCIROCCO / 2.0 / TDI AUT.;Nemcija;DEU;osebni avtomobil;205;kupe;SCIROCCO 
103;1395;4.9;1;VOLKSWAGEN;ABCFFBX0-FM6FM62Q028N7MQN1VR0;BEETLE / 2.0 / TDI;Nemcija;DEU;osebni avtomobil;198;vozilo z dviûnimi vrati zadaj;BEETLE 
103;1391;4.9;1;VOLKSWAGEN;ABCFFBX0-FM6FM62Q028N7MJVIVR0;BEETLE / 2.0 / TDI;Nemcija;DEU;osebni avtomobil;198;vozilo z dviûnimi vrati zadaj;BEETLE 
103;1389;4.9;1;VOLKSWAGEN;ACCFFBX0-FD6FD62E018E7MGN1;GOLF / 2.0 / TDI AUT.;Nemcija;DEU;osebni avtomobil;210;karavan;GOLF 
103;1374;4.9;1;VOLKSWAGEN;ACCBABX0-FM6FM62Q025N7MGN1;GOLF / 2.0 / TDI;Nemcija;DEU;osebni avtomobil;209;karavan;GOLF 
103;1435;5.1;1;AUDI;SCBABF1-FM62Q008R8P607MB;A3 / 2.0 / TDI;Nemcija;DEU;osebni avtomobil;207;karavan;A3 
103;1395;5.1;1;AUDI;8P ACBABF1 FM62Q008R8P617MB;A3 / 2.0 / TDI;Nemcija;DEU;osebni avtomobil;207;karavan;A3 
103;1450;5.1;0;BMW;11AK-DAW5000S;218 / GRAN COUPE / i AUT.;Nemcija;DEU;osebni avtomobil;215;limuzina;218
103;1395;5.1;0;BMW;7K31-DAW500LG;118 / / i AUT.;Nemcija;DEU;osebni avtomobil;213;vozilo z dviûnimi vrati zadaj;118
103;1730;5.1;1;CITROEN;RWRHF8;C5 III / TOURER 2.0 / Hdi;Francija;FRA;osebni avtomobil;200;karavan;C5 III 
103;1670;5.1;1;CITROEN;RWRHA4/U;C5 III / TOURER 2.0 / HDI;Francija;FRA;osebni avtomobil;204;karavan;C5 III 
103;1575;5.1;1;FORD;DXAUFDB1H-5NLCPG;Grand C-MAX / 2.0 / TDCI 103 M6;Nemcija;DEU;osebni avtomobil;200;karavan;Grand C-MAX 
103;1488;5.1;1;FORD;DXAUFDB1J-5NFCND;C-MAX / 2.0 / TDCI 140 DPF M6;Nemcija;DEU;osebni avtomobil;201;vecnamensko vozilo;C-MAX 
103;1451;5.1;1;HONDA;FK31-1;CIVIC / 2.2 / i-CTDi;Zdruûeno kraljestvo;GBR;osebni avtomobil;205;vozilo z dviûnimi vrati zadaj;CIVIC 
103;1422;5.1;1;HONDA;FK31-3;CIVIC / 2.2 / I CTDI;Zdruûeno kraljestvo;GBR;osebni avtomobil;205;vozilo z dviûnimi vrati zadaj;CIVIC 
103;1393;5.1;1;HONDA;FN31-1;CIVIC / 2.2 / i-CTDi;Zdruûeno kraljestvo;GBR;osebni avtomobil;205;vozilo z dviûnimi vrati zadaj;CIVIC 
103;1505;5.1;1;JEEP;BUAXB2B01A;RENEGADE / 2.0 / JTD 4WD;Zdruûene drûave;USA;osebni avtomobil;182;vecnamensko vozilo;RENEGADE 
103;1365;5.1;1;MERCEDES BENZ;X20JM2-EZACA500;A / 200 / CDI;Nemcija;DEU;osebni avtomobil;201;karavan;A 
103;1576;5.1;1;äKODA;ACCFFBX01-NFD6FD62E0187;SUPERB / COMBI 2.0 / TDI AUT.;Ceöka republika;CZE;osebni avtomobil;210;karavan;SUPERB 
103;1554;5.1;1;äKODA;AACFFBX01-NFD6FD62E0187;SUPERB / 2.0 / TDI AUT.;Ceöka republika;CZE;osebni avtomobil;212;limuzina;SUPERB 
103;1470;5.1;1;äKODA;ACCFHCX0-NFM6FM62Q0287;YETI / 2.0 / TDI;Ceöka republika;CZE;osebni avtomobil;193;karavan;YETI 
103;1465;5.1;1;äKODA;ACCFHCX0-NFM6FM62Q028ST7;YETI / 2.0 / TDI;Ceöka republika;CZE;osebni avtomobil;193;karavan;YETI 
103;1571;5.1;1;VOLKSWAGEN;AACFFBX0-FD6FD62E018ST7MJVR25O;CC / 2.0 / TDI AUT.;Nemcija;DEU;osebni avtomobil;212;limuzina;CC 
103;1564;5.1;1;VOLKSWAGEN;AACFFBX0-FD6FD62E018ST7MQVR24M;CC / 2.0 / TDI AUT.;Nemcija;DEU;osebni avtomobil;212;limuzina;CC 
103;1493;5.1;1;VOLKSWAGEN;ACCBDBX0-FM6FM62Q025N7MGN1;GOLF PLUS / 2.0 / TDI;Nemcija;DEU;osebni avtomobil;204;karavan;GOLF PLUS 
103;1486;5.1;1;VOLKSWAGEN;AACBDBX0-FM6FM62Q025N7MBN1;JETTA / 2.0 / TDI;Nemcija;DEU;osebni avtomobil;207;limuzina;JETTA 
103;1482;5.1;1;VOLKSWAGEN;AECFFBX0-FM6FM62Q028N7MJVIVR0;BEETLE CABRIOLET / 2.0 / TDI;Nemcija;DEU;osebni avtomobil;196;kabriolet;BEETLE CABRIOLET 
103;1476;5.1;1;VOLKSWAGEN;ACCFHCX0-FM6FM62Q025N7MGN1;GOLF PLUS / 2.0 / TDI;Nemcija;DEU;osebni avtomobil;204;karavan;GOLF PLUS 
103;1379;5.1;1;VOLKSWAGEN;ADCBDB-FM6FM62Q0257MGVR0N1;SCIROCCO / 2.0 / TDI;Nemcija;DEU;osebni avtomobil;207;kupe;SCIROCCO 
103;1520;5.2;1;AUDI;XCFFBF1-FM6BB002R8U617MJEM1;Q3 / 2.0 / TDI;Nemcija;DEU;osebni avtomobil;202;karavan;Q3 
103;1520;5.2;1;AUDI;XCFFBF1-FM6BB002R8U617MQEM1;Q3 / 2.0 / TDI;Nemcija;DEU;osebni avtomobil;202;vozilo za posebne namene;Q3 
103;1592;5.2;1;FORD;BA7UFBB1G-5MNEP4;MONDEO / 2.0 / TDCI 103 A6;Nemcija;DEU;osebni avtomobil;200;karavan;MONDEO 
103;1485;5.2;1;FORD;DYBUFDB1L-5QNAND;FOCUS / 2.0 / TDCI 103 A6;Nemcija;DEU;osebni avtomobil;205;karavan;FOCUS 
103;1461;5.2;1;FORD;DYBUFDB1K-5QNAND;FOCUS / 2.0 / TDCI 103 A6;Nemcija;DEU;osebni avtomobil;205;vozilo z dviûnimi vrati zadaj;FOCUS 
103;1458;5.2;1;HONDA;FN31-4;CIVIC / 2.2 / i-CTDi;Zdruûeno kraljestvo;GBR;osebni avtomobil;205;vozilo z dviûnimi vrati zadaj;CIVIC 
103;1454;5.2;1;HONDA;FN31-2;CIVIC / 2.2 / i-CTDi;Zdruûeno kraljestvo;GBR;osebni avtomobil;205;vozilo z dviûnimi vrati zadaj;CIVIC 
103;1799;5.2;1;JEEP;MXJHEFVJ5LD1A;COMPASS / 2.0 / JTD AWD;Zdruûene drûave;USA;osebni avtomobil;196;vecnamensko vozilo;COMPASS 
103;1435;5.2;1;MERCEDES BENZ;Y20JK2-EZAAA500;B / 200 / CDI;Nemcija;DEU;osebni avtomobil;200;karavan;B 
103;1503;5.2;0;OPEL;CADLC12-BA1L2JDWB5;INSIGNIA / 1.4 / 16V TURBO;Nemcija;DEU;osebni avtomobil;205;vozilo z dviûnimi vrati zadaj;INSIGNIA 
103;1211;5.2;0;SEAT;CCHPAX0-FM6SFM62S0227MJVL;LEON SC / 1.4 / TSI;äpanija;ESP;osebni avtomobil;211;karavan;LEON SC 
103;1576;5.2;1;äKODA;ACCFFBX01-NFD6FD62E0187;SUPERB / COMBI 2.0 / TDI AUT.;Ceöka republika;CZE;osebni avtomobil;210;karavan;SUPERB 
103;1554;5.2;1;äKODA;AACFFBX01-NFD6FD62E0187;SUPERB / 2.0 / TDI AUT.;Ceöka republika;CZE;osebni avtomobil;212;limuzina;SUPERB 
103;1277;5.2;0;äKODA;ACCHPAX0-NFM6FM62S022STVL9;OCTAVIA / COMBI 1.4 / TSI;Ceöka republika;CZE;osebni avtomobil;212;karavan;OCTAVIA 
103;1649;5.2;1;VOLKSWAGEN;CFHCAF-FD6FD62E0187MJS7N1VR2SO;TOURAN / 2.0 / TDI AUT.;Nemcija;DEU;osebni avtomobil;201;vecnamensko vozilo;TOURAN 
103;1616;5.2;1;VOLKSWAGEN;CFHCAC-FD6FD62E0187MJS5N1VR2SO;TOURAN / 2.0 / TDI AUT.;Nemcija;DEU;osebni avtomobil;201;karavan;TOURAN 
103;1609;5.2;1;VOLKSWAGEN;ACCFFBX0-FM6FM6BB002STP37MJCNVR2O;PASSAT / ALLTRACK 2.0 / TDI;Nemcija;DEU;osebni avtomobil;201;karavan;PASSAT 
103;1601;5.2;1;VOLKSWAGEN;ACCFFBX0-FD6FD62E018STP17MGSNVR2O;PASSAT / VARIANT 2.0 / TDI AUT.;Nemcija;DEU;osebni avtomobil;208;karavan;PASSAT 
103;1601;5.2;1;VOLKSWAGEN;ACCFFBX0-FD6FD62E018STP07MGSNVR2O;PASSAT / VARIANT 2.0 / TDI AUT.;Nemcija;DEU;osebni avtomobil;208;vozilo za posebne namene;PASSAT 
103;1601;5.2;1;VOLKSWAGEN;ACCFFBX0-FD6FD62E018STP17MQSNVR2O;PASSAT / VARIANT 2.0 / TDI AUT.;Belgija;BEL;osebni avtomobil;208;karavan;PASSAT 
103;1560;5.2;1;VOLKSWAGEN;AACFFBX0-FD6FD62E018STP17MQSNVR2O;PASSAT / 2.0 / TDI AUT.;Nemcija;DEU;osebni avtomobil;211;limuzina;PASSAT 
103;1450;5.2;1;VOLKSWAGEN;1K-BKd;GOLF / 2.0;Nemcija;DEU;osebni avtomobil;187;vozilo z dviûnimi vrati zadaj;GOLF 
103;1520;5.3;0;BMW;6V71-DAW500LT;218 / GRAN TOURER / i AUT.;Nemcija;DEU;osebni avtomobil;205;karavan;218
103;1505;5.3;0;BMW;31AA-DAW500LT;X1 / sDrive18 / i AUT.;Nemcija;DEU;osebni avtomobil;203;karavan;X1 
103;1811;5.3;1;CITROEN;RWRHF8;C5 III / TOURER 2.0 / Hdi;Francija;FRA;osebni avtomobil;200;karavan;C5 III 
103;1683;5.3;1;CITROEN;RDRHF8;C5 III / 2.0 / Hdi;Francija;FRA;osebni avtomobil;205;limuzina;C5 III 
103;1456;5.3;1;CITROEN;LCRHF8/4;C4 / 2.0 / HDi 16V;Francija;FRA;osebni avtomobil;207;vozilo z dviûnimi vrati zadaj;C4 
103;1733;5.3;1;FORD;WA6UFWA-1S7HEAQG;S-MAX / 2.0 / TDCi 103 M6;Nemcija;DEU;osebni avtomobil;205;vecnamensko vozilo;S-MAX 
103;1733;5.3;1;FORD;WA6UFWA-1S7HEAQG;S-MAX / 2.0 / TDCi 103 M6;Nemcija;DEU;osebni avtomobil;203;vecnamensko vozilo;S-MAX 
103;1733;5.3;1;FORD;WA6UFWA-1M7HEAQG;GALAXY / 2.0 / TDCi 103 M6;Nemcija;DEU;osebni avtomobil;203;vecnamensko vozilo;GALAXY 
103;1733;5.3;1;FORD;WA6UFWA-1S7HEAQG;S-MAX / 2.0 / TDCi 103 M6;Nemcija;DEU;osebni avtomobil;195;vecnamensko vozilo;S-MAX 
103;1733;5.3;1;FORD;WA6UFWA-1M7HEAQG;GALAXY / 2.0 / TDCI 103 M6;Nemcija;DEU;osebni avtomobil;193;vecnamensko vozilo;GALAXY 
103;1605;5.3;1;FORD;DM2UFMA1A-5NNAPE;KUGA / 2.0 / TDCI 103 M6;Nemcija;DEU;osebni avtomobil;190;vecnamensko vozilo;KUGA 
103;1575;5.3;1;FORD;BA7UFBA1G-5CFBPB;MONDEO / 2.0 / TDCI 103 DPF M6;Nemcija;DEU;osebni avtomobil;205;karavan;MONDEO 
103;1575;5.3;1;FORD;DXAUFDB1H-7NLCPG;Grand C-MAX / 2.0 / TDCI 103 M6;Nemcija;DEU;osebni avtomobil;200;karavan;Grand C-MAX 
103;1557;5.3;1;FORD;BA7UFBA1E-5CFBPQ;MONDEO / 2.0 / TDCI 103 DPF M6;Nemcija;DEU;osebni avtomobil;210;vozilo z dviûnimi vrati zadaj;MONDEO 
103;1507;5.3;1;HONDA;FK31-2;CIVIC / 2.2 / i-CTDi;Zdruûeno kraljestvo;GBR;osebni avtomobil;205;vozilo z dviûnimi vrati zadaj;CIVIC 
103;1497;5.3;1;HONDA;FK31-4;CIVIC / 2.2 / i-CTDi;Zdruûeno kraljestvo;GBR;osebni avtomobil;205;vozilo z dviûnimi vrati zadaj;CIVIC 
103;1422;5.3;1;HONDA;FK31-2;CIVIC / 2.2 / I CTDI;Zdruûeno kraljestvo;GBR;osebni avtomobil;205;vozilo z dviûnimi vrati zadaj;CIVIC 
103;1422;5.3;1;HONDA;FK3-1-4;CIVIC / 2.2 / CTDI;Japonska ;JPN;osebni avtomobil;205;vozilo z dviûnimi vrati zadaj;CIVIC 
103;1422;5.3;1;HONDA;FK31-4;CIVIC / 2.2 / I CTDI;Zdruûeno kraljestvo;GBR;osebni avtomobil;141;vozilo z dviûnimi vrati zadaj;CIVIC 
103;1435;5.3;1;MERCEDES BENZ;Y20JK2-EZAAA501;B / 200 / CDI;Nemcija;DEU;osebni avtomobil;200;karavan;B 
103;1365;5.3;1;MERCEDES BENZ;X20JL2-EZACA500;A / 200 / CDI;Nemcija;DEU;osebni avtomobil;201;karavan;A 
103;1503;5.3;0;OPEL;AADLC12-BA1K2JDWC5;INSIGNIA / 1.4 / TURBO;Nemcija;DEU;osebni avtomobil;205;limuzina;INSIGNIA 
103;1275;5.3;0;SEAT;FCHPAX0-FM6SFM62S0227MJVL;LEON ST / 1.4 / TSI;äpanija;ESP;osebni avtomobil;211;karavan;LEON ST 
103;1631;5.3;1;äKODA;ACCFFBX11-NAM6AM62Q0317;SUPERB / COMBI 2.0 / TDI 4x4;Ceöka republika;CZE;osebni avtomobil;208;karavan;SUPERB 
103;1415;5.3;1;äKODA;AACFHCX01-NFD6FD62E0180;OCTAVIA / 2.0 / TDI AUT.;Ceöka republika;CZE;osebni avtomobil;209;limuzina;OCTAVIA 
103;1277;5.3;0;äKODA;ACCHPAX0-NFM6FM62S022STVL7;OCTAVIA / COMBI 1.4 / TSI;Ceöka republika;CZE;osebni avtomobil;212;karavan;OCTAVIA 
103;1255;5.3;0;äKODA;AACHPAX0-NFM6FM62S022STVL7;OCTAVIA / 1.4 / TSI;Ceöka republika;CZE;osebni avtomobil;215;limuzina;OCTAVIA 
103;1656;5.3;1;VOLKSWAGEN;ACCFFBX1-AM6AM62Q031STP17MJSNVR2O;PASSAT / VARIANT 2.0 / TDI 4M;Nemcija;DEU;osebni avtomobil;207;karavan;PASSAT 
103;1648;5.3;1;VOLKSWAGEN;ACCFFBX0-FD6FD62E018STP17MESNVR2O;PASSAT / VARIANT 2.0 / TDI AUT.;Nemcija;DEU;osebni avtomobil;208;karavan;PASSAT 
103;1647;5.3;1;VOLKSWAGEN;AACFFBX1-AM6AM62Q031ST7MJVR25O;CC / 2.0 / TDI 4M;Nemcija;DEU;osebni avtomobil;210;limuzina;CC 
103;1637;5.3;1;VOLKSWAGEN;AACFFBX1-AM6AM62Q031STP17MQSNVR2O;PASSAT / 2.0 / TDI 4M;Nemcija;DEU;osebni avtomobil;210;limuzina;PASSAT 
103;1625;5.3;1;VOLKSWAGEN;CFHCAF-FM6FM62Q0287MGS7N1VR0;TOURAN / 2.0 / TDI;Nemcija;DEU;osebni avtomobil;201;vecnamensko vozilo;TOURAN 
103;1614;5.3;1;VOLKSWAGEN;CFFBAE-FD6VIFD62E0187MQVR2;EOS / 2.0 / TDI AUT.;Nemcija;DEU;osebni avtomobil;204;kabriolet;EOS 
103;1606;5.3;1;VOLKSWAGEN;CFHCAF-FM6FM62Q0287MGS7N1VR0SO;TOURAN / 2.0 / TDI;Nemcija;DEU;osebni avtomobil;201;vecnamensko vozilo;TOURAN 
103;1579;5.3;1;VOLKSWAGEN;CFHCAC-FM6FM62Q0287MGS5N1VR0SO;TOURAN / 2.0 / TDI;Nemcija;DEU;osebni avtomobil;201;karavan;TOURAN 
103;1571;5.3;1;VOLKSWAGEN;AACFFBX0-FD6FD62E018ST7MGVR25;PASSAT CC / 2.0 / TDI AUT.;Nemcija;DEU;osebni avtomobil;212;limuzina;PASSAT CC 
103;1571;5.3;1;VOLKSWAGEN;AACFFBX0-FD6FD62E018ST7MQVR25O;CC / 2.0 / TDI AUT.;Nemcija;DEU;osebni avtomobil;212;limuzina;CC 
103;1564;5.3;1;VOLKSWAGEN;AACFFBX0-FD6FD62E018ST7MQVR24O;CC / 2.0 / TDI AUT.;Nemcija;DEU;osebni avtomobil;212;limuzina;CC 
103;1564;5.3;1;VOLKSWAGEN;AACFFBX0-FD6FD62E018ST7MGVR24;PASSAT CC / 2.0 / TDI AUT.;Nemcija;DEU;osebni avtomobil;212;limuzina;PASSAT CC 
103;1541;5.3;1;VOLKSWAGEN;ACCFFBX0-FM6FM6BB002NDSTVR27MJO;TIGUAN / 2.0 / TDI;Nemcija;DEU;osebni avtomobil;193;karavan;TIGUAN 
103;1541;5.3;1;VOLKSWAGEN;ACCFFBX0-FM6FM6BB002NDV2VR27MJM;TIGUAN / 2.0 / TDI;Nemcija;DEU;osebni avtomobil;193;vozilo za posebne namene;TIGUAN 
103;1538;5.3;1;VOLKSWAGEN;ACCFFBX0-FM6FM6BB002NDSTVR27MG;TIGUAN / 2.0 / TDI;Nemcija;DEU;osebni avtomobil;192;karavan;TIGUAN 
103;1441;5.3;1;VOLKSWAGEN;AACFFBX0-FD6FD62E018N7MQN1VR0;JETTA / 2.0 / TDI AUT.;Nemcija;DEU;osebni avtomobil;208;limuzina;JETTA 
103;1397;5.3;1;VOLKSWAGEN;ACCBABX0-FD6FD62E018N7MGN1;GOLF / 2.0 / TDI AUT.;Nemcija;DEU;osebni avtomobil;207;karavan;GOLF 
103;1395;5.3;1;VOLKSWAGEN;ADCFHC-FD6FD62E0187MGVR0N1;SCIROCCO / 2.0 / TDI AUT.;Nemcija;DEU;osebni avtomobil;205;kupe;SCIROCCO 
103;1372;5.3;1;VOLKSWAGEN;ACCFFBX0-FD6FD62E018N7MGN1;GOLF / 2.0 / TDI AUT.;Nemcija;DEU;osebni avtomobil;209;karavan;GOLF 
103;1354;5.3;0;VOLKSWAGEN;VACCHPAX0-FM6FM62S022N7MJOML00VR2;GOLF / VARIANT 1.4 / TSI;Nemcija;DEU;osebni avtomobil;213;karavan;GOLF 
103;1293;5.3;0;VOLKSWAGEN;AC4CHPAX0-FM6FM62S022N7MJOMLVR2;GOLF / 1.4 / TSI;Nemcija;DEU;osebni avtomobil;212;karavan;GOLF 
103;1460;5.4;1;AUDI;SCBABF1-FD62E018R8P607MGEM0;A3 / 2.0 / TDI D-AUT.;Nemcija;DEU;osebni avtomobil;207;karavan;A3 
103;1445;5.4;1;AUDI;LBKD_F1-FM62Q008R8P60T40GG;A3 / 2.0 / TDI;Nemcija;DEU;osebni avtomobil;207;vozilo z dviûnimi vrati zadaj;A3 
103;1420;5.4;1;AUDI;ACBABF1-FD62E018R8P607MG;A3 / 2.0 / TDI D-AUT.;Nemcija;DEU;osebni avtomobil;207;karavan;A3 
103;1405;5.4;1;AUDI;LBKD_F1-FM62Q008R8P60T20GG;A3 / 2.0 / TDI;Nemcija;DEU;osebni avtomobil;207;vozilo z dviûnimi vrati zadaj;A3 
103;1570;5.4;0;BMW;6V71-DAW700Z0;218 / GRAN TOURER / i AUT.;Nemcija;DEU;osebni avtomobil;205;karavan;218
103;1520;5.4;0;BMW;6V71-DAW500K0;218 / GRAN TOURER / i AUT.;Nemcija;DEU;osebni avtomobil;205;karavan;218
103;1425;5.4;0;BMW;11AK-DHW5000S;218 / GRAN COUPE / i;Nemcija;DEU;osebni avtomobil;215;limuzina;218
103;1360;5.4;1;FIAT;192AXG1B18C;STILO / 1.9;Italija;ITA;osebni avtomobil;203;vozilo z dviûnimi vrati zadaj;STILO 
103;1285;5.4;1;FIAT;192AXG1B18C;FIAT / STILO / 1.9 / JTD;Italija;ITA;osebni avtomobil;203;vozilo z dviûnimi vrati zadaj;FIAT 
103;1735;5.4;1;FORD;WA6UFWA-1M7HEAQG;GALAXY / 2.0 / TDCi 103 M6;Nemcija;DEU;osebni avtomobil;193;vecnamensko vozilo;GALAXY 
103;1690;5.4;1;FORD;WA6UFWA-1S7HEAQG;S-MAX / 2.0 / TDCi 103 M6;Nemcija;DEU;osebni avtomobil;195;vecnamensko vozilo;S-MAX 
103;1622;5.4;1;HONDA;CN12-2;ACCORD / 2.2 / CTDI;Japonska ;JPN;osebni avtomobil;210;limuzina;ACCORD 
103;1603;5.4;1;HONDA;CN11-1;ACCORD / 2.2 / CTDi;Japonska ;JPN;osebni avtomobil;210;limuzina;ACCORD 
103;1578;5.4;1;HONDA;CN11-1;ACCORD / 2.2;Japonska ;JPN;osebni avtomobil;210;limuzina;ACCORD 
103;1473;5.4;1;HONDA;CN11-1;HONDA / ACCORD / 2.2 / CTDi;Japonska ;JPN;osebni avtomobil;210;limuzina;HONDA 
103;1393;5.4;0;HYUNDAI;B5P31-M64BZ1;i30 / 1.4 / T-GDI;Ceöka republika;CZE;osebni avtomobil;210;vozilo z dviûnimi vrati zadaj;i30 
103;1435;5.4;1;MERCEDES BENZ;Y20JK2-EZAAA500;B / 200 / CDI;Nemcija;DEU;osebni avtomobil;200;karavan;B 
103;1365;5.4;1;MERCEDES BENZ;X20JL2-EWAAA500;A / 200 / CDI;Nemcija;DEU;osebni avtomobil;201;karavan;A 
103;1290;5.4;1;MERCEDES BENZ;169;A / 200 / CDI;Nemcija;DEU;osebni avtomobil;201;karavan;A 
103;1555;5.4;0;RENAULT;RFAJF2NB6RVA015000;SCENIC / 1.3 / 16V;Francija;FRA;osebni avtomobil;195;vozilo z dviûnimi vrati zadaj;SCENIC 
103;1547;5.4;1;äKODA;AACFFBX01-NFM6FM62Q025W;SUPERB / 2.0 / TDI;Ceöka republika;CZE;osebni avtomobil;208;limuzina;SUPERB 
103;1430;5.4;1;äKODA;ACCFHCX01-NFD6FD62E018;OCTAVIA / COMBI 2.0 / TDI AUT.;Ceöka republika;CZE;osebni avtomobil;208;karavan;OCTAVIA 
103;1285;5.4;0;SUZUKI;LYEA1S-MT2;VITARA / 1.4 / 4WD;Madûarska;HUN;osebni avtomobil;200;vozilo z dviûnimi vrati zadaj;VITARA 
103;1225;5.4;0;SUZUKI;JYAA2S-MT;SX4 / 1.4;Madûarska;HUN;osebni avtomobil;200;vozilo z dviûnimi vrati zadaj;SX4 
103;1592;5.4;1;VOLKSWAGEN;AACFFBX0-FD6FD62E018ST7MEVR24;PASSAT CC / 2.0 / TDI AUT.;Nemcija;DEU;osebni avtomobil;212;limuzina;PASSAT CC 
103;1521;5.4;1;VOLKSWAGEN;ACCFHCX0-FD6FD62E018N7MGN1;GOLF / VARIANT 2.0 / TDI AUT.;Nemcija;DEU;osebni avtomobil;208;karavan;GOLF 
103;1417;5.4;1;VOLKSWAGEN;ABCFFBX0-FD6FD62E018N7MQN1VR0;BEETLE / 2.0 / TDI AUT.;Nemcija;DEU;osebni avtomobil;195;vozilo z dviûnimi vrati zadaj;BEETLE 
103;1397;5.4;1;VOLKSWAGEN;ACCBABX0-FD6FD62E018N7MGVI;GOLF / 2.0 / TDI AUT.;Nemcija;DEU;osebni avtomobil;207;karavan;GOLF 
103;1504;5.5;1;AUDI;LBKDF1-FM62Q008R8P60T2N;A3 / 2.0 / TDI;Nemcija;DEU;osebni avtomobil;207;vozilo z dviûnimi vrati zadaj;A3 
103;1485;5.5;1;AUDI;8PLBKDF1-FM62Q008R8P61T20GGN;A3 / 2.0 / TDI;Nemcija;DEU;osebni avtomobil;207;vozilo z dviûnimi vrati zadaj;A3 
103;1472;5.5;1;AUDI;8PLBMMF1-FM62Q008R8P60T27GGN;A3 / 2.0 / TDI;Nemcija;DEU;osebni avtomobil;207;vozilo z dviûnimi vrati zadaj;A3 
103;1469;5.5;1;AUDI;LBKDF1-FM62Q008R8P60T20GGN;A3 / 2.0 / TDI;Nemcija;DEU;osebni avtomobil;207;vozilo z dviûnimi vrati zadaj;A3 
103;1445;5.5;1;AUDI;LBMMF1-FM62Q008R8P60T47GG;A3 / 2.0 / TDI;Nemcija;DEU;osebni avtomobil;207;vozilo z dviûnimi vrati zadaj;A3 
103;1419;5.5;1;AUDI;LBKDF1-FM62Q008R8P61T2N;A3 / 2.0 / TDI;Nemcija;DEU;osebni avtomobil;207;vozilo z dviûnimi vrati zadaj;A3 
103;1415;5.5;1;AUDI;8P-BKD;A3 / 2.0 / TDI;Nemcija;DEU;osebni avtomobil;207;vozilo z dviûnimi vrati zadaj;A3 
103;1412;5.5;1;AUDI;8P LBKDF1-FM62Q008R8P60T2N;A 3 / 2.0;Nemcija;DEU;osebni avtomobil;207;vozilo z dviûnimi vrati zadaj;A 3 
103;1405;5.5;1;AUDI;LBKDF1-FM62Q008R8P60T20GG;A3 / 2.0 / TDI;Nemcija;DEU;osebni avtomobil;207;vozilo z dviûnimi vrati zadaj;A3 
103;1395;5.5;1;AUDI;8P LBKDF1-FM62Q008R8P60N;A 3 / 2.0;Nemcija;DEU;osebni avtomobil;207;vozilo z dviûnimi vrati zadaj;A 3 
103;1365;5.5;0;BMW;7K31-DHW500LG;118 / / i;Nemcija;DEU;osebni avtomobil;213;vozilo z dviûnimi vrati zadaj;118
103;1730;5.5;1;CITROEN;RWRHF8;C5 III / TOURER 2.0 / Hdi;Francija;FRA;osebni avtomobil;200;karavan;C5 III 
103;1570;5.5;1;FIAT;334AXB2201A;500X / 2.0 / JTD CA 4X4 OFF ROAD;Italija;ITA;osebni avtomobil;190;vecnamensko vozilo;500X 
103;1547;5.5;1;HONDA;CN1;ACCORD / 2.2 /CDTI;Japonska ;JPN;osebni avtomobil;212;limuzina;ACCORD 
103;1534;5.5;1;HYUNDAI;B5D51-M61BZ1;i 30 / 2.0 / CRDi;Koreja. republika;KOR;osebni avtomobil;205;vecnamensko vozilo;i 30 
103;1489;5.5;0;HYUNDAI;F5P31-D71BZ1;i30 CW / 1.4 / T-GDI DCT;Ceöka republika;CZE;osebni avtomobil;203;karavan;i30 CW 
103;1467;5.5;0;HYUNDAI;F5P31-M64BZ1;i30 CW / 1.4 / T-GDI;Ceöka republika;CZE;osebni avtomobil;208;karavan;i30 CW 
103;1440;5.5;0;HYUNDAI;BAP31-D71FZ1;i30 FB / 1.4 / T-GDI DCT;Ceöka republika;CZE;osebni avtomobil;203;vozilo z dviûnimi vrati zadaj;i30 FB 
103;1429;5.5;0;HYUNDAI;B5P31-D71BZ1;i30 / 1.4 / T-GDI DCT;Ceöka republika;CZE;osebni avtomobil;205;vozilo z dviûnimi vrati zadaj;i30 
103;1405;5.5;0;KIA;CDBAP31-D71E11;PROCEED / 1.4 / T / AUT.;Slovaöka;SVK;osebni avtomobil;205;vozilo z dviûnimi vrati zadaj;PROCEED 
103;1382;5.5;0;KIA;CDF5P31-D71A11;CEED / 1.4 / T / AUT.;Slovaöka;SVK;osebni avtomobil;205;karavan;CEED 
103;1363;5.5;0;KIA;CDBBP31-D71E11;CEED / 1.4 / T / AUT.;Slovaöka;SVK;osebni avtomobil;205;vozilo z dviûnimi vrati zadaj;CEED 
103;1345;5.5;0;KIA;CDB5P31-D71B11;CEED / 1.4 / T / AUT.;Slovaöka;SVK;osebni avtomobil;205;vozilo z dviûnimi vrati zadaj;CEED 
103;1503;5.5;0;OPEL;AADLC12-BA1K2JDWJ5;INSIGNIA / 1.4 / TURBO;Nemcija;DEU;osebni avtomobil;205;limuzina;INSIGNIA 
103;1503;5.5;0;OPEL;CADLC12-BA1L2JDWJ5;INSIGNIA / 1.4 / TURBO;Nemcija;DEU;osebni avtomobil;205;vozilo z dviûnimi vrati zadaj;INSIGNIA 
103;1774;5.5;1;SEAT;CFFBX0AC-FM6FM6BB0027MQ5VR2SE;ALHAMBRA / 2.0 / TDI;äpanija;ESP;osebni avtomobil;194;karavan;ALHAMBRA 
103;1505;5.5;1;SEAT;ACCFHCX01-AGNFD62E0187MG;ALTEA XL / 2.0 / TDI AUT.;äpanija;ESP;osebni avtomobil;201;vecnamensko vozilo;ALTEA XL 
103;1480;5.5;1;SEAT;AFCFHCX01-AGNFD62E0187MG;ALTEA / 2.0 / TDI AUT.;äpanija;ESP;osebni avtomobil;201;vecnamensko vozilo;ALTEA 
103;1390;5.5;1;SEAT;AFBMMX01-SGNFM62Q0047GG;LEON / 2.0 / TDI;äpanija;ESP;osebni avtomobil;205;vecnamensko vozilo;LEON 
103;1569;5.5;1;äKODA;ACCFFBX01-NFM6FM62Q0250;SUPERB / COMBI 2.0 / TDI;Ceöka republika;CZE;osebni avtomobil;205;karavan;SUPERB 
103;1555;5.5;1;äKODA;1ZACBKDX01-DQ6FA62E0180;OCTAVIA / COMBI 2.0 / TDI;Ceöka republika;CZE;osebni avtomobil;207;karavan;OCTAVIA 
103;1505;5.5;1;äKODA;AABKDX01-FM6FM62Q009N;OCTAVIA / 2.0 / TDI;Ceöka republika;CZE;osebni avtomobil;208;limuzina;OCTAVIA 
103;1497;5.5;1;äKODA;ACBKDX01-FM6FM62Q009N;OCTAVIA / COMBI 2.0;Ceöka republika;CZE;osebni avtomobil;207;karavan;OCTAVIA 
103;1494;5.5;1;äKODA;1ZACBKDX01-FM6FM62Q009N;OCTAVIA / COMBI 2.0 / TDI;Ceöka republika;CZE;osebni avtomobil;207;karavan;OCTAVIA 
103;1484;5.5;1;äKODA;ACBKDX01-FM6FM62Q009N;OCTAVIA / COMBI 2.0 / TDI;Ceöka republika;CZE;osebni avtomobil;207;karavan;OCTAVIA 
103;1483;5.5;1;äKODA;AABKDX01-FM6FM62Q009N;OCTAVIA / 2.0;Ceöka republika;CZE;osebni avtomobil;208;limuzina;OCTAVIA 
103;1425;5.5;1;äKODA;ACBKDX01-NFM6FM62Q009;OCTAVIA / COMBI 2.0 / TDI;Ceöka republika;CZE;osebni avtomobil;207;karavan;OCTAVIA 
103;1410;5.5;1;äKODA;AABKDX01-NFM6FM62Q009;OCTAVIA / 2.0 / TDI;Ceöka republika;CZE;osebni avtomobil;208;limuzina;OCTAVIA 
103;1405;5.5;1;äKODA;1Z STBKDX01-FM6FM62Q009N;OCTAVIA / 2.0;Ceöka republika;CZE;osebni avtomobil;208;limuzina;OCTAVIA 
103;1391;5.5;1;äKODA;STBKDX01-FM6FM62Q009N;OCTAVIA / 2.0;Ceöka republika;CZE;osebni avtomobil;208;limuzina;OCTAVIA 
103;1310;5.5;0;SUZUKI;LYEA1S-AT2;VITARA / 1.4 / 4WD / AUT.;Madûarska;HUN;osebni avtomobil;200;vozilo z dviûnimi vrati zadaj;VITARA 
103;1774;5.5;1;VOLKSWAGEN;CFFBX0AC-FM6FM6BJ0027MG5VR2;SHARAN / 2.0 / TDI;Nemcija;DEU;osebni avtomobil;194;karavan;SHARAN 
103;1647;5.5;1;VOLKSWAGEN;AACFFBX1-AM6AM62Q031ST7MGVR25;PASSAT CC / 2.0 / TDI 4M;Nemcija;DEU;osebni avtomobil;210;limuzina;PASSAT CC 
103;1561;5.5;1;VOLKSWAGEN;ABBKDX01-FM62Q009N4;GOLF / 2.0 / TDI;Nemcija;DEU;osebni avtomobil;203;vozilo z dviûnimi vrati zadaj;GOLF 
103;1521;5.5;1;VOLKSWAGEN;ACCFHCX0-FD6FD62E018N7MGN1;GOLF / VARIANT 2.0 / TDI AUT.;Nemcija;DEU;osebni avtomobil;208;karavan;GOLF 
103;1501;5.5;1;VOLKSWAGEN;ACCFHCX0-FD6FD62E018N7MGN1;GOLF PLUS / 2.0 / TDI AUT.;Nemcija;DEU;osebni avtomobil;202;karavan;GOLF PLUS 
103;1484;5.5;1;VOLKSWAGEN;ABBKDX0-FM6FM62Q009N40GGN1;GOLF / 2.0;Nemcija;DEU;osebni avtomobil;205;vozilo z dviûnimi vrati zadaj;GOLF 
103;1478;5.5;1;VOLKSWAGEN;ABBKDX0-FM6FM62Q009N40GGS1;GOLF / 2.0 / TDI;Nemcija;DEU;osebni avtomobil;205;vozilo z dviûnimi vrati zadaj;GOLF 
103;1476;5.5;1;VOLKSWAGEN;ABBKDX0-FM6FM62Q009N40GGN1;GOLF / 2.0 / TDI;Nemcija;DEU;osebni avtomobil;205;vozilo z dviûnimi vrati zadaj;GOLF 
103;1474;5.5;1;VOLKSWAGEN;ACCBABX1-AM6AM62Q031N7MGVI;GOLF / 2.0 / TDI 4M;Nemcija;DEU;osebni avtomobil;206;karavan;GOLF 
103;1474;5.5;1;VOLKSWAGEN;ACCBDBX0-FM6FM62Q009N7MBN1;GOLF / VARIANT 2.0 / TDI;Nemcija;DEU;osebni avtomobil;205;karavan;GOLF 
103;1451;5.5;1;VOLKSWAGEN;ACCFFBX1-AM6AM62Q031N7MGN1;GOLF / 2.0 / TDI 4M;Nemcija;DEU;osebni avtomobil;209;karavan;GOLF 
103;1451;5.5;1;VOLKSWAGEN;ACCFFBX1-AM6AM62Q031N7MGN1;GOLF / 2.0 / TDI 4M;Nemcija;DEU;osebni avtomobil;209;vozilo za posebne namene;GOLF 
103;1448;5.5;1;VOLKSWAGEN;ABBKDX01-FM62Q009N2;GOLF / 2.0;Nemcija;DEU;osebni avtomobil;203;vozilo z dviûnimi vrati zadaj;GOLF 
103;1442;5.5;1;VOLKSWAGEN;ABBKDX0-FM6FM62Q009N20GGS1;GOLF / 2.0;Nemcija;DEU;osebni avtomobil;205;vozilo z dviûnimi vrati zadaj;GOLF 
103;1441;5.5;1;VOLKSWAGEN;ABBKDX01-FM62Q009N2;GOLF / 2.0 / TDI;Nemcija;DEU;osebni avtomobil;203;vozilo z dviûnimi vrati zadaj;GOLF 
103;1434;5.5;1;VOLKSWAGEN;1K-BKD;GOLF / 2.0 / TDI;Nemcija;DEU;osebni avtomobil;205;vozilo z dviûnimi vrati zadaj;GOLF 
103;1431;5.5;1;VOLKSWAGEN;ABBKDX0-FM6FM62Q009N20GGS1;GOLF / 2.0 / TDI;Nemcija;DEU;osebni avtomobil;205;vozilo z dviûnimi vrati zadaj;GOLF 
103;1418;5.5;1;VOLKSWAGEN;1K ABBKDX01-FM62Q009N4;GOLF / 2.0;Nemcija;DEU;osebni avtomobil;203;vozilo z dviûnimi vrati zadaj;GOLF 
103;1414;5.5;1;VOLKSWAGEN;1KABBKDX01-FM62Q009N4;GOLF / 2.0 / TDI;Nemcija;DEU;osebni avtomobil;203;vozilo z dviûnimi vrati zadaj;GOLF 
103;1409;5.5;1;VOLKSWAGEN;1K ABBKDX01-FM6FM62Q009N20GG;GOLF / 2.0;Nemcija;DEU;osebni avtomobil;205;vozilo z dviûnimi vrati zadaj;GOLF 
103;1409;5.5;1;VOLKSWAGEN;ABBKDX01-FM62Q009N4;GOLF / 2.0;Nemcija;DEU;osebni avtomobil;203;vozilo z dviûnimi vrati zadaj;GOLF 
103;1401;5.5;1;VOLKSWAGEN;1K ABBKDX0 FM6FM62Q009N40GGS1;GOLF / 2.0 / TDI;Nemcija;DEU;osebni avtomobil;205;vozilo z dviûnimi vrati zadaj;GOLF 
103;1395;5.5;1;VOLKSWAGEN;ADCBDB-FD6FD62E0187MGS1;SCIROCCO / 2.0 / TDI AUT.;Nemcija;DEU;osebni avtomobil;205;kupe;SCIROCCO 
103;1385;5.5;1;VOLKSWAGEN;1K ABBKDX01-FM62Q009N2;GOLF / 2.0;Nemcija;DEU;osebni avtomobil;203;vozilo z dviûnimi vrati zadaj;GOLF 
103;1378;5.5;1;VOLKSWAGEN;1K ABBKDX01-FM62Q009N2;VOLKSWAGEN / GOLF / 2.0 / TDI;Nemcija;DEU;osebni avtomobil;203;vozilo z dviûnimi vrati zadaj;VOLKSWAGEN 
103;1356;5.5;1;VOLKSWAGEN;ACBMMX0-FM6FM62Q009N7GGN1;GOLF / 2.0 / TDI;Nemcija;DEU;osebni avtomobil;205;karavan;GOLF 
103;1356;5.5;1;VOLKSWAGEN;ABBKDX0-FM6FM62Q0090GGN1;GOLF / 2.0 / TDI;Nemcija;DEU;osebni avtomobil;205;vozilo z dviûnimi vrati zadaj;GOLF 
103;1575;5.6;1;AUDI;LBKDF1-FM62Q008R8P60T4O;A3 / 2.0 / TDI;Nemcija;DEU;osebni avtomobil;207;vozilo z dviûnimi vrati zadaj;A3 
103;1570;5.6;1;AUDI;KCBABF1-FD62E018R8P607MB;A3 / CABRIOLET 2.0 / TDI D-AUT.;Nemcija;DEU;osebni avtomobil;205;kabriolet;A3 
103;1560;5.6;1;AUDI;8P;A3 / 2.0 / TDI;Nemcija;DEU;osebni avtomobil;207;vozilo z dviûnimi vrati zadaj;A3 
103;1551;5.6;1;AUDI;8PLBKDF1-FM62Q008R8P60T40;A3 / 2.0 / TDI;Nemcija;DEU;osebni avtomobil;207;vozilo z dviûnimi vrati zadaj;A3 
103;1544;5.6;1;AUDI;LBKDF1-FM62Q008R8P61T4O;A 3 / 2.0;Nemcija;DEU;osebni avtomobil;207;vozilo z dviûnimi vrati zadaj;A 3 
103;1537;5.6;1;AUDI;LBKDF1-FM62Q008R8P61T4O;A3 / 2.0 / TDI;Nemcija;DEU;osebni avtomobil;207;vozilo z dviûnimi vrati zadaj;A3 
103;1535;5.6;1;AUDI;SCBABQ1-QM62Q018R8P607MGEM0;A3 / 2.0 / TDI Q;Nemcija;DEU;osebni avtomobil;205;karavan;A3 
103;1533;5.6;1;AUDI;LBKDF1-FM62Q008R8P60T4O;A 3 / 2.0;Nemcija;DEU;osebni avtomobil;207;vozilo z dviûnimi vrati zadaj;A 3 
103;1510;5.6;1;AUDI;LBKDF1-FM62Q008R8P60N;A3 / 2.0 / TDI;Nemcija;DEU;osebni avtomobil;207;vozilo z dviûnimi vrati zadaj;A3 
103;1495;5.6;1;AUDI;ACBABQ1-QM62Q018R8P607MGEM0;A3 / 2.0 / TDI Q;Nemcija;DEU;osebni avtomobil;205;karavan;A3 
103;1475;5.6;1;AUDI;LBMMF1-FD62E018R8P60T47GG;A3 / 2.0 / TDI D-AUT.;Nemcija;DEU;osebni avtomobil;207;vozilo z dviûnimi vrati zadaj;A3 
103;1473;5.6;1;AUDI;8PLBKDF1-FM62Q008R8P60N;A3 / 2.0 / TDI;Nemcija;DEU;osebni avtomobil;207;vozilo z dviûnimi vrati zadaj;A3 
103;1454;5.6;1;AUDI;8P LBKDF1-FM62Q008R8P60T4O;AUDI / A3 / 2.0 / TDI;Nemcija;DEU;osebni avtomobil;207;vozilo z dviûnimi vrati zadaj;AUDI 
103;1454;5.6;1;AUDI;8P LBKDF1-FM62Q008R8P60T4O;A 3 / 2.0;Nemcija;DEU;osebni avtomobil;207;vozilo z dviûnimi vrati zadaj;A 3 
103;1445;5.6;1;AUDI;8P LBMMF1;A3 / 2.0 / TDI;Nemcija;DEU;osebni avtomobil;207;vozilo z dviûnimi vrati zadaj;A3 
103;1420;5.6;1;AUDI;LBKDF1-FM62Q008R8P60O;A3 / 2.0 / TDI;Nemcija;DEU;osebni avtomobil;207;vozilo z dviûnimi vrati zadaj;A3 
103;1405;5.6;1;AUDI;LBKDF1-FM62Q008R8P60T20GGN;A3 / 2.0 / TDI;Nemcija;DEU;osebni avtomobil;207;vozilo z dviûnimi vrati zadaj;A3 
103;1395;5.6;0;BMW;7K31-DAW500LS;118 / / i AUT.;Nemcija;DEU;osebni avtomobil;213;vozilo z dviûnimi vrati zadaj;118
103;1430;5.6;1;FIAT;192CXG1B20C;STILO / MW 1.9;Italija;ITA;osebni avtomobil;200;karavan;STILO 
103;1430;5.6;1;FIAT;192CXG1B20C;FIAT / STILO / MW 1.9 / JTD;Italija;ITA;osebni avtomobil;200;karavan;FIAT 
103;1430;5.6;1;FIAT;192CXG1B 20C;STILO / MW  1.9 / JTD;Italija;ITA;osebni avtomobil;190;vecnamensko vozilo;STILO 
103;1340;5.6;1;FIAT;192BXG1B19C;FIAT / STILO / 1.9 / JTD;Italija;ITA;osebni avtomobil;200;vozilo z dviûnimi vrati zadaj;FIAT 
103;1733;5.6;1;FORD;WA6UFWA-1M7CEAQG;GALAXY / 2.0 / TDCi 103 M6;Nemcija;DEU;osebni avtomobil;193;vecnamensko vozilo;GALAXY 
103;1696;5.6;0;FORD;BA7H-UACC1DZ-5LKBZNAE7TP;MONDEO HIBRID / 2.0 / 103;Nemcija;DEU;osebni avtomobil;187;limuzina;MONDEO HIBRID 
103;1696;5.6;0;FORD;BA7-UACC1DZ-5LKBZNAATTP;MONDEO / 2.0 / HEV 103;Nemcija;DEU;osebni avtomobil;187;limuzina;MONDEO 
103;1690;5.6;1;FORD;WA6UFWA-1S7CEAQG;S-MAX / 2.0 / TDCi 103 M6;Nemcija;DEU;osebni avtomobil;195;vecnamensko vozilo;S-MAX 
103;1592;5.6;1;FORD;BA7UFBA1G-5MNBP4;MONDEO / 2.0 / TDCI 103 DPF A6;Nemcija;DEU;osebni avtomobil;200;karavan;MONDEO 
103;1603;5.6;1;HONDA;CN12-2;ACCORD / 2.2 / CTDi;Japonska ;JPN;osebni avtomobil;212;limuzina;ACCORD 
103;1947;5.6;1;JEEP;JEECT-F5LD1A;CHEROKEE / 2.0 / AWD;Zdruûene drûave;USA;osebni avtomobil;189;karavan;CHEROKEE 
103;1513;5.6;1;KIA;EDF5D91-M61CZ1;CEED / 2.0 / D;Slovaöka;SVK;osebni avtomobil;205;vecnamensko vozilo;CEED 
103;1458;5.6;1;KIA;EDB5D71-M61DZ1;CEED / 2.0 / D;Slovaöka;SVK;osebni avtomobil;205;vecnamensko vozilo;CEED 
103;1440;5.6;1;KIA;EDB3D71-M61DZ1;CEED / 2.0 / D;Slovaöka;SVK;osebni avtomobil;205;vecnamensko vozilo;CEED 
103;1378;5.6;0;KIA;CDBAP31-M64D11;PROCEED / 1.4 / T;Slovaöka;SVK;osebni avtomobil;210;vozilo z dviûnimi vrati zadaj;PROCEED 
103;1370;5.6;0;KIA;CDFAP31-M64D11;CEED / 1.4 / T;Slovaöka;SVK;osebni avtomobil;210;karavan;CEED 
103;1352;5.6;0;KIA;CDF5P31-M64A11;CEED / 1.4 / T;Slovaöka;SVK;osebni avtomobil;210;karavan;CEED 
103;1333;5.6;0;KIA;CDBBP31-M64D11;CEED / 1.4 / T;Slovaöka;SVK;osebni avtomobil;210;vozilo z dviûnimi vrati zadaj;CEED 
103;1315;5.6;0;KIA;CDB5P31-M64B11;CEED / 1.4 / T;Slovaöka;SVK;osebni avtomobil;210;vozilo z dviûnimi vrati zadaj;CEED 
103;1530;5.6;1;MAZDA;GH14D6;MAZDA 6 / 2.0 / D;Japonska ;JPN;osebni avtomobil;201;vozilo z dviûnimi vrati zadaj;MAZDA 6 
103;1500;5.6;1;MAZDA;GH12D6;MAZDA 6 / 2.0 / D;Japonska ;JPN;osebni avtomobil;204;limuzina;MAZDA 6 
103;1470;5.6;1;MERCEDES BENZ;Y20JM2-FZAAA500;B / 200 / CDI AUT.;Nemcija;DEU;osebni avtomobil;195;karavan;B 
103;1435;5.6;1;MERCEDES BENZ;Y20JL2-EWAAA500;B / 200 / CDI;Nemcija;DEU;osebni avtomobil;200;karavan;B 
103;1615;5.6;0;RENAULT;RFARF2NB6RVA017000;GRAND SCENIC / 1.3 / 16V;Francija;FRA;osebni avtomobil;192;vozilo z dviûnimi vrati zadaj;GRAND SCENIC 
103;1605;5.6;0;RENAULT;RFARF2NB6RVA017000;GRAND SCENIC / 1.3 / 16V;Francija;FRA;osebni avtomobil;195;vozilo z dviûnimi vrati zadaj;GRAND SCENIC 
103;1591;5.6;0;RENAULT;RFARF2NB6RVA015000;GRAND SCENIC / 1.3 / 16V;Francija;FRA;osebni avtomobil;192;vozilo z dviûnimi vrati zadaj;GRAND SCENIC 
103;1437;5.6;0;RENAULT;RFBKF2NB6TA0700100;MEGANE / GRANDTOUR 1.3 / 16V;Francija;FRA;osebni avtomobil;203;karavan;MEGANE 
103;1822;5.6;1;SEAT;CFFBX0AF-FM6FM6BB0027MQ7VR2SE;ALHAMBRA / 2.0 / TDI;äpanija;ESP;osebni avtomobil;194;vecnamensko vozilo;ALHAMBRA 
103;1390;5.6;1;SEAT;AFBKDX01-SGFM62Q0040GG;LEON / 2.0 / TDI;äpanija;ESP;osebni avtomobil;205;vecnamensko vozilo;LEON 
103;1500;5.6;1;äKODA;ACCFHCX11-NAM6AM62Q0310;OCTAVIA / COMBI 2.0 / TDI 4x4;Ceöka republika;CZE;osebni avtomobil;204;karavan;OCTAVIA 
103;1290;5.6;0;SUZUKI;JYBA2S-MT;SX4 / 1.4 / 4WD;Madûarska;HUN;osebni avtomobil;200;vozilo z dviûnimi vrati zadaj;SX4 
103;1290;5.6;0;SUZUKI;JYBA2S-MT;SX4 / 1.4 / 4WD;Madûarska;HUN;osebni avtomobil;200;vozilo za posebne namene;SX4 
103;1824;5.6;1;VOLKSWAGEN;CFFBX0AF-FM6FM6BJ0027MG6VR2VW;SHARAN / 2.0 / TDI;Nemcija;DEU;osebni avtomobil;194;vecnamensko vozilo;SHARAN 
103;1822;5.6;1;VOLKSWAGEN;CFFBX0AF-FM6FM6BJ0027MG7VR2VW;SHARAN / 2.0 / TDI;Nemcija;DEU;osebni avtomobil;194;vecnamensko vozilo;SHARAN 
103;1627;5.6;1;VOLKSWAGEN;CBABAE-FM6STFM62Q0097MG;EOS / 2.0 / TDI;Nemcija;DEU;osebni avtomobil;206;kabriolet;EOS 
103;1612;5.6;1;VOLKSWAGEN;3C-BMP;PASSAT / 2.0 / TDI;Nemcija;DEU;osebni avtomobil;206;karavan;PASSAT 
103;1612;5.6;1;VOLKSWAGEN;3C-BMP;PASSAT / 2.0 / TDI;Nemcija;DEU;osebni avtomobil;201;karavan;PASSAT 
103;1610;5.6;1;VOLKSWAGEN;CFHCAC-FM6FM62Q0287MJC5N1VR0SO;TOURAN / 2.0 / TDI;Nemcija;DEU;osebni avtomobil;194;karavan;TOURAN 
103;1547;5.6;1;VOLKSWAGEN;AACBABX0-FM6FM62Q009ST7MGVR05;PASSAT CC / 2.0 / TDI;Nemcija;DEU;osebni avtomobil;213;limuzina;PASSAT CC 
103;1541;5.6;1;VOLKSWAGEN;AACBABX0-FM6FM62Q009ST7MGVR04;PASSAT CC / 2.0 / TDI;Nemcija;DEU;osebni avtomobil;213;limuzina;PASSAT CC 
103;1534;5.6;1;VOLKSWAGEN;ACCFHCX01-N0J2FM6FM6BB002N1STVR27MJ;CADDY / 2.0 / TDI;Nemcija;DEU;osebni avtomobil;186;karavan;CADDY 
103;1529;5.6;1;VOLKSWAGEN;3C-BMP;PASSAT / 2.0 / TDI;Nemcija;DEU;osebni avtomobil;209;limuzina;PASSAT 
103;1527;5.6;1;VOLKSWAGEN;AACBABX0-FM6FM62Q009ST7MGS;PASSAT / 2.0 / TDI;Nemcija;DEU;osebni avtomobil;209;limuzina;PASSAT 
103;1505;5.6;1;VOLKSWAGEN;ACCBDBX0-FD6FD62E015N7MGN1;GOLF PLUS / 2.0 / TDI AUT.;Nemcija;DEU;osebni avtomobil;202;karavan;GOLF PLUS 
103;1505;5.6;1;VOLKSWAGEN;AECFFBX0-FD6FD62E018N7MJVIVR0;BEETLE CABRIOLET / 2.0 / TDI AUT.;Nemcija;DEU;osebni avtomobil;193;kabriolet;BEETLE CABRIOLET 
103;1489;5.6;1;VOLKSWAGEN;3BG-BGW;PASSAT / VARIANT / 2.0 / TDI;Nemcija;DEU;osebni avtomobil;201;karavan;PASSAT 
103;1477;5.6;1;VOLKSWAGEN;ACBKD-FM6FM62Q0090GGN1;GOLF / VARIANT 2.0 / TDI;Nemcija;DEU;osebni avtomobil;205;karavan;GOLF 
103;1466;5.6;1;VOLKSWAGEN;ABBMMX0-FM6FM62Q009N47GGN1;GOLF / 2.0 / TDI;Nemcija;DEU;osebni avtomobil;205;vozilo z dviûnimi vrati zadaj;GOLF 
103;1465;5.6;1;VOLKSWAGEN;ACBMMX0-FM6FM62Q009N7GGN1;GOLF / VARIANT 2.0 / TDI;Nemcija;DEU;osebni avtomobil;205;karavan;GOLF 
103;1454;5.6;1;VOLKSWAGEN;3C-BMP;PASSAT / 2.0 / TDI;Nemcija;DEU;osebni avtomobil;201;limuzina;PASSAT 
103;1374;5.6;1;VOLKSWAGEN;ACCBABX0-FM6FM62Q025N7MGN1;GOLF / 2.0 / TDI;Nemcija;DEU;osebni avtomobil;209;karavan;GOLF 
103;1610;5.7;1;AUDI;XCFFBQ1-QM62Q039R8U617MQEM1;Q3 / 2.0 / TDI Q;Nemcija;DEU;osebni avtomobil;199;karavan;Q3 
103;1610;5.7;1;AUDI;XCFFBQ1-QM62Q039R8U617MJEM1;Q3 / 2.0 / TDI Q;Nemcija;DEU;osebni avtomobil;197;karavan;Q3 
103;1505;5.7;1;AUDI;LBREF1-FM6XA0R8E500GG;A4 / 2.0 / TDI;Nemcija;DEU;osebni avtomobil;212;limuzina;A4 
103;1485;5.7;1;AUDI;LBKDF1-FD62E018R8P60T40GGN;A3 / 2.0 / TDI D-AUT.;Nemcija;DEU;osebni avtomobil;207;vozilo z dviûnimi vrati zadaj;A3 
103;1415;5.7;1;AUDI;8P;A3 / 2.0 / TDI;Nemcija;DEU;osebni avtomobil;207;vozilo z dviûnimi vrati zadaj;A3 
103;1515;5.7;0;CHEVROLET;JWHS1/GM5;CRUZE / 1.4 / 16V / TURBO;Koreja. republika;KOR;osebni avtomobil;200;karavan;CRUZE 
103;1683;5.7;1;CITROEN;RDRHF8;C5 III / 2.0 / HDI 16V;Francija;FRA;osebni avtomobil;205;limuzina;C5 III 
103;1395;5.7;0;FIAT;334AXC1105B;500X / 1.4 / DDCT OFF ROAD;Italija;ITA;osebni avtomobil;190;vecnamensko vozilo;500X 
103;1350;5.7;0;FIAT;198AXS1B15;BRAVO / 1.4 / 16V TURBO;Italija;ITA;osebni avtomobil;204;vecnamensko vozilo;BRAVO 
103;1885;5.7;1;FORD;WA6UFWA-1S7MJAQG;S-MAX / 2.0 / TDCi 103 A6;Nemcija;DEU;osebni avtomobil;193;vecnamensko vozilo;S-MAX 
103;1733;5.7;1;FORD;WA6UFWA-1M7CEAQG;GALAXY / 2.0 / TDCi 103 DPF M6;Nemcija;DEU;osebni avtomobil;193;vecnamensko vozilo;GALAXY 
103;1731;5.7;1;FORD;WA6UFWA-1M7MJAQG;GALAXY / 2.0 / TDCi 103 A6;Nemcija;DEU;osebni avtomobil;190;vecnamensko vozilo;GALAXY 
103;1716;5.7;0;FORD;BA7H-UACC1FZ-5LKBZNAE7TQ;MONDEO HIBRID / 2.0 / 103;Nemcija;DEU;osebni avtomobil;187;karavan;MONDEO HIBRID 
103;1692;5.7;1;FORD;DM2UFMA2A-5PMAQE;KUGA / 2.0 / TDCI 103 M6 4x4;Nemcija;DEU;osebni avtomobil;188;vecnamensko vozilo;KUGA 
103;1690;5.7;1;FORD;WA6UFWA-1S7CEAQG;S-MAX / 2.0 / TDCi 103 DPF M6;Nemcija;DEU;osebni avtomobil;196;vecnamensko vozilo;S-MAX 
103;1634;5.7;1;FORD;DXAUFDB1H-5QNCQG;Grand C-MAX / 2.0 / TDCI 103 A6;Nemcija;DEU;osebni avtomobil;198;karavan;Grand C-MAX 
103;1431;5.7;0;HYUNDAI;BAP31-M64GZ1;i30 FB / 1.4 / T-GDI;Ceöka republika;CZE;osebni avtomobil;208;vozilo z dviûnimi vrati zadaj;i30 FB 
103;1816;5.7;1;JEEP;MXJHVFVJ5LD1A;COMPASS / 2.0 / JTD 4X4;Zdruûene drûave;USA;osebni avtomobil;196;vecnamensko vozilo;COMPASS 
103;1605;5.7;1;JEEP;BUAXD2203C;RENEGADE / 2.0 / JTD 4WD LOW;Zdruûene drûave;USA;osebni avtomobil;182;vecnamensko vozilo;RENEGADE 
103;1405;5.7;0;KIA;CDBAP31-D71E11;PROCEED / 1.4 / T / AUT.;Slovaöka;SVK;osebni avtomobil;205;vozilo z dviûnimi vrati zadaj;PROCEED 
103;1382;5.7;0;KIA;CDF5P31-D71A11;CEED / 1.4 / T / AUT.;Slovaöka;SVK;osebni avtomobil;205;karavan;CEED 
103;1363;5.7;0;KIA;CDBBP31-D71E11;CEED / 1.4 / T / AUT.;Slovaöka;SVK;osebni avtomobil;205;vozilo z dviûnimi vrati zadaj;CEED 
103;1345;5.7;0;KIA;CDB5P31-D71B11;CEED / 1.4 / T AUT.;Slovaöka;SVK;osebni avtomobil;206;vozilo z dviûnimi vrati zadaj;CEED 
103;1345;5.7;0;KIA;CDB5P31-D71B11;CEED / 1.4 / T / AUT.;Slovaöka;SVK;osebni avtomobil;205;vozilo z dviûnimi vrati zadaj;CEED 
103;1395;5.7;0;LANCIA;844AXL1A10;DELTA / 1.4 / TURBO MULTIAIR;Italija;ITA;osebni avtomobil;203;vecnamensko vozilo;DELTA 
103;1545;5.7;1;MAZDA;GH19D6;MAZDA 6 / KARAVAN 2.0 / D;Japonska ;JPN;osebni avtomobil;198;karavan;MAZDA 6 
103;1395;5.7;1;MERCEDES BENZ;169 X20JL2 F1AAA50;A / 200 / CDI AUT;Nemcija;DEU;osebni avtomobil;196;karavan;A 
103;1468;5.7;0;NISSAN;J11FF01;QASHQAI / 1.3 /;Zdruûeno kraljestvo;GBR;osebni avtomobil;193;vecnamensko vozilo;QASHQAI 
103;1701;5.7;0;OPEL;FP11-4AAKB9DDJGA5;INSIGNIA / CAR. 1.4 / 16V TURBO;Nemcija;DEU;osebni avtomobil;200;vecnamensko vozilo;INSIGNIA 
103;1613;5.7;0;OPEL;DP11-4A02F8C0JGA5;INSIGNIA / 1.4 / 16V TURBO;Nemcija;DEU;osebni avtomobil;205;karavan;INSIGNIA 
103;1613;5.7;0;OPEL;DP11-4A02F8C0JGA5;INSIGNIA / 1.4 / 16V TURBO;Nemcija;DEU;osebni avtomobil;205;vecnamensko vozilo;INSIGNIA 
103;1613;5.7;0;OPEL;FP11-4AAJB9DDJGA5;INSIGNIA / CAR. 1.4 / 16V TURBO;Nemcija;DEU;osebni avtomobil;200;vecnamensko vozilo;INSIGNIA 
103;1571;5.7;0;OPEL;BP11-4AABF2CFJGA5;INSIGNIA / 1.4 / 16V TURBO;Nemcija;DEU;osebni avtomobil;205;limuzina;INSIGNIA 
103;1571;5.7;0;OPEL;DP11-4AABF8C0JGA5;INSIGNIA / 1.4 / 16V TURBO;Nemcija;DEU;osebni avtomobil;205;karavan;INSIGNIA 
103;1456;5.7;0;OPEL;CA0EAAC12-BA1H3XJEKA5;INSIGNIA GRAND SPORT / 1.5 / TURBO;Nemcija;DEU;osebni avtomobil;213;vozilo z dviûnimi vrati zadaj;INSIGNIA GRAND SPORT 
103;1393;5.7;0;OPEL;CADCA12-BA1J1JDWA5;ASTRA / 1.4 / TURBO;Nemcija;DEU;osebni avtomobil;202;vecnamensko vozilo;ASTRA 
103;1265;5.7;0;OPEL;KR11-1A03A5FABM5;ASTRA / 1.8 / 16V;Nemcija;DEU;osebni avtomobil;210;kupe;ASTRA 
103;1612;5.7;1;PEUGEOT;6ERHF8/4;407 / BREAK 2.0 / HDI;Francija;FRA;osebni avtomobil;203;karavan;407
103;1580;5.7;1;PEUGEOT;6DRHF8/4;407 / 2.0 / HDI;Francija;FRA;osebni avtomobil;208;limuzina;407
103;1851;5.7;1;SEAT;CFFBX0AF-FD6FD62E0117MJ7VR2SE;ALHAMBRA / 2.0 / TDI AUT.;äpanija;ESP;osebni avtomobil;191;vecnamensko vozilo;ALHAMBRA 
103;1803;5.7;1;SEAT;CFFBX0AC-FD6FD62E0117MJ5VR2SE;ALHAMBRA / 2.0 / TDI AUT.;äpanija;ESP;osebni avtomobil;191;karavan;ALHAMBRA 
103;1588;5.7;1;SEAT;ACCFHCX11-QMNAM62Q0317MG;ALTEA 4 XL / 2.0 / TDI;äpanija;ESP;osebni avtomobil;198;vecnamensko vozilo;ALTEA 4 XL 
103;1505;5.7;1;SEAT;AFBKDX01-SGNFM62Q0040GG;ALTEA / 2.0 / TDI;äpanija;ESP;osebni avtomobil;201;vecnamensko vozilo;ALTEA 
103;1491;5.7;1;SEAT;AFBKDX01-SGFM62Q004N0GG;LEON / 2.0 / TDI;äpanija;ESP;osebni avtomobil;205;vecnamensko vozilo;LEON 
103;1390;5.7;1;SEAT;AFBMMX01-SGNFM62Q0047GG;LEON / 2.0 / TDI;äpanija;ESP;osebni avtomobil;205;vecnamensko vozilo;LEON 
103;1513;5.7;1;äKODA;ACBKDX01-NFM6FM62Q009O;OCTAVIA / COMBI 2.0 / TDI;Ceöka republika;CZE;osebni avtomobil;207;karavan;OCTAVIA 
103;1486;5.7;1;äKODA;AABKDX01-FM6FM62Q009N;OCTAVIA / 2.0;Ceöka republika;CZE;osebni avtomobil;208;limuzina;OCTAVIA 
103;1479;5.7;1;äKODA;ACBKDX01-FM6FM62Q009N;OCTAVIA / COMBI 2.0;Ceöka republika;CZE;osebni avtomobil;207;karavan;OCTAVIA 
103;1425;5.7;1;äKODA;ACBMMX01-NFM6FM62Q009;OCTAVIA / COMBI 2.0 / TDI;Ceöka republika;CZE;osebni avtomobil;207;karavan;OCTAVIA 
103;1310;5.7;0;SUZUKI;JYBA2S-AT;SX4 / 1.4 / 4WD AUT.;Madûarska;HUN;osebni avtomobil;200;vozilo z dviûnimi vrati zadaj;SX4 
103;1853;5.7;1;VOLKSWAGEN;CFFBX0AF-FD6FD62E0117MG6VR2VW;SHARAN / 2.0 / TDI AUT.;Nemcija;DEU;osebni avtomobil;191;vecnamensko vozilo;SHARAN 
103;1851;5.7;1;VOLKSWAGEN;CFFBX0AF-FD6FD62E0117MJ7VR2VWO;SHARAN / 2.0 / TDI AUT.;Nemcija;DEU;osebni avtomobil;191;vecnamensko vozilo;SHARAN 
103;1803;5.7;1;VOLKSWAGEN;CFFBX0AC-FD6FD62E0117MJ5VR2VWO;SHARAN / 2.0 / TDI AUT.;Nemcija;DEU;osebni avtomobil;191;karavan;SHARAN 
103;1771;5.7;1;VOLKSWAGEN;AFCFHCX01-L0J2FM6FM6BB002N1SKVR27MJ;CADDY MAXI / 2.0 / TDI;Nemcija;DEU;osebni avtomobil;186;vozilo z dostopom za invalidski vozicek;CADDY MAXI 
103;1706;5.7;1;VOLKSWAGEN;ACCFFBX1-AM6AM62Q039STP37MJCNVR2O;PASSAT / ALLTRACK 2.0 / TDI 4M;Nemcija;DEU;osebni avtomobil;198;karavan;PASSAT 
103;1649;5.7;1;VOLKSWAGEN;CFHCAF-FD6FD62E0157MGS7N1VR0SO;TOURAN / 2.0 / TDI AUT.;Nemcija;DEU;osebni avtomobil;199;vecnamensko vozilo;TOURAN 
103;1631;5.7;1;VOLKSWAGEN;AFCFHCX01-L0J2FM6FM6BB002N1EK7MQ;CADDY MAXI / 2.0 / TDI;Nemcija;DEU;osebni avtomobil;186;vecnamensko vozilo;CADDY MAXI 
103;1629;5.7;1;VOLKSWAGEN;CFHCAF-FD6FD62E0187MQS7N1VR0SO;TOURAN / 2.0 / TDI AUT.;Nemcija;DEU;osebni avtomobil;199;vecnamensko vozilo;TOURAN 
103;1608;5.7;1;VOLKSWAGEN;CFFBAE-FD6STFD62E0187MGVR0;EOS / 2.0 / TDI AUT.;Nemcija;DEU;osebni avtomobil;204;kabriolet;EOS 
103;1583;5.7;1;VOLKSWAGEN;CFHCAC-FD6FD62E0187MJS5N1VR0SO;TOURAN / 2.0 / TDI AUT.;Nemcija;DEU;osebni avtomobil;199;karavan;TOURAN 
103;1572;5.7;1;VOLKSWAGEN;ACCBABX0-FM6FM62Q009ST7MGSVR0;PASSAT / VARIANT 2.0 / TDI;Nemcija;DEU;osebni avtomobil;206;karavan;PASSAT 
103;1559;5.7;1;VOLKSWAGEN;ACCBABX0-FM6FM62Q025ST7MGEVR2;PASSAT / VARIANT 2.0 / TDI;Nemcija;DEU;osebni avtomobil;208;karavan;PASSAT 
103;1555;5.7;1;VOLKSWAGEN;ACCFHCX01-N0J2FM6FM6BB002N1EK7MQ;CADDY / 2.0 / TDI;Nemcija;DEU;osebni avtomobil;186;karavan;CADDY 
103;1531;5.7;1;VOLKSWAGEN;AABKD-FM6FM62Q009O0GGN1;JETTA / 2.0 / TDI;Nemcija;DEU;osebni avtomobil;207;limuzina;JETTA 
103;1521;5.7;1;VOLKSWAGEN;ABBKDX01-FM62Q009O4;GOLF / 2.0 / TDI;Nemcija;DEU;osebni avtomobil;203;vozilo z dviûnimi vrati zadaj;GOLF 
103;1501;5.7;1;VOLKSWAGEN;1KP-AFBMMX0;GOLF / PLUS / 2.0 /TDI;Nemcija;DEU;osebni avtomobil;202;vecnamensko vozilo;GOLF 
103;1484;5.7;1;VOLKSWAGEN;ABBKDX0-FM6FM62Q009N40GGN1;GOLF / 2.0;Nemcija;DEU;osebni avtomobil;205;vozilo z dviûnimi vrati zadaj;GOLF 
103;1464;5.7;1;VOLKSWAGEN;ABBKDX0-FM6FM62Q009N40GGN1;GOLF / 2.0 / TDI;Nemcija;DEU;osebni avtomobil;205;vozilo z dviûnimi vrati zadaj;GOLF 
103;1391;5.7;1;VOLKSWAGEN;ABBKDX0-FM6FM62Q009O40GGVI;GOLF / 2.0 / TDI;Nemcija;DEU;osebni avtomobil;205;vozilo z dviûnimi vrati zadaj;GOLF 
103;1705;5.8;1;AUDI;ABLBF1-FM6XA0R8E500GGO;A4 / AVANT 2.0 / TDI;Nemcija;DEU;osebni avtomobil;207;karavan;A4 
103;1645;5.8;1;AUDI;XCFFBQ1-QD7BH003R8U617MJEM1;Q3 / 2.0 / TDI Q AUT.;Nemcija;DEU;osebni avtomobil;198;karavan;Q3 
103;1635;5.8;1;AUDI;8EABLBF1-FM6XA0R8E500GG0;A4 / AVANT 2.0 / TDI;Nemcija;DEU;osebni avtomobil;207;karavan;A4 
103;1612;5.8;1;AUDI;ABLBF1-FM6XA0R8E500GGO;A 4 / AVANT 2.0;Nemcija;DEU;osebni avtomobil;207;karavan;A 4 
103;1597;5.8;1;AUDI;8E-BLB;A4 / AVANT / 2.0 / TDI;Nemcija;DEU;osebni avtomobil;207;karavan;A4 
103;1576;5.8;1;AUDI;LBLBF1-FM6XA0R8E500GGO;A4 / 2.0 / TDI;Nemcija;DEU;osebni avtomobil;212;limuzina;A4 
103;1575;5.8;1;AUDI;8ELBLBF1-FM6XA0R8E500GG0;A4 / 2.0 / TDI;Nemcija;DEU;osebni avtomobil;212;limuzina;A4 
103;1573;5.8;1;AUDI;LBLBF1-FM6XA0R8E500GGO;A 4 / 2.0;Nemcija;DEU;osebni avtomobil;212;limuzina;A 4 
103;1565;5.8;1;AUDI;ABREF1-FM6XA0R8E500GG;A4 / AVANT 2.0 / TDI;Nemcija;DEU;osebni avtomobil;207;karavan;A4 
103;1554;5.8;1;AUDI;LBKDF1-FD62E018R8P60T40GGO;A3 / 2.0 / TDI D-AUT.;Nemcija;DEU;osebni avtomobil;207;vozilo z dviûnimi vrati zadaj;A3 
103;1545;5.8;1;AUDI;LBKDQ1-QM62Q007R8P60T40GG;A3 / 2.0 / TDI Q;Nemcija;DEU;osebni avtomobil;205;vozilo z dviûnimi vrati zadaj;A3 
103;1505;5.8;1;AUDI;8E;A4 / 2.0 / TDI;Nemcija;DEU;osebni avtomobil;212;limuzina;A4 
103;1505;5.8;1;AUDI;LBKDQ1-QM62Q007R8P60T20GG;A3 / 2.0 / TDI Q;Nemcija;DEU;osebni avtomobil;205;vozilo z dviûnimi vrati zadaj;A3 
103;1485;5.8;1;AUDI;LBKDF1-FD62E018R8P60T4O;A3 / 2.0 / TDI D-AUT.;Nemcija;DEU;osebni avtomobil;207;vozilo z dviûnimi vrati zadaj;A3 
103;1475;5.8;1;AUDI;LBKDF1-FD62E018R8P60T40GG;A3 / 2.0 / TDI D-AUT.;Nemcija;DEU;osebni avtomobil;207;vozilo z dviûnimi vrati zadaj;A3 
103;1435;5.8;1;AUDI;LBKDF1-FD62E018R8P60T20GG;A3 / 2.0 / TDI D-AUT.;Nemcija;DEU;osebni avtomobil;207;vozilo z dviûnimi vrati zadaj;A3 
103;1430;5.8;0;BMW;6S11-DHW50000;218 / ACTIVE TOURER / i;Nemcija;DEU;osebni avtomobil;205;karavan;218
103;1482;5.8;0;CHEVROLET;JHHS1/GM5;CRUZE / 1.4 / 16V TURBO;Koreja. republika;KOR;osebni avtomobil;195;vozilo z dviûnimi vrati zadaj;CRUZE 
103;1730;5.8;1;CITROEN;RWRHF8;C5 III / TOURER 2.0 / Hdi;Francija;FRA;osebni avtomobil;200;karavan;C5 III 
103;1701;5.8;1;CITROEN;RWRHF8/U;C5 III / TOURER 2.0 / HDi 16V;Francija;FRA;osebni avtomobil;200;karavan;C5 III 
103;1683;5.8;1;CITROEN;RDRHF8;C5 III / 2.0 / HDI 16V;Francija;FRA;osebni avtomobil;205;limuzina;C5 III 
103;1634;5.8;1;FORD;DXAUFDB1H-5QNCQG;Grand C-MAX / 2.0 / TDCI 103 A6;Nemcija;DEU;osebni avtomobil;198;karavan;Grand C-MAX 
103;1576;5.8;1;FORD;BA7-QXBA1G5CGBPX;MONDEO / 2.0 / TDCI 140 DPF;Nemcija;DEU;osebni avtomobil;205;karavan;MONDEO 
103;1557;5.8;1;FORD;BA7-QXBA1E5CGBPP;MONDEO / 2.0 / TDCI 140 DPF;Nemcija;DEU;osebni avtomobil;210;vozilo z dviûnimi vrati zadaj;MONDEO 
103;1557;5.8;1;FORD;BA7-QXBA1D5CGBPP;MONDEO / 2.0 / TDCI 140 DPF;Nemcija;DEU;osebni avtomobil;210;limuzina;MONDEO 
103;1696;5.8;1;HONDA;CN21-1;ACCORD / TOURER 2.2 / CTDi;Japonska ;JPN;osebni avtomobil;200;vecnamensko vozilo;ACCORD 
103;1680;5.8;1;HONDA;CN211;ACCORD / TOURER 2.2 / CTDI;Japonska ;JPN;osebni avtomobil;200;karavan;ACCORD 
103;1665;5.8;1;HONDA;CN21-1;ACCORD / TOURER 2.2;Japonska ;JPN;osebni avtomobil;200;karavan;ACCORD 
103;1626;5.8;1;HONDA;CN21-1;ACCORD / 2.2;Japonska ;JPN;osebni avtomobil;200;karavan;ACCORD 
103;1605;5.8;1;HONDA;CN-2-1-1;ACCORD / 2.2 / CDTI;Japonska ;JPN;osebni avtomobil;210;karavan;ACCORD 
103;1605;5.8;1;HONDA;CN21-1;ACCORD / TOURER 2.2 / CTDI;Japonska ;JPN;osebni avtomobil;197;vecnamensko vozilo;ACCORD 
103;1595;5.8;1;HONDA;CN21-1;HONDA / ACCORD / 2.2 / CTDi;Japonska ;JPN;osebni avtomobil;200;karavan;HONDA 
103;1533;5.8;1;HONDA;CN-1;ACCORD / 2.2 / CDTI;Japonska ;JPN;osebni avtomobil;210;limuzina;ACCORD 
103;1461;5.8;0;HYUNDAI;BAP31-M64GZ1;i30 FB / 1.4 / T-GDI;Ceöka republika;CZE;osebni avtomobil;208;vozilo z dviûnimi vrati zadaj;i30 FB 
103;1456;5.8;0;HYUNDAI;BBP31-M64DZ1;i30 NS / 1.4 / T-GDI;Ceöka republika;CZE;osebni avtomobil;210;vozilo z dviûnimi vrati zadaj;i30 NS 
103;1455;5.8;0;HYUNDAI;F5P31-M64BZ1;i30 CW / 1.4 / T-GDI;Ceöka republika;CZE;osebni avtomobil;208;karavan;i30 CW 
103;1432;5.8;0;HYUNDAI;BAP31-M64FZ1;i30 FB / 1.4 / T-GDI;Ceöka republika;CZE;osebni avtomobil;208;vozilo z dviûnimi vrati zadaj;i30 FB 
103;1414;5.8;0;HYUNDAI;BAP31-M64FZ1;i30 FB / 1.4 / T-GDI;Ceöka republika;CZE;osebni avtomobil;210;vozilo z dviûnimi vrati zadaj;i30 FB 
103;1400;5.8;0;HYUNDAI;B5P31-M64BZ1;i30 / 1.4 / T-GDI;Ceöka republika;CZE;osebni avtomobil;210;vozilo z dviûnimi vrati zadaj;i30 
103;1513;5.8;1;KIA;EDF5D71-M61DZ1;CEED / 2.0 / D;Slovaöka;SVK;osebni avtomobil;205;vecnamensko vozilo;CEED 
103;1435;5.8;1;MERCEDES BENZ;Y20JK2-EWAAA501;B / 200 / CDI;Nemcija;DEU;osebni avtomobil;200;karavan;B 
103;1613;5.8;0;OPEL;DADLC12-BA1M3JDWJ5;INSIGNIA / 1.4 / TURBO;Nemcija;DEU;osebni avtomobil;200;karavan;INSIGNIA 
103;1503;5.8;0;OPEL;CADCA12-BA1J1JDWA5;ASTRA / 1.4 / TURBO;Nemcija;DEU;osebni avtomobil;202;vecnamensko vozilo;ASTRA 
103;1471;5.8;0;OPEL;CADCA12-BA1H4JDWA5;ASTRA / 1.4 / TURBO;Nemcija;DEU;osebni avtomobil;202;vecnamensko vozilo;ASTRA 
103;1369;5.8;0;RENAULT;RJBHH2N06UA8CA5000;CAPTUR / 1.3 / 16V;Francija;FRA;osebni avtomobil;196;vozilo z dviûnimi vrati zadaj;CAPTUR 
103;1352;5.8;0;RENAULT;RFBBF2NB6UC9420100;MEGANE / 1.3 / 16V;Francija;FRA;osebni avtomobil;205;vozilo z dviûnimi vrati zadaj;MEGANE 
103;1522;5.8;1;SEAT;AFBKDX01-AGFA62E015O0GG;LEON / 2.0 / TDI AUT.;äpanija;ESP;osebni avtomobil;205;vecnamensko vozilo;LEON 
103;1430;5.8;1;SEAT;AFBKDX01-AGNFA62E0150GG;LEON / 2.0 / TDI AUT.;äpanija;ESP;osebni avtomobil;205;vecnamensko vozilo;LEON 
103;1535;5.8;1;äKODA;ACCFHCX1-NAM6AM62Q0310;YETI / 2.0 / TDI 4x4;Ceöka republika;CZE;osebni avtomobil;190;karavan;YETI 
103;1657;5.8;1;VOLKSWAGEN;ACCFFBX1-AM6AM6A6010NDSTVR27MJO;TIGUAN / 2.0 / TDI 4M;Nemcija;DEU;osebni avtomobil;190;karavan;TIGUAN 
103;1654;5.8;1;VOLKSWAGEN;ACCFFBX1-AM6AM6A6010NDSTVR27MQO;TIGUAN / 2.0 / TDI 4M;Nemcija;DEU;osebni avtomobil;190;karavan;TIGUAN 
103;1627;5.8;1;VOLKSWAGEN;CBABAE-FM6STFM62Q0097MB;EOS / 2.0 / TDI;Nemcija;DEU;osebni avtomobil;206;kabriolet;EOS 
103;1605;5.8;1;VOLKSWAGEN;AABKPX0-FM6FM62Q009STO0GG;PASSAT / 2.0;Nemcija;DEU;osebni avtomobil;209;limuzina;PASSAT 
103;1597;5.8;1;VOLKSWAGEN;AABKPX0-FM6FM62Q009STO0GG;PASSAT / 2.0 / TDI;Nemcija;DEU;osebni avtomobil;209;limuzina;PASSAT 
103;1589;5.8;1;VOLKSWAGEN;AFBKDX0-FM6FM62Q004O0GGN1;GOLF PLUS / 2.0 / TDI;Nemcija;DEU;osebni avtomobil;202;vecnamensko vozilo;GOLF PLUS 
103;1548;5.8;1;VOLKSWAGEN;AFBKDX0-FM6FM62Q004O0GGVI;GOLF PLUS / 2.0 / TDI;Nemcija;DEU;osebni avtomobil;202;vecnamensko vozilo;GOLF PLUS 
103;1541;5.8;1;VOLKSWAGEN;AACBABX0-FM6FM62Q009ST7MB;PASSAT CC / 2.0 / TDI;Nemcija;DEU;osebni avtomobil;213;limuzina;PASSAT CC 
103;1529;5.8;1;VOLKSWAGEN;AABKPX0-FM6FM62Q009ST0GGS;PASSAT / 2.0 / TDI;Nemcija;DEU;osebni avtomobil;209;limuzina;PASSAT 
103;1527;5.8;1;VOLKSWAGEN;AACBABX0-FM6FM62Q009ST7MBS;PASSAT / 2.0 / TDI;Nemcija;DEU;osebni avtomobil;209;limuzina;PASSAT 
103;1505;5.8;1;VOLKSWAGEN;ACCBDBX0-FD6FD62E018N7MBN1;GOLF / VARIANT 2.0 / TDI AUT.;Nemcija;DEU;osebni avtomobil;203;karavan;GOLF 
103;1501;5.8;1;VOLKSWAGEN;AFBKDX0-FM6FM62Q004N0GGN1;GOLF PLUS / 2.0 / TDI;Nemcija;DEU;osebni avtomobil;202;vecnamensko vozilo;GOLF PLUS 
103;1380;5.9;1;ALFA ROMEO;932AXE00-60D;156 / 1.9 / JTD;Italija;ITA;osebni avtomobil;209;limuzina;156
103;1310;5.9;1;ALFA ROMEO;937BXG1B11D;147 / 1.9 / JTD 16V;Italija;ITA;osebni avtomobil;206;vozilo z dviûnimi vrati zadaj;147
103;1305;5.9;1;ALFA ROMEO;932AXE0060D;156 / 1.9 / JTD;Italija;ITA;osebni avtomobil;209;limuzina;156
103;1290;5.9;1;ALFA ROMEO;937AXG1B10;147 / 1.9 / JTD 16V;Italija;ITA;osebni avtomobil;206;vozilo z dviûnimi vrati zadaj;147
103;1705;5.9;1;AUDI;ABLBF1-FM6XA0R8E500GGP;A4 / AVANT 2.0 / TDI;Nemcija;DEU;osebni avtomobil;207;karavan;A4 
103;1661;5.9;1;AUDI;ABLBF1-FM6XA0R8E500GGP;A 4 / AVANT 2.0;Nemcija;DEU;osebni avtomobil;207;karavan;A 4 
103;1657;5.9;1;AUDI;8EABLBF1-FM6XA0R8E500GGP;A4 / AVANT 2.0 / TDI;Nemcija;DEU;osebni avtomobil;207;karavan;A4 
103;1652;5.9;1;AUDI;ABLBF1-FM6XA0R8E700GGP;A4 / AVANT 2.0 / TDI;Nemcija;DEU;osebni avtomobil;207;karavan;A4 
103;1627;5.9;1;AUDI;8E-BLB;A4 / AVANT 2.0 / TDI;Nemcija;DEU;osebni avtomobil;207;karavan;A4 
103;1597;5.9;1;AUDI;LBLBF1-FM6XA0R8E500GGO;A4 / 2.0 / TDI;Nemcija;DEU;osebni avtomobil;212;limuzina;A4 
103;1595;5.9;1;AUDI;LBKDQ1-QM62Q007R8P60T2O;A 3 / 2.0;Nemcija;DEU;osebni avtomobil;205;vozilo z dviûnimi vrati zadaj;A 3 
103;1594;5.9;1;AUDI;ABLBF1-FM6XA0R8E500GGO;A4 / AVANT 2.0 / TDI;Nemcija;DEU;osebni avtomobil;207;karavan;A4 
103;1585;5.9;1;AUDI;LBKDQ1-QM62Q007R8P61T20GGO;A3 / 2.0 / TDI Q;Nemcija;DEU;osebni avtomobil;205;vozilo z dviûnimi vrati zadaj;A3 
103;1583;5.9;1;AUDI;LBLBF1-FM6XA0R8E500GGO;A 4 / 2.0;Nemcija;DEU;osebni avtomobil;212;limuzina;A 4 
103;1565;5.9;1;AUDI;8E 862012;A4 / AVANT 2.0 / TDI;Nemcija;DEU;osebni avtomobil;207;karavan;A4 
103;1560;5.9;1;AUDI;8E ABLBF1-FM6XA0R8E500GGP;A4 / 2.0 / TDI;Nemcija;DEU;osebni avtomobil;212;karavan;A4 
103;1545;5.9;1;AUDI;LBKDQ1-QM62Q007R8P60T40GG;A3 / 2.0 / TDI Q;Nemcija;DEU;osebni avtomobil;205;vozilo z dviûnimi vrati zadaj;A3 
103;1534;5.9;1;AUDI;8E;A4 / 2.0 / TDI;Nemcija;DEU;osebni avtomobil;207;karavan;A4 
103;1525;5.9;1;AUDI;LBKDQ1-QM62Q007R8P60T2O;A3 / 2.0 / TDI Q;Nemcija;DEU;osebni avtomobil;205;vozilo z dviûnimi vrati zadaj;A3 
103;1485;5.9;1;AUDI;8P;A3 / 2.0 / TDI D-AUT.;Nemcija;DEU;osebni avtomobil;207;vozilo z dviûnimi vrati zadaj;A3 
103;1730;5.9;1;CITROEN;RWRHF8;C5 III / TOURER 2.0 / HDI 16V;Francija;FRA;osebni avtomobil;200;karavan;C5 III 
103;1692;5.9;1;FORD;DM2UFMA2A-5PMAQE;KUGA / 2.0 / TDCI 103 M6 4x4;Nemcija;DEU;osebni avtomobil;188;vecnamensko vozilo;KUGA 
103;1612;5.9;1;FORD;DM2UFDA1R-5NMFP7;KUGA / 2.0 / TDCI 103 M6;Nemcija;DEU;osebni avtomobil;186;vecnamensko vozilo;KUGA 
103;1576;5.9;1;FORD;BA7-QXBA1G5CGBPX;MONDEO / 2.0 / TDCI 140;Nemcija;DEU;osebni avtomobil;205;karavan;MONDEO 
103;1557;5.9;1;FORD;BA7-QXBA1E5C;MONDEO / 2.0 / TDCI 140;Nemcija;DEU;osebni avtomobil;210;vozilo z dviûnimi vrati zadaj;MONDEO 
103;1557;5.9;1;FORD;BA7-QXBA1D5C;MONDEO / 2.0 / TDCI;Nemcija;DEU;osebni avtomobil;210;limuzina;MONDEO 
103;1691;5.9;1;HONDA;CN22-1;ACCORD / TOURER 2.2 / CTDI;Japonska ;JPN;osebni avtomobil;197;vecnamensko vozilo;ACCORD 
103;1672;5.9;1;HONDA;CN2;ACCORD / TOURER 2.2 / CTDI;Japonska ;JPN;osebni avtomobil;197;vecnamensko vozilo;ACCORD 
103;1378;5.9;0;KIA;CDBAP31-M64D11;PROCEED / 1.4 / T;Slovaöka;SVK;osebni avtomobil;210;vozilo z dviûnimi vrati zadaj;PROCEED 
103;1375;5.9;0;KIA;CDBCP31-D74H11;XCEED / 1.4 / T / AUT.;Slovaöka;SVK;osebni avtomobil;200;vozilo z dviûnimi vrati zadaj;XCEED 
103;1370;5.9;0;KIA;CDFAP31-M64D11;CEED / 1.4 / T;Slovaöka;SVK;osebni avtomobil;210;karavan;CEED 
103;1352;5.9;0;KIA;CDF5P31-M64A11;CEED / 1.4 / T;Slovaöka;SVK;osebni avtomobil;210;karavan;CEED 
103;1333;5.9;0;KIA;CDBBP31-M64D11;CEED / 1.4 / T;Slovaöka;SVK;osebni avtomobil;210;vozilo z dviûnimi vrati zadaj;CEED 
103;1315;5.9;0;KIA;CDB5P31-M64B11;CEED / 1.4 / T;Slovaöka;SVK;osebni avtomobil;210;vozilo z dviûnimi vrati zadaj;CEED 
103;1470;5.9;1;MERCEDES BENZ;245;B / 200 / CDI;Nemcija;DEU;osebni avtomobil;178;karavan;B 
103;1370;5.9;1;MERCEDES BENZ;X30JK2-F1ACA511;A / 200 / CDI AUT.;Nemcija;DEU;osebni avtomobil;196;karavan;A 
103;1340;5.9;1;MERCEDES BENZ;169;A / 200 / CDI;Nemcija;DEU;osebni avtomobil;203;karavan;A 
103;1701;5.9;0;OPEL;FP11-4AAKB9DDJGA5;INSIGNIA / CAR. 1.4 / 16V TURBO;Nemcija;DEU;osebni avtomobil;200;vecnamensko vozilo;INSIGNIA 
103;1664;5.9;0;OPEL;FP11-4AAJB9DDJGA5;INSIGNIA / CAR. 1.4 / 16V TURBO;Nemcija;DEU;osebni avtomobil;200;vecnamensko vozilo;INSIGNIA 
103;1503;5.9;0;OPEL;AADCA12-BA2J1JDWA5;ASTRA / 1.4 / TURBO;Nemcija;DEU;osebni avtomobil;207;limuzina;ASTRA 
103;1503;5.9;0;OPEL;BC11-1A06AFALFMA5;ASTRA / 1.4 / 16V TURBO;Nemcija;DEU;osebni avtomobil;202;vecnamensko vozilo;ASTRA 
103;1503;5.9;0;OPEL;BADCC11-BA3J1JNWA5;ASTRA / GTC 1.4 / 16V TURBO;Nemcija;DEU;osebni avtomobil;201;vozilo z dviûnimi vrati zadaj;ASTRA 
103;1503;5.9;0;OPEL;DADCA12-BA1J1JDWA5;ASTRA / CAR. 1.4 / 16V TURBO;Nemcija;DEU;osebni avtomobil;200;karavan;ASTRA 
103;1503;5.9;0;OPEL;BADCC11-BA3J1JNWA5;ASTRA / GTC 1.4 / 16V TURBO;Nemcija;DEU;osebni avtomobil;192;vozilo z dviûnimi vrati zadaj;ASTRA 
103;1471;5.9;0;OPEL;BC11-1AABAFALFMA5;ASTRA / 1.4 / 16V TURBO;Nemcija;DEU;osebni avtomobil;202;vecnamensko vozilo;ASTRA 
103;1456;5.9;0;OPEL;CD0EAAB12-BA1H1JEKG5;INSIGNIA GRAND SPORT / 1.5 / TURBO;Nemcija;DEU;osebni avtomobil;210;vozilo z dviûnimi vrati zadaj;INSIGNIA GRAND SPORT 
103;1441;5.9;0;OPEL;CA0EAAB12-BA1H3XJEKK5;INSIGNIA GRAND SPORT / 1.5 / TURBO;Nemcija;DEU;osebni avtomobil;210;vozilo z dviûnimi vrati zadaj;INSIGNIA GRAND SPORT 
103;1437;5.9;0;OPEL;DBDCA12-BA1J3JDWA5;ASTRA / CAR. 1.4 / 16V TURBO;Nemcija;DEU;osebni avtomobil;200;karavan;ASTRA 
103;1394;5.9;0;OPEL;JMXXFXX-M44PFXGYNNB;MOKKA / 1.4 / TURBO;Nemcija;DEU;osebni avtomobil;196;vecnamensko vozilo;MOKKA 
103;1393;5.9;0;OPEL;BC11-1A06A6ALFMA5;ASTRA / 1.4 / 16V TURBO;Nemcija;DEU;osebni avtomobil;202;vozilo z dviûnimi vrati zadaj;ASTRA 
103;1674;5.9;1;PEUGEOT;4BRHF8;308 / CABRIOLET 2.0 / HDI;Francija;FRA;osebni avtomobil;208;kabriolet;308
103;1650;5.9;1;PEUGEOT;4HRHF8;308 / MONOSPACE 2.0 / HDI;Francija;FRA;osebni avtomobil;201;vecnamensko vozilo;308
103;1449;5.9;0;RENAULT;RJLLH2N0BUA1110000;MEGANE CONQUEST / 1.3 / 16V AUT.;Francija;FRA;osebni avtomobil;200;vozilo z dviûnimi vrati zadaj;MEGANE CONQUEST 
103;1428;5.9;0;RENAULT;RFBKF2NB6UC9420100;MEGANE / GRANDTOUR 1.3 / 16V;Francija;FRA;osebni avtomobil;205;karavan;MEGANE 
103;1422;5.9;0;RENAULT;RFEHF2NB6TA0105000;KADJAR / 1.3 / 16V;Francija;FRA;osebni avtomobil;203;karavan;KADJAR 
103;1422;5.9;0;RENAULT;RFEHF2NB6TA0105000;KADJAR / 1.3 / 16V;Francija;FRA;osebni avtomobil;196;karavan;KADJAR 
103;1404;5.9;0;RENAULT;RJBHH2N0BUA8BA5300;CAPTUR / 1.3 / 16V AUT.;Francija;FRA;osebni avtomobil;196;vozilo z dviûnimi vrati zadaj;CAPTUR 
103;1384;5.9;0;RENAULT;RJBHH2N0BUA4BA5300;CAPTUR / 1.3 / 16V AUT.;Francija;FRA;osebni avtomobil;196;vozilo z dviûnimi vrati zadaj;CAPTUR 
103;1615;5.9;1;SEAT;AXCFHCX11-QMNAM62Q0317MG;ALTEA 4 FREETRACK / 2.0 / TDI;äpanija;ESP;osebni avtomobil;193;vecnamensko vozilo;ALTEA 4 FREETRACK 
103;1615;5.9;1;SEAT;AXCFHCX11-QMNAM62Q0317MJ;ALTEA 4 FREETRACK / 2.0 / TDI;äpanija;ESP;osebni avtomobil;193;karavan;ALTEA 4 FREETRACK 
103;1600;5.9;1;SEAT;5PABBKDX01-SGFM62Q00400GG;TOLEDO / 2.0 / TDI;äpanija;ESP;osebni avtomobil;201;vecnamensko vozilo;TOLEDO 
103;1599;5.9;1;SEAT;ABBKDX01-SGFM62Q004O0GG;TOLEDO / 2.0;äpanija;ESP;osebni avtomobil;201;vecnamensko vozilo;TOLEDO 
103;1595;5.9;1;SEAT;ABBKDX01-SGFM62Q004O0GG;TOLEDO / 2.0 / TDI;äpanija;ESP;osebni avtomobil;201;vecnamensko vozilo;TOLEDO 
103;1569;5.9;1;SEAT;5PAFBKDX01-SGFM62Q00400GG;ALTEA / 2.0 / TDI;äpanija;ESP;osebni avtomobil;201;vecnamensko vozilo;ALTEA 
103;1544;5.9;1;SEAT;ACBKDX01-SGFM62Q0040GG;ALTEA XL / 2.0 / TDI;äpanija;ESP;osebni avtomobil;201;vecnamensko vozilo;ALTEA XL 
103;1505;5.9;1;SEAT;AFBKDX01-SGFM62Q004O0GG;ALTEA / 2.0 / TDI;äpanija;ESP;osebni avtomobil;201;vecnamensko vozilo;ALTEA 
103;1501;5.9;1;SEAT;5P AFBKDX01-SGFM62Q004O0GG;SEAT / ALTEA / 2.0 / TDI;äpanija;ESP;osebni avtomobil;201;vozilo z dviûnimi vrati zadaj;SEAT 
103;1498;5.9;1;SEAT;5P AFBKDX01-SGFM62Q004O0GG;ALTEA / 2.0;äpanija;ESP;osebni avtomobil;201;vecnamensko vozilo;ALTEA 
103;1470;5.9;1;SEAT;5P AFBKDX01 SGFM62Q00400GG;ALTEA / 2.0 / TDI;äpanija;ESP;osebni avtomobil;201;vecnamensko vozilo;ALTEA 
103;1570;5.9;1;äKODA;ACCFHCX11-SAM6AM62Q031;OCTAVIA / COMBI 2.0 / TDI 4x4;Ceöka republika;CZE;osebni avtomobil;199;karavan;OCTAVIA 
103;1569;5.9;1;äKODA;AACFFBX01-NFD6FD62E0180;SUPERB / 2.0 / TDI AUT.;Ceöka republika;CZE;osebni avtomobil;206;limuzina;SUPERB 
103;1565;5.9;1;äKODA;AABMPX01-NFM6FM62Q009;SUPERB / 2.0 / TDI;Ceöka republika;CZE;osebni avtomobil;207;limuzina;SUPERB 
103;1555;5.9;1;äKODA;ACCFHCX11-SAM6AM62Q0310;OCTAVIA / COMBI 2.0 / TDI 4x4;Ceöka republika;CZE;osebni avtomobil;199;karavan;OCTAVIA 
103;1547;5.9;1;äKODA;AABMPX01-NFM6FM62Q009W;SUPERB / 2.0 / TDI;Ceöka republika;CZE;osebni avtomobil;207;limuzina;SUPERB 
103;1520;5.9;1;äKODA;ACCFHCX11-NAD6AD62E0830;OCTAVIA / COMBI 2.0 / TDI 4x4 AUT.;Ceöka republika;CZE;osebni avtomobil;203;karavan;OCTAVIA 
103;1460;5.9;1;äKODA;ACBMMX01-NFD6FD62E018;OCTAVIA / COMBI 2.0 / TDI AUT.;Ceöka republika;CZE;osebni avtomobil;208;karavan;OCTAVIA 
103;1445;5.9;1;äKODA;ACBMMX01-NFD6FD62E018;OCTAVIA / COMBI 2.0 / TDI AUT.;Ceöka republika;CZE;osebni avtomobil;206;karavan;OCTAVIA 
103;1430;5.9;1;äKODA;ACBMMX01-NFD6FD62E018;OCTAVIA / COMBI 2.0 / TDI;Ceöka republika;CZE;osebni avtomobil;206;karavan;OCTAVIA 
103;1664;5.9;1;VOLKSWAGEN;ACCFFBX1-AD7AD7BH003NDSTVR27MJO;TIGUAN / 2.0 / TDI 4M AUT.;Nemcija;DEU;osebni avtomobil;188;karavan;TIGUAN 
103;1633;5.9;1;VOLKSWAGEN;CFHCAC-FD6FD62E0187MJC5N1VR0SO;TOURAN / 2.0 / TDI AUT.;Nemcija;DEU;osebni avtomobil;192;karavan;TOURAN 
103;1626;5.9;1;VOLKSWAGEN;AABMPX0-FM6FM62Q009STO7GG;PASSAT / 2.0 / TDI;Nemcija;DEU;osebni avtomobil;209;limuzina;PASSAT 
103;1623;5.9;1;VOLKSWAGEN;AABKPX0-FM6FM62Q009STP0GG;PASSAT / 2.0 / TDI;Nemcija;DEU;osebni avtomobil;209;limuzina;PASSAT 
103;1615;5.9;1;VOLKSWAGEN;ACBKPX0-FM6FM62Q009STO0GG;PASSAT / VARIANT 2.0 / TDI;Nemcija;DEU;osebni avtomobil;206;karavan;PASSAT 
103;1603;5.9;1;VOLKSWAGEN;AABKPX0-FM6FM62Q009STO0GG;PASSAT / 2.0 / TDI;Nemcija;DEU;osebni avtomobil;209;limuzina;PASSAT 
103;1592;5.9;1;VOLKSWAGEN;AABKPX0-FM6FM62Q009STO0GG;PASSAT / 2.0;Nemcija;DEU;osebni avtomobil;209;limuzina;PASSAT 
103;1586;5.9;1;VOLKSWAGEN;AABKPX0-FM6FM62Q009O0GG;PASSAT / 2.0 / TDI;Nemcija;DEU;osebni avtomobil;209;limuzina;PASSAT 
103;1585;5.9;1;VOLKSWAGEN;ACBKPX0-FM6FM62Q009ST0GG;PASSAT / VARIANT 2.0 / TDI;Nemcija;DEU;osebni avtomobil;206;karavan;PASSAT 
103;1572;5.9;1;VOLKSWAGEN;ACCBABX0-FM6FM62Q009ST7MBS;PASSAT / VARIANT 2.0 / TDI;Nemcija;DEU;osebni avtomobil;206;karavan;PASSAT 
103;1571;5.9;1;VOLKSWAGEN;AABKPX0-FM6FM62Q009O0GG;PASSAT / 2.0;Nemcija;DEU;osebni avtomobil;209;limuzina;PASSAT 
103;1558;5.9;1;VOLKSWAGEN;ABBKDX1-AM6AM62Q007O40GGN1;GOLF / 2.0 / TDI 4M;Nemcija;DEU;osebni avtomobil;203;vozilo z dviûnimi vrati zadaj;GOLF 
103;1557;5.9;1;VOLKSWAGEN;3C-AABKPX0-FM6FM62000900GG;PASSAT / 2.0 / TDI;Nemcija;DEU;osebni avtomobil;209;limuzina;PASSAT 
103;1553;5.9;1;VOLKSWAGEN;ACCBABX0-FM6FM6A6003NDST7MG;TIGUAN / 2.0 / TDI;Nemcija;DEU;osebni avtomobil;190;karavan;TIGUAN 
103;1551;5.9;1;VOLKSWAGEN;AABKPX0-FM6FM62Q009ST00GG;PASSAT / 2.0 / TDI;Nemcija;DEU;osebni avtomobil;209;limuzina;PASSAT 
103;1529;5.9;1;VOLKSWAGEN;3CAABMPX0-FM6FM62Q009ST7GGS;PASSAT / 2.0 / TDI;Nemcija;DEU;osebni avtomobil;209;limuzina;PASSAT 
103;1501;5.9;1;VOLKSWAGEN;AFBMMX0-FM6FM62Q004N7GGN1;GOLF PLUS / 2.0 / TDI;Nemcija;DEU;osebni avtomobil;202;vecnamensko vozilo;GOLF PLUS 
103;1501;5.9;1;VOLKSWAGEN;AFBMMX0-FM6FM662Q004C7GGN1;GOLF CROSS / 2.0 / TDI;Nemcija;DEU;osebni avtomobil;195;vecnamensko vozilo;GOLF CROSS 
103;1491;5.9;1;VOLKSWAGEN;ACBKDX1-AM6AM62Q0070GGN1;GOLF / 2.0 / TDI 4M;Nemcija;DEU;osebni avtomobil;203;karavan;GOLF 
103;1491;5.9;1;VOLKSWAGEN;ABBKDX1-AM6AM62Q0070GGN1;GOLF / 2.0 / TDI 4M;Nemcija;DEU;osebni avtomobil;203;vozilo z dviûnimi vrati zadaj;GOLF 
103;1430;6.1;1;ALFA ROMEO;932BXE00-61C;156 / SW 1.9 / JTD;Italija;ITA;osebni avtomobil;209;karavan;156
103;1355;6.1;1;ALFA ROMEO;932BXE0061E;156 / SW 1.9 / JTD;Italija;ITA;osebni avtomobil;209;karavan;156
103;1732;6.1;1;AUDI;LBLBF1-FM6XG0R4F600GGP;A6 / 2.0 / TDI;Nemcija;DEU;osebni avtomobil;210;limuzina;A6 
103;1729;6.1;1;AUDI;4FLBLF1-FM6XG0R4F600GGP;A6 / 2.0 / TDI;Nemcija;DEU;osebni avtomobil;210;limuzina;A6 
103;1725;6.1;1;AUDI;LBLBF1-FM6XG0R4F600GGP;A 6 / 2.0;Nemcija;DEU;osebni avtomobil;210;limuzina;A 6 
103;1725;6.1;1;AUDI;4F;A6 / 2.0 / TDI;Nemcija;DEU;osebni avtomobil;210;limuzina;A6 
103;1723;6.1;1;AUDI;4FLBLBF1-FM6XG0R4F600GGP;A6 / 2.0 / TDI;Nemcija;DEU;osebni avtomobil;210;limuzina;A6 
103;1718;6.1;1;AUDI;4FLBLBF1-FM6XG0R4F600GGP;A 6 / 2.0;Nemcija;DEU;osebni avtomobil;210;limuzina;A 6 
103;1705;6.1;1;AUDI;ABREF1-FM6XA0R8E700GGP;A4 / AVANT 2.0 / TDI;Nemcija;DEU;osebni avtomobil;207;karavan;A4 
103;1635;6.1;1;AUDI;ABREF1-FM6XA0R8E500GGP;A4 / AVANT 2.0 / TDI;Nemcija;DEU;osebni avtomobil;207;karavan;A4 
103;1630;6.1;1;AUDI;4F LBLBF1 FM6XG0R4F600GGP;A6 / 2.0 / TDI;Nemcija;DEU;osebni avtomobil;210;limuzina;A6 
103;1616;6.1;1;AUDI;ABPWF1-FM6XA0R8E507GGP;A4 / AVANT 2.0 / TDI;Nemcija;DEU;osebni avtomobil;207;karavan;A4 
103;1615;6.1;1;AUDI;4F-BLB;A6 / 2.0 / TDI;Nemcija;DEU;osebni avtomobil;210;limuzina;A6 
103;1615;6.1;1;AUDI;4F;A 6 / 2.0;Nemcija;DEU;osebni avtomobil;210;limuzina;A 6 
103;1605;6.1;1;AUDI;ABPWF1-FM6XA0R8E507GGO;A4 / AVANT 2.0 / TDI;Nemcija;DEU;osebni avtomobil;207;karavan;A4 
103;1605;6.1;1;AUDI;ABPWF1-FAVJ00R8E507GG;A4 / AVANT 2.0 / TDI V-AUT.;Nemcija;DEU;osebni avtomobil;201;karavan;A4 
103;1604;6.1;1;AUDI;8EABPWF1-FM6XA0R8E507GG0;A4 / AVANT 2.0 / TDI;Nemcija;DEU;osebni avtomobil;207;karavan;A4 
103;1600;6.1;1;AUDI;8E ABPWF1 FM6XA0R8E507GG0;A4 / AVANT 2.0 / TDI;Nemcija;DEU;osebni avtomobil;207;karavan;A4 
103;1565;6.1;1;AUDI;8E-ABPWF1-FM6XA0R8E507GG;A4 / AVANT 2.0 / TDI;Nemcija;DEU;osebni avtomobil;207;karavan;A4 
103;1563;6.1;1;AUDI;LBPWF1-FM6XA0R8E507GGO;A4 / 2.0 / TDI;Nemcija;DEU;osebni avtomobil;212;limuzina;A4 
103;1561;6.1;1;AUDI;8E;A4 / 2.0 / TDI;Nemcija;DEU;osebni avtomobil;212;limuzina;A4 
103;1505;6.1;1;AUDI;LBREF1-FM6XA0R8E700GGP;A4 / 2.0 / TDI;Nemcija;DEU;osebni avtomobil;212;limuzina;A4 
103;1490;6.1;1;AUDI;8E;A4 / 2.0 / TDI;Nemcija;DEU;osebni avtomobil;207;karavan;A4 
103;1490;6.1;1;AUDI;8E-ABPWF1;A4 / AVANT 2.0 / TDI;Nemcija;DEU;osebni avtomobil;206;karavan;A4 
103;1460;6.1;1;AUDI;C4A AEL M6;A6 / AVANT 2.5 / TDI;Nemcija;DEU;osebni avtomobil;203;karavan;A6 
103;1425;6.1;0;BMW;11AK-DHW50000;218 / GRAN COUPE / i;Nemcija;DEU;osebni avtomobil;215;limuzina;218
103;1500;6.1;1;DODGE;PKBBC8A-95LX1A;CALIBER / 2.0 / TD;Zdruûene drûave;USA;osebni avtomobil;196;vozilo z dviûnimi vrati zadaj;CALIBER 
103;1500;6.1;1;DODGE;PKBBC8A-71;CALIBER / 2.0 / TD;Zdruûene drûave;USA;osebni avtomobil;185;vozilo z dviûnimi vrati zadaj;CALIBER 
103;1696;6.1;0;FORD;BA7-UACC1DZ-5LKBZNAATTP;MONDEO / 2.0 / HEV 103;Nemcija;DEU;osebni avtomobil;187;limuzina;MONDEO 
103;1666;6.1;1;HYUNDAI;E-KY;SONATA / 2.0 / CRDI;Koreja. republika;KOR;osebni avtomobil;203;limuzina;SONATA 
103;1657;6.1;1;KIA;FGF7D21-M61AZ1;CARENS / 2.0 / D;Koreja. republika;KOR;osebni avtomobil;187;vecnamensko vozilo;CARENS 
103;1631;6.1;1;KIA;FGF5D21-M61AZ1;CARENS / 2.0 / D;Koreja. republika;KOR;osebni avtomobil;187;vecnamensko vozilo;CARENS 
103;1500;6.1;1;MITSUBISHI;CY911-ACBBA6B5A;LANCER / 2.0 DID /;Japonska ;JPN;osebni avtomobil;207;limuzina;LANCER 
103;1733;6.1;0;OPEL;ECDCC12-BA2N4JAPA7;ZAFIRA / 1.4 / 16V TURBO;Nemcija;DEU;osebni avtomobil;202;vecnamensko vozilo;ZAFIRA 
103;1733;6.1;0;OPEL;EBDCC12-BA2N4JAPA5;ZAFIRA / 1.4 / 16V TURBO;Nemcija;DEU;osebni avtomobil;202;karavan;ZAFIRA 
103;1701;6.1;0;OPEL;EADCC12-BA2N1JAPA7;ZAFIRA / 1.4 / 16V TURBO;Nemcija;DEU;osebni avtomobil;202;vecnamensko vozilo;ZAFIRA 
103;1701;6.1;0;OPEL;ECDLC12-BA2N1JAPA5;ZAFIRA / TOURER 1.4 / TURBO;Nemcija;DEU;osebni avtomobil;202;karavan;ZAFIRA 
103;1664;6.1;0;OPEL;EADCC12-BA2M3JAPA5;ZAFIRA / 1.4 / 16V TURBO;Nemcija;DEU;osebni avtomobil;202;karavan;ZAFIRA 
103;1613;6.1;0;OPEL;EADLC12-BA2M3JAPA5;ZAFIRA / TOURER 1.4 / TURBO;Nemcija;DEU;osebni avtomobil;202;karavan;ZAFIRA 
103;1613;6.1;0;OPEL;EADLC12-BA2N1JAPA7;ZAFIRA / TOURER 1.4 / TURBO;Nemcija;DEU;osebni avtomobil;202;vecnamensko vozilo;ZAFIRA 
103;1571;6.1;0;OPEL;BC11-1A06A8ANFMA5;ASTRA / CAR. 1.4 / 16V TURBO;Nemcija;DEU;osebni avtomobil;200;karavan;ASTRA 
103;1550;6.1;0;OPEL;BC11-1A05A8ANFMA5;ASTRA / CAR. 1.4 / 16V TURBO;Nemcija;DEU;osebni avtomobil;200;karavan;ASTRA 
103;1503;6.1;0;OPEL;CADLA12-BA1J1JDWJ5;ASTRA / 1.4 / TURBO;Nemcija;DEU;osebni avtomobil;202;vozilo z dviûnimi vrati zadaj;ASTRA 
103;1503;6.1;0;OPEL;DADCA11-BA1J1JDWA5;ASTRA / CAR. 1.4 / 16V TURBO;Nemcija;DEU;osebni avtomobil;200;karavan;ASTRA 
103;1480;6.1;0;OPEL;CK073CB12-BD1ZAHJEK25;INSIGNIA GRAND SPORT / 1.5 / TURBO;Nemcija;DEU;osebni avtomobil;210;vozilo z dviûnimi vrati zadaj;INSIGNIA GRAND SPORT 
103;1437;6.1;0;OPEL;BC11-1A06A8ANFMB5;ASTRA / CAR. 1.4 / 16V TURBO;Nemcija;DEU;osebni avtomobil;200;karavan;ASTRA 
103;1393;6.1;0;OPEL;CADLA12-BA1H4JDWJ5;ASTRA / 1.4 / TURBO;Nemcija;DEU;osebni avtomobil;202;vozilo z dviûnimi vrati zadaj;ASTRA 
103;1611;6.1;0;RENAULT;RFARF2NB6TA0217000;GRAND SCENIC / 1.3 / 16V;Francija;FRA;osebni avtomobil;195;vozilo z dviûnimi vrati zadaj;GRAND SCENIC 
103;1430;6.1;0;RENAULT;RFBKF2NB6TB0300100;MEGANE / GRANDTOUR 1.3 / 16V;Francija;FRA;osebni avtomobil;205;karavan;MEGANE 
103;1405;6.1;0;RENAULT;RFBLF2NB6TA0700100;MEGANE / GRANDCOUPE 1.3 / 16V;Francija;FRA;osebni avtomobil;203;limuzina;MEGANE 
103;1390;6.1;0;RENAULT;RFBLF2NB6TB0300100;MEGANE / GRANDCOUPE 1.3 / 16V;Francija;FRA;osebni avtomobil;205;limuzina;MEGANE 
103;1367;6.1;0;RENAULT;RFBBF2NB6TB0300100;MEGANE / 1.3 / 16V;Francija;FRA;osebni avtomobil;205;vozilo z dviûnimi vrati zadaj;MEGANE 
103;1579;6.1;1;SEAT;AXBMMX01-SGFM62Q0047GG;ALTEA FREETRACK / 2.0 / TDI;äpanija;ESP;osebni avtomobil;196;vecnamensko vozilo;ALTEA FREETRACK 
103;1569;6.1;1;äKODA;ACBMPX01-NFM6FM62Q009W;SUPERB / COMBI 2.0 / TDI;Ceöka republika;CZE;osebni avtomobil;205;karavan;SUPERB 
103;1555;6.1;1;äKODA;ACBKDX01-DQ6FA62E018O;OCTAVIA / COMBI 2.0 / TDI AUT.;Ceöka republika;CZE;osebni avtomobil;208;karavan;OCTAVIA 
103;1545;6.1;1;äKODA;ACCBDBX1-NAM6AM62Q031;YETI / 2.0 / TDI 4x4;Ceöka republika;CZE;osebni avtomobil;190;karavan;YETI 
103;1697;6.1;1;VOLKSWAGEN;BKDAC-FM6FM62Q0040GGP;TOURAN / 2.0;Nemcija;DEU;osebni avtomobil;200;limuzina;TOURAN 
103;1693;6.1;1;VOLKSWAGEN;BKDAC-FM6FM62Q0040GGP;TOURAN / 2.0 / TDI;Nemcija;DEU;osebni avtomobil;200;karavan;TOURAN 
103;1687;6.1;1;VOLKSWAGEN;ACBMPX0-FM6FM62Q009STP7GG;PASSAT / VARIANT 2.0 / TDI;Nemcija;DEU;osebni avtomobil;206;karavan;PASSAT 
103;1685;6.1;1;VOLKSWAGEN;3CACBMPX0-FM6FM62Q009STP7GG;PASSAT / VAR. 2.0 / TDI;Nemcija;DEU;osebni avtomobil;206;karavan;PASSAT 
103;1675;6.1;1;VOLKSWAGEN;BMMAF-FM6FM62Q0047GGS7N1;TOURAN / 2.0 / TDI;Nemcija;DEU;osebni avtomobil;200;vecnamensko vozilo;TOURAN 
103;1671;6.1;1;VOLKSWAGEN;ACCBABX1-AM6AM62Q007ST7MGS;PASSAT / VARIANT 2.0 / TDI 4M;Nemcija;DEU;osebni avtomobil;201;karavan;PASSAT 
103;1650;6.1;1;VOLKSWAGEN;BKDAF1X0-FM6FM62Q004Q0GG;TOURAN / 2.0 / TDI;Nemcija;DEU;osebni avtomobil;200;vecnamensko vozilo;TOURAN 
103;1643;6.1;1;VOLKSWAGEN;ACBKPX0-FM6FM62Q009STP0GG;PASSAT / VARIANT 2.0;Nemcija;DEU;osebni avtomobil;206;karavan;PASSAT 
103;1642;6.1;1;VOLKSWAGEN;ACBKPX0-FM6FM62Q009STP0GG;PASSAT / 2.0;Nemcija;DEU;osebni avtomobil;206;karavan;PASSAT 
103;1639;6.1;1;VOLKSWAGEN;3C;PASSAT / 2.0 / TDI;Nemcija;DEU;osebni avtomobil;206;karavan;PASSAT 
103;1633;6.1;1;VOLKSWAGEN;ACBKPX0-FM6FM62Q009STP0GG;PASSAT / VARIANT 2.0 / TDI;Nemcija;DEU;osebni avtomobil;206;karavan;PASSAT 
103;1633;6.1;1;VOLKSWAGEN;1TX0BMM-FM62Q0047GGSN1;TOURAN / 2.0 / TDI;Nemcija;DEU;osebni avtomobil;200;karavan;TOURAN 
103;1631;6.1;1;VOLKSWAGEN;AFCFHCX01-L0J2FM6FM62Q034N1SKVR07MJ;CADDY MAXI / 2.0 / TDI;Nemcija;DEU;osebni avtomobil;186;vecnamensko vozilo;CADDY MAXI 
103;1612;6.1;1;VOLKSWAGEN;3C ACBMPX0 FM6FM62Q009STP7GG;PASSAT / VAR. 2.0 / TDI;Nemcija;DEU;osebni avtomobil;206;karavan;PASSAT 
103;1608;6.1;1;VOLKSWAGEN;AFCFHCX01-L0J2FM6FM62Q034N1STVR07MJ;CADDY MAXI / 2.0 / TDI;Nemcija;DEU;osebni avtomobil;186;vecnamensko vozilo;CADDY MAXI 
103;1607;6.1;1;VOLKSWAGEN;ACBKPX0-FM6FM62Q009STO0GG;PASSAT / VARIANT 2.0 / TDI;Nemcija;DEU;osebni avtomobil;206;karavan;PASSAT 
103;1596;6.1;1;VOLKSWAGEN;ABBKDX1-AM6AM62Q007O40GGN1;GOLF / 2.0;Nemcija;DEU;osebni avtomobil;203;vozilo z dviûnimi vrati zadaj;GOLF 
103;1594;6.1;1;VOLKSWAGEN;ACCBABX0-FD6FD62E018ST7MGSVR0;PASSAT / VARIANT 2.0 / TDI AUT.;Nemcija;DEU;osebni avtomobil;203;karavan;PASSAT 
103;1506;6.1;1;VOLKSWAGEN;ABBKDX0-FA6FA62E018O40GGN1;GOLF / 2.0 / TDI AUT.;Nemcija;DEU;osebni avtomobil;203;vozilo z dviûnimi vrati zadaj;GOLF 
103;1477;6.1;1;VOLKSWAGEN;3C ACBMPX0 FM6FM62Q009STP7GG;PASSAT / VARIANT 2.0 / TDI;Nemcija;DEU;osebni avtomobil;206;karavan;PASSAT 
103;1454;6.1;1;VOLKSWAGEN;1K ABBKDX01-FA62E018O4;VOLKSWAGEN / GOLF / 2.0 / TDI D-AUT;Nemcija;DEU;osebni avtomobil;201;vozilo z dviûnimi vrati zadaj;VOLKSWAGEN 
103;1449;6.1;1;VOLKSWAGEN;ABBKDX0-FA6FA62E018O40GGN1;GOLF / 2.0;Nemcija;DEU;osebni avtomobil;203;vozilo z dviûnimi vrati zadaj;GOLF 
103;1433;6.1;1;VOLKSWAGEN;1K ABBKDX01-FA62E018O4;GOLF / 2.0;Nemcija;DEU;osebni avtomobil;201;vozilo z dviûnimi vrati zadaj;GOLF 
103;1735;6.2;1;AUDI;ABPWF1-FAVJ00R8E507GGP;A4 / AVANT 2.0 / TDI V-AUT.;Nemcija;DEU;osebni avtomobil;201;karavan;A4 
103;1685;6.2;1;AUDI;ABREF1-FM6XG0R4F600GG;A6 / AVANT 2.0 / TDI;Nemcija;DEU;osebni avtomobil;205;karavan;A6 
103;1635;6.2;1;AUDI;ABPWF1-FM6XA0R8E507GGP;A4 / AVANT 2.0 / TDI;Nemcija;DEU;osebni avtomobil;207;karavan;A4 
103;1615;6.2;1;AUDI;4F;A6 / 2.0 / TDI;Nemcija;DEU;osebni avtomobil;210;limuzina;A6 
103;1612;6.2;1;AUDI;LBREF1-FAVJ00R8E500GGP;A4 / 2.0 / TDI V-AUT.;Nemcija;DEU;osebni avtomobil;206;limuzina;A4 
103;1605;6.2;1;AUDI;ABREF1-FAVJ00R8E500GG;A4 / AVANT 2.0 / TDI V-AUT.;Nemcija;DEU;osebni avtomobil;201;karavan;A4 
103;1594;6.2;1;AUDI;LBLBF1-FAVJ00R8E500GGO;A 4 / 2.0;Nemcija;DEU;osebni avtomobil;206;limuzina;A 4 
103;1587;6.2;1;AUDI;LBREF1-FAVJ00R8E500GGO;A4 / 2.0 / TDI V-AUT.;Nemcija;DEU;osebni avtomobil;206;limuzina;A4 
103;1565;6.2;1;AUDI;8E;A4 / 2.0 / TDI;Nemcija;DEU;osebni avtomobil;207;karavan;A4 
103;1545;6.2;1;AUDI;LBREF1-FAVJ00R8E500GG;A4 / 2.0 / TDI V-AUT.;Nemcija;DEU;osebni avtomobil;206;limuzina;A4 
103;1395;6.2;0;BMW;7K31-DAW500LS;118 / / i AUT.;Nemcija;DEU;osebni avtomobil;213;vozilo z dviûnimi vrati zadaj;118
103;1635;6.2;1;DODGE;JSDTCAA-95LX1A;AVENGER / 2.0 / TD;Zdruûene drûave;USA;osebni avtomobil;203;limuzina;AVENGER 
103;1806;6.2;1;FORD;WA6QXWA-1M7CEARG;GALAXY / 2.0 / TDCi DPF;Nemcija;DEU;osebni avtomobil;193;vecnamensko vozilo;GALAXY 
103;1743;6.2;1;FORD;WA6QXWA-1S7CEARG;S-MAX / 2.0 / TDCi DPF;Nemcija;DEU;osebni avtomobil;196;vecnamensko vozilo;S-MAX 
103;1707;6.2;1;FORD;DM2UFMA2A-5RMAQD;KUGA / 2.0 / TDCI 103 A6 4x4;Nemcija;DEU;osebni avtomobil;187;vecnamensko vozilo;KUGA 
103;1458;6.2;0;HYUNDAI;BAP31-D71GZ1;i30 FB / 1.4 / T-GDI DCT;Ceöka republika;CZE;osebni avtomobil;205;vozilo z dviûnimi vrati zadaj;i30 FB 
103;1448;6.2;0;HYUNDAI;BAP31-D71FZ1;i30 FB / 1.4 / T-GDI DCT;Ceöka republika;CZE;osebni avtomobil;205;vozilo z dviûnimi vrati zadaj;i30 FB 
103;1425;6.2;0;HYUNDAI;B5P31-D71BZ1;i30 / 1.4 / T-GDI DCT;Ceöka republika;CZE;osebni avtomobil;205;vozilo z dviûnimi vrati zadaj;i30 
103;1611;6.2;0;JEEP;MXJHMFEJ5LN1A;COMPASS / 1.4 / FWD;Zdruûene drûave;USA;osebni avtomobil;192;vecnamensko vozilo;COMPASS 
103;1595;6.2;0;JEEP;MXJHMFEK5LN1B;COMPASS / 1.4 / FWD;Zdruûene drûave;USA;osebni avtomobil;192;vecnamensko vozilo;COMPASS 
103;1710;6.2;1;KIA;FGF7D21-M61BZ1;CARENS / 2.0 / D;Koreja. republika;KOR;osebni avtomobil;187;vecnamensko vozilo;CARENS 
103;1345;6.2;0;KIA;CDBCP31-M6BH11;XCEED / 1.4 / T;Slovaöka;SVK;osebni avtomobil;200;vozilo z dviûnimi vrati zadaj;XCEED 
103;1470;6.2;1;MERCEDES BENZ;Y20JK2-FZAAA501;B / 200 / CDI AUT.;Nemcija;DEU;osebni avtomobil;195;karavan;B 
103;1976;6.2;1;OPEL;1200-SJABC9;VIVARO 1.6 CDTI / BITURBO;Nemcija;DEU;osebni avtomobil;181;vecnamensko vozilo;VIVARO 1.6 CDTI 
103;1976;6.2;1;OPEL;1200-SJABC9;VIVARO 1.6 CDTI;Nemcija;DEU;osebni avtomobil;180;vecnamensko vozilo;VIVARO 1.6 CDTI
103;1613;6.2;0;OPEL;EADLC12-BX2N1JTPA7;ZAFIRA / TOURER 1.4 / TURBO;Nemcija;DEU;osebni avtomobil;202;vecnamensko vozilo;ZAFIRA 
103;1613;6.2;0;OPEL;EADLC12-BX2M3JTPA5;ZAFIRA / TOURER 1.4 / TURBO;Nemcija;DEU;osebni avtomobil;202;karavan;ZAFIRA 
103;1480;6.2;0;OPEL;CK073CB12-BD1ZAHJEK25;INSIGNIA GRAND SPORT / 1.5 / TURBO;Nemcija;DEU;osebni avtomobil;210;vozilo z dviûnimi vrati zadaj;INSIGNIA GRAND SPORT 
103;1449;6.2;0;OPEL;AADLA12-BA2H6JDWJ5;ASTRA / 1.4 / TURBO;Nemcija;DEU;osebni avtomobil;207;limuzina;ASTRA 
103;1437;6.2;0;OPEL;AADLA12-BA2H4JDWJ5;ASTRA / 1.4 / TURBO;Nemcija;DEU;osebni avtomobil;207;limuzina;ASTRA 
103;1437;6.2;0;OPEL;BADCA12-BA3J1JNWA5;ASTRA / GTC 1.4 / 16V TURBO;Nemcija;DEU;osebni avtomobil;191;vozilo z dviûnimi vrati zadaj;ASTRA 
103;1409;6.2;0;OPEL;JMXXFXX-N44PDXHYTTB;MOKKA / 1.4 / TURBO AUT.;Nemcija;DEU;osebni avtomobil;191;vecnamensko vozilo;MOKKA 
103;1976;6.2;1;RENAULT;1JL201;TRAFIC / 1.6 / DCI;Francija;FRA;osebni avtomobil;181;vecnamensko vozilo;TRAFIC 
103;1976;6.2;1;RENAULT;1JL218;TRAFIC / 1.6 / DCI;Francija;FRA;osebni avtomobil;181;vozilo za posebne namene;TRAFIC 
103;1590;6.2;0;RENAULT;RFBKF2NBBTA0D00100;MEGANE / GRANDTOUR 1.3 / 16V AUT.;Francija;FRA;osebni avtomobil;205;karavan;MEGANE 
103;1534;6.2;0;RENAULT;RFBBF2NBBTB0A00100;MEGANE / 1.3 / 16V AUT.;Francija;FRA;osebni avtomobil;205;vozilo z dviûnimi vrati zadaj;MEGANE 
103;1442;6.2;0;RENAULT;RFEHF2N16UB1125000;KADJAR / 1.3 / 16V;Francija;FRA;osebni avtomobil;200;karavan;KADJAR 
103;1422;6.2;0;RENAULT;RFBKF2NB6TB0300100;MEGANE / GRANDTOUR 1.3 / 16V;Francija;FRA;osebni avtomobil;205;karavan;MEGANE 
103;1411;6.2;0;RENAULT;RFBKF2NB6TC6220100;MEGANE / GRANDTOUR 1.3 / 16V;Francija;FRA;osebni avtomobil;205;karavan;MEGANE 
103;1380;6.2;0;RENAULT;RFBBF2NB6TB6320100;MEGANE / 1.3 / 16V;Francija;FRA;osebni avtomobil;205;vozilo z dviûnimi vrati zadaj;MEGANE 
103;1375;6.2;0;RENAULT;RFBBF2NB6TB0300100;MEGANE / 1.3 / 16V;Francija;FRA;osebni avtomobil;205;vozilo z dviûnimi vrati zadaj;MEGANE 
103;1367;6.2;0;RENAULT;RFBBF2NB6TA0700100;MEGANE / 1.3 / 16V;Francija;FRA;osebni avtomobil;203;vozilo z dviûnimi vrati zadaj;MEGANE 
103;1942;6.2;1;SEAT;CFFBX1AF-AM6AM6A60107MJ7VR2SE;ALHAMBRA / 2.0 / TDI 4M;äpanija;ESP;osebni avtomobil;191;vecnamensko vozilo;ALHAMBRA 
103;1579;6.2;1;SEAT;ACBMMX01-AGNFD62E0157GG;ALTEA XL / 2.0 / TDI AUT.;äpanija;ESP;osebni avtomobil;201;vecnamensko vozilo;ALTEA XL 
103;1577;6.2;1;äKODA;ACBMMX11-NAM6AM62Q007O;OCTAVIA / COMBI 2.0 / TDI 4x4;Ceöka republika;CZE;osebni avtomobil;199;karavan;OCTAVIA 
103;1575;6.2;1;äKODA;ACCFHCX11-SAD6AD62E0830;OCTAVIA / COMBI 2.0 / TDI 4x4 AUT.;Ceöka republika;CZE;osebni avtomobil;197;karavan;OCTAVIA 
103;1942;6.2;1;VOLKSWAGEN;CFFBX1AF-AM6AM6A60107MJ7VR2VWO;SHARAN / 2.0 / TDI 4M;Nemcija;DEU;osebni avtomobil;191;vecnamensko vozilo;SHARAN 
103;1695;6.2;1;VOLKSWAGEN;1TBMMAF-FM6FM62Q0047GGC7N1;TOURAN / 2.0 / TDI;Nemcija;DEU;osebni avtomobil;194;karavan;TOURAN 
103;1675;6.2;1;VOLKSWAGEN;ACCFFBX1-AD7AD7BH003NDSTVR07MJO;TIGUAN / 2.0 / TDI 4M AUT.;Nemcija;DEU;osebni avtomobil;188;karavan;TIGUAN 
103;1649;6.2;1;VOLKSWAGEN;BMMAC-FM6FM62Q0047GGC5N1;TOURAN / 2.0 / TDI;Nemcija;DEU;osebni avtomobil;194;karavan;TOURAN 
103;1585;6.2;1;VOLKSWAGEN;AFBKDX0-FA6FA62E015O0GGN1;GOLF PLUS / 2.0 / TDI AUT.;Nemcija;DEU;osebni avtomobil;200;vecnamensko vozilo;GOLF PLUS 
103;1560;6.2;1;VOLKSWAGEN;AACBABX0-FD6FD62E018ST7MB;PASSAT CC / 2.0 / TDI AUT.;Nemcija;DEU;osebni avtomobil;210;limuzina;PASSAT CC 
103;1549;6.2;1;VOLKSWAGEN;AACBABX0-FA6FD62E018ST7MBS;PASSAT / 2.0 / TDI AUT.;Nemcija;DEU;osebni avtomobil;206;limuzina;PASSAT 
103;1525;6.2;1;VOLKSWAGEN;ABBMMX1-AM6AM62Q007O47GGN1;GOLF / 2.0 / TDI 4M;Nemcija;DEU;osebni avtomobil;203;vozilo z dviûnimi vrati zadaj;GOLF 
103;1522;6.2;1;VOLKSWAGEN;AFBKDX0-FA6FA62E015N0GGN1;GOLF PLUS / 2.0 / TDI AUT.;Nemcija;DEU;osebni avtomobil;200;vecnamensko vozilo;GOLF PLUS 
103;1522;6.2;1;VOLKSWAGEN;1KPAFBKDX0-FA6FA62E01500GGN1;GOLF PLUS / 2.0 / TDI AUT.;Nemcija;DEU;osebni avtomobil;200;vozilo z dviûnimi vrati zadaj;GOLF PLUS 
103;1491;6.2;1;VOLKSWAGEN;ACBMMX1-AM6AM62Q007N7GGN1;GOLF / 2.0 / TDI 4M;Nemcija;DEU;osebni avtomobil;203;karavan;GOLF 
103;1491;6.2;1;VOLKSWAGEN;ABBMMX1-AM6AM62Q0077GGN1;GOLF / 2.0 / TDI 4M;Nemcija;DEU;osebni avtomobil;203;vozilo z dviûnimi vrati zadaj;GOLF 
103;1426;6.2;1;VOLKSWAGEN;ABBMMX0-FA6FA62E018O47GGVI;GOLF / 2.0 / TDI AUT.;Nemcija;DEU;osebni avtomobil;203;vozilo z dviûnimi vrati zadaj;GOLF 
103;750;6.2;1;VOLKSWAGEN;3C;PASSAT / 2.0 / TDI;Nemcija;DEU;osebni avtomobil;206;karavan;PASSAT 
103;1503;6.23;0;OPEL;BADLA12-BA3J1JNWJ5;ASTRA / GTC 1.4 / TURBO;Nemcija;DEU;osebni avtomobil;201;vozilo z dviûnimi vrati zadaj;ASTRA 
103;1782;6.3;1;AUDI;ABLBF1-FM6XG0R4F600GGQ;A 6 / AVANT 2.0;Nemcija;DEU;osebni avtomobil;205;karavan;A 6 
103;1773;6.3;1;AUDI;LBLBF1-FM6XG0R4F600GGQ;A6 / 2.0 / TDI;Nemcija;DEU;osebni avtomobil;210;limuzina;A6 
103;1759;6.3;1;AUDI;LBLBF1-FM6XG0R4F600GGQ;A 6 / 2.0;Nemcija;DEU;osebni avtomobil;210;limuzina;A 6 
103;1759;6.3;1;AUDI;4FABLBF1-FM6XG0R4F600GGQ;A6 / AVANT 2.0 / TDI;Nemcija;DEU;osebni avtomobil;205;karavan;A6 
103;1750;6.3;1;AUDI;ABLBF1-FM6XG0R4F600GGQ;A6 / AVANT 2.0 / TDI;Nemcija;DEU;osebni avtomobil;205;karavan;A6 
103;1727;6.3;1;AUDI;LBREF1-FM6XG0R4F600GGP;A6 / 2.0 / TDI;Nemcija;DEU;osebni avtomobil;210;limuzina;A6 
103;1717;6.3;1;AUDI;4FLBLBF1-FM6XG0R4F600GGP;A6 / 2.0 / TDI;Nemcija;DEU;osebni avtomobil;210;limuzina;A6 
103;1714;6.3;1;AUDI;ABREF1-FAVJ00R8E500GGP;A 4 / AVANT 2.0;Nemcija;DEU;osebni avtomobil;201;karavan;A 4 
103;1690;6.3;1;AUDI;ABLBF1-FAVJ00R8E700GGP;A 4 / AVANT 2.0;Nemcija;DEU;osebni avtomobil;201;karavan;A 4 
103;1685;6.3;1;AUDI;4F;A 6 / 2.0;Nemcija;DEU;osebni avtomobil;205;karavan;A 6 
103;1677;6.3;1;AUDI;8EABREF1-FAVJ00R8E500GGP;A4 / AVANT 2.0 / TDI AUT.;Nemcija;DEU;osebni avtomobil;201;karavan;A4 
103;1673;6.3;1;AUDI;ABLBF1-FAVJ00R8E500GGP;A4 / AVANT 2.0 / TDI V-AUT.;Nemcija;DEU;osebni avtomobil;201;karavan;A4 
103;1670;6.3;1;AUDI;ABREF1-FAVJ00R8E700GGP;A4 / AVANT 2.0 / TDI V-AUT.;Nemcija;DEU;osebni avtomobil;201;karavan;A4 
103;1641;6.3;1;AUDI;8EABREF1-FAVJ00R8E500GGP;A4 / AVANT 2.0 / TDI;Nemcija;DEU;osebni avtomobil;201;karavan;A4 
103;1630;6.3;1;AUDI;4F LBREF1 FM6XG0R4F607GG;A6 / 2.0 / TDI;Nemcija;DEU;osebni avtomobil;210;limuzina;A6 
103;1617;6.3;1;AUDI;4F-BRE;A6 / 2.0 / TDI;Nemcija;DEU;osebni avtomobil;210;limuzina;A6 
103;1615;6.3;1;AUDI;4F;A6 / 2.0 / TDI;Nemcija;DEU;osebni avtomobil;210;limuzina;A6 
103;1450;6.3;0;BMW;11AK-DAW5000S;218 / GRAN COUPE / i AUT.;Nemcija;DEU;osebni avtomobil;215;limuzina;218
103;1395;6.3;0;BMW;7K31-DAW500L0;118 / / i AUT.;Nemcija;DEU;osebni avtomobil;213;vozilo z dviûnimi vrati zadaj;118
103;1696;6.3;0;FORD;BA7-UACC1DY-5LKBZNAATTP;MONDEO / 2.0 / HEV 103;Nemcija;DEU;osebni avtomobil;187;limuzina;MONDEO 
103;1673;6.3;1;HONDA;BE51-1;FR-V / 2.2 / i-CTDi;Japonska ;JPN;osebni avtomobil;190;vecnamensko vozilo;FR-V 
103;1662;6.3;1;HONDA;BE51-2;FR-V / 2.2 / i-CTDi;Japonska ;JPN;osebni avtomobil;190;vecnamensko vozilo;FR-V 
103;1654;6.3;1;HONDA;BE51-1;FRV / 2.2;Japonska ;JPN;osebni avtomobil;190;limuzina;FRV 
103;1654;6.3;1;HONDA;BE51-1;FRV / 2.2;Japonska ;JPN;osebni avtomobil;190;vecnamensko vozilo;FRV 
103;1265;6.3;0;HONDA;FK2;CIVIC / 1.8 / I;Zdruûeno kraljestvo;GBR;osebni avtomobil;205;vozilo z dviûnimi vrati zadaj;CIVIC 
103;1494;6.3;0;HYUNDAI;F5P31-D71BZ1;i30 CW / 1.4 / T-GDI DCT;Ceöka republika;CZE;osebni avtomobil;203;karavan;i30 CW 
103;1488;6.3;0;HYUNDAI;BBP31-D71IZ1;i30 NS / 1.4 / T-GDI DCT;Ceöka republika;CZE;osebni avtomobil;205;vozilo z dviûnimi vrati zadaj;i30 NS 
103;1470;6.3;1;MERCEDES BENZ;Y20JK2-FZAAA502;B / 200 / CDI AUT.;Nemcija;DEU;osebni avtomobil;195;karavan;B 
103;1411;6.3;0;NISSAN;J11FF10;QASHQAI / 1.3 /;Zdruûeno kraljestvo;GBR;osebni avtomobil;193;vecnamensko vozilo;QASHQAI 
103;1733;6.3;0;OPEL;EADCC11-BA2N4JAPA7;ZAFIRA / 1.4 / 16V TURBO;Nemcija;DEU;osebni avtomobil;202;vecnamensko vozilo;ZAFIRA 
103;1701;6.3;0;OPEL;EBDCC11-BA2N1JAPA5;ZAFIRA / 1.4 / 16V TURBO;Nemcija;DEU;osebni avtomobil;202;karavan;ZAFIRA 
103;1664;6.3;0;OPEL;EADCC11-BA2M3JMPA5;ZAFIRA / 1.4 / 16V TURBO;Nemcija;DEU;osebni avtomobil;202;karavan;ZAFIRA 
103;1613;6.3;0;OPEL;EADLA12-BA2M3JAPJ5;ZAFIRA / TOURER 1.4 / TURBO;Nemcija;DEU;osebni avtomobil;200;karavan;ZAFIRA 
103;1613;6.3;0;OPEL;EADLA12-BA2N1JAPJ7;ZAFIRA / TOURER 1.4 / TURBO;Nemcija;DEU;osebni avtomobil;200;vecnamensko vozilo;ZAFIRA 
103;1503;6.3;0;OPEL;DADLA12-BA1J1JDWJ5;ASTRA / ST 1.4 / TURBO;Nemcija;DEU;osebni avtomobil;200;karavan;ASTRA 
103;1466;6.3;0;OPEL;JMXXFXX-M44PFXGXGGB;MOKKA / 1.4 / TURBO;Nemcija;DEU;osebni avtomobil;196;vecnamensko vozilo;MOKKA 
103;1445;6.3;0;OPEL;JMXXFXX-M44PFXGYPPB;MOKKA / 1.4 / TURBO;Nemcija;DEU;osebni avtomobil;196;vecnamensko vozilo;MOKKA 
103;1437;6.3;0;OPEL;BADLA12-BA3H4JNWJ5;ASTRA / GTC 1.4 / TURBO;Nemcija;DEU;osebni avtomobil;201;vozilo z dviûnimi vrati zadaj;ASTRA 
103;1437;6.3;0;OPEL;DADLA12-BA1J3JDWJ5;ASTRA / ST 1.4 / TURBO;Nemcija;DEU;osebni avtomobil;200;karavan;ASTRA 
103;1393;6.3;0;OPEL;EBDLA11-BX1J1JBTJ5;MERIVA / 1.4 / TURBO;Nemcija;DEU;osebni avtomobil;196;vecnamensko vozilo;MERIVA 
103;1452;6.3;0;RENAULT;RFEHF2N16UB2125000;KADJAR / 1.3 / 16V;Francija;FRA;osebni avtomobil;200;karavan;KADJAR 
103;1431;6.3;0;RENAULT;RFBKF2NB6TA0700100;MEGANE / GRANDTOUR 1.3 / 16V;Francija;FRA;osebni avtomobil;203;karavan;MEGANE 
103;1428;6.3;0;RENAULT;RFBKF2NB6TB0300100;MEGANE / GRANDTOUR 1.3 / 16V;Francija;FRA;osebni avtomobil;205;karavan;MEGANE 
103;1427;6.3;0;RENAULT;RFBKF2NB6TC6220100;MEGANE / GRANDTOUR 1.3 / 16V;Francija;FRA;osebni avtomobil;205;karavan;MEGANE 
103;1420;6.3;0;RENAULT;RFBLF2NB6TB0300100;MEGANE / GRANDCOUPE 1.3 / 16V;Francija;FRA;osebni avtomobil;205;limuzina;MEGANE 
103;1392;6.3;0;RENAULT;RFBLF2NB6TA0700100;MEGANE / GRANDCOUPE 1.3 / 16V;Francija;FRA;osebni avtomobil;203;limuzina;MEGANE 
103;1375;6.3;0;RENAULT;RFBBF2NB6TA0700100;MEGANE / 1.3 / 16V;Francija;FRA;osebni avtomobil;203;vozilo z dviûnimi vrati zadaj;MEGANE 
103;1364;6.3;0;RENAULT;RFBBF2NB6TB0300100;MEGANE / 1.3 / 16V;Francija;FRA;osebni avtomobil;205;vozilo z dviûnimi vrati zadaj;MEGANE 
103;1667;6.3;1;äKODA;ACCFFBX11-NAD6AD62E083W0;SUPERB / COMBI 2.0 / TDI 4x4 AUT.;Ceöka republika;CZE;osebni avtomobil;201;karavan;SUPERB 
103;1593;6.3;1;äKODA;STBSSX01-NFM6FM6A2002;SUPERB / 2.0 / TDI;Ceöka republika;CZE;osebni avtomobil;215;limuzina;SUPERB 
103;1560;6.3;1;äKODA;ACCFHCX1-NAD6AD62E083ST0;YETI / 2.0 / TDI 4x4 AUT.;Ceöka republika;CZE;osebni avtomobil;187;karavan;YETI 
103;1545;6.3;1;äKODA;ACBMMX11-NAM6AM62Q007;OCTAVIA / COMBI 2.0 / TDI 4x4;Ceöka republika;CZE;osebni avtomobil;199;karavan;OCTAVIA 
103;1675;6.3;1;VOLKSWAGEN;ACCFFBX1-AD7AD7BH003NDSTVR07MJO;TIGUAN / 2.0 / TDI 4M AUT.;Nemcija;DEU;osebni avtomobil;188;karavan;TIGUAN 
103;1665;6.3;1;VOLKSWAGEN;ACCFFBX1-AM6AM6A6006NDSTVR07MG;TIGUAN / 2.0 / TDI 4M;Nemcija;DEU;osebni avtomobil;186;karavan;TIGUAN 
103;1653;6.3;1;VOLKSWAGEN;AFCFHCX01-L0J2FD6FD62E018N1SKVR07MJ;CADDY MAXI / 2.0 / TDI AUT.;Nemcija;DEU;osebni avtomobil;186;vecnamensko vozilo;CADDY MAXI 
103;1594;6.3;1;VOLKSWAGEN;ACCBABX0-FA6FD62E018S17MBS;PASSAT / VARIANT 2.0 / TDI AUT.;Nemcija;DEU;osebni avtomobil;203;karavan;PASSAT 
103;1588;6.3;1;VOLKSWAGEN;AFBMMX01-FM6FM62Q004SK0J27GGL;CADDY MAXI LIFE / 2.0 / TDI;Nemcija;DEU;osebni avtomobil;186;vecnamensko vozilo;CADDY MAXI LIFE 
103;1577;6.3;1;VOLKSWAGEN;ACCFHCX01-N0J2FD6FD62E018N1SK7MQ;CADDY / 2.0 / TDI AUT.;Nemcija;DEU;osebni avtomobil;186;karavan;CADDY 
103;1556;6.3;1;VOLKSWAGEN;AFCFHCX01-N0J2FD6FD62E018N1STVR07MJ;CADDY / 2.0 / TDI AUT.;Nemcija;DEU;osebni avtomobil;186;vecnamensko vozilo;CADDY 
103;1509;6.3;1;VOLKSWAGEN;AFBMMX01-FM6FM62Q004SB0J27GGNN1;CADDY / 2.0 / TDI;Nemcija;DEU;osebni avtomobil;186;vecnamensko vozilo;CADDY 
103;1663;6.3;1;VOLVO;TS 72/06;S 80 / 2.5;ävedska;SWE;osebni avtomobil;200;limuzina;S 80 
103;1638;6.3;1;VOLVO;LW72-02;V70 / 2.5 / DT;ävedska;SWE;osebni avtomobil;200;karavan;V70 
103;1536;6.3;1;VOLVO;LW7202;V70 / 2.5 / DT;ävedska;SWE;osebni avtomobil;200;karavan;V70 
103;1796;6.4;1;AUDI;4FABREF1-FM6XG0R4F600GGQ;A6 / AVANT 2.0 / TDI;Nemcija;DEU;osebni avtomobil;205;karavan;A6 
103;1770;6.4;1;AUDI;ABREF1-FM6XG0R4F600GGQ;A6 / AVANT 2.0 / TDI;Nemcija;DEU;osebni avtomobil;205;karavan;A6 
103;1746;6.4;1;AUDI;LBREF1-FM6XG0R4F600GGQ;A 6 / 2.0;Nemcija;DEU;osebni avtomobil;210;limuzina;A 6 
103;1675;6.4;1;AUDI;KBPWF1-FM6XA0R8H71P;A4 / CABRIOLET 2.0 / TDI;Nemcija;DEU;osebni avtomobil;207;kabriolet;A4 
103;1615;6.4;1;AUDI;4F2 04C;A6 / 2.0 / TDI;Nemcija;DEU;osebni avtomobil;210;limuzina;A6 
103;1395;6.4;0;BMW;7K31-DAW500LG;118 / / i AUT.;Nemcija;DEU;osebni avtomobil;213;vozilo z dviûnimi vrati zadaj;118
103;1556;6.4;0;CHEVROLET;BNXXAXX-A44PAXAXAAB;TRAX / 1.4 / TURBO;Koreja. republika;KOR;osebni avtomobil;194;karavan;TRAX 
103;2001;6.4;1;FIAT;F1MFT-D7LD1A;FREEMONT / 2.0 / MULTIJET;Zdruûene drûave;USA;osebni avtomobil;185;vecnamensko vozilo;FREEMONT 
103;1960;6.4;1;FIAT;F1MFT-B7LD1A;FREEMONT / 2.0 / MULTIJET;Zdruûene drûave;USA;osebni avtomobil;185;vecnamensko vozilo;FREEMONT 
103;1958;6.4;1;FIAT;F1MFT-E5LD1A;FREEMONT / 2.0 / MULTIJET;Zdruûene drûave;USA;osebni avtomobil;185;vecnamensko vozilo;FREEMONT 
103;1125;6.4;0;FIAT;NF6E460W1;124 SPIDER / /;Italija;ITA;osebni avtomobil;217;kabriolet;124 SPIDER 
103;1771;6.4;1;FORD;WA6QXWA-1S7FEARG;S-MAX / 2.0 / TDCi DPF AWF;Nemcija;DEU;osebni avtomobil;193;vecnamensko vozilo;S-MAX 
103;1743;6.4;1;FORD;WA6QXWA-1S7CEARG;S-MAX / 2.0 / TDCi DPF;Nemcija;DEU;osebni avtomobil;196;vecnamensko vozilo;S-MAX 
103;1743;6.4;1;FORD;QXWA-1S7CEARG;S-MAX / 2.0 / TDCi;Nemcija;DEU;osebni avtomobil;196;limuzina;S-MAX 
103;1736;6.4;1;FORD;QXWB-1S7CEARG;S-MAX / 2.0 / TDCi;Nemcija;DEU;osebni avtomobil;196;vecnamensko vozilo;S-MAX 
103;1688;6.4;1;FORD;WA6-AZWA1S-7CEA-RG;SMAX / 2.0 /TDCI;Nemcija;DEU;osebni avtomobil;191;vozilo z dviûnimi vrati zadaj;SMAX 
103;1674;6.4;1;FORD;WA6-QXWA1S;S-MAX / 2.0 / TDCI;Nemcija;DEU;osebni avtomobil;196;vecnamensko vozilo;S-MAX 
103;1647;6.4;1;FORD;WA6QXWB-1S7CEARG;S-MAX / 2.0 / TDCi 140;Nemcija;DEU;osebni avtomobil;196;vecnamensko vozilo;S-MAX 
103;1373;6.4;0;HONDA;FK22-6;CIVIC / 1.8 / i-SHIFT;Zdruûeno kraljestvo;GBR;osebni avtomobil;205;vozilo z dviûnimi vrati zadaj;CIVIC 
103;1325;6.4;0;HONDA;FN11-8;CIVIC / 1.8 / I-SHIFT;Zdruûeno kraljestvo;GBR;osebni avtomobil;205;vozilo z dviûnimi vrati zadaj;CIVIC 
103;1311;6.4;0;HONDA;FK21-1;CIVIC / 1.8 /;Zdruûeno kraljestvo;GBR;osebni avtomobil;205;vozilo z dviûnimi vrati zadaj;CIVIC 
103;1410;6.4;0;HYUNDAI;F5P31-M64BZ1;i30 CW / 1.4 / T-GDI;Ceöka republika;CZE;osebni avtomobil;208;karavan;i30 CW 
103;1376;6.4;0;HYUNDAI;B5P31-M64BZ1;i30 / 1.4 / T-GDI;Ceöka republika;CZE;osebni avtomobil;210;vozilo z dviûnimi vrati zadaj;i30 
103;1500;6.4;1;MITSUBISHI;CY911-ACBBA6B5C;LANCER / 2.0 DID /;Japonska ;JPN;osebni avtomobil;207;limuzina;LANCER 
103;1438;6.4;0;NISSAN;J11FF10;QASHQAI / 1.3 /;Zdruûeno kraljestvo;GBR;osebni avtomobil;193;vecnamensko vozilo;QASHQAI 
103;1527;6.4;0;OPEL;JNXXAXX-A44PAX4X44B;MOKKA / 1.4 / TURBO;Nemcija;DEU;osebni avtomobil;186;karavan;MOKKA 
103;1520;6.4;0;OPEL;JMXXAXX-A44PAX4X44B;MOKKA / 1.4 / TURBO;Nemcija;DEU;osebni avtomobil;186;vecnamensko vozilo;MOKKA 
103;1471;6.4;0;OPEL;BE11-1AADA8HCBE5;MERIVA / 1.4 / 16V TURBO;Nemcija;DEU;osebni avtomobil;196;vecnamensko vozilo;MERIVA 
103;1445;6.4;0;OPEL;JMXXAXX-A44PAX4YRRB;MOKKA / 1.4 / TURBO 4X4;Nemcija;DEU;osebni avtomobil;186;vecnamensko vozilo;MOKKA 
103;1441;6.4;0;OPEL;CA073CB12-BA1ZAHJEK15;INSIGNIA GRAND SPORT / 1.5 / TURBO;Nemcija;DEU;osebni avtomobil;210;vozilo z dviûnimi vrati zadaj;INSIGNIA GRAND SPORT 
103;1394;6.4;0;OPEL;JMXXFXX-A41PA51T1DB;MOKKA / 1.4 / TURBO;Nemcija;DEU;osebni avtomobil;196;vecnamensko vozilo;MOKKA 
103;1448;6.4;0;RENAULT;RFEHF2N16UB2125000;KADJAR / 1.3 / 16V;Francija;FRA;osebni avtomobil;200;karavan;KADJAR 
103;1440;6.4;0;RENAULT;RFEHF2NB6TA0105000;KADJAR / 1.3 / 16V;Francija;FRA;osebni avtomobil;203;karavan;KADJAR 
103;1438;6.4;0;RENAULT;RFBKF2NB6TA0700100;MEGANE / GRANDTOUR 1.3 / 16V;Francija;FRA;osebni avtomobil;203;karavan;MEGANE 
103;1424;6.4;0;RENAULT;RFEHF2NB6TA0125000;KADJAR / 1.3 / 16V;Francija;FRA;osebni avtomobil;203;karavan;KADJAR 
103;1422;6.4;0;RENAULT;RFEHF2NB6TA0105000;KADJAR / 1.3 / 16V;Francija;FRA;osebni avtomobil;196;karavan;KADJAR 
103;1390;6.4;0;RENAULT;RFBBF2NB6TB0300100;MEGANE / 1.3 / 16V;Francija;FRA;osebni avtomobil;205;vozilo z dviûnimi vrati zadaj;MEGANE 
103;1636;6.4;1;äKODA;STBSSX01-FM6FM6A2002P;SUPERB / 2.0 / TDI;Ceöka republika;CZE;osebni avtomobil;215;limuzina;SUPERB 
103;1605;6.4;1;äKODA;ACBMMX11-SAM6AM62Q007;OCTAVIA / COMBI 2.0 / TDI 4X4;Ceöka republika;CZE;osebni avtomobil;197;karavan;OCTAVIA 
103;1593;6.4;1;äKODA;STBSSX01-NFM6FM6A2002;SUPERB / 2.0 / TDI;Ceöka republika;CZE;osebni avtomobil;215;limuzina;SUPERB 
103;1725;6.4;1;VOLKSWAGEN;AFBMMX01-FM6FM62Q004SK0J27GGL;CADDY MAXI LIFE / 2.0 / TDI;Nemcija;DEU;osebni avtomobil;186;vecnamensko vozilo;CADDY MAXI LIFE 
103;1675;6.4;1;VOLKSWAGEN;ACCFFBX1-AD7AD7BH003NDSTVR07MG;TIGUAN / 2.0 / TDI 4M AUT.;Nemcija;DEU;osebni avtomobil;184;karavan;TIGUAN 
103;1671;6.4;1;VOLKSWAGEN;ACCBABX1-AM6AM62Q007ST7MBS;PASSAT / VARIANT 2.0 / TDI 4M;Nemcija;DEU;osebni avtomobil;201;karavan;PASSAT 
103;1665;6.4;1;VOLKSWAGEN;ACCBABX1-AM6AM6A6006NDSTVR07MG;TIGUAN / 2.0 / TDI 4M;Nemcija;DEU;osebni avtomobil;186;karavan;TIGUAN 
103;1627;6.4;1;VOLKSWAGEN;AACBABX1-AM6AM62Q007ST7MBS;PASSAT / 2.0 / TDI 4M;Nemcija;DEU;osebni avtomobil;204;limuzina;PASSAT 
103;1614;6.4;1;VOLKSWAGEN;AABKPX0-FA6FA62E018STO0GG;PASSAT / 2.0;Nemcija;DEU;osebni avtomobil;206;limuzina;PASSAT 
103;1612;6.4;1;VOLKSWAGEN;AABKPX0-FA6FA62E018STO0GG;PASSAT / 2.0 / TDI AUT.;Nemcija;DEU;osebni avtomobil;206;limuzina;PASSAT 
103;1512;6.4;1;VOLKSWAGEN;ACBMMX01-FM6FM62Q004SK0J27GGN;CADDY LIFE / 2.0 / TDI;Nemcija;DEU;osebni avtomobil;186;karavan;CADDY LIFE 
103;1666;6.4;1;VOLVO;TS7202;S80 / 2.5 / TDI;ävedska;SWE;osebni avtomobil;205;limuzina;S80 
103;1764;6.5;1;AUDI;8HKBPWF1-FM6XA0R8H60Q;A4 / CABRIOLET 2.0 / TDI;Nemcija;DEU;osebni avtomobil;207;kabriolet;A4 
103;1705;6.5;1;AUDI;4FLBREF1-FM6XG0R4F600GGP;A6 / 2.0 / TDI;Nemcija;DEU;osebni avtomobil;210;limuzina;A6 
103;1705;6.5;1;AUDI;KBPWF1-FAVJ00R8H71;A4 / CABRIOLET 2.0 / TDI V-AUT.;Nemcija;DEU;osebni avtomobil;201;kabriolet;A4 
103;1685;6.5;1;AUDI;ABREF1-FM6XG0R4F607GGQ;A6 / AVANT 2.0 / TDI;Nemcija;DEU;osebni avtomobil;205;karavan;A6 
103;1666;6.5;1;AUDI;4F-BRE;A6 / 2.0 / TDI;Nemcija;DEU;osebni avtomobil;210;limuzina;A6 
103;1640;6.5;1;AUDI;LBREF1-FM6XG0R4F607GGQ;A6 / 2.0 / TDI;Nemcija;DEU;osebni avtomobil;210;limuzina;A6 
103;1465;6.5;0;BMW;6S11-DAW500K0;218 / ACTIVE TOURER / i AUT.;Nemcija;DEU;osebni avtomobil;205;karavan;218
103;1450;6.5;0;BMW;11AK-DAW500LS;218 / GRAN COUPE / i AUT.;Nemcija;DEU;osebni avtomobil;215;limuzina;218
103;1895;6.5;1;DODGE;JCD8CFH-97LD1A;JOURNEY / 2.0 / D;Zdruûene drûave;USA;osebni avtomobil;188;vecnamensko vozilo;JOURNEY 
103;1860;6.5;1;DODGE;JCD8CFH-95LD1A;JOURNEY / 2.0 / D;Zdruûene drûave;USA;osebni avtomobil;188;vecnamensko vozilo;JOURNEY 
103;1160;6.5;0;FIAT;312AXF1107F;500 / 1.4 / 16V TURBO C;Italija;ITA;osebni avtomobil;205;vozilo z dviûnimi vrati zadaj;500
103;1806;6.5;1;FORD;WA6QXWA-1M7CEARG;GALAXY / 2.0 / TDCi DPF;Nemcija;DEU;osebni avtomobil;193;vecnamensko vozilo;GALAXY 
103;1799;6.5;1;FORD;WA6QXWB-1M7CEARG;GALAXY / 2.0 / TDCi;Nemcija;DEU;osebni avtomobil;193;vecnamensko vozilo;GALAXY 
103;1355;6.5;0;FORD;JK8-YYJF11X-5AAPZNAB5SV;ECOSPORT / 1.0 / 103 S;Nemcija;DEU;osebni avtomobil;186;vozilo z dviûnimi vrati zadaj;ECOSPORT 
103;1773;6.5;1;HONDA;RE61-1;CR-V / 2.2 / i-CTDi;Zdruûeno kraljestvo;GBR;osebni avtomobil;187;vecnamensko vozilo;CR-V 
103;1740;6.5;1;HONDA;RE61-2;CR-V / 2.2 / i-CTDi;Zdruûeno kraljestvo;GBR;osebni avtomobil;187;vecnamensko vozilo;CR-V 
103;1687;6.5;1;HONDA;RE61-2;CR-V / 2.2 / I CDTI;Zdruûeno kraljestvo;GBR;osebni avtomobil;187;vecnamensko vozilo;CR-V 
103;1612;6.5;1;HONDA;RE6-1-2;CRV / 2.2 / CTDI;Zdruûeno kraljestvo;GBR;osebni avtomobil;187;vecnamensko vozilo;CRV 
103;1587;6.5;1;HONDA;RE6-1-2;CRV / 2.2 /;Japonska ;JPN;osebni avtomobil;187;vecnamensko vozilo;CRV 
103;1373;6.5;0;HONDA;FK22-2;CIVIC / 1.8 / i-SHIFT;Zdruûeno kraljestvo;GBR;osebni avtomobil;205;vozilo z dviûnimi vrati zadaj;CIVIC 
103;1326;6.5;0;HONDA;FN11-4;CIVIC / 1.8 / i-SHIFT;Zdruûeno kraljestvo;GBR;osebni avtomobil;205;vozilo z dviûnimi vrati zadaj;CIVIC 
103;1455;6.5;0;HYUNDAI;BAP31-M64GZ1;i30 FB / 1.4 / T-GDI;Ceöka republika;CZE;osebni avtomobil;210;vozilo z dviûnimi vrati zadaj;i30 FB 
103;1433;6.5;0;HYUNDAI;F5P31-M64BZ1;i30 CW / 1.4 / T-GDI;Ceöka republika;CZE;osebni avtomobil;208;karavan;i30 CW 
103;1401;6.5;0;HYUNDAI;B5P31-M64BZ1;i30 / 1.4 / T-GDI;Ceöka republika;CZE;osebni avtomobil;210;vozilo z dviûnimi vrati zadaj;i30 
103;1260;6.5;0;HYUNDAI;B4P11-M61AZ1;VELOSTER / 1.6 / GDI;Koreja. republika;KOR;osebni avtomobil;201;vozilo z dviûnimi vrati zadaj;VELOSTER 
103;1685;6.5;1;JEEP;PKJA5FA-71;COMPASS / 2.0 / TD;Zdruûene drûave;USA;osebni avtomobil;189;vecnamensko vozilo;COMPASS 
103;1615;6.5;1;JEEP;PKJA5FA-95LX2A;COMPASS RALLYE / 2.0 / TD;Zdruûene drûave;USA;osebni avtomobil;189;vecnamensko vozilo;COMPASS RALLYE 
103;1780;6.5;1;MITSUBISHI;CB121-ABACA6A7AAAJ;OUTLANDER / 2.2 DID / 4WD;Japonska ;JPN;osebni avtomobil;183;karavan;OUTLANDER 
103;1740;6.5;1;MITSUBISHI;CB121-APACA6A5AAAJ;OUTLANDER / 2.2 DID / 4WD;Japonska ;JPN;osebni avtomobil;183;karavan;OUTLANDER 
103;1540;6.5;1;MITSUBISHI;CX912-AIFFA6B5C;LANCER / 2.0 DID / DPF /;Japonska ;JPN;osebni avtomobil;204;vozilo z dviûnimi vrati zadaj;LANCER 
103;1664;6.5;0;OPEL;EADLC12-BA2M3JAPJ5;ZAFIRA / TOURER 1.4 / TURBO;Nemcija;DEU;osebni avtomobil;200;karavan;ZAFIRA 
103;1613;6.5;0;OPEL;EADLC12-BA2N1JAPJ5;ZAFIRA / TOURER 1.4 / TURBO;Nemcija;DEU;osebni avtomobil;202;karavan;ZAFIRA 
103;1613;6.5;0;OPEL;EADLC12-BA2N1JAPJ7;ZAFIRA / TOURER 1.4 / TURBO;Nemcija;DEU;osebni avtomobil;202;vecnamensko vozilo;ZAFIRA 
103;1481;6.5;0;OPEL;JMXXFXX-N44PDXHYUUB;MOKKA / 1.4 / TURBO AUT.;Nemcija;DEU;osebni avtomobil;191;vecnamensko vozilo;MOKKA 
103;1445;6.5;0;OPEL;JMXXAXX-A44PAX4YSSB;MOKKA / 1.4 / TURBO 4X4;Nemcija;DEU;osebni avtomobil;186;vecnamensko vozilo;MOKKA 
103;1441;6.5;0;OPEL;CA073CB12-BA1ZAHJEK25;INSIGNIA GRAND SPORT / 1.5 / TURBO;Nemcija;DEU;osebni avtomobil;210;vozilo z dviûnimi vrati zadaj;INSIGNIA GRAND SPORT 
103;1394;6.5;0;OPEL;JMXXFXX-A41PA51T1CB;MOKKA / 1.4 / TURBO;Nemcija;DEU;osebni avtomobil;196;vecnamensko vozilo;MOKKA 
103;1594;6.5;0;RENAULT;RFARF2NB6UC4215000;GRAND SCENIC / 1.3 / 16V;Francija;FRA;osebni avtomobil;195;vozilo z dviûnimi vrati zadaj;GRAND SCENIC 
103;1465;6.5;0;RENAULT;RFBKF2NB6TB0300100;MEGANE / GRANDTOUR 1.3 / 16V;Francija;FRA;osebni avtomobil;205;karavan;MEGANE 
103;1463;6.5;0;RENAULT;RFEHF2N16UB2125000;KADJAR / 1.3 / 16V;Francija;FRA;osebni avtomobil;200;karavan;KADJAR 
103;1409;6.5;0;RENAULT;RFEHF2NB6TA0D25000;KADJAR / 1.3 / 16V;Francija;FRA;osebni avtomobil;203;karavan;KADJAR 
103;1408;6.5;0;RENAULT;RFEHF2NB6TA0H25000;KADJAR / 1.3 / 16V;Francija;FRA;osebni avtomobil;203;karavan;KADJAR 
103;1388;6.5;0;RENAULT;RFBBF2NB6TA0700100;MEGANE / 1.3 / 16V;Francija;FRA;osebni avtomobil;203;vozilo z dviûnimi vrati zadaj;MEGANE 
103;1380;6.5;0;RENAULT;RFBBF2NBBTA0H00100;MEGANE / 1.3 / 16V AUT.;Francija;FRA;osebni avtomobil;205;vozilo z dviûnimi vrati zadaj;MEGANE 
103;1643;6.5;1;SEAT;AXBMMX11-QMAM62Q0077GG;ALTEA 4 FREETRACK / 2.0 / TDI;äpanija;ESP;osebni avtomobil;195;vecnamensko vozilo;ALTEA 4 FREETRACK 
103;1555;6.5;1;äKODA;ACCFHCX1-NAD6AD62E083;YETI / 2.0 / TDI 4x4 AUT.;Ceöka republika;CZE;osebni avtomobil;187;karavan;YETI 
103;1225;6.5;0;SUZUKI;JYAA2S-MT;SX4 / 1.4;Madûarska;HUN;osebni avtomobil;200;vozilo z dviûnimi vrati zadaj;SX4 
103;1195;6.5;0;SUZUKI;LYDA1S-MT2/L;VITARA / 1.4 / MT2 / L;Madûarska;HUN;osebni avtomobil;200;vozilo z dviûnimi vrati zadaj;VITARA 
103;1728;6.5;1;VOLKSWAGEN;BKDAC-FA6FA62E0150GGPS5;TOURAN / 2.0 / TDI AUT.;Nemcija;DEU;osebni avtomobil;198;karavan;TOURAN 
103;1725;6.5;1;VOLKSWAGEN;1T;TOURAN / 2.0 / TDI;Nemcija;DEU;osebni avtomobil;198;karavan;TOURAN 
103;1702;6.5;1;VOLKSWAGEN;BKDACX01-FA6FA62E015P0GG;TOURAN / 2.0;Nemcija;DEU;osebni avtomobil;198;limuzina;TOURAN 
103;1697;6.5;1;VOLKSWAGEN;BKDAC-FA6FA62E0150GGP;TOURAN / 2.0;Nemcija;DEU;osebni avtomobil;198;limuzina;TOURAN 
103;1692;6.5;1;VOLKSWAGEN;BKDAC-FA6FA62E0150GGP;TOURAN / 2.0 / TDI AUT.;Nemcija;DEU;osebni avtomobil;198;karavan;TOURAN 
103;1667;6.5;1;VOLKSWAGEN;BKDAC-FA6FA62E0150GGS5N1;TOURAN / 2.0 / TDI AUT.;Nemcija;DEU;osebni avtomobil;198;karavan;TOURAN 
103;1665;6.5;1;VOLKSWAGEN;BKDAF1X0;TOURAN / 2.0 / TDI AUT.;Nemcija;DEU;osebni avtomobil;198;vecnamensko vozilo;TOURAN 
103;1628;6.5;1;VOLKSWAGEN;AABKPX0-FA6FA62E018STP0GG;PASSAT / 2.0;Nemcija;DEU;osebni avtomobil;206;limuzina;PASSAT 
103;1622;6.5;1;VOLKSWAGEN;BKDAC1X0-FA6FA62E015P0GG;TOURAN / 2.0;Nemcija;DEU;osebni avtomobil;198;limuzina;TOURAN 
103;1619;6.5;1;VOLKSWAGEN;AABKPX0-FA6FA62E018STP0GG;PASSAT / 2.0 / TDI AUT.;Nemcija;DEU;osebni avtomobil;206;limuzina;PASSAT 
103;1551;6.5;1;VOLKSWAGEN;AABKPX0-FA6FA62E018ST0GG;PASSAT / 2.0 / TDI AUT.;Nemcija;DEU;osebni avtomobil;206;limuzina;PASSAT 
103;1703;6.5;1;VOLVO;SW72-02;V 70 / 2.5;ävedska;SWE;osebni avtomobil;200;karavan;V 70 
103;1703;6.5;1;VOLVO;SW72-02;V70 / 2.5 / TD;ävedska;SWE;osebni avtomobil;200;karavan;V70 
103;1662;6.5;1;VOLVO;SW72-02;V70 / 2.5 / TD;ävedska;SWE;osebni avtomobil;200;karavan;V70 
103;1628;6.5;1;VOLVO;SW-7202;V70 / 2.5 / D;ävedska;SWE;osebni avtomobil;200;karavan;V70 
103;1563;6.5;1;VOLVO;LW-7202;V 70 / 2.5;ävedska;SWE;osebni avtomobil;200;karavan;V 70 
103;1499;6.5;1;VOLVO;LW;V70 / 2.5 / D;ävedska;SWE;osebni avtomobil;200;karavan;V70 
103;1428;6.5;0;VOLVO;RS-6942;S60 / 2.4;ävedska;SWE;osebni avtomobil;210;limuzina;S60 
103;1763;6.6;1;AUDI;ABREF1-FM6XG0R4F600GGQ;A6 / AVANT 2.0 / TDI;Nemcija;DEU;osebni avtomobil;205;karavan;A6 
103;1741;6.6;1;AUDI;4FABREF1-FM6XG0R4F600GGQ;A6 / AVANT 2.0 / TDI;Nemcija;DEU;osebni avtomobil;205;karavan;A6 
103;1736;6.6;1;AUDI;LBREF1-FM6XG0R4F600GGQ;A6 / 2.0 / TDI;Nemcija;DEU;osebni avtomobil;210;limuzina;A6 
103;1685;6.6;1;AUDI;ABREF1-FM6XG0R4F600GG;A6 / AVANT 2.0 / TDI;Nemcija;DEU;osebni avtomobil;205;karavan;A6 
103;1575;6.6;1;AUDI;LBPWQ1-QM6XH0R8E507GG;A4 / 2.0 / TDI Q;Nemcija;DEU;osebni avtomobil;207;limuzina;A4 
103;1475;6.6;0;BMW;31AA-DHW500B0;X1 / sDrive18 / i;Nemcija;DEU;osebni avtomobil;205;karavan;X1 
103;1465;6.6;0;BMW;6S11-DAW500L0;218 / ACTIVE TOURER / i AUT.;Nemcija;DEU;osebni avtomobil;205;karavan;218
103;2780;6.6;1;CITROEN;YBBNPB/MS9;JUMPER / KOMBI 33 2.2 / HDI L2H2;Francija;FRA;osebni avtomobil;160;vozilo za posebne namene;JUMPER 
103;2409;6.6;1;CITROEN;YABNRA/KS9;JUMPER / KOMBI 30 2.2 / HDI L1H1;Francija;FRA;osebni avtomobil;160;vozilo z dostopom za invalidski vozicek;JUMPER 
103;1369;6.6;0;HONDA;FK21-2;CIVIC / 1.8 /;Zdruûeno kraljestvo;GBR;osebni avtomobil;205;vozilo z dviûnimi vrati zadaj;CIVIC 
103;1355;6.6;0;HONDA;FN11-2;CIVIC / 1.8 /;Zdruûeno kraljestvo;GBR;osebni avtomobil;205;vozilo z dviûnimi vrati zadaj;CIVIC 
103;1320;6.6;0;HONDA;FD11-4;CIVIC / 1.8 /;Japonska ;JPN;osebni avtomobil;200;limuzina;CIVIC 
103;1317;6.6;0;HONDA;FD11-1;CIVIC / 1.8 /;Japonska ;JPN;osebni avtomobil;200;limuzina;CIVIC 
103;1464;6.6;0;HYUNDAI;BCP31-M64IZ1;i30 FB NS / 1.4 / T-GDI;Ceöka republika;CZE;osebni avtomobil;210;vozilo z dviûnimi vrati zadaj;i30 FB NS 
103;1665;6.6;1;JEEP;PKJK5FH-81;PATRIOT / 2.0 / CRD;Zdruûene drûave;USA;osebni avtomobil;189;vecnamensko vozilo;PATRIOT 
103;1615;6.6;1;JEEP;PKJA5FH-95LD1A;COMPASS / 2.0 / TD;Zdruûene drûave;USA;osebni avtomobil;189;vecnamensko vozilo;COMPASS 
103;1795;6.6;1;MITSUBISHI;NA921-AMCCA6A7;GRANDIS / 2.0 / DID;Japonska ;JPN;osebni avtomobil;195;karavan;GRANDIS 
103;1481;6.6;0;OPEL;JMXXFXX-N44PDXHYTTB;MOKKA / 1.4 / TURBO AUT.;Nemcija;DEU;osebni avtomobil;191;vecnamensko vozilo;MOKKA 
103;1466;6.6;0;OPEL;JMXXFXX-M44PFXGYMMB;MOKKA / 1.4 / TURBO;Nemcija;DEU;osebni avtomobil;196;vecnamensko vozilo;MOKKA 
103;1456;6.6;0;OPEL;AA043CA12-BB2PAMJG425;ASTRA / 1.4 / TURBO;Nemcija;DEU;osebni avtomobil;207;limuzina;ASTRA 
103;1409;6.6;0;OPEL;JMXXFXX-N44PDXHXJJB;MOKKA / 1.4 / TURBO AUT.;Nemcija;DEU;osebni avtomobil;191;vecnamensko vozilo;MOKKA 
103;1485;6.6;0;RENAULT;RFEHF2NB6TA0125000;KADJAR / 1.3 / 16V;Francija;FRA;osebni avtomobil;203;karavan;KADJAR 
103;1464;6.6;0;RENAULT;RFEHF2NB6TA0105000;KADJAR / 1.3 / 16V;Francija;FRA;osebni avtomobil;203;karavan;KADJAR 
103;1443;6.6;0;RENAULT;RFBKF2NB6TA0700100;MEGANE / GRANDTOUR 1.3 / 16V;Francija;FRA;osebni avtomobil;203;karavan;MEGANE 
103;1426;6.6;0;RENAULT;RFBKF2NB6TC0200100;MEGANE / GRANDTOUR 1.3 / 16V;Francija;FRA;osebni avtomobil;205;karavan;MEGANE 
103;1740;6.6;1;SEAT;BRTX0AFA8C-FM6FM62N0300GGS;ALHAMBRA / 2.0 / TDI;äpanija;ESP;osebni avtomobil;192;vecnamensko vozilo;ALHAMBRA 
103;1225;6.6;0;SUZUKI;JYAA2S-MT;SX4 / 1.4;Madûarska;HUN;osebni avtomobil;200;vozilo z dviûnimi vrati zadaj;SX4 
103;1195;6.6;0;SUZUKI;LYDA1S-MT2;VITARA / 1.4;Madûarska;HUN;osebni avtomobil;200;vozilo z dviûnimi vrati zadaj;VITARA 
103;1827;6.6;1;VOLKSWAGEN;BRTX0AFA8C-FM6FM62N0300GGQ;SHARAN / 2.0 / TDI;Nemcija;DEU;osebni avtomobil;192;vecnamensko vozilo;SHARAN 
103;1764;6.6;1;VOLKSWAGEN;ACCFHCX11-N0J2AD6AD62E083N1STVR07MJ;CADDY / 2.0 / TDI 4M AUT.;Nemcija;DEU;osebni avtomobil;183;karavan;CADDY 
103;1758;6.6;1;VOLKSWAGEN;1TBKDAFX01-FA6FA62E015Q0GG;TOURAN / 2.0 / TDI AUT.;Nemcija;DEU;osebni avtomobil;198;vecnamensko vozilo;TOURAN 
103;1740;6.6;1;VOLKSWAGEN;BRTX0AFA8C-FM6FM62N0300GG;SHARAN / 2.0 / TDI;Nemcija;DEU;osebni avtomobil;192;vecnamensko vozilo;SHARAN 
103;1716;6.6;1;VOLKSWAGEN;AABKPX1-AM6AM62Q007STP0GG;PASSAT / 2.0 / TDI 4M;Nemcija;DEU;osebni avtomobil;204;limuzina;PASSAT 
103;1710;6.6;1;VOLKSWAGEN;3CACBKPX0-FA6FA62E018STP0GG;PASSAT / VARIANT 2.0 / TDI AUT.;Nemcija;DEU;osebni avtomobil;203;karavan;PASSAT 
103;1692;6.6;1;VOLKSWAGEN;1T;TOURAN / 2.0 / TDI;Nemcija;DEU;osebni avtomobil;198;vecnamensko vozilo;TOURAN 
103;1689;6.6;1;VOLKSWAGEN;ACBKPX0-FA6FA62E018STP0GG;PASSAT / VARIANT 2.0 / TDI AUT.;Nemcija;DEU;osebni avtomobil;203;karavan;PASSAT 
103;1684;6.6;1;VOLKSWAGEN;3CACBKPX0-FM6FA62E018STP0GG;PASSAT / VARIANT 2.0 / TDI AUT.;Nemcija;DEU;osebni avtomobil;203;karavan;PASSAT 
103;1682;6.6;1;VOLKSWAGEN;AABKPX1-AM6AM62Q007STP0GG;PASSAT / 2.0;Nemcija;DEU;osebni avtomobil;204;limuzina;PASSAT 
103;1660;6.6;1;VOLKSWAGEN;AABKPX1-AM6AM62Q007STP0GG;PASSAT / 2.0;Nemcija;DEU;osebni avtomobil;204;karavan;PASSAT 
103;1655;6.6;1;VOLKSWAGEN;ACBKPX0-FA6FA62E018STP0GG;PASSAT / VARIANT 2.0;Nemcija;DEU;osebni avtomobil;203;karavan;PASSAT 
103;1648;6.6;1;VOLKSWAGEN;AABMPX0-FA6FA62E018STO7GG;PASSAT / 2.0 / TDI AUT.;Nemcija;DEU;osebni avtomobil;206;limuzina;PASSAT 
103;1633;6.6;1;VOLKSWAGEN;1T-BKD;TOURAN / 2.0 / TDI;Nemcija;DEU;osebni avtomobil;200;vecnamensko vozilo;TOURAN 
103;1629;6.6;1;VOLKSWAGEN;AABKPX1-AM6AM62Q007ST0GGS;PASSAT / 2.0 / TDI 4M;Nemcija;DEU;osebni avtomobil;204;limuzina;PASSAT 
103;1582;6.6;0;VOLKSWAGEN;CTHCAF-FD7FD7AM0067MJS7N1VR0SO;TOURAN / 1.4 / TSI AUT.;Nemcija;DEU;osebni avtomobil;202;vecnamensko vozilo;TOURAN 
103;1536;6.6;0;VOLKSWAGEN;CTHCAC-FD7FD7AM0067MJS5N1VR0SO;TOURAN / 1.4 / TSI AUT.;Nemcija;DEU;osebni avtomobil;202;karavan;TOURAN 
103;1522;6.6;1;VOLKSWAGEN;AFBMMX0-FA6FA62E015N7GGN1;GOLF PLUS / 2.0 / TDI AUT.;Nemcija;DEU;osebni avtomobil;200;vecnamensko vozilo;GOLF PLUS 
103;1638;6.6;1;VOLVO;LW7202;V70 / 2.5 / DT;ävedska;SWE;osebni avtomobil;200;karavan;V70 
103;1510;6.6;1;VOLVO;LW7202;V70 / 2.5 / TDI;ävedska;SWE;osebni avtomobil;200;karavan;V70 
103;1730;6.7;1;AUDI;ABPWQ1-QM6XH0R8E507GGP;A4 / AVANT 2.0 / TDI Q;Nemcija;DEU;osebni avtomobil;203;karavan;A4 
103;1710;6.7;1;AUDI;ABREF1-FAVJ00R4F607GG;A6 / AVANT 2.0 / TDI V-AUT.;Nemcija;DEU;osebni avtomobil;201;karavan;A6 
103;1655;6.7;1;AUDI;LBPWQ1-QM6XH0R8E507GGP;A4 / 2.0 / TDI Q;Nemcija;DEU;osebni avtomobil;207;limuzina;A4 
103;1645;6.7;1;AUDI;LBPWQ1-QM6XH0R8E507GGP;A 4 / 2.0;Nemcija;DEU;osebni avtomobil;207;limuzina;A 4 
103;1640;6.7;1;AUDI;LBREF1-FAVJ00R4F607GG;A6 / 2.0 / TDI V-AUT.;Nemcija;DEU;osebni avtomobil;204;limuzina;A6 
103;1635;6.7;1;AUDI;ABPWQ1-QM6XH0R8E707GG;A4 / AVANT 2.0 / TDI Q;Nemcija;DEU;osebni avtomobil;203;karavan;A4 
103;1520;6.7;0;BMW;6V71-DAW500LT;218 / GRAN TOURER / i AUT.;Nemcija;DEU;osebni avtomobil;205;karavan;218
103;1430;6.7;0;BMW;6S11-CHW500L0;218 / ACTIVE TOURER / i;Nemcija;DEU;osebni avtomobil;205;karavan;218
103;1735;6.7;1;HONDA;RD91-1;CR-V / 2.2 / i-CTDi;Zdruûeno kraljestvo;GBR;osebni avtomobil;180;vecnamensko vozilo;CR-V 
103;1735;6.7;1;HONDA;RD91-1;CRV / 2.2;Zdruûeno kraljestvo;GBR;osebni avtomobil;180;limuzina;CRV 
103;1735;6.7;1;HONDA;RD91-1;CRV / 2.2;Zdruûeno kraljestvo;GBR;osebni avtomobil;180;vecnamensko vozilo;CRV 
103;1690;6.7;1;HONDA;RD91;CR-V / 2.2 / I CDTI;Zdruûeno kraljestvo;GBR;osebni avtomobil;180;vecnamensko vozilo;CR-V 
103;1555;6.7;1;HONDA;RD91-1;CR-V / 2.2 / i-CTDi;Zdruûeno kraljestvo;GBR;osebni avtomobil;174;vecnamensko vozilo;CR-V 
103;1422;6.7;0;HONDA;FK2-2-2;CIVIC / 1.8;Japonska ;JPN;osebni avtomobil;205;vozilo z dviûnimi vrati zadaj;CIVIC 
103;1422;6.7;1;HONDA;FK3-1-2;CIVIC / 2.2 / CTDI;Japonska ;JPN;osebni avtomobil;205;vozilo z dviûnimi vrati zadaj;CIVIC 
103;1361;6.7;0;HONDA;FN12-2;CIVIC / 1.8 /;Zdruûeno kraljestvo;GBR;osebni avtomobil;205;vozilo z dviûnimi vrati zadaj;CIVIC 
103;1339;6.7;0;HONDA;FK23-2;CIVIC / 1.8 /;Zdruûeno kraljestvo;GBR;osebni avtomobil;205;vozilo z dviûnimi vrati zadaj;CIVIC 
103;1456;6.7;0;HYUNDAI;BBP31-M64IZ1;i30 NS / 1.4 / T-GDI;Ceöka republika;CZE;osebni avtomobil;210;vozilo z dviûnimi vrati zadaj;i30 NS 
103;1685;6.7;1;JEEP;PKJA5FA-71;COMPASS / 2.0 / TD;Zdruûene drûave;USA;osebni avtomobil;189;vecnamensko vozilo;COMPASS 
103;1645;6.7;1;JEEP;PKJK5FA-71;PATRIOT / 2.0 / TD;Zdruûene drûave;USA;osebni avtomobil;189;vecnamensko vozilo;PATRIOT 
103;1615;6.7;1;JEEP;BUAXS2B17A;RENEGADE / 2.0 / JTD 4WD;Zdruûene drûave;USA;osebni avtomobil;183;vecnamensko vozilo;RENEGADE 
103;1730;6.7;1;MITSUBISHI;CW921-AAAAA6A5C;OUTLANDER / 2.0 DID / 4WD;Japonska ;JPN;osebni avtomobil;187;karavan;OUTLANDER 
103;1441;6.7;0;NISSAN;J11FF11;QASHQAI / 1.3 /;Zdruûeno kraljestvo;GBR;osebni avtomobil;193;vecnamensko vozilo;QASHQAI 
103;1613;6.7;0;OPEL;EADLA12-BA2N1JAPJ7;ZAFIRA / TOURER 1.4 / TURBO;Nemcija;DEU;osebni avtomobil;200;vecnamensko vozilo;ZAFIRA 
103;1613;6.7;0;OPEL;EADLA12-BA2M3JAPJ5;ZAFIRA / TOURER 1.4 / TURBO;Nemcija;DEU;osebni avtomobil;200;karavan;ZAFIRA 
103;1520;6.7;0;OPEL;JMXXAXX-A44PAX4YSSB;MOKKA / 1.4 / TURBO 4X4;Nemcija;DEU;osebni avtomobil;186;vecnamensko vozilo;MOKKA 
103;1503;6.7;0;OPEL;CADCA11-BA1J1ABEA5-;ASTRA / 1.4 / 16V TURBO AUT;Nemcija;DEU;osebni avtomobil;200;vozilo za posebne namene;ASTRA 
103;1503;6.7;0;OPEL;CADCA11-BA1J1ABEA5;ASTRA / 1.4 / 16V TURBO AUT;Nemcija;DEU;osebni avtomobil;200;vecnamensko vozilo;ASTRA 
103;1503;6.7;0;OPEL;DADLA12-BA1J3ABEJ5;ASTRA / ST 1.4 / TURBO AUT.;Nemcija;DEU;osebni avtomobil;198;karavan;ASTRA 
103;1503;6.7;0;OPEL;BE11-2AAEA7HCBE5;MERIVA / 1.4 / 16V TURBO;Nemcija;DEU;osebni avtomobil;196;vecnamensko vozilo;MERIVA 
103;1471;6.7;0;OPEL;BE11-1AADA8HCBF5;MERIVA / 1.4 / 16V TURBO;Nemcija;DEU;osebni avtomobil;196;vecnamensko vozilo;MERIVA 
103;1393;6.7;0;OPEL;BE11-1AACA8HCBE5;MERIVA / 1.4 / 16V TURBO;Nemcija;DEU;osebni avtomobil;196;vecnamensko vozilo;MERIVA 
103;1544;6.7;0;RENAULT;RFAJF2NB6TA0T15000;SCENIC / 1.3 / 16V;Francija;FRA;osebni avtomobil;201;vozilo z dviûnimi vrati zadaj;SCENIC 
103;1485;6.7;0;RENAULT;RFEHF2NB6TA0D25000;KADJAR / 1.3 / 16V;Francija;FRA;osebni avtomobil;203;karavan;KADJAR 
103;1481;6.7;0;RENAULT;RFEHF2NB6TA5H25000;KADJAR / 1.3 / 16V;Francija;FRA;osebni avtomobil;203;karavan;KADJAR 
103;1469;6.7;0;RENAULT;RFEHF2NB6TA0125000;KADJAR / 1.3 / 16V;Francija;FRA;osebni avtomobil;203;karavan;KADJAR 
103;1858;6.7;1;SEAT;BRTX0AFA8C-FM6FM62N0300GGR;ALHAMBRA / 2.0 / TDI;äpanija;ESP;osebni avtomobil;192;vecnamensko vozilo;ALHAMBRA 
103;1740;6.7;1;SEAT;BRTX0AFA8C-FM6FM62N0307GG;ALHAMBRA / 2.0 / TDI;äpanija;ESP;osebni avtomobil;192;vecnamensko vozilo;ALHAMBRA 
103;1225;6.7;0;SUZUKI;JYAA2S-MT;SX4 / 1.4;Madûarska;HUN;osebni avtomobil;200;vozilo z dviûnimi vrati zadaj;SX4 
103;1886;6.7;1;VOLKSWAGEN;BRTX0AFA8C-FM6FM62N0300GGR;SHARAN / 2.0 / TDI;Nemcija;DEU;osebni avtomobil;192;vecnamensko vozilo;SHARAN 
103;1740;6.7;1;VOLKSWAGEN;AABKPX1-AM6AM62Q007STQ0GG;PASSAT / 2.0 / TDI 4M;Nemcija;DEU;osebni avtomobil;204;limuzina;PASSAT 
103;1740;6.7;1;VOLKSWAGEN;BRTX0AFA8C-FM6FM62N0307GGS;SHARAN / 2.0 / TDI;Nemcija;DEU;osebni avtomobil;192;vecnamensko vozilo;SHARAN 
103;1735;6.7;1;VOLKSWAGEN;ACBKPX1-AM6AM62Q007STP0GG;PASSAT / VARIANT 2.0;Nemcija;DEU;osebni avtomobil;201;karavan;PASSAT 
103;1734;6.7;1;VOLKSWAGEN;ACBKPX1-AM6AM62Q007STP0GG;PASSAT / VARIANT 2.0 / TDI 4M;Nemcija;DEU;osebni avtomobil;201;karavan;PASSAT 
103;1723;6.7;1;VOLKSWAGEN;3CACBKPX1-AM6AM62Q007STP0GG;PASSAT / VARIANT 2.0 / TDI 4M;Nemcija;DEU;osebni avtomobil;201;karavan;PASSAT 
103;1709;6.7;1;VOLKSWAGEN;BMMAF-FA6FA62E0157GGS7S1;TOURAN / 2.0 / TDI AUT.;Nemcija;DEU;osebni avtomobil;198;vecnamensko vozilo;TOURAN 
103;1696;6.7;1;VOLKSWAGEN;3CAABMPX1-AM6AM62Q007STP7GG;PASSAT / 2.0 / TDI 4M;Nemcija;DEU;osebni avtomobil;204;limuzina;PASSAT 
103;1684;6.7;1;VOLKSWAGEN;ACBKPX1-AM6AM62Q007ST0GG;PASSAT / VARIANT 2.0 / TDI 4M;Nemcija;DEU;osebni avtomobil;201;karavan;PASSAT 
103;1677;6.7;1;VOLKSWAGEN;ACCFHCX11-AD6AD62E083SK0J27MGNN1;CADDY / 2.0 / TDI 4M AUT.;Nemcija;DEU;osebni avtomobil;183;karavan;CADDY 
103;1667;6.7;1;VOLKSWAGEN;BMMAC-FA6FA62E0157GGS5N1;TOURAN / 2.0 / TDI AUT.;Nemcija;DEU;osebni avtomobil;198;karavan;TOURAN 
103;1662;6.7;1;VOLKSWAGEN;ACCFHCX11-N0J2AD6AD62E083N1SK7MQ;CADDY / 2.0 / TDI 4M AUT.;Nemcija;DEU;osebni avtomobil;183;karavan;CADDY 
103;1645;6.7;1;VOLKSWAGEN;BMMAE-FA6STFD62E0187GG;EOS / 2.0 / TDI AUT.;Nemcija;DEU;osebni avtomobil;203;kabriolet;EOS 
103;1632;6.7;1;VOLKSWAGEN;AABKPX0-FA6FA62E018STP0GG;PASSAT / 2.0;Nemcija;DEU;osebni avtomobil;206;limuzina;PASSAT 
103;1629;6.7;1;VOLKSWAGEN;3C AABMPX1 AM6AM62Q007ST7GG;PASSAT / 2.0 / TDI 4MOTION;Nemcija;DEU;osebni avtomobil;204;limuzina;PASSAT 
103;1609;6.7;1;VOLKSWAGEN;3C ACBKPX1 AM6AM62Q007ST0GG;PASSAT / VAR. 2.0 / TDI 4M;Nemcija;DEU;osebni avtomobil;201;karavan;PASSAT 
103;1551;6.7;1;VOLKSWAGEN;3C-BKP;PASSAT / 2.0 / TDI AUT.;Nemcija;DEU;osebni avtomobil;206;limuzina;PASSAT 
103;1755;6.8;1;AUDI;8EABPWF1-FM6XA0R8E507GG0;A4 / AVANT 2.0 / TDI Q;Nemcija;DEU;osebni avtomobil;203;karavan;A4 
103;1736;6.8;1;AUDI;ABPWQ1-QM6XH0R8E507GGQ;A 4 / AVANT 2.0;Nemcija;DEU;osebni avtomobil;203;karavan;A 4 
103;1505;6.8;0;BMW;31AA-DAW500B0;X1 / sDrive18 / i AUT.;Nemcija;DEU;osebni avtomobil;203;karavan;X1 
103;1460;6.8;0;BMW;6S11-DAW500LT;218 / ACTIVE TOURER / i AUT.;Nemcija;DEU;osebni avtomobil;205;karavan;218
103;1672;6.8;1;FORD;DM2UFDA2R-5QMFPB;KUGA / 2.0 / TDCI 103 AWD A6;Nemcija;DEU;osebni avtomobil;183;vecnamensko vozilo;KUGA 
103;1615;6.8;1;JEEP;BUAXS2BE17B5T;RENEGADE / 2.0 / JTD 4WD;Zdruûene drûave;USA;osebni avtomobil;183;vecnamensko vozilo;RENEGADE 
103;1765;6.8;1;MITSUBISHI;CW0CW8212/5;OUTLANDER / 2.0 / DID 4WD;Japonska ;JPN;osebni avtomobil;187;karavan;OUTLANDER 
103;1730;6.8;1;MITSUBISHI;CW821-AAAAA6A5A;OUTLANDER / 2.0 DID / 4WD;Japonska ;JPN;osebni avtomobil;187;karavan;OUTLANDER 
103;1453;6.8;0;NISSAN;J11FF11;QASHQAI / 1.3 /;Zdruûeno kraljestvo;GBR;osebni avtomobil;193;vecnamensko vozilo;QASHQAI 
103;1412;6.8;0;NISSAN;J11FF07;QASHQAI / 1.3 /;Zdruûeno kraljestvo;GBR;osebni avtomobil;193;vecnamensko vozilo;QASHQAI 
103;1389;6.8;0;NISSAN;J11FF01;QASHQAI / 1.3 /;Zdruûeno kraljestvo;GBR;osebni avtomobil;193;vecnamensko vozilo;QASHQAI 
103;1388;6.8;0;NISSAN;J11FF04;QASHQAI / 1.3 /;Zdruûeno kraljestvo;GBR;osebni avtomobil;193;vecnamensko vozilo;QASHQAI 
103;1613;6.8;0;OPEL;EADLA12-BX2L2JTPJ5;ZAFIRA / TOURER 1.4 / TURBO;Nemcija;DEU;osebni avtomobil;200;karavan;ZAFIRA 
103;1613;6.8;0;OPEL;EADLA12-BA2M3JTPJ7;ZAFIRA / TOURER 1.4 / TURBO;Nemcija;DEU;osebni avtomobil;200;vecnamensko vozilo;ZAFIRA 
103;1503;6.8;0;OPEL;DADCA12-BA1J1ABEA5;ASTRA / CAR. 1.4 / 16V TURBO AUT.;Nemcija;DEU;osebni avtomobil;198;vecnamensko vozilo;ASTRA 
103;1481;6.8;0;OPEL;JMXXFXX-N44PDXHXJJB;MOKKA / 1.4 / TURBO AUT.;Nemcija;DEU;osebni avtomobil;191;vecnamensko vozilo;MOKKA 
103;1471;6.8;0;OPEL;BADCA12-BA3J1ABGA5;ASTRA / GTC 1.4 / 16V TURBO;Nemcija;DEU;osebni avtomobil;200;vozilo z dviûnimi vrati zadaj;ASTRA 
103;1569;6.8;0;RENAULT;RFARF2NB6TA0H15000;GRAND SCENIC / 1.3 / 16V;Francija;FRA;osebni avtomobil;197;vozilo z dviûnimi vrati zadaj;GRAND SCENIC 
103;1567;6.8;0;RENAULT;RFAJF2NB6TA0T15000;SCENIC / 1.3 / 16V;Francija;FRA;osebni avtomobil;201;vozilo z dviûnimi vrati zadaj;SCENIC 
103;1560;6.8;0;RENAULT;RFAJF2NB6TA0215000;SCENIC / 1.3 / 16V;Francija;FRA;osebni avtomobil;201;vozilo z dviûnimi vrati zadaj;SCENIC 
103;1544;6.8;0;RENAULT;RFAJF2NB6TA0215000;SCENIC / 1.3 / 16V;Francija;FRA;osebni avtomobil;195;vozilo z dviûnimi vrati zadaj;SCENIC 
103;1485;6.8;0;RENAULT;RFEHF2NB6TA5H25020;KADJAR / 1.3 / 16V;Francija;FRA;osebni avtomobil;203;karavan;KADJAR 
103;1466;6.8;0;RENAULT;RFEHF2NB6TA5H25000;KADJAR / 1.3 / 16V;Francija;FRA;osebni avtomobil;203;karavan;KADJAR 
103;1464;6.8;0;RENAULT;RFEHF2NB6TA0H25000;KADJAR / 1.3 / 16V;Francija;FRA;osebni avtomobil;203;karavan;KADJAR 
103;1591;6.8;1;äKODA;ACBMPX01-NFD6FD62E018W;SUPERB / COMBI 2.0 / TDI AUT.;Ceöka republika;CZE;osebni avtomobil;203;karavan;SUPERB 
103;1587;6.8;1;äKODA;AABMPX01-NFD6FD62E018;SUPERB / 2.0 / TDI AUT.;Ceöka republika;CZE;osebni avtomobil;205;limuzina;SUPERB 
103;1882;6.8;1;VOLKSWAGEN;BRTX0AFA8C-FM6FM62N0307GGR;SHARAN / 2.0 / TDI;Nemcija;DEU;osebni avtomobil;192;vecnamensko vozilo;SHARAN 
103;1786;6.8;1;VOLKSWAGEN;ACBKPX1-AM6AM62Q007STQ0GG;PASSAT / VARIANT 2.0 / TDI 4M;Nemcija;DEU;osebni avtomobil;201;karavan;PASSAT 
103;1740;6.8;1;VOLKSWAGEN;7MBRTX0AFA8C-FM6FM62N0307GGR;SHARAN / 2.0 / TDI;Nemcija;DEU;osebni avtomobil;192;vecnamensko vozilo;SHARAN 
103;1715;6.8;1;VOLKSWAGEN;BMMAF-FA6FA62E0157GGC7N1;TOURAN / 2.0 / TDI AUT.;Nemcija;DEU;osebni avtomobil;192;vecnamensko vozilo;TOURAN 
103;1711;6.8;1;VOLKSWAGEN;ACBMPX1-AM6AM62Q007STQ7GG;PASSAT / VARIANT 2.0 / TDI 4M;Nemcija;DEU;osebni avtomobil;201;karavan;PASSAT 
103;1710;6.8;1;VOLKSWAGEN;ACBMPX0-FA6FA62E018STP7GG;PASSAT / VARIANT 2.0 / TDI AUT.;Nemcija;DEU;osebni avtomobil;203;karavan;PASSAT 
103;1694;6.8;1;VOLKSWAGEN;3CACBMPX1-AM6AM62Q007STP7GG;PASSAT / VARIANT 2.0 / TDI 4M;Nemcija;DEU;osebni avtomobil;201;karavan;PASSAT 
103;1684;6.8;1;VOLKSWAGEN;ACBMPX1-AM6AM62Q007STP7GG;PASSAT / VARIANT 2.0 / TDI 4M;Nemcija;DEU;osebni avtomobil;201;karavan;PASSAT 
103;1676;6.8;1;VOLKSWAGEN;3C-ACBMPX0;PASSAT / VARIANT 2.0 / TDI AUT.;Nemcija;DEU;osebni avtomobil;203;karavan;PASSAT 
103;1607;6.8;1;VOLKSWAGEN;3C ACBMPX0 FA6FA62E018STP7GG;PASSAT / VAR. 2.0 / TDI AUT.;Nemcija;DEU;osebni avtomobil;203;karavan;PASSAT 
103;1562;6.8;0;VOLKSWAGEN;CTHCAF-FM6FM62S0227MJS7N1VR0SO;TOURAN / 1.4 / TSI;Nemcija;DEU;osebni avtomobil;202;vecnamensko vozilo;TOURAN 
103;1516;6.8;0;VOLKSWAGEN;CTHCAC-FM6FM62S0227MJS5N1VR0SO;TOURAN / 1.4 / TSI;Nemcija;DEU;osebni avtomobil;202;karavan;TOURAN 
103;1510;6.9;1;ALFA ROMEO;932B1B00-42;156 / SW 2.4;Italija;ITA;osebni avtomobil;205;karavan;156
103;1336;6.9;0;HONDA;FD12-3;CIVIC / 1.8 / AUT.;Japonska ;JPN;osebni avtomobil;200;limuzina;CIVIC 
103;1336;6.9;0;HONDA;FD12-3;CIVIC / 1.8 / AUT.;Japonska ;JPN;osebni avtomobil;200;vozilo za posebne namene;CIVIC 
103;1485;6.9;1;LANCIA;839BXL1A-21B;LYBRA / SW 2.4 / JTD;Italija;ITA;osebni avtomobil;205;karavan;LYBRA 
103;1410;6.9;1;LANCIA;839BXL1A-21B;LYBRA / SW 2.4;Italija;ITA;osebni avtomobil;205;karavan;LYBRA 
103;1775;6.9;1;MITSUBISHI;CB821-AMAAA6A7A;OUTLANDER / 2.0 DID / 4WD;Japonska ;JPN;osebni avtomobil;187;karavan;OUTLANDER 
103;1770;6.9;1;MITSUBISHI;CW821-ABAAA6A6A;OUTLANDER / 2.0 DID / 4WD;Japonska ;JPN;osebni avtomobil;187;karavan;OUTLANDER 
103;1429;6.9;0;NISSAN;J11FF77;QASHQAI / 1.3 /;Zdruûeno kraljestvo;GBR;osebni avtomobil;193;vecnamensko vozilo;QASHQAI 
103;1427;6.9;0;NISSAN;J11FF07;QASHQAI / 1.3 /;Zdruûeno kraljestvo;GBR;osebni avtomobil;193;vecnamensko vozilo;QASHQAI 
103;1613;6.9;0;OPEL;EADLA12-BA2N4AJGJ7;ZAFIRA / TOURER 1.4 / TURBO AUT.;Nemcija;DEU;osebni avtomobil;197;vecnamensko vozilo;ZAFIRA 
103;1617;6.9;0;RENAULT;RFARF2NB6TA0217000;GRAND SCENIC / 1.3 / 16V;Francija;FRA;osebni avtomobil;197;vozilo z dviûnimi vrati zadaj;GRAND SCENIC 
103;1617;6.9;0;RENAULT;RFARF2NB6TA0217000;GRAND SCENIC / 1.3 / 16V;Francija;FRA;osebni avtomobil;196;vozilo z dviûnimi vrati zadaj;GRAND SCENIC 
103;1617;6.9;0;RENAULT;RFARF2NB6TA0217000;GRAND SCENIC / 1.3 / 16V;Francija;FRA;osebni avtomobil;195;vozilo z dviûnimi vrati zadaj;GRAND SCENIC 
103;1612;6.9;0;RENAULT;RFARF2NB6TA0H17000;GRAND SCENIC / 1.3 / 16V;Francija;FRA;osebni avtomobil;196;vozilo z dviûnimi vrati zadaj;GRAND SCENIC 
103;1600;6.9;0;RENAULT;RFARF2NB6TA0215000;GRAND SCENIC / 1.3 / 16V;Francija;FRA;osebni avtomobil;197;vozilo z dviûnimi vrati zadaj;GRAND SCENIC 
103;1598;6.9;0;RENAULT;RFARF2NB6TA0H15000;GRAND SCENIC / 1.3 / 16V;Francija;FRA;osebni avtomobil;197;vozilo z dviûnimi vrati zadaj;GRAND SCENIC 
103;1583;6.9;0;RENAULT;RFARF2NB6TA0215000;GRAND SCENIC / 1.3 / 16V;Francija;FRA;osebni avtomobil;195;vozilo z dviûnimi vrati zadaj;GRAND SCENIC 
103;1575;6.9;0;RENAULT;RFAJF2NB6TA0215000;SCENIC / 1.3 / 16V;Francija;FRA;osebni avtomobil;201;vozilo z dviûnimi vrati zadaj;SCENIC 
103;1799;6.9;1;VOLKSWAGEN;ACBMPX1-AM6AM62Q007STQ7GG;PASSAT / VARIANT 2.0 / TDI 4M;Nemcija;DEU;osebni avtomobil;201;karavan;PASSAT 
103;1786;6.9;1;VOLKSWAGEN;3CACBMPX1-AM6AM62Q007STQ7GG;PASSAT / VARIANT 2.0 / TDI 4M;Nemcija;DEU;osebni avtomobil;201;karavan;PASSAT 
103;1694;6.9;1;VOLKSWAGEN;3C;PASSAT / VARIANT 2.0 / TDI 4M;Nemcija;DEU;osebni avtomobil;203;karavan;PASSAT 
103;1684;6.9;1;VOLKSWAGEN;ACBMPX1-AM6AM62Q007S17GG;PASSAT / VARIANT 2.0 / TDI 4M;Nemcija;DEU;osebni avtomobil;201;karavan;PASSAT 
103;1665;6.9;1;VOLKSWAGEN;ACCBABX1-AM6AM6A6006NDST7MB;TIGUAN / 2.0 / TDI 4M;Nemcija;DEU;osebni avtomobil;186;karavan;TIGUAN 
103;1609;6.9;1;VOLKSWAGEN;3C ACBMPX1 AM6AM62Q007ST7GG;PASSAT / VAR. 2.0 / TDI 4M;Nemcija;DEU;osebni avtomobil;201;karavan;PASSAT 
103;1542;6.9;0;VOLKSWAGEN;CAVCAC-FD7FD7AM0067MGS5N1;TOURAN / 1.4 / TSI AUT.;Nemcija;DEU;osebni avtomobil;198;karavan;TOURAN 
103;1890;7.1;1;AUDI;ABREF1-FAVJ00R4F607GGR;A6 / AVANT 2.0 / TDI V-AUT.;Nemcija;DEU;osebni avtomobil;199;karavan;A6 
103;1597;7.1;1;FORD;BA7-QXBA1G5FCBPZ;MONDEO / 2.0 / TDCI 140 AWF;Nemcija;DEU;osebni avtomobil;200;karavan;MONDEO 
103;1578;7.1;1;FORD;BA7-QXBA1D5F;MONDEO / 2.0 / TDCI 140 AWF;Nemcija;DEU;osebni avtomobil;205;limuzina;MONDEO 
103;1578;7.1;1;FORD;BA7-QXBA1E5FCBPS;MONDEO / 2.0 / TDCI 140 AWF;Nemcija;DEU;osebni avtomobil;205;vozilo z dviûnimi vrati zadaj;MONDEO 
103;1848;7.1;1;HYUNDAI;JMBJZ-S;TUCSON / 2.0 / CRDI 4WD;Koreja. republika;KOR;osebni avtomobil;177;vecnamensko vozilo;TUCSON 
103;1760;7.1;1;HYUNDAI;BH-S;TUCSON / 2.0;Koreja. republika;KOR;osebni avtomobil;177;limuzina;TUCSON 
103;1760;7.1;1;HYUNDAI;BH-S;TUCSON / 2.0 / CRDi 4WD;Koreja. republika;KOR;osebni avtomobil;177;vecnamensko vozilo;TUCSON 
103;1837;7.1;1;JEEP;MXJHEFVL5LE1A;COMPASS / 2.0 / JTD AWD;Zdruûene drûave;USA;osebni avtomobil;196;vecnamensko vozilo;COMPASS 
103;1615;7.1;1;JEEP;BUAXR22E16D8F;RENEGADE / 2.0 / JTD CA 4WD;Zdruûene drûave;USA;osebni avtomobil;183;vecnamensko vozilo;RENEGADE 
103;1760;7.1;1;KIA;JEM321-5471HA;SPORTAGE / 2.0 / TD;Koreja. republika;KOR;osebni avtomobil;177;vecnamensko vozilo;SPORTAGE 
103;1760;7.1;1;KIA;JESF5D44B-M61AZ1;SPORTAGE / 2.0 / TD;Slovaöka;SVK;osebni avtomobil;177;vecnamensko vozilo;SPORTAGE 
103;1760;7.1;1;KIA;E;SPORTAGE / 2.0 / TD;Slovaöka;SVK;osebni avtomobil;177;limuzina;SPORTAGE 
103;1468;7.1;0;NISSAN;J11FF01;QASHQAI / 1.3 /;Zdruûeno kraljestvo;GBR;osebni avtomobil;193;vecnamensko vozilo;QASHQAI 
103;1430;7.1;0;NISSAN;J11FF74;QASHQAI / 1.3 /;Zdruûeno kraljestvo;GBR;osebni avtomobil;193;vecnamensko vozilo;QASHQAI 
103;1428;7.1;0;NISSAN;J11FF04;QASHQAI / 1.3 /;Zdruûeno kraljestvo;GBR;osebni avtomobil;193;vecnamensko vozilo;QASHQAI 
103;1412;7.1;0;NISSAN;J11FF07;QASHQAI / 1.3 /;Zdruûeno kraljestvo;GBR;osebni avtomobil;193;vecnamensko vozilo;QASHQAI 
103;1471;7.1;0;OPEL;EADLA11-BX1J1BGMJ5;MERIVA / 1.4 / TURBO AUT.;Nemcija;DEU;osebni avtomobil;193;vecnamensko vozilo;MERIVA 
103;1278;7.1;0;OPEL;BP11-1A03A5FABN5;ASTRA / 1.8 / 16V;Nemcija;DEU;osebni avtomobil;208;vozilo z dviûnimi vrati zadaj;ASTRA 
103;1220;7.1;0;SUZUKI;LYDA1S-AT2;VITARA / 1.4 / AUT.;Madûarska;HUN;osebni avtomobil;200;vozilo z dviûnimi vrati zadaj;VITARA 
103;1679;7.1;1;VOLKSWAGEN;ACCBABX1-AA6AA69M023NDSTVR07MG;TIGUAN / 2.0 / TDI 4M AUT.;Nemcija;DEU;osebni avtomobil;182;karavan;TIGUAN 
103;1607;7.1;0;VOLKSWAGEN;CAVCAC-FD7FD7AM0067MGC5N1;TOURAN / 1.4 / TSI AUT.;Nemcija;DEU;osebni avtomobil;192;karavan;TOURAN 
103;1587;7.1;0;VOLKSWAGEN;CAVCAC-FD7FD7AM0067MGC5N1VR0SO;TOURAN / 1.4 / TSI AUT.;Nemcija;DEU;osebni avtomobil;194;vozilo za posebne namene;TOURAN 
103;1407;7.1;0;VOLKSWAGEN;ABBMYX0-FM6FM62S008N40GGN1;GOLF / 1.4 / TSI;Nemcija;DEU;osebni avtomobil;205;vozilo z dviûnimi vrati zadaj;GOLF 
103;1359;7.1;0;VOLKSWAGEN;ACBMYX0-FA6FD62E022N0GGVI;GOLF / 1.4 / TSI AUT.;Nemcija;DEU;osebni avtomobil;203;karavan;GOLF 
103;1337;7.1;0;VOLKSWAGEN;ACBMYX0-FM6FM62S0080GGN1;GOLF / 1.4 / TSI;Nemcija;DEU;osebni avtomobil;205;karavan;GOLF 
103;1337;7.1;0;VOLKSWAGEN;ABBMYX0-FM6FM62S0080GGN1;GOLF / 1.4 / TSI;Nemcija;DEU;osebni avtomobil;205;vozilo z dviûnimi vrati zadaj;GOLF 
103;1626;7.1;1;VOLVO;LW72-02;850 / 2.5;ävedska;SWE;osebni avtomobil;195;karavan;850
103;1515;7.2;0;BMW;6V71-DAW500Z0;218 / GRAN TOURER / I AUT.;Nemcija;DEU;osebni avtomobil;205;karavan;218
103;2110;7.2;1;FORD;FDG6-UHFB1BC9ESFF;TRANSIT / 300 L 2.2 / 103 SP;Nemcija;DEU;osebni avtomobil;157;vecnamensko vozilo;TRANSIT 
103;2046;7.2;1;FORD;FDF6-UHFB1AC9ESFF;TRANSIT / 300 M 2.2 / 103 SP;Nemcija;DEU;osebni avtomobil;157;vecnamensko vozilo;TRANSIT 
103;1835;7.2;1;FORD;WA6QXWA-1M7FCARG;GALAXY / 2.0 / TDCi DPF AWF;Nemcija;DEU;osebni avtomobil;190;vecnamensko vozilo;GALAXY 
103;1771;7.2;1;FORD;WA6QXWA-1S7FCARG;S-MAX / 2.0 / TDCi DPF AWF;Nemcija;DEU;osebni avtomobil;193;vecnamensko vozilo;S-MAX 
103;1555;7.2;1;HONDA;RD9-1-1;CRV / 2.2 / CTDI;Zdruûeno kraljestvo;GBR;osebni avtomobil;174;vecnamensko vozilo;CRV 
103;1550;7.2;1;HONDA;RE-6;CRV / 2.2 / CTDI;Zdruûeno kraljestvo;GBR;osebni avtomobil;187;vecnamensko vozilo;CRV 
103;1733;7.2;0;OPEL;EBDCA11-BA2N4ABGA5;ZAFIRA / 1.4 / 16V TURBO AUT.;Nemcija;DEU;osebni avtomobil;197;karavan;ZAFIRA 
103;1664;7.2;0;OPEL;EADLA12-BA2M3ABGJ5;ZAFIRA / TOURER 1.4 / TURBO AUT.;Nemcija;DEU;osebni avtomobil;197;karavan;ZAFIRA 
103;1613;7.2;0;OPEL;EADCA11-BA2N4JMPA7;ZAFIRA / 1.4 / 16V TURBO;Nemcija;DEU;osebni avtomobil;197;vecnamensko vozilo;ZAFIRA 
103;1613;7.2;0;OPEL;EADLA12-BA2N1ABGJ5;ZAFIRA / TOURER 1.4 / TURBO AUT.;Nemcija;DEU;osebni avtomobil;197;karavan;ZAFIRA 
103;1571;7.2;0;OPEL;BR11-1AABANBABG7;ZAFIRA / 1.8 / 16V;Nemcija;DEU;osebni avtomobil;197;vecnamensko vozilo;ZAFIRA 
103;1550;7.2;0;OPEL;BR11-1AAAANBABG7;ZAFIRA / 1.8 / 16V;Nemcija;DEU;osebni avtomobil;197;vecnamensko vozilo;ZAFIRA 
103;1471;7.2;0;OPEL;BN11-1AADC66GGE5;MERIVA / 1.4 / 16V TURBO AUT.;Nemcija;DEU;osebni avtomobil;193;vecnamensko vozilo;MERIVA 
103;1445;7.2;0;OPEL;JMXXAXX-B41PB52T2CB;MOKKA / 1.4 / TURBO 4X4;Nemcija;DEU;osebni avtomobil;186;vecnamensko vozilo;MOKKA 
103;1395;7.2;0;OPEL;BW11-1A35ADDBSDA5;VECTRA / 1.8 / 16V;Nemcija;DEU;osebni avtomobil;210;limuzina;VECTRA 
103;1393;7.2;0;OPEL;DW11-1A14ATDASDA5;VECTRA / 1.8 / 16V;Nemcija;DEU;osebni avtomobil;210;vozilo z dviûnimi vrati zadaj;VECTRA 
103;1325;7.2;0;OPEL;FP11-1A03A6FABN5;ASTRA / CAR. 1.8 / 16V;Nemcija;DEU;osebni avtomobil;207;karavan;ASTRA 
103;1265;7.2;0;OPEL;KR11-1A03A5FABM5;ASTRA / 1.8 / 16V;Nemcija;DEU;osebni avtomobil;210;kupe;ASTRA 
103;2141;7.2;1;VOLKSWAGEN;MCCHA300X0-NNFM6500816NVR27MJG0S;MULTIVAN / 2.0 / TDI;Nemcija;DEU;osebni avtomobil;173;karavan;MULTIVAN 
103;2141;7.2;1;VOLKSWAGEN;MCCHA300X0-NNFM6500816NVR27MJG0S;MULTIVAN / 2.0 / TDI;Nemcija;DEU;osebni avtomobil;173;vozilo z dostopom za invalidski vozicek;MULTIVAN 
103;2128;7.2;1;VOLKSWAGEN;SCAAC300X0-NAFM6500816NVR27MQG0S;CALIFORNIA BEACH / 2.0 / TDI;Nemcija;DEU;osebni avtomobil;173;karavan;CALIFORNIA BEACH 
103;1665;7.2;1;VOLKSWAGEN;ACCBABX1-AM6AM6A6003NN7MB;TIGUAN / 2.0 / TDI 4M;Nemcija;DEU;osebni avtomobil;186;karavan;TIGUAN 
103;1613;7.2;0;VOLKSWAGEN;CTHCAF-FM6FM62S0227MJC7N1VR0SO;TOURAN / 1.4 / TSI;Nemcija;DEU;osebni avtomobil;194;vecnamensko vozilo;TOURAN 
103;1604;7.2;1;VOLKSWAGEN;5N-CBA;TIGUAN / 2.0 / TDI;Nemcija;DEU;osebni avtomobil;186;karavan;TIGUAN 
103;1590;7.2;1;VOLKSWAGEN;ACCBABX1-AM6AM6A6003ND7MB;TIGUAN / 2.0 / TDI 4M;Nemcija;DEU;osebni avtomobil;186;karavan;TIGUAN 
103;1569;7.2;0;VOLKSWAGEN;CAVCAF-FM6FM62S0087MGS7S1;TOURAN / 1.4 / TSI;Nemcija;DEU;osebni avtomobil;200;vecnamensko vozilo;TOURAN 
103;1567;7.2;0;VOLKSWAGEN;CAVCAC-FM6FM62S0227MGC5N1VR0SO;TOURAN / 1.4 / TSI;Nemcija;DEU;osebni avtomobil;194;karavan;TOURAN 
103;1553;7.2;0;VOLKSWAGEN;CAVCAC-FM6FM62S0087MGS5N1;TOURAN / 1.4 / TSI;Nemcija;DEU;osebni avtomobil;200;karavan;TOURAN 
103;1479;7.2;0;VOLKSWAGEN;AFBMYX0-FA6FD62E022N0GGN1;GOLF PLUS / 1.4 / TSI AUT.;Nemcija;DEU;osebni avtomobil;200;vecnamensko vozilo;GOLF PLUS 
103;1457;7.2;0;VOLKSWAGEN;AFBMYX0-FM6FM62S008N0GGN1;GOLF PLUS / 1.4 / TSI;Nemcija;DEU;osebni avtomobil;202;vecnamensko vozilo;GOLF PLUS 
103;1771;7.3;1;FORD;WA6QXWA-1S7FEARG;S-MAX / 2.0 / TDCi DPF AWF;Nemcija;DEU;osebni avtomobil;193;vecnamensko vozilo;S-MAX 
103;1415;7.3;0;HONDA;FK23-4;CIVIC / 1.8 / i-SHIFT;Zdruûeno kraljestvo;GBR;osebni avtomobil;197;vozilo z dviûnimi vrati zadaj;CIVIC 
103;1503;7.3;0;OPEL;CAGDA13-BA1K2JNWJ5;INSIGNIA / 1.8 / 16V;Nemcija;DEU;osebni avtomobil;205;vozilo z dviûnimi vrati zadaj;INSIGNIA 
103;1495;7.3;0;OPEL;HR11-1A20AYASRTB5;SIGNUM / 1.8 / 16V MTA;Nemcija;DEU;osebni avtomobil;207;vozilo z dviûnimi vrati zadaj;SIGNUM 
103;1475;7.3;0;OPEL;BT11-1A12BMAARTJ5;VECTRA / CAR. 1.8 / 16V MTA;Nemcija;DEU;osebni avtomobil;207;karavan;VECTRA 
103;1394;7.3;0;OPEL;JMXXFXX-A41PA51T1DB;MOKKA / 1.4 / TURBO;Nemcija;DEU;osebni avtomobil;196;vecnamensko vozilo;MOKKA 
103;1278;7.3;0;OPEL;BP11-1A03A5FABN5;ASTRA / 1.8 / 16V;Nemcija;DEU;osebni avtomobil;208;vozilo za posebne namene;ASTRA 
103;1278;7.3;0;OPEL;BP11-1A03A5FABN5;ASTRA / 1.8 / 16V;Nemcija;DEU;osebni avtomobil;208;vozilo z dviûnimi vrati zadaj;ASTRA 
103;1265;7.3;0;OPEL;KR11-1A03A5FABN5;ASTRA / 1.8 / 16V;Nemcija;DEU;osebni avtomobil;210;kupe;ASTRA 
103;1290;7.3;0;SUZUKI;JYBA2S-MT;SX4 / 1.4 / 4WD;Madûarska;HUN;osebni avtomobil;200;vozilo z dviûnimi vrati zadaj;SX4 
103;1665;7.3;1;VOLKSWAGEN;ACCBABX1-AM6AM6A6006NDST7MG;TIGUAN / 2.0 / TDI 4M;Nemcija;DEU;osebni avtomobil;186;karavan;TIGUAN 
103;1586;7.3;0;VOLKSWAGEN;CAVCAC-FM6FM62S0087MGC5N1;TOURAN / 1.4 / TSI;Nemcija;DEU;osebni avtomobil;194;karavan;TOURAN 
103;2035;7.4;1;FORD;FBE6-UHFB1AB9ESFF;TRANSIT / 280 S 2.2 / 103 SP;Nemcija;DEU;osebni avtomobil;150;vecnamensko vozilo;TRANSIT 
103;1760;7.4;1;FORD;WA6QXWA-1M7FCARG;GALAXY / 2.0 / TDCi DPF AWF;Nemcija;DEU;osebni avtomobil;190;vecnamensko vozilo;GALAXY 
103;1615;7.4;1;JEEP;BUAXR2216A;RENEGADE / 2.0 / JTD CA 4WD;Zdruûene drûave;USA;osebni avtomobil;183;vecnamensko vozilo;RENEGADE 
103;2009;7.4;0;OPEL;BG11-1A07ANBABG7;ZAFIRA / 1.8 / 16V;Nemcija;DEU;osebni avtomobil;197;vecnamensko vozilo;ZAFIRA 
103;1500;7.4;0;OPEL;PR11-1A13ALVABX4;ASTRA / 1.8 / 16V;Nemcija;DEU;osebni avtomobil;209;kabriolet;ASTRA 
103;1325;7.4;0;OPEL;FP11-1A03A6FABN5;ASTRA / CAR. 1.8 / 16V;Nemcija;DEU;osebni avtomobil;207;karavan;ASTRA 
103;1356;7.4;0;RENAULT;BZ0G0T;MEGANE / 2.0 / 16V AUT.;Francija;FRA;osebni avtomobil;195;vozilo z dviûnimi vrati zadaj;MEGANE 
103;1270;7.4;0;SUZUKI;LYEA1S-MT2;VITARA / 1.4 / 4WD;Madûarska;HUN;osebni avtomobil;200;vozilo z dviûnimi vrati zadaj;VITARA 
103;1090;7.4;0;TOYOTA;W3ZZW30L-AKFQHW;MR 2;Japonska ;JPN;osebni avtomobil;210;kabriolet;MR 2
103;1090;7.4;0;TOYOTA;ZZW30R-AKFQHW(1G);MR2 ROADSTER VVTI /;Japonska ;JPN;osebni avtomobil;210;kabriolet;MR2 ROADSTER VVTI 
103;1050;7.4;0;TOYOTA;ZZW30L-AKMQHW;MR 2 / 1.8 / I;Japonska ;JPN;osebni avtomobil;210;kabriolet;MR 2 
103;1644;7.4;0;VOLKSWAGEN;1T;TOURAN / 1.4 / TSI;Nemcija;DEU;osebni avtomobil;200;vecnamensko vozilo;TOURAN 
103;1599;7.4;0;VOLKSWAGEN;BMYAF-FM6FM62S0080GGS7N1;TOURAN / 1.4 / TSI;Nemcija;DEU;osebni avtomobil;200;vecnamensko vozilo;TOURAN 
103;1553;7.4;0;VOLKSWAGEN;BMYAC-FM6FM62S0080GGS5N1;TOURAN / 1.4 / TSI;Nemcija;DEU;osebni avtomobil;200;karavan;TOURAN 
103;1553;7.4;0;VOLKSWAGEN;BMYAC-FM6FM62S0080GGS5S1;TOURAN / 1.4 / TSI;Nemcija;DEU;osebni avtomobil;200;limuzina;TOURAN 
103;1400;7.5;0;CITROEN;DRLZ;C5 / 2.0 / I;Francija;FRA;osebni avtomobil;210;vozilo z dviûnimi vrati zadaj;C5 
103;1534;7.5;0;HONDA;BE11-3;FR-V / 1.8 /;Japonska ;JPN;osebni avtomobil;190;vecnamensko vozilo;FR-V 
103;1394;7.5;0;OPEL;JMXXFXX-A41PA51T1CB;MOKKA / 1.4 / TURBO;Nemcija;DEU;osebni avtomobil;196;vecnamensko vozilo;MOKKA 
103;1377;7.5;0;RENAULT;BT3H06;LAGUNA / 2.0 / 16V;Francija;FRA;osebni avtomobil;210;vozilo z dviûnimi vrati zadaj;LAGUNA 
103;1215;7.5;0;RENAULT;EA0P05;MEGANE / CABRIO 2.0 / IDE;Francija;FRA;osebni avtomobil;210;kabriolet;MEGANE 
103;1310;7.5;0;SUZUKI;JYBA2S-AT;SX4 / 1.4 / 4WD / AUT.;Madûarska;HUN;osebni avtomobil;200;vozilo z dviûnimi vrati zadaj;SX4 
103;1270;7.5;0;SUZUKI;LYEA1S-MT2;VITARA / 1.4 / 4WD;Madûarska;HUN;osebni avtomobil;200;vozilo z dviûnimi vrati zadaj;VITARA 
103;2220;7.5;1;VOLKSWAGEN;GCAAC300X0-LNFM6500816NVR07MGG0;TRANSPORTER / 2.0 / TDI;Nemcija;DEU;osebni avtomobil;173;vozilo za posebne namene;TRANSPORTER 
103;2117;7.5;1;VOLKSWAGEN;GCAAC320X0-LNFM6500816NVR07MQG3SS;TRANSPORTER 2.0 / TDI;Nemcija;DEU;osebni avtomobil;173;vecnamensko vozilo;TRANSPORTER 2.0 
103;2110;7.5;1;VOLKSWAGEN;GCAAC320X0-LNFM6500816NVR07MGG0S;TRANSPORTER / 2.0 / TDI;Nemcija;DEU;osebni avtomobil;173;vozilo za posebne namene;TRANSPORTER 
103;2075;7.5;1;VOLKSWAGEN;KCAAC300X0-LNFM6500816VVR07MGG0;CARAVELLE / 2.0 / TDI;Nemcija;DEU;osebni avtomobil;173;vecnamensko vozilo;CARAVELLE 
103;2075;7.5;1;VOLKSWAGEN;KCCHA300X0-LNFD7BT0116VVR27MGG0S;CARAVELLE / 2.0 / TDI AUT.;Nemcija;DEU;osebni avtomobil;172;vecnamensko vozilo;CARAVELLE 
103;2067;7.5;1;VOLKSWAGEN;ACAAC300X0-NNFM6500816NVR07MGG0S;MULTIVAN STARTLINE / 2.0 / TDI;Nemcija;DEU;osebni avtomobil;173;karavan;MULTIVAN STARTLINE 
103;2017;7.5;1;VOLKSWAGEN;KCAAC300X0-NNFM6500816NVR07MQG0S;CARAVELLE / 2.0 / TDI;Nemcija;DEU;osebni avtomobil;173;vecnamensko vozilo;CARAVELLE 
103;1991;7.5;1;VOLKSWAGEN;GCAAC280X0-NNFM6500816NVR07MJG3SS;TRANSPORTER 2.0 / TDI;Nemcija;DEU;osebni avtomobil;173;vecnamensko vozilo;TRANSPORTER 2.0 
103;1976;7.5;1;VOLKSWAGEN;GCAAC300X0-LNFM6500816VVR07MGG0S;TRANSPORTER / 2.0 / TDI;Nemcija;DEU;osebni avtomobil;173;vecnamensko vozilo;TRANSPORTER 
103;1976;7.5;1;VOLKSWAGEN;GCAAC320X0-LMFM6500816NVR07MJG0S;TRANSPORTER / 2.0 / TDI;Nemcija;DEU;osebni avtomobil;167;vecnamensko vozilo;TRANSPORTER 
103;1960;7.5;1;VOLKSWAGEN;7J0 GCAAC280X0-NNFM6500816N7MGG3S;TRANSPORTER 2.0 / TDI;Nemcija;DEU;osebni avtomobil;173;vecnamensko vozilo;TRANSPORTER 2.0 
103;1679;7.5;1;VOLKSWAGEN;ACCBABX1-AA6AA69M023NDST7MB;TIGUAN / 2.0 / TDI 4M AUT.;Nemcija;DEU;osebni avtomobil;182;karavan;TIGUAN 
103;1679;7.5;1;VOLKSWAGEN;ACCBABX1-AA6AA69M023NDST7MB;TIGUAN / 2.0 / TDI 4M AUT.;Nemcija;DEU;osebni avtomobil;182;vozilo za posebne namene;TIGUAN 
103;1679;7.5;1;VOLKSWAGEN;ACCBABX1-AA6AA69M023GD7MB;TIGUAN  / 2.0 TDI;Nemcija;DEU;osebni avtomobil;182;karavan;TIGUAN  
103;1631;7.5;0;VOLKSWAGEN;BMYAC-FM6FM62S0080GGPS5;TOURAN / 1.4 / TSI;Nemcija;DEU;osebni avtomobil;200;karavan;TOURAN 
103;1621;7.5;0;VOLKSWAGEN;BMYAF-FA6FD62E0220GGS7S1;TOURAN / 1.4 / TSI AUT.;Nemcija;DEU;osebni avtomobil;198;vecnamensko vozilo;TOURAN 
103;1604;7.5;1;VOLKSWAGEN;ACCBABX1-AA6AA69M023ND7MB;TIGUAN / 2.0 / TDI 4M AUT.;Nemcija;DEU;osebni avtomobil;182;karavan;TIGUAN 
103;1575;7.5;0;VOLKSWAGEN;BMYAC-FA6FD62E0220GGS5S1;TOURAN / 1.4 / TSI AUT.;Nemcija;DEU;osebni avtomobil;198;karavan;TOURAN 
103;1565;7.6;1;ALFA ROMEO;936A2B00-15;166 / 2.4 / JTD;Italija;ITA;osebni avtomobil;204;limuzina;166
103;1490;7.6;1;ALFA ROMEO;936A2B00-15;166 / 2.4 / JTD;Italija;ITA;osebni avtomobil;204;limuzina;166
103;1460;7.6;0;ALFA ROMEO;939AXL1A21C;159 / 1.8 / JTS;Italija;ITA;osebni avtomobil;208;limuzina;159
103;1363;7.6;0;CITROEN;LARFJC;C4 / 2.0 / i 16V;Francija;FRA;osebni avtomobil;207;vozilo z dviûnimi vrati zadaj;C4 
103;1351;7.6;0;CITROEN;LCRFJC;C4 / 2.0 / i 16V;Francija;FRA;osebni avtomobil;207;vozilo z dviûnimi vrati zadaj;C4 
103;1595;7.6;0;JEEP;MXJHMFEK5LN1B;COMPASS / 1.4 / FWD;Zdruûene drûave;USA;osebni avtomobil;192;vecnamensko vozilo;COMPASS 
103;1571;7.6;0;OPEL;BC11-1AABA2AKDGA5;INSIGNIA / 1.8 / 16V;Nemcija;DEU;osebni avtomobil;207;vecnamensko vozilo;INSIGNIA 
103;1503;7.6;0;OPEL;DC11-1AABA9ABDGA5;INSIGNIA / 1.8 / 16V;Nemcija;DEU;osebni avtomobil;207;vecnamensko vozilo;INSIGNIA 
103;1503;7.6;0;OPEL;BC11-1A01A2AKFGE5;INSIGNIA / 1.8 / 16V;Nemcija;DEU;osebni avtomobil;207;limuzina;INSIGNIA 
103;1503;7.6;0;OPEL;BG11-1A07ANBABG7;ZAFIRA / 1.8 / 16V;Nemcija;DEU;osebni avtomobil;197;vecnamensko vozilo;ZAFIRA 
103;1503;7.6;0;OPEL;BG11-1A07ANBABG7;ZAFIRA / 1.8;Nemcija;DEU;osebni avtomobil;197;limuzina;ZAFIRA 
103;1394;7.6;0;OPEL;JMXXFXX-A41PA51T1CB;MOKKA / 1.4 / TURBO;Nemcija;DEU;osebni avtomobil;196;vecnamensko vozilo;MOKKA 
103;1444;7.6;0;RENAULT;BT0F06;LAGUNA / 2.0 / 16V;Francija;FRA;osebni avtomobil;210;vozilo z dviûnimi vrati zadaj;LAGUNA 
103;1394;7.6;0;RENAULT;KT3H06;LAGUNA / GRANDTOUR 2.0 / 16V;Francija;FRA;osebni avtomobil;203;karavan;LAGUNA 
103;1295;7.6;0;SUZUKI;LYEA1S-AT2;VITARA / 1.4 / 4WD / AUT.;Madûarska;HUN;osebni avtomobil;200;vozilo z dviûnimi vrati zadaj;VITARA 
103;2140;7.6;1;VOLKSWAGEN;GCAAC308X1-NNAM6500916NVR27MJG0S;TRANSPORTER / 2.0 / TDI 4M;Nemcija;DEU;osebni avtomobil;170;vecnamensko vozilo;TRANSPORTER 
103;2027;7.6;1;VOLKSWAGEN;GCAAC320X1-LNAM6500916NVR27MJG0S;TRANSPORTER / 2.0 / TDI 4M;Nemcija;DEU;osebni avtomobil;170;vecnamensko vozilo;TRANSPORTER 
103;2027;7.6;1;VOLKSWAGEN;GCAAC320X1-LNAM6500916NVR27MJG0S;TRANSPORTER / 2.0 / TDI 4M;Nemcija;DEU;osebni avtomobil;170;vozilo za posebne namene;TRANSPORTER 
103;1976;7.6;1;VOLKSWAGEN;GCAAC300X1-NNAM6500916NVR27MJG0S;TRANSPORTER / 2.0 / TDI 4M;Nemcija;DEU;osebni avtomobil;170;vecnamensko vozilo;TRANSPORTER 
103;1653;7.6;0;VOLKSWAGEN;BMYAF-FM6FM62S0080GGC7N1;TOURAN / 1.4 / TSI;Nemcija;DEU;osebni avtomobil;194;vecnamensko vozilo;TOURAN 
103;1607;7.6;0;VOLKSWAGEN;BMYAC-FM6FM62S0080GGC5N1;TOURAN / 1.4 / TSI;Nemcija;DEU;osebni avtomobil;194;karavan;TOURAN 
103;1505;7.7;0;ALFA ROMEO;939AXL1A21;159 / 1.8 / JTS;Italija;ITA;osebni avtomobil;206;limuzina;159
103;1370;7.7;0;ALFA ROMEO;167A4N;155 / 1.8 / T. SPARK 16V;Italija;ITA;osebni avtomobil;205;limuzina;155
103;1668;7.7;1;FORD;WA6-QXWA1S;S-MAX / 2.0 / TDCI;Nemcija;DEU;osebni avtomobil;203;vozilo z dviûnimi vrati zadaj;S-MAX 
103;1668;7.7;1;FORD;WA6-QXWA1S;S-MAX / 2.0 / TDCI;Nemcija;DEU;osebni avtomobil;203;vecnamensko vozilo;S-MAX 
103;1668;7.7;1;FORD;WA6-QXWA1S;S-MAX / 2.0 / TDCI;Nemcija;DEU;osebni avtomobil;196;vecnamensko vozilo;S-MAX 
103;1319;7.7;1;FORD;WA6-QXWA1S;SMAX / 2.0 / TDCI;Nemcija;DEU;osebni avtomobil;203;vecnamensko vozilo;SMAX 
103;1319;7.7;1;FORD;WA6-QXWA1S;SMAX / 2.0 / TDCI;Nemcija;DEU;osebni avtomobil;203;vozilo z dviûnimi vrati zadaj;SMAX 
103;1595;7.7;0;JEEP;MXJHMFEK5LN1B;COMPASS / 1.4 / FWD;Zdruûene drûave;USA;osebni avtomobil;192;vecnamensko vozilo;COMPASS 
103;2056;7.7;1;KIA;JCW141-51111;SORENTO / 2.5 / CRDi;Koreja. republika;KOR;osebni avtomobil;170;vecnamensko vozilo;SORENTO 
103;2056;7.7;1;KIA;JCW121-51111;SORENTO / 2.5;Koreja. republika;KOR;osebni avtomobil;170;limuzina;SORENTO 
103;1981;7.7;1;KIA;JCW151-51111;SORENTO / 2.5 CRDI;Koreja. republika;KOR;osebni avtomobil;170;vecnamensko vozilo;SORENTO 
103;1503;7.7;0;OPEL;BC11-1A01A2AKFGE5;INSIGNIA / 1.8 / 16V;Nemcija;DEU;osebni avtomobil;207;limuzina;INSIGNIA 
103;1503;7.7;0;OPEL;DC11-1A01A9ABFGE5;INSIGNIA / 1.8 / 16V;Nemcija;DEU;osebni avtomobil;207;vecnamensko vozilo;INSIGNIA 
103;1500;7.7;0;OPEL;PR11-1A13ALVABX4;ASTRA / 1.8 / 16V;Nemcija;DEU;osebni avtomobil;209;kabriolet;ASTRA 
103;1495;7.7;0;OPEL;HR11-1A20AYASSEB5;SIGNUM / 1.8 / 16V;Nemcija;DEU;osebni avtomobil;207;vozilo z dviûnimi vrati zadaj;SIGNUM 
103;1475;7.7;0;OPEL;BT11-1A12BMAASEJ5;VECTRA / CAR. 1.8 / 16V;Nemcija;DEU;osebni avtomobil;209;karavan;VECTRA 
103;1409;7.7;0;OPEL;JMXXFXX-C41PC53T3DB;MOKKA / 1.4 / TURBO AUT.;Nemcija;DEU;osebni avtomobil;191;vecnamensko vozilo;MOKKA 
103;1505;7.7;0;RENAULT;JZ0GAT;GRAND SCENIC / 2.0 / 16V AUT.;Francija;FRA;osebni avtomobil;190;vozilo z dviûnimi vrati zadaj;GRAND SCENIC 
103;1503;7.7;0;RENAULT;JZ0G0T;SCENIC / 2.0 / 16V AUT.;Francija;FRA;osebni avtomobil;190;vozilo z dviûnimi vrati zadaj;SCENIC 
103;1465;7.7;0;RENAULT;KT0F06;LAGUNA / GRANDTOUR 2.0 / 16V;Francija;FRA;osebni avtomobil;203;karavan;LAGUNA 
103;1295;7.7;0;SUZUKI;LYEA1S-AT2;VITARA / 1.4 / 4WD / AUT.;Madûarska;HUN;osebni avtomobil;200;vozilo z dviûnimi vrati zadaj;VITARA 
103;2290;7.7;1;VOLKSWAGEN;MCCHA300X0-NNFM6500816NVR07MGG0;MULTIVAN / 2.0 / TDI;Nemcija;DEU;osebni avtomobil;173;karavan;MULTIVAN 
103;2194;7.7;1;VOLKSWAGEN;MCCHA308X0-LNFM6500817NVR07MGG0;MULTIVAN / 2.0 / TDI;Nemcija;DEU;osebni avtomobil;173;karavan;MULTIVAN 
103;2167;7.7;1;VOLKSWAGEN;MCCHA300X0-NNFM6500816NVR07MGG0S;MULTIVAN / 2.0 / TDI;Nemcija;DEU;osebni avtomobil;173;vozilo za invalidski vozicek;MULTIVAN 
103;2153;7.7;1;VOLKSWAGEN;MCCHA300X0-NNFD7BT0116NVR27MQG0S;MULTIVAN / 2.0 / TDI AUT.;Nemcija;DEU;osebni avtomobil;172;karavan;MULTIVAN 
103;2141;7.7;1;VOLKSWAGEN;MCCHA300X0-NNFM6500816NVR07MQG0S;MULTIVAN / 2.0 / TDI;Nemcija;DEU;osebni avtomobil;173;karavan;MULTIVAN 
103;2128;7.7;1;VOLKSWAGEN;7HC;CALIFORNIA BEACH / 2.0 / TDI;Nemcija;DEU;osebni avtomobil;173;karavan;CALIFORNIA BEACH 
103;1632;7.7;0;VOLKSWAGEN;BMYAC-FA6FD62E0220GGC5N1;TOURAN / 1.4 / TSI AUT.;Nemcija;DEU;osebni avtomobil;192;karavan;TOURAN 
103;1595;7.8;0;JEEP;MXJHMFEJ5LN1B;COMPASS / 1.4 / FWD;Zdruûene drûave;USA;osebni avtomobil;192;vecnamensko vozilo;COMPASS 
103;2056;7.8;1;KIA;JC;SORENTO / 2.5 / CRDI;Koreja. republika;KOR;osebni avtomobil;170;vecnamensko vozilo;SORENTO 
103;1981;7.8;1;KIA;JCW151-51111;SORENTO / 2.5;Koreja. republika;KOR;osebni avtomobil;170;vecnamensko vozilo;SORENTO 
103;1981;7.8;1;KIA;JCW151-51111;KIA / SORENTO / 2.5 CRDi;Koreja. republika;KOR;osebni avtomobil;170;vecnamensko vozilo;KIA 
103;1664;7.8;0;OPEL;FC11-1AAJE2BBDGE5;INSIGNIA / CAR. 1.8 / 16V;Nemcija;DEU;osebni avtomobil;202;vecnamensko vozilo;INSIGNIA 
103;1613;7.8;0;OPEL;FC11-1A09E2BBDGC5;INSIGNIA / CAR. 1.8 / 16V;Nemcija;DEU;osebni avtomobil;202;vecnamensko vozilo;INSIGNIA 
103;1613;7.8;0;OPEL;FC11-1A02C2BBFGE5;INSIGNIA / CAR. 1.8 / 16V;Nemcija;DEU;osebni avtomobil;202;karavan;INSIGNIA 
103;1503;7.8;0;OPEL;DC11-3A01A9ABFGD5;INSIGNIA / 1.8 / 16V;Nemcija;DEU;osebni avtomobil;207;vecnamensko vozilo;INSIGNIA 
103;1503;7.8;0;OPEL;BC11-1A01A2AKFGE5;INSIGNIA / 1.8 / 16V;Nemcija;DEU;osebni avtomobil;207;limuzina;INSIGNIA 
103;1503;7.8;0;OPEL;BG11-1A07ANBABG7;ZAFIRA / 1.8 / 16V;Nemcija;DEU;osebni avtomobil;197;vecnamensko vozilo;ZAFIRA 
103;1503;7.8;0;OPEL;BG11-1A07ANBABG7;ZAFIRA / 1.8;Nemcija;DEU;osebni avtomobil;197;limuzina;ZAFIRA 
103;1445;7.8;0;OPEL;JMXXAXX-B41PB52T2DB;MOKKA / 1.4 / TURBO 4X4;Nemcija;DEU;osebni avtomobil;186;vecnamensko vozilo;MOKKA 
103;1466;7.8;0;PEUGEOT;3HRFJC;307 / MONOSPACE 2.0 / i;Francija;FRA;osebni avtomobil;200;vecnamensko vozilo;307
103;2259;7.8;1;VOLKSWAGEN;MCCHA308X1-NNAM6500917NVR27MQG0S;MULTIVAN / 2.0 / TDI 4M;Nemcija;DEU;osebni avtomobil;170;karavan;MULTIVAN 
103;2201;7.8;1;VOLKSWAGEN;KCAAC300X1-LNAM6500916NVR27MGG0S;CARAVELLE / 2.0 / TDI 4M;Nemcija;DEU;osebni avtomobil;170;vecnamensko vozilo;CARAVELLE 
103;1470;7.8;1;VOLKSWAGEN;5C7-39M;BEETLE / 2.0 / TDI AUT.;Mehika;MEX;osebni avtomobil;193;kabriolet;BEETLE 
103;1275;7.9;0;BMW;CG71-02;318 / COMPACT / ti;Nemcija;DEU;osebni avtomobil;209;vozilo z dviûnimi vrati zadaj;318
103;2203;7.9;1;FORD;FDF6-PGFA;TRANSIT / 300 M 2.2 / TDI;Nemcija;DEU;osebni avtomobil;157;vecnamensko vozilo;TRANSIT 
103;2131;7.9;1;FORD;FZE6-PGFA1AC7ESB;TRANSIT EUROLINE / 2.2 / TDCI;Nemcija;DEU;osebni avtomobil;157;vecnamensko vozilo;TRANSIT EUROLINE 
103;2053;7.9;1;FORD;FDF6-PGFA1AC9ESA;TRANSIT VARIOBUS TREND / FT300 M 2.2 / TDI;Nemcija;DEU;osebni avtomobil;157;vecnamensko vozilo;TRANSIT VARIOBUS TREND 
103;1955;7.9;1;FORD;FDG6-PGFA;TRANSIT / 300 L 2.2 / TDI;Nemcija;DEU;osebni avtomobil;157;vozilo z dostopom za invalidski vozicek;TRANSIT 
103;1872;7.9;1;FORD;FDF6-PGFAB9S;TRANSIT / 300 M 2.2 / TDI;Nemcija;DEU;osebni avtomobil;157;vecnamensko vozilo;TRANSIT 
103;1165;7.9;0;MERCEDES BENZ;168;A / 210 / EVOLUTION;Nemcija;DEU;osebni avtomobil;203;karavan;A 
103;1613;7.9;0;OPEL;FC11-1A02C2BBFGE5;INSIGNIA / CAR. 1.8 / 16V;Nemcija;DEU;osebni avtomobil;202;karavan;INSIGNIA 
103;1444;7.9;0;RENAULT;BT1F06;LAGUNA / 2.0 / 16V;Francija;FRA;osebni avtomobil;210;vozilo z dviûnimi vrati zadaj;LAGUNA 
103;1560;8.1;0;HONDA;BE11-4;FR-V / 1.8 / AUT.;Japonska ;JPN;osebni avtomobil;185;vecnamensko vozilo;FR-V 
103;1409;8.1;0;OPEL;JMXXFXX-C41PC53T3CB;MOKKA / 1.4 / TURBO AUT.;Nemcija;DEU;osebni avtomobil;191;vecnamensko vozilo;MOKKA 
103;1543;8.1;0;PEUGEOT;3BRFJC;307 / CABRIOLET 2.0 / i;Francija;FRA;osebni avtomobil;207;kabriolet;307
103;1540;8.1;0;PEUGEOT;3BRFJ-C;307 / CABRIOLET 2.0 / I;Francija;FRA;osebni avtomobil;207;kabriolet;307
103;1490;8.1;0;PEUGEOT;6DRFJC;407 / 2.0 / i 16V;Francija;FRA;osebni avtomobil;213;limuzina;407
103;3075;8.1;1;VOLKSWAGEN;GCAAC320X1-LNAM6500916NVR07MGG0;TRANSPORTER / 2.0 / TDI 4M;Nemcija;DEU;osebni avtomobil;170;vozilo za posebne namene;TRANSPORTER 
103;2280;8.1;1;VOLKSWAGEN;GCAAC320X1-LNAM6500916NVR07MJG0S;TRANSPORTER / 2.0 / TDI 4M;Nemcija;DEU;osebni avtomobil;170;vozilo za posebne namene;TRANSPORTER 
103;2027;8.1;1;VOLKSWAGEN;GCAAC300X1-LNAM6500916NVR07MJG0S;TRANSPORTER / 2.0 / TDI 4M;Nemcija;DEU;osebni avtomobil;170;vecnamensko vozilo;TRANSPORTER 
103;2027;8.1;1;VOLKSWAGEN;GCAAC320X1-LMAM6500916NVR07MJG0S;TRANSPORTER / 2.0 / TDI 4M;Nemcija;DEU;osebni avtomobil;164;vozilo za posebne namene;TRANSPORTER 
103;1985;8.1;1;VOLKSWAGEN;GCAAC280X1-NNAM6500916NVR07MQG0S;TRANSPORTER / 2.0 / TDI 4M;Nemcija;DEU;osebni avtomobil;170;vecnamensko vozilo;TRANSPORTER 
103;1976;8.1;1;VOLKSWAGEN;GCAAC300X1-NNAM6500916NVR07MGG0;TRANSPORTER / 2.0 / TDI 4M;Nemcija;DEU;osebni avtomobil;170;vecnamensko vozilo;TRANSPORTER 
103;1260;8.2;0;BMW;R-C;Z3 / 1.9. / ROADSTER;Nemcija;DEU;osebni avtomobil;205;kabriolet;Z3 
103;2369;8.2;1;VOLKSWAGEN;MCCHA300X0-NNFD7BT0116NVR07MGG0S;MULTIVAN / 2.0 / TDI AUT.;Nemcija;DEU;osebni avtomobil;172;vozilo za invalidski vozicek;MULTIVAN 
103;2206;8.2;1;VOLKSWAGEN;MCCHA308X0-LNFD7BT0117NVR07MGG0;MULTIVAN / 2.0 / TDI AUT.;Nemcija;DEU;osebni avtomobil;172;karavan;MULTIVAN 
103;2153;8.2;1;VOLKSWAGEN;MCCHA300X0-NNFD7BT0116NVR07MGG0;MULTIVAN / 2.0 / TDI AUT.;Nemcija;DEU;osebni avtomobil;172;karavan;MULTIVAN 
103;2328;8.3;1;VOLKSWAGEN;MCCHA308X1-LNAM6500917NVR07MGG0S;MULTIVAN / 2.0 / TDI 4M;Nemcija;DEU;osebni avtomobil;170;karavan;MULTIVAN 
103;2259;8.3;1;VOLKSWAGEN;MCCHA308X1-NNAM6500917NVR07MJG0S;MULTIVAN / 2.0 / TDI 4M;Nemcija;DEU;osebni avtomobil;170;karavan;MULTIVAN 
103;2201;8.3;1;VOLKSWAGEN;KCAAC300X1-LNAM6500916NVR07MGG0;CARAVELLE / 2.0 / TDI 4M;Nemcija;DEU;osebni avtomobil;170;vecnamensko vozilo;CARAVELLE 
103;1976;8.3;1;VOLKSWAGEN;GCAAC300X1-NNAM6500916NVR07MGG0;TRANSPORTER 2.0 / TDI 4M;Nemcija;DEU;osebni avtomobil;170;vecnamensko vozilo;TRANSPORTER 2.0 
103;1493;8.4;0;CHRYSLER;YNB-9L1;WRANGLER / 2.5;Zdruûene drûave;USA;osebni avtomobil;190;vecnamensko vozilo;WRANGLER 
103;1596;8.4;0;CITROEN;RDRFJC;C5 III / 2.0 / i 16V;Francija;FRA;osebni avtomobil;210;limuzina;C5 III 
103;2100;8.4;1;KIA;JC5215;SORENTO / 2.5 / CRDI;Koreja. republika;KOR;osebni avtomobil;171;vecnamensko vozilo;SORENTO 
103;2059;8.4;1;KIA;JCW121-51141;SORENTO / 2.5;Koreja. republika;KOR;osebni avtomobil;171;limuzina;SORENTO 
103;2059;8.4;1;KIA;JC;SORENTO / 2.5 / CRDI;Koreja. republika;KOR;osebni avtomobil;171;vecnamensko vozilo;SORENTO 
103;2059;8.4;1;KIA;JCW131-51131;SORENTO / 2.5 / CRDI AUT.;Koreja. republika;KOR;osebni avtomobil;168;vecnamensko vozilo;SORENTO 
103;1984;8.4;1;KIA;JCW121-51141;SORENTO / 2.5;Koreja. republika;KOR;osebni avtomobil;171;vecnamensko vozilo;SORENTO 
103;1959;8.4;1;KIA;W131-51141;SORENTO / 2.5 / CRDI AUT.;Koreja. republika;KOR;osebni avtomobil;171;vecnamensko vozilo;SORENTO 
103;1573;8.4;0;PEUGEOT;3BRFJF;307 / CABRIOLET 2.0 / i AUT.;Francija;FRA;osebni avtomobil;206;kabriolet;307
103;1569;8.4;0;PEUGEOT;3BRFJF;307 / CABRIOLET 2.0;Francija;FRA;osebni avtomobil;204;kabriolet;307
103;1488;8.4;0;VOLVO;RS65-42;S60 / 2.4 /;ävedska;SWE;osebni avtomobil;210;limuzina;S60 
103;1365;8.5;0;ALFA ROMEO;937CXR1A-26;GT / 1.8 / T. SPARK;Italija;ITA;osebni avtomobil;200;kupe;GT 
103;1340;8.5;0;ALFA ROMEO;932A3100-30;156 / 1.8 / T.SPARK;Italija;ITA;osebni avtomobil;208;limuzina;156
103;1290;8.5;0;ALFA ROMEO;937CXR1A26;GT / 1.8 / T. Spark;Italija;ITA;osebni avtomobil;200;kupe;GT 
103;1265;8.5;0;ALFA ROMEO;932A310030G;156 / 1.8;Italija;ITA;osebni avtomobil;208;limuzina;156
103;1721;8.5;1;AUDI;4F-BLB;A6 / 2.0 / TDI;Nemcija;DEU;osebni avtomobil;194;limuzina;A6 
103;1595;8.5;1;AUDI;ABPWQ1-QM6XH0R8E507GG;A4 / AVANT 2.0 / TDI AUT.;Nemcija;DEU;osebni avtomobil;201;karavan;A4 
103;1560;8.5;1;AUDI;8E-BRE;A4 / 2.0 / TDI;Nemcija;DEU;osebni avtomobil;201;karavan;A4 
103;1540;8.5;1;AUDI;4F-BRE;A6 / 2.0 / TDI;Nemcija;DEU;osebni avtomobil;194;karavan;A6 
103;1540;8.5;1;AUDI;4F-BLB;A4 / 2.0 / TDI;Nemcija;DEU;osebni avtomobil;194;karavan;A4 
103;1540;8.5;1;AUDI;4F-BLB;A 6 / 2.0;Nemcija;DEU;osebni avtomobil;194;limuzina;A 6 
103;1490;8.5;1;AUDI;8E-BLB;A4 / 2.0 / TDI;Nemcija;DEU;osebni avtomobil;207;karavan;A4 
103;2056;8.5;1;KIA;JCW131-51111;SORENTO / 2.5 / CRDI;Koreja. republika;KOR;osebni avtomobil;170;karavan;SORENTO 
103;1981;8.5;1;KIA;JCW141-51111;SORENTO / 2.5 / CRDI;Koreja. republika;KOR;osebni avtomobil;170;vecnamensko vozilo;SORENTO 
103;1981;8.5;1;KIA;W131-51111;SORENTO / 2.5 / CRDI;Koreja. republika;KOR;osebni avtomobil;170;karavan;SORENTO 
103;1980;8.5;1;KIA;JC-W121-51111;SORENTO / 2.5 / CRDI;Koreja. republika;KOR;osebni avtomobil;170;vecnamensko vozilo;SORENTO 
103;1930;8.5;1;KIA;JC - W121 - 5111;SORENTO / 2.5;Koreja. republika;KOR;osebni avtomobil;170;limuzina;SORENTO 
103;1470;8.5;0;VOLVO;MW6642;V50 / 2.4 / i;ävedska;SWE;osebni avtomobil;205;karavan;V50 
103;1275;8.6;0;BMW;R-C;Z3 / 1.9. / ROADSTER;Nemcija;DEU;osebni avtomobil;205;kabriolet;Z3 
103;1205;8.6;0;BMW;CG51;318 / ti Compakt;Nemcija;DEU;osebni avtomobil;209;limuzina;318
103;1553;8.6;0;VOLVO;S;V70 / 2.4;ävedska;SWE;osebni avtomobil;205;karavan;V70 
103;1831;8.7;0;HYUNDAI;L-M;TRAJET / 2.0 /;Koreja. republika;KOR;osebni avtomobil;183;vecnamensko vozilo;TRAJET 
103;1415;8.7;0;NISSAN;P12-C03;PRIMERA / 2.0;Japonska ;JPN;osebni avtomobil;200;limuzina;PRIMERA 
103;1455;8.8;0;NISSAN;P12GG 02;PRIMERA / WAGON 2.0 / AUT.;Zdruûeno kraljestvo;GBR;osebni avtomobil;191;karavan;PRIMERA 
103;2157;8.8;1;PEUGEOT;YABNRA/KS9;BOXER / KOMBI 33 2.2 / HDI L1H1;Francija;FRA;osebni avtomobil;160;vecnamensko vozilo;BOXER 
103;1503;8.8;0;VOLVO;RS6542;S60 / 2.4 /;ävedska;SWE;osebni avtomobil;210;limuzina;S60 
103;1468;8.8;0;VOLVO;RS65-P2;S60 / 2.4;ävedska;SWE;osebni avtomobil;210;limuzina;S60 
103;1675;8.9;0;CITROEN;UARFJF;C4 PICASSO / 2.0 / i 16V AUT.;Francija;FRA;osebni avtomobil;190;vecnamensko vozilo;C4 PICASSO 
103;2056;8.9;1;KIA;JC;SORENTO / 2.5;Koreja. republika;KOR;osebni avtomobil;170;limuzina;SORENTO 
103;2390;8.9;1;PEUGEOT;YBBNFB/KS;BOXER / 2.2 / HDI FG333 L2H1;Francija;FRA;osebni avtomobil;160;vecnamensko vozilo;BOXER 
103;1692;8.9;0;VOLVO;MC6642;C70 / 2.4 / i;ävedska;SWE;osebni avtomobil;205;kabriolet;C70 
103;1687;8.9;0;VOLVO;MC6652;C70 / 2.4 /;ävedska;SWE;osebni avtomobil;205;kabriolet;C70 
103;1503;8.9;0;VOLVO;RS6542;S60 / 2.4 /;ävedska;SWE;osebni avtomobil;210;limuzina;S60 
103;1580;9.1;0;SUZUKI;JTD54V-5MT;GRAND VITARA / 2.0;Japonska ;JPN;osebni avtomobil;175;karavan;GRAND VITARA 
103;1580;9.1;0;SUZUKI;JT-54-VMT;GRAND / VITARA / 2.0  / I;Japonska ;JPN;osebni avtomobil;175;karavan;GRAND 
103;1580;9.1;0;SUZUKI;JTD54V;GRAND VITARA / 2.0 /;Japonska ;JPN;osebni avtomobil;175;limuzina;GRAND VITARA 
103;1408;9.2;0;VOLVO;MW66-49;V 50 / 2.4;ävedska;SWE;osebni avtomobil;200;karavan;V 50 
103;1465;9.3;0;NISSAN;T30-A01;X-TRAIL / 2.0 /;Japonska ;JPN;osebni avtomobil;177;karavan;X-TRAIL 
103;1234;9.4;0;VOLVO;VS16-23;S 40 / 2.0;ävedska;SWE;osebni avtomobil;210;limuzina;S 40 
103;2378;9.5;1;CITROEN;YBBNRB/NS9;JUMPER / KOMBI 33 2.2 / HDI L2H2;Francija;FRA;osebni avtomobil;160;vecnamensko vozilo;JUMPER 
103;1907;9.6;0;OPEL;AA11-1A01A1ACCA5;ANTARA / 2.4 / 16V;Nemcija;DEU;osebni avtomobil;175;vecnamensko vozilo;ANTARA 
103;2695;9.8;1;CITROEN;YBBNPB/NS9;JUMPER / MINIBUS 33 2.2 / HDI L2H2;Francija;FRA;osebni avtomobil;160;vozilo za posebne namene;JUMPER 
103;2675;9.9;1;CITROEN;YBBNPB/NS9;JUMPER / KOMBI 33 2.2 / HDI L2H2;Francija;FRA;osebni avtomobil;160;vozilo za posebne namene;JUMPER 
103;2405;9.9;1;PEUGEOT;YBBNRB/MS9;BOXER / KOMBI 33 2.2 / HDI L2H2;Francija;FRA;osebni avtomobil;160;vecnamensko vozilo;BOXER 
104;1590;4.2;1;KIA;JFA5D21-M63CZ1;OPTIMA / 1.7 / TD;Koreja. republika;KOR;osebni avtomobil;195;limuzina;OPTIMA 
104;1752;4.3;1;HYUNDAI;C5D71-M65AZ1;i40 / 1.7 / CRDi;Koreja. republika;KOR;osebni avtomobil;200;karavan;i40 
104;1719;4.3;1;HYUNDAI;A5D71-M65AZ1;i40 / 1.7 / CRDi;Koreja. republika;KOR;osebni avtomobil;203;limuzina;i40 
104;1620;4.4;1;KIA;JFF5D21-M63CZ1;OPTIMA / 1.7 / TD;Koreja. republika;KOR;osebni avtomobil;200;karavan;OPTIMA 
104;1605;4.4;1;KIA;JFA5D21-D71CZ1;OPTIMA / 1.7 / TD AUT.;Koreja. republika;KOR;osebni avtomobil;203;limuzina;OPTIMA 
104;1624;4.6;1;HYUNDAI;C5D51-M65AZ1;i40 / 1.7 / CRDi;Koreja. republika;KOR;osebni avtomobil;200;karavan;i40 
104;1635;4.6;1;KIA;JFF5D21-D72CZ1;OPTIMA / 1.7 / TD AUT.;Koreja. republika;KOR;osebni avtomobil;200;karavan;OPTIMA 
104;1731;4.7;1;HYUNDAI;C5D71-M65BZ1;i40 / 1.7 / CRDi;Koreja. republika;KOR;osebni avtomobil;200;karavan;i40 
104;1730;4.7;1;HYUNDAI;A5D71-D71BZ1;i40 / 1.7 / CRDi DCT;Koreja. republika;KOR;osebni avtomobil;203;limuzina;i40 
104;1723;4.9;1;HYUNDAI;C5D51-M65BZ1;i40 / 1.7 / CRDi;Koreja. republika;KOR;osebni avtomobil;200;karavan;i40 
104;1695;4.9;1;HYUNDAI;F5D61-D72ZZ1;TUCSON / 1.7 / CRDi HP DCT;Ceöka republika;CZE;osebni avtomobil;185;vecnamensko vozilo;TUCSON 
104;1632;4.9;1;HYUNDAI;A5D51-D71AZ1;i40 / 1.7 / CRDi DCT;Koreja. republika;KOR;osebni avtomobil;203;limuzina;i40 
104;1545;4.9;1;KIA;QLEF5D61-D72ZZ1;SPORTAGE / 1.7 / TD DCT;Slovaöka;SVK;osebni avtomobil;185;vecnamensko vozilo;SPORTAGE 
104;1692;5.1;1;HYUNDAI;C5D51-D71BZ1;i40 / 1.7 / CRDi DCT;Koreja. republika;KOR;osebni avtomobil;190;karavan;i40 
104;1676;5.1;1;HYUNDAI;C5D51-D71BZ1;i40 / 1.7 / CRDi DCT;Koreja. republika;KOR;osebni avtomobil;200;karavan;i40 
104;1653;5.1;1;HYUNDAI;A5D51-D71BZ1;i40 / 1.7 / CRDi DCT;Koreja. republika;KOR;osebni avtomobil;203;limuzina;i40 
104;1401;6.1;0;HONDA;FK24-4;CIVIC / 1.8 /;Zdruûeno kraljestvo;GBR;osebni avtomobil;215;vozilo z dviûnimi vrati zadaj;CIVIC 
104;1352;6.1;0;HONDA;FK26-4;CIVIC / 1.8 /;Zdruûeno kraljestvo;GBR;osebni avtomobil;215;vozilo z dviûnimi vrati zadaj;CIVIC 
104;1278;6.2;0;HONDA;FK27-1;CIVIC / 1.8 / TOURER;Zdruûeno kraljestvo;GBR;osebni avtomobil;210;karavan;CIVIC 
104;1449;6.4;0;CHEVROLET;JNB11/AC5;CRUZE / 1.8 / 16V;Koreja. republika;KOR;osebni avtomobil;200;limuzina;CRUZE 
104;1432;6.4;0;HONDA;FK24-7;CIVIC / 1.8 / AUT;Zdruûeno kraljestvo;GBR;osebni avtomobil;210;vozilo z dviûnimi vrati zadaj;CIVIC 
104;1386;6.4;0;HONDA;FK27-2;CIVIC / 1.8 / TOURER;Zdruûeno kraljestvo;GBR;osebni avtomobil;210;karavan;CIVIC 
104;1385;6.4;0;HONDA;FK27-2;CIVIC / 1.8 / TOURER;Zdruûeno kraljestvo;GBR;osebni avtomobil;210;vecnamensko vozilo;CIVIC 
104;1355;6.4;0;HONDA;FK25-2;CIVIC / 1.8 / TOURER;Zdruûeno kraljestvo;GBR;osebni avtomobil;210;karavan;CIVIC 
104;1620;6.5;0;CHEVROLET;JWBE1/AA5;CRUZE / 1.8 / 16V;Koreja. republika;KOR;osebni avtomobil;200;karavan;CRUZE 
104;1475;6.6;0;CHEVROLET;JHB11-AC5;CRUZE / 1.8 / 16V;Koreja. republika;KOR;osebni avtomobil;200;vozilo z dviûnimi vrati zadaj;CRUZE 
104;1456;6.6;0;CHEVROLET;JNB11-AC5;CRUZE / 1.8 / 16V;Koreja. republika;KOR;osebni avtomobil;200;limuzina;CRUZE 
104;1515;6.7;0;CHEVROLET;JWB11/AA5;CRUZE / 1.8 / 16V;Koreja. republika;KOR;osebni avtomobil;200;karavan;CRUZE 
104;1286;6.7;0;HONDA;FB81-2;CIVIC / 1.8 /;Turcija;TUR;osebni avtomobil;200;limuzina;CIVIC 
104;1443;6.8;0;CHEVROLET;JNB11-AC5;CRUZE / 1.8 / 16V;Koreja. republika;KOR;osebni avtomobil;200;limuzina;CRUZE 
104;1485;7.1;0;CHEVROLET;JHB11/EH5;CRUZE / 1.8 / 16V AUT.;Koreja. republika;KOR;osebni avtomobil;190;vozilo z dviûnimi vrati zadaj;CRUZE 
104;1509;7.2;0;CHEVROLET;JWB11/EH5;CRUZE / 1.8 / 16V AUT.;Koreja. republika;KOR;osebni avtomobil;192;karavan;CRUZE 
104;2025;7.2;1;CHRYSLER;RGYN-27;VOYAGER / 2.5;Zdruûene drûave;USA;osebni avtomobil;185;limuzina;VOYAGER 
104;1685;7.3;0;CHEVROLET;YWA11-AA7;ORLANDO / 1.8 / 16V;Koreja. republika;KOR;osebni avtomobil;185;karavan;ORLANDO 
104;1390;7.8;0;CHEVROLET;JNB11-CD5;CRUZE / 1.8 / 16V AUT.;Koreja. republika;KOR;osebni avtomobil;190;limuzina;CRUZE 
104;1355;7.8;0;NISSAN;J10-B01;QASHQAI / 2.0 / 16V;Zdruûeno kraljestvo;GBR;osebni avtomobil;195;vecnamensko vozilo;QASHQAI 
104;1355;7.8;0;NISSAN;J10-G03;QASHQAI / 2.0 / 16V;Zdruûeno kraljestvo;GBR;osebni avtomobil;195;karavan;QASHQAI 
104;1679;7.9;0;CHEVROLET;YWAE1-BB7;ORLANDO / 1.8 / 16V AUT.;Koreja. republika;KOR;osebni avtomobil;185;karavan;ORLANDO 
104;1431;8.1;0;NISSAN;J10-B01;QASHQAI / 2.0 / 16V;Zdruûeno kraljestvo;GBR;osebni avtomobil;192;vecnamensko vozilo;QASHQAI 
104;1703;8.2;0;HYUNDAI;BD-ZO;TUCSON / 2.0 / 4WD;Koreja. republika;KOR;osebni avtomobil;174;vecnamensko vozilo;TUCSON 
104;1617;8.2;0;HYUNDAI;BD-O;TUCSON / 2.0 / 4WD;Koreja. republika;KOR;osebni avtomobil;174;vecnamensko vozilo;TUCSON 
104;1617;8.2;0;HYUNDAI;BC-O;TUCSON / 2.0;Koreja. republika;KOR;osebni avtomobil;174;limuzina;TUCSON 
104;1623;8.2;0;KIA;JESF5G14B-M51AZ1;SPORTAGE / 2.0 /;Slovaöka;SVK;osebni avtomobil;174;vecnamensko vozilo;SPORTAGE 
104;1431;8.2;0;NISSAN;J10-B01;QASHQAI / 2.0 / 16V;Zdruûeno kraljestvo;GBR;osebni avtomobil;192;vecnamensko vozilo;QASHQAI 
104;1425;8.2;0;NISSAN;J10-E05;QASHQAI / 2.0 / 16V 4x4;Zdruûeno kraljestvo;GBR;osebni avtomobil;193;vecnamensko vozilo;QASHQAI 
104;1529;8.3;0;NISSAN;J10-E02;QASHQAI / 2.0 / 16V 4x4 AUT.;Zdruûeno kraljestvo;GBR;osebni avtomobil;178;vecnamensko vozilo;QASHQAI 
104;1568;8.4;0;CHRYSLER;YNB9-L1;PT CRUISER / 2.0 /;Zdruûene drûave;USA;osebni avtomobil;190;vozilo z dviûnimi vrati zadaj;PT CRUISER 
104;1493;8.4;0;CHRYSLER;YNB-9L1;PT CRUISER / 2.0;Zdruûene drûave;USA;osebni avtomobil;190;limuzina;PT CRUISER 
104;1551;8.4;0;NISSAN;J10-B03;QASHQAI / 2.0 / 16V;Zdruûeno kraljestvo;GBR;osebni avtomobil;190;vecnamensko vozilo;QASHQAI 
104;1525;8.4;0;NISSAN;J10-E07;QASHQAI+2 / 2.0 / 16V 4x4;Zdruûeno kraljestvo;GBR;osebni avtomobil;191;vecnamensko vozilo;QASHQAI+2 
104;1490;8.4;0;NISSAN;J10-E01;QASHQAI / 2.0 / 16V 4x4;Zdruûeno kraljestvo;GBR;osebni avtomobil;190;vecnamensko vozilo;QASHQAI 
104;1604;8.6;0;NISSAN;J10-E03;QASHQAI / 2.0 / 16V 4x4;Zdruûeno kraljestvo;GBR;osebni avtomobil;188;vecnamensko vozilo;QASHQAI 
104;1425;8.9;0;CHRYSLER;PTYNB9-L;PT CRUISER / 2.0 /;Zdruûene drûave;USA;osebni avtomobil;190;vozilo z dviûnimi vrati zadaj;PT CRUISER 
104;1580;9.8;0;CHRYSLER;YBB9L;PT CRUISER / 2.0 / AUT.;Zdruûene drûave;USA;osebni avtomobil;190;vozilo z dviûnimi vrati zadaj;PT CRUISER 
105;1640;10.4;0;CHRYSLER;PTYB5X-L2;PT CRUISER / CABRIO 2.4 / AUT.;Zdruûene drûave;USA;osebni avtomobil;171;kabriolet;PT CRUISER 
105;1978;10.5;1;JEEP;KJ;CHEROKEE / 2.5 / CRD;Zdruûene drûave;USA;osebni avtomobil;170;limuzina;CHEROKEE 
105;1903;10.5;1;JEEP;KJ;CHEROKEE / 2.5 / CRDI;Zdruûene drûave;USA;osebni avtomobil;170;limuzina;CHEROKEE 
105;1640;10.8;0;CHRYSLER;PT-YB5X;PT CRUISER / 2.4;Zdruûene drûave;USA;osebni avtomobil;171;kabriolet;PT CRUISER 
105;1395;4.1;1;BMW;1C11-5H150000;118 / / D;Nemcija;DEU;osebni avtomobil;212;karavan;118
105;1425;4.2;1;BMW;1C11-5A150000;118 / / d AUT.;Nemcija;DEU;osebni avtomobil;212;karavan;118
105;1420;4.2;1;BMW;1C11-5A100;118 / / d AUT.;Nemcija;DEU;osebni avtomobil;212;karavan;118
105;1505;4.3;1;BMW;3D11-5A150000;318 / / d AUT.;Nemcija;DEU;osebni avtomobil;212;limuzina;318
105;1485;4.3;1;BMW;3D11-5H150000;318 / / D;Nemcija;DEU;osebni avtomobil;212;limuzina;318
105;1225;4.3;1;MINI;SW71-5J;COOPER SD / /;Nemcija;DEU;osebni avtomobil;215;vozilo z dviûnimi vrati zadaj;COOPER SD 
105;1505;4.4;1;BMW;3D11-5A100;318 / / D AUT.;Nemcija;DEU;osebni avtomobil;212;limuzina;318
105;1485;4.4;1;BMW;3D11-5H100;318 / / d;Nemcija;DEU;osebni avtomobil;212;limuzina;318
105;1425;4.4;1;BMW;1C11-5A250000;118 / / d AUT.;Nemcija;DEU;osebni avtomobil;212;karavan;118
105;1420;4.4;1;BMW;1C11-A1;118 / / d AUT.;Nemcija;DEU;osebni avtomobil;212;karavan;118
105;1395;4.4;1;BMW;1C11-5H100;118 / / d;Nemcija;DEU;osebni avtomobil;212;karavan;118
105;1390;4.4;1;BMW;1E11-5H205;118 / / d;Nemcija;DEU;osebni avtomobil;212;karavan;118
105;1310;4.4;1;MINI;ZH71-5A;COOPER SD CLUBMAN / /;Nemcija;DEU;osebni avtomobil;215;karavan;COOPER SD CLUBMAN 
105;1590;4.5;1;AUDI;SCJCAF1-FM6B1002RB8T1S47MGEM1;A5 / 2.0 / TDI;Nemcija;DEU;osebni avtomobil;212;vozilo z dviûnimi vrati zadaj;A5 
105;1555;4.5;1;AUDI;LCJCAF1-FM6B1002RB8K1S57MGEM1;A4 / 2.0 / TDI;Nemcija;DEU;osebni avtomobil;216;limuzina;A4 
105;1700;4.5;1;BMW;5C11-6A150000;518 / / d AUT.;Nemcija;DEU;osebni avtomobil;212;limuzina;518
105;1615;4.5;1;BMW;3Y11-6H150000;318 / GT / d;Nemcija;DEU;osebni avtomobil;210;limuzina;318
105;1585;4.5;1;BMW;4D51-6A150000;418 / d / AUT.;Nemcija;DEU;osebni avtomobil;213;limuzina;418
105;1575;4.5;1;BMW;3K11-5A150000;318 / TOURING / d AUT.;Nemcija;DEU;osebni avtomobil;210;karavan;318
105;1570;4.5;1;BMW;3K11-5A100;318 / TOURING / d AUT.;Nemcija;DEU;osebni avtomobil;210;karavan;318
105;1565;4.5;1;BMW;UT31-5A;318 / TOURING / d;Nemcija;DEU;osebni avtomobil;210;karavan;318
105;1555;4.5;1;BMW;3K11-5H150000;318 / TOURING / d;Nemcija;DEU;osebni avtomobil;210;karavan;318
105;1550;4.5;1;BMW;3K11-5H100;318 / TOURING / d;Nemcija;DEU;osebni avtomobil;210;karavan;318
105;1505;4.5;1;BMW;3D11-5A250000;318 / / d AUT.;Nemcija;DEU;osebni avtomobil;212;limuzina;318
105;1490;4.5;1;BMW;PG11-5A;318 / / d;Nemcija;DEU;osebni avtomobil;210;limuzina;318
105;1485;4.5;1;BMW;3D11-5H200;318 / / d;Nemcija;DEU;osebni avtomobil;212;limuzina;318
105;1430;4.5;1;BMW;1H31-6H240000;218 / COUPE / d;Nemcija;DEU;osebni avtomobil;213;kupe;218
105;1420;4.5;1;BMW;1C11-5A200;118 / / d AUT.;Nemcija;DEU;osebni avtomobil;212;karavan;118
105;1395;4.5;1;BMW;1C11-5H200;118 / / D;Nemcija;DEU;osebni avtomobil;212;karavan;118
105;1395;4.5;1;BMW;UD71-5A;118 / / D;Nemcija;DEU;osebni avtomobil;210;karavan;118
105;1385;4.5;1;BMW;UB31-AA;118 / / d;Nemcija;DEU;osebni avtomobil;210;karavan;118
105;1275;4.5;1;MINI;SY71-5H0C0;COOPER SD ROADSTER / /;Nemcija;DEU;osebni avtomobil;212;kabriolet;COOPER SD ROADSTER 
105;1590;4.5;1;TOYOTA;T27/WWT271(E)/WWT271L-AEFGYW(1J);AVENSIS / 2.0 / D;Zdruûeno kraljestvo;GBR;osebni avtomobil;200;limuzina;AVENSIS 
105;1575;4.5;1;TOYOTA;T27/WWT271(E)/WWT271L-AEFEYW(1K);AVENSIS / 2.0 / D;Zdruûeno kraljestvo;GBR;osebni avtomobil;200;limuzina;AVENSIS 
105;1615;4.6;1;BMW;3Y11-6H250000;318 / GT / d;Nemcija;DEU;osebni avtomobil;210;limuzina;318
105;1585;4.6;1;BMW;4D51-6A250000;418 / d / AUT.;Nemcija;DEU;osebni avtomobil;213;limuzina;418
105;1565;4.6;1;BMW;4D51-6H250000;418 / d;Nemcija;DEU;osebni avtomobil;213;limuzina;418
105;1505;4.6;1;BMW;3D11-6A350000;318 / / d AUT.;Nemcija;DEU;osebni avtomobil;212;limuzina;318
105;1490;4.6;1;BMW;1T51-5H150000;118 / / D XDRIVE;Nemcija;DEU;osebni avtomobil;210;karavan;118
105;1395;4.6;1;MINI;ZB71-5A;COOPER SD COUNTRYMAN / /;Nemcija;DEU;osebni avtomobil;198;karavan;COOPER SD COUNTRYMAN 
105;1390;4.6;1;MINI;RS71-5H0C0;COOPER SD PACEMAN / /;Nemcija;DEU;osebni avtomobil;200;kupe;COOPER SD PACEMAN 
105;1270;4.6;1;SEAT;SCNCFHDX0-SGFM6A800847MGGI;IBIZA / 2.0 / TDI;äpanija;ESP;osebni avtomobil;208;vecnamensko vozilo;IBIZA 
105;1245;4.6;1;SEAT;SCCFHDX0-SGNFM6A80087MGGI;IBIZA / 2.0 / TDI;äpanija;ESP;osebni avtomobil;210;vecnamensko vozilo;IBIZA 
105;1620;4.6;1;TOYOTA;T27/WWT271(W)/WWT271L-AWFGYW(1J);AVENSIS / 2.0 / D WAGON;Zdruûeno kraljestvo;GBR;osebni avtomobil;200;vecnamensko vozilo;AVENSIS 
105;1600;4.6;1;TOYOTA;T27/WWT271(W)/WWT271L-AWFEYW(1K);AVENSIS / 2.0 / D WAGON;Zdruûeno kraljestvo;GBR;osebni avtomobil;200;vecnamensko vozilo;AVENSIS 
105;1565;4.6;1;TOYOTA;T27/WWT271(W)/WWT271L-AWFEYW(1J);AVENSIS / 2.0 / D WAGON;Japonska ;JPN;osebni avtomobil;200;vecnamensko vozilo;AVENSIS 
105;1610;4.7;1;AUDI;ACJCAF1-FM6B1002RB8K1S57MGEM1;A4 AVANT / 2.0 / TDI;Nemcija;DEU;osebni avtomobil;208;karavan;A4 AVANT 
105;1700;4.7;1;BMW;5C11-6A250000;518 / / D AUT.;Nemcija;DEU;osebni avtomobil;212;limuzina;518
105;1575;4.7;1;BMW;3K11-5A250000;318 / TOURING / d AUT.;Nemcija;DEU;osebni avtomobil;210;karavan;318
105;1570;4.7;1;BMW;3K11-5A200;318 / TOURING / D AUT.;Nemcija;DEU;osebni avtomobil;210;karavan;318
105;1565;4.7;1;BMW;3J31-5H150000;318 / / d xDrive;Nemcija;DEU;osebni avtomobil;212;limuzina;318
105;1555;4.7;1;BMW;3K11-5H250000;318 / TOURING / d;Nemcija;DEU;osebni avtomobil;210;karavan;318
105;1550;4.7;1;BMW;3K11-5H200;318 / TOURING / d;Nemcija;DEU;osebni avtomobil;210;karavan;318
105;1505;4.7;1;BMW;PN11-5A;318 / / d;Nemcija;DEU;osebni avtomobil;210;limuzina;318
105;1395;4.7;1;BMW;UD71-AA;118 / / d;Nemcija;DEU;osebni avtomobil;210;karavan;118
105;1385;4.7;1;BMW;UB31-AA;118 / / d;Nemcija;DEU;osebni avtomobil;210;karavan;118
105;1655;4.7;1;TOYOTA;XA3(a)/WWA42(N)/WWA42L-ANFGRW(5Q);RAV 4 / 2.0 / D;Japonska ;JPN;osebni avtomobil;195;vecnamensko vozilo;RAV 4 
105;1650;4.7;1;TOYOTA;XA3(a)/WWA42(N)/WWA42L-ANFMRW(3R);RAV 4 / 2.0 / D;Japonska ;JPN;osebni avtomobil;195;vecnamensko vozilo;RAV 4 
105;1610;4.7;1;TOYOTA;XA3(a)/WWA42(N)/WWA42L-ANFMRW(5R);RAV 4 / 2.0 / D;Japonska ;JPN;osebni avtomobil;195;vecnamensko vozilo;RAV 4 
105;1615;4.8;1;AUDI;SCJCAF1-FAVAW011RB8T1S47MGEM1;A5 / 2.0 / TDI AUT.;Nemcija;DEU;osebni avtomobil;205;vozilo z dviûnimi vrati zadaj;A5 
105;1590;4.8;1;AUDI;LCJCAF1-FAVAW011RB8K1S57MGEM1;A4 / 2.0 / TDI AUT.;Nemcija;DEU;osebni avtomobil;210;limuzina;A4 
105;1795;4.8;1;BMW;5J11-6H150000;518 / TOURING / d;Nemcija;DEU;osebni avtomobil;206;karavan;518
105;1635;4.8;1;BMW;3Y11-6A150000;318 / GT / d AUT.;Nemcija;DEU;osebni avtomobil;210;limuzina;318
105;1580;4.8;1;BMW;UX11-5A;318 / TOURING / D;Nemcija;DEU;osebni avtomobil;210;karavan;318
105;1575;4.8;1;BMW;3K11-6A350000;318 / TOURING / d AUT.;Nemcija;DEU;osebni avtomobil;210;karavan;318
105;1565;4.8;1;BMW;3J31-5H250000;318 / / d xDrive;Nemcija;DEU;osebni avtomobil;212;limuzina;318
105;1555;4.8;1;BMW;3K11-6H350000;318 / TOURING / d;Nemcija;DEU;osebni avtomobil;210;karavan;318
105;1490;4.8;1;BMW;1T51-5H250000;118 / / d xDrive;Nemcija;DEU;osebni avtomobil;210;karavan;118
105;1646;4.8;1;TOYOTA;T27/WWT271(W)/WWT271L-AWFGYW(3J);AVENSIS / 2.0 / D WAGON;Zdruûeno kraljestvo;GBR;osebni avtomobil;200;vecnamensko vozilo;AVENSIS 
105;1565;4.8;1;TOYOTA;T27/WWT271(W)/WWT271L-AWFEYW(3J);AVENSIS / 2.0 / D WAGON;Zdruûeno kraljestvo;GBR;osebni avtomobil;200;vecnamensko vozilo;AVENSIS 
105;1650;4.9;1;AUDI;ACJCAF1-FAVAW011RB8K1S57MGEM1;A4 AVANT / 2.0 / TDI AUT.;Nemcija;DEU;osebni avtomobil;200;karavan;A4 AVANT 
105;1805;4.9;1;BMW;5J11-6A150000;518 / TOURING / d AUT.;Nemcija;DEU;osebni avtomobil;205;karavan;518
105;1635;4.9;1;BMW;3Y11-6A250000;318 / GT / d AUT.;Nemcija;DEU;osebni avtomobil;210;limuzina;318
105;1635;4.9;1;BMW;8J31-5H150000;318 / TOURING / d xDrive;Nemcija;DEU;osebni avtomobil;206;karavan;318
105;1555;4.9;1;BMW;VN71-5H050000;X1 / SDRIVE 18 / D;Nemcija;DEU;osebni avtomobil;200;karavan;X1 
105;1550;4.9;1;BMW;UM91-5A;118 / CABRIO / d;Nemcija;DEU;osebni avtomobil;208;kabriolet;118
105;1470;4.9;1;MINI;ZD71-5H05C;COOPER SD COUNTRYMAN / / ALL4;Nemcija;DEU;osebni avtomobil;195;karavan;COOPER SD COUNTRYMAN 
105;1635;5.1;1;AUDI;LCJCAQ1-QM6B2003RB8K1S57MGEM1;A4 / 2.0 / TDI Q;Nemcija;DEU;osebni avtomobil;215;limuzina;A4 
105;1540;5.1;1;AUDI;LCAGAF1-FM6B1002R8K607MGEM1;A4 / 2.0 / TDI;Nemcija;DEU;osebni avtomobil;215;limuzina;A4 
105;1735;5.1;1;BMW;WY11-5H050000;X3 / sDrive 18 / d;Nemcija;DEU;osebni avtomobil;195;karavan;X3 
105;1605;5.2;1;AUDI;SCAGAF1-FM6B1002R8S607MGEM1;A5 / 2.0 / TDI;Nemcija;DEU;osebni avtomobil;212;vozilo z dviûnimi vrati zadaj;A5 
105;1600;5.2;1;AUDI;ACAGAF1-FM6B1002R8K607MGEM1;A4 AVANT / 2.0 / TDI;Nemcija;DEU;osebni avtomobil;208;karavan;A4 AVANT 
105;1545;5.2;1;BMW;VN11-5A;X1 / sDrive 18 / d;Nemcija;DEU;osebni avtomobil;200;karavan;X1 
105;1505;5.2;1;SEAT;AACAGAX0-SGFM61X0127MG;EXEO / 2.0 / TDI;äpanija;ESP;osebni avtomobil;215;limuzina;EXEO 
105;1755;5.3;1;AUDI;XCJCAF1-FM6B1006R8R737MGEM1;Q5 / 2.0 / TDI;Nemcija;DEU;osebni avtomobil;192;karavan;Q5 
105;1675;5.3;1;AUDI;ACJCAQ1-QM6B2003RB8K1S57MGEM1;A4 AVANT / 2.0 / TDI Q;Nemcija;DEU;osebni avtomobil;207;karavan;A4 AVANT 
105;1600;5.3;1;AUDI;ACAGAF1-FM6B1002R8K607MGEM1;A4 AVANT / 2.0 / TDI;Nemcija;DEU;osebni avtomobil;208;karavan;A4 AVANT 
105;1535;5.3;1;AUDI;LCAGAF1-FM6B1002R8K607MG;A4 / 2.0 / TDI;Nemcija;DEU;osebni avtomobil;215;limuzina;A4 
105;1505;5.3;1;BMW;PG11-5B;318 / / d AUT.;Nemcija;DEU;osebni avtomobil;210;limuzina;318
105;1420;5.3;1;BMW;UD71-5B;118 / / d AUT.;Nemcija;DEU;osebni avtomobil;210;karavan;118
105;1270;5.3;1;MINI;SX71-5A0C0;COOPER SD COUPE / / AUT.;Nemcija;DEU;osebni avtomobil;206;kupe;COOPER SD COUPE 
105;1565;5.3;1;SEAT;ACCAGAX0-SGFM61X0127MG;EXEO ST / 2.0 / TDI;äpanija;ESP;osebni avtomobil;209;karavan;EXEO ST 
105;1565;5.3;1;VOLKSWAGEN;AACBACX0-FM6FM62Q025ST7ME;PASSAT CC / 2.0 / TDI;Nemcija;DEU;osebni avtomobil;214;limuzina;PASSAT CC 
105;1595;5.4;1;AUDI;ACAGAF1-FM6B1002R8K607MB;A4 AVANT / 2.0 / TDI;Nemcija;DEU;osebni avtomobil;208;karavan;A4 AVANT 
105;1755;5.4;1;BMW;WY11-5A000;X3 / sDrive 18 / d AUT.;Nemcija;DEU;osebni avtomobil;190;karavan;X3 
105;1650;5.4;1;BMW;VP71-5A050000;X1 / XDRIVE 18 / D AUT.;Nemcija;DEU;osebni avtomobil;195;karavan;X1 
105;1580;5.4;1;BMW;UT31-5B;318 / TOURING / d AUT.;Nemcija;DEU;osebni avtomobil;210;karavan;318
105;1570;5.4;1;BMW;VN71-5A000;X1 / sDrive 18 / d AUT.;Nemcija;DEU;osebni avtomobil;200;karavan;X1 
105;1520;5.4;1;BMW;PN11-5B;318 / / d AUT.;Nemcija;DEU;osebni avtomobil;210;limuzina;318
105;1420;5.4;1;BMW;UD71-AL;118 / / d AUT.;Nemcija;DEU;osebni avtomobil;210;karavan;118
105;1340;5.4;1;MINI;ZR71-5A0C0;COOPER SD CABRIO / / AUT.;Nemcija;DEU;osebni avtomobil;203;kabriolet;COOPER SD CABRIO 
105;1635;5.5;1;AUDI;LCAGAQ1-QM6B2003R8K607MGEM1;A4 / 2.0 / TDI Q;Nemcija;DEU;osebni avtomobil;215;limuzina;A4 
105;1535;5.5;1;AUDI;LCAGAF1-FM6B1003R8K60;A4 / 2.0 / TDI;Nemcija;DEU;osebni avtomobil;215;limuzina;A4 
105;1640;5.5;1;BMW;VP71-5H050000;X1 / xDrive 18 / d;Nemcija;DEU;osebni avtomobil;195;karavan;X1 
105;1825;5.5;1;MERCEDES BENZ;H7SPM0-KZBBA500;GLK / 200 CDI /;Nemcija;DEU;osebni avtomobil;195;karavan;GLK 
105;1565;5.5;1;SEAT;ACCAGAX0-SGFM61X0087MG;EXEO ST / 2.0 / TDI;äpanija;ESP;osebni avtomobil;207;karavan;EXEO ST 
105;1505;5.5;1;SEAT;AACAGAX0-SGFM61X0087MG;EXEO / 2.0 / TDI;äpanija;ESP;osebni avtomobil;214;limuzina;EXEO 
105;1602;5.5;1;VOLKSWAGEN;ACCBACX0-FM6FM62Q025ST7MESVR0;PASSAT / VARIANT 2.0 / TDI;Nemcija;DEU;osebni avtomobil;207;karavan;PASSAT 
105;1635;5.6;1;AUDI;LCAGAQ1-QM6B2003R8K607MGEM1;A4 / 2.0 / TDI Q;Nemcija;DEU;osebni avtomobil;215;limuzina;A4 
105;1595;5.6;1;BMW;UX11-5B;318 / TOURING / D AUT.;Nemcija;DEU;osebni avtomobil;210;karavan;318
105;1505;5.6;1;BMW;PN11-5A;318 / / d;Nemcija;DEU;osebni avtomobil;210;limuzina;318
105;1310;5.6;1;BMW;UD71-AA;118 / / D;Nemcija;DEU;osebni avtomobil;201;karavan;118
105;1845;5.6;1;MERCEDES BENZ;H7SPM0-NZBBA500;GLK / 200 CDI / AUT.;Nemcija;DEU;osebni avtomobil;195;karavan;GLK 
105;1755;5.7;1;AUDI;XCJCAF1-FM6B1006R8R737MGEM1;Q5 / 2.0 / TDI;Nemcija;DEU;osebni avtomobil;192;karavan;Q5 
105;1675;5.7;1;AUDI;ACAGAQ1-QM6B2003R8K607MGEM1;A4 AVANT / 2.0 / TDI Q;Nemcija;DEU;osebni avtomobil;207;karavan;A4 AVANT 
105;1595;5.7;1;AUDI;ACAGAF1-FM6B1003R8K60;A4 AVANT / 2.0 / TDI;Nemcija;DEU;osebni avtomobil;208;karavan;A4 AVANT 
105;1570;5.7;1;AUDI;LCAGAF1-FAVW0010R8K607MGEM0;A4 / 2.0 / TDI V-AUT.;Nemcija;DEU;osebni avtomobil;210;limuzina;A4 
105;1570;5.7;1;AUDI;B8 LCAGAF1-FAVW0010R8K607MG;A4  / 2.0 / TDI V-AUT.;Nemcija;DEU;osebni avtomobil;210;limuzina;A4  
105;1650;5.7;1;BMW;VP71-5A000;X1 / xDrive 18 / d AUT.;Nemcija;DEU;osebni avtomobil;195;karavan;X1 
105;1615;5.7;1;BMW;VP11-5A;X1 / xDrive 18 / d;Nemcija;DEU;osebni avtomobil;195;karavan;X1 
105;1615;5.7;1;BMW;VP11-5A;X1 / xDrive 18 / d;Nemcija;DEU;osebni avtomobil;195;vozilo za posebne namene;X1 
105;1420;5.7;1;MINI;ZB71-5A05C;COOPER SD COUNTRYMAN / / AUT.;Nemcija;DEU;osebni avtomobil;195;karavan;COOPER SD COUNTRYMAN 
105;1565;5.7;1;SEAT;ACCAGAX0-SGFM61X0087MG;EXEO ST / 2.0 / TDI;äpanija;ESP;osebni avtomobil;207;karavan;EXEO ST 
105;1705;5.8;1;AUDI;HCJCAQ1-QM6B2007RB8H1S57MGEM1;A4 ALLROAD QUATTRO / 2.0 / TDI;Nemcija;DEU;osebni avtomobil;200;karavan;A4 ALLROAD QUATTRO 
105;1675;5.8;1;AUDI;ACAGAQ1-QM6B2003R8K607MGEM1;A4 AVANT / 2.0 / TDI Q;Nemcija;DEU;osebni avtomobil;207;karavan;A4 AVANT 
105;1630;5.8;1;AUDI;SCAGAF1-FAVW0010R8S607MGEM0;A5 / 2.0 / TDI V-AUT.;Nemcija;DEU;osebni avtomobil;205;vozilo z dviûnimi vrati zadaj;A5 
105;1570;5.8;1;AUDI;LCAGAF1-FAVW0010R8K60;A4 / 2.0 / TDI V-AUT.;Nemcija;DEU;osebni avtomobil;210;limuzina;A4 
105;1595;5.8;1;BMW;UX11-5B;318 / TOURING / d AUT.;Nemcija;DEU;osebni avtomobil;210;karavan;318
105;1575;5.8;1;BMW;UM91-5B;118 / CABRIO / d AUT.;Nemcija;DEU;osebni avtomobil;208;kabriolet;118
105;1580;5.8;1;VOLKSWAGEN;AACBACX0-FD6FD62E018ST7MESVR0;PASSAT / 2.0 / TDI AUT.;Nemcija;DEU;osebni avtomobil;207;limuzina;PASSAT 
105;1830;5.9;1;AUDI;XCJCAQ1-QM6B2023R8R707MGEM1G;Q5 / 2.0 / TDI Q;Nemcija;DEU;osebni avtomobil;190;karavan;Q5 
105;1630;5.9;1;AUDI;LCAGAQ1-QM6B2003R8K607MG;A4 / 2.0 / TDI Q;Nemcija;DEU;osebni avtomobil;215;limuzina;A4 
105;1630;5.9;1;AUDI;ACAGAF1-FAVW0010R8K607MGEM0;A4 AVANT / 2.0 / TDI V-AUT.;Nemcija;DEU;osebni avtomobil;200;karavan;A4 AVANT 
105;1630;5.9;1;AUDI;B8 ACAGAF1-FAVW0010R8K607MG;A4 / AVANT 2.0 / TDI V-AUT.;Nemcija;DEU;osebni avtomobil;200;karavan;A4 
105;1570;5.9;1;BMW;VN11-5B;X1 / sDrive 18 / d AUT.;Nemcija;DEU;osebni avtomobil;200;karavan;X1 
105;1435;5.9;0;BMW;VF51-AA;318 / / I;Nemcija;DEU;osebni avtomobil;210;limuzina;318
105;1350;5.9;0;BMW;UE51-AJ;118 / / i;Nemcija;DEU;osebni avtomobil;210;karavan;118
105;1340;5.9;0;BMW;UB91-AI;118 / / i;Nemcija;DEU;osebni avtomobil;210;karavan;118
105;1520;5.9;1;MERCEDES BENZ;203;C / 220 / CDI;Nemcija;DEU;osebni avtomobil;220;limuzina;C 
105;1624;5.9;1;VOLKSWAGEN;ACCBACX0-FD6FD62E018S17MES;PASSAT / VARIANT 2.0 / TDI AUT.;Nemcija;DEU;osebni avtomobil;204;karavan;PASSAT 
105;1610;6.1;1;MAZDA;CR19R6;MAZDA 5 / 2.0 / CDH / 7S;Japonska ;JPN;osebni avtomobil;196;vecnamensko vozilo;MAZDA 5 
105;1595;6.1;1;MAZDA;GG19R6;MAZDA 6 / KARAVAN 2.0 / CD;Japonska ;JPN;osebni avtomobil;201;karavan;MAZDA 6 
105;1595;6.1;1;MAZDA;GG119R6;6 / KARAVAN 2.0 / CDH;Japonska ;JPN;osebni avtomobil;201;karavan;6
105;1560;6.1;1;MAZDA;GG14R6;MAZDA 6 / 2.0 / CDH;Japonska ;JPN;osebni avtomobil;203;vozilo z dviûnimi vrati zadaj;MAZDA 6 
105;1520;6.1;1;MAZDA;GG119R6;MAZDA 6 / 2.0 / CD;Japonska ;JPN;osebni avtomobil;205;karavan;MAZDA 6 
105;1520;6.1;1;MAZDA;GY19R6;MAZDA 6 / KARAVAN 2.0 / CDH;Japonska ;JPN;osebni avtomobil;201;karavan;MAZDA 6 
105;1485;6.1;1;MAZDA;GG14R6;6 / 2.0;Japonska ;JPN;osebni avtomobil;203;vozilo z dviûnimi vrati zadaj;6
105;1505;6.1;1;MINI;ZD71-6A2500C0;COOPER SD COUNTRYMAN / / ALL4 AUT.;Nemcija;DEU;osebni avtomobil;195;karavan;COOPER SD COUNTRYMAN 
105;1495;6.1;1;MINI;ZD71-5A05C;COOPER SD COUNTRYMAN / / ALL4 AUT.;Nemcija;DEU;osebni avtomobil;193;karavan;COOPER SD COUNTRYMAN 
105;1830;6.2;1;AUDI;XCJCAQ1-QM6B2023R8R707MGEM1;Q5 / 2.0 / TDI Q;Nemcija;DEU;osebni avtomobil;190;karavan;Q5 
105;1705;6.2;1;AUDI;HCAGAQ1-QM6B2007R8KH77MGEM1;A4 ALLROAD QUATTRO / 2.0 / TDI;Nemcija;DEU;osebni avtomobil;200;karavan;A4 ALLROAD QUATTRO 
105;1670;6.2;1;AUDI;ACAGAQ1-QM6B2003R8K607MG;A4 AVANT / 2.0 / TDI Q;Nemcija;DEU;osebni avtomobil;207;karavan;A4 AVANT 
105;1815;6.2;1;BMW;PE71-5A;X3 / xDrive 18 / d;Nemcija;DEU;osebni avtomobil;195;karavan;X3 
105;1650;6.2;1;BMW;VP11-5A000;X1 / xDrive 18 / d AUT.;Nemcija;DEU;osebni avtomobil;195;karavan;X1 
105;1375;6.2;0;BMW;UE51;118 / I AUT.;Nemcija;DEU;osebni avtomobil;210;vozilo z dviûnimi vrati zadaj;118
105;1365;6.2;0;BMW;187UB91-AB;118 / I AUT.;Nemcija;DEU;osebni avtomobil;210;karavan;118
105;1590;6.2;1;MERCEDES BENZ;210.006-J00CF0KRBBA50;E / 220 / CDI;Nemcija;DEU;osebni avtomobil;213;limuzina;E 
105;1545;6.2;1;MERCEDES BENZ;203;C / 220 / CDI;Nemcija;DEU;osebni avtomobil;215;limuzina;C 
105;1530;6.2;1;MERCEDES BENZ;203;C / 220 / CDI;Nemcija;DEU;osebni avtomobil;215;vozilo z dviûnimi vrati zadaj;C 
105;1520;6.2;1;MERCEDES BENZ;203.006-R00CF0KDAAA50;C / 220 / CDI;Nemcija;DEU;osebni avtomobil;220;limuzina;C 
105;1505;6.2;1;MERCEDES BENZ;R80CF0-KDABA40;C / 220 / CDI;Nemcija;DEU;osebni avtomobil;220;vozilo z dviûnimi vrati zadaj;C 
105;1505;6.3;0;BMW;US32-5A;318 / TOURING / i;Nemcija;DEU;osebni avtomobil;210;karavan;318
105;1480;6.3;0;BMW;UM11;118 / CABRIO / i;Nemcija;DEU;osebni avtomobil;210;kabriolet;118
105;1435;6.3;0;BMW;PF51-5A;318 / / i;Nemcija;DEU;osebni avtomobil;210;limuzina;318
105;1610;6.3;1;MAZDA;CR119R;5 / 2.0 / D;Japonska ;JPN;osebni avtomobil;197;vecnamensko vozilo;5
105;1610;6.3;1;MAZDA;CR19R6;MAZDA 5 / 2.0 / CDH 7S;Japonska ;JPN;osebni avtomobil;197;vecnamensko vozilo;MAZDA 5 
105;1540;6.3;1;MAZDA;CR19R6;5 / 2.0;Japonska ;JPN;osebni avtomobil;197;vecnamensko vozilo;5
105;1535;6.3;1;MAZDA;CR19R6;MAZDA 5 / 2.0 / CDH 7S;Japonska ;JPN;osebni avtomobil;179;vecnamensko vozilo;MAZDA 5 
105;1545;6.3;1;MERCEDES BENZ;R00CF0-TCAAA501;C / 220 / CDI AUT.;Nemcija;DEU;osebni avtomobil;215;limuzina;C 
105;1430;6.3;1;MERCEDES BENZ;203.706-R80CF0KDABA40;C / COUPE 220 / CDI;Nemcija;DEU;osebni avtomobil;215;kupe;C 
105;1505;6.4;0;BMW;US31-5A;318 / TOURING / i;Nemcija;DEU;osebni avtomobil;210;karavan;318
105;1465;6.4;0;BMW;VF51-AB;318 / / i AUT.;Nemcija;DEU;osebni avtomobil;210;limuzina;318
105;1435;6.4;0;BMW;390LPF51-5A;318 / I /;Nemcija;DEU;osebni avtomobil;210;limuzina;318
105;1545;6.4;1;MERCEDES BENZ;203 - R00CK0 - KDAAA501;C / 220 / CDI;Nemcija;DEU;osebni avtomobil;220;limuzina;C 
105;1520;6.4;1;MERCEDES BENZ;203R00CF0-KDAAA500;C / 220 / CDI;Nemcija;DEU;osebni avtomobil;220;limuzina;C 
105;1820;6.5;1;AUDI;XCAGAQ1-QM6B2023R8R707MG;Q5 / 2.0 / TDI Q;Nemcija;DEU;osebni avtomobil;190;karavan;Q5 
105;1595;6.5;1;MERCEDES BENZ;R20CF0-TCAAA501;C / 220 T / CDI AUT.;Nemcija;DEU;osebni avtomobil;209;karavan;C 
105;1590;6.5;1;MERCEDES BENZ;210;E / 220 / CDI;Nemcija;DEU;osebni avtomobil;213;limuzina;E 
105;1465;6.6;0;BMW;PF51-5B;318 / / i AUT.;Nemcija;DEU;osebni avtomobil;210;limuzina;318
105;1570;6.6;1;MERCEDES BENZ;R20CF0-KDAAA50;C / 220 T / CDI;Nemcija;DEU;osebni avtomobil;214;karavan;C 
105;1555;6.6;0;MERCEDES BENZ;203 K 56600Q;C / 180 / KOMPRESOR AUT.;Nemcija;DEU;osebni avtomobil;213;karavan;C 
105;1545;6.6;1;MERCEDES BENZ;R00CF0-TCAAA502;C / 220 / CDI AUT.;Nemcija;DEU;osebni avtomobil;215;limuzina;C 
105;1615;6.7;1;MERCEDES BENZ;J00CF0-TGBBA50;E / 220 / CDI / AUT.;Nemcija;DEU;osebni avtomobil;212;limuzina;E 
105;1615;6.7;1;MERCEDES BENZ;210/J00CF0/TGBBA50;E / 220 / CDI AUT.;Nemcija;DEU;osebni avtomobil;197;limuzina;E 
105;1570;6.7;1;MERCEDES BENZ;203.206-R20CF0KDAAA50;C / 220 T / CDI;Nemcija;DEU;osebni avtomobil;218;karavan;C 
105;1570;6.7;1;MERCEDES BENZ;R20CF0-KDAAA50;C / 220 T / CDI;Nemcija;DEU;osebni avtomobil;214;karavan;C 
105;1545;6.7;1;MERCEDES BENZ;203.008;C / 220 / CDI AUT.;Nemcija;DEU;osebni avtomobil;215;limuzina;C 
105;1530;6.7;1;MERCEDES BENZ;R80CF0-TCAAA40;C / COUPE 220 / CDI;Nemcija;DEU;osebni avtomobil;215;kupe;C 
105;1520;6.7;1;MERCEDES BENZ;203.006-R00CF0TCAAA50;C / 220 / CDI AUT.;Nemcija;DEU;osebni avtomobil;215;limuzina;C 
105;1495;6.7;1;MERCEDES BENZ;MB203KR20CF0-KDAAA50;C / 220 T / CDI;Nemcija;DEU;osebni avtomobil;214;karavan;C 
105;1535;6.8;0;BMW;US31-5B;318 / TOURING / i AUT.;Nemcija;DEU;osebni avtomobil;210;karavan;318
105;1690;6.8;1;MERCEDES BENZ;210.206-J20CF0KGBBAA0;E / 220 T / CDI;Nemcija;DEU;osebni avtomobil;202;karavan;E 
105;1481;7.1;0;HYUNDAI;F5P51-M53AZ1;i 30 CW / 2.0 /;Ceöka republika;CZE;osebni avtomobil;205;vecnamensko vozilo;i 30 CW 
105;1715;7.1;1;MERCEDES BENZ;210.206;E / 220 T / CDI AUT.;Nemcija;DEU;osebni avtomobil;202;karavan;E 
105;1595;7.1;1;MERCEDES BENZ;R20CF0-TCAAA500;C / 220 T / CDI AUT.;Nemcija;DEU;osebni avtomobil;209;karavan;C 
105;1395;7.2;0;BMW;346LAY71-31;318 / I /;Nemcija;DEU;osebni avtomobil;218;limuzina;318
105;1320;7.2;0;BMW;AY71-31;318 / / I;Nemcija;DEU;osebni avtomobil;214;limuzina;318
105;2025;7.2;1;CHRYSLER;RGYN27-03;VOYAGER / 2.5 / TD;Zdruûene drûave;USA;osebni avtomobil;185;vecnamensko vozilo;VOYAGER 
105;1395;7.4;0;BMW;EY71-31;318 / / i;Nemcija;DEU;osebni avtomobil;218;limuzina;318
105;1395;7.4;0;BMW;BX91-31;318 / COUPE / i;Nemcija;DEU;osebni avtomobil;218;kupe;318
105;1395;7.4;0;BMW;AX51-01;318 / TOURING / i;Nemcija;DEU;osebni avtomobil;213;karavan;318
105;1320;7.4;0;BMW;BX-91;318;Nemcija;DEU;osebni avtomobil;218;kupe;318
105;1585;7.5;1;BMW;5/D;525 / TDS;Nemcija;DEU;osebni avtomobil;211;limuzina;525
105;1485;7.5;0;MERCEDES BENZ;MB-203-H;C / 180;Nemcija;DEU;osebni avtomobil;193;limuzina;C 
105;1400;7.5;0;MERCEDES BENZ;MB-203-CL;C / 180;Nemcija;DEU;osebni avtomobil;193;kupe;C 
105;1555;7.6;1;BMW;DF71;525 / / tds;Nemcija;DEU;osebni avtomobil;211;limuzina;525
105;1480;7.6;1;BMW;5/D;525 / TDS;Nemcija;DEU;osebni avtomobil;211;limuzina;525
105;1475;7.6;0;BMW;EX51-31;318 / TOURING / i;Nemcija;DEU;osebni avtomobil;213;karavan;318
105;2065;7.6;1;CHRYSLER;RGYN57-03;GRAND VOYAGER / 2.5 / TD;Zdruûene drûave;USA;osebni avtomobil;185;vecnamensko vozilo;GRAND VOYAGER 
105;1358;7.6;0;HYUNDAI;BC-J;ELANTRA / 2.0 /;Koreja. republika;KOR;osebni avtomobil;208;vozilo z dviûnimi vrati zadaj;ELANTRA 
105;1323;7.6;0;HYUNDAI;AC-J;ELANTRA / 2.0;Koreja. republika;KOR;osebni avtomobil;208;limuzina;ELANTRA 
105;1570;7.7;0;BMW;346RBP71-32;318 / I;Nemcija;DEU;osebni avtomobil;206;kabriolet;318
105;1540;7.7;0;BMW;BP71-01;318 / CABRIO / i;Nemcija;DEU;osebni avtomobil;206;kabriolet;318
105;1465;7.7;0;BMW;BP71-31;318 / CABRIO / i;Nemcija;DEU;osebni avtomobil;206;kabriolet;318
105;2080;7.7;1;CHRYSLER;RGYN37-07;VOYAGER / 2.5 / TD;Zdruûene drûave;USA;osebni avtomobil;185;vecnamensko vozilo;VOYAGER 
105;2005;7.7;1;CHRYSLER;RG-YN37-05;VOYAGER / 2.5 / CRD;Zdruûene drûave;USA;osebni avtomobil;185;vecnamensko vozilo;VOYAGER 
105;1890;7.7;1;CHRYSLER;RGYN37-05;VOYAGER / 2.5 / TD;Zdruûene drûave;USA;osebni avtomobil;185;vecnamensko vozilo;VOYAGER 
105;1475;7.7;0;MERCEDES BENZ;R84FK0-LZBBA400;CLC / 180 / KOMP.;Nemcija;DEU;osebni avtomobil;220;vozilo z dviûnimi vrati zadaj;CLC 
105;1395;7.7;0;MITSUBISHI;CY311-ADCCA5B5C;LANCER / 1.8 /;Japonska ;JPN;osebni avtomobil;204;limuzina;LANCER 
105;1220;7.7;0;TOYOTA;ZZT230L-BLFGHW(1D);CELICA / 1.8 / VVT-i;Japonska ;JPN;osebni avtomobil;205;kupe;CELICA 
105;1218;7.7;0;TOYOTA;T23ZZT230L-BLFGHW(1B);CELICA / 1.8 / VVT-I;Japonska ;JPN;osebni avtomobil;205;kupe;CELICA 
105;1208;7.7;0;TOYOTA;ZZT230L-BLFGHW (1A);CELICA / 1.8 / VVT-i;Japonska ;JPN;osebni avtomobil;205;kupe;CELICA 
105;1175;7.7;0;TOYOTA;ZZT230L-BLFGHW;CELICA / 1.8;Japonska ;JPN;osebni avtomobil;205;kupe;CELICA 
105;1720;7.8;1;BMW;5DDF71;525 / TDS;Nemcija;DEU;osebni avtomobil;210;limuzina;525
105;1555;7.8;1;BMW;5DDF71;525 / TDS;Nemcija;DEU;osebni avtomobil;211;limuzina;525
105;1540;7.8;0;BMW;346RBP71-31;318 / CABRIO / I;Nemcija;DEU;osebni avtomobil;206;kabriolet;318
105;2065;7.8;1;CHRYSLER;RGYN57-07;GRAND VOYAGER / 2.5 / TD;Zdruûene drûave;USA;osebni avtomobil;185;vecnamensko vozilo;GRAND VOYAGER 
105;2065;7.8;1;CHRYSLER;RG-YN57-05;GRAND / VOYAGER / 2.5 / TDI;Zdruûene drûave;USA;osebni avtomobil;185;limuzina;GRAND 
105;2065;7.8;1;CHRYSLER;RG;GRAND / VOYAGER /  2.5 / CRDI;Zdruûene drûave;USA;osebni avtomobil;185;vecnamensko vozilo;GRAND 
105;1650;7.9;1;BMW;DG71;525 / TOURING / tds;Nemcija;DEU;osebni avtomobil;210;karavan;525
105;1485;7.9;0;MERCEDES BENZ;203;C / 180 / KOMPRESSOR;Nemcija;DEU;osebni avtomobil;223;limuzina;C 
105;1475;7.9;0;MERCEDES BENZ;203R046F0-LHAAA501;C / 180 / KOMPRESSOR;Nemcija;DEU;osebni avtomobil;223;limuzina;C 
105;1430;7.9;0;MITSUBISHI;CX312-AJGGA5A5A;LANCER / 1.8 /;Japonska ;JPN;osebni avtomobil;196;vozilo z dviûnimi vrati zadaj;LANCER 
105;1425;7.9;0;MITSUBISHI;CY311-AECCCCB5C;LANCER / 1.8 / CVT;Japonska ;JPN;osebni avtomobil;192;limuzina;LANCER 
105;1435;8.1;0;BMW;346LEY71-32;318 / / I AUT.;Nemcija;DEU;osebni avtomobil;214;limuzina;318
105;1485;8.1;0;MERCEDES BENZ;R046K0-LHBBA501;C / 180 / KOMP.;Nemcija;DEU;osebni avtomobil;223;limuzina;C 
105;1475;8.1;0;MERCEDES BENZ;R84FK0-LZBBA403;CLC / 180 / KOMP.;Nemcija;DEU;osebni avtomobil;220;vozilo z dviûnimi vrati zadaj;CLC 
105;1550;8.2;0;CHEVROLET;LV1-111;EPICA / 2.0 / L6;Koreja. republika;KOR;osebni avtomobil;207;limuzina;EPICA 
105;1505;8.2;0;MERCEDES BENZ;R046F0-THBBA501;C / 180;Nemcija;DEU;osebni avtomobil;220;limuzina;C 
105;1485;8.2;0;MERCEDES BENZ;R046F0-LHBBA501;MERCEDES BENZ / C / 180 / KOMP.;Nemcija;DEU;osebni avtomobil;223;limuzina;MERCEDES BENZ 
105;1465;8.2;0;MERCEDES BENZ;R846K0-LHAAA401;C / 180 / KOMP.;Nemcija;DEU;osebni avtomobil;223;vozilo z dviûnimi vrati zadaj;C 
105;1650;8.3;1;BMW;5DDG71;525 / TOURING / TDS;Nemcija;DEU;osebni avtomobil;210;karavan;525
105;1575;8.3;1;BMW;5D-DG71;525 / TOURING / TDS;Nemcija;DEU;osebni avtomobil;210;karavan;525
105;1535;8.4;0;MERCEDES BENZ;R246K0-LHBBA501;C / 180 T / KOMP.;Nemcija;DEU;osebni avtomobil;216;karavan;C 
105;1505;8.4;0;MERCEDES BENZ;203-R046K0THAAA502;C / 180 / KOMP. AUT.;Nemcija;DEU;osebni avtomobil;220;limuzina;C 
105;1495;8.4;0;MERCEDES BENZ;R846K0-THAAA401;C / 180 / KOMP. AUT.;Nemcija;DEU;osebni avtomobil;220;vozilo z dviûnimi vrati zadaj;C 
105;1485;8.7;0;MERCEDES BENZ;R046F0-LHBBA510;MERCEDES BENZ / C / 180 / KOMP.;Nemcija;DEU;osebni avtomobil;223;limuzina;MERCEDES BENZ 
105;1525;8.8;0;MERCEDES BENZ;203.246-R246K0LHAAA500;C / 180 T / KOMP.;Nemcija;DEU;osebni avtomobil;216;karavan;C 
105;2192;8.9;1;MAZDA;UN8F12;BT-50 / D 4X4;Japonska ;JPN;osebni avtomobil;158;vozilo za posebne namene;BT-50 
105;1390;9.4;0;MERCEDES BENZ;MB-203-CL;C / 180;Nemcija;DEU;osebni avtomobil;193;vozilo z dviûnimi vrati zadaj;C 
105;1605;9.7;0;CHRYSLER;PTYN5X-L1;PT CRUISER / CABRIO 2.4 / AUT.;Zdruûene drûave;USA;osebni avtomobil;195;kabriolet;PT CRUISER 
105;1605;9.9;0;CHRYSLER;PTYN5X-L1;PT CRUISER / CABRIO 2.4;Zdruûene drûave;USA;osebni avtomobil;195;kabriolet;PT CRUISER 
105.2;1337;7.2;0;KIA;EDB3P51-M53BZ1;CEED / 2.0 /;Slovaöka;SVK;osebni avtomobil;205;vecnamensko vozilo;CEED 
105.2;1397;7.3;0;KIA;EDF5P51-M53BZ1;CEED / 2.0 /;Slovaöka;SVK;osebni avtomobil;205;vecnamensko vozilo;CEED 
106;1625;10.2;0;OPEL;BG11-2A04CADDD5;OMEGA / 2.2 / 16V;Nemcija;DEU;osebni avtomobil;206;limuzina;OMEGA 
106;1501;10.7;0;VOLVO;LW5102;V70 / 2.5 /;Belgija;BEL;osebni avtomobil;205;karavan;V70 
106;1565;5.8;0;AUDI;SCJEDF1-FM6FM6B1004PB811S47MMEM1K0;A5 / 1.8. / TFSI;Nemcija;DEU;osebni avtomobil;220;vozilo z dviûnimi vrati zadaj;A5 
106;1565;6.4;0;AUDI;SCJEDF1-FM6B1004PB822S57MMEM1;A5 / 1.8 / TFSI;Nemcija;DEU;osebni avtomobil;220;vozilo z dviûnimi vrati zadaj;A5 
106;1735;6.9;1;OPEL;VEEHTM-N2N20L;ZAFIRA LIFE / 2.0 / CDTI;Francija;FRA;osebni avtomobil;185;vecnamensko vozilo;ZAFIRA LIFE 
106;1993;7.1;1;CITROEN;VEEHTM-P2S20N;JUMPY SPACE TOURER / 2.0 / HDI L3;Francija;FRA;osebni avtomobil;185;vecnamensko vozilo;JUMPY SPACE TOURER 
106;1305;8.2;0;ALFA ROMEO;932A300007;156 / 1.8 / T. Spark;Italija;ITA;osebni avtomobil;210;limuzina;156
106;1230;8.2;0;ALFA ROMEO;932A3000-07;156 / 1.8;Italija;ITA;osebni avtomobil;210;limuzina;156
106;1405;8.3;0;SUZUKI;F-T;GRAND VITARA / 2.5;Japonska ;JPN;osebni avtomobil;155;vecnamensko vozilo;GRAND VITARA 
106;2230;8.8;1;KIA;UP;CARNIVAL / 2.9 / CRDI;Koreja. republika;KOR;osebni avtomobil;179;vecnamensko vozilo;CARNIVAL 
106;1425;8.9;0;ALFA ROMEO;916S3000-16;SPIDER / 1.8 / T. SPARK 16V;Italija;ITA;osebni avtomobil;205;kabriolet;SPIDER 
106;1605;9.6;0;OPEL;BH11-2A02BABDD5;OMEGA / 2.2 / 16V;Nemcija;DEU;osebni avtomobil;210;limuzina;OMEGA 
106.3;1519;8.1;0;KIA;FGF5P11-M51AZ1;CARENS / 2.0 /;Koreja. republika;KOR;osebni avtomobil;190;vecnamensko vozilo;CARENS 
106.3;2003;8.2;1;KIA;UPUP1-7512;CARNIVAL / 2.9 / TD;Koreja. republika;KOR;osebni avtomobil;174;vecnamensko vozilo;CARNIVAL 
106.3;2230;8.5;1;KIA;UP1-7513;CARNIVAL / 2.9 / TD AUT.;Koreja. republika;KOR;osebni avtomobil;179;vecnamensko vozilo;CARNIVAL 
107;1575;10.1;0;FORD;WGR-E5SA;GALAXY / 2.3 /;Nemcija;DEU;osebni avtomobil;196;vecnamensko vozilo;GALAXY 
107;1280;5.3;0;OPEL;CA028DD12-BH1BBCKH315;ASTRA / 1.2 / TURBO;Nemcija;DEU;osebni avtomobil;220;vozilo z dviûnimi vrati zadaj;ASTRA 
107;1280;5.4;0;OPEL;CA028DD12-BW1BBCKH315;ASTRA+ / 1.2 / TURBO;Nemcija;DEU;osebni avtomobil;220;vozilo z dviûnimi vrati zadaj;ASTRA+ 
107;1422;5.5;0;MAZDA;62666W0;MAZDA 6 / G145 /;Japonska ;JPN;osebni avtomobil;208;limuzina;MAZDA 6 
107;1430;5.6;0;MAZDA;69666W0;MAZDA 6 / KARAVAN / G145;Japonska ;JPN;osebni avtomobil;206;karavan;MAZDA 6 
107;1386;5.6;0;MAZDA;59661W0;MAZDA 6 / KARAVAN 2.0 / i LP;Japonska ;JPN;osebni avtomobil;206;karavan;MAZDA 6 
107;1996;5.9;1;OPEL;E218-SP12C9;VIVARO 1.6 CDTI / /;Nemcija;DEU;osebni avtomobil;177;vecnamensko vozilo;VIVARO 1.6 CDTI 
107;1988;5.9;1;OPEL;E218-SJACC9;VIVARO 1.6 CDTI / /;Nemcija;DEU;osebni avtomobil;177;vozilo za posebne namene;VIVARO 1.6 CDTI 
107;1923;5.9;1;OPEL;E218-SJAEC9;VIVARO 1.6 CDTI / /;Nemcija;DEU;osebni avtomobil;177;vecnamensko vozilo;VIVARO 1.6 CDTI 
107;1923;5.9;1;OPEL;E218-SJAGC9;VIVARO 1.6 CDTI;Nemcija;DEU;osebni avtomobil;177;vecnamensko vozilo;VIVARO 1.6 CDTI
107;1882;5.9;1;OPEL;E200-SJAHC9;VIVARO 1.6 CDTI;Nemcija;DEU;osebni avtomobil;177;vecnamensko vozilo;VIVARO 1.6 CDTI
107;1882;5.9;1;OPEL;E200-SJ02C9;VIVARO 1.6 CDTI / /;Nemcija;DEU;osebni avtomobil;177;vecnamensko vozilo;VIVARO 1.6 CDTI 
107;2270;5.9;1;RENAULT;JLJR9MMG1000642A00;TRAFIC / 1.6 / DCI;Francija;FRA;osebni avtomobil;177;vozilo za posebne namene;TRAFIC 
107;2260;5.9;1;RENAULT;JLJR9MMG1000600A00;TRAFIC / 1.6 / DCI;Francija;FRA;osebni avtomobil;177;vozilo z dostopom za invalidski vozicek;TRAFIC 
107;2198;5.9;1;RENAULT;JLJR9MMG1000642A00;TRAFIC / 1.6 / DCI;Francija;FRA;osebni avtomobil;177;vozilo z dostopom za invalidski vozicek;TRAFIC 
107;2179;5.9;1;RENAULT;JLJR9MMG1000642A00;TRAFIC / 1.6 / DCI;Francija;FRA;osebni avtomobil;177;vecnamensko vozilo;TRAFIC 
107;2174;5.9;1;RENAULT;JLJR9MMG1000642B00;TRAFIC / 1.6 / DCI;Francija;FRA;osebni avtomobil;177;vecnamensko vozilo;TRAFIC 
107;2138;5.9;1;RENAULT;JLJR9MMG1000600B00;TRAFIC / 1.6 / DCI;Francija;FRA;osebni avtomobil;177;vecnamensko vozilo;TRAFIC 
107;2130;5.9;1;RENAULT;JLJR9MMG1000600A00;TRAFIC / 1.6 / DCI;Francija;FRA;osebni avtomobil;177;vozilo za posebne namene;TRAFIC 
107;2111;5.9;1;RENAULT;JLJR9MMG1000600A00;TRAFIC / 1.6 / DCI;Francija;FRA;osebni avtomobil;177;vecnamensko vozilo;TRAFIC 
107;1498;6.2;0;MAZDA;6266AW00;MAZDA 6 / G145 /;Japonska ;JPN;osebni avtomobil;208;limuzina;MAZDA 6 
107;1509;6.3;0;MAZDA;6966AW00;MAZDA 6 / KARAVAN / G145;Japonska ;JPN;osebni avtomobil;206;karavan;MAZDA 6 
107;2074;6.3;1;NISSAN;M9JM9T-MSB31B61A3T0;NV400 / 2.3 / DCI;ävica;CHE;osebni avtomobil;151;vecnamensko vozilo;NV400 
107;2425;6.3;1;RENAULT;MLJM9TMSB31B61A3T0;MASTER / 2.3 / DCI;Francija;FRA;osebni avtomobil;151;vozilo z dostopom za invalidski vozicek;MASTER 
107;1923;6.4;1;OPEL;E218-SJAGC9;VIVARO 1.6 CDTI / TWIN TURBO;Nemcija;DEU;osebni avtomobil;177;vecnamensko vozilo;VIVARO 1.6 CDTI 
107;1882;6.4;1;RENAULT;JLJR9MMG1000600B00;TRAFIC / 1.6 / DCI;Francija;FRA;osebni avtomobil;177;vecnamensko vozilo;TRAFIC 
107;1923;6.5;1;RENAULT;JLJR9MMG1000642A00;TRAFIC / 1.6 / DCI;Francija;FRA;osebni avtomobil;177;vecnamensko vozilo;TRAFIC 
107;2518;6.6;1;RENAULT;MLJM9TMSB31B63D3T0;MASTER / 2.3 / DCI;Francija;FRA;osebni avtomobil;151;vozilo z dostopom za invalidski vozicek;MASTER 
107;2365;6.6;1;RENAULT;MLJM9TMSB31B63D3T0;MASTER / 2.3 / DCI;Francija;FRA;osebni avtomobil;151;vecnamensko vozilo;MASTER 
107;1120;6.8;0;ABARTH;312AXY1A18E;500 / 1.4 / 595;Italija;ITA;osebni avtomobil;210;vozilo z dviûnimi vrati zadaj;500
107;1703;6.9;0;HONDA;RT501-1;CR-V / 2.0 / 2WD / E-CVT / HIBRID;Japonska ;JPN;osebni avtomobil;180;vecnamensko vozilo;CR-V 
107;1359;7.1;0;FORD;DA3-AODA1W;FOCUS / 2.0 /;Nemcija;DEU;osebni avtomobil;206;karavan;FOCUS 
107;1341;7.1;0;FORD;DB3AODA1H-5MGBMS;FOCUS / 2.0 /;Nemcija;DEU;osebni avtomobil;210;limuzina;FOCUS 
107;1307;7.1;0;FORD;DA3-AODA13;FOCUS / 2.0 /;Nemcija;DEU;osebni avtomobil;206;vozilo z dviûnimi vrati zadaj;FOCUS 
107;1759;7.1;0;HONDA;RT602-1;CR-V / 2.0 / 4WD / E-CVT / HIBRID;Japonska ;JPN;osebni avtomobil;180;vecnamensko vozilo;CR-V 
107;1394;7.2;0;FORD;DM2-AODA1E5G;C-MAX / 2.0 /;Nemcija;DEU;osebni avtomobil;203;vecnamensko vozilo;C-MAX 
107;1797;7.2;0;HONDA;RT602-1;CR-V / 2.0 / 4WD / E-CVT / HIBRID;Japonska ;JPN;osebni avtomobil;180;vecnamensko vozilo;CR-V 
107;2149;7.2;1;RENAULT;JLJM9RML6TAG110B30;TRAFIC / 2.0 / DCI;Francija;FRA;osebni avtomobil;176;vecnamensko vozilo;TRAFIC 
107;2134;7.2;1;RENAULT;JLJM9RML6TAG142A30;TRAFIC / 2.0 / DCI;Francija;FRA;osebni avtomobil;176;vecnamensko vozilo;TRAFIC 
107;2129;7.2;1;RENAULT;JLJM9RML6TAG110A30;TRAFIC / 2.0 / DCI;Francija;FRA;osebni avtomobil;176;vecnamensko vozilo;TRAFIC 
107;2112;7.2;1;RENAULT;JLJM9RML6TAG100B30;TRAFIC / 2.0 / DCI;Francija;FRA;osebni avtomobil;176;vecnamensko vozilo;TRAFIC 
107;2093;7.2;1;RENAULT;JLJM9RML6TAG100A30;TRAFIC / 2.0 / DCI;Francija;FRA;osebni avtomobil;176;vecnamensko vozilo;TRAFIC 
107;1120;7.3;0;ABARTH;312AXY1A18C;500 / 1.4 / 16V TURBO;Italija;ITA;osebni avtomobil;210;vozilo z dviûnimi vrati zadaj;500
107;1394;7.3;0;FORD;DM2-AODA;FOCUS C-MAX / 2.0 /;Nemcija;DEU;osebni avtomobil;203;vecnamensko vozilo;FOCUS C-MAX 
107;1759;7.3;0;HONDA;RT601-1;CR-V / 2.0 / 4WD / E-CVT / HIBRID;Japonska ;JPN;osebni avtomobil;180;vecnamensko vozilo;CR-V 
107;2415;7.3;1;RENAULT;JLJM9RML6TAG142A30;TRAFIC / 2.0 / DCI;Francija;FRA;osebni avtomobil;176;vozilo za posebne namene;TRAFIC 
107;2205;7.3;1;RENAULT;JLJM9RML6TAG142A30;TRAFIC / 2.0 / DCI;Francija;FRA;osebni avtomobil;176;vecnamensko vozilo;TRAFIC 
107;2181;7.3;1;RENAULT;JLJM9RML6TAG142B30;TRAFIC / 2.0 / DCI;Francija;FRA;osebni avtomobil;176;vecnamensko vozilo;TRAFIC 
107;2162;7.3;1;RENAULT;JLJM9RML6TAG110B30;TRAFIC / 2.0 / DCI;Francija;FRA;osebni avtomobil;176;vecnamensko vozilo;TRAFIC 
107;1120;7.4;0;ABARTH;312AXY1A18C;500 / 1.4 / 16V TURBO;Italija;ITA;osebni avtomobil;210;vozilo z dviûnimi vrati zadaj;500
107;1797;7.4;0;HONDA;RT601-1;CR-V / 2.0 / 4WD / E-CVT / HIBRID;Japonska ;JPN;osebni avtomobil;180;vecnamensko vozilo;CR-V 
107;2299;7.4;1;RENAULT;JLJM9RML6TAG100A3S;TRAFIC / 2.0 / DCI;Francija;FRA;osebni avtomobil;176;vecnamensko vozilo;TRAFIC 
107;2284;7.4;1;RENAULT;JLJM9RML6TAG100B2L;TRAFIC / 2.0 / DCI;Francija;FRA;osebni avtomobil;176;vecnamensko vozilo;TRAFIC 
107;2220;7.4;1;RENAULT;JLJM9RMLATAR142A30;TRAFIC / 2.0 / DCI AUT.;Francija;FRA;osebni avtomobil;176;vecnamensko vozilo;TRAFIC 
107;2200;7.4;1;RENAULT;JLJM9RML6TAG142A30;TRAFIC / 2.0 / DCI;Francija;FRA;osebni avtomobil;176;vecnamensko vozilo;TRAFIC 
107;2180;7.4;1;RENAULT;JLJM9RMLATAR142B30;TRAFIC / 2.0 / DCI AUT.;Francija;FRA;osebni avtomobil;176;vecnamensko vozilo;TRAFIC 
107;1389;7.4;0;VOLVO;MW4342;V50 / 2.0 /;ävedska;SWE;osebni avtomobil;210;karavan;V50 
107;1370;7.4;0;VOLVO;MS4342;S40 / 2.0 /;ävedska;SWE;osebni avtomobil;210;limuzina;S40 
107;1334;7.4;0;VOLVO;MK4342;C30 / 2.0 /;ävedska;SWE;osebni avtomobil;210;kupe;C30 
107;1525;7.5;0;FORD;DB3AODE1X-4MGBPZ;FOCUS / COUPE - CABRIOLET 2.0 /;Nemcija;DEU;osebni avtomobil;208;kabriolet;FOCUS 
107;2364;7.5;1;RENAULT;JLJM9RML6TAG102B2L;TRAFIC / 2.0 / DCI;Francija;FRA;osebni avtomobil;176;vecnamensko vozilo;TRAFIC 
107;2340;7.5;1;RENAULT;JLJM9RMLATAR100B3S;TRAFIC / 2.0 / DCI AUT.;Francija;FRA;osebni avtomobil;176;vecnamensko vozilo;TRAFIC 
107;2340;7.5;1;RENAULT;JLJM9RMLATAR100B3S;TRAFIC / 2.0 / DCI AUT.;Francija;FRA;osebni avtomobil;176;vozilo z dostopom za invalidski vozicek;TRAFIC 
107;2408;7.6;1;RENAULT;JLJM9RMLATAR102B2L;TRAFIC / 2.0 / DCI AUT.;Francija;FRA;osebni avtomobil;176;vecnamensko vozilo;TRAFIC 
107;2392;7.6;1;RENAULT;JLJM9RMLATAR102B3S;TRAFIC / 2.0 / DCI AUT.;Francija;FRA;osebni avtomobil;176;vecnamensko vozilo;TRAFIC 
107;1329;7.6;0;VOLVO;MK4352;C30 / 2.0 /;ävedska;SWE;osebni avtomobil;210;kupe;C30 
107;1496;7.9;0;FORD;BA7-AOBA1G5B;MONDEO / 2.0 /;Nemcija;DEU;osebni avtomobil;205;karavan;MONDEO 
107;1477;7.9;0;FORD;BA7-AOBA1E5B;MONDEO / 2.0 /;Nemcija;DEU;osebni avtomobil;210;vozilo z dviûnimi vrati zadaj;MONDEO 
107;1477;7.9;0;FORD;BA7-AOBA1D5B;MONDEO / 2.0 /;Nemcija;DEU;osebni avtomobil;210;limuzina;MONDEO 
107;1376;7.9;0;FORD;B4Y-CJBA;MONDEO / 2.0;Nemcija;DEU;osebni avtomobil;215;limuzina;MONDEO 
107;1485;7.9;0;MAZDA;CR19F6;MAZDA 5 / 2.0 / i / 7S;Japonska ;JPN;osebni avtomobil;194;vecnamensko vozilo;MAZDA 5 
107;1605;8.1;0;FORD;WA6AOWA-1S7BGAPD;S-MAX / 2.0 /;Nemcija;DEU;osebni avtomobil;197;vecnamensko vozilo;S-MAX 
107;1583;8.1;0;FORD;WA6-A0WA1S;S-MAX / 2.0 / I;Nemcija;DEU;osebni avtomobil;197;vecnamensko vozilo;S-MAX 
107;1530;8.1;0;FORD;WA6AOWA-1S7BGAPD;S-MAX  / 2.0 /;Nemcija;DEU;osebni avtomobil;197;vecnamensko vozilo;S-MAX  
107;1697;8.2;0;FORD;WA6AOWA-1M7BGAQE;GALAXY / 2.0 /;Nemcija;DEU;osebni avtomobil;194;vecnamensko vozilo;GALAXY 
107;1550;8.2;0;MAZDA;CR19F7;MAZDA 5 / 2.0 / i AUT. / 7S;Japonska ;JPN;osebni avtomobil;186;vecnamensko vozilo;MAZDA 5 
107;1400;8.2;0;MAZDA;CR19F2;MAZDA 5 / 2.0 / i 7S;Japonska ;JPN;osebni avtomobil;196;vecnamensko vozilo;MAZDA 5 
107;2330;8.3;1;OPEL;FJ11-9B78AK069AF9;VIVARO / COMBI 2.5 / DTI MTA;Nemcija;DEU;osebni avtomobil;170;vecnamensko vozilo;VIVARO 
107;2126;8.3;1;RENAULT;JLPJBH;TRAFIC / 2.5 / DCI AUT.;Francija;FRA;osebni avtomobil;170;vecnamensko vozilo;TRAFIC 
107;1396;8.5;0;FORD;B5Y;MONDEO / 2.0 / I;Nemcija;DEU;osebni avtomobil;215;vozilo z dviûnimi vrati zadaj;MONDEO 
107;2247;8.6;1;OPEL;HJ11-7A85BG048AE8;VIVARO / COMBI 2.5 / DTI;Nemcija;DEU;osebni avtomobil;170;vecnamensko vozilo;VIVARO 
107;2280;8.8;1;OPEL;FJ11-9B77AK068AF9;VIVARO / COMBI 2.5 / DTI;Nemcija;DEU;osebni avtomobil;170;vozilo za posebne namene;VIVARO 
107;2255;8.8;1;OPEL;CJ11-9A72BB038AF9;VIVARO / COMBI 2.5 / DTI;Nemcija;DEU;osebni avtomobil;170;vecnamensko vozilo;VIVARO 
107;2254;8.8;1;OPEL;CJ11-7A67BC038AE9;VIVARO / COMBI 2.5 / DTI;Nemcija;DEU;osebni avtomobil;170;vecnamensko vozilo;VIVARO 
107;2247;8.8;1;OPEL;HJ11-7A85BG048AE8;VIVARO / COMBI 2.5 / DTI;Nemcija;DEU;osebni avtomobil;170;vecnamensko vozilo;VIVARO 
107;2232;8.8;1;OPEL;FJ11-9B77AK068AF9;VIVARO / COMBI 2.5 / DTI;Nemcija;DEU;osebni avtomobil;170;vecnamensko vozilo;VIVARO 
107;1908;8.8;1;OPEL;X83;VIVARO / COMBI 2.5 / CDTI;Nemcija;DEU;osebni avtomobil;170;vozilo za posebne namene;VIVARO 
107;2915;8.8;1;RENAULT;JLBVB6;TRAFIC / 2.5 / DCI;Francija;FRA;osebni avtomobil;170;vozilo za posebne namene;TRAFIC 
107;2875;8.8;1;RENAULT;JLBVBS;TRAFIC / 2.5 / DCI;Francija;FRA;osebni avtomobil;170;vozilo za posebne namene;TRAFIC 
107;2079;8.8;1;RENAULT;JLCVA6;TRAFIC / 2.5 / DCI;Francija;FRA;osebni avtomobil;170;vecnamensko vozilo;TRAFIC 
107;2079;8.8;1;RENAULT;JLCJA6;TRAFIC / 2.5 / DCI;Francija;FRA;osebni avtomobil;170;vozilo za posebne namene;TRAFIC 
107;2078;8.8;1;RENAULT;JLBVB6;TRAFIC / 2.5 / DCI;Francija;FRA;osebni avtomobil;170;vecnamensko vozilo;TRAFIC 
107;2017;8.8;1;RENAULT;JLBJA6;TRAFIC / 2.5 / DCI;Francija;FRA;osebni avtomobil;170;vozilo za posebne namene;TRAFIC 
107;2017;8.8;1;RENAULT;JLBJA6;TRAFIC / 2.5 / DCI;Francija;FRA;osebni avtomobil;170;vecnamensko vozilo;TRAFIC 
107;2016;8.8;1;RENAULT;JLAJA6;TRAFIC / 2.5 / DCI;Francija;FRA;osebni avtomobil;170;vecnamensko vozilo;TRAFIC 
107;2014;8.8;1;RENAULT;JLCJA6;TRAFIC / 2.5 / DCI;Francija;FRA;osebni avtomobil;170;vecnamensko vozilo;TRAFIC 
107;2011;8.8;1;RENAULT;JLBJBS;TRAFIC / 2.5 / DCI;Francija;FRA;osebni avtomobil;170;vecnamensko vozilo;TRAFIC 
107;1984;8.8;1;RENAULT;JLBJAS;TRAFIC / 2.5 / DCI;Francija;FRA;osebni avtomobil;170;vozilo za posebne namene;TRAFIC 
107;2249;8.9;1;RENAULT;JLNJA6;TRAFIC / 2.5 / DCI;Francija;FRA;osebni avtomobil;170;vecnamensko vozilo;TRAFIC 
107;1391;9.1;0;FORD;B4Y-CJBA;MONDEO / 2.0 / AUT.;Nemcija;DEU;osebni avtomobil;190;limuzina;MONDEO 
107;2243;9.1;1;RENAULT;JDN3D6;MASTER / COMBI 2.5 / DCI;Francija;FRA;osebni avtomobil;160;vecnamensko vozilo;MASTER 
108;1495;5.4;1;SUBARU;GXD-0F0;SUBARU XV / 2.0 / D AWD S;Japonska ;JPN;osebni avtomobil;198;karavan;SUBARU XV 
108;1560;5.6;1;SUBARU;GXD-0F0;SUBARU XV / 2.0 / D AWD S;Japonska ;JPN;osebni avtomobil;198;karavan;SUBARU XV 
108;1687;5.7;1;SUBARU;SJD-0F0;FORESTER / 2.0 / D-L AWD;Japonska ;JPN;osebni avtomobil;190;karavan;FORESTER 
108;1627;5.7;1;SUBARU;SJD-0C0;FORESTER / 2.0 / D AWD;Japonska ;JPN;osebni avtomobil;190;karavan;FORESTER 
108;1665;5.9;1;SUBARU;SJD-0J0;FORESTER / 2.0 / D-S AWD;Japonska ;JPN;osebni avtomobil;190;karavan;FORESTER 
108;1663;5.9;1;SUBARU;SJD-0F0;FORESTER / 2.0 / D-L AWD;Japonska ;JPN;osebni avtomobil;190;karavan;FORESTER 
108;1615;5.9;1;SUBARU;SHD-0K0;FORESTER / 2.0 / TD3-E AWD;Japonska ;JPN;osebni avtomobil;186;karavan;FORESTER 
108;1355;6.1;1;ALFA ROMEO;932BXE0016D;156 / SW 1.9 / JTD;Italija;ITA;osebni avtomobil;212;karavan;156
108;1730;6.1;1;SUBARU;SJD-5G0;FORESTER / 2.0 / D-L AWD CVT;Japonska ;JPN;osebni avtomobil;188;karavan;FORESTER 
108;1508;6.2;0;TOYOTA;T27/ZRT271(W)/ZRT271L-AWFEPW(3J);AVENSIS / 1.8 / WAGON;Zdruûeno kraljestvo;GBR;osebni avtomobil;200;vecnamensko vozilo;AVENSIS 
108;1719;6.3;1;SUBARU;SJD-5J0;FORESTER / 2.0 / D-S AWD CVT;Japonska ;JPN;osebni avtomobil;188;karavan;FORESTER 
108;1680;6.3;1;SUBARU;SHD-0C0;FORESTER / 2.0 / D AWD;Japonska ;JPN;osebni avtomobil;186;karavan;FORESTER 
108;1615;6.3;1;SUBARU;SHD-0K0;FORESTER / 2.0 / TD-E AWD;Japonska ;JPN;osebni avtomobil;186;karavan;FORESTER 
108;1615;6.3;1;SUBARU;SHD-0K0;FORESTER / 2.0 / TD AWD;Nemcija;DEU;osebni avtomobil;186;karavan;FORESTER 
108;1680;6.4;1;SUBARU;SHD-0H0;FORESTER / 2.0 / TD-5 AWD;Japonska ;JPN;osebni avtomobil;186;karavan;FORESTER 
108;1655;6.4;1;SUBARU;SHD-0H0;FORESTER / 2.0 / TD AWD;Japonska ;JPN;osebni avtomobil;186;karavan;FORESTER 
108;1625;6.4;1;SUBARU;SHSSHD-0A0;FORESTER / 2.0 / D AWD;Nemcija;DEU;osebni avtomobil;186;karavan;FORESTER 
108;1625;6.4;1;SUBARU;SHD-0C0;FORESTER / 2.0 / D AWD;Japonska ;JPN;osebni avtomobil;185;karavan;FORESTER 
108;1615;6.4;1;SUBARU;SHD0A0;FORESTER / 2.0 / D-E AWD;Japonska ;JPN;osebni avtomobil;186;karavan;FORESTER 
108;1570;6.5;0;TOYOTA;AR2/ZGR21(WC)/ZGR21L-GWXEPW(2L);VERSO / 1.8 / CVT 5S;Turcija;TUR;osebni avtomobil;185;karavan;VERSO 
108;1450;6.5;0;TOYOTA;ZRT271L-AEFEPW(1G);AVENSIS / 1.8 /;Zdruûeno kraljestvo;GBR;osebni avtomobil;200;limuzina;AVENSIS 
108;1570;6.6;0;TOYOTA;AR2/ZGR21(WC)/ZGR21L-GWXEPW(1K);VERSO / 1.8 / CVT 5S;Turcija;TUR;osebni avtomobil;185;karavan;VERSO 
108;1527;6.6;0;TOYOTA;ZRT271L-AWFEPW(1F);AVENSIS / 1.8 / WAGON;Zdruûeno kraljestvo;GBR;osebni avtomobil;200;vecnamensko vozilo;AVENSIS 
108;1485;6.6;0;TOYOTA;ZRT271L-AWFEPW(1C);AVENSIS / 1.8 / WAGON;Zdruûeno kraljestvo;GBR;osebni avtomobil;200;vecnamensko vozilo;AVENSIS 
108;1594;6.7;0;TOYOTA;ZRT271L-AWXGPW(2G);AVENSIS / 1.8 / CVT WAGON;Zdruûeno kraljestvo;GBR;osebni avtomobil;200;vecnamensko vozilo;AVENSIS 
108;1567;6.7;0;TOYOTA;ZRT271L-AWXGPW(2H);AVENSIS / 1.8 / CVT WAGON;Zdruûeno kraljestvo;GBR;osebni avtomobil;200;vecnamensko vozilo;AVENSIS 
108;1560;6.7;0;TOYOTA;ZRT271L-AWXGPW(2F);AVENSIS / 1.8 / CVT WAGON;Zdruûeno kraljestvo;GBR;osebni avtomobil;200;vecnamensko vozilo;AVENSIS 
108;1555;6.7;0;TOYOTA;AR2/ZGR21(WC)/ZGR21L-GWFEPW(2M);VERSO / 1.8 / 5S;Turcija;TUR;osebni avtomobil;190;karavan;VERSO 
108;1485;6.7;0;TOYOTA;ZRT271L-AWFEPW(1D);AVENSIS / 1.8 / WAGON;Zdruûeno kraljestvo;GBR;osebni avtomobil;200;vecnamensko vozilo;AVENSIS 
108;1555;6.8;0;TOYOTA;ZGR21L-GWFEPW(1J);VERSO / 1.8 /;Turcija;TUR;osebni avtomobil;190;karavan;VERSO 
108;1525;6.8;0;TOYOTA;ZGR21L-GWXEPW(1H);VERSO / 1.8 / CVT;Turcija;TUR;osebni avtomobil;185;karavan;VERSO 
108;1505;6.8;0;TOYOTA;ZGR21L-GWFEPW(1H);VERSO / 1.8 /;Turcija;TUR;osebni avtomobil;190;karavan;VERSO 
108;1515;6.9;0;TOYOTA;ZGR21L-GWFEPW(1A);VERSO / 1.8 /;Turcija;TUR;osebni avtomobil;190;karavan;VERSO 
108;1495;6.9;0;TOYOTA;ZGR21L-GWFEPW(1B);VERSO / 1.8 /;Turcija;TUR;osebni avtomobil;190;karavan;VERSO 
108;1410;7.1;0;MAZDA;GH14F6;MAZDA 6 / 2.0 / i;Japonska ;JPN;osebni avtomobil;212;vozilo z dviûnimi vrati zadaj;MAZDA 6 
108;1550;7.1;0;TOYOTA;ZGR21L-GWXEPW(3E);VERSO / 1.8 / CVT;Turcija;TUR;osebni avtomobil;185;vecnamensko vozilo;VERSO 
108;1430;7.2;0;MAZDA;GH19F6;MAZDA 6 / KARAVAN 2.0 / i;Japonska ;JPN;osebni avtomobil;208;karavan;MAZDA 6 
108;1395;7.7;0;MAZDA;GH12F7;MAZDA 6 / 2.0 / i AUT.;Japonska ;JPN;osebni avtomobil;204;limuzina;MAZDA 6 
108;1500;7.7;0;MITSUBISHI;CB411-ASABA5A5AAAJ;OUTLANDER / 2.0 / 2WD;Japonska ;JPN;osebni avtomobil;184;karavan;OUTLANDER 
108;1455;7.8;0;MAZDA;GH19F7;MAZDA 6 / KARAVAN 2.0 / i AUT.;Japonska ;JPN;osebni avtomobil;198;karavan;MAZDA 6 
108;1355;8.1;0;TOYOTA;AZT250L-AWMGHW(1C);AVENSIS / COMBI 2.0 /;Zdruûeno kraljestvo;GBR;osebni avtomobil;210;karavan;AVENSIS 
108;945;8.5;0;OPEL;EAR97-Z22SE;SPEEDSTER / 2.2;Nemcija;DEU;osebni avtomobil;217;kabriolet;SPEEDSTER 
108;1380;8.6;0;MAZDA;GG14F7;6 / 2.0;Japonska ;JPN;osebni avtomobil;201;vozilo z dviûnimi vrati zadaj;6
108;1475;8.6;0;OPEL;T98 MONOCAB;ZAFIRA / 2.2 / I;Nemcija;DEU;osebni avtomobil;200;vecnamensko vozilo;ZAFIRA 
108;1405;8.7;0;MAZDA;GY19F7;6 / 2.0;Japonska ;JPN;osebni avtomobil;195;karavan;6
108;1395;8.7;0;OPEL;T98C;ASTRA / 2.2;Nemcija;DEU;osebni avtomobil;216;kabriolet;ASTRA 
108;1520;9.7;0;HONDA;RD175;CR-V / 2.0 / I;Japonska ;JPN;osebni avtomobil;177;limuzina;CR-V 
108;1520;9.7;0;HONDA;RD11-4 (RD17);CR-V / 2.0 /;Japonska ;JPN;osebni avtomobil;177;vecnamensko vozilo;CR-V 
108;1520;9.7;0;HONDA;RD31-7;CR-V / 2.0 / i;Zdruûeno kraljestvo;GBR;osebni avtomobil;177;vozilo z dviûnimi vrati zadaj;CR-V 
108;1460;9.7;0;HONDA;RD11-4 (RD17);CR-V / 2.0 / i;Japonska ;JPN;osebni avtomobil;177;vecnamensko vozilo;CR-V 
108;1460;9.7;0;HONDA;RD31-7;CR-V / 2.0 / I;Zdruûeno kraljestvo;GBR;osebni avtomobil;177;limuzina;CR-V 
108;1430;9.7;0;HONDA;RD17;CRV / 2.0;Japonska ;JPN;osebni avtomobil;177;limuzina;CRV 
108;1905;9.9;0;CHRYSLER;RGYN2B-12;VOYAGER / 2.4 /;Zdruûene drûave;USA;osebni avtomobil;183;vecnamensko vozilo;VOYAGER 
110;1676;1.2;0;AUDI;SDGEAF1-FD6FD6DD001RT071C184BIBEM8MLN2B30;A3 40 e / 1.4 / TFSI AUT.;Nemcija;DEU;osebni avtomobil;227;vozilo z dviûnimi vrati zadaj;A3 40 e 
110;1670;1.2;0;AUDI;SDGEAF1-FD6FD6DD001RT071C184BIBEM8MLN2B3;A3 40 e / 1.4 / TFSI AUT.;Nemcija;DEU;osebni avtomobil;227;vozilo z dviûnimi vrati zadaj;A3 40 e 
110;1761;1.5;0;CUPRA;CXDGEAX0-FD6HFD6DD0014BI1CBA;FORMENTOR E-HYBRID / 1.4 / TSI AUT.;äpanija;ESP;osebni avtomobil;210;karavan;FORMENTOR E-HYBRID 
110;1729;1.5;0;CUPRA;CXDGEAX0-FD6HFD6DD0014BI1CAA;FORMENTOR E-HYBRID / 1.4 / TSI AUT.;äpanija;ESP;osebni avtomobil;210;karavan;FORMENTOR E-HYBRID 
110;1627;10.1;0;FORD;ENGZ4-5BBAPA;ESCAPE / 2.3 / XLT AUT.;Zdruûene drûave;USA;osebni avtomobil;171;karavan;ESCAPE 
110;2815;10.1;1;MERCEDES BENZ;906AC35/4X4-KNA42350E-MBC6AWA9;SPRINTER 315 / CDI 4X4;Nemcija;DEU;osebni avtomobil;153;vozilo za posebne namene;SPRINTER 315 
110;2340;10.2;1;MERCEDES BENZ;639ZL3AL-3E6C2D1;VIANO / 2.2 / CDI AUT.;Nemcija;DEU;osebni avtomobil;179;vecnamensko vozilo;VIANO 
110;1575;10.2;0;SAAB;YS3DXXXX;9-3 / 2.0 / AUT.;ävedska;SWE;osebni avtomobil;205;kabriolet;09-Mar
110;2031;10.3;1;JEEP;KJLE85-30;CHEROKEE / 2.8 / TD AUT.;Zdruûene drûave;USA;osebni avtomobil;174;limuzina;CHEROKEE 
110;1330;10.5;0;VOLKSWAGEN;3BSTAEBX01;PASSAT / VAR. 1.8 / T;Nemcija;DEU;osebni avtomobil;223;limuzina;PASSAT 
110;2080;11.2;1;CHRYSLER;GY-45;VOYAGER / 2.8;Zdruûene drûave;USA;osebni avtomobil;180;vecnamensko vozilo;VOYAGER 
110;1910;12.5;0;NISSAN;R50;PATHFINDER / 3.3 / I;Japonska ;JPN;osebni avtomobil;166;limuzina;PATHFINDER 
110;1160;12.5;0;PORSCHE;911;911 / S /;Nemcija;DEU;osebni avtomobil;220;kupe;911
110;1390;3.6;1;PEUGEOT;L9AHRH-R2K000;308 / BREAK 2.0 / HDI;Francija;FRA;osebni avtomobil;215;vecnamensko vozilo;308
110;1561;3.6;1;VOLVO;MMV79-MV7981;V40 / 2.0 / TD;ävedska;SWE;osebni avtomobil;210;vecnamensko vozilo;V40 
110;1437;3.6;1;VOLVO;MMV79-MV7981;V 40 / 2.0 / TD;ävedska;SWE;osebni avtomobil;210;vecnamensko vozilo;V 40 
110;1505;3.7;1;AUDI;L2DEUAF1-FM6DJ004P8W01S57MMEM2;A4 / 2.0 / TDI;Nemcija;DEU;osebni avtomobil;210;limuzina;A4 
110;1390;3.7;1;PEUGEOT;LJAHXH-R2K000;308 / BREAK 2.0 / HDI;Francija;FRA;osebni avtomobil;215;vecnamensko vozilo;308
110;1390;3.7;1;PEUGEOT;L9AHRH-R2B000;308 / BREAK 2.0 / HDI;Francija;FRA;osebni avtomobil;210;vecnamensko vozilo;308
110;1365;3.7;1;PEUGEOT;L8AHRH-C2B000;308 /2.0 / HDI;Francija;FRA;osebni avtomobil;213;vozilo z dviûnimi vrati zadaj;308
110;1555;3.8;1;AUDI;A2DEUAF1-FM6FM6DJ004P8W01S57MMEM2K1;A4 AVANT / 2.0 / TDI;Nemcija;DEU;osebni avtomobil;210;karavan;A4 AVANT 
110;1545;3.8;1;AUDI;L2DEUAF1-FD7FD7CK006P8W01S57MMEM2K1;A4 / 2.0 / TDI AUT.;Nemcija;DEU;osebni avtomobil;210;limuzina;A4 
110;1505;3.8;1;AUDI;L2DEUAF1-FM6DJ002P8W02S57MMEM1;A4 / 2.0 / TDI;Nemcija;DEU;osebni avtomobil;221;limuzina;A4 
110;1505;3.8;1;AUDI;L2DEUAF1-FM6DJ004P8W04S57MMEM2;A4 / 2.0 / TDI;Nemcija;DEU;osebni avtomobil;210;limuzina;A4 
110;1450;3.8;1;BMW;1S51-6A150000;118 / / d AUT.;Nemcija;DEU;osebni avtomobil;212;karavan;118
110;1595;3.8;1;PEUGEOT;8EAHRM/1S;508 / BREAK 2.0 / HDI;Francija;FRA;osebni avtomobil;210;karavan;508
110;1575;3.8;1;PEUGEOT;8DAHRM/1S;508 / 2.0 / HDI;Francija;FRA;osebni avtomobil;210;limuzina;508
110;1390;3.8;1;PEUGEOT;LJAHXH-R2K000;308 / BREAK 2.0 / HDI;Francija;FRA;osebni avtomobil;215;vecnamensko vozilo;308
110;1448;3.8;1;VOLVO;MMZ79-MZ79L1;V40 Cross Country / 2.0 / TD;ävedska;SWE;osebni avtomobil;210;vecnamensko vozilo;V40 Cross Country 
110;1448;3.8;1;VOLVO;MMZ79-MZ79L1;V 40 CROSS COUNTRY / 2.0 / TD;ävedska;SWE;osebni avtomobil;210;vecnamensko vozilo;V 40 CROSS COUNTRY 
110;1437;3.8;1;VOLVO;MMV79-MV79L1;V40 / 2.0 / TD;ävedska;SWE;osebni avtomobil;210;vecnamensko vozilo;V40 
110;1437;3.8;1;VOLVO;MMV79-MV79L1;V 40 / 2.0 / TD;ävedska;SWE;osebni avtomobil;210;vecnamensko vozilo;V 40 
110;1600;3.9;1;AUDI;A2DEUAF1-FD7FD7CK006P8W01S57MMEM2;A4 AVANT / 2.0 / TDI AUT.;Nemcija;DEU;osebni avtomobil;210;karavan;A4 AVANT 
110;1545;3.9;1;AUDI;L2DEUAF1-FD7CK006P8W04S57MMEM2;A4 / 2.0 / TDI AUT.;Nemcija;DEU;osebni avtomobil;210;limuzina;A4 
110;1505;3.9;1;CITROEN;3AAHRM/1S;C4 PICASSO / 2.0 / HDI;Francija;FRA;osebni avtomobil;210;vecnamensko vozilo;C4 PICASSO 
110;1503;3.9;1;CITROEN;3EAHRM/1S;C4 PICASSO / 2.0 / HDI;Francija;FRA;osebni avtomobil;210;karavan;C4 PICASSO 
110;1490;3.9;1;CITROEN;3DAHRM/1S;C4 PICASSO / 2.0 / HDI;Francija;FRA;osebni avtomobil;210;karavan;C4 PICASSO 
110;1568;3.9;1;MAZDA;62169W0;MAZDA 6 / CD150 /;Japonska ;JPN;osebni avtomobil;210;limuzina;MAZDA 6 
110;1553;3.9;1;MAZDA;GH62169W0;MAZDA 6 / 2.2 / D LP;Japonska ;JPN;osebni avtomobil;211;limuzina;MAZDA 6 
110;1480;3.9;1;MAZDA;62165W0;MAZDA 6 / 2.2 / D LP;Japonska ;JPN;osebni avtomobil;211;limuzina;MAZDA 6 
110;1459;3.9;1;MAZDA;BL62261W0;MAZDA3;Japonska ;JPN;osebni avtomobil;213;limuzina;MAZDA3
110;1437;3.9;1;MAZDA;62261W0;MAZDA 3 / CD150 /;Japonska ;JPN;osebni avtomobil;213;limuzina;MAZDA 3 
110;1395;3.9;1;MAZDA;62261W0;MAZDA 3 / CD150;Japonska ;JPN;osebni avtomobil;213;limuzina;MAZDA 3 
110;1680;3.9;1;MERCEDES BENZ;U013P0-CZAA151X;E / 200 / d AUT.;Nemcija;DEU;osebni avtomobil;224;limuzina;E 
110;1595;3.9;1;PEUGEOT;8EAHRM/S;508 / BREAK 2.0 / HDI;Francija;FRA;osebni avtomobil;210;karavan;508
110;1575;3.9;1;PEUGEOT;8DAHRM/S;508 / 2.0 / HDI;Francija;FRA;osebni avtomobil;210;limuzina;508
110;1390;3.9;1;PEUGEOT;LJAHXH-R2B000;308 / BREAK 2.0 / HDI;Francija;FRA;osebni avtomobil;210;vecnamensko vozilo;308
110;1385;3.9;1;PEUGEOT;LHAHXW-C2F000;308 / 2.0 / HDI AUT.;Francija;FRA;osebni avtomobil;214;vozilo z dviûnimi vrati zadaj;308
110;1365;3.9;1;PEUGEOT;LHAHXH-C2B000;308 / 2.0 / HDI;Francija;FRA;osebni avtomobil;213;vozilo z dviûnimi vrati zadaj;308
110;1505;3.9;1;VOLKSWAGEN;ACDFGAX0-FM6FM6BB007SV7MMVR264;PASSAT / VARIANT 2.0 / TDI;Nemcija;DEU;osebni avtomobil;220;karavan;PASSAT 
110;1675;3.9;1;VOLVO;FFW79-FW7981;V 60 / 2.0 / TD;ävedska;SWE;osebni avtomobil;210;karavan;V 60 
110;1554;3.9;1;VOLVO;FFS79-FS79C1;S 60 / 2.0 / TD;ävedska;SWE;osebni avtomobil;215;limuzina;S 60 
110;1600;4.1;1;AUDI;A2DEUAF1-FD7CK006P8W02S57MMEM1;A4 AVANT / 2.0 / TDI AUT.;Nemcija;DEU;osebni avtomobil;213;karavan;A4 AVANT 
110;1555;4.1;1;AUDI;A2DEUAF1-FM6FM6DJ009P8W38S57MMEM2;A4 AVANT / 2.0 / TDI;Nemcija;DEU;osebni avtomobil;210;karavan;A4 AVANT 
110;1550;4.1;1;AUDI;A2DEUAF1-FM6DJ002P8W05S57MMEM1;A4 AVANT / 2.0 / TDI;Nemcija;DEU;osebni avtomobil;215;karavan;A4 AVANT 
110;1550;4.1;1;AUDI;A2DEUAF1-FM6FM6DJ008P8W05S57MMEM1K1;A4 AVANT 2.0 / TDI;Nemcija;DEU;osebni avtomobil;215;karavan;A4 AVANT 2.0 
110;1540;4.1;1;AUDI;L2DEUAF1-FD7FD7CK006P8W05S57MMEM1;A4 / 2.0 / TDI AUT.;Nemcija;DEU;osebni avtomobil;219;limuzina;A4 
110;1390;4.1;1;AUDI;LCRBCF1-FM62Q025R8V627MJEM1;A3 / 2.0 / TDI;Nemcija;DEU;osebni avtomobil;224;limuzina;A3 
110;1380;4.1;1;AUDI;SCRLBF1-FM62Q025R8V617MMEM1;A3 / 2.0 / TDI;Nemcija;DEU;osebni avtomobil;218;vozilo z dviûnimi vrati zadaj;A3 
110;1355;4.1;1;AUDI;ACRBCF1-FM62Q025R8V617MJEM1;A3 / 2.0 / TDI;Nemcija;DEU;osebni avtomobil;218;karavan;A3 
110;1355;4.1;1;AUDI;ACRBCF1-FM62Q025R8V617MJEM1;A3 / 2.0 / TDI;Nemcija;DEU;osebni avtomobil;216;karavan;A3 
110;1350;4.1;1;AUDI;ACRLBF1-FM62Q025R8V617MMEM1;A3 / 2.0 / TDI;Nemcija;DEU;osebni avtomobil;218;karavan;A3 
110;1605;4.1;1;BMW;4E71-6A150000;418 / d AUT.;Nemcija;DEU;osebni avtomobil;213;limuzina;418
110;1595;4.1;1;BMW;8H71-6A150000;318 / TOURING / d AUT.;Nemcija;DEU;osebni avtomobil;210;karavan;318
110;1505;4.1;1;BMW;HT71-6H1500C0;X1 / sDrive 18 / d;Nemcija;DEU;osebni avtomobil;205;karavan;X1 
110;1485;4.1;1;BMW;2C11-6A1500C0;218 / / D ACTIVE TOURER AUT.;Nemcija;DEU;osebni avtomobil;210;karavan;218
110;1450;4.1;1;BMW;2C11-6H1500C0;218 / / d ACTIVE TOURER;Nemcija;DEU;osebni avtomobil;208;karavan;218
110;1425;4.1;1;BMW;1S51-6H250000;118 / / D;Nemcija;DEU;osebni avtomobil;212;karavan;118
110;1615;4.1;1;CITROEN;RDAHRM/S;C5 III / 2.0 / Hdi;Francija;FRA;osebni avtomobil;214;limuzina;C5 III 
110;1505;4.1;1;CITROEN;3AAHXM/1S;C4 PICASSO / 2.0 / HDI;Francija;FRA;osebni avtomobil;210;vecnamensko vozilo;C4 PICASSO 
110;1505;4.1;1;CITROEN;3AAHXM/1S;C4 SPACETOURER / 2.0 / HDI;Francija;FRA;osebni avtomobil;210;vecnamensko vozilo;C4 SPACETOURER 
110;1503;4.1;1;CITROEN;3EAHXM/1S;C4 PICASSO / 2.0 / HDI;Francija;FRA;osebni avtomobil;210;karavan;C4 PICASSO 
110;1503;4.1;1;CITROEN;3EAHXM/1S;C4 SPACETOURER / 2.0 / HDI;Francija;FRA;osebni avtomobil;210;karavan;C4 SPACETOURER 
110;1490;4.1;1;CITROEN;3DAHXM/1S;C4 PICASSO / 2.0 / HDI;Francija;FRA;osebni avtomobil;210;karavan;C4 PICASSO 
110;1470;4.1;1;MAZDA;64261W0;MAZDA 3 / SP / CD150;Japonska ;JPN;osebni avtomobil;210;vozilo z dviûnimi vrati zadaj;MAZDA 3 
110;1605;4.1;1;PEUGEOT;0AAHRM/1S;5008 /2.0 / HDI;Francija;FRA;osebni avtomobil;195;vecnamensko vozilo;5008
110;1605;4.1;1;PEUGEOT;0UAHRM/1S;3008 / 2.0 / HDI;Francija;FRA;osebni avtomobil;195;vecnamensko vozilo;3008
110;1575;4.1;1;PEUGEOT;8DAHXM/1S;508 / 2.0 / HDI;Francija;FRA;osebni avtomobil;210;limuzina;508
110;1495;4.1;1;PEUGEOT;LJAHXW-R2F000;308 / BREAK 2.0 / HDI AUT.;Francija;FRA;osebni avtomobil;212;vecnamensko vozilo;308
110;1358;4.1;1;SEAT;FCRBCX0-FM6SFM62Q0257MJVL;LEON ST / 2.0 / TDI;äpanija;ESP;osebni avtomobil;215;karavan;LEON ST 
110;1305;4.1;1;SEAT;BCKFCX0-FM6SFM62Q0257MJVL;LEON / 2.0 / TDI;äpanija;ESP;osebni avtomobil;215;karavan;LEON 
110;1285;4.1;1;SEAT;CCKFCX0-FM6SFM62Q0257MJVL;LEON SC / 2.0 / TDI;äpanija;ESP;osebni avtomobil;215;karavan;LEON SC 
110;1505;4.1;1;äKODA;ACCRLBX01-NFM6FM62Q028ST617;SUPERB / COMBI 2.0 / TDI;Ceöka republika;CZE;osebni avtomobil;218;karavan;SUPERB 
110;1485;4.1;1;äKODA;AACRLBX01-NFM6FM62Q028ST627;SUPERB / 2.0 / TDI;Ceöka republika;CZE;osebni avtomobil;220;limuzina;SUPERB 
110;1354;4.1;1;äKODA;ACCRMBX0-NFM6FM62Q025STVL687;OCTAVIA / COMBI 2.0 / TDI;Ceöka republika;CZE;osebni avtomobil;216;karavan;OCTAVIA 
110;1334;4.1;1;äKODA;AACKFCX0-NFM6FM62Q025STVL7;OCTAVIA / 2.0 / TDI;Ceöka republika;CZE;osebni avtomobil;219;limuzina;OCTAVIA 
110;1332;4.1;1;äKODA;AACRMBX0-NFM6FM62Q025V2VLN687;OCTAVIA / 2.0 / TDI;Ceöka republika;CZE;osebni avtomobil;218;limuzina;OCTAVIA 
110;1330;4.1;1;äKODA;AACKFCX0-NFM6FM62Q025STVL7;OCTAVIA / 2.0 / TDI;Ceöka republika;CZE;osebni avtomobil;218;limuzina;OCTAVIA 
110;1505;4.1;1;VOLKSWAGEN;ACCRLBX0-FM6FM62Q028SV7MMVR263;PASSAT / VARIANT 2.0 / TDI;Nemcija;DEU;osebni avtomobil;218;karavan;PASSAT 
110;1505;4.1;0;VOLKSWAGEN;AACRJAX0-FD7FD7CG003N7MMN1VR0;JETTA HYBRID / 1.4 / TSI AUT.;Nemcija;DEU;osebni avtomobil;210;limuzina;JETTA HYBRID 
110;1475;4.1;1;VOLKSWAGEN;AACRLBX0-FM6FM62Q028SV7MMVR262;PASSAT / 2.0 / TDI;Nemcija;DEU;osebni avtomobil;220;limuzina;PASSAT 
110;1425;4.1;1;VOLKSWAGEN;AACUUBX0-FM6FM62Q025LLN617MMN1VR2;JETTA / 2.0 / TDI;Nemcija;DEU;osebni avtomobil;220;limuzina;JETTA 
110;1373;4.1;1;VOLKSWAGEN;GAC4CRLBX0-FM6FM62Q025N7MMON1ML00VR2;GOLF / 2.0 / TDI;Nemcija;DEU;osebni avtomobil;216;karavan;GOLF 
110;1354;4.1;1;VOLKSWAGEN;AC2CRBCX0-FM6FM62Q025N7MJOMLVR2;GOLF / 2.0 / TDI;Nemcija;DEU;osebni avtomobil;216;karavan;GOLF 
110;1353;4.1;1;VOLKSWAGEN;GAC4CRBCX0-FM6FM62Q025N7MJON1ML00VR2;GOLF / 2.0 / TDI;Nemcija;DEU;osebni avtomobil;216;karavan;GOLF 
110;1353;4.1;1;VOLKSWAGEN;AC4CRBCX0-FM6FM62Q025N7MJOMLVR2;GOLF / 2.0 / TDI;Nemcija;DEU;osebni avtomobil;216;vozilo za posebne namene;GOLF 
110;1670;4.1;1;VOLVO;BBW79-BW7981;V70 / 2.0 / TD;ävedska;SWE;osebni avtomobil;205;karavan;V70 
110;1574;4.1;1;VOLVO;FFW79-FW79C1;V 60 / 2.0 / TD;ävedska;SWE;osebni avtomobil;210;karavan;V 60 
110;1574;4.1;1;VOLVO;FFW79-FW79C1;V60 / 2.0 / TD;ävedska;SWE;osebni avtomobil;210;karavan;V60 
110;1463;4.1;1;VOLVO;MMZ79-MZ79L0;V 40 CROSS COUNTRY / 2.0 / TD AUT.;ävedska;SWE;osebni avtomobil;210;vecnamensko vozilo;V 40 CROSS COUNTRY 
110;1520;4.2;1;ALFA ROMEO;952AEA25;GIULIA / 2.2 / MULTIJET CA;Italija;ITA;osebni avtomobil;220;limuzina;GIULIA 
110;1449;4.2;1;ALFA ROMEO;952AEM25;GIULIA / 2.2 / MULTIJET;Italija;ITA;osebni avtomobil;220;limuzina;GIULIA 
110;1395;4.2;1;ALFA ROMEO;940FXQ1A15;GIULIETTA / 2.0 / JTD;Italija;ITA;osebni avtomobil;210;vecnamensko vozilo;GIULIETTA 
110;1735;4.2;1;AUDI;LCSUDF1-FD7CK001P4G02S57MMEM2;A6 / 2.0 / TDI AUT.;Nemcija;DEU;osebni avtomobil;214;limuzina;A6 
110;1615;4.2;1;AUDI;L2DEUAQ1-QM6QM6CX001P8W02S57MMEM1;A4 / 2.0 / TDI Q;Nemcija;DEU;osebni avtomobil;219;limuzina;A4 
110;1600;4.2;1;AUDI;A2DEUAF1-FD7FD7CK006P8W05S57MMEM1;A4 AVANT / 2.0 / TDI AUT.;Nemcija;DEU;osebni avtomobil;213;karavan;A4 AVANT 
110;1600;4.2;1;AUDI;A2DEUAF1-FD7FD7CK006P8W38S57MMEM2;A4 AVANT / 2.0 / TDI AUT.;Nemcija;DEU;osebni avtomobil;210;karavan;A4 AVANT 
110;1560;4.2;1;AUDI;XDFTAF1-FM62Q041P8U017MMEM1;Q3 / 2.0 / TDI;Nemcija;DEU;osebni avtomobil;199;karavan;Q3 
110;1550;4.2;1;AUDI;A2DEUAF1-FM6DJ002P8W07S57MMEM1;A4 AVANT / 2.0 / TDI;Nemcija;DEU;osebni avtomobil;215;karavan;A4 AVANT 
110;1545;4.2;1;AUDI;S2DEUAF1-FM6FM6DJ008P8W33S57MMEM1;A5 / 2.0 / TDI;Nemcija;DEU;osebni avtomobil;219;vozilo z dviûnimi vrati zadaj;A5 
110;1545;4.2;1;AUDI;SCRLBF1-FM6FM62Q025P8V337MMEM1K1;A3 / 2.0 / TDI;Nemcija;DEU;osebni avtomobil;218;vozilo z dviûnimi vrati zadaj;A3 
110;1540;4.2;1;AUDI;L2DEUAF1-FD7FD7CK006P8W07S57MMEM1K1;A4 / 2.0 / TDI AUT.;Nemcija;DEU;osebni avtomobil;219;limuzina;A4 
110;1505;4.2;1;AUDI;L2DEUAF1-FM6FM6DJ008P8W08S57MMEM1K1;A4 / 2.0 / TDI;Nemcija;DEU;osebni avtomobil;221;limuzina;A4 
110;1390;4.2;1;AUDI;LCRLBF1-FM62Q025P8V147MMEM1;A3 / 2.0 / TDI;Nemcija;DEU;osebni avtomobil;224;limuzina;A3 
110;1385;4.2;1;AUDI;LCRLBF1-FM6FM62Q025P8V427MMEM1;A3 / 2.0 / TDI;Nemcija;DEU;osebni avtomobil;224;limuzina;A3 
110;1385;4.2;1;AUDI;SCRBCF1-FM62Q025R8V617MJEM1;A3 / 2.0 / TDI;Nemcija;DEU;osebni avtomobil;218;vozilo z dviûnimi vrati zadaj;A3 
110;1385;4.2;1;AUDI;SCRBCF1-FM62Q025R8V617MJEM1;A3 / 2.0 / TDI;Nemcija;DEU;osebni avtomobil;216;vozilo z dviûnimi vrati zadaj;A3 
110;1700;4.2;1;BMW;5E31-6A150000;518 / / d AUT.;Nemcija;DEU;osebni avtomobil;216;limuzina;518
110;1535;4.2;1;BMW;4P51-6H140000;418 / COUPE / d;Nemcija;DEU;osebni avtomobil;215;kupe;418
110;1525;4.2;1;BMW;8C31-6A250000;318 / / d AUT.;Nemcija;DEU;osebni avtomobil;212;limuzina;318
110;1505;4.2;1;BMW;8C31-6H250000;318 / / d;Nemcija;DEU;osebni avtomobil;215;limuzina;318
110;1450;4.2;1;BMW;1S51-6A350000;118 / / d AUT.;Nemcija;DEU;osebni avtomobil;212;karavan;118
110;1450;4.2;1;BMW;2C11-6H150000;218 / / d ACTIVE TOURER;Nemcija;DEU;osebni avtomobil;208;karavan;218
110;1705;4.2;1;CITROEN;3AAHXM/1S;C4 PICASSO / 2.0 / HDI;Francija;FRA;osebni avtomobil;210;vecnamensko vozilo;C4 PICASSO 
110;1650;4.2;1;CITROEN;RWAHRM/S;C5 III / TOURER 2.0 / Hdi;Francija;FRA;osebni avtomobil;211;karavan;C5 III 
110;1615;4.2;1;CITROEN;RDAHXM/S;C5 III / 2.0 / Hdi;Francija;FRA;osebni avtomobil;214;limuzina;C5 III 
110;1503;4.2;1;CITROEN;3EAHXM/1S;C4 PICASSO / 2.0 / HDI;Francija;FRA;osebni avtomobil;210;karavan;C4 PICASSO 
110;1490;4.2;1;CITROEN;3DAHXM/1S;C4 PICASSO / 2.0 / HDI;Francija;FRA;osebni avtomobil;210;karavan;C4 PICASSO 
110;1597;4.2;1;FORD;BA7-T7CF1F-5CEEPY;MONDEO / 2.0 / TDCI 110 M6;Nemcija;DEU;osebni avtomobil;208;karavan;MONDEO 
110;1498;4.2;1;HONDA;FK32-1;CIVIC / 2.2 / i-DTEC;Zdruûeno kraljestvo;GBR;osebni avtomobil;217;vozilo z dviûnimi vrati zadaj;CIVIC 
110;1592;4.2;1;MAZDA;69169W0;MAZDA 6 / KARAVAN / CD150;Japonska ;JPN;osebni avtomobil;210;karavan;MAZDA 6 
110;1578;4.2;1;MAZDA;69165W0;MAZDA 6 / KARAVAN 2.2 / D LP;Japonska ;JPN;osebni avtomobil;210;karavan;MAZDA 6 
110;1576;4.2;1;MAZDA;GH69169W0;MAZDA 6 / KARAVAN / 2.2;Japonska ;JPN;osebni avtomobil;210;karavan;MAZDA 6 
110;1480;4.2;1;MAZDA;GJ62162;MAZDA 6 / 2.2 / D LP;Japonska ;JPN;osebni avtomobil;211;limuzina;MAZDA 6 
110;1780;4.2;1;MERCEDES BENZ;U213P0-CZAA151X;E / 200 T / d AUT.;Nemcija;DEU;osebni avtomobil;217;karavan;E 
110;1545;4.2;1;MERCEDES BENZ;331CT2-HZAA154A;CLA / 200 / d AUT.;Nemcija;DEU;osebni avtomobil;226;limuzina;CLA 
110;1705;4.2;1;PEUGEOT;8EAHXM/S;508 / BREAK 2.0 / HDI;Francija;FRA;osebni avtomobil;210;karavan;508
110;1670;4.2;1;PEUGEOT;8DAHXM/S;508 / 2.0 / HDI;Francija;FRA;osebni avtomobil;210;limuzina;508
110;1605;4.2;1;PEUGEOT;0AAHRM/S;5008 /2.0 / HDI;Francija;FRA;osebni avtomobil;195;vecnamensko vozilo;5008
110;1605;4.2;1;PEUGEOT;0UAHRM/S;3008 / 2.0 /HDI;Francija;FRA;osebni avtomobil;195;vecnamensko vozilo;3008
110;1495;4.2;1;PEUGEOT;LJAHXW-R2B000;308 / BREAK 2.0 / HDI AUT.;Francija;FRA;osebni avtomobil;209;vecnamensko vozilo;308
110;1358;4.2;1;SEAT;FCRLBX0V-FM6SFM62Q0257MMVLO564;LEON ST / 2.0 / TDI;äpanija;ESP;osebni avtomobil;215;karavan;LEON ST 
110;1516;4.2;1;äKODA;AADTTAX0-NFM6FM6C90044BIVL4N1A1A;OCTAVIA / 2.0 / TDI;Ceöka republika;CZE;osebni avtomobil;231;limuzina;OCTAVIA 
110;1505;4.2;1;äKODA;ACCRLBX01-NFM6FM62Q028ST627;SUPERB / COMBI 2.0 / TDI;Ceöka republika;CZE;osebni avtomobil;218;karavan;SUPERB 
110;1352;4.2;1;äKODA;ACCKFCX0-NFM6FM62Q025STVL7;OCTAVIA / COMBI 2.0 / TDI;Ceöka republika;CZE;osebni avtomobil;216;karavan;OCTAVIA 
110;1505;4.2;1;VOLKSWAGEN;ACCRLBX0-FM6FM62Q028SV7MMVR263;PASSAT / VARIANT 2.0 / TDI;Nemcija;DEU;osebni avtomobil;218;karavan;PASSAT 
110;1503;4.2;1;VOLKSWAGEN;AADFGAX0-FM6FM62Q028SV7MVVR263;PASSAT / 2.0 / TDI;Nemcija;DEU;osebni avtomobil;220;limuzina;PASSAT 
110;1475;4.2;1;VOLKSWAGEN;AACRLBX0-FM6FM62Q028SV7MMVR263;PASSAT / 2.0 / TDI;Nemcija;DEU;osebni avtomobil;220;limuzina;PASSAT 
110;1436;4.2;1;VOLKSWAGEN;ACCRBCX0-FM6FM62Q025N7MJOMLVR2;GOLF / VARIANT 2.0 / TDI;Nemcija;DEU;osebni avtomobil;218;karavan;GOLF 
110;1425;4.2;1;VOLKSWAGEN;AACUUBX0-FM6FM62Q025LLN7MMN1VR2;JETTA / 2.0 / TDI;Nemcija;DEU;osebni avtomobil;220;limuzina;JETTA 
110;1386;4.2;1;VOLKSWAGEN;GAC4DCYAX0-FM6FM62Q025N7MMON1ML79VR2N;GOLF / 2.0 / TDI;Nemcija;DEU;osebni avtomobil;216;karavan;GOLF 
110;1375;4.2;1;VOLKSWAGEN;ADCUUB-FM6FM62Q0257MMVR2N1;SCIROCCO / 2.0 / TDI;Nemcija;DEU;osebni avtomobil;215;kupe;SCIROCCO 
110;1373;4.2;1;VOLKSWAGEN;GAC4CRLBX0-FM6FM62Q025N7MMON1ML69VR2;GOLF / 2.0 / TDI;Nemcija;DEU;osebni avtomobil;216;karavan;GOLF 
110;1366;4.2;1;VOLKSWAGEN;GAC2DCYAX0-FM6FM62Q025N7MMON1ML79VR2;GOLF / 2.0 / TDI;Nemcija;DEU;osebni avtomobil;216;karavan;GOLF 
110;1723;4.2;1;VOLVO;FFW79-FW79C0;V 60 / 2.0 / TD AUT.;ävedska;SWE;osebni avtomobil;210;karavan;V 60 
110;1723;4.2;1;VOLVO;FFZAR-FZARC1;V 60 Cross Country / 2.0 / TD;ävedska;SWE;osebni avtomobil;205;karavan;V 60 Cross Country 
110;1638;4.2;1;VOLVO;FFZAR-FZARC1;V 60 Cross Country / 2.0 / TD;ävedska;SWE;osebni avtomobil;210;karavan;V 60 Cross Country 
110;1632;4.2;1;VOLVO;FFZAR-FZARC1;V60 Cross Country / 2.0 / TD;ävedska;SWE;osebni avtomobil;205;karavan;V60 Cross Country 
110;1594;4.2;1;VOLVO;FFW79-FW79C0;V60 / 2.0 / TD AUT.;ävedska;SWE;osebni avtomobil;210;karavan;V60 
110;1566;4.2;1;VOLVO;FFS79-FS79C0;S60 / 2.0 / TD AUT.;ävedska;SWE;osebni avtomobil;210;limuzina;S60 
110;1566;4.2;1;VOLVO;FFS79-FS79C0;S 60 / 2.0 / TD AUT.;ävedska;SWE;osebni avtomobil;210;limuzina;S 60 
110;1735;4.3;1;AUDI;LCSUDF1-FD7CK001P4G04S57MMEM2;A6 / 2.0 / TDI AUT.;Nemcija;DEU;osebni avtomobil;214;limuzina;A6 
110;1700;4.3;1;AUDI;LCSUDF1-FM6CS002P4G02S57MMEM2;A6 / 2.0 / TDI;Nemcija;DEU;osebni avtomobil;214;limuzina;A6 
110;1600;4.3;1;AUDI;A2DEUAF1-FD7FD7CK006P8W07S57MMEM1;A4 AVANT / 2.0 / TDI AUT.;Nemcija;DEU;osebni avtomobil;213;karavan;A4 AVANT 
110;1590;4.3;1;AUDI;S2DEUAF1-FD7FD7CK006P8W35S47MMEM1;A5 / 2.0 / TDI AUT.;Nemcija;DEU;osebni avtomobil;217;vozilo z dviûnimi vrati zadaj;A5 
110;1540;4.3;1;AUDI;L2DEUAF1-FD7FD7CK006RT021C17S57CPAEM1;A4 / 2.0 / TDI AUT.;Nemcija;DEU;osebni avtomobil;219;limuzina;A4 
110;1415;4.3;1;AUDI;SDCYAF1-FD7FD7GC002P8V317MMEM1;A3 / 2.0 / TDI AUT.;Nemcija;DEU;osebni avtomobil;218;vozilo z dviûnimi vrati zadaj;A3 
110;1380;4.3;1;AUDI;SCRLBF1-FM6FM62Q025P8V347MMEM1K1;A3 / 2.0 / TDI;Nemcija;DEU;osebni avtomobil;218;vozilo z dviûnimi vrati zadaj;A3 
110;1670;4.3;1;BMW;8T11-6A150000;318 / GT / d AUT.;Nemcija;DEU;osebni avtomobil;210;limuzina;318
110;1595;4.3;1;BMW;8H71-6A250000;318 / TOURING / d AUT.;Nemcija;DEU;osebni avtomobil;210;karavan;318
110;1595;4.3;1;BMW;2L51-6H140000;218 / CABRIO / d;Nemcija;DEU;osebni avtomobil;208;kabriolet;218
110;1575;4.3;1;BMW;8H71-6H150000;318 / TOURING / d;Nemcija;DEU;osebni avtomobil;210;karavan;318
110;1555;4.3;1;BMW;2E51-6A1500C0;218 / / d GRAN TOURER AUT.;Nemcija;DEU;osebni avtomobil;207;karavan;218
110;1545;4.3;1;BMW;HT71-6A1500C0;X1 / SDRIVE 18 / D AUT.;Nemcija;DEU;osebni avtomobil;205;karavan;X1 
110;1525;4.3;1;BMW;2E51-6H1500C0;218 / / d GRAN TOURER;Nemcija;DEU;osebni avtomobil;205;karavan;218
110;1505;4.3;1;BMW;1U51-6H150000;118 / / d xDrive;Nemcija;DEU;osebni avtomobil;210;karavan;118
110;1505;4.3;1;BMW;HT71-6H2500C0;X1 / sDrive 18 / d;Nemcija;DEU;osebni avtomobil;205;karavan;X1 
110;1495;4.3;1;BMW;1Y51-6H150000;118 / / d xDrive;Nemcija;DEU;osebni avtomobil;210;karavan;118
110;1485;4.3;1;BMW;2C11-6A2500C0;218 / / d ACTIVE TOURER AUT.;Nemcija;DEU;osebni avtomobil;210;karavan;218
110;1450;4.3;1;BMW;2C11-6H1500C0;218 / / d ACTIVE TOURER;Nemcija;DEU;osebni avtomobil;208;karavan;218
110;1425;4.3;1;BMW;1S51-6H350700;118 / / D;Nemcija;DEU;osebni avtomobil;212;karavan;118
110;1650;4.3;1;CITROEN;RWAHXM/1S;C5 III / TOURER 2.0 / Hdi;Francija;FRA;osebni avtomobil;211;karavan;C5 III 
110;1551;4.3;1;CITROEN;3AAHXT/1S;C4 PICASSO / 2.0 / HDI AUT.;Francija;FRA;osebni avtomobil;207;vecnamensko vozilo;C4 PICASSO 
110;1549;4.3;1;CITROEN;3EAHXT/1S;C4 PICASSO / 2.0 / HDI AUT.;Francija;FRA;osebni avtomobil;207;karavan;C4 PICASSO 
110;1510;4.3;1;CITROEN;3DAHXT/1S;C4 PICASSO / 2.0 / HDI AUT.;Francija;FRA;osebni avtomobil;207;karavan;C4 PICASSO 
110;1505;4.3;1;CITROEN;3AAHXM/S;C4 PICASSO / 2.0 / HDI;Francija;FRA;osebni avtomobil;210;vecnamensko vozilo;C4 PICASSO 
110;1503;4.3;1;CITROEN;3EAHXM/S;C4 PICASSO / 2.0 / HDI;Francija;FRA;osebni avtomobil;210;karavan;C4 PICASSO 
110;1780;4.3;1;MERCEDES BENZ;U213P0-CZAA1511-;E / 200 T / D AUT.;Nemcija;DEU;osebni avtomobil;217;karavan;E 
110;1435;4.3;1;MINI;LR91-6A2500C0;CLUBMAN COOPER D / / AUT.;Nemcija;DEU;osebni avtomobil;212;karavan;CLUBMAN COOPER D 
110;1605;4.3;1;PEUGEOT;0AAHXM/2S;5008 / 2.0 / HDI;Francija;FRA;osebni avtomobil;195;vecnamensko vozilo;5008
110;1505;4.3;1;PEUGEOT;4ERHE8;308 / BREAK 2.0 / HDI;Francija;FRA;osebni avtomobil;205;vecnamensko vozilo;308
110;1495;4.3;1;PEUGEOT;LJAHXW-R2B000;308 / BREAK 2.0 / HDI AUT.;Francija;FRA;osebni avtomobil;209;vecnamensko vozilo;308
110;1358;4.3;1;SEAT;FCRLBX0V-FM6SFM62Q0257MMVLO566;LEON ST / 2.0 / TDI;äpanija;ESP;osebni avtomobil;215;karavan;LEON ST 
110;1305;4.3;1;SEAT;BCRMBX0V-FM6SFM62Q0257MMVLO566;LEON / 2.0 / TDI;äpanija;ESP;osebni avtomobil;215;karavan;LEON 
110;1575;4.3;1;äKODA;ACDFGAX01-NFM6FM62Q028STN617;SUPERB / COMBI 2.0 / TDI;Ceöka republika;CZE;osebni avtomobil;218;karavan;SUPERB 
110;1550;4.3;1;äKODA;AADFGAX01-NFM6FM62Q028STN617;SUPERB / 2.0 / TDI;Ceöka republika;CZE;osebni avtomobil;220;limuzina;SUPERB 
110;1540;4.3;1;äKODA;AADFGAX01-NFM6FM62Q0287CNSTN1C7A;SUPERB / 2.0 / TDI;Ceöka republika;CZE;osebni avtomobil;219;limuzina;SUPERB 
110;1520;4.3;1;äKODA;AACRLBX01-NFM6FM62Q028STN617;SUPERB / 2.0 / TDI;Ceöka republika;CZE;osebni avtomobil;220;limuzina;SUPERB 
110;1424;4.3;1;äKODA;AADTTAX0-NFM6FM6C90044BIVL4N1B5A;OCTAVIA / 2.0 / TDI;Ceöka republika;CZE;osebni avtomobil;231;limuzina;OCTAVIA 
110;1354;4.3;1;äKODA;ACCRMBX0-NFM6FM62Q025STVLN657;OCTAVIA / COMBI 2.0 / TDI;Ceöka republika;CZE;osebni avtomobil;216;karavan;OCTAVIA 
110;1332;4.3;1;äKODA;AACRMBX0-NFM6FM62Q025STVLN657;OCTAVIA / 2.0 / TDI;Ceöka republika;CZE;osebni avtomobil;218;limuzina;OCTAVIA 
110;1614;4.3;1;VOLKSWAGEN;ABDFGAX0-FM6FM62Q041V7MVVR262;ARTEON / 2.0 / TDI;Nemcija;DEU;osebni avtomobil;222;vozilo z dviûnimi vrati zadaj;ARTEON 
110;1579;4.3;1;VOLKSWAGEN;ACDFGAX0-FD7FD7GC004SV7MVVR264;PASSAT / VARIANT 2.0 / TDI AUT.;Nemcija;DEU;osebni avtomobil;216;karavan;PASSAT 
110;1544;4.3;1;VOLKSWAGEN;AADFGAX0-FD7FD7GC004SV7MVVR263;PASSAT / 2.0 / TDI AUT.;Nemcija;DEU;osebni avtomobil;218;limuzina;PASSAT 
110;1540;4.3;1;VOLKSWAGEN;ACDFGAX0-FM6FM62Q028SV7CNVR21BA;PASSAT / VARIANT 2.0 / TDI;Nemcija;DEU;osebni avtomobil;218;karavan;PASSAT 
110;1505;4.3;1;VOLKSWAGEN;ACCRLBX0-FM6FM62Q028SV7MMVR262;PASSAT / VARIANT 2.0 / TDI;Nemcija;DEU;osebni avtomobil;218;karavan;PASSAT 
110;1503;4.3;1;VOLKSWAGEN;AADFGAX0-FM6FM62Q028SV7MVVR262;PASSAT / 2.0 / TDI;Nemcija;DEU;osebni avtomobil;220;limuzina;PASSAT 
110;1475;4.3;1;VOLKSWAGEN;AACRLBX0-FM6FM62Q028SV7MMVR262;PASSAT / 2.0 / TDI;Nemcija;DEU;osebni avtomobil;220;limuzina;PASSAT 
110;1474;4.3;1;VOLKSWAGEN;SACCRLBX0-FM6FM62Q025N7MMON1ML06VR2;GOLF / SPORTSVAN 2.0 / TDI;Nemcija;DEU;osebni avtomobil;212;karavan;GOLF 
110;1438;4.3;1;VOLKSWAGEN;VACDCYAX0-FM6FM62Q025N7MMON1ML76VR2;GOLF / VARIANT 2.0 / TDI;Nemcija;DEU;osebni avtomobil;218;karavan;GOLF 
110;1436;4.3;1;VOLKSWAGEN;VACCRLBX0-FM6FM62Q025N7MMON1ML72VR2;GOLF / VARIANT 2.0 / TDI;Nemcija;DEU;osebni avtomobil;218;karavan;GOLF 
110;1386;4.3;1;VOLKSWAGEN;GAC4DCYAX0-FM6FM62Q025N7MMON1ML69VR2;GOLF / 2.0 / TDI;Nemcija;DEU;osebni avtomobil;216;karavan;GOLF 
110;1386;4.3;1;VOLKSWAGEN;GAC4DCYAX0-FM6FM62Q025N7MMON1ML69VR2N;GOLF / 2.0 / TDI;Nemcija;DEU;osebni avtomobil;216;vozilo za posebne namene;GOLF 
110;1373;4.3;1;VOLKSWAGEN;GAC4CRLBX0-FM6FM62Q025N7MMON1ML69VR2;GOLF / 2.0 / TDI;Nemcija;DEU;osebni avtomobil;216;karavan;GOLF 
110;1354;4.3;1;VOLKSWAGEN;GAC2CRLBX0-FM6FM62Q025N7MMON1ML69VR2;GOLF / 2.0 / TDI;Nemcija;DEU;osebni avtomobil;216;karavan;GOLF 
110;1670;4.3;1;VOLVO;BBW79-BW79C1;V70 / 2.0 / TD;ävedska;SWE;osebni avtomobil;205;karavan;V70 
110;1573;4.3;1;VOLVO;MV5151;V40 / 2.0 / TD;ävedska;SWE;osebni avtomobil;210;vecnamensko vozilo;V40 
110;1557;4.3;1;VOLVO;FFW79-FW79C0;V 60 / 2.0 / TD AUT.;ävedska;SWE;osebni avtomobil;210;karavan;V 60 
110;1557;4.3;1;VOLVO;FFW79-FW79C0;V60 / 2.0 / TD AUT.;ävedska;SWE;osebni avtomobil;210;karavan;V60 
110;1495;4.39;1;BMW;1S51-6AW50000;118 / / D AUT.;Nemcija;DEU;osebni avtomobil;212;karavan;118
110;1800;4.4;1;AUDI;ACSUDF1-FD7CK001P4G02S57MMEM2;A6 / AVANT 2.0 / TDI AUT.;Nemcija;DEU;osebni avtomobil;209;karavan;A6 
110;1735;4.4;1;AUDI;LDDCBF1-FD7FD7CK001P4G06S57MMEM2;A6 / 2.0 / TDI AUT.;Nemcija;DEU;osebni avtomobil;214;limuzina;A6 
110;1635;4.4;1;AUDI;S2DEUAQ1-QM6QM6CX001P8W33S47MMEM1;A5 / 2.0 / TDI Q;Nemcija;DEU;osebni avtomobil;217;vozilo z dviûnimi vrati zadaj;A5 
110;1615;4.4;1;AUDI;LCSUAF1-FM6B1002RB8K1S57MMEM1;A4 / 2.0 / TDI;Nemcija;DEU;osebni avtomobil;216;limuzina;A4 
110;1600;4.4;1;AUDI;A2DEUAF1-FD7FD7CK006P8W08S57MMEM1;A4 AVANT / 2.0 / TDI AUT.;Nemcija;DEU;osebni avtomobil;213;karavan;A4 AVANT 
110;1560;4.4;1;AUDI;XDFTAF1-FM6FM62Q041P8U027MMEM1K1;Q3 / 2.0 / TDI;Nemcija;DEU;osebni avtomobil;204;karavan;Q3 
110;1440;4.4;1;AUDI;SDCYAF1-FD7FD7GC002RT0P8V327MM0EM1;A3 / 2.0 / TDI AUT.;Nemcija;DEU;osebni avtomobil;218;vozilo z dviûnimi vrati zadaj;A3 
110;1415;4.4;1;AUDI;SDCYAF1-FD7FD7GC002P8V337MMEM1;A3 / 2.0 / TDI AUT.;Nemcija;DEU;osebni avtomobil;218;vozilo z dviûnimi vrati zadaj;A3 
110;1395;4.4;1;AUDI;LCRLBF1-FD6FD6D9002P8V407MMEM1;A3 / 2.0 / TDI AUT.;Nemcija;DEU;osebni avtomobil;224;limuzina;A3 
110;1395;4.4;1;AUDI;SCRLBF1-FD6D9002R8V617MMEM1;A3 / 2.0 / TDI AUT.;Nemcija;DEU;osebni avtomobil;213;vozilo z dviûnimi vrati zadaj;A3 
110;1380;4.4;1;AUDI;SCRLBF1-FM6FM62Q025P8V367MMEM1K1;A3 / 2.0 / TDI;Nemcija;DEU;osebni avtomobil;218;vozilo z dviûnimi vrati zadaj;A3 
110;1380;4.4;1;AUDI;SDCYAF1-FM6FM62Q025P8V357MMEM1;A3 / 2.0 / TDI;Nemcija;DEU;osebni avtomobil;218;vozilo za posebne namene;A3 
110;1370;4.4;1;AUDI;ACRBCF1-FD62E018R8V617MJEM1;A3 / 2.0 / TDI AUT.;Nemcija;DEU;osebni avtomobil;213;karavan;A3 
110;1700;4.4;1;BMW;5E31-6A250000;518 / / D AUT.;Nemcija;DEU;osebni avtomobil;216;limuzina;518
110;1670;4.4;1;BMW;8Y51-6A250000;318 / GT / d AUT.;Nemcija;DEU;osebni avtomobil;210;limuzina;318
110;1615;4.4;1;BMW;5V38-IAA500K0;318 / / d AUT.;Nemcija;DEU;osebni avtomobil;224;limuzina;318
110;1605;4.4;1;BMW;4E71-6A350000;418 / d AUT.;Nemcija;DEU;osebni avtomobil;213;limuzina;418
110;1605;4.4;1;BMW;2E51-6A1700C0;218 / / d GRAN TOURER AUT.;Nemcija;DEU;osebni avtomobil;207;karavan;218
110;1575;4.4;1;BMW;2E51-6H1700C0;218 / / d GRAN TOURER;Nemcija;DEU;osebni avtomobil;205;karavan;218
110;1560;4.4;1;BMW;4P51-6A240000;418 / COUPE / D AUT.;Nemcija;DEU;osebni avtomobil;213;kupe;418
110;1525;4.4;1;BMW;8C31-6A350000;318 / / d AUT.;Nemcija;DEU;osebni avtomobil;212;limuzina;318
110;1505;4.4;1;BMW;8C31-6H350000;318 / / d;Nemcija;DEU;osebni avtomobil;215;limuzina;318
110;1485;4.4;1;BMW;2C11-6A250000;218 / / d ACTIVE TOURER AUT.;Nemcija;DEU;osebni avtomobil;210;karavan;218
110;1650;4.4;1;CITROEN;RWAHXM/S;C5 III / TOURER 2.0 / Hdi;Francija;FRA;osebni avtomobil;211;karavan;C5 III 
110;1551;4.4;1;CITROEN;3AAHXT/S;C4 PICASSO / 2.0 / HDI AUT.;Francija;FRA;osebni avtomobil;207;vecnamensko vozilo;C4 PICASSO 
110;1549;4.4;1;CITROEN;3EAHXT/S;C4 PICASSO / 2.0 / HDI AUT.;Francija;FRA;osebni avtomobil;207;karavan;C4 PICASSO 
110;1510;4.4;1;CITROEN;3DAHXT/S;C4 PICASSO / 2.0 / HDI AUT.;Francija;FRA;osebni avtomobil;207;karavan;C4 PICASSO 
110;1491;4.4;1;FORD;DXA-T7DB1V-5QF1NC;C-MAX / 2.0 / TDCI 110 M6;Nemcija;DEU;osebni avtomobil;204;vecnamensko vozilo;C-MAX 
110;1471;4.4;1;FORD;DYB-T7DB16-5SJAND;FOCUS / 2.0 / TDCI 110 A6 S;Nemcija;DEU;osebni avtomobil;208;karavan;FOCUS 
110;1471;4.4;1;FORD;DYB-T7DB16-5SJAND;FOCUS / 2.0 / TDCI 110 A6 S;Nemcija;DEU;osebni avtomobil;208;vozilo za posebne namene;FOCUS 
110;1455;4.4;1;FORD;DYB-T7DB15-5SJAND;FOCUS / 2.0 / TDCI 110 A6 S;Nemcija;DEU;osebni avtomobil;208;vozilo z dviûnimi vrati zadaj;FOCUS 
110;1558;4.4;1;HONDA;FK32-2;CIVIC / 2.2 / i-DTEC;Zdruûeno kraljestvo;GBR;osebni avtomobil;217;vozilo z dviûnimi vrati zadaj;CIVIC 
110;1641;4.4;1;MAZDA;6216DW00;MAZDA 6 / CD150 /;Japonska ;JPN;osebni avtomobil;211;limuzina;MAZDA 6 
110;1578;4.4;1;MAZDA;GJ69162;MAZDA 6 / KARAVAN 2.2 / D LP;Japonska ;JPN;osebni avtomobil;210;karavan;MAZDA 6 
110;1540;4.4;1;MAZDA;69162W0;MAZDA 6 / KARAVAN 2.2 / D LP;Japonska ;JPN;osebni avtomobil;210;karavan;MAZDA 6 
110;1480;4.4;1;MAZDA;62161W0;MAZDA 6 / 2.2 / D LP;Japonska ;JPN;osebni avtomobil;211;limuzina;MAZDA 6 
110;1585;4.4;1;MERCEDES BENZ;R013T0-CZAA152A;C / 200 / d AUT.;Nemcija;DEU;osebni avtomobil;222;limuzina;C 
110;1535;4.4;1;MERCEDES BENZ;O01CT2-HZAA150A;B / 200 / d AUT.;Nemcija;DEU;osebni avtomobil;219;karavan;B 
110;1605;4.4;1;PEUGEOT;0UAHXM/S;3008 / 2.0 / HDI;Francija;FRA;osebni avtomobil;195;vecnamensko vozilo;3008
110;1605;4.4;1;PEUGEOT;0UAHXM/S;3008 / 2.0 / HDI;Francija;FRA;osebni avtomobil;195;karavan;3008
110;1605;4.4;1;PEUGEOT;0EAHXM/1S;5008 / 2.0 / HDI;Francija;FRA;osebni avtomobil;195;vecnamensko vozilo;5008
110;1596;4.4;1;PEUGEOT;MJAHXH-C2F000;3008 / 2.0 / HDI;Francija;FRA;osebni avtomobil;207;vecnamensko vozilo;3008
110;1388;4.4;1;SEAT;FCRLBX0V-FD6SFD6D90027MMVLO562;LEON ST / 2.0 / TDI AUT.;äpanija;ESP;osebni avtomobil;213;karavan;LEON ST 
110;1358;4.4;1;SEAT;FCRLBX0V-FM6SFM62Q0257MMVLO583;LEON ST / 2.0 / TDI;äpanija;ESP;osebni avtomobil;215;karavan;LEON ST 
110;1335;4.4;1;SEAT;BCRMBX0V-FD6SFD6D90027MMVLO562;LEON / 2.0 / TDI AUT.;äpanija;ESP;osebni avtomobil;213;karavan;LEON 
110;1335;4.4;1;SEAT;BCKFCX0-FD6SFD6D90047MJVL;LEON / 2.0 / TDI AUT.;äpanija;ESP;osebni avtomobil;211;karavan;LEON 
110;1305;4.4;1;SEAT;BCRMBX0V-FM6SFM62Q0257MMVLO583;LEON / 2.0 / TDI;äpanija;ESP;osebni avtomobil;215;karavan;LEON 
110;1595;4.4;1;äKODA;ACDFGAX01-NFD7FD7GC004STN637;SUPERB / COMBI 2.0 / TDI AUT.;Ceöka republika;CZE;osebni avtomobil;214;karavan;SUPERB 
110;1582;4.4;1;äKODA;ACDFGAX01-NFD7FD7GC0047CNSTN1C7A;SUPERB / COMBI 2.0 / TDI AUT.;Ceöka republika;CZE;osebni avtomobil;209;karavan;SUPERB 
110;1575;4.4;1;äKODA;ACDFGAX01-NFM6FM62Q028V2N627;SUPERB / COMBI 2.0 / TDI;Ceöka republika;CZE;osebni avtomobil;218;karavan;SUPERB 
110;1562;4.4;1;äKODA;ACDFGAX01-NFM6FM62Q0287CNSTN1C7A;SUPERB / COMBI 2.0 / TDI;Ceöka republika;CZE;osebni avtomobil;212;karavan;SUPERB 
110;1560;4.4;1;äKODA;AADFGAX01-NFD7FD7GC0047CNSTN1C7A;SUPERB / 2.0 / TDI AUT.;Ceöka republika;CZE;osebni avtomobil;217;limuzina;SUPERB 
110;1545;4.4;1;äKODA;ACCRLBX01-NFM6FM62Q028STN617;SUPERB / COMBI 2.0 / TDI;Ceöka republika;CZE;osebni avtomobil;218;karavan;SUPERB 
110;1520;4.4;1;äKODA;AACRLBX01-NFM6FM62Q028STN627;SUPERB / 2.0 / TDI;Ceöka republika;CZE;osebni avtomobil;220;limuzina;SUPERB 
110;1461;4.4;1;äKODA;AADTTCX0-NFD7FD7GC0024BIVL3N1A1A;OCTAVIA / 2.0 / TDI AUT.;Ceöka republika;CZE;osebni avtomobil;229;limuzina;OCTAVIA 
110;1430;4.4;1;äKODA;ACDFFAX0-NFD7FD7GC0027CPV2VLN1B7A;OCTAVIA / COMBI 2.0 / TDI AUT.;Ceöka republika;CZE;osebni avtomobil;213;karavan;OCTAVIA 
110;1374;4.4;1;äKODA;ACCRMBX0-NFD6FD6D9002STVLN657;OCTAVIA / COMBI 2.0 / TDI AUT.;Ceöka republika;CZE;osebni avtomobil;213;karavan;OCTAVIA 
110;1372;4.4;1;äKODA;ACCKFCX0-NFD6FD6D9004V2VL9;OCTAVIA / COMBI 2.0 / TDI AUT.;Ceöka republika;CZE;osebni avtomobil;213;karavan;OCTAVIA 
110;1354;4.4;1;äKODA;ACCRMBX0-NFM6FM62Q025STVLN687;OCTAVIA / COMBI 2.0 / TDI;Ceöka republika;CZE;osebni avtomobil;216;karavan;OCTAVIA 
110;1352;4.4;1;äKODA;AACRMBX0-NFD6FD6D9002STVLN657;OCTAVIA / 2.0 / TDI AUT.;Ceöka republika;CZE;osebni avtomobil;215;limuzina;OCTAVIA 
110;1332;4.4;1;äKODA;AACRMBX0-NFM6FM62Q025STVLN687;OCTAVIA / 2.0 / TDI;Ceöka republika;CZE;osebni avtomobil;218;limuzina;OCTAVIA 
110;1647;4.4;1;VOLKSWAGEN;ACDFGAX0-FD6FD6D9002SV7MMVR264;PASSAT / VARIANT 2.0 / TDI AUT.;Nemcija;DEU;osebni avtomobil;218;karavan;PASSAT 
110;1643;4.4;1;VOLKSWAGEN;ABDFGAX0-FD7FD7GC004V7MVVR261;ARTEON / 2.0 / TDI AUT.;Nemcija;DEU;osebni avtomobil;220;vozilo z dviûnimi vrati zadaj;ARTEON 
110;1595;4.4;1;VOLKSWAGEN;DFEAAF-FM6FM62Q0287MMS72VR261;TOURAN / 2.0 / TDI;Nemcija;DEU;osebni avtomobil;208;vecnamensko vozilo;TOURAN 
110;1586;4.4;1;VOLKSWAGEN;ACDFGAX0-FD7FD7GC004SH7MVVR263;PASSAT / VARIANT 2.0 / TDI AUT.;Nemcija;DEU;osebni avtomobil;216;karavan;PASSAT 
110;1579;4.4;1;VOLKSWAGEN;ACDFGAX0-FD7FD7GC004SV7MVVR263;PASSAT / VARIANT 2.0 / TDI AUT.;Nemcija;DEU;osebni avtomobil;216;karavan;PASSAT 
110;1552;4.4;1;VOLKSWAGEN;DFEAAC-FM6FM62Q0287MMS50VR261;TOURAN / 2.0 / TDI;Nemcija;DEU;osebni avtomobil;208;karavan;TOURAN 
110;1552;4.4;1;VOLKSWAGEN;DFEAAC-FM6FM62Q0287MMS50VR261;TOURAN / 2.0 / TDI;Nemcija;DEU;osebni avtomobil;208;vozilo za posebne namene;TOURAN 
110;1546;4.4;1;VOLKSWAGEN;ACDFGAX0-FM6FM62Q028SH7MVVR262;PASSAT / VARIANT 2.0 / TDI;Nemcija;DEU;osebni avtomobil;218;karavan;PASSAT 
110;1540;4.4;1;VOLKSWAGEN;ACDFGAX0-FM6FM62Q028SV7MVVR262;PASSAT / VARIANT 2.0 / TDI;Nemcija;DEU;osebni avtomobil;218;karavan;PASSAT 
110;1501;4.4;1;VOLKSWAGEN;AACRLBX0-FD6FD6D9002SV7MMVR263;PASSAT / 2.0 / TDI AUT.;Nemcija;DEU;osebni avtomobil;218;limuzina;PASSAT 
110;1474;4.4;1;VOLKSWAGEN;SACDCYAX0-FM6FM62Q025N7MMON1ML06VR2;GOLF / SPORTSVAN 2.0 / TDI;Nemcija;DEU;osebni avtomobil;212;karavan;GOLF 
110;1458;4.4;1;VOLKSWAGEN;VACDCYAX0-FD7FD7GC002N7MMMN1ML62VR2;GOLF / VARIANT 2.0 / TDI AUT.;Nemcija;DEU;osebni avtomobil;216;karavan;GOLF 
110;1438;4.4;1;VOLKSWAGEN;VACDCYAX0-FM6FM62Q025N7MMMN1ML64VR2;GOLF / VARIANT 2.0 / TDI;Nemcija;DEU;osebni avtomobil;218;karavan;GOLF 
110;1436;4.4;1;VOLKSWAGEN;VACCRLBX0-FM6FM62Q025N7MMON1ML73VR2;GOLF / VARIANT 2.0 / TDI;Nemcija;DEU;osebni avtomobil;218;karavan;GOLF 
110;1413;4.4;1;VOLKSWAGEN;GAC4DCYAX0-FD7FD7GC002N7MMON1ML79VR2N;GOLF / 2.0 / TDI AUT.;Nemcija;DEU;osebni avtomobil;214;karavan;GOLF 
110;1394;4.4;1;VOLKSWAGEN;GAC4CRLBX0-FD6FD6D9002N7MMON1ML00VR2;GOLF / 2.0 / TDI AUT.;Nemcija;DEU;osebni avtomobil;214;karavan;GOLF 
110;1375;4.4;1;VOLKSWAGEN;GAC2CRLBX0-FD6FD6D9002N7MMON1ML00VR2;GOLF / 2.0 / TDI AUT.;Nemcija;DEU;osebni avtomobil;214;karavan;GOLF 
110;1375;4.4;1;VOLKSWAGEN;GAC2CRBCX0-FD6FD6D9004N7MJON1ML00VR2;GOLF / 2.0 / TDI AUT.;Nemcija;DEU;osebni avtomobil;212;vozilo za posebne namene;GOLF 
110;1375;4.4;1;VOLKSWAGEN;GAC2CRBCX0-FD6FD6D9004N7MJON1ML00VR2;GOLF / 2.0 / TDI AUT.;Nemcija;DEU;osebni avtomobil;212;karavan;GOLF 
110;1698;4.4;1;VOLVO;PPW79-PW7980;V 90 / 2.0 / TD AUT.;ävedska;SWE;osebni avtomobil;205;karavan;V 90 
110;1695;4.4;1;VOLVO;ZZW72-ZW72V10;V60 / 2.0 / TD / MAN FWD;ävedska;SWE;osebni avtomobil;205;karavan;V60 
110;1685;4.4;1;VOLVO;PPS79-PS79B0;S 90 / 2.0 / TD AUT.;ävedska;SWE;osebni avtomobil;205;limuzina;S 90 
110;1676;4.4;1;VOLVO;PPS79-PS79B1;S 90 / 2.0 / TD;ävedska;SWE;osebni avtomobil;205;limuzina;S 90 
110;1582;4.4;1;VOLVO;MZ5151;V40 CROSS COUNTRY / 2.0 / TD;ävedska;SWE;osebni avtomobil;205;vecnamensko vozilo;V40 CROSS COUNTRY 
110;1615;4.48;1;BMW;JH51-6AW500C0;X1 / sDrive 18 / d AUT.;Nemcija;DEU;osebni avtomobil;205;karavan;X1 
110;1800;4.5;1;AUDI;ACSUDF1-FD7CK001P4G04S57MMEM2;A6 / AVANT 2.0 / TDI AUT.;Nemcija;DEU;osebni avtomobil;209;karavan;A6 
110;1765;4.5;1;AUDI;ACSUDF1-FM6CS002P4G02S57MMEM2;A6 / AVANT 2.0 / TDI;Nemcija;DEU;osebni avtomobil;209;karavan;A6 
110;1735;4.5;1;AUDI;XDEUAF1-FM6FM6DJ006PFY037MM0EM1FS;Q5 / 2.0 / TDI;Nemcija;DEU;osebni avtomobil;206;karavan;Q5 
110;1660;4.5;1;AUDI;A2DEUAQ1-QM6QM6CX001P8W07S57MMEM1;A4 AVANT / 2.0 / TDI Q;Nemcija;DEU;osebni avtomobil;214;karavan;A4 AVANT 
110;1655;4.5;1;AUDI;SCSUAF1-FM6B1002RB8T1S57MMEM1;A5 / 2.0 / TDI;Nemcija;DEU;osebni avtomobil;212;vozilo z dviûnimi vrati zadaj;A5 
110;1590;4.5;1;AUDI;SCJCDF1-FM6B1002RB8T1S57MJEM1;A5 / 2.0 / TDI;Nemcija;DEU;osebni avtomobil;212;vozilo z dviûnimi vrati zadaj;A5 
110;1560;4.5;1;AUDI;XDFTAF1-FM62Q041P8U057MMEM1;Q3 / 2.0 / TDI;Nemcija;DEU;osebni avtomobil;204;karavan;Q3 
110;1555;4.5;1;AUDI;LCJCDF1-FM6B1002RB8K1S57MJEM1;A4 / 2.0 / TDI;Nemcija;DEU;osebni avtomobil;216;limuzina;A4 
110;1511;4.5;1;AUDI;SCRLBF1-FD6FD6D9002P8V337MMEM1K1;A3 / 2.0 / TDI AUT.;Nemcija;DEU;osebni avtomobil;218;vozilo z dviûnimi vrati zadaj;A3 
110;1415;4.5;1;AUDI;SDCYAF1-FD7FD7GC002P8V347MMEM1;A3 / 2.0 / TDI AUT.;Nemcija;DEU;osebni avtomobil;218;vozilo z dviûnimi vrati zadaj;A3 
110;1395;4.5;1;AUDI;LCRLBF1-FD6D9002P8V137MMEM1;A3 / 2.0 / TDI AUT.;Nemcija;DEU;osebni avtomobil;224;limuzina;A3 
110;1395;4.5;1;AUDI;SCRLBF1-FD6D9002P8V067MMEM1;A3 / 2.0 / TDI AUT.;Nemcija;DEU;osebni avtomobil;218;vozilo z dviûnimi vrati zadaj;A3 
110;1395;4.5;1;AUDI;SCRBCF1-FD62E018R8V617MJEM1;A3 / 2.0 / TDI AUT.;Nemcija;DEU;osebni avtomobil;213;vozilo z dviûnimi vrati zadaj;A3 
110;1805;4.5;1;BMW;5L11-6A150000;518 / TOURING / d AUT.;Nemcija;DEU;osebni avtomobil;209;karavan;518
110;1645;4.5;1;BMW;8T11-6H1500L0;318 / GT / D;Nemcija;DEU;osebni avtomobil;210;limuzina;318
110;1615;4.5;1;BMW;5V38-IAA500K0;318 / / d AUT.;Nemcija;DEU;osebni avtomobil;224;limuzina;318
110;1605;4.5;1;BMW;2E51-6A1700C0;218 / / d GRAN TOURER AUT.;Nemcija;DEU;osebni avtomobil;207;karavan;218
110;1595;4.5;1;BMW;8H71-6A350000;318 / TOURING / d AUT.;Nemcija;DEU;osebni avtomobil;210;karavan;318
110;1585;4.5;1;BMW;4E71-6H350700;418 / d;Nemcija;DEU;osebni avtomobil;213;limuzina;418
110;1575;4.5;1;BMW;8H71-6H250000;318 / TOURING / d;Nemcija;DEU;osebni avtomobil;210;karavan;318
110;1575;4.5;1;BMW;2E51-6H2700C0;218 / / d GRAN TOURER;Nemcija;DEU;osebni avtomobil;205;karavan;218
110;1555;4.5;1;BMW;6T91-CAW50000;218 / ACTIVE TOURER / d AUT.;Nemcija;DEU;osebni avtomobil;210;karavan;218
110;1555;4.5;1;BMW;2E51-6A2500C0;218 / / d GRAN TOURER AUT.;Nemcija;DEU;osebni avtomobil;207;karavan;218
110;1525;4.5;1;BMW;2E51-6H2500C0;218 / / d GRAN TOURER;Nemcija;DEU;osebni avtomobil;205;karavan;218
110;1505;4.5;1;BMW;1U51-6H250000;118 / / d xDrive;Nemcija;DEU;osebni avtomobil;210;karavan;118
110;1495;4.5;1;BMW;1Y51-6H250000;118 / / d xDrive;Nemcija;DEU;osebni avtomobil;210;karavan;118
110;1450;4.5;1;BMW;2C11-6H2500C0;218 / / d ACTIVE TOURER;Nemcija;DEU;osebni avtomobil;208;karavan;218
110;1551;4.5;1;CITROEN;3AAHXT/1S;C4 PICASSO / 2.0 / HDI AUT.;Francija;FRA;osebni avtomobil;207;vecnamensko vozilo;C4 PICASSO 
110;1549;4.5;1;CITROEN;3EAHXT/1S;C4 PICASSO / 2.0 / HDI AUT.;Francija;FRA;osebni avtomobil;207;karavan;C4 PICASSO 
110;1510;4.5;1;CITROEN;3DAHXT/1S;C4 PICASSO / 2.0 / HDI AUT.;Francija;FRA;osebni avtomobil;207;karavan;C4 PICASSO 
110;1650;4.5;1;MAZDA;6916DW01;MAZDA 6 / KARAVAN / CD150;Japonska ;JPN;osebni avtomobil;210;karavan;MAZDA 6 
110;1571;4.5;1;MAZDA;GH62169W0;MAZDA 6;Japonska ;JPN;osebni avtomobil;223;limuzina;MAZDA 6
110;1571;4.5;1;MAZDA;GH62169W0;MAZDA 6 /;Japonska ;JPN;osebni avtomobil;223;limuzina;MAZDA 6 
110;1495;4.5;1;MAZDA;69161W0;MAZDA 6 / KARAVAN 2.2 / D LP;Japonska ;JPN;osebni avtomobil;210;karavan;MAZDA 6 
110;1605;4.5;1;PEUGEOT;0EAHXM/S;5008 / 2.0 / HDI;Francija;FRA;osebni avtomobil;195;vecnamensko vozilo;5008
110;1497;4.5;1;RENAULT;BT32J6;LAGUNA / 2.0 / DCI;Francija;FRA;osebni avtomobil;210;vozilo z dviûnimi vrati zadaj;LAGUNA 
110;1493;4.5;1;RENAULT;BT18J6;LAGUNA / 2.0 / DCI;Francija;FRA;osebni avtomobil;210;vozilo z dviûnimi vrati zadaj;LAGUNA 
110;1388;4.5;1;SEAT;FCRLBX0V-FD6SFD6D90027MMVLO583;LEON ST / 2.0 / TDI AUT.;äpanija;ESP;osebni avtomobil;213;karavan;LEON ST 
110;1388;4.5;1;SEAT;FCRBCX0-FD6SFD6D90047MJVLO;LEON ST / 2.0 / TDI AUT.;äpanija;ESP;osebni avtomobil;211;karavan;LEON ST 
110;1358;4.5;1;SEAT;FCRLBX0V-FM6SFM62Q0257MMVLO566;LEON ST / 2.0 / TDI;äpanija;ESP;osebni avtomobil;215;karavan;LEON ST 
110;1335;4.5;1;SEAT;BCRMBX0V-FD6SFD6D90027MMVLO564;LEON / 2.0 / TDI AUT.;äpanija;ESP;osebni avtomobil;213;karavan;LEON 
110;1335;4.5;1;SEAT;BCRMBX0V-FD6SFD6D90027MMVLO564;LEON / 2.0 / TDI AUT.;äpanija;ESP;osebni avtomobil;211;karavan;LEON 
110;1305;4.5;1;SEAT;BCRMBX0V-FM6SFM62Q0257MMVLO566;LEON / 2.0 / TDI;äpanija;ESP;osebni avtomobil;215;karavan;LEON 
110;1595;4.5;1;äKODA;ACDFGAX01-NFD7FD7GC004STN617;SUPERB / COMBI 2.0 / TDI AUT.;Ceöka republika;CZE;osebni avtomobil;214;karavan;SUPERB 
110;1570;4.5;1;äKODA;AADFGAX01-NFD7FD7GC004STN617;SUPERB / 2.0 / TDI AUT.;Ceöka republika;CZE;osebni avtomobil;217;limuzina;SUPERB 
110;1560;4.5;1;äKODA;ACDTTCX0-NFD7FD7GC0024BIVL0N1A5A;OCTAVIA / COMBI 2.0 / TDI AUT.;Ceöka republika;CZE;osebni avtomobil;223;karavan;OCTAVIA 
110;1548;4.5;1;äKODA;ACDTTCX0-NFD7FD7GC0024BIVL0N1A1A;OCTAVIA / COMBI 2.0 / TDI AUT.;Ceöka republika;CZE;osebni avtomobil;223;karavan;OCTAVIA 
110;1500;4.5;1;äKODA;AACRLBX01-NFD6FD6D9002ST617;SUPERB / 2.0 / TDI AUT.;Ceöka republika;CZE;osebni avtomobil;218;limuzina;SUPERB 
110;1461;4.5;1;äKODA;AADSTBX0-NFD7FD7GC0024BFVL4N1A7A;OCTAVIA / 2.0 / TDI AUT.;Ceöka republika;CZE;osebni avtomobil;227;limuzina;OCTAVIA 
110;1374;4.5;1;äKODA;ACCRMBX0-NFD6FD6D9002STVL687;OCTAVIA / COMBI 2.0 / TDI AUT.;Ceöka republika;CZE;osebni avtomobil;213;karavan;OCTAVIA 
110;1372;4.5;1;äKODA;ACCKFCX0-NFD6FD6D9004STVL7;OCTAVIA / COMBI 2.0 / TDI AUT.;Ceöka republika;CZE;osebni avtomobil;213;karavan;OCTAVIA 
110;1355;4.5;1;äKODA;AACKFCX0-NFD6FD6D9004STVL7;OCTAVIA / 2.0 / TDI AUT.;Ceöka republika;CZE;osebni avtomobil;214;limuzina;OCTAVIA 
110;1352;4.5;1;äKODA;AACRMBX0-NFD6FD6D9002STVLN657;OCTAVIA / 2.0 / TDI AUT.;Ceöka republika;CZE;osebni avtomobil;215;limuzina;OCTAVIA 
110;1350;4.5;1;äKODA;AACKFCX0-NFD6FD6D9004STVL7;OCTAVIA / 2.0 / TDI AUT.;Ceöka republika;CZE;osebni avtomobil;215;limuzina;OCTAVIA 
110;1347;4.5;1;äKODA;ACCKFCX0-NFM6FM62Q025STVL1;OCTAVIA / COMBI 2.0 / TDI;Ceöka republika;CZE;osebni avtomobil;216;karavan;OCTAVIA 
110;1325;4.5;1;äKODA;AACKFCX0-NFM6FM62Q025STVL0;OCTAVIA / 2.0 / TDI;Ceöka republika;CZE;osebni avtomobil;218;limuzina;OCTAVIA 
110;1643;4.5;1;VOLKSWAGEN;ABDFGAX0-FD7FD7GC004V7MVVR262;ARTEON / 2.0 / TDI AUT.;Nemcija;DEU;osebni avtomobil;220;vozilo z dviûnimi vrati zadaj;ARTEON 
110;1598;4.5;1;VOLKSWAGEN;AADFEAX1-AM6AM62Q001SV7MMVR263;PASSAT / 2.0 / TDI 4M;Nemcija;DEU;osebni avtomobil;215;limuzina;PASSAT 
110;1595;4.5;1;VOLKSWAGEN;DFEAAF-FM6FM62Q0287MMS72VR264;TOURAN / 2.0 / TDI;Nemcija;DEU;osebni avtomobil;208;vecnamensko vozilo;TOURAN 
110;1581;4.5;1;VOLKSWAGEN;AACUVCX0-FM6FM62Q0257MMVR2625;CC / 2.0 / TDI;Nemcija;DEU;osebni avtomobil;218;limuzina;CC 
110;1579;4.5;1;VOLKSWAGEN;ACDFGAX0-FD7FD7GC004SV7MVVR261;PASSAT / VARIANT 2.0 / TDI AUT.;Nemcija;DEU;osebni avtomobil;216;karavan;PASSAT 
110;1552;4.5;1;VOLKSWAGEN;DFEAAC-FM6FM62Q0287MMS50VR264;TOURAN / 2.0 / TDI;Nemcija;DEU;osebni avtomobil;208;karavan;TOURAN 
110;1548;4.5;1;VOLKSWAGEN;ACCRLBX0-FD6FD6D9002SH7MMVR263;PASSAT / VARIANT 2.0 / TDI AUT.;Nemcija;DEU;osebni avtomobil;216;karavan;PASSAT 
110;1544;4.5;1;VOLKSWAGEN;AADFGAX0-FD7FD7GC004SV7MVVR262;PASSAT / 2.0 / TDI AUT.;Nemcija;DEU;osebni avtomobil;218;limuzina;PASSAT 
110;1541;4.5;1;VOLKSWAGEN;ACCRLBX0-FD6FD6D9002SV7MMVR263;PASSAT / VARIANT 2.0 / TDI AUT.;Nemcija;DEU;osebni avtomobil;216;karavan;PASSAT 
110;1541;4.5;1;VOLKSWAGEN;ACCRLBX0-FD6FD6D9002SV7MMVR263;PASSAT / VARIANT 2.0 / TDI AUT.;Nemcija;DEU;osebni avtomobil;216;vozilo za posebne namene;PASSAT 
110;1501;4.5;1;VOLKSWAGEN;AACRLBX0-FD6FD6D9002SV7MMVR262;PASSAT / 2.0 / TDI AUT.;Nemcija;DEU;osebni avtomobil;218;limuzina;PASSAT 
110;1501;4.5;1;VOLKSWAGEN;SACDCYAX0-FD7FD7GC002N7MMON1ML02VR2;GOLF / SPORTSVAN 2.0 / TDI AUT.;Nemcija;DEU;osebni avtomobil;210;karavan;GOLF 
110;1465;4.5;1;VOLKSWAGEN;ACDSRBX0-FD7FD7GC002N4BFOML1BVR2AG;GOLF / 2.0 / TDI AUT.;Nemcija;DEU;osebni avtomobil;223;karavan;GOLF 
110;1458;4.5;1;VOLKSWAGEN;VACDCYAX0-FD7FD7GC002N7MMON1ML73VR2;GOLF / VARIANT 2.0 / TDI AUT.;Nemcija;DEU;osebni avtomobil;216;karavan;GOLF 
110;1454;4.5;1;VOLKSWAGEN;VACCRBCX0-FD6FD6D9004N7MJOML00VR2;GOLF / VARIANT 2.0 / TDI AUT.;Nemcija;DEU;osebni avtomobil;216;karavan;GOLF 
110;1413;4.5;1;VOLKSWAGEN;GAC4DCYAX0-FD7FD7GC002N7MMON1ML69VR2N;GOLF / 2.0 / TDI AUT.;Nemcija;DEU;osebni avtomobil;214;karavan;GOLF 
110;1394;4.5;1;VOLKSWAGEN;GAC4CRLBX0-FD6FD6D9002N7MMON1ML79VR2;GOLF / 2.0 / TDI AUT.;Nemcija;DEU;osebni avtomobil;214;karavan;GOLF 
110;1376;4.5;1;VOLKSWAGEN;GAC4CRBCX0-FD6FD6D9004N7MJMN1ML00VR2;GOLF / 2.0 / TDI AUT.;Nemcija;DEU;osebni avtomobil;212;karavan;GOLF 
110;1865;4.5;1;VOLVO;DDZAR-DZARC1;XC 60 / 2.0 / TD;ävedska;SWE;osebni avtomobil;190;karavan;XC 60 
110;1704;4.5;1;VOLVO;DDZAR-DZARC1;XC60 / 2.0 / TD;ävedska;SWE;osebni avtomobil;190;karavan;XC60 
110;1702;4.5;1;VOLVO;PPW79-PW79B0;V 90 / 2.0 / TD AUT.;ävedska;SWE;osebni avtomobil;205;karavan;V 90 
110;1693;4.5;1;VOLVO;PPW79-PW79B1;V 90 / 2.0 / TD;ävedska;SWE;osebni avtomobil;205;karavan;V 90 
110;1682;4.5;1;VOLVO;BBW79-BW79C0;V70 / 2.0 / TD AUT.;ävedska;SWE;osebni avtomobil;205;karavan;V70 
110;1555;4.52;1;BMW;6T91-CAW50000;218 / ACTIVE TOURER / d AUT.;Nemcija;DEU;osebni avtomobil;210;karavan;218
110;1515;4.52;1;BMW;6T91-CHW50000;218 / ACTIVE TOURER / d;Nemcija;DEU;osebni avtomobil;210;karavan;218
110;1765;4.6;1;AUDI;ACSUDF1-FM6CS002P4G04S57MMEM2;A6 / AVANT 2.0 / TDI;Nemcija;DEU;osebni avtomobil;209;karavan;A6 
110;1735;4.6;1;AUDI;XDEUAF1-FM6FM6DJ006PFY047MMEM1FS;Q5 / 2.0 / TDI;Nemcija;DEU;osebni avtomobil;206;karavan;Q5 
110;1680;4.6;1;AUDI;SCSUAF1-FAVAW011RB8T1S57MMEM1;A5 / 2.0 / TDI AUT.;Nemcija;DEU;osebni avtomobil;205;vozilo z dviûnimi vrati zadaj;A5 
110;1670;4.6;1;AUDI;ACSUAF1-FM6B1002RB8K1S57MMEM1;A4 AVANT / 2.0 / TDI;Nemcija;DEU;osebni avtomobil;208;karavan;A4 AVANT 
110;1650;4.6;1;AUDI;LCSUAF1-FAVAW011RB8K1S57MMEM1;A4 / 2.0 / TDI AUT.;Nemcija;DEU;osebni avtomobil;210;limuzina;A4 
110;1615;4.6;1;AUDI;LCSUAF1-FM6B1002PB803S57MMEM1;A4 / 2.0 / TDI;Nemcija;DEU;osebni avtomobil;216;limuzina;A4 
110;1560;4.6;1;AUDI;XCUVCF1-FM62Q041P8U057MMEM1;Q3 / 2.0 / TDI;Nemcija;DEU;osebni avtomobil;204;karavan;Q3 
110;1395;4.6;1;AUDI;LCRLBF1-FD6D9002P8V147MMEM1;A3 / 2.0 / TDI AUT.;Nemcija;DEU;osebni avtomobil;224;limuzina;A3 
110;1395;4.6;1;AUDI;SCRLBF1-FD6FD6D9002P8V347MMEM1;A3 / 2.0 / TDI AUT.;Nemcija;DEU;osebni avtomobil;218;vozilo z dviûnimi vrati zadaj;A3 
110;1305;4.6;0;AUDI;SCZEAF1-FM6FM62S022P8V317MMEM1K1;A3 / 1.4 / TFSI;Nemcija;DEU;osebni avtomobil;220;vozilo z dviûnimi vrati zadaj;A3 
110;1700;4.6;1;BMW;5E31-6A350000;518 / / D AUT.;Nemcija;DEU;osebni avtomobil;216;limuzina;518
110;1615;4.6;1;BMW;6W91-CAW50000;218 / GRAN TOURER / d AUT.;Nemcija;DEU;osebni avtomobil;207;karavan;218
110;1615;4.6;1;BMW;JH51-6AW500C0;X1 / sDrive 18 / d AUT.;Nemcija;DEU;osebni avtomobil;205;karavan;X1 
110;1610;4.6;1;BMW;YK51-CAW500L0;X2 / sDrive 18 / d AUT.;Nemcija;DEU;osebni avtomobil;207;karavan;X2 
110;1575;4.6;1;BMW;8C31-6AW50000;318 / / d AUT.;Nemcija;DEU;osebni avtomobil;212;limuzina;318
110;1575;4.6;1;BMW;YK51-CHW500L0;X2 / sDrive 18 / d;Nemcija;DEU;osebni avtomobil;207;karavan;X2 
110;1560;4.6;1;BMW;2B91-6A1500C0;218 / / d xDrive ACTIVE TOURER AUT.;Nemcija;DEU;osebni avtomobil;208;karavan;218
110;1485;4.6;1;BMW;2C11-6A2500C0;218 / / d ACTIVE TOURER AUT.;Nemcija;DEU;osebni avtomobil;210;karavan;218
110;1470;4.6;1;BMW;1S51-6HW50000;118 / / D;Nemcija;DEU;osebni avtomobil;212;karavan;118
110;1551;4.6;1;CITROEN;3AAHXT/S;C4 PICASSO / 2.0 / HDI AUT.;Francija;FRA;osebni avtomobil;207;vecnamensko vozilo;C4 PICASSO 
110;1549;4.6;1;CITROEN;3EAHXT/S;C4 PICASSO / 2.0 / HDI AUT.;Francija;FRA;osebni avtomobil;207;karavan;C4 PICASSO 
110;1577;4.6;1;FORD;DXA-T7DB1W-7QL4PL;Grand C-MAX / 2.0 / TDCI 110 M6;Nemcija;DEU;osebni avtomobil;202;karavan;Grand C-MAX 
110;1661;4.6;1;MAZDA;6916BW00;MAZDA 6 / KARAVAN / CD150;Japonska ;JPN;osebni avtomobil;210;karavan;MAZDA 6 
110;1628;4.6;1;MAZDA;F9160E;CX-5 / CD150 /;Japonska ;JPN;osebni avtomobil;202;karavan;CX-5 
110;1587;4.6;1;MAZDA;F9160E;CX-5 / 2.2 / D LP;Japonska ;JPN;osebni avtomobil;202;karavan;CX-5 
110;1785;4.6;1;MERCEDES BENZ;U213P0-CZAA15K2;E / 200 T / d AUT.;Nemcija;DEU;osebni avtomobil;217;karavan;E 
110;1535;4.6;1;MERCEDES BENZ;O01CT2-HZAA150A;B / 200 / d AUT.;Nemcija;DEU;osebni avtomobil;219;karavan;B 
110;1656;4.6;1;PEUGEOT;MJAHXH-S2F000;5008 / 2.0 / HDI;Francija;FRA;osebni avtomobil;207;vecnamensko vozilo;5008
110;1670;4.6;1;RENAULT;KTB8J6;LAGUNA / GRANDTOUR 2.0 / DCI;Francija;FRA;osebni avtomobil;210;karavan;LAGUNA 
110;1505;4.6;1;RENAULT;KT18J6;LAGUNA / GRANDTOUR 2.0 / DCI;Francija;FRA;osebni avtomobil;210;karavan;LAGUNA 
110;1388;4.6;1;SEAT;FCRLBX0V-FD6SFD6D90027MMVLO566;LEON ST / 2.0 / TDI AUT.;äpanija;ESP;osebni avtomobil;213;karavan;LEON ST 
110;1335;4.6;1;SEAT;BCRMBX0V-FD6SFD6D90027MMVLO566;LEON / 2.0 / TDI AUT.;äpanija;ESP;osebni avtomobil;213;karavan;LEON 
110;1712;4.6;1;äKODA;ACDFEAX11-NAM6AM62Q001STN617;SUPERB / COMBI 2.0 / TDI 4x4;Ceöka republika;CZE;osebni avtomobil;213;karavan;SUPERB 
110;1625;4.6;1;äKODA;ACDFEAX11-NAM6AM62Q001ST617;SUPERB / COMBI 2.0 / TDI 4x4;Ceöka republika;CZE;osebni avtomobil;213;karavan;SUPERB 
110;1595;4.6;1;äKODA;ACDFGAX01-NFD7FD7GC004STN627;SUPERB / COMBI 2.0 / TDI AUT.;Ceöka republika;CZE;osebni avtomobil;214;karavan;SUPERB 
110;1590;4.6;1;äKODA;ACDTTCX0-NFD7FD7GC0024BIVL0N1B1A;OCTAVIA / COMBI 2.0 / TDI AUT.;Ceöka republika;CZE;osebni avtomobil;223;karavan;OCTAVIA 
110;1570;4.6;1;äKODA;AADFGAX01-NFD7FD7GC004STN627;SUPERB / 2.0 / TDI AUT.;Ceöka republika;CZE;osebni avtomobil;217;limuzina;SUPERB 
110;1520;4.6;1;äKODA;ACCRLBX01-NFD6FD6D9002ST617;SUPERB / COMBI 2.0 / TDI AUT.;Ceöka republika;CZE;osebni avtomobil;216;karavan;SUPERB 
110;1473;4.6;1;äKODA;ACDSTBX0-NFD7FD7GC0024BFVL0N1A7A;OCTAVIA / COMBI 2.0 / TDI AUT.;Ceöka republika;CZE;osebni avtomobil;222;karavan;OCTAVIA 
110;1465;4.6;1;äKODA;AADSTBX0-NFD7FD7GC0024BFVL4N1A6A;OCTAVIA / 2.0 / TDI AUT.;Ceöka republika;CZE;osebni avtomobil;227;limuzina;OCTAVIA 
110;1461;4.6;1;äKODA;AADSTBX0-NFD7FD7GC0024BFVL3N1A6A;OCTAVIA / 2.0 / TDI AUT.;Ceöka republika;CZE;osebni avtomobil;227;limuzina;OCTAVIA 
110;1458;4.6;1;äKODA;ACCRMBX1-NAM6AM62Q031STMLN657;OCTAVIA / COMBI 2.0 / TDI 4x4;Ceöka republika;CZE;osebni avtomobil;213;karavan;OCTAVIA 
110;1438;4.6;1;äKODA;AACRMBX1-NAM6AM62Q031STMLN657;OCTAVIA / 2.0 / TDI 4x4;Ceöka republika;CZE;osebni avtomobil;215;limuzina;OCTAVIA 
110;1436;4.6;1;äKODA;AACRMBX1-NAM6AM62Q031STML657;OCTAVIA / 2.0 / TDI 4x4;Ceöka republika;CZE;osebni avtomobil;215;limuzina;OCTAVIA 
110;1374;4.6;1;äKODA;ACCRMBX0-NFD6FD6D9002STVLN687;OCTAVIA / COMBI 2.0 / TDI AUT.;Ceöka republika;CZE;osebni avtomobil;213;karavan;OCTAVIA 
110;1374;4.6;1;äKODA;ACCRMBX0-NFD6FD6D9002STVLN657;OCTAVIA / COMBI 2.0 / TDI AUT.;Ceöka republika;CZE;osebni avtomobil;213;vozilo za posebne namene;OCTAVIA 
110;1352;4.6;1;äKODA;AACRMBX0-NFD6FD6D9002STVLN687;OCTAVIA / 2.0 / TDI AUT.;Ceöka republika;CZE;osebni avtomobil;215;limuzina;OCTAVIA 
110;1347;4.6;1;äKODA;ACCKFCX0-NFM6FM62Q025STVL0;OCTAVIA / COMBI 2.0 / TDI;Ceöka republika;CZE;osebni avtomobil;216;karavan;OCTAVIA 
110;1708;4.6;1;VOLKSWAGEN;ACDFEAX1-AM6AM62Q001SH7MMVR263;PASSAT / VARIANT 2.0 / TDI 4M;Nemcija;DEU;osebni avtomobil;213;karavan;PASSAT 
110;1631;4.6;1;VOLKSWAGEN;ACDFEAX1-AM6AM62Q001SV7MMVR263;PASSAT / VARIANT 2.0 / TDI 4M;Nemcija;DEU;osebni avtomobil;213;karavan;PASSAT 
110;1598;4.6;1;VOLKSWAGEN;AADFEAX1-AM6AM62Q001SV7MMVR262;PASSAT / 2.0 / TDI 4M;Nemcija;DEU;osebni avtomobil;215;limuzina;PASSAT 
110;1596;4.6;1;VOLKSWAGEN;ACCRLBX0-FD6FD6D9002SV7MMVR261;PASSAT / VARIANT 2.0 / TDI AUT.;Nemcija;DEU;osebni avtomobil;216;karavan;PASSAT 
110;1595;4.6;1;VOLKSWAGEN;DFGAAF-FM6FM62Q0287MMS72VR261;TOURAN / 2.0 / TDI;Nemcija;DEU;osebni avtomobil;208;vecnamensko vozilo;TOURAN 
110;1581;4.6;1;VOLKSWAGEN;AACUVCX0-FM6FM62Q0257MMVR2635;CC / 2.0 / TDI;Nemcija;DEU;osebni avtomobil;218;limuzina;CC 
110;1579;4.6;1;VOLKSWAGEN;ACDFGAX0-FD7FD7GC004SV7MVVR262;PASSAT / VARIANT 2.0 / TDI AUT.;Nemcija;DEU;osebni avtomobil;216;karavan;PASSAT 
110;1571;4.6;1;VOLKSWAGEN;DFGAAC-FD6FD6D90027MMS50VR263;TOURAN / 2.0 / TDI AUT.;Nemcija;DEU;osebni avtomobil;206;karavan;TOURAN 
110;1552;4.6;1;VOLKSWAGEN;DFGAAC-FM6FM62Q0287MMS50VR264;TOURAN / 2.0 / TDI;Nemcija;DEU;osebni avtomobil;208;karavan;TOURAN 
110;1543;4.6;1;VOLKSWAGEN;ACDTSAX0-FM6FM6C9002N4BISON1ML1BVR2AI0;GOLF VARIANT / 2.0 / TDI;Nemcija;DEU;osebni avtomobil;223;karavan;GOLF VARIANT 
110;1541;4.6;1;VOLKSWAGEN;ACCRLBX0-FD6FD6D9002SV7MMVR263;PASSAT / VARIANT 2.0 / TDI AUT.;Nemcija;DEU;osebni avtomobil;216;karavan;PASSAT 
110;1541;4.6;1;VOLKSWAGEN;ACCRLBX0-FD6FD6D9002SV7MMVR263;PASSAT / VARIANT 2.0 / TDI AUT.;Nemcija;DEU;osebni avtomobil;216;vozilo za posebne namene;PASSAT 
110;1505;4.6;1;VOLKSWAGEN;AECUUBX0-FM6FM62Q028LLN7MMVIVR2;BEETLE CABRIOLET / 2.0 / TDI;Nemcija;DEU;osebni avtomobil;200;kabriolet;BEETLE CABRIOLET 
110;1501;4.6;1;VOLKSWAGEN;AACRLBX0-FD6FD6D9002SV7MMVR262;PASSAT / 2.0 / TDI AUT.;Nemcija;DEU;osebni avtomobil;218;limuzina;PASSAT 
110;1501;4.6;1;VOLKSWAGEN;SACDCYAX0-FD7FD7GC002N7MMON1ML02VR2;GOLF / SPORTSVAN 2.0 / TDI AUT.;Nemcija;DEU;osebni avtomobil;210;karavan;GOLF 
110;1458;4.6;1;VOLKSWAGEN;VACDCYAX0-FD7FD7GC002N7MMON1ML73VR2;GOLF / VARIANT 2.0 / TDI AUT.;Nemcija;DEU;osebni avtomobil;216;karavan;GOLF 
110;1454;4.6;1;VOLKSWAGEN;VACCRLBX0-FD6FD6D9002N7MMON1ML73VR2;GOLF / VARIANT 2.0 / TDI AUT.;Nemcija;DEU;osebni avtomobil;216;karavan;GOLF 
110;1454;4.6;1;VOLKSWAGEN;VACCRLBX0-FD6FD6D9002N7MMON1ML73VR2;GOLF / VARIANT 2.0 / TDI AUT.;Nemcija;DEU;osebni avtomobil;216;vozilo za posebne namene;GOLF 
110;1421;4.6;1;VOLKSWAGEN;ABCUUBX0-FM6FM62Q028LLN617MMVIVR2;BEETLE / 2.0 / TDI;Nemcija;DEU;osebni avtomobil;202;vozilo z dviûnimi vrati zadaj;BEETLE 
110;1413;4.6;1;VOLKSWAGEN;GAC4DCYAX0-FD7FD7GC002N7MMON1ML69VR2;GOLF / 2.0 / TDI AUT.;Nemcija;DEU;osebni avtomobil;214;karavan;GOLF 
110;1394;4.6;1;VOLKSWAGEN;GAC4CRLBX0-FD6FD6D9002N7MMON1ML69VR2;GOLF / 2.0 / TDI AUT.;Nemcija;DEU;osebni avtomobil;214;karavan;GOLF 
110;1738;4.6;1;VOLVO;ZZW72-ZW72VD0;V60 / 2.0 / TD / AUT. FWD;ävedska;SWE;osebni avtomobil;205;karavan;V60 
110;1667;4.6;1;VOLVO;FFZAR-FZARCD;V60 Cross Country / 2.0 / TD AUT.;ävedska;SWE;osebni avtomobil;210;karavan;V60 Cross Country 
110;1667;4.6;1;VOLVO;FFZAR-FZARCD;V 60 Cross Country / 2.0 / TD AUT.;ävedska;SWE;osebni avtomobil;210;karavan;V 60 Cross Country 
110;1667;4.6;1;VOLVO;FFZAR-FZARCD;V 60 Cross Country / 2.0 / TD AUT.;ävedska;SWE;osebni avtomobil;205;karavan;V 60 Cross Country 
110;1665;4.6;1;VOLVO;FFZAR-FZARCD;V60 Cross Country / 2.0 / TD AUT.;ävedska;SWE;osebni avtomobil;205;karavan;V60 Cross Country 
110;1659;4.6;1;VOLVO;FFHAR-FHARCD;S60 Cross Country / 2.0 / TD AUT.;ävedska;SWE;osebni avtomobil;205;limuzina;S60 Cross Country 
110;1659;4.6;1;VOLVO;FFHAR-FHARCD;S 60 Cross Country / 2.0 / TD AUT.;ävedska;SWE;osebni avtomobil;205;limuzina;S 60 Cross Country 
110;1679;4.7;1;ALFA ROMEO;949AXD1A5;STELVIO / 2.2 / JTDM CA RWD SW;Italija;ITA;osebni avtomobil;198;karavan;STELVIO 
110;1735;4.7;1;AUDI;XDEUAF1-FM6FM6DJ006PFY067MMEM1FS;Q5 / 2.0 / TDI;Nemcija;DEU;osebni avtomobil;206;karavan;Q5 
110;1705;4.7;1;AUDI;ACSUAF1-FAVAW011RB8K1S57MMEM1;A4 AVANT / 2.0 / TDI AUT.;Nemcija;DEU;osebni avtomobil;200;karavan;A4 AVANT 
110;1690;4.7;1;AUDI;LCSUAQ1-QM6B2003PB801S57MMEM1;A4 / 2.0 / TDI Q;Nemcija;DEU;osebni avtomobil;215;limuzina;A4 
110;1655;4.7;1;AUDI;SCSUAF1-FM6B1002PB812S57MMEM1;A5 / 2.0 / TDI;Nemcija;DEU;osebni avtomobil;212;vozilo z dviûnimi vrati zadaj;A5 
110;1615;4.7;1;AUDI;LCSUAF1-FM6B1002PB828S57MMEM1;A4 / 2.0 / TDI;Nemcija;DEU;osebni avtomobil;216;limuzina;A4 
110;1610;4.7;1;AUDI;ACJCDF1-FM6B1002RB8K1S57MJEM1;A4 AVANT / 2.0 / TDI;Nemcija;DEU;osebni avtomobil;208;karavan;A4 AVANT 
110;1560;4.7;1;AUDI;XCUVCF1-FM62Q041P8U067MMEM1;Q3 / 2.0 / TDI;Nemcija;DEU;osebni avtomobil;204;karavan;Q3 
110;1485;4.7;1;AUDI;SDSRBF1-FD7FD7GC002RT011B174BFAEM1MLN1D0;A3 / 2.0 / TDI AUT.;Nemcija;DEU;osebni avtomobil;224;vozilo z dviûnimi vrati zadaj;A3 
110;1470;4.7;1;AUDI;LCRLBQ1-QM62Q031R8V627MMEM1;A3 / 2.0 / TDI Q;Nemcija;DEU;osebni avtomobil;220;limuzina;A3 
110;1465;4.7;1;AUDI;SCRBCQ1-QM62Q031R8V617MJEM1;A3 / 2.0 / TDI Q;Nemcija;DEU;osebni avtomobil;214;vozilo z dviûnimi vrati zadaj;A3 
110;1460;4.7;1;AUDI;SCRLBQ1-QM62Q031R8V617MMEM1;A3 / 2.0 / TDI Q;Nemcija;DEU;osebni avtomobil;214;vozilo z dviûnimi vrati zadaj;A3 
110;1435;4.7;1;AUDI;ACRBCQ1-QM62Q031R8V617MJEM1;A3 / 2.0 / TDI Q;Nemcija;DEU;osebni avtomobil;214;karavan;A3 
110;1395;4.7;1;AUDI;SCRLBF1-FD6FD6D9002P8V367MMEM1K1;A3 / 2.0 / TDI AUT.;Nemcija;DEU;osebni avtomobil;218;vozilo z dviûnimi vrati zadaj;A3 
110;1305;4.7;0;AUDI;SCZEAF1-FM6FM62S022P8V337MMEM1K1;A3 / 1.4 / TFSI;Nemcija;DEU;osebni avtomobil;220;vozilo z dviûnimi vrati zadaj;A3 
110;1300;4.7;0;AUDI;SCZEAF1-FM62S022R8V917MMEM1;A3 / 1.4 / TFSI;Nemcija;DEU;osebni avtomobil;220;vozilo z dviûnimi vrati zadaj;A3 
110;1805;4.7;1;BMW;5L11-6A250000;518 / TOURING / d AUT.;Nemcija;DEU;osebni avtomobil;209;karavan;518
110;1795;4.7;1;BMW;5L11-6H150000;518 / TOURING / d;Nemcija;DEU;osebni avtomobil;210;karavan;518
110;1755;4.7;1;BMW;WZ31-6A150000;X3 / sDrive 18 / d AUT.;Nemcija;DEU;osebni avtomobil;195;karavan;X3 
110;1690;4.7;1;BMW;6X11-IAW500L0;218 / GRAN TOURER / d xDrive AUT.;Nemcija;DEU;osebni avtomobil;205;karavan;218
110;1685;4.7;1;BMW;6X11-DAW50000;218 / GRAN TOURER / d xDrive AUT.;Nemcija;DEU;osebni avtomobil;205;karavan;218
110;1680;4.7;1;BMW;JH71-6AW500C0;X1 / xDrive 18 / d AUT.;Nemcija;DEU;osebni avtomobil;204;karavan;X1 
110;1645;4.7;1;BMW;8H71-6AW50000;318 / TOURING / d AUT.;Nemcija;DEU;osebni avtomobil;210;karavan;318
110;1645;4.7;1;BMW;8H51-6H150000;318 / TOURING / d xDrive;Nemcija;DEU;osebni avtomobil;206;karavan;318
110;1615;4.7;1;BMW;2E91-6A1500C0;218 / / d xDrive GRAN TOURER AUT.;Nemcija;DEU;osebni avtomobil;205;karavan;218
110;1615;4.7;1;BMW;JH51-DAW50000;X1 / SDRIVE 18 / D AUT.;Nemcija;DEU;osebni avtomobil;205;karavan;X1 
110;1615;4.7;1;BMW;HT91-6A1500C0;X1 / xDrive 18 / d AUT.;Nemcija;DEU;osebni avtomobil;204;karavan;X1 
110;1605;4.7;1;BMW;HT91-6H1500C0;X1 / xDrive 18 / d;Nemcija;DEU;osebni avtomobil;204;karavan;X1 
110;1500;4.7;1;BMW;1U51-6H350000;118 / / d xDrive;Nemcija;DEU;osebni avtomobil;210;karavan;118
110;1614;4.7;1;FORD;DM2-T7MA1A-5NN1PE;KUGA / 2.0 / TDCI 110 M6 4x2;Nemcija;DEU;osebni avtomobil;194;vecnamensko vozilo;KUGA 
110;1614;4.7;1;FORD;DM2-T7MA1A-5NN1PE;KUGA / 2.0 / TDCI 110 M6 4x2;Nemcija;DEU;osebni avtomobil;194;vozilo za posebne namene;KUGA 
110;1802;4.7;1;LAND ROVER;LCS5CAFF-M5J1;DISCOVERY SPORT / 2.0 / ED4 FWD;Zdruûeno kraljestvo;GBR;osebni avtomobil;180;karavan;DISCOVERY SPORT 
110;1596;4.7;1;PEUGEOT;MJAHXH-C2B000;3008 / 2.0 / HDI;Francija;FRA;osebni avtomobil;207;vecnamensko vozilo;3008
110;1501;4.7;1;SEAT;FDSTBX0-FD7SFD7GC0024BFVL1BAF;LEON SPORTSTOURER / 2.0 / TDI AUT.;äpanija;ESP;osebni avtomobil;217;karavan;LEON SPORTSTOURER 
110;1446;4.7;1;SEAT;BDSTBX0-FD7SFD7GC0024BFVL1BAD;LEON / 2.0 / TDI AUT.;äpanija;ESP;osebni avtomobil;218;karavan;LEON 
110;1277;4.7;0;SEAT;FCZEAX0-FM6SFM62S0227MMVLO;LEON ST / 1.4 / TSI;äpanija;ESP;osebni avtomobil;215;karavan;LEON ST 
110;1241;4.7;0;SEAT;BCZEAX0-FM6SFM62S0227MMVLO;LEON / 1.4 / TSI;äpanija;ESP;osebni avtomobil;215;karavan;LEON 
110;1223;4.7;0;SEAT;CCZEAX0-FM6SFM62S0227MMVLO;LEON SC / 1.4 / TSI;äpanija;ESP;osebni avtomobil;215;karavan;LEON SC 
110;1625;4.7;1;äKODA;ACDFEAX11-NAM6AM62Q001ST627;SUPERB / COMBI 2.0 / TDI 4x4;Ceöka republika;CZE;osebni avtomobil;213;karavan;SUPERB 
110;1588;4.7;1;äKODA;AADTSAX01-NFM6FM62Q0284BISTN1A1A;SUPERB / 2.0 / TDI;Ceöka republika;CZE;osebni avtomobil;223;limuzina;SUPERB 
110;1520;4.7;1;äKODA;ACCRLBX01-NFD6FD6D9002ST627;SUPERB / COMBI 2.0 / TDI AUT.;Ceöka republika;CZE;osebni avtomobil;216;karavan;SUPERB 
110;1487;4.7;1;äKODA;ACDSTBX0-NFD7FD7GC0024BFVL0N1A6A;OCTAVIA / COMBI 2.0 / TDI AUT.;Ceöka republika;CZE;osebni avtomobil;222;karavan;OCTAVIA 
110;1473;4.7;1;äKODA;ACDTTCX0-NFD7FD7GC0024BIVL0N1B9A;OCTAVIA / COMBI 2.0 / TDI AUT.;Ceöka republika;CZE;osebni avtomobil;223;karavan;OCTAVIA 
110;1473;4.7;1;äKODA;ACDSTBX0-NFD7FD7GC0024BFVL0N1A7A;OCTAVIA / COMBI 2.0 / TDI AUT.;Ceöka republika;CZE;osebni avtomobil;222;karavan;OCTAVIA 
110;1461;4.7;1;äKODA;AADSTBX0-NFD7FD7GC0024BFVL4N1B7A;OCTAVIA / 2.0 / TDI AUT.;Ceöka republika;CZE;osebni avtomobil;227;limuzina;OCTAVIA 
110;1458;4.7;1;äKODA;ACCRMBX1-NAM6AM62Q031STMLN657;OCTAVIA / COMBI 2.0 / TDI 4x4;Ceöka republika;CZE;osebni avtomobil;213;karavan;OCTAVIA 
110;1455;4.7;1;äKODA;ACCKFCX1-NAM6AM62Q031STML9;OCTAVIA / COMBI 2.0 / TDI 4x4;Ceöka republika;CZE;osebni avtomobil;213;karavan;OCTAVIA 
110;1438;4.7;1;äKODA;AACRMBX1-NAM6AM62Q031STMLN657;OCTAVIA / 2.0 / TDI 4x4;Ceöka republika;CZE;osebni avtomobil;215;limuzina;OCTAVIA 
110;1631;4.7;1;VOLKSWAGEN;ACDFEAX1-AM6AM62Q001SV7MMVR262;PASSAT / VARIANT 2.0 / TDI 4M;Nemcija;DEU;osebni avtomobil;213;karavan;PASSAT 
110;1615;4.7;1;VOLKSWAGEN;DFGAAF-FD6FD6D90027MMS72VR264;TOURAN / 2.0 / TDI AUT.;Nemcija;DEU;osebni avtomobil;206;vecnamensko vozilo;TOURAN 
110;1613;4.7;1;VOLKSWAGEN;AADTSBX0-FD7FD7GC004SV4BIVR21AA0I;PASSAT / 2.0 / TDI AUT.;Nemcija;DEU;osebni avtomobil;220;limuzina;PASSAT 
110;1598;4.7;1;VOLKSWAGEN;AADFEAX1-AM6AM62Q001SV7MMVR262;PASSAT / 2.0 / TDI 4M;Nemcija;DEU;osebni avtomobil;215;limuzina;PASSAT 
110;1595;4.7;1;VOLKSWAGEN;DFGAAF-FM6FM62Q0287MMS72VR262;TOURAN / 2.0 / TDI;Nemcija;DEU;osebni avtomobil;208;vecnamensko vozilo;TOURAN 
110;1574;4.7;1;VOLKSWAGEN;ACDFGAX0-FM6FM6BB005KN5N3TVR27MM62;TIGUAN / 2.0 / TDI;Nemcija;DEU;osebni avtomobil;204;karavan;TIGUAN 
110;1571;4.7;1;VOLKSWAGEN;ACDTSBX0-FD7FD7GC002N4BISON1ML1BVR2AGB;GOLF VARIANT / 2.0 / TDI AUT.;Nemcija;DEU;osebni avtomobil;223;karavan;GOLF VARIANT 
110;1571;4.7;1;VOLKSWAGEN;DFGAAC-FD6FD6D90027MMS50VR264;TOURAN / 2.0 / TDI AUT.;Nemcija;DEU;osebni avtomobil;206;karavan;TOURAN 
110;1568;4.7;1;VOLKSWAGEN;ACDFGAX0-NFM6FM6BB005KN2TVR27MM62;TIGUAN / 2.0 / TDI;Nemcija;DEU;osebni avtomobil;204;karavan;TIGUAN 
110;1564;4.7;1;VOLKSWAGEN;ACDTSBX0-FD7FD7GC002N4BISON1ML1BVR2AI0;GOLF VARIANT / 2.0 / TDI AUT.;Nemcija;DEU;osebni avtomobil;223;karavan;GOLF VARIANT 
110;1562;4.7;1;VOLKSWAGEN;AADTSBX0-FD7FD7GC004SV4BIVR21AAAG;PASSAT / 2.0 / TDI AUT.;Nemcija;DEU;osebni avtomobil;220;limuzina;PASSAT 
110;1554;4.7;1;VOLKSWAGEN;ACDTSAX0-FM6FM6C9002N4BISON1ML1BVR2AI0;GOLF VARIANT / 2.0 / TDI;Nemcija;DEU;osebni avtomobil;223;karavan;GOLF VARIANT 
110;1552;4.7;1;VOLKSWAGEN;DFGAAC-FM6FM62Q0287MMS50VR262;TOURAN / 2.0 / TDI;Nemcija;DEU;osebni avtomobil;208;karavan;TOURAN 
110;1548;4.7;1;VOLKSWAGEN;ACCRLBX0-FD6FD6D9002SH7MMVR262;PASSAT / VARIANT 2.0 / TDI AUT.;Nemcija;DEU;osebni avtomobil;216;karavan;PASSAT 
110;1541;4.7;1;VOLKSWAGEN;ACCRLBX0-FD6FD6D9002SV7MMVR262;PASSAT / VARIANT 2.0 / TDI AUT.;Nemcija;DEU;osebni avtomobil;216;karavan;PASSAT 
110;1525;4.7;1;VOLKSWAGEN;AADSRAX0-FM6FM62Q028SV4BFVR21AA;PASSAT / 2.0 / TDI;Nemcija;DEU;osebni avtomobil;223;limuzina;PASSAT 
110;1515;4.7;1;VOLKSWAGEN;SACDCYAX0-FD7FD7GC002N7MMON1ML06VR2;GOLF / SPORTSVAN 2.0 / TDI AUT.;Nemcija;DEU;osebni avtomobil;210;karavan;GOLF 
110;1492;4.7;1;VOLKSWAGEN;SACCRLBX0-FD6FD6D9002N7MMON1ML02VR2;GOLF / SPORTSVAN 2.0 / TDI AUT.;Nemcija;DEU;osebni avtomobil;210;karavan;GOLF 
110;1471;4.7;1;VOLKSWAGEN;GAC45CRLBX1-AM6AM62Q031N7MMON1ML77VR2;GOLF / 2.0 / TDI 4M;Nemcija;DEU;osebni avtomobil;211;karavan;GOLF 
110;1471;4.7;1;VOLKSWAGEN;AC4CRBCX1-AM6AM62Q031N7MJOMLVR2;GOLF / 2.0 / TDI 4M;Nemcija;DEU;osebni avtomobil;210;karavan;GOLF 
110;1459;4.7;1;VOLKSWAGEN;ACDTSBX0-FD7FD7GC002N4BISON1ML1BVR2AGB;GOLF / 2.0 / TDI AUT.;Nemcija;DEU;osebni avtomobil;223;karavan;GOLF 
110;1445;4.7;1;VOLKSWAGEN;ABCUUBX0-FD6FD62E031LLN627MMVIVR2;BEETLE / 2.0 / TDI AUT.;Nemcija;DEU;osebni avtomobil;200;vozilo z dviûnimi vrati zadaj;BEETLE 
110;1316;4.7;0;VOLKSWAGEN;GAC4CZEAX0-FD7FD7CW002N7MMON1ML00VR2;GOLF / 1.4 / TSI AUT.;Nemcija;DEU;osebni avtomobil;216;karavan;GOLF 
110;1280;4.7;0;VOLKSWAGEN;GAC45CZEAX0-FM6FM62S022N7MMON1ML79VR2;GOLF / 1.4 / TSI;Nemcija;DEU;osebni avtomobil;216;karavan;GOLF 
110;1865;4.7;1;VOLVO;DDZAR-DZARCD;XC 60 / 2.0 / TD AUT.;ävedska;SWE;osebni avtomobil;190;karavan;XC 60 
110;1728;4.7;1;VOLVO;DDZAR-DZARCD;XC60 / 2.0 / TD AUT.;ävedska;SWE;osebni avtomobil;190;karavan;XC60 
110;1735;4.8;1;AUDI;XDEUAF1-FM6FM6DJ006PFY077MMEM1FS;Q5 / 2.0 / TDI;Nemcija;DEU;osebni avtomobil;206;karavan;Q5 
110;1730;4.8;1;AUDI;ACSUAQ1-QM6B2003RB8K1S57MMEM1;A4 AVANT / 2.0 / TDI Q;Nemcija;DEU;osebni avtomobil;207;karavan;A4 AVANT 
110;1680;4.8;1;AUDI;SCSUAF1-FAVAW011PB812S57MMEM1;A5 / 2.0 / TDI AUT.;Nemcija;DEU;osebni avtomobil;205;vozilo z dviûnimi vrati zadaj;A5 
110;1670;4.8;1;AUDI;ACSUAF1-FM6B1002PB803S57MMEM1;A4 AVANT / 2.0 / TDI;Nemcija;DEU;osebni avtomobil;208;karavan;A4 AVANT 
110;1655;4.8;1;AUDI;SCSUAF1-FM6B1002PB822S57MMEM1;A5 / 2.0 / TDI;Nemcija;DEU;osebni avtomobil;212;vozilo z dviûnimi vrati zadaj;A5 
110;1650;4.8;1;AUDI;LCSUAF1-FAVAW011PB803S57MMEM1;A4 / 2.0 / TDI AUT.;Nemcija;DEU;osebni avtomobil;210;limuzina;A4 
110;1615;4.8;1;AUDI;SCJCDF1-FAVAW011RB8T1S47MJEM1;A5 / 2.0 / TDI AUT.;Nemcija;DEU;osebni avtomobil;205;vozilo z dviûnimi vrati zadaj;A5 
110;1590;4.8;1;AUDI;LCJCDF1-FAVAW011RB8K1S57MJEM1;A4 / 2.0 / TDI AUT.;Nemcija;DEU;osebni avtomobil;210;limuzina;A4 
110;1590;4.8;1;AUDI;XDFTAF1-FD7FD7BH002P8U027MMEM1;Q3 / 2.0 / TDI AUT.;Nemcija;DEU;osebni avtomobil;204;karavan;Q3 
110;1550;4.8;1;AUDI;XDFGAQ1-QD7AD7GC005PGA077MMEM1HA0;Q2 / 2.0 / TDI Q AUT.;Nemcija;DEU;osebni avtomobil;211;karavan;Q2 
110;1470;4.8;1;AUDI;LCRLBQ1-QM6QM62Q031P8V427MMEM1K1;A3 / 2.0 / TDI Q;Nemcija;DEU;osebni avtomobil;220;limuzina;A3 
110;1465;4.8;1;AUDI;SCRLBQ1-QM6QM62Q031P8V327MMEM1K1;A3 / 2.0 / TDI Q;Nemcija;DEU;osebni avtomobil;214;vozilo z dviûnimi vrati zadaj;A3 
110;1460;4.8;1;AUDI;SDCYAQ1-QM6AM62Q031P8V337MMEM1;A3 / 2.0 / TDI Q;Nemcija;DEU;osebni avtomobil;214;vozilo z dviûnimi vrati zadaj;A3 
110;1320;4.8;0;AUDI;LCZEAF1-FD7FD7AM014P8V427MMEM1K1;A3 / 1.4 / TFSI AUT.;Nemcija;DEU;osebni avtomobil;224;limuzina;A3 
110;1315;4.8;0;AUDI;SCZEAF1-FD7FD7AM014P8V317MMEM1K1;A3 / 1.4 / TFSI AUT.;Nemcija;DEU;osebni avtomobil;220;vozilo z dviûnimi vrati zadaj;A3 
110;1310;4.8;0;AUDI;SCZEAF1-FD7CW006P8V067MMEM1;A3 / 1.4 / TFSI AUT.;Nemcija;DEU;osebni avtomobil;220;vozilo z dviûnimi vrati zadaj;A3 
110;1735;4.8;1;BMW;6X11-DAW700L0;218 / GRAN TOURER / d xDrive AUT.;Nemcija;DEU;osebni avtomobil;205;karavan;218
110;1705;4.8;1;BMW;6L31-IAA500K0;318 / TOURING / d AUT.;Nemcija;DEU;osebni avtomobil;215;karavan;318
110;1685;4.8;1;BMW;6X11-DAW500L0;218 / GRAN TOURER / d xDrive AUT.;Nemcija;DEU;osebni avtomobil;205;karavan;218
110;1680;4.8;1;BMW;JH71-6AW500C0;X1 / xDrive 18 / d AUT.;Nemcija;DEU;osebni avtomobil;204;karavan;X1 
110;1580;4.8;1;BMW;5V31-IAW500K0;318 / / d AUT.;Nemcija;DEU;osebni avtomobil;224;limuzina;318
110;1575;4.8;1;BMW;8C11-6H350000;318 / / d xDrive;Nemcija;DEU;osebni avtomobil;212;limuzina;318
110;1555;4.8;1;BMW;2E51-6A2500C0;218 / / d GRAN TOURER AUT.;Nemcija;DEU;osebni avtomobil;207;karavan;218
110;1520;4.8;1;BMW;5V31-DHW500K0;318 / / d;Nemcija;DEU;osebni avtomobil;226;limuzina;318
110;1519;4.8;1;FORD;DXA-T7DB1V-5SJ1PC;C-MAX / 2.0 / TDCI 110 A6;Nemcija;DEU;osebni avtomobil;202;vecnamensko vozilo;C-MAX 
110;1825;4.8;1;LAND ROVER;LVS5DF2F-B5T1;RANGE ROVER EVOQUE / 2.0 / SW TD4150 4WD;Zdruûeno kraljestvo;GBR;osebni avtomobil;182;karavan;RANGE ROVER EVOQUE 
110;1820;4.8;1;LAND ROVER;LVS5DF2F-B5T3;RANGE ROVER EVOQUE / 2.0 / TD4 4WD;Zdruûeno kraljestvo;GBR;osebni avtomobil;182;karavan;RANGE ROVER EVOQUE 
110;1520;4.8;1;MAZDA;62187W0;MAZDA 6 / CD150 / AT;Japonska ;JPN;osebni avtomobil;204;limuzina;MAZDA 6 
110;1480;4.8;1;MAZDA;64281W0;MAZDA 3 / SP / CD150 / AT;Japonska ;JPN;osebni avtomobil;201;vozilo z dviûnimi vrati zadaj;MAZDA 3 
110;1450;4.8;1;MAZDA;64281W0;MAZDA 3 / SP / CD150 AT;Japonska ;JPN;osebni avtomobil;201;vozilo za posebne namene;MAZDA 3 
110;1725;4.8;1;MERCEDES BENZ;U013T0-CZAA15FA;E / 200 / d AUT.;Nemcija;DEU;osebni avtomobil;224;limuzina;E 
110;1715;4.8;1;MERCEDES BENZ;U013T0-CZAA150A;E / 200 / d AUT.;Nemcija;DEU;osebni avtomobil;224;limuzina;E 
110;1645;4.8;1;MERCEDES BENZ;R213T0-CZAA150A;C / 200 T / d AUT.;Nemcija;DEU;osebni avtomobil;216;karavan;C 
110;1545;4.8;1;MERCEDES BENZ;331CT2-HZAA150A;CLA / 200 / d AUT.;Nemcija;DEU;osebni avtomobil;226;limuzina;CLA 
110;1490;4.8;1;MERCEDES BENZ;X21CT2-HZAA151A;A / 200 / d AUT.;Nemcija;DEU;osebni avtomobil;220;karavan;A 
110;1656;4.8;1;PEUGEOT;MJAHXH-S2B000;5008 / 2.0 / HDI;Francija;FRA;osebni avtomobil;207;vecnamensko vozilo;5008
110;1569;4.8;1;RENAULT;DTE8G6;LAGUNA / COUPE 2.0 / DCI;Francija;FRA;osebni avtomobil;210;kupe;LAGUNA 
110;1505;4.8;1;RENAULT;KTD2G6;LAGUNA / GRANDTOUR 2.0 / DCI;Francija;FRA;osebni avtomobil;210;karavan;LAGUNA 
110;1493;4.8;1;RENAULT;BTD2G6;LAGUNA / 2.0 / DCI;Francija;FRA;osebni avtomobil;210;vozilo z dviûnimi vrati zadaj;LAGUNA 
110;1484;4.8;1;RENAULT;BT32G6;LAGUNA / 2.0 / DCI;Francija;FRA;osebni avtomobil;210;vozilo z dviûnimi vrati zadaj;LAGUNA 
110;1491;4.8;1;SEAT;XCRLBX1V-AM6SAM62Q0317MMMLO573;LEON X-PERIENCE / 2.0 / TDI 4WD;äpanija;ESP;osebni avtomobil;208;karavan;LEON X-PERIENCE 
110;1474;4.8;1;SEAT;FCRLBX1-AM6SAM62Q0317MMMLO;LEON ST / 2.0 / TDI 4WD;äpanija;ESP;osebni avtomobil;211;karavan;LEON ST 
110;1277;4.8;0;SEAT;FCZEAX0V-FM6SFM62S0227MMVLO566;LEON ST / 1.4 / TSI;äpanija;ESP;osebni avtomobil;215;karavan;LEON ST 
110;1630;4.8;1;äKODA;AADFEAX11-NAM6AM62Q001STN627;SUPERB / 2.0 / TDI 4x4;Ceöka republika;CZE;osebni avtomobil;215;limuzina;SUPERB 
110;1614;4.8;1;äKODA;AADTSAX01-NFM6FM62Q0284BISTN1A1A;SUPERB / 2.0 / TDI;Ceöka republika;CZE;osebni avtomobil;223;limuzina;SUPERB 
110;1585;4.8;1;äKODA;AADTSBX01-NFD7FD7GC0044BISTN1A1A;SUPERB / 2.0 / TDI AUT.;Ceöka republika;CZE;osebni avtomobil;222;limuzina;SUPERB 
110;1565;4.8;1;äKODA;ACCRLBX01-NFD6FD6D9002STN617;SUPERB / COMBI 2.0 / TDI AUT.;Ceöka republika;CZE;osebni avtomobil;216;karavan;SUPERB 
110;1526;4.8;1;äKODA;ACCRMBX1-SAM6AM62Q031SCMLN667;OCTAVIA / COMBI 2.0 / TDI 4x4;Ceöka republika;CZE;osebni avtomobil;207;karavan;OCTAVIA 
110;1487;4.8;1;äKODA;ACDSTBX0-NFD7FD7GC0024BFVL0N1B6A;OCTAVIA / COMBI 2.0 / TDI AUT.;Ceöka republika;CZE;osebni avtomobil;222;karavan;OCTAVIA 
110;1486;4.8;1;äKODA;ACDFSBX0-NFM6FM62Q028ST617;YETI / 2.0 / TDI;Ceöka republika;CZE;osebni avtomobil;199;karavan;YETI 
110;1473;4.8;1;äKODA;ACDSTBX0-NFD7FD7GC0024BFVL0N1BGA;OCTAVIA / COMBI 2.0 / TDI AUT.;Ceöka republika;CZE;osebni avtomobil;222;karavan;OCTAVIA 
110;1461;4.8;1;äKODA;AADSTBX0-NFD7FD7GC0024BFVL4N1B7A;OCTAVIA / 2.0 / TDI AUT.;Ceöka republika;CZE;osebni avtomobil;227;limuzina;OCTAVIA 
110;1458;4.8;1;äKODA;ACCRMBX1-NAM6AM62Q031STMLN687;OCTAVIA / COMBI 2.0 / TDI 4X4;Ceöka republika;CZE;osebni avtomobil;213;karavan;OCTAVIA 
110;1270;4.8;0;äKODA;AACZDAX0-NFD7FD7CW006STVL657;OCTAVIA / 1.4 / TSI AUT.;Ceöka republika;CZE;osebni avtomobil;219;limuzina;OCTAVIA 
110;1633;4.8;1;VOLKSWAGEN;AADTSBX0-FD7FD7GC004SV4BIVR21AA0I;PASSAT / 2.0 / TDI AUT.;Nemcija;DEU;osebni avtomobil;220;limuzina;PASSAT 
110;1631;4.8;1;VOLKSWAGEN;ACDFEAX1-AM6AM62Q001SV7MMVR262;PASSAT / VARIANT 2.0 / TDI 4M;Nemcija;DEU;osebni avtomobil;213;karavan;PASSAT 
110;1615;4.8;1;VOLKSWAGEN;DFEAAF-FD6FD6D90027MMS72VR264;TOURAN / 2.0 / TDI AUT.;Nemcija;DEU;osebni avtomobil;206;vecnamensko vozilo;TOURAN 
110;1615;4.8;1;VOLKSWAGEN;ACDFGAX0-NFD7FD7DL001GN4TVR27MM62;TIGUAN / 2.0 / TDI AUT.;Nemcija;DEU;osebni avtomobil;202;karavan;TIGUAN 
110;1614;4.8;1;VOLKSWAGEN;AADTSBX0-FD7FD7GC004SV4BIVR21BA0I;PASSAT / 2.0 / TDI AUT.;Nemcija;DEU;osebni avtomobil;220;limuzina;PASSAT 
110;1604;4.8;1;VOLKSWAGEN;AACUVCX0-FD6FD62E0317MMVR2625;CC / 2.0 / TDI AUT.;Nemcija;DEU;osebni avtomobil;218;limuzina;CC 
110;1577;4.8;1;VOLKSWAGEN;ACDTSBX0-FD7FD7GC002N4BISON1ML1BVR2AGB;GOLF VARIANT / 2.0 / TDI AUT.;Nemcija;DEU;osebni avtomobil;223;karavan;GOLF VARIANT 
110;1574;4.8;1;VOLKSWAGEN;ACDFGAX0-FM6FM6BB005KN5R3TVR27MM63;TIGUAN / 2.0 / TDI;Nemcija;DEU;osebni avtomobil;204;karavan;TIGUAN 
110;1571;4.8;1;VOLKSWAGEN;DFEAAC-FD6FD6D90027MMS50VR264;TOURAN / 2.0 / TDI AUT.;Nemcija;DEU;osebni avtomobil;206;karavan;TOURAN 
110;1568;4.8;1;VOLKSWAGEN;ACDFGAX0-NFM6FM6BB005KN2TVR27MM61;TIGUAN / 2.0 / TDI;Nemcija;DEU;osebni avtomobil;204;karavan;TIGUAN 
110;1555;4.8;1;VOLKSWAGEN;VACCRLBX1-AM6AM62Q031C7MMON1ML69VR2;GOLF / ALLTRACK 2.0 / TDI 4M;Nemcija;DEU;osebni avtomobil;207;karavan;GOLF 
110;1541;4.8;1;VOLKSWAGEN;ACCRLBX0-FD6FD6D9002SV7MMVR262;PASSAT / VARIANT 2.0 / TDI AUT.;Nemcija;DEU;osebni avtomobil;216;karavan;PASSAT 
110;1528;4.8;1;VOLKSWAGEN;VACCRLBX1-AM6AM62Q031N7MMOML00VR2;GOLF / VARIANT 2.0 / TDI 4M;Nemcija;DEU;osebni avtomobil;214;karavan;GOLF 
110;1525;4.8;1;VOLKSWAGEN;AADSRAX0-FM6FM62Q028SV4BFVR21BA;PASSAT / 2.0 / TDI;Nemcija;DEU;osebni avtomobil;223;limuzina;PASSAT 
110;1520;4.8;1;VOLKSWAGEN;ACDTSBX0-FD7FD7GC002N4BISON1ML1BVR2AG0;GOLF VARIANT / 2.0 / TDI AUT.;Nemcija;DEU;osebni avtomobil;223;karavan;GOLF VARIANT 
110;1504;4.8;1;VOLKSWAGEN;ABCUUBX0-FD6FD62E031LLC637MMVIVR2;BEETLE / 2.0 / TDI AUT.;Nemcija;DEU;osebni avtomobil;198;vozilo z dviûnimi vrati zadaj;BEETLE 
110;1492;4.8;1;VOLKSWAGEN;SACCRLBX0-FD6FD6D9002N7MMMML05VR2;GOLF / SPORTSVAN 2.0 / TDI AUT.;Nemcija;DEU;osebni avtomobil;210;karavan;GOLF 
110;1470;4.8;1;VOLKSWAGEN;GAC4DCYAX1-AM6AM62Q031N7MMON1ML79VR2N;GOLF / 2.0 / TDI 4M;Nemcija;DEU;osebni avtomobil;211;karavan;GOLF 
110;1470;4.8;1;VOLKSWAGEN;GAC4DCYAX1-AM6AM62Q031N7MMON1ML79VR2N;GOLF / 2.0 / TDI 4M;Nemcija;DEU;osebni avtomobil;211;vozilo za posebne namene;GOLF 
110;1445;4.8;1;VOLKSWAGEN;ABCUUBX0-FD6FD62E031LLN617MMVIVR2;BEETLE / 2.0 / TDI AUT.;Nemcija;DEU;osebni avtomobil;200;vozilo z dviûnimi vrati zadaj;BEETLE 
110;1316;4.8;0;VOLKSWAGEN;GAC4CZEAX0-FD7FD7CW002N7MMON1ML69VR2;GOLF / 1.4 / TSI AUT.;Nemcija;DEU;osebni avtomobil;216;karavan;GOLF 
110;1296;4.8;0;VOLKSWAGEN;GAC4CZEAX0-FM6FM62S022N7MMON1ML00VR2;GOLF / 1.4 / TSI;Nemcija;DEU;osebni avtomobil;216;karavan;GOLF 
110;1280;4.8;0;VOLKSWAGEN;GAC4CZEAX0-FM6FM62S022N7MMON1ML69VR2;GOLF / 1.4 / TSI;Nemcija;DEU;osebni avtomobil;216;karavan;GOLF 
110;1729;4.8;1;VOLVO;ZZW72-ZW72TD0;V60 / 2.0 / TD / AUT. FWD;ävedska;SWE;osebni avtomobil;205;karavan;V60 
110;1650;4.8;1;VOLVO;XXZ72-XZ72V10;XC40 / 2.0 / TD / MAN FWD;Belgija;BEL;osebni avtomobil;200;karavan;XC40 
110;1495;4.88;1;BMW;1S51-6AW50000;118 / / D AUT.;Nemcija;DEU;osebni avtomobil;212;karavan;118
110;1320;4.9;1;ALFA ROMEO;937CXN1B24C;GT / 1.9 / JTD 16V;Italija;ITA;osebni avtomobil;209;kupe;GT 
110;1830;4.9;1;AUDI;XCSUAF1-FM6B1006R8R737MMEM1N;Q5 / 2.0 / TDI;Nemcija;DEU;osebni avtomobil;192;karavan;Q5 
110;1718;4.9;1;AUDI;XDFTAQ1-QM6QM62Q039P8U057MMEM1K1-;Q3 / 2.0 / TDI Q;Nemcija;DEU;osebni avtomobil;204;karavan;Q3 
110;1698;4.9;1;AUDI;XDFTAQ1-QM62Q039P8U057MMEM1;Q3 / 2.0 / TDI Q;Nemcija;DEU;osebni avtomobil;204;karavan;Q3 
110;1691;4.9;1;AUDI;XDFTAQ1-QM6QM62Q039P8U057MMEM1;Q3 / 2.0 / TDI Q;Nemcija;DEU;osebni avtomobil;204;karavan;Q3 
110;1670;4.9;1;AUDI;ACSUAF1-FM6B1002PB828S57MMEM1;A4 AVANT / 2.0 / TDI;Nemcija;DEU;osebni avtomobil;208;karavan;A4 AVANT 
110;1650;4.9;1;AUDI;ACJCDF1-FAVAW011RB8K1S57MJEM1;A4 AVANT / 2.0 / TDI AUT.;Nemcija;DEU;osebni avtomobil;200;karavan;A4 AVANT 
110;1645;4.9;1;AUDI;XDFTAQ1-QM6QM62Q039P8U057MMEM1K1;Q3 / 2.0 / TDI Q;Nemcija;DEU;osebni avtomobil;204;karavan;Q3 
110;1550;4.9;1;AUDI;XDFGAQ1-QD7AD7GC005PGA057MMEM1HA0;Q2 / 2.0 / TDI Q AUT.;Nemcija;DEU;osebni avtomobil;211;karavan;Q2 
110;1485;4.9;1;AUDI;SDSRBF1-FD7FD7GC002RT021C194BFBEM1MLN1D0;A3 / 2.0 / TDI AUT.;Nemcija;DEU;osebni avtomobil;224;vozilo z dviûnimi vrati zadaj;A3 
110;1470;4.9;1;AUDI;LCRLBQ1-QM6QM62Q031P8V437MMEM1K1;A3 / 2.0 / TDI Q;Nemcija;DEU;osebni avtomobil;220;limuzina;A3 
110;1465;4.9;1;AUDI;SCRLBQ1-QM6QM62Q031P8V347MMEM1K1;A3 / 2.0 / TDI Q;Nemcija;DEU;osebni avtomobil;214;vozilo z dviûnimi vrati zadaj;A3 
110;1325;4.9;0;AUDI;LCZEAF1-FD7AM014P8V167MMEM1;A3 / 1.4 / TFSI AUT.;Nemcija;DEU;osebni avtomobil;224;limuzina;A3 
110;1320;4.9;0;AUDI;LCZEAF1-FD7FD7AM014P8V437MMEM1;A3 / 1.4 / TFSI AUT.;Nemcija;DEU;osebni avtomobil;224;limuzina;A3 
110;1735;4.9;1;BMW;WZ31-6H250000;X3 / sDrive 18 / d;Nemcija;DEU;osebni avtomobil;195;karavan;X3 
110;1690;4.9;1;BMW;8X11-6HW500L0;318 / GT / d;Nemcija;DEU;osebni avtomobil;210;limuzina;318
110;1665;4.9;1;BMW;2E91-6A1700C0;218 / / d xDrive GRAN TOURER AUT.;Nemcija;DEU;osebni avtomobil;205;karavan;218
110;1645;4.9;1;BMW;8H51-6H250000;318 / TOURING / d xDrive;Nemcija;DEU;osebni avtomobil;206;karavan;318
110;1615;4.9;1;BMW;HT91-6A2500C0;X1 / xDrive 18 / d AUT.;Nemcija;DEU;osebni avtomobil;204;karavan;X1 
110;1605;4.9;1;BMW;HT91-6H2500C0;X1 / xDrive 18 / d;Nemcija;DEU;osebni avtomobil;204;karavan;X1 
110;1580;4.9;1;BMW;5V31-IAW500K0;318 / / d AUT.;Nemcija;DEU;osebni avtomobil;224;limuzina;318
110;1395;4.9;1;CITROEN;NCRHE8/1;C4 / 2.0 / HDI;Francija;FRA;osebni avtomobil;207;vozilo z dviûnimi vrati zadaj;C4 
110;1700;4.9;1;LAND ROVER;J3FFFF-B5T1;RANGE ROVER EVOQUE / / COUPE eD4 2WD;Zdruûeno kraljestvo;GBR;osebni avtomobil;180;kupe;RANGE ROVER EVOQUE 
110;1665;4.9;1;MAZDA;6W16EW0;CX-5 / CD150 /;Japonska ;JPN;osebni avtomobil;204;karavan;CX-5 
110;1607;4.9;1;MAZDA;69187W0;MAZDA 6 / KARAVAN / CD150 / AT;Japonska ;JPN;osebni avtomobil;202;karavan;MAZDA 6 
110;1604;4.9;1;MAZDA;GH69187W0;MAZDA 6 / KARAVAN / CD150 / AT;Japonska ;JPN;osebni avtomobil;215;karavan;MAZDA 6 
110;1588;4.9;1;MAZDA;69182W0;MAZDA 6 / KARAVAN 2.2 / D LP AT;Japonska ;JPN;osebni avtomobil;202;karavan;MAZDA 6 
110;1815;4.9;1;MERCEDES BENZ;U213T0-CZAA150B;E / 200 T / d AUT.;Nemcija;DEU;osebni avtomobil;217;karavan;E 
110;1570;4.9;1;MERCEDES BENZ;321CT2-HZAA150A;CLA / 200 / d AUT.;Nemcija;DEU;osebni avtomobil;221;karavan;CLA 
110;1510;4.9;1;MERCEDES BENZ;X01CT2-HZAA150A;A / 200 / d AUT.;Nemcija;DEU;osebni avtomobil;227;limuzina;A 
110;1492;4.9;1;SEAT;XCRLBX1-AM6SAM62Q0317MMMLO;LEON X-PERIENCE / 2.0 / TDI 4WD;äpanija;ESP;osebni avtomobil;208;karavan;LEON X-PERIENCE 
110;1491;4.9;1;SEAT;XCRLBX1V-AM6SAM62Q0317MMMLO5;LEON X-PERIENCE / 2.0 / TDI 4WD;äpanija;ESP;osebni avtomobil;208;karavan;LEON X-PERIENCE 
110;1474;4.9;1;SEAT;FCRLBX1V-AM6SAM62Q0317MMMLO566;LEON ST / 2.0 / TDI 4WD;äpanija;ESP;osebni avtomobil;211;karavan;LEON ST 
110;1277;4.9;0;SEAT;FCZEAX0V-FM6SFM62S0227MMVLO583;LEON ST / 1.4 / TSI;äpanija;ESP;osebni avtomobil;215;karavan;LEON ST 
110;1263;4.9;0;SEAT;BCZEAX0V-FD7SFD7CW0027MMVLO585;LEON / 1.4 / TSI AUT.;äpanija;ESP;osebni avtomobil;215;karavan;LEON 
110;1241;4.9;0;SEAT;BCZEAX0V-FM6SFM62S0227MMVLO583;LEON / 1.4 / TSI;äpanija;ESP;osebni avtomobil;215;karavan;LEON 
110;1630;4.9;1;äKODA;AADFGAX11-NAM6AM62Q001STN617;SUPERB / 2.0 / TDI 4x4;Ceöka republika;CZE;osebni avtomobil;215;limuzina;SUPERB 
110;1577;4.9;1;äKODA;ACDTSAX01-NFM6FM62Q0284BISTN1A1A;SUPERB / COMBI 2.0 / TDI;Ceöka republika;CZE;osebni avtomobil;215;karavan;SUPERB 
110;1555;4.9;1;äKODA;AADSRAX01-NFM6FM62Q0284BFSTN1A4A;SUPERB / 2.0 / TDI;Ceöka republika;CZE;osebni avtomobil;221;limuzina;SUPERB 
110;1514;4.9;1;äKODA;ACDTTAX0-NFM6FM62Q0284BI16N0N1A2A;KAROQ / 2.0 / TDI;Ceöka republika;CZE;osebni avtomobil;207;karavan;KAROQ 
110;1490;4.9;1;äKODA;ACDCYAX1-NAD7AD7GC002STMLN657;OCTAVIA / COMBI 2.0 / TDI 4X4 AUT.;Ceöka republika;CZE;osebni avtomobil;210;karavan;OCTAVIA 
110;1487;4.9;1;äKODA;ACDSTBX0-NFD7FD7GC0024BFVL0N1B6A;OCTAVIA / COMBI 2.0 / TDI AUT.;Ceöka republika;CZE;osebni avtomobil;222;karavan;OCTAVIA 
110;1459;4.9;1;äKODA;ACDTTAX0-NFM6FM62Q0284BI16N0N1A7A;KAROQ / 2.0 / TDI;Ceöka republika;CZE;osebni avtomobil;207;karavan;KAROQ 
110;1455;4.9;1;äKODA;ACCKFCX1-NAM6AM62Q034S1ML7;OCTAVIA / COMBI 2.0 / TDI 4x4;Ceöka republika;CZE;osebni avtomobil;213;karavan;OCTAVIA 
110;1395;4.9;0;äKODA;AACZEAX01-NFM6FM62S032ST617;SUPERB / 1.4 / TSI;Ceöka republika;CZE;osebni avtomobil;220;limuzina;SUPERB 
110;1285;4.9;0;äKODA;AADADAX0-NFD7FD7CW002STVLN657;OCTAVIA / 1.5 / TSI AUT.;Ceöka republika;CZE;osebni avtomobil;220;limuzina;OCTAVIA 
110;1270;4.9;0;äKODA;AADADAX0-NFM6FM62S022STVLN657;OCTAVIA / 1.5 / TSI;Ceöka republika;CZE;osebni avtomobil;220;limuzina;OCTAVIA 
110;1670;4.9;1;VOLKSWAGEN;ACDFEAX1-AM6AM62Q032CV7MMVR269;PASSAT / ALLTRACK 2.0 / TDI 4M;Nemcija;DEU;osebni avtomobil;205;karavan;PASSAT 
110;1660;4.9;1;VOLKSWAGEN;ACDFGAX0-FM6FM62Q032KL5N3NVR27MM62;TIGUAN / 2.0 / TDI;Nemcija;DEU;osebni avtomobil;202;karavan;TIGUAN 
110;1658;4.9;1;VOLKSWAGEN;ACDTSBX0-FD7FD7GC004SV4BIVR21AA00;PASSAT / VARIANT 2.0 / TDI AUT.;Nemcija;DEU;osebni avtomobil;210;karavan;PASSAT 
110;1651;4.9;1;VOLKSWAGEN;ACDTSBX0-FD7FD7GC004SV4BIVR21AA0I;PASSAT / VARIANT 2.0 / TDI AUT.;Nemcija;DEU;osebni avtomobil;210;karavan;PASSAT 
110;1615;4.9;1;VOLKSWAGEN;ACDFGAX0-FD7FD7DL001GN5R2TVR27MM63;TIGUAN / 2.0 / TDI AUT.;Nemcija;DEU;osebni avtomobil;202;karavan;TIGUAN 
110;1605;4.9;1;VOLKSWAGEN;ACDTSAX0-FM6FM62Q028SV4BIVR21AAMI;PASSAT / VARIANT 2.0 / TDI;Nemcija;DEU;osebni avtomobil;213;karavan;PASSAT 
110;1599;4.9;1;VOLKSWAGEN;ACDTSBX0-FD7FD7GC004SV4BIVR21AAG0;PASSAT / VARIANT 2.0 / TDI AUT.;Nemcija;DEU;osebni avtomobil;210;karavan;PASSAT 
110;1568;4.9;1;VOLKSWAGEN;ACDTSAX0-FM6FM62Q028SV4BIVR21AAAG;PASSAT / VARIANT 2.0 / TDI;Nemcija;DEU;osebni avtomobil;213;karavan;PASSAT 
110;1560;4.9;1;VOLKSWAGEN;ACDSRAX0-FM6FM62Q028SV4BFVR21AA;PASSAT / VARIANT 2.0 / TDI;Nemcija;DEU;osebni avtomobil;213;karavan;PASSAT 
110;1555;4.9;1;VOLKSWAGEN;VACCRLBX1-AM6AM62Q031C7MMOML09VR2;GOLF / VARIANT 2.0 / TDI 4M;Nemcija;DEU;osebni avtomobil;207;karavan;GOLF 
110;1550;4.9;1;VOLKSWAGEN;AADSRBX0-FD7FD7GC004SV4BFVR21AA;PASSAT / 2.0 / TDI AUT.;Nemcija;DEU;osebni avtomobil;220;limuzina;PASSAT 
110;1540;4.9;1;VOLKSWAGEN;ACDFGAX0-FM6FM62Q028SV7CNVR21BA;PASSAT / VARIANT 2.0 / TDI;Nemcija;DEU;osebni avtomobil;218;karavan;PASSAT 
110;1528;4.9;1;VOLKSWAGEN;VACCRLBX1-AM6AM62Q031N7MMON1ML73VR2;GOLF / VARIANT 2.0 / TDI 4M;Nemcija;DEU;osebni avtomobil;214;karavan;GOLF 
110;1525;4.9;1;VOLKSWAGEN;AADSRAX0-FM6FM62Q028SV4BFVR21CA;PASSAT / 2.0 / TDI;Nemcija;DEU;osebni avtomobil;223;limuzina;PASSAT 
110;1498;4.9;1;VOLKSWAGEN;GAC4DCYAX1-AD7AD7GC002N7MMON1ML77VR2N;GOLF / 2.0 / TDI 4M AUT.;Nemcija;DEU;osebni avtomobil;211;karavan;GOLF 
110;1486;4.9;1;VOLKSWAGEN;DTTAX0AC4-FM6FM62Q0284BI1AANNMI;T-ROC / 2.0 / TDI;Nemcija;DEU;osebni avtomobil;205;karavan;T-ROC 
110;1477;4.9;1;VOLKSWAGEN;ACDFSBX0-N0J2FM6FM6BB002N1SBVR27MMLL271;CADDY / 2.0 / TDI;Nemcija;DEU;osebni avtomobil;194;karavan;CADDY 
110;1470;4.9;1;VOLKSWAGEN;GAC4DCYAX1-AM6AM62Q031N7MMON1ML77VR2N;GOLF / 2.0 / TDI 4M;Nemcija;DEU;osebni avtomobil;211;karavan;GOLF 
110;1387;4.9;0;VOLKSWAGEN;AACZEAX0-FM6FM62S032SV7MMVR261;PASSAT / 1.4 / TSI;Nemcija;DEU;osebni avtomobil;220;limuzina;PASSAT 
110;1384;4.9;0;VOLKSWAGEN;VACDADAX0-FD7FD7CW002N7MVON1ML76VR2;GOLF / VARIANT 1.5 / TSI AUT.;Nemcija;DEU;osebni avtomobil;218;karavan;GOLF 
110;1338;4.9;0;VOLKSWAGEN;GAC4DADAX0-FD7FD7CW002N7MVON1ML79VR2N;GOLF / 1.5 / TSI AUT.;Nemcija;DEU;osebni avtomobil;216;karavan;GOLF 
110;1280;4.9;0;VOLKSWAGEN;GAC4CZEAX0-FM6FM62S022N7MMON1ML69VR2;GOLF / 1.4 / TSI;Nemcija;DEU;osebni avtomobil;216;karavan;GOLF 
110;1915;4.9;1;VOLVO;PPWAR-PWARBC;V 90 / 2.0 / TD AUT. AWD;ävedska;SWE;osebni avtomobil;205;karavan;V 90 
110;1650;4.9;1;VOLVO;XXZ72-XZ72B10;XC40 / 2.0 / TD / MAN FWD;ävedska;SWE;osebni avtomobil;200;karavan;XC40 
110;1830;5.1;1;AUDI;XCSUAF1-FM6B1006P8R107MMEM1N;Q5 / 2.0 / TDI;Nemcija;DEU;osebni avtomobil;192;karavan;Q5 
110;1752;5.1;1;AUDI;XDFTAQ1-QD7QD7BH003P8U067MMEM1K1;Q3 / 2.0 / TDI Q AUT.;Nemcija;DEU;osebni avtomobil;204;karavan;Q3 
110;1705;5.1;1;AUDI;ACSUAF1-FAVAW011PB828S57MMEM1;A4 AVANT / 2.0 / TDI AUT.;Nemcija;DEU;osebni avtomobil;200;karavan;A4 AVANT 
110;1680;5.1;1;AUDI;XCUVCQ1-QD7BH003P8U047MMEM1;Q3 / 2.0 / TDI Q AUT.;Nemcija;DEU;osebni avtomobil;204;karavan;Q3 
110;1635;5.1;1;AUDI;LCJCDQ1-QM6B2003RB8K1S57MJEM1;A4 / 2.0 / TDI Q;Nemcija;DEU;osebni avtomobil;215;limuzina;A4 
110;1415;5.1;1;AUDI;SDFGAF1-FM6FM62Q025RT11C174BFAEM1;A3 / 2.0 / TDI;Nemcija;DEU;osebni avtomobil;218;vozilo z dviûnimi vrati zadaj;A3 
110;1315;5.1;0;AUDI;LDADAF1-FM6FM62S022P8V437MVEM1;A3 / 1.5 / TFSI;Nemcija;DEU;osebni avtomobil;224;limuzina;A3 
110;1755;5.1;1;BMW;WZ31-6A250000;X3 / sDrive 18 / d AUT.;Nemcija;DEU;osebni avtomobil;195;karavan;X3 
110;1645;5.1;1;BMW;8H51-6H350000;318 / TOURING / d xDrive;Nemcija;DEU;osebni avtomobil;206;karavan;318
110;1575;5.1;1;BMW;YK51-CHW50000;X2 / sDrive 18 / d;Nemcija;DEU;osebni avtomobil;207;karavan;X2 
110;1530;5.1;1;BMW;5V31-DAW500K0;318 / / d AUT.;Nemcija;DEU;osebni avtomobil;224;limuzina;318
110;1837;5.1;1;LAND ROVER;LCS5CA2F-M5A6;DISCOVERY SPORT / 2.0 / TD4150 4WD;Zdruûeno kraljestvo;GBR;osebni avtomobil;190;karavan;DISCOVERY SPORT 
110;1837;5.1;1;LAND ROVER;LCS5CA2F-M5A4;DISCOVERY SPORT / 2.0 / TD4150 4WD;Zdruûeno kraljestvo;GBR;osebni avtomobil;180;karavan;DISCOVERY SPORT 
110;1835;5.1;1;LAND ROVER;LVS5DF2F-F5T2;RANGE ROVER EVOQUE / 2.0 / SW TD4150 4WD AUT.;Zdruûeno kraljestvo;GBR;osebni avtomobil;190;karavan;RANGE ROVER EVOQUE 
110;1835;5.1;1;LAND ROVER;LVS5DF2F-F5T1;RANGE ROVER EVOQUE / 2.0 / SW TD4150 4WD AUT.;Zdruûeno kraljestvo;GBR;osebni avtomobil;180;karavan;RANGE ROVER EVOQUE 
110;1745;5.1;1;LAND ROVER;LVS5DF2F-F5T3;RANGE ROVER EVOQUE / 2.0 / TD4 4WD AUT.;Zdruûeno kraljestvo;GBR;osebni avtomobil;180;karavan;RANGE ROVER EVOQUE 
110;1615;5.1;1;LEXUS;ALE20L-AEFLXW(1J);LEXUS IS220d / 2.2 / D;Japonska ;JPN;osebni avtomobil;205;limuzina;LEXUS IS220d 
110;1670;5.1;1;MAZDA;6918BW01;MAZDA 6 / KARAVAN / CD150 / AT;Japonska ;JPN;osebni avtomobil;202;karavan;MAZDA 6 
110;1528;5.1;1;MAZDA;BLB4C6;MAZDA 3 / 2.2 / D SP;Japonska ;JPN;osebni avtomobil;205;vozilo z dviûnimi vrati zadaj;MAZDA 3 
110;1590;5.1;1;MERCEDES BENZ;321CT2-HZAA150A;CLA / 200 / d AUT.;Nemcija;DEU;osebni avtomobil;221;karavan;CLA 
110;1545;5.1;1;MERCEDES BENZ;331CT2-HZAA154A;CLA / 200 / d AUT.;Nemcija;DEU;osebni avtomobil;226;limuzina;CLA 
110;1535;5.1;1;MERCEDES BENZ;O01CT2-HZAZ150B;B / 200 d / AUT.;Nemcija;DEU;osebni avtomobil;219;karavan;B 
110;1322;5.1;0;OPEL;DA0DBAB12-BK2F3KHGK5;ASTRA / ST 1.4 / TURBO;Nemcija;DEU;osebni avtomobil;215;karavan;ASTRA 
110;1312;5.1;0;OPEL;DA0DBAB12-BA2F1KHGK5;ASTRA / ST 1.4 / TURBO;Nemcija;DEU;osebni avtomobil;215;karavan;ASTRA 
110;1278;5.1;0;OPEL;CA0DBAB12-BK1E4KHGK5;ASTRA / 1.4 / TURBO;Nemcija;DEU;osebni avtomobil;215;vozilo z dviûnimi vrati zadaj;ASTRA 
110;1268;5.1;0;OPEL;CA0DBAB12-BK1E3KHGK5;ASTRA / 1.4 / TURBO;Nemcija;DEU;osebni avtomobil;215;vozilo z dviûnimi vrati zadaj;ASTRA 
110;1473;5.1;1;PEUGEOT;4CRHE8;308 / 2.0 / HDI;Francija;FRA;osebni avtomobil;205;vecnamensko vozilo;308
110;1473;5.1;1;PEUGEOT;4CRHE8;308 / 2.0 / HDI;Francija;FRA;osebni avtomobil;205;vozilo za posebne namene;308
110;1822;5.1;1;SEAT;DFLAX0AF-FM6FM6BB0027MMN7VR2SE62;ALHAMBRA / 2.0 / TDI;äpanija;ESP;osebni avtomobil;200;vecnamensko vozilo;ALHAMBRA 
110;1772;5.1;1;SEAT;DFLAX0AC-FM6FM6BB0027MMN5VR2SE62;ALHAMBRA / 2.0 / TDI;äpanija;ESP;osebni avtomobil;200;karavan;ALHAMBRA 
110;1548;5.1;1;SEAT;XDFFAX1-AM6SAM62Q0017MMML64;ATECA / 2.0 / TDI 4WD;äpanija;ESP;osebni avtomobil;196;karavan;ATECA 
110;1548;5.1;1;SEAT;XDFFAX1-AM6SAM62Q0017MMML64;ATECA / 2.0 / TDI 4WD;äpanija;ESP;osebni avtomobil;196;vozilo za posebne namene;ATECA 
110;1297;5.1;0;SEAT;FCZEAX0V-FD7SFD7CW0027MMVLO566;LEON ST / 1.4 / TSI AUT.;äpanija;ESP;osebni avtomobil;215;karavan;LEON ST 
110;1222;5.1;0;SEAT;XDADA-FM6SFM62S0327MM483;ARONA / 1.5 / TSI;äpanija;ESP;osebni avtomobil;200;vozilo z dviûnimi vrati zadaj;ARONA 
110;1697;5.1;1;äKODA;ACDTSBX01-NFD7FD7GC0044BISTN1A2A;SUPERB / COMBI 2.0 / TDI AUT.;Ceöka republika;CZE;osebni avtomobil;213;karavan;SUPERB 
110;1656;5.1;1;äKODA;AADTSBX01-NFD7FD7GC0044BISTN1B2A;SUPERB / 2.0 / TDI AUT.;Ceöka republika;CZE;osebni avtomobil;222;limuzina;SUPERB 
110;1620;5.1;1;äKODA;AADFGAX11-NAM6AM62Q0017CNSTN1C7A;SUPERB / 2.0 / TDI 4x4;Ceöka republika;CZE;osebni avtomobil;214;limuzina;SUPERB 
110;1582;5.1;1;äKODA;ACDFGAX01-NFD7FD7GC0047CNSTN1C7A;SUPERB / COMBI 2.0 / TDI AUT.;Ceöka republika;CZE;osebni avtomobil;209;karavan;SUPERB 
110;1565;5.1;1;äKODA;ACDFSBX1-NAM6AM62Q031ST617;YETI / 2.0 / TDI 4x4;Ceöka republika;CZE;osebni avtomobil;195;karavan;YETI 
110;1526;5.1;1;äKODA;ACCRMBX1-SAM6AM62Q031SCML7;OCTAVIA / COMBI 2.0 / TDI 4x4;Ceöka republika;CZE;osebni avtomobil;207;karavan;OCTAVIA 
110;1459;5.1;1;äKODA;ACDTTAX0-NFM6FM62Q0284BI16N0N1B2B;KAROQ / 2.0 / TDI;Ceöka republika;CZE;osebni avtomobil;207;karavan;KAROQ 
110;1415;5.1;0;äKODA;ACCZEAX01-NFM6FM62S032S1N617;SUPERB / COMBI 1.4 / TSI;Ceöka republika;CZE;osebni avtomobil;218;karavan;SUPERB 
110;1408;5.1;1;äKODA;AADFFAX0-NFD7FD7GC0027CPSTVLN1B7A;OCTAVIA / 2.0 / TDI AUT.;Ceöka republika;CZE;osebni avtomobil;221;limuzina;OCTAVIA 
110;1395;5.1;1;äKODA;ACDFFAX0-NFM6FM62Q0254BFSTVLN1B7A;OCTAVIA / COMBI 2.0 / TDI;Ceöka republika;CZE;osebni avtomobil;216;karavan;OCTAVIA 
110;1292;5.1;0;äKODA;ACDADAX0-NFM6FM62S022STVLN687;OCTAVIA / COMBI 1.5 / TSI;Ceöka republika;CZE;osebni avtomobil;218;karavan;OCTAVIA 
110;1291;5.1;0;äKODA;ACCZDAX0-NFD7FD7CW002STVLN687;OCTAVIA / COMBI 1.4 / TSI AUT.;Ceöka republika;CZE;osebni avtomobil;216;karavan;OCTAVIA 
110;1277;5.1;0;äKODA;ACCZDAX0-NFM6FM62S022STVLN657;OCTAVIA / COMBI 1.4 / TSI;Ceöka republika;CZE;osebni avtomobil;216;karavan;OCTAVIA 
110;1255;5.1;0;äKODA;AACZDAX0-NFM6FM62S022STVLN657;OCTAVIA / 1.4 / TSI;Ceöka republika;CZE;osebni avtomobil;219;limuzina;OCTAVIA 
110;1822;5.1;1;VOLKSWAGEN;DFLAX0AF-FM6FM6BB0027MMN7VR2VW62;SHARAN / 2.0 / TDI;Nemcija;DEU;osebni avtomobil;200;vecnamensko vozilo;SHARAN 
110;1772;5.1;1;VOLKSWAGEN;DFLAX0AC-FM6FM6BB0027MMN5VR2VW62;SHARAN / 2.0 / TDI;Nemcija;DEU;osebni avtomobil;200;karavan;SHARAN 
110;1715;5.1;1;VOLKSWAGEN;ABDTSBX0-FD7FD7GC004V4BINVR21COB0;ARTEON / 2.0 / TDI AUT.;Nemcija;DEU;osebni avtomobil;220;vozilo z dviûnimi vrati zadaj;ARTEON 
110;1695;5.1;1;VOLKSWAGEN;ACDFGAX0-FD7FD7DL001GL5N3NVR27MM61;TIGUAN / 2.0 / TDI AUT.;Nemcija;DEU;osebni avtomobil;200;karavan;TIGUAN 
110;1640;5.1;1;VOLKSWAGEN;ABDSRBX0-FD7FD7GC004V4BFVR21AOA;ARTEON / 2.0 / TDI AUT.;Nemcija;DEU;osebni avtomobil;220;vozilo z dviûnimi vrati zadaj;ARTEON 
110;1599;5.1;1;VOLKSWAGEN;ACDTSBX0-FD7FD7GC004SV4BIVR21BBG0;PASSAT / VARIANT 2.0 / TDI AUT.;Nemcija;DEU;osebni avtomobil;210;karavan;PASSAT 
110;1590;5.1;1;VOLKSWAGEN;ACDSRBX0-FD7FD7GC004SV4BFVR21AA;PASSAT / VARIANT 2.0 / TDI AUT.;Nemcija;DEU;osebni avtomobil;210;karavan;PASSAT 
110;1579;5.1;1;VOLKSWAGEN;ACDFGAX0-FD7FD7GC004SV7CNVR21BA;PASSAT / VARIANT 2.0 / TDI AUT.;Nemcija;DEU;osebni avtomobil;216;karavan;PASSAT 
110;1560;5.1;1;VOLKSWAGEN;ACDSRAX0-FM6FM62Q028SV4BFVR21CA;PASSAT / VARIANT 2.0 / TDI;Nemcija;DEU;osebni avtomobil;213;karavan;PASSAT 
110;1558;5.1;1;VOLKSWAGEN;ACDFSBX0-L0J2FD6FD62E031N1SBVR27MMLL271;CADDY MAXI / 2.0 / TDI AUT.;Nemcija;DEU;osebni avtomobil;192;karavan;CADDY MAXI 
110;1558;5.1;1;VOLKSWAGEN;AFDFSBX0-L0J2FD6FD62E031N1SBVR27MMLL271;CADDY MAXI / 2.0 / TDI AUT.;Nemcija;DEU;osebni avtomobil;192;vecnamensko vozilo;CADDY MAXI 
110;1550;5.1;1;VOLKSWAGEN;AADSRBX0-FD7FD7GC004SV4BFVR21CA;PASSAT / 2.0 / TDI AUT.;Nemcija;DEU;osebni avtomobil;220;limuzina;PASSAT 
110;1541;5.1;1;VOLKSWAGEN;VACDCYAX1-AM6AM62Q031C7MMON1ML69VR2;GOLF / ALLTRACK 2.0 / TDI 4M;Nemcija;DEU;osebni avtomobil;207;karavan;GOLF 
110;1537;5.1;1;VOLKSWAGEN;ACDFSBX0-L0J2FM6FM6BB002N1SBVR27MMLL371;CADDY MAXI / 2.0 / TDI;Nemcija;DEU;osebni avtomobil;194;karavan;CADDY MAXI 
110;1537;5.1;1;VOLKSWAGEN;AFDFSBX0-L0J2FM6FM6BB002N1SBVR27MMLL371;CADDY MAXI / 2.0 / TDI;Nemcija;DEU;osebni avtomobil;194;vecnamensko vozilo;CADDY MAXI 
110;1530;5.1;1;VOLKSWAGEN;DFFAX1AC4-AD7AD7GC0057MM63;T-ROC / 2.0 / TDI 4M AUT.;Nemcija;DEU;osebni avtomobil;200;karavan;T-ROC 
110;1504;5.1;0;VOLKSWAGEN;ABDADAX0-FM6FM62S032V7MVVR261;ARTEON / 1.5 / TSI;Nemcija;DEU;osebni avtomobil;222;vozilo z dviûnimi vrati zadaj;ARTEON 
110;1503;5.1;1;VOLKSWAGEN;AADFGAX0-FM6FM62Q028SV7CNVR21BA;PASSAT / 2.0 / TDI;Nemcija;DEU;osebni avtomobil;220;limuzina;PASSAT 
110;1453;5.1;0;VOLKSWAGEN;ACCZEAX0-FD7FD7CW002SV7MMVR261;PASSAT / VARIANT 1.4 / TSI AUT.;Nemcija;DEU;osebni avtomobil;218;karavan;PASSAT 
110;1429;5.1;0;VOLKSWAGEN;ACCZEAX0-FM6FM62S032SV7MMVR261;PASSAT / VARIANT 1.4 / TSI;Nemcija;DEU;osebni avtomobil;218;karavan;PASSAT 
110;1415;5.1;1;VOLKSWAGEN;GAC4DFGAX0-FM6FM62Q025N4BFON1ML1BVR2NA;GOLF / 2.0 / TDI;Nemcija;DEU;osebni avtomobil;216;karavan;GOLF 
110;1368;5.1;0;VOLKSWAGEN;VACCZDAX0-FD7FD7CW006N7MMON1ML73VR2;GOLF / VARIANT 1.4 / TSI AUT.;Nemcija;DEU;osebni avtomobil;218;karavan;GOLF 
110;1360;5.1;0;VOLKSWAGEN;VACDADAX0-FM6FM62S022N7MVON1ML73VR2;GOLF / VARIANT 1.5 / TSI;Nemcija;DEU;osebni avtomobil;218;karavan;GOLF 
110;1316;5.1;0;VOLKSWAGEN;GAC4DADAX0-FM6FM62S022N7MVON1ML69VR2N;GOLF / 1.5 / TSI;Nemcija;DEU;osebni avtomobil;216;karavan;GOLF 
110;1294;5.1;0;VOLKSWAGEN;GAC2DADAX0-FM6FM62S022N7MVON1ML69VR2N;GOLF / 1.5 / TSI;Nemcija;DEU;osebni avtomobil;216;karavan;GOLF 
110;1764;5.1;1;VOLVO;UUZAR-UZARU10;XC60 / 2.0 / TD / MAN FWD;ävedska;SWE;osebni avtomobil;190;karavan;XC60 
110;1503;5.1;1;VOLVO;MW5851;V50 / 2.0 / TD;ävedska;SWE;osebni avtomobil;210;vecnamensko vozilo;V50 
110;1500;5.1;1;VOLVO;MS5851;S40 / 2.0 / TD;ävedska;SWE;osebni avtomobil;210;limuzina;S40 
110;1680;5.2;1;AUDI;XCUVCQ1-QD7BH003P8U067MMEM1;Q3 / 2.0 / TDI Q AUT.;Nemcija;DEU;osebni avtomobil;204;karavan;Q3 
110;1645;5.2;1;AUDI;XDFTAQ1-QM6QM62Q039P8U077MMEM1;Q3 / 2.0 / TDI Q;Nemcija;DEU;osebni avtomobil;204;karavan;Q3 
110;1450;5.2;0;AUDI;L2CVNAF1-FD7FD7CK005P8W02S57MMEM1;A4 / 1.4 / TFSI AUT.;Nemcija;DEU;osebni avtomobil;210;limuzina;A4 
110;1395;5.2;0;AUDI;L2CVNAF1-FM6DJ001P8W02S57MMEM1;A4 / 1.4 / TFSI;Nemcija;DEU;osebni avtomobil;210;limuzina;A4 
110;1355;5.2;0;AUDI;XCZEAF1-FD7FD7CW005PGA077MMEM1HA0;Q2 / 1.4 / TFSI AUT.;Nemcija;DEU;osebni avtomobil;212;karavan;Q2 
110;1615;5.2;1;CITROEN;UARHB8/1P;C4 PICASSO / 2.0 / HDI AUT.;Francija;FRA;osebni avtomobil;195;vecnamensko vozilo;C4 PICASSO 
110;1590;5.2;1;CITROEN;UDRHB8/1P;C4 PICASSO / 2.0 / HDI AUT.;Francija;FRA;osebni avtomobil;195;vecnamensko vozilo;C4 PICASSO 
110;1716;5.2;1;FORD;DM2-T7MA4A-5VU1QD;KUGA / 2.0 / TDCI 110 A6 4X4;Nemcija;DEU;osebni avtomobil;190;vecnamensko vozilo;KUGA 
110;1716;5.2;1;FORD;DM2-T7MA4AX-5VUAZA00Q1D;KUGA / 2.0 / TDCI 110 A6 4x4;Nemcija;DEU;osebni avtomobil;190;vozilo za posebne namene;KUGA 
110;1702;5.2;1;FORD;DM2-T7MA4A-5QV1QE;KUGA / 2.0 / TDCI 110 M6 4x4;Nemcija;DEU;osebni avtomobil;192;vecnamensko vozilo;KUGA 
110;1734;5.2;1;MAZDA;GW16AW0;CX-5 / CD150 / AWD;Japonska ;JPN;osebni avtomobil;199;karavan;CX-5 
110;1671;5.2;1;MAZDA;N9160E;CX-5 / 2.2 / D LP AWD;Japonska ;JPN;osebni avtomobil;197;karavan;CX-5 
110;1555;5.2;1;MAZDA;GHN9160E;CX-5 / 2.2 / D AWD;Japonska ;JPN;osebni avtomobil;197;karavan;CX-5 
110;1545;5.2;1;MERCEDES BENZ;331CT2-HZAA154A;CLA / 200 / d AUT.;Nemcija;DEU;osebni avtomobil;226;limuzina;CLA 
110;1460;5.2;1;MITSUBISHI;CYD11-AGFFA6A5AAAA;LANCER / DID / ASG;Japonska ;JPN;osebni avtomobil;207;limuzina;LANCER 
110;1643;5.2;1;RENAULT;RFDLH2A76TA1G10000;TALISMAN / 1.7 / DCI;Francija;FRA;osebni avtomobil;203;limuzina;TALISMAN 
110;1582;5.2;1;RENAULT;DTD206;LAGUNA / COUPE 2.0 / DCI;Francija;FRA;osebni avtomobil;210;kupe;LAGUNA 
110;1505;5.2;1;RENAULT;KTF206;LAGUNA / GRANDTOUR 2.0 / DCI;Francija;FRA;osebni avtomobil;210;karavan;LAGUNA 
110;1502;5.2;1;RENAULT;KT3206;LAGUNA / GRANDTOUR 2.0 / DCI;Francija;FRA;osebni avtomobil;210;karavan;LAGUNA 
110;1484;5.2;1;RENAULT;BTD206;LAGUNA / 2.0 / DCI;Francija;FRA;osebni avtomobil;210;vozilo z dviûnimi vrati zadaj;LAGUNA 
110;1843;5.2;1;SEAT;DFLAX0AF-FD6FD62E0317MMN7VR2SE62;ALHAMBRA / 2.0 / TDI AUT.;äpanija;ESP;osebni avtomobil;198;vecnamensko vozilo;ALHAMBRA 
110;1793;5.2;1;SEAT;DFLAX0AC-FD6FD62E0317MMN5VR2SE61;ALHAMBRA / 2.0 / TDI AUT.;äpanija;ESP;osebni avtomobil;198;karavan;ALHAMBRA 
110;1793;5.2;1;SEAT;DFLAX0AC-FD6FD62E0317MMN5VR2SE62;ALHAMBRA / 2.0 / TDI AUT.;äpanija;ESP;osebni avtomobil;198;vozilo za posebne namene;ALHAMBRA 
110;1385;5.2;1;SEAT;FDFGAX0V-FM6SFM62Q0254BFVLO51EA;LEON ST / 2.0 / TDI;äpanija;ESP;osebni avtomobil;215;karavan;LEON ST 
110;1693;5.2;1;äKODA;AADTSBX01-NFD7FD7GC0044BISTN1C8B;SUPERB / 2.0 / TDI AUT.;Ceöka republika;CZE;osebni avtomobil;222;limuzina;SUPERB 
110;1642;5.2;1;äKODA;ACDFGAX11-NAM6AM62Q0017CNSTN1C7A;SUPERB / COMBI 2.0 / TDI 4x4;Ceöka republika;CZE;osebni avtomobil;208;karavan;SUPERB 
110;1607;5.2;1;äKODA;ACDTSBX01-NFD7FD7GC0044BISTN1B2B;SUPERB / COMBI 2.0 / TDI AUT.;Ceöka republika;CZE;osebni avtomobil;213;karavan;SUPERB 
110;1597;5.2;1;äKODA;ACDSRBX01-NFD7FD7GC0044BFSTN1A8A;SUPERB / COMBI 2.0 / TDI AUT.;Ceöka republika;CZE;osebni avtomobil;212;karavan;SUPERB 
110;1591;5.2;1;äKODA;ACDFFAX1-NAD7AD7GC0054637;KAROQ / 2.0 / TDI 4x4 AUT.;Ceöka republika;CZE;osebni avtomobil;195;karavan;KAROQ 
110;1585;5.2;1;äKODA;AADTSBX01-NFD7FD7GC0044BISTN1C2B;SUPERB / 2.0 / TDI AUT.;Ceöka republika;CZE;osebni avtomobil;222;limuzina;SUPERB 
110;1577;5.2;1;äKODA;ACDSRAX01-NFM6FM62Q0284BFSTN1B8A;SUPERB / COMBI 2.0 / TDI;Ceöka republika;CZE;osebni avtomobil;213;karavan;SUPERB 
110;1561;5.2;1;äKODA;ACDCYAX1-SAD7AD7GC002SCMLN667;OCTAVIA / COMBI 2.0 / TDI 4x4 AUT.;Ceöka republika;CZE;osebni avtomobil;206;karavan;OCTAVIA 
110;1435;5.2;0;äKODA;AACZEAX01-NFM6FM62S032STN617;SUPERB / 1.4 / TSI;Ceöka republika;CZE;osebni avtomobil;220;limuzina;SUPERB 
110;1430;5.2;1;äKODA;ACDFFAX0-NFD7FD7GC0027CPSTVLN1B7A;OCTAVIA / COMBI 2.0 / TDI AUT.;Ceöka republika;CZE;osebni avtomobil;213;karavan;OCTAVIA 
110;1417;5.2;1;äKODA;ACDFFAX0-NFD7FD7GC0024BFSTVLN1B8A;OCTAVIA / COMBI 2.0 / TDI AUT.;Ceöka republika;CZE;osebni avtomobil;213;karavan;OCTAVIA 
110;1408;5.2;1;äKODA;AADFFAX0-NFD7FD7GC0027CPSTVLN1B7A;OCTAVIA / 2.0 / TDI AUT.;Ceöka republika;CZE;osebni avtomobil;221;limuzina;OCTAVIA 
110;1395;5.2;1;äKODA;ACDFFAX0-NFM6FM62Q0254BFSTVLN1B7A;OCTAVIA / COMBI 2.0 / TDI;Ceöka republika;CZE;osebni avtomobil;216;karavan;OCTAVIA 
110;1317;5.2;0;äKODA;ACDADAX0-NFD7FD7CW0027CPV2VLN1C7B;OCTAVIA / COMBI 1.5 / TSI AUT.;Ceöka republika;CZE;osebni avtomobil;214;karavan;OCTAVIA 
110;1277;5.2;0;äKODA;ACCZDAX0-NFM6FM62S022STVL687;OCTAVIA / COMBI 1.4 / TSI;Ceöka republika;CZE;osebni avtomobil;216;karavan;OCTAVIA 
110;1255;5.2;0;äKODA;AACZDAX0-NFM6FM62S022STVLN657;OCTAVIA / 1.4 / TSI;Ceöka republika;CZE;osebni avtomobil;219;limuzina;OCTAVIA 
110;1845;5.2;1;VOLKSWAGEN;DFLAX0AF-FD6FD62E0317MMN6VR2VW61;SHARAN / 2.0 / TDI AUT.;Nemcija;DEU;osebni avtomobil;198;vecnamensko vozilo;SHARAN 
110;1843;5.2;1;VOLKSWAGEN;DFLAX0AF-FD6FD62E0317MMN7VR2VW62;SHARAN / 2.0 / TDI AUT.;Nemcija;DEU;osebni avtomobil;198;vecnamensko vozilo;SHARAN 
110;1793;5.2;1;VOLKSWAGEN;DFLAX0AC-FD6FD62E0317MMN5VR2VW62;SHARAN / 2.0 / TDI AUT.;Nemcija;DEU;osebni avtomobil;198;karavan;SHARAN 
110;1714;5.2;1;VOLKSWAGEN;ACDTSBX0-FD7FD7GC004V4BINVR21COB0;ARTEON / 2.0 / TDI AUT.;Nemcija;DEU;osebni avtomobil;216;karavan;ARTEON 
110;1599;5.2;1;VOLKSWAGEN;ACDSRBX0-FD7FD7GC004SV4BFVR21AA00;PASSAT / VARIANT 2.0 / TDI AUT.;Nemcija;DEU;osebni avtomobil;210;karavan;PASSAT 
110;1590;5.2;1;VOLKSWAGEN;ACDSRBX0-FD7FD7GC004SV4BFVR21AA;PASSAT / VARIANT 2.0 / TDI AUT.;Nemcija;DEU;osebni avtomobil;210;karavan;PASSAT 
110;1550;5.2;1;VOLKSWAGEN;AADSRBX0-FD7FD7GC004SV4BFVR21CA;PASSAT / 2.0 / TDI AUT.;Nemcija;DEU;osebni avtomobil;220;limuzina;PASSAT 
110;1521;5.2;1;VOLKSWAGEN;DTTCX0AC4-FD7FD7GC0044BI1CANNMI;T-ROC / 2.0 / TDI AUT.;Nemcija;DEU;osebni avtomobil;205;karavan;T-ROC 
110;1503;5.2;1;VOLKSWAGEN;AADFGAX0-FM6FM62Q028SV7CNVR21BA;PASSAT / 2.0 / TDI;Nemcija;DEU;osebni avtomobil;220;limuzina;PASSAT 
110;1455;5.2;1;VOLKSWAGEN;VACDFGAX0-FM6FM62Q025N4BFON1ML1BVR2A;GOLF / VARIANT 2.0 / TDI;Nemcija;DEU;osebni avtomobil;218;karavan;GOLF 
110;1445;5.2;1;VOLKSWAGEN;GAC4DFGAX0-FD7FD7GC002N7CPON1ML1BVR2NA;GOLF / 2.0 / TDI AUT.;Nemcija;DEU;osebni avtomobil;214;karavan;GOLF 
110;1420;5.2;0;VOLKSWAGEN;SACDADAX0-FD7FD7CW002N7MVON1ML06VR2;GOLF / SPORTSVAN 1.5 / TSI AUT.;Nemcija;DEU;osebni avtomobil;212;karavan;GOLF 
110;1415;5.2;1;VOLKSWAGEN;GAC4DFGAX0-FM6FM62Q025N4BFON1ML1CVR2NA;GOLF / 2.0 / TDI;Nemcija;DEU;osebni avtomobil;216;karavan;GOLF 
110;1277;5.2;0;VOLKSWAGEN;GAC4CZDAX0-FM6FM62S022N7MMON1ML68VR2;GOLF / 1.4 / TSI;Nemcija;DEU;osebni avtomobil;216;karavan;GOLF 
110;1268;5.2;0;VOLKSWAGEN;GAC2CZDAX0-FM6FM62S022N7MMON1ML79VR2;GOLF / 1.4 / TSI;Nemcija;DEU;osebni avtomobil;216;karavan;GOLF 
110;1611;5.2;1;VOLVO;MZ5150;V40 Cross Country / 2.0 / TD AUT.;ävedska;SWE;osebni avtomobil;200;vecnamensko vozilo;V40 Cross Country 
110;1597;5.2;1;VOLVO;MV5150;V40 / 2.0 / TD AUT.;ävedska;SWE;osebni avtomobil;205;vecnamensko vozilo;V40 
110;1755;5.3;1;AUDI;XCJCDF1-FM6B1006R8R737MJEM1N;Q5 / 2.0 / TDI;Nemcija;DEU;osebni avtomobil;192;karavan;Q5 
110;1680;5.3;1;AUDI;XDFTAQ1-QD7BH003P8U087MMEM1;Q3 / 2.0 / TDI Q AUT.;Nemcija;DEU;osebni avtomobil;204;karavan;Q3 
110;1675;5.3;1;AUDI;ACJCDQ1-QM6B2003RB8K1S57MJEM1;A4 AVANT / 2.0 / TDI Q;Nemcija;DEU;osebni avtomobil;207;karavan;A4 AVANT 
110;1590;5.3;1;AUDI;XDFTAF1-FD7FD7BH002P8U077MMEM1;Q3 / 2.0 / TDI AUT.;Nemcija;DEU;osebni avtomobil;204;karavan;Q3 
110;1450;5.3;0;AUDI;L2CVNAF1-FD7CK005P8W05S57MMEM1;A4 / 1.4 / TFSI AUT.;Nemcija;DEU;osebni avtomobil;210;limuzina;A4 
110;1395;5.3;0;AUDI;L2CVNAF1-FM6FM6DJ001P8W05S57MMEM1K1;A4 / 1.4 / TFSI;Nemcija;DEU;osebni avtomobil;210;limuzina;A4 
110;1615;5.3;1;BMW;6W91-IAW500L0;218 / GRAN TOURER / d AUT.;Nemcija;DEU;osebni avtomobil;207;karavan;218
110;1560;5.3;1;BMW;6T91-DAW500L0;218 / ACTIVE TOURER / d AUT.;Nemcija;DEU;osebni avtomobil;210;karavan;218
110;1530;5.3;1;BMW;5V31-DAW507T0;318 / / d AUT.;Nemcija;DEU;osebni avtomobil;224;limuzina;318
110;1515;5.3;1;BMW;6T91-CHW50000;218 / ACTIVE TOURER / d;Nemcija;DEU;osebni avtomobil;210;karavan;218
110;1985;5.3;1;CITROEN;VEAHXH-N2B00L;JUMPY SPACE TOURER / 2.0 / HDI L2;Francija;FRA;osebni avtomobil;170;vozilo z dostopom za invalidski vozicek;JUMPY SPACE TOURER 
110;1925;5.3;1;CITROEN;VEAHXH-N2B00L;JUMPY SPACE TOURER / 2.0 / HDI L2;Francija;FRA;osebni avtomobil;170;vecnamensko vozilo;JUMPY SPACE TOURER 
110;1924;5.3;1;CITROEN;VEAHXH-P2B00L;JUMPY SPACE TOURER / 2.0 / HDI L2;Francija;FRA;osebni avtomobil;170;vecnamensko vozilo;JUMPY SPACE TOURER 
110;1895;5.3;1;CITROEN;VEAHXH-N2B00K;JUMPY SPACE TOURER / 2.0 / HDI L1;Francija;FRA;osebni avtomobil;170;vecnamensko vozilo;JUMPY SPACE TOURER 
110;1615;5.3;1;CITROEN;UARHB8/P;C4 PICASSO / 2.0 / HDI AUT.;Francija;FRA;osebni avtomobil;195;vecnamensko vozilo;C4 PICASSO 
110;1590;5.3;1;CITROEN;UDRHB8/P;C4 PICASSO / 2.0 / HDI AUT.;Francija;FRA;osebni avtomobil;195;vecnamensko vozilo;C4 PICASSO 
110;1945;5.3;1;LAND ROVER;LCS5CA2F-A7H1;DISCOVERY SPORT / 2.0 / TD4 4WD AUT.;Zdruûeno kraljestvo;GBR;osebni avtomobil;180;karavan;DISCOVERY SPORT 
110;1855;5.3;1;LAND ROVER;LCS5CA2F-A5A2;DISCOVERY SPORT / 2.0 / TD4150 AUT.;Zdruûeno kraljestvo;GBR;osebni avtomobil;190;karavan;DISCOVERY SPORT 
110;1855;5.3;1;LAND ROVER;LCS5CA2F-A5A1;DISCOVERY SPORT / 2.0 / TD4150 AUT.;Zdruûeno kraljestvo;GBR;osebni avtomobil;180;karavan;DISCOVERY SPORT 
110;1846;5.3;1;LAND ROVER;LCS5CA2F-A5A4;DISCOVERY SPORT / 2.0 / TD4150 4WD AUT.;Zdruûeno kraljestvo;GBR;osebni avtomobil;190;karavan;DISCOVERY SPORT 
110;1846;5.3;1;LAND ROVER;LC-S5CA2F-A5A5;DISCOVERY SPORT / 2.0 / TD4 4WD AUT.;Zdruûeno kraljestvo;GBR;osebni avtomobil;180;karavan;DISCOVERY SPORT 
110;1624;5.3;1;MAZDA;GHF9180E;CX-5 / CD150 / AT;Japonska ;JPN;osebni avtomobil;198;karavan;CX-5 
110;1550;5.3;1;MAZDA;F9180E;CX-5 / 2.2 / D LP AT;Japonska ;JPN;osebni avtomobil;198;karavan;CX-5 
110;1505;5.3;1;MAZDA;F9180E;CX-5 / CD150 / AT;Japonska ;JPN;osebni avtomobil;198;karavan;CX-5 
110;1479;5.3;0;MAZDA;FWG6CW00;CX-30 / G150 / AWD;Japonska ;JPN;osebni avtomobil;182;karavan;CX-30 
110;1570;5.3;1;MERCEDES BENZ;321CT2-HZAA154A;CLA / 200 / d AUT.;Nemcija;DEU;osebni avtomobil;221;karavan;CLA 
110;1560;5.3;1;MERCEDES BENZ;331CT2-HZAA150A;CLA / 200 / d AUT.;Nemcija;DEU;osebni avtomobil;226;limuzina;CLA 
110;1535;5.3;1;MERCEDES BENZ;O01CT2-HZAA150B;B / 200 d / AUT.;Nemcija;DEU;osebni avtomobil;219;karavan;B 
110;1675;5.3;1;MITSUBISHI;GF621-ADCCA6A7AAAA;OUTLANDER / 2.2 DID / 4WD ASG;Japonska ;JPN;osebni avtomobil;200;karavan;OUTLANDER 
110;1640;5.3;1;MITSUBISHI;GF621-ABCCA6A5AAAA;OUTLANDER / 2.2 DID / 4WD ASG;Japonska ;JPN;osebni avtomobil;200;karavan;OUTLANDER 
110;1635;5.3;1;MITSUBISHI;GF621-ABCCA6B5BAAA;OUTLANDER / 2.2 DID / 4WD ASG;Japonska ;JPN;osebni avtomobil;200;karavan;OUTLANDER 
110;1925;5.3;1;PEUGEOT;VEAHXH-N2B00L;EXPERT TRAVELLER / 2.0 / HDI L2;Francija;FRA;osebni avtomobil;170;vecnamensko vozilo;EXPERT TRAVELLER 
110;1895;5.3;1;PEUGEOT;VEAHXH-N2B00K;EXPERT TRAVELLER / 2.0 / HDI L1;Francija;FRA;osebni avtomobil;170;vecnamensko vozilo;EXPERT TRAVELLER 
110;1750;5.3;1;PEUGEOT;0ERHE8/1;5008 / 2.0 / HDI;Francija;FRA;osebni avtomobil;195;vecnamensko vozilo;5008
110;1638;5.3;1;PEUGEOT;0ARHE8/1;5008 / 2.0 / HDI;Francija;FRA;osebni avtomobil;195;vecnamensko vozilo;5008
110;1604;5.3;1;PEUGEOT;0URHE8/1;3008 / 2.0 / HDI;Francija;FRA;osebni avtomobil;195;karavan;3008
110;1604;5.3;1;PEUGEOT;0URHE8/1;3008 / 2.0 / HDI;Francija;FRA;osebni avtomobil;195;vecnamensko vozilo;3008
110;1359;5.3;0;SEAT;XCZEAX0-FM6SFM62S0327MMVL61;ATECA / 1.4 / TSI;äpanija;ESP;osebni avtomobil;201;karavan;ATECA 
110;1607;5.3;1;äKODA;ACDSRBX01-NFD7FD7GC0044BFSTN1B8A;SUPERB / COMBI 2.0 / TDI AUT.;Ceöka republika;CZE;osebni avtomobil;212;karavan;SUPERB 
110;1597;5.3;1;äKODA;ACDSRBX01-NFD7FD7GC0044BFSTN1C8A;SUPERB / COMBI 2.0 / TDI AUT.;Ceöka republika;CZE;osebni avtomobil;212;karavan;SUPERB 
110;1577;5.3;1;äKODA;ACDSRAX01-NFM6FM62Q0284BFSTN1C8A;SUPERB / COMBI 2.0 / TDI;Ceöka republika;CZE;osebni avtomobil;213;karavan;SUPERB 
110;1575;5.3;1;äKODA;AADSRBX01-NFD7FD7GC0044BFSTN1C8A;SUPERB / 2.0 / TDI AUT.;Ceöka republika;CZE;osebni avtomobil;220;limuzina;SUPERB 
110;1540;5.3;1;äKODA;AADFGAX01-NFM6FM62Q0287CNSTN1C7A;SUPERB / 2.0 / TDI;Ceöka republika;CZE;osebni avtomobil;219;limuzina;SUPERB 
110;1460;5.3;0;äKODA;ACCZEAX01-NFM6FM62S032STN627;SUPERB / COMBI 1.4 / TSI;Ceöka republika;CZE;osebni avtomobil;218;karavan;SUPERB 
110;1442;5.3;0;äKODA;AADFYAX0-NFD7FD7CW0024BIVL3N1A0A;OCTAVIA / 1.5 / TSI AUT.;Ceöka republika;CZE;osebni avtomobil;230;limuzina;OCTAVIA 
110;1430;5.3;1;äKODA;ACDFFAX0-NFD7FD7GC0027CPSTVLN1B7A;OCTAVIA / COMBI 2.0 / TDI AUT.;Ceöka republika;CZE;osebni avtomobil;213;karavan;OCTAVIA 
110;1395;5.3;1;äKODA;ACDFFAX0-NFM6FM62Q0254BFSTVLN1B7A;OCTAVIA / COMBI 2.0 / TDI;Ceöka republika;CZE;osebni avtomobil;216;karavan;OCTAVIA 
110;1302;5.3;0;äKODA;ACDADAX0-NFM6FM62S0227CPSTVLN1B7A;OCTAVIA / COMBI 1.5 / TSI;Ceöka republika;CZE;osebni avtomobil;215;karavan;OCTAVIA 
110;1280;5.3;0;äKODA;AADPCAX0-NFM6FM62S0224BFSTVLN1B7A;OCTAVIA / 1.5 / TSI;Ceöka republika;CZE;osebni avtomobil;223;limuzina;OCTAVIA 
110;1277;5.3;0;äKODA;ACCZDAX0-NFM6FM62S022STVLN657;OCTAVIA / COMBI 1.4 / TSI;Ceöka republika;CZE;osebni avtomobil;216;karavan;OCTAVIA 
110;1255;5.3;0;äKODA;AACZDAX0-NFM6FM62S022V2VLN687;OCTAVIA / 1.4 / TSI;Ceöka republika;CZE;osebni avtomobil;219;limuzina;OCTAVIA 
110;1925;5.3;1;TOYOTA;VEAHXH-N2B00L(1D);PROACE / 2.0 / D;Francija;FRA;osebni avtomobil;170;vecnamensko vozilo;PROACE 
110;1924;5.3;1;TOYOTA;VEAHXH-P2B00L(1D);PROACE / 2.0 / D;Francija;FRA;osebni avtomobil;170;vecnamensko vozilo;PROACE 
110;1895;5.3;1;TOYOTA;VEAHXH-N2B00K(1D);PROACE / 2.0 / D;Francija;FRA;osebni avtomobil;170;vecnamensko vozilo;PROACE 
110;1855;5.3;1;VOLKSWAGEN;DLTAX0AF-FD6FD62E0314BFN7VW1CA;SHARAN / 2.0 / TDI AUT.;Nemcija;DEU;osebni avtomobil;198;vecnamensko vozilo;SHARAN 
110;1694;5.3;1;VOLKSWAGEN;DTSBAC-FD7FD7GC0044BIS50VR21AA0M;TOURAN / 2.0 / TDI AUT.;Nemcija;DEU;osebni avtomobil;205;karavan;TOURAN 
110;1676;5.3;1;VOLKSWAGEN;ACCUVCX1-AM6AM62Q048NDSTVR27MM61;TIGUAN / 2.0 / TDI 4M;Nemcija;DEU;osebni avtomobil;193;karavan;TIGUAN 
110;1665;5.3;1;VOLKSWAGEN;ACDFGAX1-AM6AM6BB003KN5G4NVR27MM62;TIGUAN / 2.0 / TDI 4M;Nemcija;DEU;osebni avtomobil;201;karavan;TIGUAN 
110;1665;5.3;1;VOLKSWAGEN;ACDFGAX1-AM6AM6BB003KN5G4NVR27MM62;TIGUAN / 2.0 / TDI 4M;Nemcija;DEU;osebni avtomobil;201;vozilo za posebne namene;TIGUAN 
110;1641;5.3;1;VOLKSWAGEN;ACDFGAX1-NAM6AM6BB003KN4NVR27MM62;TIGUAN / 2.0 / TDI 4M;Nemcija;DEU;osebni avtomobil;201;karavan;TIGUAN 
110;1640;5.3;1;VOLKSWAGEN;ABDSRBX0-FD7FD7GC004V4BFVR21CMA;ARTEON / 2.0 / TDI AUT.;Nemcija;DEU;osebni avtomobil;220;vozilo z dviûnimi vrati zadaj;ARTEON 
110;1632;5.3;1;VOLKSWAGEN;DTSBAC-FD7FD7GC0044BIS50VR21AA00;TOURAN / 2.0 / TDI AUT.;Nemcija;DEU;osebni avtomobil;205;karavan;TOURAN 
110;1614;5.3;1;VOLKSWAGEN;ABDFGAX0-FM6FM62Q041V7CNVR21COA;ARTEON / 2.0 / TDI;Nemcija;DEU;osebni avtomobil;222;vozilo z dviûnimi vrati zadaj;ARTEON 
110;1608;5.3;1;VOLKSWAGEN;ACDSRBX0-FD7FD7GC004SH4BFVR21BAG0;PASSAT / VARIANT 2.0 / TDI AUT.;Nemcija;DEU;osebni avtomobil;210;karavan;PASSAT 
110;1599;5.3;1;VOLKSWAGEN;ACDSRBX0-FD7FD7GC004SV4BFVR21BAG0;PASSAT / VARIANT 2.0 / TDI AUT.;Nemcija;DEU;osebni avtomobil;210;karavan;PASSAT 
110;1590;5.3;1;VOLKSWAGEN;ACDSRBX0-FD7FD7GC004SV4BFVR21CA;PASSAT / VARIANT 2.0 / TDI AUT.;Nemcija;DEU;osebni avtomobil;210;karavan;PASSAT 
110;1544;5.3;1;VOLKSWAGEN;AADFGAX0-FD7FD7GC004SV7CNVR21BA;PASSAT / 2.0 / TDI AUT.;Nemcija;DEU;osebni avtomobil;218;limuzina;PASSAT 
110;1540;5.3;1;VOLKSWAGEN;ACDFGAX0-FM6FM62Q028SV7CNVR21BA;PASSAT / VARIANT 2.0 / TDI;Nemcija;DEU;osebni avtomobil;218;karavan;PASSAT 
110;1503;5.3;1;VOLKSWAGEN;AADFGAX0-FM6FM62Q028SV7CNVR21CA;PASSAT / 2.0 / TDI;Nemcija;DEU;osebni avtomobil;220;limuzina;PASSAT 
110;1485;5.3;1;VOLKSWAGEN;VACDFGAX0-FD7FD7GC002N7CPON1ML1BVR2A;GOLF / VARIANT 2.0 / TDI AUT.;Nemcija;DEU;osebni avtomobil;216;karavan;GOLF 
110;1455;5.3;1;VOLKSWAGEN;VACDFGAX0-FM6FM62Q025N4BFON1ML1CVR2A;GOLF / VARIANT 2.0 / TDI;Nemcija;DEU;osebni avtomobil;218;karavan;GOLF 
110;1445;5.3;1;VOLKSWAGEN;GAC4DFGAX0-FD7FD7GC002N7CPON1ML1BVR2NA;GOLF / 2.0 / TDI AUT.;Nemcija;DEU;osebni avtomobil;214;karavan;GOLF 
110;1438;5.3;1;VOLKSWAGEN;1J-ARL;GOLF / 1.9 / TDI;Nemcija;DEU;osebni avtomobil;216;vozilo z dviûnimi vrati zadaj;GOLF 
110;1409;5.3;0;VOLKSWAGEN;SACCZDAX0-FD7FD7CW002N7MMON1ML02VR2;GOLF / SPORTSVAN 1.4 / TSI AUT.;Nemcija;DEU;osebni avtomobil;212;karavan;GOLF 
110;1353;5.3;0;VOLKSWAGEN;VACCZDAX0-FM6FM62S022N7MMON1ML76VR2;GOLF / VARIANT 1.4 / TSI;Nemcija;DEU;osebni avtomobil;218;karavan;GOLF 
110;1330;5.3;0;VOLKSWAGEN;DADAX0AC4-FM6FM62S0327MV62;T-ROC / 1.5 / TSI;Nemcija;DEU;osebni avtomobil;205;karavan;T-ROC 
110;1320;5.3;0;VOLKSWAGEN;GAC4DADAX0-FM6FM62S022N7CPON1ML1CVR2NB;GOLF / 1.5 / TSI;Nemcija;DEU;osebni avtomobil;216;karavan;GOLF 
110;1502;5.3;1;VOLVO;MMZ72-MZ72V1;C40 Cross Country / 2.0 / TD / MAN. FWD;ävedska;SWE;osebni avtomobil;210;vecnamensko vozilo;C40 Cross Country 
110;1368;5.3;0;VOLVO;MV4551;V40 / 1.6 / T;ävedska;SWE;osebni avtomobil;210;vecnamensko vozilo;V40 
110;1765;5.4;1;AUDI;HCSUAQ1-QM6B2007PB809S57MMEM1;A4 ALLROAD QUATRO / 2.0 / TDI;Nemcija;DEU;osebni avtomobil;200;karavan;A4 ALLROAD QUATRO 
110;1765;5.4;1;AUDI;HCSUAQ1-QM6B2007PB809S57MMEM1;A4 ALLROAD QUATTRO / 2.0 / TDI;Nemcija;DEU;osebni avtomobil;200;karavan;A4 ALLROAD QUATTRO 
110;1664;5.4;1;AUDI;SDTSBF1-FD7FD7GC009RT51A174BIAHA2EM1BD0;Q3 / SPORTBACK 2.0 / TDI AUT.;Nemcija;DEU;osebni avtomobil;202;vozilo z dviûnimi vrati zadaj;Q3 
110;1660;5.4;1;AUDI;XDTSBF1-FD7FD7GC009RT21A174BIAHA2EM1AD0;Q3 / 2.0 / TDI AUT.;Nemcija;DEU;osebni avtomobil;206;karavan;Q3 
110;1645;5.4;1;AUDI;XCUVCQ1-QM62Q039P8U077MMEM1;Q3 / 2.0 / TDI Q;Nemcija;DEU;osebni avtomobil;204;karavan;Q3 
110;1505;5.4;1;AUDI;8D-AKN;A4 / 2.5 / TDI;Nemcija;DEU;osebni avtomobil;220;karavan;A4 
110;1490;5.4;0;AUDI;A2CVNAF1-FD7FD7CK005P8W02S57MMEM1;A4 AVANT / 1.4 / TFSI AUT.;Nemcija;DEU;osebni avtomobil;210;karavan;A4 AVANT 
110;1445;5.4;0;AUDI;A2CVNAF1-FM6FM6DJ001P8W02S57MMEM1K1;A4 AVANT / 1.4 / TFSI;Nemcija;DEU;osebni avtomobil;210;karavan;A4 AVANT 
110;1395;5.4;0;AUDI;L2CVNAF1-FM6FM6DJ007P8W07S57MMEM1;A4 / 1.4 / TFSI;Nemcija;DEU;osebni avtomobil;210;limuzina;A4 
110;1355;5.4;0;AUDI;XCZEAF1-FD7FD7CW005PGA057MMEM1HA0;Q2 / 1.4 / TFSI AUT.;Nemcija;DEU;osebni avtomobil;212;karavan;Q2 
110;1615;5.4;1;BMW;YK51-IAW500M0;X2 / sDrive 18 / d AUT.;Nemcija;DEU;osebni avtomobil;207;karavan;X2 
110;1615;5.4;1;BMW;71AC-DAW50000;X1 / sDrive18 / d AUT.;Nemcija;DEU;osebni avtomobil;205;karavan;X1 
110;1575;5.4;1;BMW;YK51-CHW500L0;X2 / sDrive 18 / d;Nemcija;DEU;osebni avtomobil;207;karavan;X2 
110;1555;5.4;1;BMW;6T91-DAW500L0;218 / ACTIVE TOURER / d AUT.;Nemcija;DEU;osebni avtomobil;210;karavan;218
110;1470;5.4;1;BMW;1S51-6HW50000;118 / / D;Nemcija;DEU;osebni avtomobil;212;karavan;118
110;1615;5.4;1;CITROEN;UDRHE8;C4 PICASSO / 2.0 / HDI;Francija;FRA;osebni avtomobil;195;vecnamensko vozilo;C4 PICASSO 
110;1505;5.4;1;CITROEN;BU6HZ8/S;C4 AIRCROSS 2X4 / 1.8 / HDI;Francija;FRA;osebni avtomobil;200;vecnamensko vozilo;C4 AIRCROSS 2X4 
110;1716;5.4;1;FORD;DM2-T7MA2A-5VU1QD;KUGA / 2.0 / TDCI 110 A6 4x4;Nemcija;DEU;osebni avtomobil;190;vecnamensko vozilo;KUGA 
110;1657;5.4;1;HONDA;CU33-2;ACCORD / 2.2 / i-DTEC;Japonska ;JPN;osebni avtomobil;212;limuzina;ACCORD 
110;1662;5.4;0;KIA;TFEA5P11-A61AZ1;OPTIMA / 2.0 / AUT.;Koreja. republika;KOR;osebni avtomobil;185;limuzina;OPTIMA 
110;1948;5.4;1;LAND ROVER;LZ-S5AA2L-A5DAB;RANGE ROVER EVOQUE / 2.0 / TD4 MHEV 4WD AUT.;Zdruûeno kraljestvo;GBR;osebni avtomobil;196;karavan;RANGE ROVER EVOQUE 
110;1595;5.4;1;MAZDA;GW160W0;CX-5 / CD150 / AWD;Japonska ;JPN;osebni avtomobil;199;karavan;CX-5 
110;1615;5.4;1;MERCEDES BENZ;OH1CT2-JZAA050A;GLA / 200 d / AUT.;Nemcija;DEU;osebni avtomobil;208;karavan;GLA 
110;1670;5.4;1;MITSUBISHI;GF621-ADCCA6A7AAAA;OUTLANDER / 2.2 DID / 4WD ASG;Japonska ;JPN;osebni avtomobil;200;karavan;OUTLANDER 
110;1665;5.4;1;MITSUBISHI;GF622-ADCCA6A7AAAA;OUTLANDER / 2.2 DID / 4WD ASG;Japonska ;JPN;osebni avtomobil;200;vecnamensko vozilo;OUTLANDER 
110;1668;5.4;1;PEUGEOT;0ERHE8;5008 / 2.0 / HDI;Francija;FRA;osebni avtomobil;195;vecnamensko vozilo;5008
110;1638;5.4;1;PEUGEOT;0ARHE8;5008 / 2.0 / HDI;Francija;FRA;osebni avtomobil;195;vecnamensko vozilo;5008
110;1604;5.4;1;PEUGEOT;0URHE8/1;3008 / 2.0 / HDI;Francija;FRA;osebni avtomobil;195;vecnamensko vozilo;3008
110;1649;5.4;1;RENAULT;KT3WE6;LAGUNA / GRANDTOUR 2.0 / DCI;Francija;FRA;osebni avtomobil;208;karavan;LAGUNA 
110;1576;5.4;1;RENAULT;KTFW06;LAGUNA / GRANDTOUR 2.0 / DCI;Francija;FRA;osebni avtomobil;208;karavan;LAGUNA 
110;1390;5.4;1;RENAULT;KMSK06;MEGANE / GRANDTOUR 2.0 / DCI;Francija;FRA;osebni avtomobil;209;karavan;MEGANE 
110;1761;5.4;1;SEAT;XDTSBX0-FD7SFD7GC0094BIML531AAD;TARRACO / 2.0 / TDI AUT.;äpanija;ESP;osebni avtomobil;196;karavan;TARRACO 
110;1760;5.4;1;SEAT;XDTSBX0-FD7SFD7GC0094BIML531AAB;TARRACO / 2.0 / TDI AUT.;äpanija;ESP;osebni avtomobil;196;karavan;TARRACO 
110;1431;5.4;1;SEAT;1M-ARL;LEON / 1.9 / TDI;äpanija;ESP;osebni avtomobil;215;vozilo z dviûnimi vrati zadaj;LEON 
110;1390;5.4;1;SEAT;ABARLX01-SGFM62M0051N1NN0GZ5;LEON / 1.9 / TDI;äpanija;ESP;osebni avtomobil;215;vozilo z dviûnimi vrati zadaj;LEON 
110;1375;5.4;0;SEAT;XCZEAX0-FD7SFD7CW0057MMVL61;ATECA / 1.4 / TSI AUT.;äpanija;ESP;osebni avtomobil;198;karavan;ATECA 
110;1359;5.4;0;SEAT;XCZEAX0-FM6SFM62S0327MMVL62;ATECA / 1.4 / TSI;äpanija;ESP;osebni avtomobil;201;karavan;ATECA 
110;1356;5.4;1;SEAT;ABARLX01;LEON / 1.9 / TDI;äpanija;ESP;osebni avtomobil;192;vozilo z dviûnimi vrati zadaj;LEON 
110;1333;5.4;1;SEAT;1M ABARLX01-SGFM62M0051N1NN0GZ5;LEON / 1.9;äpanija;ESP;osebni avtomobil;215;limuzina;LEON 
110;1333;5.4;1;SEAT;1M ABARLX01-SGFM62M0051N1NN0GZ5;LEON / 1.9;äpanija;ESP;osebni avtomobil;215;vozilo z dviûnimi vrati zadaj;LEON 
110;1768;5.4;1;äKODA;ACDFGAX1-NAM6AM6BB0037CP5NS7N1C7A;KODIAQ / 2.0 / TDI 4x4;Ceöka republika;CZE;osebni avtomobil;196;karavan;KODIAQ 
110;1763;5.4;1;äKODA;ACDTSBX0-NFD7FD7GC0094BI0NS5N1AJA;KODIAQ / 2.0 / TDI AUT.;Ceöka republika;CZE;osebni avtomobil;202;karavan;KODIAQ 
110;1725;5.4;1;äKODA;ACDFGAX1-NAM6AM6BB0037CP0NS5N1C7A;KODIAQ / 2.0 / TDI 4x4;Ceöka republika;CZE;osebni avtomobil;197;vozilo za posebne namene;KODIAQ 
110;1725;5.4;1;äKODA;ACDFGAX1-NAM6AM6BB0037CP0NS5V1C7A;KODIAQ / 2.0 / TDI 4x4;Ceöka republika;CZE;osebni avtomobil;197;karavan;KODIAQ 
110;1705;5.4;1;äKODA;ACDFGAX1-NAM6AM6BB0030NS5617;KODIAQ / 2.0 / TDI 4x4;Ceöka republika;CZE;osebni avtomobil;197;karavan;KODIAQ 
110;1607;5.4;1;äKODA;ACDTSBX01-NFD7FD7GC0044BISTN1C2B;SUPERB / COMBI 2.0 / TDI AUT.;Ceöka republika;CZE;osebni avtomobil;213;karavan;SUPERB 
110;1597;5.4;1;äKODA;ACDSRBX01-NFD7FD7GC0044BFSTN1C8A;SUPERB / COMBI 2.0 / TDI AUT.;Ceöka republika;CZE;osebni avtomobil;212;karavan;SUPERB 
110;1575;5.4;1;äKODA;AADSRBX01-NFD7FD7GC0044BFSTN1C8A;SUPERB / 2.0 / TDI AUT.;Ceöka republika;CZE;osebni avtomobil;220;limuzina;SUPERB 
110;1562;5.4;1;äKODA;ACDFGAX01-NFM6FM62Q0287CNSTN1C7A;SUPERB / COMBI 2.0 / TDI;Ceöka republika;CZE;osebni avtomobil;212;karavan;SUPERB 
110;1540;5.4;1;äKODA;AADFGAX01-NFM6FM62Q0287CNSTN1C7A;SUPERB / 2.0 / TDI;Ceöka republika;CZE;osebni avtomobil;219;limuzina;SUPERB 
110;1468;5.4;1;äKODA;ACDFFAX0-NFM6FM62Q0284BF16N0N1A8A;KAROQ / 2.0 / TDI;Ceöka republika;CZE;osebni avtomobil;206;karavan;KAROQ 
110;1441;5.4;0;äKODA;ACDFYAX0-NFD7FD7CW0024BIVL0N1A0A;OCTAVIA / COMBI 1.5 / TSI AUT.;Ceöka republika;CZE;osebni avtomobil;224;karavan;OCTAVIA 
110;1430;5.4;1;äKODA;ACDFFAX0-NFD7FD7GC0027CPV2VLN1C7A;OCTAVIA / COMBI 2.0 / TDI AUT.;Ceöka republika;CZE;osebni avtomobil;213;karavan;OCTAVIA 
110;1405;5.4;0;äKODA;AADPCAX0-NFM6FM6C90134BIVL4N1A1A;OCTAVIA / 1.5 / TSI;Ceöka republika;CZE;osebni avtomobil;231;limuzina;OCTAVIA 
110;1389;5.4;0;äKODA;AADPCAX0-NFM6FM6C90134BIVL3N1A2A;OCTAVIA / 1.5 / TSI;Ceöka republika;CZE;osebni avtomobil;231;limuzina;OCTAVIA 
110;1378;5.4;0;äKODA;ACDADAX0-NFM6FM62S0326617;KAROQ / 1.5 / TSI;Ceöka republika;CZE;osebni avtomobil;204;karavan;KAROQ 
110;1302;5.4;0;äKODA;ACDADAX0-NFM6FM62S0227CPSTVLN1C7B;OCTAVIA / COMBI 1.5 / TSI;Ceöka republika;CZE;osebni avtomobil;215;karavan;OCTAVIA 
110;1280;5.4;0;äKODA;AADPCAX0-NFM6FM62S0224BFSTVLN1B7A;OCTAVIA / 1.5 / TSI;Ceöka republika;CZE;osebni avtomobil;223;limuzina;OCTAVIA 
110;1277;5.4;0;äKODA;ACCZDAX0-NFM6FM62S022STVLN687;OCTAVIA / COMBI 1.4 / TSI;Ceöka republika;CZE;osebni avtomobil;216;karavan;OCTAVIA 
110;1725;5.4;1;VOLKSWAGEN;ACDFGAX1-AD7AD7GC010N5R5NVR27CP1CSB;TIGUAN / 2.0 / TDI 4M AUT.;Nemcija;DEU;osebni avtomobil;200;karavan;TIGUAN 
110;1677;5.4;1;VOLKSWAGEN;ACDTSAX0-FM6FM6BB002N5T3TVR24BI1BSA0M1IS;TIGUAN / 2.0 / TDI;Nemcija;DEU;osebni avtomobil;201;karavan;TIGUAN 
110;1665;5.4;1;VOLKSWAGEN;ACDFGAX1-AM6AM6BB003KN5R4NVR27MM63;TIGUAN / 2.0 / TDI 4M;Nemcija;DEU;osebni avtomobil;201;karavan;TIGUAN 
110;1641;5.4;1;VOLKSWAGEN;ACDFGAX1-NAM6AM6BB003KN4NVR27MM61;TIGUAN / 2.0 / TDI 4M;Nemcija;DEU;osebni avtomobil;201;karavan;TIGUAN 
110;1614;5.4;1;VOLKSWAGEN;ABDFGAX0-FM6FM62Q041V7CNVR21COA;ARTEON / 2.0 / TDI;Nemcija;DEU;osebni avtomobil;222;vozilo z dviûnimi vrati zadaj;ARTEON 
110;1595;5.4;1;VOLKSWAGEN;DFGAAC-FM6FM62Q0284BFS50VR21BA;TOURAN / 2.0 / TDI;Nemcija;DEU;osebni avtomobil;208;karavan;TOURAN 
110;1590;5.4;1;VOLKSWAGEN;ACDSRBX0-FD7FD7GC004SV4BFVR21CA;PASSAT / VARIANT 2.0 / TDI AUT.;Nemcija;DEU;osebni avtomobil;210;karavan;PASSAT 
110;1590;5.4;1;VOLKSWAGEN;ACDFSBX1-N0J2AD6AD62E088N1SCVR27MMLL271;CADDY / 2.0 / TDI 4M AUT.;Nemcija;DEU;osebni avtomobil;189;karavan;CADDY 
110;1590;5.4;1;VOLKSWAGEN;AFDFSBX1-N0J2AD6AD62E088N1SBVR27MMLL271;CADDY / 2.0 / TDI 4M AUT.;Nemcija;DEU;osebni avtomobil;189;vecnamensko vozilo;CADDY 
110;1590;5.4;1;VOLKSWAGEN;ACDFSBX1-N0J2AD6AD62E088N1SBVR27MMLL271;CADDY / 2.0 / TDI 4M AUT.;Nemcija;DEU;osebni avtomobil;189;vozilo za posebne namene;CADDY 
110;1546;5.4;1;VOLKSWAGEN;ACDFGAX0-FM6FM62Q028SH7CNVR21BA;PASSAT / VARIANT 2.0 / TDI;Nemcija;DEU;osebni avtomobil;218;karavan;PASSAT 
110;1540;5.4;1;VOLKSWAGEN;ACDFGAX0-FM6FM62Q028SV7CNVR21BA;PASSAT / VARIANT 2.0 / TDI;Nemcija;DEU;osebni avtomobil;218;karavan;PASSAT 
110;1535;5.4;1;VOLKSWAGEN;SACDFGAX0-FD7FD7GC002N7CPON1ML1BVR2A;GOLF / SPORTSVAN 2.0 / TDI AUT.;Nemcija;DEU;osebni avtomobil;210;karavan;GOLF 
110;1505;5.4;0;VOLKSWAGEN;CZDAAF-FD7FD7CW0027MMS72VR261;TOURAN / 1.4 / TSI AUT.;Nemcija;DEU;osebni avtomobil;209;vecnamensko vozilo;TOURAN 
110;1485;5.4;1;VOLKSWAGEN;VACDFGAX0-FD7FD7GC002N4BFON1ML1CVR2A;GOLF / VARIANT 2.0 / TDI AUT.;Nemcija;DEU;osebni avtomobil;216;karavan;GOLF 
110;1478;5.4;0;VOLKSWAGEN;CZDAAC-FD7FD7CW0027MMS50VR261;TOURAN / 1.4 / TSI AUT.;Nemcija;DEU;osebni avtomobil;209;karavan;TOURAN 
110;1445;5.4;1;VOLKSWAGEN;GAC4DFGAX0-FD7FD7GC002N4BFON1ML1CVR2NA;GOLF / 2.0 / TDI AUT.;Nemcija;DEU;osebni avtomobil;214;karavan;GOLF 
110;1440;5.4;1;VOLKSWAGEN;DFFAX0AC4-FD7FD7GC0044BF1AANN0;T-ROC / 2.0 / TDI AUT.;Nemcija;DEU;osebni avtomobil;205;karavan;T-ROC 
110;1438;5.4;1;VOLKSWAGEN;1J-ARL;GOLF / 1.9 / TDI;Nemcija;DEU;osebni avtomobil;216;vozilo z dviûnimi vrati zadaj;GOLF 
110;1415;5.4;1;VOLKSWAGEN;DFFAX0AC40-FM6FM62Q0284BF1AANN;T-ROC / 2.0 / TDI;Nemcija;DEU;osebni avtomobil;205;karavan;T-ROC 
110;1409;5.4;0;VOLKSWAGEN;SACCZDAX0-FD7FD7CW002N7MMOML06VR2;GOLF / SPORTSVAN 1.4 / TSI AUT.;Nemcija;DEU;osebni avtomobil;212;karavan;GOLF 
110;1391;5.4;0;VOLKSWAGEN;SACCZDAX0-FM6FM62S022N7MMON1ML02VR2;GOLF / SPORTSVAN 1.4 / TSI;Nemcija;DEU;osebni avtomobil;212;karavan;GOLF 
110;1363;5.4;1;VOLKSWAGEN;SCARLX01-SGFM62M002N41NN0GE;GOLF / 1.9 / TDI;Nemcija;DEU;osebni avtomobil;216;vozilo z dviûnimi vrati zadaj;GOLF 
110;1353;5.4;0;VOLKSWAGEN;VACCZDAX0-FM6FM62S022N7MMON1ML73VR2;GOLF / VARIANT 1.4 / TSI;Nemcija;DEU;osebni avtomobil;218;karavan;GOLF 
110;1350;5.4;0;VOLKSWAGEN;DADAX0AC4-FD7FD7CW0027MV62;T-ROC / 1.5 / TSI AUT.;Nemcija;DEU;osebni avtomobil;205;karavan;T-ROC 
110;1330;5.4;0;VOLKSWAGEN;DADAX0AC4-FM6FM62S0327MV63;T-ROC / 1.5 / TSI;Nemcija;DEU;osebni avtomobil;205;karavan;T-ROC 
110;1320;5.4;0;VOLKSWAGEN;GAC4DADAX0-FM6FM62S022N7CPON1ML1CVR2NA;GOLF / 1.5 / TSI;Nemcija;DEU;osebni avtomobil;216;karavan;GOLF 
110;1215;5.4;0;VOLKSWAGEN;9C-AQY;NEW BEETLE / 1.8T / CABRIOLET;Mehika;MEX;osebni avtomobil;185;kabriolet;NEW BEETLE 
110;1734;5.4;1;VOLVO;XXZ72-XZ72BC0;XC40 / 2.0 / TD / AUT. AWD;ävedska;SWE;osebni avtomobil;200;karavan;XC40 
110;1399;5.4;0;VOLVO;MV4551;V40 / 1.6 / T;ävedska;SWE;osebni avtomobil;210;vecnamensko vozilo;V40 
110;1365;5.5;0;ALFA ROMEO;940FYA1A22G;GIULIETTA / 1.4 /;Italija;ITA;osebni avtomobil;210;vecnamensko vozilo;GIULIETTA 
110;1895;5.5;1;AUDI;XCSUAQ1-QM6QM6B2023P8R017MMEM1GK1;Q5 / 2.0 / TDI Q;Nemcija;DEU;osebni avtomobil;190;karavan;Q5 
110;1681;5.5;1;AUDI;SDTSBF1-FD7FD7GC009RT51A184BIAHA3EM1CD0;Q3 / SPORTBACK 2.0 / TDI AUT.;Nemcija;DEU;osebni avtomobil;202;vozilo z dviûnimi vrati zadaj;Q3 
110;1680;5.5;1;AUDI;XCUVCQ1-QD7BH003P8U077MMEM1;Q3 / 2.0 / TDI Q AUT.;Nemcija;DEU;osebni avtomobil;204;karavan;Q3 
110;1676;5.5;1;AUDI;XDTSBF1-FD7FD7GC009RT21A184BIAHA3EM1CD0;Q3 / 2.0 / TDI AUT.;Nemcija;DEU;osebni avtomobil;206;karavan;Q3 
110;1668;5.5;1;AUDI;XDTSBF1-FD7FD7GC009RT21A184BIAHA2EM1BD0;Q3 / 2.0 / TDI AUT.;Nemcija;DEU;osebni avtomobil;206;karavan;Q3 
110;1540;5.5;1;AUDI;L2DEUAF1-FD7FD7CK006RT021C16S57CPAEM1;A4 / 2.0 / TDI AUT.;Nemcija;DEU;osebni avtomobil;219;limuzina;A4 
110;1460;5.5;0;AUDI;XCZEAF1-FM6FM62Q036P8U027MMEM1;Q3 / 1.4 / TFSI;Nemcija;DEU;osebni avtomobil;204;karavan;Q3 
110;1450;5.5;0;AUDI;L2CVNAF1-FD7FD7CK005P8W07S57MMEM1;A4 / 1.4 / TFSI AUT.;Nemcija;DEU;osebni avtomobil;210;limuzina;A4 
110;1445;5.5;0;AUDI;A2CVNAF1-FM6FM6DJ001P8W05S57MMEM1K1;A4 AVANT / 1.4 / TFSI;Nemcija;DEU;osebni avtomobil;210;karavan;A4 AVANT 
110;1355;5.5;0;AUDI;XCZEAF1-FD7FD7CW005PGA067MMEM1HA0;Q2 / 1.4 / TFSI AUT.;Nemcija;DEU;osebni avtomobil;212;karavan;Q2 
110;1685;5.5;1;BMW;31AD-IAW500L0;X1 / xDrive18 / d AUT.;Nemcija;DEU;osebni avtomobil;204;karavan;X1 
110;1660;5.5;1;BMW;31AD-IHW500B0;X1 / xDrive18 / d;Nemcija;DEU;osebni avtomobil;204;karavan;X1 
110;1615;5.5;1;BMW;YK51-IAW500M0;X2 / sDrive 18 / d AUT.;Nemcija;DEU;osebni avtomobil;207;karavan;X2 
110;1615;5.5;1;BMW;71AC-IAW500L0;X1 / sDrive18 / d AUT.;Nemcija;DEU;osebni avtomobil;205;karavan;X1 
110;1595;5.5;1;BMW;6W91-DHW50000;218 / GRAN TOURER / d;Nemcija;DEU;osebni avtomobil;207;karavan;218
110;1580;5.5;1;BMW;JH51-6HW500C0;X1 / sDrive 18 / d;Nemcija;DEU;osebni avtomobil;205;karavan;X1 
110;1555;5.5;1;BMW;6T91-DAW50000;218 / ACTIVE TOURER / d AUT.;Nemcija;DEU;osebni avtomobil;210;karavan;218
110;1490;5.5;1;BMW;AS71-01;320 / / d;Nemcija;DEU;osebni avtomobil;221;limuzina;320
110;1490;5.5;1;BMW;AS71-01;BMW / 320 / / d;Nemcija;DEU;osebni avtomobil;221;limuzina;BMW 
110;1490;5.5;1;BMW;346L;320;Nemcija;DEU;osebni avtomobil;216;limuzina;320
110;1470;5.5;1;BMW;AT71-01;320 / COMPACT / td;Nemcija;DEU;osebni avtomobil;214;vozilo z dviûnimi vrati zadaj;320
110;1415;5.5;1;BMW;AS-71;320 / D;Nemcija;DEU;osebni avtomobil;221;limuzina;320
110;1415;5.5;1;BMW;346-L;320 / D;Nemcija;DEU;osebni avtomobil;216;limuzina;320
110;1972;5.5;1;CITROEN;VEAHXH-N2B00N;JUMPY SPACE TOURER / 2.0 / HDI L3;Francija;FRA;osebni avtomobil;170;vecnamensko vozilo;JUMPY SPACE TOURER 
110;1970;5.5;1;CITROEN;VEAHXH-P2B00N;JUMPY SPACE TOURER / 2.0 / HDI L3;Francija;FRA;osebni avtomobil;170;vecnamensko vozilo;JUMPY SPACE TOURER 
110;1325;5.5;0;FORD;DYB-M8DD15X-5CDBBAMC;FOCUS / 1.5 / EB 110 B6 S;Nemcija;DEU;osebni avtomobil;210;vozilo z dviûnimi vrati zadaj;FOCUS 
110;1723;5.5;1;HONDA;RE63-1;CR-V / 2.2 / i-DTEC;Zdruûeno kraljestvo;GBR;osebni avtomobil;190;vecnamensko vozilo;CR-V 
110;1893;5.5;1;JAGUAR;DF-D-501A;JAGUAR E-PACE / 2.0 / IL4d AWD;Zdruûeno kraljestvo;GBR;osebni avtomobil;194;karavan;JAGUAR E-PACE 
110;2006;5.5;1;LAND ROVER;LC-S5CA2L-A5OAA;DISCOVERY SPORT / 2.0 / 4WD AUT.;Zdruûeno kraljestvo;GBR;osebni avtomobil;190;karavan;DISCOVERY SPORT 
110;1703;5.5;1;MAZDA;GHN9180E;CX-5 / 2.2 / D AWD;Japonska ;JPN;osebni avtomobil;194;karavan;CX-5 
110;1686;5.5;1;MAZDA;6W1AAW0;CX-5 / CD150 / AT;Japonska ;JPN;osebni avtomobil;200;karavan;CX-5 
110;1630;5.5;1;MAZDA;N9180E;CX-5 / 2.2 / D LP AWD AT;Japonska ;JPN;osebni avtomobil;194;karavan;CX-5 
110;1570;5.5;1;MAZDA;N9180E;CX-5 / CD150 / AWD AT;Japonska ;JPN;osebni avtomobil;194;karavan;CX-5 
110;1374;5.5;0;MAZDA;6HGAGW00;MAZDA 3 / HB / G150 / AT;Japonska ;JPN;osebni avtomobil;204;vozilo z dviûnimi vrati zadaj;MAZDA 3 
110;1715;5.5;1;MERCEDES BENZ;U013T0-CZAA150B;E / 200 / d AUT.;Nemcija;DEU;osebni avtomobil;224;limuzina;E 
110;1680;5.5;1;MERCEDES BENZ;OX1CT2-JZAA150A;GLB / 200 d / AUT.;Nemcija;DEU;osebni avtomobil;204;karavan;GLB 
110;1495;5.5;1;MITSUBISHI;GA711-AAAAA6A5AAAA;ASX / 1.8 DID / HP 2WD ASG;Japonska ;JPN;osebni avtomobil;200;karavan;ASX 
110;1562;5.5;1;NISSAN;J11GG08;QASHQAI / 1.7 / DCI;Zdruûeno kraljestvo;GBR;osebni avtomobil;192;vecnamensko vozilo;QASHQAI 
110;1364;5.5;0;OPEL;CA0DBAB12-BK1F2AACK5;ASTRA / 1.4 / TURBO AUT.;Nemcija;DEU;osebni avtomobil;210;vozilo z dviûnimi vrati zadaj;ASTRA 
110;1322;5.5;0;OPEL;CA0DBAA12-BK1E3XJCDK5;ASTRA / 1.4 / TURBO;Nemcija;DEU;osebni avtomobil;215;vozilo z dviûnimi vrati zadaj;ASTRA 
110;1308;5.5;0;OPEL;CA0DBAB12-BK1E4AACK5;ASTRA / 1.4 / TURBO AUT.;Nemcija;DEU;osebni avtomobil;210;vozilo z dviûnimi vrati zadaj;ASTRA 
110;1278;5.5;0;OPEL;CA0DBAA12-BK1E4JCDK5;ASTRA / 1.4 / TURBO;Nemcija;DEU;osebni avtomobil;215;vozilo z dviûnimi vrati zadaj;ASTRA 
110;1268;5.5;0;OPEL;CA0DBAA12-BK1E3JCDK5;ASTRA / 1.4 / TURBO;Nemcija;DEU;osebni avtomobil;215;vozilo z dviûnimi vrati zadaj;ASTRA 
110;1990;5.5;1;PEUGEOT;VEAHXK-N2200L;EXPERT TRAVELLER / 2.0 / HDI L2;Francija;FRA;osebni avtomobil;183;vecnamensko vozilo;EXPERT TRAVELLER 
110;1972;5.5;1;PEUGEOT;VEAHXH-N2B00N;EXPERT TRAVELLER / 2.0 / HDI L3;Francija;FRA;osebni avtomobil;170;vecnamensko vozilo;EXPERT TRAVELLER 
110;1970;5.5;1;PEUGEOT;VEAHXH-P2B00N;EXPERT TRAVELLER / 2.0 / HDI L3;Francija;FRA;osebni avtomobil;170;vecnamensko vozilo;EXPERT TRAVELLER 
110;1604;5.5;1;PEUGEOT;0URHE8;3008 / 2.0 / HDI;Francija;FRA;osebni avtomobil;195;vecnamensko vozilo;3008
110;1743;5.5;1;RENAULT;RFARH2A76TA0517000;GRAND SCENIC / 1.7 / DCI;Francija;FRA;osebni avtomobil;208;vozilo z dviûnimi vrati zadaj;GRAND SCENIC 
110;1729;5.5;1;RENAULT;RFARH2A76TA1V15000;GRAND SCENIC / 1.7 / DCI;Francija;FRA;osebni avtomobil;208;vozilo z dviûnimi vrati zadaj;GRAND SCENIC 
110;1722;5.5;1;RENAULT;RFARH2A76TA0515000;GRAND SCENIC / 1.7 / DCI;Francija;FRA;osebni avtomobil;208;vozilo z dviûnimi vrati zadaj;GRAND SCENIC 
110;1690;5.5;1;RENAULT;RFAJH2A76TA0515000;SCENIC / 1.7 / DCI;Francija;FRA;osebni avtomobil;210;vozilo z dviûnimi vrati zadaj;SCENIC 
110;1670;5.5;1;RENAULT;RFDKH2A76TA0510000;TALISMAN GRANDTOUR / 1.7 / DCI;Francija;FRA;osebni avtomobil;206;karavan;TALISMAN GRANDTOUR 
110;1505;5.5;1;RENAULT;KMSK06;MEGANE / GRANDTOUR 2.0 / DCI;Francija;FRA;osebni avtomobil;209;karavan;MEGANE 
110;1385;5.5;1;RENAULT;CMSK06;MEGANE / 2.0 / DCI;Francija;FRA;osebni avtomobil;210;vozilo z dviûnimi vrati zadaj;MEGANE 
110;1375;5.5;0;SEAT;XCZEAX0-FD7SFD7CW0057MMVL62;ATECA / 1.4 / TSI AUT.;äpanija;ESP;osebni avtomobil;198;karavan;ATECA 
110;1763;5.5;1;äKODA;ACDTSBX0-NFD7FD7GC0094BI0NS5N1AJA;KODIAQ / 2.0 / TDI AUT.;Ceöka republika;CZE;osebni avtomobil;202;karavan;KODIAQ 
110;1753;5.5;1;äKODA;ACDTSBX0-NFD7FD7GC0094BI0NS5V1BJA;KODIAQ / 2.0 / TDI AUT.;Ceöka republika;CZE;osebni avtomobil;202;karavan;KODIAQ 
110;1748;5.5;1;äKODA;ACDFGAX1-NAM6AM6BB0035NS7N617;KODIAQ / 2.0 / TDI 4x4;Ceöka republika;CZE;osebni avtomobil;195;karavan;KODIAQ 
110;1597;5.5;1;äKODA;ACDSRBX01-NFD7FD7GC0044BFSTN1C8A;SUPERB / COMBI 2.0 / TDI AUT.;Ceöka republika;CZE;osebni avtomobil;212;karavan;SUPERB 
110;1585;5.5;1;äKODA;ACDFSBX1-NAD6AD62E088ST617;YETI / 2.0 / TDI 4x4 AUT.;Ceöka republika;CZE;osebni avtomobil;192;karavan;YETI 
110;1562;5.5;1;äKODA;ACDFGAX01-NFM6FM62Q0287CNV2N1C7A;SUPERB / COMBI 2.0 / TDI;Ceöka republika;CZE;osebni avtomobil;212;karavan;SUPERB 
110;1560;5.5;1;äKODA;AADFGAX01-NFD7FD7GC0047CNSTN1C7A;SUPERB / 2.0 / TDI AUT.;Ceöka republika;CZE;osebni avtomobil;217;limuzina;SUPERB 
110;1505;5.5;0;äKODA;AACZEAX11-NAM6AM6BB001ST617;SUPERB / 1.4 / TSI 4x4;Ceöka republika;CZE;osebni avtomobil;215;limuzina;SUPERB 
110;1439;5.5;0;äKODA;ACDFYAX0-NFD7FD7CW0024BIVL0N1A0A;OCTAVIA / COMBI 1.5 / TSI AUT.;Ceöka republika;CZE;osebni avtomobil;224;karavan;OCTAVIA 
110;1393;5.5;0;äKODA;ACDADAX0-NFD7FD7CW0024618;KAROQ / 1.5 / TSI AUT.;Ceöka republika;CZE;osebni avtomobil;203;karavan;KAROQ 
110;1378;5.5;0;äKODA;ACDADAX0-NFM6FM62S0324628;KAROQ / 1.5 / TSI;Ceöka republika;CZE;osebni avtomobil;204;karavan;KAROQ 
110;1336;5.5;0;äKODA;AADPCAX0-NFM6FM6C90134BIVL4N1A1A;OCTAVIA / 1.5 / TSI;Ceöka republika;CZE;osebni avtomobil;231;limuzina;OCTAVIA 
110;1302;5.5;0;äKODA;ACDPCAX0-NFM6FM62S0224BFSTVLN1B7A;OCTAVIA / COMBI 1.5 / TSI;Ceöka republika;CZE;osebni avtomobil;215;karavan;OCTAVIA 
110;1247;5.5;0;äKODA;ABSDPCAX0-NFM6FM62S0324BISTNN3N1A1A;SCALA / 1.5 / TSI;Ceöka republika;CZE;osebni avtomobil;220;vozilo z dviûnimi vrati zadaj;SCALA 
110;1972;5.5;1;TOYOTA;VEAHXH-N2B00N(1D);PROACE / 2.0 / D;Francija;FRA;osebni avtomobil;170;vecnamensko vozilo;PROACE 
110;1970;5.5;1;TOYOTA;VEAHXH-P2B00N(1D);PROACE / 2.0 / D;Francija;FRA;osebni avtomobil;170;vecnamensko vozilo;PROACE 
110;1660;5.5;1;TOYOTA;ADT271L-AWFEYW(1F);AVENSIS / 2.2 / D WAGON;Zdruûeno kraljestvo;GBR;osebni avtomobil;210;vecnamensko vozilo;AVENSIS 
110;1590;5.5;1;TOYOTA;ADT271L-AEFGYW(1A);AVENSIS / 2.2 / D;Zdruûeno kraljestvo;GBR;osebni avtomobil;210;limuzina;AVENSIS 
110;1691;5.5;1;VOLKSWAGEN;ACDTSAX0-FM6FM62Q032L5T4NVR24BI1BSACM1G;TIGUAN / 2.0 / TDI;Nemcija;DEU;osebni avtomobil;201;karavan;TIGUAN 
110;1660;5.5;1;VOLKSWAGEN;DFGAAF-FD7FD7GC0044BFS72VR21AAB;TOURAN / 2.0 / TDI AUT.;Nemcija;DEU;osebni avtomobil;206;vecnamensko vozilo;TOURAN 
110;1635;5.5;1;VOLKSWAGEN;DFGAAF-FM6FM62Q0284BFS72VR21AA;TOURAN / 2.0 / TDI;Nemcija;DEU;osebni avtomobil;208;vecnamensko vozilo;TOURAN 
110;1632;5.5;1;VOLKSWAGEN;DTSBAC-FD7FD7GC0044BIS50VR21CA00;TOURAN / 2.0 / TDI AUT.;Nemcija;DEU;osebni avtomobil;205;karavan;TOURAN 
110;1620;5.5;1;VOLKSWAGEN;DFGAAC-FD7FD7GC0044BFS50VR21AA;TOURAN / 2.0 / TDI AUT.;Nemcija;DEU;osebni avtomobil;206;karavan;TOURAN 
110;1600;5.5;1;VOLKSWAGEN;ACDFGAX0-FM6FM6BB002N5N1TVR24BF1ASAB;TIGUAN / 2.0 / TDI;Nemcija;DEU;osebni avtomobil;204;karavan;TIGUAN 
110;1595;5.5;1;VOLKSWAGEN;DFGAAC-FM6FM62Q0284BFS50VR21CAB;TOURAN / 2.0 / TDI;Nemcija;DEU;osebni avtomobil;208;karavan;TOURAN 
110;1586;5.5;1;VOLKSWAGEN;ACDFGAX0-FD7FD7GC004SH7CNVR21BA;PASSAT / VARIANT 2.0 / TDI AUT.;Nemcija;DEU;osebni avtomobil;216;karavan;PASSAT 
110;1579;5.5;1;VOLKSWAGEN;ACDFGAX0-FD7FD7GC004SV7CNVR21BA;PASSAT / VARIANT 2.0 / TDI AUT.;Nemcija;DEU;osebni avtomobil;216;karavan;PASSAT 
110;1544;5.5;1;VOLKSWAGEN;AADFGAX0-FD7FD7GC004SV7CNVR21CA;PASSAT / 2.0 / TDI AUT.;Nemcija;DEU;osebni avtomobil;218;limuzina;PASSAT 
110;1540;5.5;1;VOLKSWAGEN;ACDFGAX0-FM6FM62Q028SV7CNVR21CA;PASSAT / VARIANT 2.0 / TDI;Nemcija;DEU;osebni avtomobil;218;karavan;PASSAT 
110;1530;5.5;1;VOLKSWAGEN;SACDFGAX0-FD7FD7GC002N4BFON1ML1BVR2A;GOLF / SPORTSVAN 2.0 / TDI AUT.;Nemcija;DEU;osebni avtomobil;210;karavan;GOLF 
110;1505;5.5;0;VOLKSWAGEN;CZDAAF-FD7FD7CW0027MMS72VR264;TOURAN / 1.4 / TSI AUT.;Nemcija;DEU;osebni avtomobil;209;vecnamensko vozilo;TOURAN 
110;1485;5.5;1;VOLKSWAGEN;VACDFGAX0-FD7FD7GC002N7CPON1ML1CVR2A;GOLF / VARIANT 2.0 / TDI AUT.;Nemcija;DEU;osebni avtomobil;216;karavan;GOLF 
110;1478;5.5;0;VOLKSWAGEN;CZDAAC-FD7FD7CW0027MMS50VR264;TOURAN / 1.4 / TSI AUT.;Nemcija;DEU;osebni avtomobil;209;karavan;TOURAN 
110;1478;5.5;0;VOLKSWAGEN;CZDAAC-FD7FD7CW0027MMS50VR264;TOURAN / 1.4 / TSI AUT.;Nemcija;DEU;osebni avtomobil;209;vozilo za posebne namene;TOURAN 
110;1445;5.5;1;VOLKSWAGEN;GAC4DFGAX0-FD7FD7GC002N7CPON1ML1CVR2NA;GOLF / 2.0 / TDI AUT.;Nemcija;DEU;osebni avtomobil;214;karavan;GOLF 
110;1440;5.5;1;VOLKSWAGEN;DFFAX0AC4-FD7FD7GC0044BF1AANN0;T-ROC / 2.0 / TDI AUT.;Nemcija;DEU;osebni avtomobil;205;karavan;T-ROC 
110;1415;5.5;1;VOLKSWAGEN;DFFAX0AC4-FM6FM62Q0284BF1CANN;T-ROC / 2.0 / TDI;Nemcija;DEU;osebni avtomobil;205;karavan;T-ROC 
110;1409;5.5;0;VOLKSWAGEN;SACCZDAX0-FD7FD7CW002N7MMMN1ML05VR2;GOLF / SPORTSVAN 1.4 / TSI AUT.;Nemcija;DEU;osebni avtomobil;212;karavan;GOLF 
110;1409;5.5;0;VOLKSWAGEN;SACCZDAX0-FD7FD7CW006N7MMON1ML07VR2;GOLF / SPORTSVAN 1.4 / TSI AUT.;Nemcija;DEU;osebni avtomobil;212;vozilo za posebne namene;GOLF 
110;1391;5.5;0;VOLKSWAGEN;SACCZDAX0-FM6FM62S022N7MMON1ML06VR2;GOLF / SPORTSVAN 1.4 / TSI;Nemcija;DEU;osebni avtomobil;212;karavan;GOLF 
110;1350;5.5;0;VOLKSWAGEN;DADAX0AC4-FD7FD7CW0027MV63;T-ROC / 1.5 / TSI AUT.;Nemcija;DEU;osebni avtomobil;205;karavan;T-ROC 
110;1962;5.6;1;AUDI;XCSUAQ1-QM6B2023P8R027MMEM1G;Q5 / 2.0 / TDI Q;Nemcija;DEU;osebni avtomobil;190;karavan;Q5 
110;1895;5.6;1;AUDI;XCSUAQ1-QM6B2023R8R707MMEM1G;Q5 / 2.0 / TDI Q;Nemcija;DEU;osebni avtomobil;190;karavan;Q5 
110;1595;5.6;1;AUDI;A2DEUAF1-FD7FD7CK006RT021C16S57CPAEM1;A4 / AVANT 2.0 / TDI AUT.;Nemcija;DEU;osebni avtomobil;213;karavan;A4 
110;1490;5.6;0;AUDI;A2CVNAF1-FD7FD7CK005P8W07S57MMEM1;A4 AVANT / 1.4 / TFSI AUT.;Nemcija;DEU;osebni avtomobil;210;karavan;A4 AVANT 
110;1445;5.6;0;AUDI;A2CVNAF1-FM6FM6DJ007P8W07S57MMEM1;A4 AVANT / 1.4 / TFSI;Nemcija;DEU;osebni avtomobil;210;karavan;A4 AVANT 
110;1690;5.6;1;BMW;6X11-IAW500L0;218 / GRAN TOURER / d xDrive AUT.;Nemcija;DEU;osebni avtomobil;205;karavan;218
110;1685;5.6;1;BMW;31AD-IAW500B0;X1 / xDrive18 / d AUT.;Nemcija;DEU;osebni avtomobil;204;karavan;X1 
110;1680;5.6;1;BMW;YK71-IAW500M0;X2 / xDrive 18 / d AUT.;Nemcija;DEU;osebni avtomobil;206;karavan;X2 
110;1680;5.6;1;BMW;31AD-DAW500B0;X1 / xDrive18 / d AUT.;Nemcija;DEU;osebni avtomobil;204;karavan;X1 
110;1675;5.6;1;BMW;YK71-DAW500M0;X2 / xDrive 18 / d AUT.;Nemcija;DEU;osebni avtomobil;206;karavan;X2 
110;1660;5.6;1;BMW;6L31-DAW500K0;318 / TOURING / d AUT.;Nemcija;DEU;osebni avtomobil;215;karavan;318
110;1660;5.6;1;BMW;31AD-IHW500B0;X1 / xDrive18 / d;Nemcija;DEU;osebni avtomobil;204;karavan;X1 
110;1615;5.6;1;BMW;6W91-CAW50000;218 / GRAN TOURER / D AUT.;Nemcija;DEU;osebni avtomobil;207;karavan;218
110;1610;5.6;1;BMW;YK51-CAW500L0;X2 / sDrive 18 / d AUT.;Nemcija;DEU;osebni avtomobil;207;karavan;X2 
110;1580;5.6;1;BMW;JH51-6HW500C0;X1 / sDrive 18 / d;Nemcija;DEU;osebni avtomobil;205;karavan;X1 
110;1545;5.6;1;BMW;8C31-6HW50000;318 / / d;Nemcija;DEU;osebni avtomobil;215;limuzina;318
110;1490;5.6;1;BMW;346C;320 / / Cd;Nemcija;DEU;osebni avtomobil;207;kupe;320
110;1415;5.6;1;BMW;AS-71;320 / D;Nemcija;DEU;osebni avtomobil;201;limuzina;320
110;1580;5.6;1;CHEVROLET;JNC11-BE5;CRUZE / 2.0 / DT 16V;Koreja. republika;KOR;osebni avtomobil;210;limuzina;CRUZE 
110;1570;5.6;1;CITROEN;BU6HZB/S;C4 AIRCROSS 4X4 / 1.8 / HDI;Francija;FRA;osebni avtomobil;198;vecnamensko vozilo;C4 AIRCROSS 4X4 
110;1435;5.6;1;FIAT;198AXC1B02;BRAVO / 1.9 / JTD 16V;Italija;ITA;osebni avtomobil;209;vecnamensko vozilo;BRAVO 
110;1360;5.6;1;FIAT;192AXT1B42;STILO / 1.9 / JTD 16V;Italija;ITA;osebni avtomobil;209;vozilo z dviûnimi vrati zadaj;STILO 
110;1350;5.6;0;FORD;DYB-M8DD16X-5CDBBAMC;FOCUS / 1.5 / Ecoboost 110 M6 S;Nemcija;DEU;osebni avtomobil;210;karavan;FOCUS 
110;1773;5.6;1;HONDA;RE63-1;CR-V / 2.2 / I-DTEC;Zdruûeno kraljestvo;GBR;osebni avtomobil;190;vecnamensko vozilo;CR-V 
110;1723;5.6;1;HONDA;CW33-4;ACCORD TOURER / 2.2 / i-DTEC;Japonska ;JPN;osebni avtomobil;207;vecnamensko vozilo;ACCORD TOURER 
110;1663;5.6;1;HONDA;CU31-6;ACCORD / 2.2 / i-DTEC;Japonska ;JPN;osebni avtomobil;212;limuzina;ACCORD 
110;1654;5.6;1;HONDA;CU31-5;ACCORD / 2.2 / I-DTEC;Japonska ;JPN;osebni avtomobil;212;limuzina;ACCORD 
110;1628;5.6;1;HONDA;CU31-1;ACCORD / 2.2 / i-DTEC;Japonska ;JPN;osebni avtomobil;212;limuzina;ACCORD 
110;1904;5.6;1;JAGUAR;DF-B-506;E-PACE / 2.0 / IL4d AWD AUT.;Zdruûeno kraljestvo;GBR;osebni avtomobil;193;karavan;E-PACE 
110;2089;5.6;1;LAND ROVER;LC-S5CA2L-A7LAB;DISCOVERY SPORT / 2.0 / 4WD AUT.;Zdruûeno kraljestvo;GBR;osebni avtomobil;188;karavan;DISCOVERY SPORT 
110;1746;5.6;1;MAZDA;GW1AAW0;CX-5 / CD150 / AWD AT;Japonska ;JPN;osebni avtomobil;196;karavan;CX-5 
110;1680;5.6;1;MERCEDES BENZ;OX1CT2-JZAA050A;GLB / 200 d / AUT.;Nemcija;DEU;osebni avtomobil;204;karavan;GLB 
110;1670;5.6;1;MERCEDES BENZ;OH1CT1-JZAA050A;GLA / 200 d / 4-MATIC AUT.;Nemcija;DEU;osebni avtomobil;205;karavan;GLA 
110;1635;5.6;1;MINI;YY51-DAW500L0;COUNTRYMAN COOPER D ALL4 / / AUT.;Nemcija;DEU;osebni avtomobil;205;karavan;COUNTRYMAN COOPER D ALL4 
110;1585;5.6;1;MITSUBISHI;GA721-AGAAA6A5AAAA;ASX / 1.8 DID / HP 4WD ASG;Japonska ;JPN;osebni avtomobil;198;karavan;ASX 
110;1585;5.6;1;MITSUBISHI;GA722-AGAAA6A5AAAA;ASX / 1.8 DID / HP 4WD ASG;Japonska ;JPN;osebni avtomobil;198;vecnamensko vozilo;ASX 
110;1393;5.6;1;OPEL;BK11-1A08ADNFFD5;ASTRA / 1.9 / DTI 16V;Nemcija;DEU;osebni avtomobil;208;vozilo z dviûnimi vrati zadaj;ASTRA 
110;1393;5.6;1;OPEL;FK11-2A06ADNFFT5;ASTRA / CAR. 1.9 / DTI 16V;Nemcija;DEU;osebni avtomobil;207;karavan;ASTRA 
110;1390;5.6;1;OPEL;KK11-1A09AENFFD5;ASTRA / 1.9 / DTI 16V;Nemcija;DEU;osebni avtomobil;210;kupe;ASTRA 
110;1378;5.6;0;OPEL;DA0DBAA12-BK2F3XJCDK5;ASTRA / ST 1.4 / TURBO;Nemcija;DEU;osebni avtomobil;215;karavan;ASTRA 
110;1350;5.6;0;OPEL;DA0DBAB12-BK2G1AACK5;ASTRA / ST 1.4 / TURBO AUT.;Nemcija;DEU;osebni avtomobil;210;karavan;ASTRA 
110;1340;5.6;0;OPEL;DA0DBAB12-BK2G3AACK5;ASTRA / ST 1.4 / TURBO AUT.;Nemcija;DEU;osebni avtomobil;210;karavan;ASTRA 
110;1322;5.6;0;OPEL;DA0DBAA12-BK2F3JCDK5;ASTRA / ST 1.4 / TURBO;Nemcija;DEU;osebni avtomobil;215;karavan;ASTRA 
110;2065;5.6;1;PEUGEOT;VEAHXH-L2B00N;EXPERT TRAVELLER / 2.0 / HDI L3;Francija;FRA;osebni avtomobil;170;vecnamensko vozilo;EXPERT TRAVELLER 
110;1604;5.6;1;PEUGEOT;0URHE8/1;3008 / 2.0 / HDI;Francija;FRA;osebni avtomobil;195;vecnamensko vozilo;3008
110;1570;5.6;1;PEUGEOT;BU6HZB/S;4008 4X4 / 1.8 / HDI;Francija;FRA;osebni avtomobil;198;vecnamensko vozilo;4008 4X4 
110;2001;5.6;1;RENAULT;JKFJC6;ESPACE / 2.0 / DCI;Francija;FRA;osebni avtomobil;194;vecnamensko vozilo;ESPACE 
110;1976;5.6;1;RENAULT;JKFJA6;ESPACE / 2.0 / DCI;Francija;FRA;osebni avtomobil;194;vecnamensko vozilo;ESPACE 
110;1766;5.6;1;RENAULT;RFARH2A76TA0517000;GRAND SCENIC / 1.7 / DCI;Francija;FRA;osebni avtomobil;195;vozilo z dviûnimi vrati zadaj;GRAND SCENIC 
110;1764;5.6;1;RENAULT;RFARH2A76TA1V17000;GRAND SCENIC / 1.7 / DCI;Francija;FRA;osebni avtomobil;208;vozilo z dviûnimi vrati zadaj;GRAND SCENIC 
110;1693;5.6;1;RENAULT;RFDKH2A76TA0510000;TALISMAN GRANDTOUR / 1.7 / DCI;Francija;FRA;osebni avtomobil;206;karavan;TALISMAN GRANDTOUR 
110;1615;5.6;1;RENAULT;RFBKH2A7ATB1M00100;MEGANE / GRANDTOUR 1.7 / DCI AUT.;Francija;FRA;osebni avtomobil;205;karavan;MEGANE 
110;1505;5.6;0;RENAULT;RFDLF2MJB61A110000;TALISMAN / 1.6 / 16V AUT.;Francija;FRA;osebni avtomobil;210;limuzina;TALISMAN 
110;1952;5.6;1;SEAT;DFLAX1AF-AM6AM6A60117MMN7VR2SE62;ALHAMBRA / 2.0 / TDI 4M;äpanija;ESP;osebni avtomobil;198;vecnamensko vozilo;ALHAMBRA 
110;1891;5.6;1;SEAT;CUVCX1AC-AM6AM6A60117MM5VR2SE62;ALHAMBRA / 2.0 / TDI 4M;äpanija;ESP;osebni avtomobil;198;karavan;ALHAMBRA 
110;1826;5.6;1;SEAT;XDTSBX0-FD7MFD7GC0094BIML541BBB;TARRACO / 2.0 / TDI AUT.;äpanija;ESP;osebni avtomobil;196;karavan;TARRACO 
110;1806;5.6;1;SEAT;XDTSBX0-FD7MFD7GC0094BIML541BAB;TARRACO / 2.0 / TDI AUT.;äpanija;ESP;osebni avtomobil;196;karavan;TARRACO 
110;1453;5.6;1;SEAT;XDFFAX0-FM6SFM62Q0287CPVL1C18A;ATECA / 2.0 / TDI;äpanija;ESP;osebni avtomobil;200;karavan;ATECA 
110;1453;5.6;1;SEAT;XDFFAX0-FM6SFM62Q0287CPVL1C18A;ATECA / 2.0 / TDI;äpanija;ESP;osebni avtomobil;200;vozilo za posebne namene;ATECA 
110;1828;5.6;1;äKODA;ACDTSBX0-NFD7FD7GC0094BI0NS5N1BKB;KODIAQ / 2.0 / TDI AUT.;Ceöka republika;CZE;osebni avtomobil;202;karavan;KODIAQ 
110;1771;5.6;1;äKODA;ACDTSBX0-NFD7FD7GC0094BI0NS5V1BJA;KODIAQ / 2.0 / TDI AUT.;Ceöka republika;CZE;osebni avtomobil;202;karavan;KODIAQ 
110;1586;5.6;1;äKODA;ACDTTCX1-NAD7AD7GC0054BI16N3N1A2A;KAROQ / 2.0 / TDI 4x4 AUT.;Ceöka republika;CZE;osebni avtomobil;199;karavan;KAROQ 
110;1562;5.6;1;äKODA;ACDFGAX01-NFM6FM62Q0287CNSTN1C7A;SUPERB / COMBI 2.0 / TDI;Ceöka republika;CZE;osebni avtomobil;212;karavan;SUPERB 
110;1560;5.6;1;äKODA;AADFGAX01-NFD7FD7GC0047CNV2N1C7A;SUPERB / 2.0 / TDI AUT.;Ceöka republika;CZE;osebni avtomobil;217;limuzina;SUPERB 
110;1468;5.6;1;äKODA;ACDFFAX0-NFM6FM62Q0284BF160N1C8A;KAROQ / 2.0 / TDI;Ceöka republika;CZE;osebni avtomobil;203;karavan;KAROQ 
110;1462;5.6;0;äKODA;ACDFYAX0-NFD7FD7CW0024BIVL0N1B0A;OCTAVIA / COMBI 1.5 / TSI AUT.;Ceöka republika;CZE;osebni avtomobil;224;karavan;OCTAVIA 
110;1461;5.6;1;äKODA;ACDFFAX0-NFM6FM62Q0287CP165N1C7A;KAROQ / 2.0 / TDI;Ceöka republika;CZE;osebni avtomobil;205;karavan;KAROQ 
110;1421;5.6;0;äKODA;ACDPCAX0-NFM6FM6C90134BIVL3N1A1A;OCTAVIA / COMBI 1.5 / TSI;Ceöka republika;CZE;osebni avtomobil;225;karavan;OCTAVIA 
110;1413;5.6;0;äKODA;ACDPCAX0-OFM6FM6C90134BIVL3N1A1A;OCTAVIA / COMBI 1.5 / TSI;Ceöka republika;CZE;osebni avtomobil;225;karavan;OCTAVIA 
110;1393;5.6;0;äKODA;ACDADAX0-NFD7FD7CW0027628;KAROQ / 1.5 / TSI AUT.;Ceöka republika;CZE;osebni avtomobil;203;karavan;KAROQ 
110;1390;5.6;0;äKODA;AADPCAX0-OFM6FM6C90134BIVL3N1B1A;OCTAVIA / 1.5 / TSI;Ceöka republika;CZE;osebni avtomobil;231;limuzina;OCTAVIA 
110;1350;5.6;0;äKODA;ACDPCAX0-OFM6FM6C90014BFVL0N1A6A;OCTAVIA / COMBI 1.5 / TSI;Ceöka republika;CZE;osebni avtomobil;224;karavan;OCTAVIA 
110;1348;5.6;0;äKODA;ACDPCAX0-OFM6FM6C90134BIVL3N1A1A;OCTAVIA / COMBI 1.5 / TSI;Ceöka republika;CZE;osebni avtomobil;224;karavan;OCTAVIA 
110;1345;5.6;0;äKODA;ABSDPCAX0-NFM6FM62S0324BISTNN4N1B2A;SCALA / 1.5 / TSI;Ceöka republika;CZE;osebni avtomobil;220;vozilo z dviûnimi vrati zadaj;SCALA 
110;1338;5.6;0;äKODA;AADPCAX0-OFM6FM6C90014BFVL3N1A6A;OCTAVIA / 1.5 / TSI;Ceöka republika;CZE;osebni avtomobil;230;limuzina;OCTAVIA 
110;1334;5.6;0;äKODA;ABSDPCAX0-NFM6FM62S0324BISTNN4M1B2A;SCALA / 1.5 / TSI;Ceöka republika;CZE;osebni avtomobil;220;vozilo z dviûnimi vrati zadaj;SCALA 
110;1316;5.6;0;äKODA;ABSDPCAX0-NFM6FM62S0324BISTNN3N1B2A;SCALA / 1.5 / TSI;Ceöka republika;CZE;osebni avtomobil;220;vozilo z dviûnimi vrati zadaj;SCALA 
110;1308;5.6;0;äKODA;ABCDPCAX0-NFM6FM62S0324BISTNK3N1A2A;KAMIQ / 1.5 / TSI;Ceöka republika;CZE;osebni avtomobil;215;vozilo z dviûnimi vrati zadaj;KAMIQ 
110;1305;5.6;0;äKODA;ABCDPCAX0-NFM6FM62S0324BISTNH3N1A2A;KAMIQ / 1.5 / TSI;Ceöka republika;CZE;osebni avtomobil;215;vozilo z dviûnimi vrati zadaj;KAMIQ 
110;1595;5.6;1;SUBARU;BLD-0Q0;LEGACY / SEDAN 2.0 / D AWD;Japonska ;JPN;osebni avtomobil;208;limuzina;LEGACY 
110;1720;5.6;1;TOYOTA;ALA49L-ANFMRW(2K);RAV 4 / 2.2 / D;Japonska ;JPN;osebni avtomobil;190;vecnamensko vozilo;RAV 4 
110;1715;5.6;1;TOYOTA;ALA49L-ANFXRW(2L);RAV 4 / 2.2 / D;Japonska ;JPN;osebni avtomobil;190;vecnamensko vozilo;RAV 4 
110;1680;5.6;1;TOYOTA;ALA49L-ANFMRW(2L);RAV 4 / 2.2 / D;Japonska ;JPN;osebni avtomobil;190;vecnamensko vozilo;RAV 4 
110;1620;5.6;1;TOYOTA;ADT271L-AWFGYW(2G);AVENSIS / 2.2 / D WAGON;Zdruûeno kraljestvo;GBR;osebni avtomobil;210;vecnamensko vozilo;AVENSIS 
110;1620;5.6;1;TOYOTA;ADT271L-AWFEYW(1A);AVENSIS / 2.2 / D WAGON;Zdruûeno kraljestvo;GBR;osebni avtomobil;210;karavan;AVENSIS 
110;1952;5.6;1;VOLKSWAGEN;CUVCX1AF-AM6AM6A60117MM7VR2VW61;SHARAN / 2.0 / TDI 4M;Nemcija;DEU;osebni avtomobil;198;vecnamensko vozilo;SHARAN 
110;1945;5.6;1;VOLKSWAGEN;DFLAX1AF-AM6AM6A60117MMN6VR2VW61;SHARAN / 2.0 / TDI 4M;Nemcija;DEU;osebni avtomobil;198;vecnamensko vozilo;SHARAN 
110;1891;5.6;1;VOLKSWAGEN;DFLAX1AC-AM6AM6A60117MMN5VR2VW62;SHARAN / 2.0 / TDI 4M;Nemcija;DEU;osebni avtomobil;198;karavan;SHARAN 
110;1735;5.6;1;VOLKSWAGEN;ACDFGAX1-AM6AM6A6016GL5N4NVR27MM62;TIGUAN / 2.0 / TDI 4M;Nemcija;DEU;osebni avtomobil;199;karavan;TIGUAN 
110;1730;5.6;1;VOLKSWAGEN;ACDTSAX0-FM6FM62Q032L7T5NVR24BI1BSACM1G;TIGUAN / 2.0 / TDI;Nemcija;DEU;osebni avtomobil;201;karavan;TIGUAN 
110;1700;5.6;1;VOLKSWAGEN;ACDFGAX1-AD7AD7DL003GN5N4NVR27MM62;TIGUAN / 2.0 / TDI 4M AUT.;Nemcija;DEU;osebni avtomobil;200;karavan;TIGUAN 
110;1691;5.6;1;VOLKSWAGEN;ACDTSAX0-FM6FM62Q032L5T5NVR24BI1BSACM1G;TIGUAN / 2.0 / TDI;Nemcija;DEU;osebni avtomobil;201;karavan;TIGUAN 
110;1685;5.6;1;VOLKSWAGEN;ACDFGAX1-AM6AM6A6016GN5N5NVR27MM61;TIGUAN / 2.0 / TDI 4M;Nemcija;DEU;osebni avtomobil;201;karavan;TIGUAN 
110;1673;5.6;1;VOLKSWAGEN;ACDFGAX1-NAD7AD7DL003GN5NVR27MM62;TIGUAN / 2.0 / TDI 4M AUT.;Nemcija;DEU;osebni avtomobil;200;karavan;TIGUAN 
110;1660;5.6;1;VOLKSWAGEN;ACDFGAX1-NAM6AM6A6016GN5NVR27MM61;TIGUAN / 2.0 / TDI 4M;Nemcija;DEU;osebni avtomobil;201;karavan;TIGUAN 
110;1643;5.6;1;VOLKSWAGEN;ABDFGAX0-FD7FD7GC004V7CNVR21COA;ARTEON / 2.0 / TDI AUT.;Nemcija;DEU;osebni avtomobil;220;vozilo z dviûnimi vrati zadaj;ARTEON 
110;1635;5.6;1;VOLKSWAGEN;DFGAAF-FM6FM62Q0284BFS72VR21CAB;TOURAN / 2.0 / TDI;Nemcija;DEU;osebni avtomobil;208;vecnamensko vozilo;TOURAN 
110;1612;5.6;1;VOLKSWAGEN;DTTCX1AC4-AD7AD7GC0054BI1AANNI0;T-ROC / 2.0 / TDI 4M AUT.;Nemcija;DEU;osebni avtomobil;200;karavan;T-ROC 
110;1610;5.6;1;VOLKSWAGEN;DTTCX1AC4-AD7AD7GC0054BI1AANNIM;T-ROC / 2.0 / TDI 4M AUT.;Nemcija;DEU;osebni avtomobil;200;karavan;T-ROC 
110;1600;5.6;1;VOLKSWAGEN;ACDFGAX0-FM6FM6BB002N5N4TVR24BF1ASA;TIGUAN / 2.0 / TDI;Nemcija;DEU;osebni avtomobil;204;karavan;TIGUAN 
110;1590;5.6;1;VOLKSWAGEN;ACDFSBX1-N0J2AD6AD62E088N1SBVR27MMLL371;CADDY / 2.0 / TDI 4M AUT.;Nemcija;DEU;osebni avtomobil;189;karavan;CADDY 
110;1579;5.6;1;VOLKSWAGEN;ACDFGAX0-FD7FD7GC004SV7CNVR21CA;PASSAT / VARIANT 2.0 / TDI AUT.;Nemcija;DEU;osebni avtomobil;216;karavan;PASSAT 
110;1552;5.6;1;VOLKSWAGEN;DTTCX1AC4-AD7AD7GC0054BI1AANNMI;T-ROC / 2.0 / TDI 4M AUT.;Nemcija;DEU;osebni avtomobil;200;karavan;T-ROC 
110;1540;5.6;1;VOLKSWAGEN;ACDFGAX0-FM6FM62Q028SV7CNVR21CA;PASSAT / VARIANT 2.0 / TDI;Nemcija;DEU;osebni avtomobil;218;karavan;PASSAT 
110;1482;5.6;0;VOLKSWAGEN;CZDAAF-FM6FM62S0327MMS72VR263;TOURAN / 1.4 / TSI;Nemcija;DEU;osebni avtomobil;209;vecnamensko vozilo;TOURAN 
110;1478;5.6;0;VOLKSWAGEN;CZDAAC-FD7FD7CW0027MMS50VR262;TOURAN / 1.4 / TSI AUT.;Nemcija;DEU;osebni avtomobil;209;karavan;TOURAN 
110;1454;5.6;0;VOLKSWAGEN;CZDAAC-FM6FM62S0327MMS50VR263;TOURAN / 1.4 / TSI;Nemcija;DEU;osebni avtomobil;209;karavan;TOURAN 
110;1454;5.6;0;VOLKSWAGEN;3C-BVY;PASSAT / 2.0;Nemcija;DEU;osebni avtomobil;201;karavan;PASSAT 
110;1452;5.6;0;VOLKSWAGEN;AECZDAX0-FD7FD7AM006LLN617MMVIVR2;BEETLE CABRIOLET / 1.4 / TSI AUT.;Nemcija;DEU;osebni avtomobil;201;kabriolet;BEETLE CABRIOLET 
110;1440;5.6;1;VOLKSWAGEN;DFFAX0AC4-FD7FD7GC0047CP1CA;T-ROC / 2.0 / TDI AUT.;Nemcija;DEU;osebni avtomobil;205;karavan;T-ROC 
110;1415;5.6;1;VOLKSWAGEN;DFFAX0AC4-FM6FM62Q0287CP1CA;T-ROC / 2.0 / TDI;Nemcija;DEU;osebni avtomobil;205;karavan;T-ROC 
110;1415;5.6;1;VOLKSWAGEN;DFFAX0AC40-FM6FM62Q0284BF1CANN;T-ROC / 2.0 / TDI;Nemcija;DEU;osebni avtomobil;205;vozilo za posebne namene;T-ROC 
110;1391;5.6;0;VOLKSWAGEN;SACCZDAX0-FM6FM62S022N7MMMN1ML05VR2;GOLF / SPORTSVAN 1.4 / TSI;Nemcija;DEU;osebni avtomobil;212;karavan;GOLF 
110;1340;5.6;0;VOLKSWAGEN;ACDPCAX0-FM6FM6C9003N4BFOML1BVR2A0;GOLF / 1.5 / TSI;Nemcija;DEU;osebni avtomobil;224;karavan;GOLF 
110;1340;5.6;0;VOLKSWAGEN;ACDPCAX0-FM6FM6C9003N4BFOML1BVR2A0;GOLF / 1.5 / TSI;Nemcija;DEU;osebni avtomobil;224;vozilo za posebne namene;GOLF 
110;1331;5.6;0;VOLKSWAGEN;ACDPCAX0-FM6FM6C9003N4BFSON1ML1BVR2AG0;GOLF / 1.5 / TSI;Nemcija;DEU;osebni avtomobil;224;karavan;GOLF 
110;1331;5.6;0;VOLKSWAGEN;ACDPCAX0-FM6FM6C9003N4BFSON1ML1BVR2AG0;GOLF / 1.5 / TSI;Nemcija;DEU;osebni avtomobil;224;vozilo za posebne namene;GOLF 
110;1729;5.6;1;VOLVO;ZZW72-ZW72VD0;V60 / 2.0 / TD / AUT. FWD;ävedska;SWE;osebni avtomobil;205;karavan;V60 
110;1504;5.6;1;VOLVO;MS5850;S40 / 2.0 / TD AUT.;ävedska;SWE;osebni avtomobil;205;limuzina;S40 
110;1565;5.7;1;ALFA ROMEO;939AXC1B01E;159 / 1.9 / M-JET;Italija;ITA;osebni avtomobil;212;limuzina;159
110;1895;5.7;1;AUDI;XCSUAQ1-QM6B2023P8R047MMEM1G;Q5 / 2.0 / TDI Q;Nemcija;DEU;osebni avtomobil;190;karavan;Q5 
110;1687;5.7;1;AUDI;XDTSBF1-FD7FD7GC009RT21C194BIAHA3EM1BD0;Q3 / 2.0 / TDI AUT.;Nemcija;DEU;osebni avtomobil;206;karavan;Q3 
110;1595;5.7;1;AUDI;A2DEUAF1-FD7FD7CK006RT021C17S57CPBEM1;A4 / AVANT 2.0 / TDI AUT.;Nemcija;DEU;osebni avtomobil;213;karavan;A4 
110;1590;5.7;1;AUDI;S2DEUAF1-FD7FD7CK006RT171E18S57CPAEM1;A5 / 2.0 / TDI AUT.;Nemcija;DEU;osebni avtomobil;217;vozilo z dviûnimi vrati zadaj;A5 
110;1540;5.7;1;AUDI;L2DEUAF1-FD7FD7CK006RT021E18S57CPBEM1;A4 / 2.0 / TDI AUT.;Nemcija;DEU;osebni avtomobil;219;limuzina;A4 
110;1490;5.7;0;AUDI;A2CVNAF1-FD7FD7CK005P8W08S57MMEM1;A4 AVANT / 1.4 / TFSI AUT.;Nemcija;DEU;osebni avtomobil;210;karavan;A4 AVANT 
110;1465;5.7;1;AUDI;XDFGAF1-FD7FD7GC004RT11B174BFAEM1HA00;Q2 / 2.0 / TDI AUT.;Nemcija;DEU;osebni avtomobil;211;karavan;Q2 
110;1685;5.7;1;BMW;31AD-IAW500L0;X1 / xDrive18 / d AUT.;Nemcija;DEU;osebni avtomobil;204;karavan;X1 
110;1680;5.7;1;BMW;YK71-IAW500B0;X2 / xDrive 18 / d AUT.;Nemcija;DEU;osebni avtomobil;206;karavan;X2 
110;1680;5.7;1;BMW;31AD-DAW500M0;X1 / xDrive18 / d AUT.;Nemcija;DEU;osebni avtomobil;204;karavan;X1 
110;1655;5.7;1;BMW;YK71-DHW500L0;X2 / xDrive 18 / d;Nemcija;DEU;osebni avtomobil;206;karavan;X2 
110;1615;5.7;1;BMW;8H71-6HW50000;318 / TOURING / d;Nemcija;DEU;osebni avtomobil;210;karavan;318
110;1615;5.7;1;BMW;6U11-DAW500M0;218 / ACTIVE TOURER / d xDrive AUT.;Nemcija;DEU;osebni avtomobil;209;karavan;218
110;1615;5.7;1;BMW;6W91-DAW50000;218 / GRAN TOURER / d AUT.;Nemcija;DEU;osebni avtomobil;207;karavan;218
110;1615;5.7;1;BMW;JH51-DAW50000;X1 / sDrive 18 / d AUT.;Nemcija;DEU;osebni avtomobil;205;karavan;X1 
110;1610;5.7;1;BMW;YK51-CAW500L0;X2 / sDrive 18 / d AUT.;Nemcija;DEU;osebni avtomobil;207;karavan;X2 
110;1600;5.7;1;BMW;346L;320 / D;Nemcija;DEU;osebni avtomobil;208;karavan;320
110;1580;5.7;1;BMW;346LAP71-01;320 / TOURING / D;Nemcija;DEU;osebni avtomobil;216;karavan;320
110;1580;5.7;1;BMW;346LAP71-01;320 / TOURING / D;Nemcija;DEU;osebni avtomobil;211;karavan;320
110;1505;5.7;1;BMW;VC31-13;320 / / d;Nemcija;DEU;osebni avtomobil;225;limuzina;320
110;1505;5.7;1;BMW;VC31-13;320 / / d;Nemcija;DEU;osebni avtomobil;220;limuzina;320
110;1505;5.7;1;BMW;346L-AP71-01;320 / /  d TOURING;Nemcija;DEU;osebni avtomobil;216;karavan;320
110;1505;5.7;1;BMW;AP-71;320;Nemcija;DEU;osebni avtomobil;208;karavan;320
110;1495;5.7;1;BMW;1S51-DAW50000;118 / / d AUT.;Nemcija;DEU;osebni avtomobil;212;karavan;118
110;1490;5.7;1;BMW;VC31-03;320 / / d;Nemcija;DEU;osebni avtomobil;225;limuzina;320
110;1490;5.7;1;BMW;346LAS71-31;320 / D /;Nemcija;DEU;osebni avtomobil;221;limuzina;320
110;1490;5.7;1;BMW;346CBV51-31;320 / COUPE / D;Nemcija;DEU;osebni avtomobil;221;kupe;320
110;1490;5.7;1;BMW;AS71-31;BMW / 320 / / d;Nemcija;DEU;osebni avtomobil;221;limuzina;BMW 
110;1490;5.7;1;BMW;AS71-01;320 / / d;Nemcija;DEU;osebni avtomobil;216;limuzina;320
110;1470;5.7;1;BMW;AT71-01;320 / COMPACT / td;Nemcija;DEU;osebni avtomobil;219;vozilo z dviûnimi vrati zadaj;320
110;1470;5.7;1;BMW;346KAT71-01;320 / COMPACT / TD;Nemcija;DEU;osebni avtomobil;214;vozilo z dviûnimi vrati zadaj;320
110;1415;5.7;1;BMW;346-L;320 / D;Nemcija;DEU;osebni avtomobil;221;limuzina;320
110;1415;5.7;1;BMW;BV51-31;320 / COUPE / d;Nemcija;DEU;osebni avtomobil;221;kupe;320
110;1415;5.7;1;BMW;UG51-03;120 / / d;Nemcija;DEU;osebni avtomobil;217;vozilo z dviûnimi vrati zadaj;120
110;1415;5.7;1;BMW;346L;320;Nemcija;DEU;osebni avtomobil;216;limuzina;320
110;1688;5.7;1;CITROEN;UARHE8/1;C4 PICASSO / 2.0 / HDI;Francija;FRA;osebni avtomobil;195;vecnamensko vozilo;C4 PICASSO 
110;1685;5.7;1;CITROEN;UDRHE8/1;C4 PICASSO / 2.0 / HDI;Francija;FRA;osebni avtomobil;195;vecnamensko vozilo;C4 PICASSO 
110;2025;5.7;1;FIAT;250A4MRAGS9M;DUCATO / COMBINATO 2.3 / JTD;Italija;ITA;osebni avtomobil;161;vecnamensko vozilo;DUCATO 
110;1658;5.7;1;HONDA;CU31-4;ACCORD / 2.2 / i-DTEC;Japonska ;JPN;osebni avtomobil;212;limuzina;ACCORD 
110;1654;5.7;1;HONDA;CU31-3;ACCORD / 2.2 / i-DTEC;Japonska ;JPN;osebni avtomobil;212;limuzina;ACCORD 
110;1825;5.7;1;LAND ROVER;S5FF2F-B5T2;RANGE ROVER EVOQUE / / SW TD4 4WD;Zdruûeno kraljestvo;GBR;osebni avtomobil;185;karavan;RANGE ROVER EVOQUE 
110;1740;5.7;1;LAND ROVER;S5FFFF-B5T1;RANGE ROVER EVOQUE / / SW eD4 2WD;Zdruûeno kraljestvo;GBR;osebni avtomobil;180;karavan;RANGE ROVER EVOQUE 
110;1735;5.7;1;LAND ROVER;LVS5FF2F-B5T3;RANGE ROVER EVOQUE / 2.2 / SW TD4 4WD;Zdruûeno kraljestvo;GBR;osebni avtomobil;185;karavan;RANGE ROVER EVOQUE 
110;1735;5.7;1;MERCEDES BENZ;OX1CT1-JZAA050A;GLB / 200 d / 4-MATIC AUT.;Nemcija;DEU;osebni avtomobil;201;karavan;GLB 
110;1680;5.7;1;MERCEDES BENZ;OX1CT2-JZAA150A;GLB / 200 d / AUT.;Nemcija;DEU;osebni avtomobil;204;karavan;GLB 
110;1600;5.7;1;MITSUBISHI;GA721-ABAAA6A5AAAA;ASX / 1.8 DID / HP 4WD;Japonska ;JPN;osebni avtomobil;200;karavan;ASX 
110;1600;5.7;1;MITSUBISHI;GA721-ABAAA6A5AAAC;ASX / 1.8 DID / HP 4WD ASG;Japonska ;JPN;osebni avtomobil;198;karavan;ASX 
110;1585;5.7;1;MITSUBISHI;GA621-ABAAA6A5AAAA;ASX / 1.8 DID / HP 4WD;Japonska ;JPN;osebni avtomobil;198;karavan;ASX 
110;1579;5.7;1;NISSAN;J11GG01;QASHQAI / 1.7 / DCI;Zdruûeno kraljestvo;GBR;osebni avtomobil;192;vecnamensko vozilo;QASHQAI 
110;1503;5.7;1;OPEL;DM11-4A10AKDFLJR5;VECTRA / 1.9 / DT 16V;Nemcija;DEU;osebni avtomobil;217;vozilo z dviûnimi vrati zadaj;VECTRA 
110;1503;5.7;1;OPEL;BM11-4A10BUDHLJR5;VECTRA / 1.9 / DT 16V;Nemcija;DEU;osebni avtomobil;217;limuzina;VECTRA 
110;1450;5.7;1;OPEL;FK11-1A08ADNFFT5;ASTRA / CAR. 1.9 / DTI 16V;Nemcija;DEU;osebni avtomobil;207;vecnamensko vozilo;ASTRA 
110;1199;5.7;0;OPEL;BADVC12-BX2F5JBPJ5;CORSA / 1.4 / TURBO;Nemcija;DEU;osebni avtomobil;207;vecnamensko vozilo;CORSA 
110;1668;5.7;1;PEUGEOT;0ERHE8/1;5008 / 2.0 / HDI;Francija;FRA;osebni avtomobil;195;vecnamensko vozilo;5008
110;1638;5.7;1;PEUGEOT;0ARHE8/1;5008 / 2.0 / HDI;Francija;FRA;osebni avtomobil;195;vecnamensko vozilo;5008
110;1604;5.7;1;PEUGEOT;0URHE8;3008 / 2.0 / HDI;Francija;FRA;osebni avtomobil;195;vecnamensko vozilo;3008
110;2001;5.7;1;RENAULT;JKFJC6;ESPACE / 2.0 / DCI;Francija;FRA;osebni avtomobil;194;vecnamensko vozilo;ESPACE 
110;1976;5.7;1;RENAULT;JKFJA6;ESPACE / 2.0 / DCI;Francija;FRA;osebni avtomobil;194;vecnamensko vozilo;ESPACE 
110;1724;5.7;1;RENAULT;VY4K06;KOLEOS / 2.0 / DCI 4x2;Francija;FRA;osebni avtomobil;183;karavan;KOLEOS 
110;1576;5.7;1;RENAULT;KTB106;LAGUNA / GRANDTOUR 2.0 / DCI;Francija;FRA;osebni avtomobil;208;karavan;LAGUNA 
110;1555;5.7;1;RENAULT;BT1106;LAGUNA / 2.0 / DCI;Francija;FRA;osebni avtomobil;210;vozilo z dviûnimi vrati zadaj;LAGUNA 
110;1816;5.7;1;SEAT;XDTSBX0-FD7SFD7GC0094BIML541CBB;TARRACO / 2.0 / TDI AUT.;äpanija;ESP;osebni avtomobil;196;karavan;TARRACO 
110;1792;5.7;1;SEAT;XDTSBX0-FD7SFD7GC0094BIML531CBB;TARRACO / 2.0 / TDI AUT.;äpanija;ESP;osebni avtomobil;196;karavan;TARRACO 
110;1330;5.7;0;SEAT;BDPCAX0-FM6SFM6C90034BFVL1AAF;LEON / 1.5 / TSI;äpanija;ESP;osebni avtomobil;216;karavan;LEON 
110;1845;5.7;1;äKODA;ACDTSBX0-NFD7FD7GC0094BI0NS5V1BKB;KODIAQ / 2.0 / TDI AUT.;Ceöka republika;CZE;osebni avtomobil;202;karavan;KODIAQ 
110;1783;5.7;1;äKODA;ACDFGAX1-NAD7AD7DL0036NS7N617;KODIAQ / 2.0 / TDI 4x4 AUT.;Ceöka republika;CZE;osebni avtomobil;192;karavan;KODIAQ 
110;1740;5.7;1;äKODA;ACDFGAX1-NAD7AD7DL0030NS5N617;KODIAQ / 2.0 / TDI 4x4 AUT.;Ceöka republika;CZE;osebni avtomobil;194;karavan;KODIAQ 
110;1642;5.7;1;äKODA;ACDTTCX1-NAD7AD7GC0054BI16N3C1A7A;KAROQ / 2.0 / TDI 4x4 AUT.;Ceöka republika;CZE;osebni avtomobil;199;karavan;KAROQ 
110;1591;5.7;1;äKODA;ACDTTCX1-NAD7AD7GC0054BI16N3N1A2A;KAROQ / 2.0 / TDI 4x4 AUT.;Ceöka republika;CZE;osebni avtomobil;199;karavan;KAROQ 
110;1582;5.7;1;äKODA;ACDFGAX01-NFD7FD7GC0047CNSTN1C7A;SUPERB / COMBI 2.0 / TDI AUT.;Ceöka republika;CZE;osebni avtomobil;209;karavan;SUPERB 
110;1525;5.7;0;äKODA;ACCZEAX11-NAM6AM6BB001S1617;SUPERB / COMBI 1.4 / TSI 4x4;Ceöka republika;CZE;osebni avtomobil;213;karavan;SUPERB 
110;1468;5.7;1;äKODA;ACDFFAX0-NFM6FM62Q0284BF160N1C7A;KAROQ / 2.0 / TDI;Ceöka republika;CZE;osebni avtomobil;203;karavan;KAROQ 
110;1461;5.7;1;äKODA;ACDFFAX0-NFM6FM62Q0287CP166N1C7A;KAROQ / 2.0 / TDI;Ceöka republika;CZE;osebni avtomobil;205;karavan;KAROQ 
110;1360;5.7;0;äKODA;ACDPCAX0-OFM6FM6C90014BFVL0N1A6A;OCTAVIA / COMBI 1.5 / TSI;Ceöka republika;CZE;osebni avtomobil;224;karavan;OCTAVIA 
110;1350;5.7;0;äKODA;ACDPCAX0-NFM6FM6C90014BFVL0N1A6A;OCTAVIA / COMBI 1.5 / TSI;Ceöka republika;CZE;osebni avtomobil;224;karavan;OCTAVIA 
110;1348;5.7;0;äKODA;ACDPCAX0-OFM6FM6C90134BIVL3N1B2A;OCTAVIA / COMBI 1.5 / TSI;Ceöka republika;CZE;osebni avtomobil;224;karavan;OCTAVIA 
110;1343;5.7;0;äKODA;ABCDPCAX0-NFM6FM62S0324BISTNH4M1A2A;KAMIQ / 1.5 / TSI;Ceöka republika;CZE;osebni avtomobil;215;vozilo z dviûnimi vrati zadaj;KAMIQ 
110;1338;5.7;0;äKODA;AADPCAX0-OFM6FM6C90014BFVL4N1B6A;OCTAVIA / 1.5 / TSI;Ceöka republika;CZE;osebni avtomobil;230;limuzina;OCTAVIA 
110;1336;5.7;0;äKODA;AADPCAX0-NFM6FM6C90134BIVL4N1B1A;OCTAVIA / 1.5 / TSI;Ceöka republika;CZE;osebni avtomobil;231;limuzina;OCTAVIA 
110;1318;5.7;0;äKODA;ABCDPCAX0-NFM6FM62S0324BISTNK3N1A2A;KAMIQ / 1.5 / TSI;Ceöka republika;CZE;osebni avtomobil;215;vozilo z dviûnimi vrati zadaj;KAMIQ 
110;1302;5.7;0;äKODA;ACDPCAX0-NFM6FM62S0224BFSTVLN1C7B;OCTAVIA / COMBI 1.5 / TSI;Ceöka republika;CZE;osebni avtomobil;215;karavan;OCTAVIA 
110;1261;5.7;0;äKODA;ABCDPCAX0-NFM6FM62S0324BISTNK3N1A1A;KAMIQ / 1.5 / TSI;Ceöka republika;CZE;osebni avtomobil;215;vozilo z dviûnimi vrati zadaj;KAMIQ 
110;1667;5.7;1;SUBARU;BRD-030;LEGACY / WAGON 2.0 / D AWD;Japonska ;JPN;osebni avtomobil;203;karavan;LEGACY 
110;1600;5.7;1;SUBARU;BPD-0S0;LEGACY / WAGON 2.0 / D AWD;Japonska ;JPN;osebni avtomobil;203;karavan;LEGACY 
110;1505;5.7;1;SUBARU;GHD-0J0;IMPREZA / WAGON 2.0 / D AWD;Japonska ;JPN;osebni avtomobil;205;karavan;IMPREZA 
110;1730;5.7;1;TOYOTA;ALA49L-ANFGRW(3K);RAV 4 / 2.2 / D;Japonska ;JPN;osebni avtomobil;190;vecnamensko vozilo;RAV 4 
110;1720;5.7;1;TOYOTA;ALA49L-ANFMRW(3M);RAV 4 / 2.2 / D;Japonska ;JPN;osebni avtomobil;190;vecnamensko vozilo;RAV 4 
110;1680;5.7;1;TOYOTA;XA3(a)/ALA49(N)/ALA49L-ANFMRW(3N);RAV 4 / 2.2 / D;Japonska ;JPN;osebni avtomobil;190;vecnamensko vozilo;RAV 4 
110;1775;5.7;1;VOLKSWAGEN;ACDFGAX1-AM6AM6A6016GL7N6NVR27MM61;TIGUAN / 2.0 / TDI 4M;Nemcija;DEU;osebni avtomobil;199;karavan;TIGUAN 
110;1721;5.7;1;VOLKSWAGEN;ACDTSBX0-FD7FD7GC009N5N3TVR24BI1ASA0M1IS;TIGUAN / 2.0 / TDI AUT.;Nemcija;DEU;osebni avtomobil;200;karavan;TIGUAN 
110;1711;5.7;1;VOLKSWAGEN;ACCUVCX1-AD7AD7BH003NDVIVR27MM63;TIGUAN / 2.0 / TDI 4M AUT.;Nemcija;DEU;osebni avtomobil;191;karavan;TIGUAN 
110;1700;5.7;1;VOLKSWAGEN;ACDFGAX1-AD7AD7DL003GN5N4NVR27MM61;TIGUAN / 2.0 / TDI 4M AUT.;Nemcija;DEU;osebni avtomobil;200;karavan;TIGUAN 
110;1673;5.7;1;VOLKSWAGEN;ACDFGAX1-NAD7AD7DL003GR5NVR27MM63;TIGUAN / 2.0 / TDI 4M AUT.;Nemcija;DEU;osebni avtomobil;200;karavan;TIGUAN 
110;1635;5.7;1;VOLKSWAGEN;ACDFGAX0-FD7FD7GC009N5N1TVR24BF1ASA;TIGUAN / 2.0 / TDI AUT.;Nemcija;DEU;osebni avtomobil;202;karavan;TIGUAN 
110;1620;5.7;1;VOLKSWAGEN;DFGAAC-FD7FD7GC0044BFS50VR21CA;TOURAN / 2.0 / TDI AUT.;Nemcija;DEU;osebni avtomobil;206;karavan;TOURAN 
110;1605;5.7;1;VOLKSWAGEN;ACDFGAX0-FM6FM6BB002N5N3TVR27CP1BSA;TIGUAN / 2.0 / TDI;Nemcija;DEU;osebni avtomobil;204;karavan;TIGUAN 
110;1600;5.7;1;VOLKSWAGEN;ACDFGAX0-FM6FM6BB002N5N2TVR24BF1BSA;TIGUAN / 2.0 / TDI;Nemcija;DEU;osebni avtomobil;204;karavan;TIGUAN 
110;1579;5.7;1;VOLKSWAGEN;ACDFGAX0-FD7FD7GC004SV7CNVR21CA;PASSAT / VARIANT 2.0 / TDI AUT.;Nemcija;DEU;osebni avtomobil;216;karavan;PASSAT 
110;1497;5.7;0;VOLKSWAGEN;AACZDAX0-FM6FM62S0227MMVR2625;CC / 1.4 / TSI;Nemcija;DEU;osebni avtomobil;218;limuzina;CC 
110;1490;5.7;0;VOLKSWAGEN;ACDJVAX0-FM6FM62Q036KN5N3TVR27MM62;TIGUAN / 1.4 / TSI;Nemcija;DEU;osebni avtomobil;202;karavan;TIGUAN 
110;1482;5.7;0;VOLKSWAGEN;CZDAAF-FM6FM62S0327MMS71VR261;TOURAN / 1.4 / TSI;Nemcija;DEU;osebni avtomobil;209;vecnamensko vozilo;TOURAN 
110;1454;5.7;0;VOLKSWAGEN;CZDAAC-FM6FM62S0327MMS50VR264;TOURAN / 1.4 / TSI;Nemcija;DEU;osebni avtomobil;209;karavan;TOURAN 
110;1440;5.7;1;VOLKSWAGEN;DFFAX0AC4-FD7FD7GC0047CP1CA;T-ROC / 2.0 / TDI AUT.;Nemcija;DEU;osebni avtomobil;205;karavan;T-ROC 
110;1404;5.7;0;VOLKSWAGEN;ACDFYAX0-FD7FD7CW002N4BISON1ML1BVR2A00;GOLF / 1.5 / TSI AUT.;Nemcija;DEU;osebni avtomobil;224;karavan;GOLF 
110;1365;5.7;0;VOLKSWAGEN;VACDPCAX0-FM6FM62S022N4BFON1ML1BVR2A;GOLF / VARIANT 1.5 / TSI;Nemcija;DEU;osebni avtomobil;218;karavan;GOLF 
110;1346;5.7;0;VOLKSWAGEN;ABCZDAX0-FM6FM62S029LLN617MMVIVR2;BEETLE / 1.4 / TSI;Nemcija;DEU;osebni avtomobil;203;vozilo z dviûnimi vrati zadaj;BEETLE 
110;1340;5.7;0;VOLKSWAGEN;ACDPCAX0-FM6FM6C9003N4BFOML1BVR2A0;GOLF / 1.5 / TSI;Nemcija;DEU;osebni avtomobil;224;karavan;GOLF 
110;1331;5.7;0;VOLKSWAGEN;ACDPCAX0-FM6FM6C9003N4BFSON1ML1BVR2AGB;GOLF / 1.5 / TSI;Nemcija;DEU;osebni avtomobil;224;karavan;GOLF 
110;1320;5.7;0;VOLKSWAGEN;GAC4DPCAX0-FM6FM62S022N4BFON1ML1BVR2NA;GOLF / 1.5 / TSI;Nemcija;DEU;osebni avtomobil;216;karavan;GOLF 
110;1738;5.7;1;VOLVO;ZZW72-ZW72UD0;V60 / 2.0 / TD / AUT. FWD;ävedska;SWE;osebni avtomobil;205;karavan;V60 
110;1615;5.8;1;ALFA ROMEO;939BXC1B12G;159 / SW 1.9 / M-JET;Italija;ITA;osebni avtomobil;210;karavan;159
110;1705;5.8;1;AUDI;HCJCDQ1-QM6B2007RB8H1S57MJEM1;A4 ALLROAD QUATTRO / 2.0 / TDI;Nemcija;DEU;osebni avtomobil;200;karavan;A4 ALLROAD QUATTRO 
110;1671;5.8;1;AUDI;XDFGAF1-FD7FD7GC009RT21B184BFAHA3EM1B;Q3 / 2.0 / TDI AUT.;Nemcija;DEU;osebni avtomobil;207;karavan;Q3 
110;1655;5.8;1;AUDI;XDFGAF1-FD7FD7GC009RT21B187CPAHA3EM1;Q3 / 2.0 / TDI AUT.;Nemcija;DEU;osebni avtomobil;207;karavan;Q3 
110;1540;5.8;1;AUDI;L2DEUAF1-FD7FD7CK006RT021E18S57CPBEM1;A4 / 2.0 / TDI AUT.;Nemcija;DEU;osebni avtomobil;219;limuzina;A4 
110;1480;5.8;0;AUDI;XCZEAF1-FD6FD62E027P8U027MMEM1;Q3 / 1.4 / TFSI AUT.;Nemcija;DEU;osebni avtomobil;204;karavan;Q3 
110;1455;5.8;0;AUDI;SDFYAF1-FD7FD7CW002RT011B174BIAEM1MLN1B20;A3 / 1.5 / TFSI AUT.;Nemcija;DEU;osebni avtomobil;224;vozilo z dviûnimi vrati zadaj;A3 
110;1395;5.8;0;AUDI;SDFYAF1-FD7FD7CW002RT011B174BFAEM1MLN1B2;A3 / 1.5 / TFSI AUT.;Nemcija;DEU;osebni avtomobil;224;vozilo z dviûnimi vrati zadaj;A3 
110;1387;5.8;0;AUDI;XDPCAF1-FM6FM6C9001RT11A164BIAEM1HA00B0;Q2 / 1.5 / TFSI;Nemcija;DEU;osebni avtomobil;218;karavan;Q2 
110;1680;5.8;1;BMW;YK71-IAW500M0;X2 / xDrive 18 / d AUT.;Nemcija;DEU;osebni avtomobil;206;karavan;X2 
110;1680;5.8;1;BMW;31AD-DAW500B0;X1 / xDrive18 / d AUT.;Nemcija;DEU;osebni avtomobil;204;karavan;X1 
110;1615;5.8;1;BMW;JH51-DAW50000;X1 / sDrive 18 / d AUT.;Nemcija;DEU;osebni avtomobil;205;karavan;X1 
110;1580;5.8;1;BMW;346-L;320 / D;Nemcija;DEU;osebni avtomobil;216;karavan;320
110;1575;5.8;1;BMW;8C31-6AW50000;318 / / d AUT.;Nemcija;DEU;osebni avtomobil;212;limuzina;318
110;1545;5.8;1;BMW;8C31-6HW50000;318 / / d;Nemcija;DEU;osebni avtomobil;215;limuzina;318
110;1490;5.8;1;BMW;346L;320;Nemcija;DEU;osebni avtomobil;216;limuzina;320
110;2375;5.8;1;FIAT;250B4MPBHE9;DUCATO / PANORAMA 2.3 / JTD;Italija;ITA;osebni avtomobil;157;vecnamensko vozilo;DUCATO 
110;2290;5.8;1;FIAT;250A4MPAGE9;DUCATO / PANORAMA 2.3 / JTD;Italija;ITA;osebni avtomobil;161;vecnamensko vozilo;DUCATO 
110;1505;5.8;1;FIAT;192CXT1B44;STILO / MW 1.9 / JTD;Italija;ITA;osebni avtomobil;207;vecnamensko vozilo;STILO 
110;1505;5.8;1;FIAT;192CXT1B44;STILO / MW 1.9;Italija;ITA;osebni avtomobil;207;karavan;STILO 
110;1430;5.8;1;FIAT;192CXT1B 44;STILO / SW 1.9 / JTD;Italija;ITA;osebni avtomobil;203;vecnamensko vozilo;STILO 
110;1804;5.8;1;HONDA;RE63-2;CR-V / 2.2 / i-DTEC;Zdruûeno kraljestvo;GBR;osebni avtomobil;190;vecnamensko vozilo;CR-V 
110;1719;5.8;1;HONDA;CW32-4;ACCORD TOURER / 2.2 / i-DTEC;Japonska ;JPN;osebni avtomobil;207;vecnamensko vozilo;ACCORD TOURER 
110;1630;5.8;1;HONDA;CW32-1;ACCORD TOURER / 2.2 / i-DTEC;Japonska ;JPN;osebni avtomobil;207;vecnamensko vozilo;ACCORD TOURER 
110;1605;5.8;1;MAZDA;GW1A0W0;CX-5 / CD150 / AWD AT;Japonska ;JPN;osebni avtomobil;196;karavan;CX-5 
110;1735;5.8;1;MERCEDES BENZ;OX1CT1-JZAA050A;GLB / 200 d / 4-MATIC AUT.;Nemcija;DEU;osebni avtomobil;201;karavan;GLB 
110;1645;5.8;1;MERCEDES BENZ;R213T0-CZAA152A;C / 200 T / d AUT.;Nemcija;DEU;osebni avtomobil;216;karavan;C 
110;1690;5.8;1;MITSUBISHI;GF621-ALCCC6A7AAAA;OUTLANDER / 2.2 DID / 4WD AVT;Japonska ;JPN;osebni avtomobil;190;karavan;OUTLANDER 
110;1665;5.8;1;MITSUBISHI;GF621-AHCCC6A5BAAA;OUTLANDER / 2.2 DID / 4WD AVT;Japonska ;JPN;osebni avtomobil;190;karavan;OUTLANDER 
110;1660;5.8;1;MITSUBISHI;GF621-AHCCC6A5AAAA;OUTLANDER / 2.2 DID / 4WD AVT;Japonska ;JPN;osebni avtomobil;190;karavan;OUTLANDER 
110;1600;5.8;1;MITSUBISHI;GA621-ABAAA6A5AAAC;ASX / 1.8 DID / HP 4WD;Japonska ;JPN;osebni avtomobil;200;karavan;ASX 
110;1595;5.8;1;MITSUBISHI;GA921-AHAAB6D5DAAA;ASX / 2.2 DID / HP 4WD AUT.;Japonska ;JPN;osebni avtomobil;190;karavan;ASX 
110;1535;5.8;1;MITSUBISHI;CXD12-AWKKA6B5CAAA;LANCER;Japonska ;JPN;osebni avtomobil;204;vozilo z dviûnimi vrati zadaj;LANCER
110;1495;5.8;1;MITSUBISHI;CXD12-AHKKA6B5CAAA;LANCER / DID / ASG;Japonska ;JPN;osebni avtomobil;204;vozilo z dviûnimi vrati zadaj;LANCER 
110;1600;5.8;1;OPEL;BK11-2A06AVBPLKR5;VECTRA / CAR. 1.9 / DT 16V;Nemcija;DEU;osebni avtomobil;210;karavan;VECTRA 
110;1503;5.8;1;OPEL;BM11-4A10BUDHLJR5;VECTRA / 1.9 / DT 16V;Nemcija;DEU;osebni avtomobil;217;limuzina;VECTRA 
110;1503;5.8;1;OPEL;DM11-4A10AKDFLJR5;VECTRA / 1.9 / DT 16V;Nemcija;DEU;osebni avtomobil;217;vozilo z dviûnimi vrati zadaj;VECTRA 
110;1428;5.8;1;OPEL;BM11-4A10BCCFLJR5;VECTRA / 1.9;Nemcija;DEU;osebni avtomobil;217;limuzina;VECTRA 
110;1393;5.8;1;OPEL;BK11-1A08ADNFFD5;ASTRA / 1.9 / DTI 16V;Nemcija;DEU;osebni avtomobil;208;vozilo z dviûnimi vrati zadaj;ASTRA 
110;1393;5.8;1;OPEL;FK11-2A06ADNFFD5;ASTRA / CAR. 1.9 / DTI 16V;Nemcija;DEU;osebni avtomobil;207;karavan;ASTRA 
110;1390;5.8;1;OPEL;KK11-3A09AENFFD5;ASTRA / 1.9 / DTI 16V;Nemcija;DEU;osebni avtomobil;210;kupe;ASTRA 
110;1315;5.8;1;OPEL;A-H-C KK11;ASTRA / 1.9 / GTC;Nemcija;DEU;osebni avtomobil;200;kupe;ASTRA 
110;1259;5.8;0;OPEL;CADVC12-BX2F5JBPK5;CORSA / 1.4 / TURBO;Nemcija;DEU;osebni avtomobil;207;vozilo z dviûnimi vrati zadaj;CORSA 
110;1668;5.8;1;PEUGEOT;0ERHE8/1;5008 / 2.0 / HDI;Francija;FRA;osebni avtomobil;190;vecnamensko vozilo;5008
110;1638;5.8;1;PEUGEOT;0ARHE8/1;5008 / 2.0 / HDI;Francija;FRA;osebni avtomobil;190;vecnamensko vozilo;5008
110;1625;5.8;1;RENAULT;RFBKH2A7ATB1M00100;MEGANE / GRANDTOUR 1.7 / DCI AUT.;Francija;FRA;osebni avtomobil;205;karavan;MEGANE 
110;1610;5.8;1;RENAULT;JMGKD6;SCENIC / 2.0 / DCI;Francija;FRA;osebni avtomobil;204;vecnamensko vozilo;SCENIC 
110;1540;5.8;1;RENAULT;JMSK06;SCENIC / 2.0 / DCI;Francija;FRA;osebni avtomobil;204;vecnamensko vozilo;SCENIC 
110;1495;5.8;1;RENAULT;BG4TB6;LAGUNA / 2.0 / DCI;Francija;FRA;osebni avtomobil;215;vozilo z dviûnimi vrati zadaj;LAGUNA 
110;1613;5.8;1;SAAB;YS3FF4W-M6 05;9-3 / 1.9 / TIDS;ävedska;SWE;osebni avtomobil;210;limuzina;09-Mar
110;1570;5.8;1;SAAB;YS3FF4W-M6 03;9-3 / 1.9 / TIDS;ävedska;SWE;osebni avtomobil;210;limuzina;09-Mar
110;1628;5.8;1;SEAT;SXDTTCX1-AD7SAD7GC0054BIML1A18AD;ATECA / 2.0 / TDI 4WD AUT.;äpanija;ESP;osebni avtomobil;197;karavan;ATECA 
110;1514;5.8;1;SEAT;XDFFAX0-FD7SFD7GC0044BFVL1C18AB;ATECA / 2.0 / TDI AUT.;äpanija;ESP;osebni avtomobil;200;karavan;ATECA 
110;1447;5.8;0;SEAT;SBDFYAX0-FD7MFD7CW0024BIVL1BAA;LEON / 1.5 / TSI AUT.;äpanija;ESP;osebni avtomobil;217;karavan;LEON 
110;1395;5.8;0;SEAT;SBDPCAX0-FM6SFM6C90134BIVL1BAF;LEON / 1.5 / TSI;äpanija;ESP;osebni avtomobil;217;karavan;LEON 
110;1366;5.8;0;SEAT;FDPCAX0-FM6SFM6C90034BFVL1BAF;LEON SPORTSTOURER / 1.5 / TSI;äpanija;ESP;osebni avtomobil;221;karavan;LEON SPORTSTOURER 
110;1361;5.8;0;SEAT;BDFYAX0-FD7MFD7CW0024BFVL1BAA;LEON / 1.5 / TSI AUT.;äpanija;ESP;osebni avtomobil;216;karavan;LEON 
110;1330;5.8;0;SEAT;BDPCAX0-FM6SFM6C90034BFVL1BAF;LEON / 1.5 / TSI;äpanija;ESP;osebni avtomobil;216;karavan;LEON 
110;1224;5.8;0;SEAT;XDADA-FM6SFM62S0327CP4A1BA;ARONA / 1.5 / TSI;äpanija;ESP;osebni avtomobil;207;vozilo z dviûnimi vrati zadaj;ARONA 
110;1679;5.8;1;äKODA;ACDFGAX0-NFD7FD7GC0094BF0NS5N1A7A;KODIAQ / 2.0 / TDI AUT.;Ceöka republika;CZE;osebni avtomobil;198;karavan;KODIAQ 
110;1582;5.8;1;äKODA;ACDFGAX01-NFD7FD7GC0047CNSTN1C7A;SUPERB / COMBI 2.0 / TDI AUT.;Ceöka republika;CZE;osebni avtomobil;209;karavan;SUPERB 
110;1523;5.8;1;äKODA;ACDFFAX1-NAD7AD7GC0027CPSTMLN1B7A;OCTAVIA / COMBI 2.0 / TDI 4x4 AUT.;Ceöka republika;CZE;osebni avtomobil;208;karavan;OCTAVIA 
110;1436;5.8;0;äKODA;ACDPCAX0-NFM6FM6C90134BIVL3N1B1A;OCTAVIA / COMBI 1.5 / TSI;Ceöka republika;CZE;osebni avtomobil;225;karavan;OCTAVIA 
110;1360;5.8;0;äKODA;ACDPCAX0-OFM6FM6C90014BFVL0N1A6A;OCTAVIA / COMBI 1.5 / TSI;Ceöka republika;CZE;osebni avtomobil;224;karavan;OCTAVIA 
110;1350;5.8;0;äKODA;ACDPCAX0-NFM6FM6C90014BFVL0N1A6A;OCTAVIA / COMBI 1.5 / TSI;Ceöka republika;CZE;osebni avtomobil;224;karavan;OCTAVIA 
110;1348;5.8;0;äKODA;ACDPCAX0-NFM6FM6C90134BIVL3N1B2A;OCTAVIA / COMBI 1.5 / TSI;Ceöka republika;CZE;osebni avtomobil;225;karavan;OCTAVIA 
110;1348;5.8;0;äKODA;ACDPCAX0-OFM6FM6C90134BIVL3N1B2A;OCTAVIA / COMBI 1.5 / TSI;Ceöka republika;CZE;osebni avtomobil;224;karavan;OCTAVIA 
110;1338;5.8;0;äKODA;AADPCAX0-OFM6FM6C90014BFVL3N1B6A;OCTAVIA / 1.5 / TSI;Ceöka republika;CZE;osebni avtomobil;230;limuzina;OCTAVIA 
110;1280;5.8;0;äKODA;AADADAX0-NFM6FM62S0227CPV2VLN1B7A;OCTAVIA / 1.5 / TSI;Ceöka republika;CZE;osebni avtomobil;223;limuzina;OCTAVIA 
110;1265;5.8;0;äKODA;ABCDPCAX0-NFM6FM62S0324BFSTNK3N1A6A;KAMIQ / 1.5 / TSI;Ceöka republika;CZE;osebni avtomobil;213;vozilo z dviûnimi vrati zadaj;KAMIQ 
110;1243;5.8;0;äKODA;ABSDPCAX0-NFM6FM62S0324BFSTN3N1A8A;SCALA / 1.5 / TSI;Ceöka republika;CZE;osebni avtomobil;220;vozilo z dviûnimi vrati zadaj;SCALA 
110;1600;5.8;1;SUBARU;BPD-0W0;LEGACY / OUTBACK 2.0 / D AWD;Japonska ;JPN;osebni avtomobil;200;karavan;LEGACY 
110;1560;5.8;1;SUBARU;GHD-0X0;IMPREZA / WAGON 2.0 / DX AWD;Japonska ;JPN;osebni avtomobil;203;karavan;IMPREZA 
110;1555;5.8;1;SUBARU;GHD-0L0;IMPREZA / WAGON 2.0 / D-S AWD;Japonska ;JPN;osebni avtomobil;205;karavan;IMPREZA 
110;1505;5.8;1;SUBARU;GHD-0J0;IMPREZA / WAGON 2.0 / D AWD;Japonska ;JPN;osebni avtomobil;205;karavan;IMPREZA 
110;1665;5.8;1;TOYOTA;ALA30L-AWFGYW(2F);RAV 4 / 2.2 / D;Japonska ;JPN;osebni avtomobil;190;vecnamensko vozilo;RAV 4 
110;1754;5.8;1;VOLKSWAGEN;ACDTSBX0-FD7FD7GC009N5T4TVR24BI1BSA0M1IS;TIGUAN / 2.0 / TDI AUT.;Nemcija;DEU;osebni avtomobil;200;karavan;TIGUAN 
110;1738;5.8;1;VOLKSWAGEN;ACDTSBX0-FD7FD7GC009N5T4TVR24BI1BSA0M10S;TIGUAN / 2.0 / TDI AUT.;Nemcija;DEU;osebni avtomobil;200;karavan;TIGUAN 
110;1731;5.8;1;VOLKSWAGEN;ACDTSBX0-FD7FD7GC009N5T3TVR24BI1BSA0M1;TIGUAN / 2.0 / TDI AUT.;Nemcija;DEU;osebni avtomobil;200;karavan;TIGUAN 
110;1729;5.8;1;VOLKSWAGEN;ACDTSBX0-FD7FD7GC009N5T3TVR24BI1BSA0M1IS;TIGUAN / 2.0 / TDI AUT.;Nemcija;DEU;osebni avtomobil;200;karavan;TIGUAN 
110;1705;5.8;1;VOLKSWAGEN;ACDTSBX0-FD7FD7GC009N5T3TVR24BI1BSA0M1G;TIGUAN / 2.0 / TDI AUT.;Nemcija;DEU;osebni avtomobil;200;karavan;TIGUAN 
110;1704;5.8;1;VOLKSWAGEN;ACDTSBX0-FD7FD7GC009N5T2TVR24BI1BSA0M1IS;TIGUAN / 2.0 / TDI AUT.;Nemcija;DEU;osebni avtomobil;200;karavan;TIGUAN 
110;1640;5.8;1;VOLKSWAGEN;ACDTSBX0-FD7FD7GC009N5T2TVR24BI1BSA0M1G;TIGUAN / 2.0 / TDI AUT.;Nemcija;DEU;osebni avtomobil;200;karavan;TIGUAN 
110;1635;5.8;1;VOLKSWAGEN;DFGAAF-FM6FM62Q0287CPS72VR21BA;TOURAN / 2.0 / TDI;Nemcija;DEU;osebni avtomobil;208;vecnamensko vozilo;TOURAN 
110;1635;5.8;1;VOLKSWAGEN;ACDFGAX0-FD7FD7GC009N5N3TVR24BF1ASAB;TIGUAN / 2.0 / TDI AUT.;Nemcija;DEU;osebni avtomobil;202;karavan;TIGUAN 
110;1605;5.8;1;VOLKSWAGEN;ACDFGAX0-FM6FM6BB002N5N2TVR27CP1CSA;TIGUAN / 2.0 / TDI;Nemcija;DEU;osebni avtomobil;204;karavan;TIGUAN 
110;1600;5.8;1;VOLKSWAGEN;ACDFGAX0-FM6FM6BB002N5R3TVR24BF1BSAC;TIGUAN / 2.0 / TDI;Nemcija;DEU;osebni avtomobil;204;karavan;TIGUAN 
110;1595;5.8;1;VOLKSWAGEN;DFGAAC-FM6FM62Q0284BFS50VR21BA;TOURAN / 2.0 / TDI;Nemcija;DEU;osebni avtomobil;208;karavan;TOURAN 
110;1590;5.8;1;VOLKSWAGEN;DFGAAC-FM6FM62Q0287CPS50VR21BA;TOURAN / 2.0 / TDI;Nemcija;DEU;osebni avtomobil;208;karavan;TOURAN 
110;1490;5.8;0;VOLKSWAGEN;ACCZEAX0-NFM6FM62Q036KN1TVR27MM61;TIGUAN / 1.4 / TSI;Nemcija;DEU;osebni avtomobil;202;karavan;TIGUAN 
110;1454;5.8;0;VOLKSWAGEN;CZDAAC-FM6FM62S0327MMS50VR262;TOURAN / 1.4 / TSI;Nemcija;DEU;osebni avtomobil;209;karavan;TOURAN 
110;1434;5.8;0;VOLKSWAGEN;AECZDAX0-FM6FM62S029LLN617MMVIVR2;BEETLE CABRIOLET / 1.4 / TSI;Nemcija;DEU;osebni avtomobil;201;kabriolet;BEETLE CABRIOLET 
110;1425;5.8;0;VOLKSWAGEN;ACDFYAX0-FD7FD7CW002N4BISON1ML1BVR2A00;GOLF / 1.5 / TSI AUT.;Nemcija;DEU;osebni avtomobil;224;karavan;GOLF 
110;1372;5.8;0;VOLKSWAGEN;ACDPCAX0-FM6FM6C9013N4BISON1ML1BVR2AI0;GOLF / 1.5 / TSI;Nemcija;DEU;osebni avtomobil;224;karavan;GOLF 
110;1366;5.8;0;VOLKSWAGEN;ACDFYAX0-FD7FD7CW002N4BISMN1ML1BVR2A00;GOLF / 1.5 / TSI AUT.;Nemcija;DEU;osebni avtomobil;224;karavan;GOLF 
110;1365;5.8;0;VOLKSWAGEN;VACDPCAX0-FM6FM62S022N4BFON1ML1BVR2B;GOLF / VARIANT 1.5 / TSI;Nemcija;DEU;osebni avtomobil;218;karavan;GOLF 
110;1347;5.8;0;VOLKSWAGEN;ABCZDAX0-FM6FM62S029LLN7MMVIVR2;BEETLE / 1.4 / TSI;Nemcija;DEU;osebni avtomobil;203;vozilo z dviûnimi vrati zadaj;BEETLE 
110;1531;5.8;0;VOLVO;FW45C1;V60 / 1.6 / T;ävedska;SWE;osebni avtomobil;200;karavan;V60 
110;1523;5.8;1;VOLVO;MW5850;V50 / 2.0 / TD AUT.;ävedska;SWE;osebni avtomobil;205;vecnamensko vozilo;V50 
110;1540;5.82;1;VOLKSWAGEN;ACDFGAX0-FM6FM62Q028SV7CNVR21BA;PASSAT / VARIANT 2.0 / TDI;Nemcija;DEU;osebni avtomobil;218;karavan;PASSAT 
110;1565;5.9;1;ALFA ROMEO;939AXC1B01C;159 / 1.9 / M-JET;Italija;ITA;osebni avtomobil;212;limuzina;159
110;1385;5.9;1;ALFA ROMEO;BXN-1B;147 / 1.9 / JTD;Italija;ITA;osebni avtomobil;208;vozilo z dviûnimi vrati zadaj;147
110;1380;5.9;1;ALFA ROMEO;932AXN0071;156 / 1.9;Italija;ITA;osebni avtomobil;212;limuzina;156
110;1365;5.9;1;ALFA ROMEO;937AXN1B30B;147 / 1.9 / JTD 16V;Italija;ITA;osebni avtomobil;208;vozilo z dviûnimi vrati zadaj;147
110;1365;5.9;1;ALFA ROMEO;937AXN1B30B;147 / 1.9 / JTD 16V;Italija;ITA;osebni avtomobil;191;vozilo z dviûnimi vrati zadaj;147
110;1310;5.9;1;ALFA ROMEO;937BXN1B31B;147 / 1.9 / JTD;Italija;ITA;osebni avtomobil;208;vozilo z dviûnimi vrati zadaj;147
110;1290;5.9;1;ALFA ROMEO;937AXN1B30;147 / 1.9 / JTD 16V;Italija;ITA;osebni avtomobil;208;vozilo z dviûnimi vrati zadaj;147
110;1290;5.9;1;ALFA ROMEO;937AXN1B 30C;147 / 1.9 / JTD;Italija;ITA;osebni avtomobil;191;vozilo z dviûnimi vrati zadaj;147
110;1830;5.9;1;AUDI;XCJCDQ1-QM6B2023R8R707MJEM1G;Q5 / 2.0 / TDI Q;Nemcija;DEU;osebni avtomobil;190;karavan;Q5 
110;1753;5.9;1;AUDI;SDTSBQ1-QD7AD7GC010RT51A174BIAHA4EM10D0;Q3 / SPORTBACK 2.0 / TDI Q AUT.;Nemcija;DEU;osebni avtomobil;201;vozilo z dviûnimi vrati zadaj;Q3 
110;1655;5.9;1;AUDI;XDFGAF1-FD7FD7GC009RT21B187CPAHA3EM1;Q3 / 2.0 / TDI AUT.;Nemcija;DEU;osebni avtomobil;207;karavan;Q3 
110;1655;5.9;1;AUDI;SDFGAF1-FD7FD7GC009RT51B174BFAHA3EM1B;Q3 / SPORTBACK 2.0 / TDI AUT.;Nemcija;DEU;osebni avtomobil;205;vozilo z dviûnimi vrati zadaj;Q3 
110;1595;5.9;1;AUDI;A2DEUAF1-FD7FD7CK006RT021E18S57CPBEM1;A4 / AVANT 2.0 / TDI AUT.;Nemcija;DEU;osebni avtomobil;213;karavan;A4 
110;1480;5.9;0;AUDI;XCZEAF1-FD62E027P8U057MMEM1;Q3 / 1.4 / TFSI AUT.;Nemcija;DEU;osebni avtomobil;204;karavan;Q3 
110;1460;5.9;0;AUDI;XCHPBF1-FM62Q036R8U617MMEM1;Q3 / 1.4 / TFSI;Nemcija;DEU;osebni avtomobil;203;karavan;Q3 
110;1420;5.9;0;AUDI;XDPCAF1-FM6FM6C9001RT11A174BIAEM1HA00B0;Q2 / 1.5 / TFSI;Nemcija;DEU;osebni avtomobil;218;karavan;Q2 
110;1395;5.9;0;AUDI;LDFYAF1-FD7FD7CW002RT011C184BFBEM1MLN1B2;A3 / 1.5 / TFSI AUT.;Nemcija;DEU;osebni avtomobil;232;limuzina;A3 
110;1680;5.9;1;BMW;JH71-DAW50000;X1 / xDrive 18 / d AUT.;Nemcija;DEU;osebni avtomobil;204;karavan;X1 
110;1675;5.9;1;BMW;YK71-DAW500L0;X2 / xDrive 18 / d AUT.;Nemcija;DEU;osebni avtomobil;206;karavan;X2 
110;1660;5.9;1;BMW;4K11-DAW500K0;418 / / d AUT.;Nemcija;DEU;osebni avtomobil;213;limuzina;418
110;1600;5.9;1;BMW;346LAP71-31;320 / TOURING / d;Nemcija;DEU;osebni avtomobil;216;karavan;320
110;1600;5.9;1;BMW;346-L;320 / D;Nemcija;DEU;osebni avtomobil;208;karavan;320
110;1585;5.9;1;BMW;NC31-03;520 / / D;Nemcija;DEU;osebni avtomobil;217;limuzina;520
110;1580;5.9;1;BMW;VU31-03;320 / TURING / d;Nemcija;DEU;osebni avtomobil;223;karavan;320
110;1580;5.9;1;BMW;390LVU31-03;320 / TOURING / D;Nemcija;DEU;osebni avtomobil;218;karavan;320
110;1580;5.9;1;BMW;AP71-31;320 / TOURING / d;Nemcija;DEU;osebni avtomobil;216;karavan;320
110;1580;5.9;1;BMW;346LAP71-01;320 / TOURING / D;Nemcija;DEU;osebni avtomobil;211;karavan;320
110;1580;5.9;1;BMW;346L AP71;320 / TOURING / d;Nemcija;DEU;osebni avtomobil;200;karavan;320
110;1545;5.9;1;BMW;8C31-6HW50000;318 / / d;Nemcija;DEU;osebni avtomobil;215;limuzina;318
110;1505;5.9;1;BMW;AP71-01;320 / TOURING / d;Nemcija;DEU;osebni avtomobil;216;karavan;320
110;1505;5.9;1;BMW;346-L;320 / D;Nemcija;DEU;osebni avtomobil;207;karavan;320
110;1688;5.9;1;CITROEN;UARHE8;C4 PICASSO / 2.0 / HDI;Francija;FRA;osebni avtomobil;195;vecnamensko vozilo;C4 PICASSO 
110;1685;5.9;1;CITROEN;UDRHE8;C4 PICASSO / 2.0 / HDI;Francija;FRA;osebni avtomobil;195;vecnamensko vozilo;C4 PICASSO 
110;2290;5.9;1;FIAT;250A4MPAGS9;DUCATO / PANORAMA 2.3 / JTD;Italija;ITA;osebni avtomobil;161;vecnamensko vozilo;DUCATO 
110;1728;5.9;1;HONDA;CW31-6;ACCORD TOURER / 2.2 / i-DTEC;Japonska ;JPN;osebni avtomobil;207;vecnamensko vozilo;ACCORD TOURER 
110;1719;5.9;1;HONDA;CW31-4;ACCORD TOURER / 2.2 / i-DTEC;Japonska ;JPN;osebni avtomobil;207;vecnamensko vozilo;ACCORD TOURER 
110;1704;5.9;1;HONDA;CW31-3;ACCORD TOURER / 2.2 / i-DTEC;Japonska ;JPN;osebni avtomobil;207;vecnamensko vozilo;ACCORD TOURER 
110;1629;5.9;1;HONDA;CW31-1;ACCORD TOURER / 2.2 / i-DTEC;Japonska ;JPN;osebni avtomobil;207;vecnamensko vozilo;ACCORD TOURER 
110;1395;5.9;0;MAZDA;6WG6CW0AA;CX-30 / G150;Japonska ;JPN;osebni avtomobil;198;karavan;CX-30 
110;1735;5.9;1;MERCEDES BENZ;OX1CT1-JZAA150A;GLB / 200 d 4-MATIC / AUT.;Nemcija;DEU;osebni avtomobil;201;karavan;GLB 
110;1714;5.9;1;NISSAN;T32FF06;X-TRAIL / 1.7 / DCI;Japonska ;JPN;osebni avtomobil;194;vecnamensko vozilo;X-TRAIL 
110;1660;5.9;1;NISSAN;J11HH07;QASHQAI / 1.7 / DCI 4x4;Zdruûeno kraljestvo;GBR;osebni avtomobil;192;vecnamensko vozilo;QASHQAI 
110;1495;5.9;1;NISSAN;J10-H02;QASHQAI / 2.0 / DCI;Zdruûeno kraljestvo;GBR;osebni avtomobil;194;karavan;QASHQAI 
110;1613;5.9;1;OPEL;HK11-2A06AZAULKR5;SIGNUM / 1.9 / DT 16V;Nemcija;DEU;osebni avtomobil;209;vozilo z dviûnimi vrati zadaj;SIGNUM 
110;1605;5.9;1;OPEL;Z-C-SW;VECTRA / 1.9 / CDTI;Nemcija;DEU;osebni avtomobil;210;karavan;VECTRA 
110;1600;5.9;1;OPEL;BK11-2A06AVBPLKR5;VECTRA / CAR. 1.9 / DT 16V;Nemcija;DEU;osebni avtomobil;210;karavan;VECTRA 
110;1535;5.9;1;OPEL;DM11-4A25AMCNLJR5;VECTRA / 1.9 / DT 16V;Nemcija;DEU;osebni avtomobil;217;vozilo z dviûnimi vrati zadaj;VECTRA 
110;1460;5.9;1;OPEL;DM11-4A25AMCNLJR5;VECTRA / 1.9;Nemcija;DEU;osebni avtomobil;217;vozilo z dviûnimi vrati zadaj;VECTRA 
110;1450;5.9;1;OPEL;FK11-2A08ADNFFD5;ASTRA / CAR. 1.9 / DTI 16V;Nemcija;DEU;osebni avtomobil;207;vecnamensko vozilo;ASTRA 
110;1450;5.9;1;OPEL;FK11-3A08ADNFFD5;ASTRA / CAR. 1.9;Nemcija;DEU;osebni avtomobil;207;karavan;ASTRA 
110;1435;5.9;1;OPEL;FK11-3A08ADNFFD5;ASTRA / CAR. 1.9  / CDTI;Nemcija;DEU;osebni avtomobil;180;karavan;ASTRA 
110;1259;5.9;0;OPEL;CADVC12-BX2F5JBPJ5;CORSA / 1.4 / TURBO;Nemcija;DEU;osebni avtomobil;204;vozilo z dviûnimi vrati zadaj;CORSA 
110;1163;5.9;0;OPEL;BADVC12-BX1E6JBWK4;ADAM / 1.4 / TURBO;Nemcija;DEU;osebni avtomobil;210;vozilo z dviûnimi vrati zadaj;ADAM 
110;1668;5.9;1;PEUGEOT;0ERHE8;5008 / 2.0 / HDI;Francija;FRA;osebni avtomobil;195;vecnamensko vozilo;5008
110;1638;5.9;1;PEUGEOT;0ARHE8;5008 / 2.0 / HDI;Francija;FRA;osebni avtomobil;195;vecnamensko vozilo;5008
110;1762;5.9;1;RENAULT;RFEHH4A76TA0725000;KADJAR / 1.7 / DCI 4x4;Francija;FRA;osebni avtomobil;197;karavan;KADJAR 
110;1744;5.9;1;RENAULT;RFEHH4A76TA1B25000;KADJAR / 1.7 / DCI 4x4;Francija;FRA;osebni avtomobil;197;karavan;KADJAR 
110;1576;5.9;1;RENAULT;KT1106;LAGUNA / GRANDTOUR 2.0 / DCI;Francija;FRA;osebni avtomobil;208;karavan;LAGUNA 
110;1560;5.9;1;RENAULT;JMPK06;SCENIC / 2.0 / DCI;Francija;FRA;osebni avtomobil;204;vecnamensko vozilo;SCENIC 
110;1555;5.9;1;RENAULT;BT3D06;LAGUNA / 2.0 / DCI;Francija;FRA;osebni avtomobil;210;vozilo z dviûnimi vrati zadaj;LAGUNA 
110;1495;5.9;1;RENAULT;BGETB6;LAGUNA / 2.0 / DCI;Francija;FRA;osebni avtomobil;215;vozilo z dviûnimi vrati zadaj;LAGUNA 
110;1720;5.9;1;SAAB;YS3FF5W-M6 02;9-3 / ESTATE 1.9 / TIDS;ävedska;SWE;osebni avtomobil;200;karavan;09-Mar
110;1655;5.9;1;SAAB;YS3FF4W-M6 02;9-3 / 1.9 / TIDS;ävedska;SWE;osebni avtomobil;210;limuzina;09-Mar
110;1650;5.9;1;SAAB;YS3F5W-M602;9-3 / ESTATE 1.9 / TIDS;ävedska;SWE;osebni avtomobil;200;karavan;09-Mar
110;1640;5.9;1;SAAB;YS3F5W-M601;9-3 / ESTATE 1.9 / TIDS;ävedska;SWE;osebni avtomobil;200;karavan;09-Mar
110;1585;5.9;1;SAAB;YS3FF4W-M6 01;9-3 / 1.9 / TIDS;ävedska;SWE;osebni avtomobil;210;limuzina;09-Mar
110;1687;5.9;1;SEAT;XDFGAX0-FM6FM62Q0324BFML531CA;TARRACO / 2.0 / TDI;äpanija;ESP;osebni avtomobil;202;karavan;TARRACO 
110;1586;5.9;1;SEAT;XDFFAX0-FD7SFD7GC0044BFVL1C19AB;ATECA / 2.0 / TDI AUT.;äpanija;ESP;osebni avtomobil;200;karavan;ATECA 
110;1462;5.9;0;SEAT;FDFYAX0-FD7MFD7CW0024BFVL1BBA;LEON SPORTSTOURER / 1.5 / TSI AUT.;äpanija;ESP;osebni avtomobil;216;karavan;LEON SPORTSTOURER 
110;1443;5.9;0;SEAT;SFDPCAX0-FM6SFM6C90134BIVL1BAF;LEON SPORTSTOURER / 1.5 / TSI;äpanija;ESP;osebni avtomobil;218;karavan;LEON SPORTSTOURER 
110;1361;5.9;0;SEAT;BDFYAX0-FD7MFD7CW0024BFVL1BBA;LEON / 1.5 / TSI AUT.;äpanija;ESP;osebni avtomobil;221;karavan;LEON 
110;1361;5.9;0;SEAT;BDFYAX0-FD7MFD7CW0024BFVL1BBA;LEON / 1.5 / TSI AUT.;äpanija;ESP;osebni avtomobil;216;karavan;LEON 
110;1275;5.9;0;SEAT;FDADAX0V-FM6SFM62S0227CPVLO51CA;LEON ST / 1.5 / TSI;äpanija;ESP;osebni avtomobil;215;karavan;LEON ST 
110;1243;5.9;0;SEAT;BDADAX0V-FM6SFM62S0227CPVLO51CA;LEON / 1.5 / TSI;äpanija;ESP;osebni avtomobil;215;karavan;LEON 
110;1755;5.9;1;äKODA;ACDTSBX1-NAD7AD7GC0104BI0GS5N1A7A;KODIAQ / 2.0 / TDI 4x4 AUT.;Ceöka republika;CZE;osebni avtomobil;197;karavan;KODIAQ 
110;1679;5.9;1;äKODA;ACDFGAX0-NFD7FD7GC0094BF0NS5N1A8A;KODIAQ / 2.0 / TDI AUT.;Ceöka republika;CZE;osebni avtomobil;198;karavan;KODIAQ 
110;1360;5.9;0;äKODA;ACDPCAX0-OFM6FM6C90014BFVL0N1B8A;OCTAVIA / COMBI 1.5 / TSI;Ceöka republika;CZE;osebni avtomobil;224;karavan;OCTAVIA 
110;1350;5.9;0;äKODA;ACDPCAX0-OFM6FM6C90014BFVL0N1B6A;OCTAVIA / COMBI 1.5 / TSI;Ceöka republika;CZE;osebni avtomobil;224;karavan;OCTAVIA 
110;1277;5.9;0;äKODA;ABCDPCAX0-NFD7FD7CW0024BISTNK3N1A2A;KAMIQ / 1.5 / TSI AUT.;Ceöka republika;CZE;osebni avtomobil;215;vozilo z dviûnimi vrati zadaj;KAMIQ 
110;1265;5.9;0;äKODA;ABCDPCAX0-NFM6FM62S0324BFSTN3N1A8A;KAMIQ / 1.5 / TSI;Ceöka republika;CZE;osebni avtomobil;213;vozilo z dviûnimi vrati zadaj;KAMIQ 
110;1243;5.9;0;äKODA;ABSDPCAX0-NFM6FM62S0324BFSTNN3N1B8A;SCALA / 1.5 / TSI;Ceöka republika;CZE;osebni avtomobil;220;vozilo z dviûnimi vrati zadaj;SCALA 
110;1684;5.9;1;SUBARU;BRD-0C0;LEGACY / OUTBACK 2.0 / D AWD;Japonska ;JPN;osebni avtomobil;195;karavan;LEGACY 
110;1668;5.9;1;SUBARU;BRD-0C0;LEGACY / WAGON 2.0 / D AWD;Japonska ;JPN;osebni avtomobil;195;karavan;LEGACY 
110;1658;5.9;1;SUBARU;BRD-050;LEGACY / WAGON 2.0 / D AWD S;Japonska ;JPN;osebni avtomobil;203;karavan;LEGACY 
110;1555;5.9;1;SUBARU;GHD-0L0;IMPREZA / WAGON 2.0 / D-S AWD;Japonska ;JPN;osebni avtomobil;205;karavan;IMPREZA 
110;1530;5.9;1;TOYOTA;ADT251L-ALFEYW(1J);AVENSIS / 2.2 / D;Zdruûeno kraljestvo;GBR;osebni avtomobil;210;vozilo z dviûnimi vrati zadaj;AVENSIS 
110;1525;5.9;1;TOYOTA;ADT251L-AEFEYW(1G);AVENSIS / 2.2 / D;Zdruûeno kraljestvo;GBR;osebni avtomobil;210;limuzina;AVENSIS 
110;1500;5.9;1;TOYOTA;ADT251L-ALFEYW(1E);AVENSIS / 2.2 / D;Zdruûeno kraljestvo;GBR;osebni avtomobil;210;limuzina;AVENSIS 
110;2047;5.9;1;VOLKSWAGEN;MCXFA300X0-NNFD7BT0116TVR27MMG02E73172;MULTIVAN / 2.0 / TDI AUT.;Nemcija;DEU;osebni avtomobil;181;karavan;MULTIVAN 
110;1954;5.9;1;VOLKSWAGEN;GCXFA300X0-LNFD7BT0116VVR27MMG02L63291;TRANSPORTER / 2.0 / TDI AUT.;Nemcija;DEU;osebni avtomobil;181;vecnamensko vozilo;TRANSPORTER 
110;1892;5.9;1;VOLKSWAGEN;GCXFA300X0-NNFD7BT0116NVR27MMG02L63291;TRANSPORTER / 2.0 / TDI AUT.;Nemcija;DEU;osebni avtomobil;181;vecnamensko vozilo;TRANSPORTER 
110;1815;5.9;1;VOLKSWAGEN;ACDFGAX1-AD7AD7DL003GL7N6NVR27MM61;TIGUAN / 2.0 / TDI 4M AUT.;Nemcija;DEU;osebni avtomobil;198;karavan;TIGUAN 
110;1775;5.9;1;VOLKSWAGEN;ACDFGAX1-AD7AD7DL003GL5N5NVR27MM61;TIGUAN / 2.0 / TDI 4M AUT.;Nemcija;DEU;osebni avtomobil;198;karavan;TIGUAN 
110;1715;5.9;1;VOLKSWAGEN;ACDTSBX0-FD7FD7GC009L5T4NVR24BI1BSBCM10;TIGUAN / 2.0 / TDI AUT.;Nemcija;DEU;osebni avtomobil;200;karavan;TIGUAN 
110;1695;5.9;1;VOLKSWAGEN;ACDTSBX0-FD7FD7GC009N5N2TVR24BI1CSB0M1G;TIGUAN / 2.0 / TDI AUT.;Nemcija;DEU;osebni avtomobil;200;karavan;TIGUAN 
110;1645;5.9;1;VOLKSWAGEN;ACDFGAX0-FD7FD7GC009N5N2TVR27CP1BSA;TIGUAN / 2.0 / TDI AUT.;Nemcija;DEU;osebni avtomobil;202;karavan;TIGUAN 
110;1643;5.9;1;VOLKSWAGEN;ABDFGAX0-FD7FD7GC004V7CNVR21COA;ARTEON / 2.0 / TDI AUT.;Nemcija;DEU;osebni avtomobil;220;vozilo z dviûnimi vrati zadaj;ARTEON 
110;1635;5.9;1;VOLKSWAGEN;ACDFGAX0-FD7FD7GC009N5N2TVR24BF1BSA;TIGUAN / 2.0 / TDI AUT.;Nemcija;DEU;osebni avtomobil;202;karavan;TIGUAN 
110;1605;5.9;1;VOLKSWAGEN;ACDFGAX0-FM6FM6BB002N5R2TVR27CP1CSA;TIGUAN / 2.0 / TDI;Nemcija;DEU;osebni avtomobil;204;karavan;TIGUAN 
110;1605;5.9;1;VOLKSWAGEN;ACDFGAX0-FM6FM6BB002N5R2TVR27CP1CSA;TIGUAN / 2.0 / TDI;Nemcija;DEU;osebni avtomobil;204;vozilo za posebne namene;TIGUAN 
110;1600;5.9;1;VOLKSWAGEN;ACDFGAX0-FM6FM6BB002N5R2TVR24BF1CSA;TIGUAN / 2.0 / TDI;Nemcija;DEU;osebni avtomobil;204;karavan;TIGUAN 
110;1599;5.9;1;VOLKSWAGEN;DTTCX1AC4-AD7AD7GC0054BI1CBNN0G;T-ROC / 2.0 / TDI 4M AUT.;Nemcija;DEU;osebni avtomobil;200;karavan;T-ROC 
110;1595;5.9;1;VOLKSWAGEN;DFGAAC-FM6FM62Q0284BFS50VR21CA;TOURAN / 2.0 / TDI;Nemcija;DEU;osebni avtomobil;208;karavan;TOURAN 
110;1590;5.9;1;VOLKSWAGEN;DFGAAC-FM6FM62Q0287CPS50VR21CA;TOURAN / 2.0 / TDI;Nemcija;DEU;osebni avtomobil;208;karavan;TOURAN 
110;1454;5.9;0;VOLKSWAGEN;ACDPCAX0-FM6FM6C9013N4BISON1ML1BVR2AI0;GOLF VARIANT / 1.5 / TSI;Nemcija;DEU;osebni avtomobil;224;karavan;GOLF VARIANT 
110;1432;5.9;0;VOLKSWAGEN;AECZDAX0-FM6FM62S029LLN617MMVIVR2;BEETLE CABRIOLET / 1.4 / TSI;Nemcija;DEU;osebni avtomobil;201;kabriolet;BEETLE CABRIOLET 
110;1380;5.9;0;VOLKSWAGEN;ACDFYAX0-FD7FD7CW002N4BFOML1BVR2A0;GOLF / 1.5 / TSI AUT.;Nemcija;DEU;osebni avtomobil;224;karavan;GOLF 
110;1366;5.9;0;VOLKSWAGEN;ACDFYAX0-FD7FD7CW002N4BFOML1BVR2A00;GOLF / 1.5 / TSI AUT.;Nemcija;DEU;osebni avtomobil;224;karavan;GOLF 
110;1365;5.9;0;VOLKSWAGEN;VACDPCAX0-FM6FM62S022N4BFON1ML1CVR2B;GOLF / VARIANT 1.5 / TSI;Nemcija;DEU;osebni avtomobil;218;karavan;GOLF 
110;1320;5.9;0;VOLKSWAGEN;GAC4DPCAX0-FM6FM62S022N4BFON1ML1CVR2NB;GOLF / 1.5 / TSI;Nemcija;DEU;osebni avtomobil;216;karavan;GOLF 
110;1812;5.9;1;VOLVO;MC5851;C70 / 2.0 / TD;ävedska;SWE;osebni avtomobil;210;kabriolet;C70 
110;1764;5.9;1;VOLVO;UUZAR-UZARV10;XC60 / 2.0 / TD / MAN FWD;ävedska;SWE;osebni avtomobil;190;karavan;XC60 
110;1643;6.08;1;VOLKSWAGEN;ABDFGAX0-FD7FD7GC004V7CNVR21COA;ARTEON / 2.0 / TDI AUT.;Nemcija;DEU;osebni avtomobil;220;vozilo z dviûnimi vrati zadaj;ARTEON 
110;1660;6.1;1;ALFA ROMEO;939BXC1B12;159 / SW 1.9 / M-JET;Italija;ITA;osebni avtomobil;210;karavan;159
110;1660;6.1;1;ALFA ROMEO;939-BXC1B;159 1.9 / JTD;Italija;ITA;osebni avtomobil;210;karavan;159 1.9 
110;1660;6.1;1;ALFA ROMEO;939BXC1B12;159 / SW 1.9 / M-JET;Italija;ITA;osebni avtomobil;208;karavan;159
110;1430;6.1;1;ALFA ROMEO;932BXN0072;156 / SW 1.9 / JTD;Italija;ITA;osebni avtomobil;212;karavan;156
110;1395;6.1;1;ALFA ROMEO;937CXN1B24L;GT / 1.9 / JTD 16V;Italija;ITA;osebni avtomobil;209;kupe;GT 
110;1735;6.1;1;AUDI;SDTSBQ1-QD7AD7GC010RT51B184BIAHA5EM10D0;Q3 / SPORTBACK 2.0 / TDI Q AUT.;Nemcija;DEU;osebni avtomobil;201;vozilo z dviûnimi vrati zadaj;Q3 
110;1655;6.1;1;AUDI;XDFGAF1-FD7FD7GC009RT31C197CPBHA3EM1;Q3 / 2.0 / TDI AUT.;Nemcija;DEU;osebni avtomobil;207;karavan;Q3 
110;1655;6.1;1;AUDI;SDFGAF1-FD7FD7GC009RT61C914BFBHA3EM1B;Q3 / SPORTBACK 2.0 / TDI AUT.;Nemcija;DEU;osebni avtomobil;205;vozilo z dviûnimi vrati zadaj;Q3 
110;1595;6.1;1;AUDI;A2DEUAF1-FD7FD7CK006RT031E19S57CPBEM1;A4 / AVANT 2.0 / TDI AUT.;Nemcija;DEU;osebni avtomobil;213;karavan;A4 
110;1418;6.1;0;AUDI;XDPCAF1-FD7FD7CW002RT11A174BIAEM1HA00B0;Q2 / 1.5 / TFSI AUT.;Nemcija;DEU;osebni avtomobil;218;karavan;Q2 
110;1395;6.1;0;AUDI;SDFYAF1-FD7FD7CW002RT011C184BFBEM1MLN1B2;A3 / 1.5 / TFSI AUT.;Nemcija;DEU;osebni avtomobil;224;vozilo z dviûnimi vrati zadaj;A3 
110;1675;6.1;1;BMW;NJ31-03;520 / TOURING / d;Nemcija;DEU;osebni avtomobil;213;karavan;520
110;1645;6.1;1;BMW;8H71-6AW50000;318 / TOURING / d AUT.;Nemcija;DEU;osebni avtomobil;210;karavan;318
110;1615;6.1;1;BMW;8H71-6HW50000;318 / TOURING / d;Nemcija;DEU;osebni avtomobil;210;karavan;318
110;1690;6.1;1;CHEVROLET;LV3-134;EPICA / 2.0 / DT 16V;Koreja. republika;KOR;osebni avtomobil;200;limuzina;EPICA 
110;1605;6.1;1;FIAT;194AXC1B03E;CROMA / 1.9 / JTD 16V;Italija;ITA;osebni avtomobil;210;vecnamensko vozilo;CROMA 
110;1605;6.1;1;FIAT;194AXC1B03;CROMA / 1.9;Italija;ITA;osebni avtomobil;210;karavan;CROMA 
110;1530;6.1;1;FIAT;194AXC1B-03;CROMA / 1.9 / JTD;Italija;ITA;osebni avtomobil;210;vecnamensko vozilo;CROMA 
110;1394;6.1;0;FORD;DXA-M8DB1V-5JG1MA;C-MAX / 1.5 / SCTi EcoBoost 110 M6 S;Nemcija;DEU;osebni avtomobil;199;vecnamensko vozilo;C-MAX 
110;1364;6.1;0;FORD;DYB-M8DB15-5H1AMC;FOCUS / 1.5 Ecoboost 110 A6 S;Nemcija;DEU;osebni avtomobil;208;vozilo z dviûnimi vrati zadaj;FOCUS 
110;1904;6.1;1;JAGUAR;DF-B-516A;JAGUAR E-PACE / 2.0 / IL4d AWD AUT.;Zdruûeno kraljestvo;GBR;osebni avtomobil;193;karavan;JAGUAR E-PACE 
110;1610;6.1;1;MERCEDES BENZ;211.006;E / 220 / CDI;Nemcija;DEU;osebni avtomobil;216;limuzina;E 
110;1540;6.1;1;MERCEDES BENZ;203;C / 220 / CDI;Nemcija;DEU;osebni avtomobil;224;limuzina;C 
110;1540;6.1;1;MERCEDES BENZ;R00CF0-KDBBA501;MERCEDES BENZ / C / 220 / CDI;Nemcija;DEU;osebni avtomobil;224;limuzina;MERCEDES BENZ 
110;1660;6.1;1;NISSAN;J11HH05;QASHQAI / 1.7 / DCI 4x4;Zdruûeno kraljestvo;GBR;osebni avtomobil;192;vecnamensko vozilo;QASHQAI 
110;1645;6.1;1;NISSAN;J11HH07;QASHQAI / 1.7 / DCI 4x4;Zdruûeno kraljestvo;GBR;osebni avtomobil;192;vecnamensko vozilo;QASHQAI 
110;1613;6.1;1;OPEL;BF11-2A05ADTDCA7;ZAFIRA / 1.9 / DTI 16V;Nemcija;DEU;osebni avtomobil;202;vecnamensko vozilo;ZAFIRA 
110;1605;6.1;1;OPEL;BK11-3A07AWAXLKJ5;VECTRA / CAR. 1.9 / DT 16V;Nemcija;DEU;osebni avtomobil;210;karavan;VECTRA 
110;1540;6.1;1;OPEL;Z-C-SW;VECTRA / 1.9 / CDTI;Nemcija;DEU;osebni avtomobil;205;karavan;VECTRA 
110;1538;6.1;1;OPEL;H/MONOCAB BF11-2A05ADTDCA7;ZAFIRA / 1.9 / DTI 16V;Nemcija;DEU;osebni avtomobil;202;vecnamensko vozilo;ZAFIRA 
110;1530;6.1;1;OPEL;BK11-2A07AWAXLKS5;VECTRA / CAR. 1.9 / DT 16V;Nemcija;DEU;osebni avtomobil;210;karavan;VECTRA 
110;1827;6.1;1;RENAULT;RFARH2A7ATA1Z15000;GRAND SCENIC / 1.7 / DCI AUT.;Francija;FRA;osebni avtomobil;208;vozilo z dviûnimi vrati zadaj;GRAND SCENIC 
110;1815;6.1;1;RENAULT;RFARH2A7ATA2Z17000;GRAND SCENIC / 1.7 / DCI AUT.;Francija;FRA;osebni avtomobil;200;vozilo z dviûnimi vrati zadaj;GRAND SCENIC 
110;1797;6.1;1;RENAULT;RZGHH2A7XTA1100000;KOLEOS / 1.7 / DCI AUT.;Francija;FRA;osebni avtomobil;190;karavan;KOLEOS 
110;1576;6.1;1;RENAULT;KT3D06;LAGUNA / GRANDTOUR 2.0 / DCI;Francija;FRA;osebni avtomobil;208;karavan;LAGUNA 
110;1558;6.1;1;RENAULT;KT1K06;LAGUNA / GRANDTOUR 2.0 / DCI;Francija;FRA;osebni avtomobil;208;karavan;LAGUNA 
110;1530;6.1;1;RENAULT;KGETB6;LAGUNA / GRANDTOUR 2.0 / DCI;Francija;FRA;osebni avtomobil;212;karavan;LAGUNA 
110;1460;6.1;0;SEAT;XCZEAX1-AM6SAM6BB0017MMML64;ATECA / 1.4 / TSI 4WD;äpanija;ESP;osebni avtomobil;192;karavan;ATECA 
110;1275;6.1;0;SEAT;FDADAX0V-FM6SFM62S0227CPVLO51EB;LEON ST / 1.5 / TSI;äpanija;ESP;osebni avtomobil;215;karavan;LEON ST 
110;1243;6.1;0;SEAT;BDADAX0V-FM6SFM62S0227CPVLO51EB;LEON / 1.5 / TSI;äpanija;ESP;osebni avtomobil;215;karavan;LEON 
110;1722;6.1;1;äKODA;ACDFGAX0-NFD7FD7GC0094BF4NS7N1A7B;KODIAQ / 2.0 / TDI AUT.;Ceöka republika;CZE;osebni avtomobil;198;karavan;KODIAQ 
110;1686;6.1;1;äKODA;ACDFGAX0-NFD7FD7GC0097CP0NS5V1B7B;KODIAQ / 2.0 / TDI AUT.;Ceöka republika;CZE;osebni avtomobil;198;karavan;KODIAQ 
110;1685;6.1;1;äKODA;ACDTTCX1-NAD7AD7GC0054BI16N4C1C2B;KAROQ / 2.0 / TDI 4x4 AUT.;Ceöka republika;CZE;osebni avtomobil;199;karavan;KAROQ 
110;1679;6.1;1;äKODA;ACDFGAX0-NFD7FD7GC0094BF0NS5V1B8B;KODIAQ / 2.0 / TDI AUT.;Ceöka republika;CZE;osebni avtomobil;198;karavan;KODIAQ 
110;1342;6.1;0;äKODA;ABCDPCAX0-NFD7FD7CW0024BISTNK4N1A1A;KAMIQ / 1.5 / TSI AUT.;Ceöka republika;CZE;osebni avtomobil;215;vozilo z dviûnimi vrati zadaj;KAMIQ 
110;1317;6.1;0;äKODA;ACDPCAX0-NFD7FD7CW0024BFSTVLN1B7A;OCTAVIA / COMBI 1.5 / TSI AUT.;Ceöka republika;CZE;osebni avtomobil;214;karavan;OCTAVIA 
110;1302;6.1;0;äKODA;ACDADAX0-NFM6FM62S0227CPSTVLN1B7A;OCTAVIA / COMBI 1.5 / TSI;Ceöka republika;CZE;osebni avtomobil;215;karavan;OCTAVIA 
110;1265;6.1;0;äKODA;ABSDADAX0-NFD7FD7CW0027CPSTR4N1B7A;SCALA / 1.5 / TSI AUT.;Ceöka republika;CZE;osebni avtomobil;220;vozilo z dviûnimi vrati zadaj;SCALA 
110;1265;6.1;0;äKODA;ABCDPCAX0-NFM6FM62S0324BFSTN3N1B6A;KAMIQ / 1.5 / TSI;Ceöka republika;CZE;osebni avtomobil;213;vozilo z dviûnimi vrati zadaj;KAMIQ 
110;1255;6.1;0;äKODA;ABSDPCAX0-NFD7FD7CW0024BFSTN4N1A8A;SCALA / 1.5 / TSI AUT.;Ceöka republika;CZE;osebni avtomobil;219;vozilo z dviûnimi vrati zadaj;SCALA 
110;1787;6.1;1;SUBARU;BSD-C8L;LEGACY / OUTBACK 2.0 / D S ES CVT AWD;Japonska ;JPN;osebni avtomobil;192;karavan;LEGACY 
110;1751;6.1;1;SUBARU;BSD-C4L;LEGACY / OUTBACK 2.0 / D ES CVT AWD;Japonska ;JPN;osebni avtomobil;192;karavan;LEGACY 
110;1650;6.1;1;SUBARU;BRD-030;LEGACY / WAGON 2.0 / D AWD;Japonska ;JPN;osebni avtomobil;203;karavan;LEGACY 
110;2110;6.1;1;VOLKSWAGEN;GCXHA320X0-LNFM6500816NVR27MMG02L65391;TRANSPORTER / 2.0 / TDI;Nemcija;DEU;osebni avtomobil;182;vozilo za posebne namene;TRANSPORTER 
110;2047;6.1;1;VOLKSWAGEN;MCXFA300X0-NNFD7BT0116TVR27MMG02L63272;MULTIVAN / 2.0 / TDI AUT.;Nemcija;DEU;osebni avtomobil;181;karavan;MULTIVAN 
110;1967;6.1;1;VOLKSWAGEN;GCXFA308X0-NNFD7BT0116NVR27MMG02L63291;TRANSPORTER / 2.0 / TDI AUT.;Nemcija;DEU;osebni avtomobil;181;vecnamensko vozilo;TRANSPORTER 
110;1943;6.1;1;VOLKSWAGEN;GCXHA308X0-NNFM6500816NVR27MMG02L63291;TRANSPORTER / 2.0 / TDI;Nemcija;DEU;osebni avtomobil;182;vecnamensko vozilo;TRANSPORTER 
110;1930;6.1;1;VOLKSWAGEN;GCXHA308X0-LNFM6500816NVR27MMG02L63291;TRANSPORTER / 2.0 / TDI;Nemcija;DEU;osebni avtomobil;182;vecnamensko vozilo;TRANSPORTER 
110;1868;6.1;1;VOLKSWAGEN;GCXHA280X0-NNFM6500816NVR27MMG02L63281;TRANSPORTER / 2.0 / TDI;Nemcija;DEU;osebni avtomobil;182;vecnamensko vozilo;TRANSPORTER 
110;1680;6.1;1;VOLKSWAGEN;ACDFGAX0-FM6FM62Q032L5R4NVR24BF1CSB;TIGUAN / 2.0 / TDI;Nemcija;DEU;osebni avtomobil;202;karavan;TIGUAN 
110;1645;6.1;1;VOLKSWAGEN;ACDFGAX0-FD7FD7GC009N5R3TVR27CP1CSB;TIGUAN / 2.0 / TDI AUT.;Nemcija;DEU;osebni avtomobil;202;karavan;TIGUAN 
110;1635;6.1;1;VOLKSWAGEN;ACDFGAX0-FD7FD7GC009N5R2TVR24BF1CSB;TIGUAN / 2.0 / TDI AUT.;Nemcija;DEU;osebni avtomobil;202;karavan;TIGUAN 
110;1505;6.1;1;VOLKSWAGEN;DFFAX1AC4-AM6AM62Q0017CP1CA;T-ROC / 2.0 / TDI 4M;Nemcija;DEU;osebni avtomobil;200;karavan;T-ROC 
110;1505;6.1;1;VOLKSWAGEN;DFFAX1AC4-AM6AM62Q0017CP1CA;T-ROC / 2.0 / TDI 4M;Nemcija;DEU;osebni avtomobil;200;vozilo za posebne namene;T-ROC 
110;1498;6.1;0;VOLKSWAGEN;ACCZEAX0-FD6FD6D9012KN5N2TVR27MM61;TIGUAN / 1.4 / TSI AUT.;Nemcija;DEU;osebni avtomobil;200;karavan;TIGUAN 
110;1473;6.1;0;VOLKSWAGEN;AADPCAX0-FM6FM6C9001SV4BIVR21AAMI;PASSAT / 1.5 / TSI;Nemcija;DEU;osebni avtomobil;220;limuzina;PASSAT 
110;1375;6.1;0;VOLKSWAGEN;VACDADAX0-FM6FM62S022N7CPON1ML1BVR2A;GOLF / VARIANT 1.5 / TSI;Nemcija;DEU;osebni avtomobil;218;karavan;GOLF 
110;1330;6.1;0;VOLKSWAGEN;DPCAX0AC40-FM6FM62S0324BF1AANN;T-ROC / 1.5 / TSI;Nemcija;DEU;osebni avtomobil;205;karavan;T-ROC 
110;1324;6.1;0;VOLKSWAGEN;DPCAACX05-FD7FD7CW0024BI1BBAG;T-CROSS / 1.5 / TSI AUT.;Nemcija;DEU;osebni avtomobil;200;karavan;T-CROSS 
110;1395;6.2;1;ALFA ROMEO;937CXN1B24B;GT / 1.9 / JTD 16V;Italija;ITA;osebni avtomobil;209;kupe;GT 
110;1597;6.2;0;AUDI;L2DMSBF1-FD7FD7CK003RT011B17S54BIAEM1BB1;A4 / 2.0 / TFSI AUT.;Nemcija;DEU;osebni avtomobil;210;limuzina;A4 
110;1579;6.2;0;FORD;DM2-M8MA1A-5TN1PC;KUGA / 1.5 / Ecoboost GTDI 110 M6 4x2;Nemcija;DEU;osebni avtomobil;195;vecnamensko vozilo;KUGA 
110;1333;6.2;0;FORD;DYBJQDA1K-5CDAMC;FOCUS / 1.6 / SCTi Ecoboost 110 M6;Nemcija;DEU;osebni avtomobil;210;vozilo z dviûnimi vrati zadaj;FOCUS 
110;1728;6.2;1;HONDA;CU33-8;ACCORD / 2.2 / i-DTEC / AUT.;Japonska ;JPN;osebni avtomobil;207;limuzina;ACCORD 
110;1958;6.2;1;LAND ROVER;S4FF2F-B5H8;FREELANDER 2 / 2.2 / TD4;Zdruûeno kraljestvo;GBR;osebni avtomobil;181;karavan;FREELANDER 2 
110;1796;6.2;1;LAND ROVER;LV-S5DF2K-F5TA;RANGE ROVER EVOQUE / 2.0 / TD4 4WD AUT.;Zdruûeno kraljestvo;GBR;osebni avtomobil;180;karavan;RANGE ROVER EVOQUE 
110;1655;6.2;1;NISSAN;J10-F06;QASHQAI+2 / 2.0 / DCI 4x4;Zdruûeno kraljestvo;GBR;osebni avtomobil;192;vecnamensko vozilo;QASHQAI+2 
110;1613;6.2;1;OPEL;BF11-2A05ADTDCA7;ZAFIRA / 1.9 / DTI 16V;Nemcija;DEU;osebni avtomobil;202;vecnamensko vozilo;ZAFIRA 
110;1613;6.2;1;OPEL;BF11-3A05ADTDCA7;ZAFIRA / 1.9;Nemcija;DEU;osebni avtomobil;202;limuzina;ZAFIRA 
110;1400;6.2;0;SEAT;XDPCAX0-FM6SFM6C90014BIVL1A18AD;ATECA / 1.5 / TSI;äpanija;ESP;osebni avtomobil;198;karavan;ATECA 
110;1294;6.2;0;SEAT;FDPCAX0V-FD7SFD7CW0024BFVLO51BAC;LEON SPORTOURER ST / 1.5 / TSI AUT.;äpanija;ESP;osebni avtomobil;215;karavan;LEON SPORTOURER ST 
110;1904;6.2;1;äKODA;ACDTSBX1-NAD7AD7GC0104BI6NS7V1B2B;KODIAQ / 2.0 / TDI 4x4 AUT.;Ceöka republika;CZE;osebni avtomobil;196;karavan;KODIAQ 
110;1875;6.2;1;äKODA;ACDTSBX1-NAD7AD7GC0104BI0GS5V1B2B;KODIAQ / 2.0 / TDI 4x4 AUT.;Ceöka republika;CZE;osebni avtomobil;197;karavan;KODIAQ 
110;1686;6.2;1;äKODA;ACDFGAX0-NFD7FD7GC0097CP0NS5N1C7B;KODIAQ / 2.0 / TDI AUT.;Ceöka republika;CZE;osebni avtomobil;198;karavan;KODIAQ 
110;1679;6.2;1;äKODA;ACDFGAX0-NFD7FD7GC0094BF0NS5V1C7B;KODIAQ / 2.0 / TDI AUT.;Ceöka republika;CZE;osebni avtomobil;198;karavan;KODIAQ 
110;1591;6.2;1;äKODA;ACDFFAX1-NAD7AD7GC0054BF16N3N1A8A;KAROQ / 2.0 / TDI 4x4 AUT.;Ceöka republika;CZE;osebni avtomobil;199;karavan;KAROQ 
110;1452;6.2;0;äKODA;AADADAX01-NFM6FM62S0327CPSTN1C7B;SUPERB / 1.5 / TSI;Ceöka republika;CZE;osebni avtomobil;217;limuzina;SUPERB 
110;1439;6.2;0;äKODA;ACDPCAX0-NFM6FM6C90014BI15N0D1A2A;KAROQ / 1.5 / TSI;Ceöka republika;CZE;osebni avtomobil;207;karavan;KAROQ 
110;1429;6.2;0;äKODA;ACDPCAX0-NFM6FM6C90014BI15N0C1A7A;KAROQ / 1.5 / TSI;Ceöka republika;CZE;osebni avtomobil;207;karavan;KAROQ 
110;1428;6.2;0;äKODA;ACDPCAX0-NFM6FM6C90014BI15N0N1A7A;KAROQ / 1.5 / TSI;Ceöka republika;CZE;osebni avtomobil;207;karavan;KAROQ 
110;1358;6.2;0;äKODA;ABCDPCAX0-NFD7FD7CW0024BISTNH4M1B2B;KAMIQ / 1.5 / TSI AUT.;Ceöka republika;CZE;osebni avtomobil;215;vozilo z dviûnimi vrati zadaj;KAMIQ 
110;1317;6.2;0;äKODA;ACDPCAX0-NFD7FD7CW0024BFSTVLN1B8A;OCTAVIA / COMBI 1.5 / TSI AUT.;Ceöka republika;CZE;osebni avtomobil;214;karavan;OCTAVIA 
110;1302;6.2;0;äKODA;ACDADAX0-NFM6FM62S0227CPSTVLN1C7B;OCTAVIA / COMBI 1.5 / TSI;Ceöka republika;CZE;osebni avtomobil;215;karavan;OCTAVIA 
110;1277;6.2;0;äKODA;ABCDPCAX0-NFD7FD7CW0024BFSTN3N1A8A;KAMIQ / 1.5 / TSI AUT.;Ceöka republika;CZE;osebni avtomobil;212;vozilo z dviûnimi vrati zadaj;KAMIQ 
110;1265;6.2;0;äKODA;ABSDADAX0-NFD7FD7CW0027CPSTR3N1B7A;SCALA / 1.5 / TSI AUT.;Ceöka republika;CZE;osebni avtomobil;220;vozilo z dviûnimi vrati zadaj;SCALA 
110;1265;6.2;0;äKODA;ABCDPCAX0-NFM6FM62S0324BFSTN4M1B8A;KAMIQ / 1.5 / TSI;Ceöka republika;CZE;osebni avtomobil;213;vozilo z dviûnimi vrati zadaj;KAMIQ 
110;1255;6.2;0;äKODA;ABSDPCAX0-NFD7FD7CW0024BFSTN4N1B8A;SCALA / 1.5 / TSI AUT.;Ceöka republika;CZE;osebni avtomobil;219;vozilo z dviûnimi vrati zadaj;SCALA 
110;1555;6.2;1;TOYOTA;ADT251L-AWFEYW(1H);AVENSIS / COMBI 2.2 / D;Zdruûeno kraljestvo;GBR;osebni avtomobil;220;karavan;AVENSIS 
110;1555;6.2;1;TOYOTA;ADT251L-AWFGYW(1E);AVENSIS / COMBI 2.2 / D;Zdruûeno kraljestvo;GBR;osebni avtomobil;210;karavan;AVENSIS 
110;2350;6.2;1;VOLKSWAGEN;MCXFA300X0-NNFM6500816TVR27MMG02L63272;MULTIVAN / 2.0 / TDI;Nemcija;DEU;osebni avtomobil;182;vozilo z dostopom za invalidski vozicek;MULTIVAN 
110;2320;6.2;1;VOLKSWAGEN;GCXFA320X1-LNAD7BT0116NVR27MMG02L65391;TRANSPORTER / 2.0 / TDI 4M AUT.;Nemcija;DEU;osebni avtomobil;178;vozilo za posebne namene;TRANSPORTER 
110;2304;6.2;1;VOLKSWAGEN;SCXFA300X0-NAFD7BT0116NVR27MMG03L63272;CALIFORNIA BEACH / 2.0 / TDI AUT.;Nemcija;DEU;osebni avtomobil;178;karavan;CALIFORNIA BEACH 
110;2234;6.2;1;VOLKSWAGEN;GCXHA308X0-NNFM6500816NVR27MMG02L63291;TRANSPORTER / 2.0 / TDI;Nemcija;DEU;osebni avtomobil;182;vecnamensko vozilo;TRANSPORTER 
110;2063;6.2;1;VOLKSWAGEN;MCXFA300X0-NNFM6500816NVR27MMG02L63272;MULTIVAN / 2.0 / TDI;Nemcija;DEU;osebni avtomobil;182;karavan;MULTIVAN 
110;2023;6.2;1;VOLKSWAGEN;MCXHA300X0-NNFM6500816NVR27MMG02L63272;MULTIVAN / 2.0 / TDI;Nemcija;DEU;osebni avtomobil;182;karavan;MULTIVAN 
110;2001;6.2;1;VOLKSWAGEN;GCXFA308X1-NNAD7BT0116NVR27MMG02L63291;TRANSPORTER / 2.0 / TDI 4M AUT.;Nemcija;DEU;osebni avtomobil;178;vecnamensko vozilo;TRANSPORTER 
110;1930;6.2;1;VOLKSWAGEN;GCXHA300X0-LNFM6500816NVR27MMG02L63291;TRANSPORTER / 2.0 / TDI;Nemcija;DEU;osebni avtomobil;182;vecnamensko vozilo;TRANSPORTER 
110;1930;6.2;1;VOLKSWAGEN;GCXHA300X0-LNFM6500816VVR27MMG02L63291;TRANSPORTER / 2.0 / TDI;Nemcija;DEU;osebni avtomobil;182;vozilo za posebne namene;TRANSPORTER 
110;1868;6.2;1;VOLKSWAGEN;GCXHA300X0-NNFM6500816NVR27MMG02L63291;TRANSPORTER / 2.0 / TDI;Nemcija;DEU;osebni avtomobil;182;vecnamensko vozilo;TRANSPORTER 
110;1767;6.2;1;VOLKSWAGEN;ACDTSBX1-AD7AD7GC010N5N4NVR24BI1ASA0M1GIS;TIGUAN / 2.0 / TDI 4M AUT.;Nemcija;DEU;osebni avtomobil;198;karavan;TIGUAN 
110;1763;6.2;1;VOLKSWAGEN;ACDTSBX1-AD7AD7GC010N5N4NVR24BI1ASA0M1GG;TIGUAN / 2.0 / TDI 4M AUT.;Nemcija;DEU;osebni avtomobil;198;karavan;TIGUAN 
110;1715;6.2;1;VOLKSWAGEN;ACDTSBX1-AD7AD7GC010N5N4NVR24BI1ASA0M1G;TIGUAN / 2.0 / TDI 4M AUT.;Nemcija;DEU;osebni avtomobil;198;karavan;TIGUAN 
110;1705;6.2;1;VOLKSWAGEN;ACDFGAX0-FD7FD7GC009L5N3NVR27CP1CSB;TIGUAN / 2.0 / TDI AUT.;Nemcija;DEU;osebni avtomobil;200;karavan;TIGUAN 
110;1685;6.2;1;VOLKSWAGEN;ACDFGAX1-AM6AM6BB003N5N4NVR24BF1ASAB;TIGUAN / 2.0 / TDI 4M;Nemcija;DEU;osebni avtomobil;201;karavan;TIGUAN 
110;1685;6.2;1;VOLKSWAGEN;ACDFGAX1-AM6AM6BB003N5N4NVR24BF1ASA;TIGUAN / 2.0 / TDI 4M;Nemcija;DEU;osebni avtomobil;201;vozilo za posebne namene;TIGUAN 
110;1660;6.2;1;VOLKSWAGEN;DFGAAF-FD7FD7GC0044BFS72VR21CA;TOURAN / 2.0 / TDI AUT.;Nemcija;DEU;osebni avtomobil;206;vecnamensko vozilo;TOURAN 
110;1645;6.2;1;VOLKSWAGEN;ACDFGAX0-FD7FD7GC009N5R4TVR27CP1CSB;TIGUAN / 2.0 / TDI AUT.;Nemcija;DEU;osebni avtomobil;202;karavan;TIGUAN 
110;1635;6.2;1;VOLKSWAGEN;ACDFGAX0-FD7FD7GC009N5R3TVR24BF1CSB;TIGUAN / 2.0 / TDI AUT.;Nemcija;DEU;osebni avtomobil;202;karavan;TIGUAN 
110;1620;6.2;1;VOLKSWAGEN;DFGAAC-FD7FD7GC0044BFS50VR21CA;TOURAN / 2.0 / TDI AUT.;Nemcija;DEU;osebni avtomobil;206;karavan;TOURAN 
110;1375;6.2;0;VOLKSWAGEN;VACDADAX0-FM6FM62S022N7CPON1ML1CVR2B;GOLF / VARIANT 1.5 / TSI;Nemcija;DEU;osebni avtomobil;218;karavan;GOLF 
110;1330;6.2;0;VOLKSWAGEN;DPCAX0AC4-FM6FM62S0324BF1AANN0;T-ROC / 1.5 / TSI;Nemcija;DEU;osebni avtomobil;205;karavan;T-ROC 
110;1320;6.2;0;VOLKSWAGEN;GAC4DADAX0-FM6FM62S022N7CPON1ML1CVR2NB;GOLF / 1.5 / TSI;Nemcija;DEU;osebni avtomobil;216;karavan;GOLF 
110;1823;6.3;1;AUDI;SDTSBQ1-QD7AD7GC010RT61C204BIBHA5EM10D0;Q3 / SPORTBACK 2.0 / TDI Q AUT.;Nemcija;DEU;osebni avtomobil;201;vozilo z dviûnimi vrati zadaj;Q3 
110;1655;6.3;1;AUDI;XDFGAF1-FD7FD7GC009RT31C207CPBHA4EM1;Q3 / 2.0 / TDI AUT.;Nemcija;DEU;osebni avtomobil;207;karavan;Q3 
110;1615;6.3;0;AUDI;L2DMSBF1-FD7FD7CK003RT011B17S54BIAEM1BB1;A4 / 2.0 / TFSI AUT.;Nemcija;DEU;osebni avtomobil;210;limuzina;A4 
110;1608;6.3;0;AUDI;L2DMSBF1-FD7FD7CK003RT011B18S54BIAEM1AB1;A4 / 2.0 / TFSI AUT.;Nemcija;DEU;osebni avtomobil;210;limuzina;A4 
110;1418;6.3;0;AUDI;XDPCAF1-FD7FD7CW002RT11B184BIAEM1HA00B0;Q2 / 1.5 / TFSI AUT.;Nemcija;DEU;osebni avtomobil;218;karavan;Q2 
110;1409;6.3;0;AUDI;SDPCAF1-FM6FM6C9003RT021C194BFBEM1MLN1B0;A3 / 1.5 / TFSI;Nemcija;DEU;osebni avtomobil;224;vozilo z dviûnimi vrati zadaj;A3 
110;1340;6.3;0;AUDI;XDPCAF1-FM6FM62S032RT11B174BFAEM1HA0;Q2 / 1.5 / TFSI;Nemcija;DEU;osebni avtomobil;212;karavan;Q2 
110;1680;6.3;1;BMW;346RBS71-31;320 / CABRIO / D;Nemcija;DEU;osebni avtomobil;211;kabriolet;320
110;1437;6.3;0;CUPRA;CXDPCAX0-FM6CFM6C90014BI1AAC;FORMENTOR / 1.5 / TSI;äpanija;ESP;osebni avtomobil;204;karavan;FORMENTOR 
110;1724;6.3;1;FORD;WGR-BTB;GALAXY / 1.9 / TDI;Nemcija;DEU;osebni avtomobil;199;vecnamensko vozilo;GALAXY 
110;1579;6.3;0;FORD;DM2-M8MC1AX-5TNBB1PC;KUGA / 1.5 / Ecoboost GTDI 110 M6 4x2;Nemcija;DEU;osebni avtomobil;195;vecnamensko vozilo;KUGA 
110;1473;6.3;0;FORD;DXA-M8DB1W-7JG2NG;GRAND C-MAX / 1.5 / SCTI ECOBOOST 110 M6 S;Nemcija;DEU;osebni avtomobil;202;karavan;GRAND C-MAX 
110;1422;6.3;0;MAZDA;6WGACW0AA;CX-30 / G150 / AT;Japonska ;JPN;osebni avtomobil;194;karavan;CX-30 
110;1350;6.3;0;MAZDA;FW7A2W0;CX-3 / G150 / AWD AT;Japonska ;JPN;osebni avtomobil;195;karavan;CX-3 
110;1710;6.3;1;MERCEDES BENZ;211-K;E / 220 / CDI;Nemcija;DEU;osebni avtomobil;216;karavan;E 
110;1610;6.3;1;MERCEDES BENZ;211U00CF0-KFAAA502;E / 220 / CDI;Nemcija;DEU;osebni avtomobil;216;limuzina;E 
110;1595;6.3;1;MERCEDES BENZ;203KR20CF0-TCAAA50;C / 220 T / CDI AUT.;Nemcija;DEU;osebni avtomobil;209;karavan;C 
110;1565;6.3;1;MERCEDES BENZ;211-K;E / 220 / CDI;Nemcija;DEU;osebni avtomobil;216;limuzina;E 
110;1535;6.3;1;MERCEDES BENZ;U00CF0-KFAAA501;E / 220 / CDI;Nemcija;DEU;osebni avtomobil;217;limuzina;E 
110;1530;6.3;1;MERCEDES BENZ;R80CK0-KZCDA402;CLC / 220 / CDI;Nemcija;DEU;osebni avtomobil;224;vozilo z dviûnimi vrati zadaj;CLC 
110;1515;6.3;1;MERCEDES BENZ;R80CF0-KDBBA401;C / 220 / CDI;Nemcija;DEU;osebni avtomobil;224;vozilo z dviûnimi vrati zadaj;C 
110;1322;6.3;0;OPEL;DA042CA12-BK2BAEJTD15;ASTRA / ST 1.4 / TURBO;Nemcija;DEU;osebni avtomobil;215;karavan;ASTRA 
110;1490;6.3;1;RENAULT;BG0F-06;LAGUNA / 2.2 / DCI;Francija;FRA;osebni avtomobil;212;vozilo z dviûnimi vrati zadaj;LAGUNA 
110;1795;6.3;1;SAAB;YS3FF7W-M6 01;9-3 / CV 1.9 / TIDS;ävedska;SWE;osebni avtomobil;200;kabriolet;09-Mar
110;1760;6.3;1;SAAB;YS3FCF7W-M6 01;9-3 / CV 1.9 / TIDS;ävedska;SWE;osebni avtomobil;200;kabriolet;09-Mar
110;1525;6.3;1;SEAT;ABARLX11-SGQM62Y004101NN;LEON / 1.9 / TDI 4M;äpanija;ESP;osebni avtomobil;211;vozilo z dviûnimi vrati zadaj;LEON 
110;1476;6.3;0;SEAT;XCZEAX1-AD6SAD6D90177MMML64;ATECA / 1.4 / TSI 4WD AUT.;äpanija;ESP;osebni avtomobil;189;karavan;ATECA 
110;1449;6.3;0;SEAT;SXDPCAX0-FM6SFM6C90014BIVL1A18AD;ATECA / 1.5 / TSI;äpanija;ESP;osebni avtomobil;198;karavan;ATECA 
110;1290;6.3;0;SEAT;XDPCA-FD7SFD7CW0024BI2A1BAD;ARONA / 1.5 / TSI AUT.;äpanija;ESP;osebni avtomobil;210;vozilo z dviûnimi vrati zadaj;ARONA 
110;1254;6.3;0;SEAT;SCCAVFX0-AGNFD7AM0157MGGI;IBIZA / 1.4 / TSI AUT.;äpanija;ESP;osebni avtomobil;212;vecnamensko vozilo;IBIZA 
110;1725;6.3;1;äKODA;ACDFGAX1-NAM6AM6BB0034BF0NS5N1A7A;KODIAQ / 2.0 / TDI 4x4;Ceöka republika;CZE;osebni avtomobil;197;karavan;KODIAQ 
110;1686;6.3;1;äKODA;ACDFGAX0-NFD7FD7GC0097CP0NS5N1C7B;KODIAQ / 2.0 / TDI AUT.;Ceöka republika;CZE;osebni avtomobil;198;karavan;KODIAQ 
110;1679;6.3;1;äKODA;ACDFGAX0-NFD7FD7GC0094BF0NS5V1C7B;KODIAQ / 2.0 / TDI AUT.;Ceöka republika;CZE;osebni avtomobil;198;karavan;KODIAQ 
110;1604;6.3;0;äKODA;ACCZEAX0-NFD6FD6D90124NS7N617;KODIAQ / 1.4 / TSI AUT.;Ceöka republika;CZE;osebni avtomobil;197;karavan;KODIAQ 
110;1594;6.3;1;äKODA;ACDFFAX1-SAD7AD7GC0027CPSCMLN1C7A;OCTAVIA / COMBI 2.0 / TDI 4x4 AUT.;Ceöka republika;CZE;osebni avtomobil;200;karavan;OCTAVIA 
110;1591;6.3;1;äKODA;ACDFFAX1-NAD7AD7GC0054BF16N3N1A8A;KAROQ / 2.0 / TDI 4x4 AUT.;Ceöka republika;CZE;osebni avtomobil;199;karavan;KAROQ 
110;1589;6.3;0;äKODA;ACCZEAX0-NFD6FD6D90124NS7N618;KODIAQ / 1.4 / TSI AUT.;Ceöka republika;CZE;osebni avtomobil;197;karavan;KODIAQ 
110;1561;6.3;0;äKODA;ACCZEAX0-NFD6FD6D90120NS5N618;KODIAQ / 1.4 / TSI AUT.;Ceöka republika;CZE;osebni avtomobil;198;karavan;KODIAQ 
110;1561;6.3;1;äKODA;ACDFFAX1-NAM6AM62Q0017CP163N1C7A;KAROQ / 2.0 / TDI 4x4;Ceöka republika;CZE;osebni avtomobil;196;karavan;KAROQ 
110;1471;6.3;0;äKODA;ACCZDAX1-NAM6AM6BB001STN617;YETI / 1.4 / TSI 4x4;Ceöka republika;CZE;osebni avtomobil;195;karavan;YETI 
110;1465;6.3;0;äKODA;ACDPCAX0-NFD7FD7CW0024BI15N0D1A2A;KAROQ / 1.5 / TSI AUT.;Ceöka republika;CZE;osebni avtomobil;206;karavan;KAROQ 
110;1454;6.3;0;äKODA;ACDPCAX0-NFM6FM6C90014BI15N0D1A2A;KAROQ / 1.5 / TSI;Ceöka republika;CZE;osebni avtomobil;207;karavan;KAROQ 
110;1452;6.3;0;äKODA;AADADAX01-NFM6FM62S0327CPSTN1C7B;SUPERB / 1.5 / TSI;Ceöka republika;CZE;osebni avtomobil;217;limuzina;SUPERB 
110;1452;6.3;0;äKODA;ACDPCAX0-NFD7FD7CW0024BI15N0N1A7A;KAROQ / 1.5 / TSI AUT.;Ceöka republika;CZE;osebni avtomobil;206;karavan;KAROQ 
110;1448;6.3;0;äKODA;ACDPCAX0-NFM6FM6C90014BI15N0C1A2A;KAROQ / 1.5 / TSI;Ceöka republika;CZE;osebni avtomobil;207;karavan;KAROQ 
110;1438;6.3;0;äKODA;ACDPCAX0-NFD7FD7CW0024BI15N0C1A7A;KAROQ / 1.5 / TSI AUT.;Ceöka republika;CZE;osebni avtomobil;206;karavan;KAROQ 
110;1387;6.3;0;äKODA;ACDPCAX0-NFD7FD7CW0024BI15N0N1A2A;KAROQ / 1.5 / TSI AUT.;Ceöka republika;CZE;osebni avtomobil;206;vozilo za posebne namene;KAROQ 
110;1387;6.3;0;äKODA;ACDPCAX0-NFD7FD7CW0024BI15N0N1A2A;KAROQ / 1.5 / TSI AUT.;Ceöka republika;CZE;osebni avtomobil;206;karavan;KAROQ 
110;1380;6.3;0;äKODA;ACDPCAX0-NFM6FM6C90014BI15N0N1A2A;KAROQ / 1.5 / TSI;Ceöka republika;CZE;osebni avtomobil;205;karavan;KAROQ 
110;1380;6.3;0;äKODA;ACDPCAX0-NFM6FM62S0324BF150N1A7A;KAROQ / 1.5 / TSI;Ceöka republika;CZE;osebni avtomobil;203;karavan;KAROQ 
110;1317;6.3;0;äKODA;ACDADAX0-NFD7FD7CW0027CPSTVLN1B7A;OCTAVIA / COMBI 1.5 / TSI AUT.;Ceöka republika;CZE;osebni avtomobil;214;karavan;OCTAVIA 
110;1302;6.3;0;äKODA;ACDADAX0-NFM6FM62S0227CPSTVLN1C7B;OCTAVIA / COMBI 1.5 / TSI;Ceöka republika;CZE;osebni avtomobil;215;karavan;OCTAVIA 
110;1277;6.3;0;äKODA;ABCDPCAX0-NFD7FD7CW0024BFSTN3N1A6A;KAMIQ / 1.5 / TSI AUT.;Ceöka republika;CZE;osebni avtomobil;212;vozilo z dviûnimi vrati zadaj;KAMIQ 
110;1255;6.3;0;äKODA;ABSDPCAX0-NFD7FD7CW0024BFSTN4N1B8A;SCALA / 1.5 / TSI AUT.;Ceöka republika;CZE;osebni avtomobil;219;vozilo z dviûnimi vrati zadaj;SCALA 
110;1726;6.3;1;SUBARU;BRD-5Y0;LEGACY / OUTBACK 2.0 / D CVT AWD;Japonska ;JPN;osebni avtomobil;195;karavan;LEGACY 
110;2304;6.3;1;VOLKSWAGEN;SCXFA300X0-NAFD7BT0116NVR27MMG03L63272;CALIFORNIA BEACH / 2.0 / TDI AUT.;Nemcija;DEU;osebni avtomobil;178;karavan;CALIFORNIA BEACH 
110;2180;6.3;1;VOLKSWAGEN;MCXFA308X1-NNAD7BT0117NVR27MMG02L64272;MULTIVAN / 2.0 / TDI 4M AUT.;Nemcija;DEU;osebni avtomobil;178;karavan;MULTIVAN 
110;2116;6.3;1;VOLKSWAGEN;MCXFA308X0-LNFM6500817NVR27MMG02L64282;MULTIVAN / 2.0 / TDI;Nemcija;DEU;osebni avtomobil;182;karavan;MULTIVAN 
110;2063;6.3;1;VOLKSWAGEN;MCXFA300X0-NNFM6500816NVR27MMG02L63272;MULTIVAN / 2.0 / TDI;Nemcija;DEU;osebni avtomobil;182;karavan;MULTIVAN 
110;2023;6.3;1;VOLKSWAGEN;MCXHA300X0-NNFM6500816NVR27MMG02L63272;MULTIVAN / 2.0 / TDI;Nemcija;DEU;osebni avtomobil;182;karavan;MULTIVAN 
110;2001;6.3;1;VOLKSWAGEN;GCXFA300X1-NNAD7BT0116NVR27MMG02L63291;TRANSPORTER / 2.0 / TDI 4M AUT.;Nemcija;DEU;osebni avtomobil;178;vecnamensko vozilo;TRANSPORTER 
110;1930;6.3;1;VOLKSWAGEN;GCXHA320X0-LNFM6500816NVR217MMG3SL6533;TRANSPORTER 2.0 / TDI;Nemcija;DEU;osebni avtomobil;182;vecnamensko vozilo;TRANSPORTER 2.0 
110;1715;6.3;1;VOLKSWAGEN;ACDTSBX1-AD7AD7GC010N5N5NVR24BI1ASA0M1GIS;TIGUAN / 2.0 / TDI 4M AUT.;Nemcija;DEU;osebni avtomobil;198;karavan;TIGUAN 
110;1705;6.3;1;VOLKSWAGEN;ACDFGAX0-FD7FD7GC009L5N3NVR27CP1CSB;TIGUAN / 2.0 / TDI AUT.;Nemcija;DEU;osebni avtomobil;200;karavan;TIGUAN 
110;1530;6.3;1;VOLKSWAGEN;DFFAX1AC4-AD7AD7GC0054BF1AANN0;T-ROC / 2.0 / TDI 4M AUT.;Nemcija;DEU;osebni avtomobil;200;karavan;T-ROC 
110;1491;6.3;0;VOLKSWAGEN;AADPCAX0-FM6FM6C9001SV4BIVR21BA0G;PASSAT / 1.5 / TSI;Nemcija;DEU;osebni avtomobil;220;limuzina;PASSAT 
110;1465;6.3;0;VOLKSWAGEN;ACDPCAX0-FM6FM6C9001SV4BFVR21BA;PASSAT / VARIANT 1.5 / TSI;Nemcija;DEU;osebni avtomobil;214;karavan;PASSAT 
110;1423;6.3;0;VOLKSWAGEN;DPCAX0AC4-FM6FM6C90014BI1AANN0I;T-ROC / 1.5 / TSI;Nemcija;DEU;osebni avtomobil;205;karavan;T-ROC 
110;1410;6.3;0;VOLKSWAGEN;DPCAX0AC4-FM6FM6C90014BI1AANNIM;T-ROC / 1.5 / TSI;Nemcija;DEU;osebni avtomobil;205;karavan;T-ROC 
110;1406;6.3;0;VOLKSWAGEN;DPCAX0AC4-FM6FM6C90014BI1AANN0I;T-ROC / 1.5 / TSI;Nemcija;DEU;osebni avtomobil;205;vozilo za posebne namene;T-ROC 
110;1391;6.3;0;VOLKSWAGEN;DPCAX0AC4-FM6FM6C90014BI1AANN0;T-ROC / 1.5 / TSI;Nemcija;DEU;osebni avtomobil;205;karavan;T-ROC 
110;1389;6.3;0;VOLKSWAGEN;DPCAX0AC4-FM6FM6C90014BI1AANN0G;T-ROC / 1.5 / TSI;Nemcija;DEU;osebni avtomobil;205;karavan;T-ROC 
110;1387;6.3;0;VOLKSWAGEN;DPCAX0AC4-FM6FM6C90014BI1AANNMI;T-ROC / 1.5 / TSI;Nemcija;DEU;osebni avtomobil;205;karavan;T-ROC 
110;1385;6.3;0;VOLKSWAGEN;VACDPCAX0-FD7FD7CW002N4BFON1ML1BVR2A;GOLF / VARIANT 1.5 / TSI AUT.;Nemcija;DEU;osebni avtomobil;218;karavan;GOLF 
110;1375;6.3;0;VOLKSWAGEN;VACDADAX0-FM6FM62S022N7CPON1ML1CVR2B;GOLF / VARIANT 1.5 / TSI;Nemcija;DEU;osebni avtomobil;218;karavan;GOLF 
110;1320;6.3;0;VOLKSWAGEN;GAC4DADAX0-FM6FM62S022N7CPON1ML1CVR2NB;GOLF / 1.5 / TSI;Nemcija;DEU;osebni avtomobil;216;karavan;GOLF 
110;1235;6.3;0;VOLKSWAGEN;ABDPCA-FD7FD7CW002N2VR24BF1CA0;POLO / 1.5 / TSI AUT.;Nemcija;DEU;osebni avtomobil;216;vozilo z dviûnimi vrati zadaj;POLO 
110;1700;6.4;1;AUDI;XDFGAQ1-QM6AM6BB003RT21B187CPAHA5EM1;Q3 / 2.0 / TDI Q;Nemcija;DEU;osebni avtomobil;211;karavan;Q3 
110;1595;6.4;0;AUDI;A2DMSBF1-FD7FD7CK003RT011B17S54BIAEM1BB1;A4 / AVANT 2.0 / TFSI AUT.;Nemcija;DEU;osebni avtomobil;210;karavan;A4 
110;1437;6.4;0;CUPRA;CXDPCAX0-FM6CFM6C90014BI1AAC;FORMENTOR / 1.5 / TSI;äpanija;ESP;osebni avtomobil;204;karavan;FORMENTOR 
110;1702;6.4;1;FORD;DXA-T7DD1WX-5SJAZ6AA266;GRAND C-MAX / 2.0 / TDCI 110 A6 S;Nemcija;DEU;osebni avtomobil;200;karavan;GRAND C-MAX 
110;1385;6.4;0;FORD;DXAJQDB1J-5CGAMB;C-MAX / 1.6 / SCTi Ecoboost 110 M6 S;Nemcija;DEU;osebni avtomobil;204;vecnamensko vozilo;C-MAX 
110;1790;6.4;1;HONDA;CW33-8;ACCORD TOURER / 2.2 / i-DTEC / AUT.;Japonska ;JPN;osebni avtomobil;202;vecnamensko vozilo;ACCORD TOURER 
110;1736;6.4;1;HONDA;CU32-10;ACCORD / 2.2 / i-DTEC / AUT.;Japonska ;JPN;osebni avtomobil;207;limuzina;ACCORD 
110;1731;6.4;1;HONDA;CU32-8;ACCORD / 2.2 / i-DTEC / AUT.;Japonska ;JPN;osebni avtomobil;207;limuzina;ACCORD 
110;2004;6.4;1;HYUNDAI;C5D24-M62BZ1;SANTA FE / 2.0 / CRDi 4WD;Koreja. republika;KOR;osebni avtomobil;186;karavan;SANTA FE 
110;1810;6.4;1;LAND ROVER;J3FF2F-D5T2;RANGE ROVER EVOQUE / / COUPE TD4 4WD AUT.;Zdruûeno kraljestvo;GBR;osebni avtomobil;185;kupe;RANGE ROVER EVOQUE 
110;1810;6.4;1;LAND ROVER;J3FF2F-D4T2;RANGE ROVER EVOQUE / / COUPE TD4 4WD AUT.;Zdruûeno kraljestvo;GBR;osebni avtomobil;182;kupe;RANGE ROVER EVOQUE 
110;1330;6.4;0;MAZDA;FW762W0;CX-3 / G150 / AWD;Japonska ;JPN;osebni avtomobil;200;karavan;CX-3 
110;1815;6.4;1;MERCEDES BENZ;U213T0-CZAA150A;E / 200  / d;Nemcija;DEU;osebni avtomobil;217;karavan;E 
110;1640;6.4;1;MERCEDES BENZ;211U00CF0-TDAAA501;E / 220 / CDI AUT.;Nemcija;DEU;osebni avtomobil;214;limuzina;E 
110;1640;6.4;1;MERCEDES BENZ;211.006-U00CF0TDAAA501;MERCEDES BENZ / E / 220 / CDI AUT.;Nemcija;DEU;osebni avtomobil;214;limuzina;MERCEDES BENZ 
110;1610;6.4;1;MERCEDES BENZ;211U00CK0-KFAAA501;E / 220 / CDI;Nemcija;DEU;osebni avtomobil;216;limuzina;E 
110;1610;6.4;1;MERCEDES BENZ;211 53402U;E / 220 / CDI;Nemcija;DEU;osebni avtomobil;215;limuzina;E 
110;1540;6.4;1;MERCEDES BENZ;R00CL0-KCBBA500;C / 220 / CDI;Nemcija;DEU;osebni avtomobil;224;limuzina;C 
110;1746;6.4;1;NISSAN;T31-D01;X-TRAIL / 2.0 / DCI 4x4;Japonska ;JPN;osebni avtomobil;190;vecnamensko vozilo;X-TRAIL 
110;1495;6.4;1;NISSAN;J10-D01;QASHQAI / 2.0 / DCI;Zdruûeno kraljestvo;GBR;osebni avtomobil;194;vecnamensko vozilo;QASHQAI 
110;1278;6.4;0;OPEL;CA042CA12-BK1BAEJTD15;ASTRA / 1.4 / TURBO;Nemcija;DEU;osebni avtomobil;215;vozilo z dviûnimi vrati zadaj;ASTRA 
110;1730;6.4;1;RENAULT;VY5VGN;KOLEOS / 2.0 / DCI 4x4;Francija;FRA;osebni avtomobil;182;karavan;KOLEOS 
110;1600;6.4;1;RENAULT;G;LAGUNA / 2.2 / DCI;Francija;FRA;osebni avtomobil;212;karavan;LAGUNA 
110;1351;6.4;0;RENAULT;R00JE2JS6TB02A5000;CAPTUR / 1.3 / 16 V;Francija;FRA;osebni avtomobil;210;vozilo z dviûnimi vrati zadaj;CAPTUR 
110;1600;6.4;1;SAAB;YS3EE4W-M5 01;9-5 / 1.9;ävedska;SWE;osebni avtomobil;205;limuzina;09-May
110;1835;6.4;1;SEAT;DLTAX0AF-FM6FM6BB0027CPN7VR2SE1CA;ALHAMBRA / 2.0 / TDI;äpanija;ESP;osebni avtomobil;200;vecnamensko vozilo;ALHAMBRA 
110;1355;6.4;0;SEAT;XDPCAX0-FM6SFM62S0324BFVL1A18AC;ATECA / 1.5 / TSI;äpanija;ESP;osebni avtomobil;198;karavan;ATECA 
110;1323;6.4;0;SEAT;XDPCA-FD7SFD7CW0024BI4A1BAD;ARONA / 1.5 / TSI AUT.;äpanija;ESP;osebni avtomobil;210;vozilo z dviûnimi vrati zadaj;ARONA 
110;1294;6.4;0;SEAT;FDADAX0V-FD7SFD7CW0027CPVLO51CA;LEON ST / 1.5 / TSI AUT.;äpanija;ESP;osebni avtomobil;215;karavan;LEON ST 
110;1755;6.4;1;äKODA;ACDFGAX1-NAD7AD7GC0104BF0NS5N1A8A;KODIAQ / 2.0 / TDI 4x4 AUT.;Ceöka republika;CZE;osebni avtomobil;194;karavan;KODIAQ 
110;1725;6.4;1;äKODA;ACDFGAX1-NAM6AM6BB0034BF0NS5N1A8A;KODIAQ / 2.0 / TDI 4x4;Ceöka republika;CZE;osebni avtomobil;197;karavan;KODIAQ 
110;1725;6.4;1;äKODA;ACDFGAX1-NAM6AM6BB0034BF0NS5N1B8A;KODIAQ / 2.0 / TDI 4x4;Ceöka republika;CZE;osebni avtomobil;196;karavan;KODIAQ 
110;1561;6.4;1;äKODA;ACDFFAX1-NAM6AM62Q0017CP164N1C7A;KAROQ / 2.0 / TDI 4x4;Ceöka republika;CZE;osebni avtomobil;196;karavan;KAROQ 
110;1496;6.4;0;äKODA;ACCZDAX1-NAD6AD62E087ST617;YETI / 1.4 / TSI 4x4 AUT.;Ceöka republika;CZE;osebni avtomobil;191;karavan;YETI 
110;1479;6.4;0;äKODA;ACDPCAX0-NFD7FD7CW0024BI15N0D1A2A;KAROQ / 1.5 / TSI AUT.;Ceöka republika;CZE;osebni avtomobil;206;karavan;KAROQ 
110;1477;6.4;0;äKODA;ACDPCAX01-NFM6FM6C90014BFSTN1A6A;SUPERB / COMBI 1.5 / TSI;Ceöka republika;CZE;osebni avtomobil;211;karavan;SUPERB 
110;1468;6.4;0;äKODA;ACDPCAX0-NFD7FD7CW0024BI15N0N1A2A;KAROQ / 1.5 / TSI AUT.;Ceöka republika;CZE;osebni avtomobil;206;karavan;KAROQ 
110;1455;6.4;0;äKODA;AADPCAX01-NFM6FM6C90014BFSTN1C6A;SUPERB / 1.5 / TSI;Ceöka republika;CZE;osebni avtomobil;220;limuzina;SUPERB 
110;1395;6.4;0;äKODA;ACDPCAX0-NFD7FD7CW0024BI15N0N1A2B;KAROQ / 1.5 / TSI AUT.;Ceöka republika;CZE;osebni avtomobil;205;karavan;KAROQ 
110;1380;6.4;0;äKODA;ACDPCAX0-NFM6FM62S0324BF150N1A8A;KAROQ / 1.5 / TSI;Ceöka republika;CZE;osebni avtomobil;203;karavan;KAROQ 
110;1684;6.4;1;SUBARU;BRD-0C0;LEGACY / OUTBACK 2.0 / D AWD;Japonska ;JPN;osebni avtomobil;195;karavan;LEGACY 
110;1675;6.4;1;SUBARU;BRD-050;LEGACY / WAGON 2.0 / D-S AWD;Japonska ;JPN;osebni avtomobil;210;karavan;LEGACY 
110;1675;6.4;1;SUBARU;BRD-050;LEGACY / WAGON 2.0 / D-S AWD;Japonska ;JPN;osebni avtomobil;203;karavan;LEGACY 
110;1665;6.4;1;SUBARU;BRD-0C0;LEGACY / OUTBACK 2.0 / D AWD;Japonska ;JPN;osebni avtomobil;210;karavan;LEGACY 
110;1692;6.4;1;TOYOTA;ADT271L-AWTGXW(1G);AVENSIS / 2.2 / D AUT. WAGON;Zdruûeno kraljestvo;GBR;osebni avtomobil;205;vecnamensko vozilo;AVENSIS 
110;1660;6.4;1;TOYOTA;AUR21L-GWTEXW(1J);VERSO / 2.2 / D AUT.;Turcija;TUR;osebni avtomobil;195;karavan;VERSO 
110;2280;6.4;1;VOLKSWAGEN;SCXHA300X0-NAFM6500816NVR27MMG03L63272;CALIFORNIA BEACH / 2.0 / TDI;Nemcija;DEU;osebni avtomobil;179;karavan;CALIFORNIA BEACH 
110;2180;6.4;1;VOLKSWAGEN;MCXFA308X1-NNAD7BT0117NVR27MMG02L64272;MULTIVAN / 2.0 / TDI 4M AUT.;Nemcija;DEU;osebni avtomobil;178;karavan;MULTIVAN 
110;2101;6.4;1;VOLKSWAGEN;GCXFA300X0-LNFD7BT0116VVR27MMG02L63291;TRANSPORTER / 2.0 / TDI AUT.;Nemcija;DEU;osebni avtomobil;181;vozilo z dostopom za invalidski vozicek;TRANSPORTER 
110;1954;6.4;1;VOLKSWAGEN;GCXFA300X0-LNFD7BT0116VVR27MMG02L63291;TRANSPORTER / 2.0 / TDI AUT.;Nemcija;DEU;osebni avtomobil;181;vecnamensko vozilo;TRANSPORTER 
110;1892;6.4;1;VOLKSWAGEN;GCXFA300X0-NNFD7BT0116NVR27MMG02L63291;TRANSPORTER / 2.0 / TDI AUT.;Nemcija;DEU;osebni avtomobil;181;vecnamensko vozilo;TRANSPORTER 
110;1825;6.4;1;VOLKSWAGEN;ACDFGAX1-AM6AM6BB003N5N4NVR27CP1BSA;TIGUAN / 2.0 / TDI 4M;Nemcija;DEU;osebni avtomobil;201;vozilo za posebne namene;TIGUAN 
110;1806;6.4;1;VOLKSWAGEN;ACDTSBX1-AD7AD7GC010N5T5NVR24BI1BSA0M1GG;TIGUAN / 2.0 / TDI 4M AUT.;Nemcija;DEU;osebni avtomobil;198;karavan;TIGUAN 
110;1800;6.4;1;VOLKSWAGEN;ACDTSBX1-AD7AD7GC010N5T5NVR24BI1BSA0M1GIS;TIGUAN / 2.0 / TDI 4M AUT.;Nemcija;DEU;osebni avtomobil;198;karavan;TIGUAN 
110;1785;6.4;1;VOLKSWAGEN;DLTAX0AC-FM6FM6BB0024BFN5VW1CA;SHARAN / 2.0 / TDI;Nemcija;DEU;osebni avtomobil;200;karavan;SHARAN 
110;1783;6.4;1;VOLKSWAGEN;ACDTSBX1-AD7AD7GC010N5T4NVR24BI1BSA0M1GIS;TIGUAN / 2.0 / TDI 4M AUT.;Nemcija;DEU;osebni avtomobil;198;karavan;TIGUAN 
110;1715;6.4;1;VOLKSWAGEN;ACDTSBX1-AD7AD7GC010N5T4NVR24BI1BSA0M1GG;TIGUAN / 2.0 / TDI 4M AUT.;Nemcija;DEU;osebni avtomobil;198;vozilo za posebne namene;TIGUAN 
110;1703;6.4;0;VOLKSWAGEN;CZDAX0AC-FM6FM6BB0037MMN5VR2VW61;SHARAN / 1.4 / TSI;Nemcija;DEU;osebni avtomobil;200;karavan;SHARAN 
110;1690;6.4;1;VOLKSWAGEN;ACDFGAX1-AM6AM6BB003N5N4NVR27CP1BSA;TIGUAN / 2.0 / TDI 4M;Nemcija;DEU;osebni avtomobil;201;karavan;TIGUAN 
110;1685;6.4;1;VOLKSWAGEN;ACDFGAX1-AM6AM6BB003N5R4NVR24BF1BSAC;TIGUAN / 2.0 / TDI 4M;Nemcija;DEU;osebni avtomobil;201;karavan;TIGUAN 
110;1499;6.4;0;VOLKSWAGEN;ACCZDAX0-FM6FM6BB003NDSTVR27MM61;TIGUAN / 1.4 / TSI;Nemcija;DEU;osebni avtomobil;198;karavan;TIGUAN 
110;1497;6.4;1;VOLKSWAGEN;ACDFSBX0-N0J2FM6FM6BB002N1SBVR24BFLL1AA;CADDY / 2.0 / TDI;Nemcija;DEU;osebni avtomobil;194;karavan;CADDY 
110;1385;6.4;0;VOLKSWAGEN;VACDPCAX0-FD7FD7CW002N4BFON1ML1CVR2A;GOLF / VARIANT 1.5 / TSI AUT.;Nemcija;DEU;osebni avtomobil;218;karavan;GOLF 
110;1376;6.4;1;VOLKSWAGEN;1J;GOLF / 1.9 / TDI;Nemcija;DEU;osebni avtomobil;216;vozilo z dviûnimi vrati zadaj;GOLF 
110;1347;6.4;0;VOLKSWAGEN;DPCAX0AC4-FM6FM6C90014BI1AANN0;T-ROC / 1.5 / TSI;Nemcija;DEU;osebni avtomobil;205;karavan;T-ROC 
110;1340;6.4;0;VOLKSWAGEN;GAC4DADAX0-FD7FD7CW002N7CPON1ML1CVR2NA;GOLF / 1.5 / TSI AUT.;Nemcija;DEU;osebni avtomobil;216;karavan;GOLF 
110;1335;6.4;0;VOLKSWAGEN;GAC4DPCAX0-FD7FD7CW002N4BFON1ML1CVR2NA;GOLF / 1.5 / TSI AUT.;Nemcija;DEU;osebni avtomobil;216;karavan;GOLF 
110;1330;6.4;0;VOLKSWAGEN;DPCAX0AC4-FM6FM62S0324BF1CANN;T-ROC / 1.5 / TSI;Nemcija;DEU;osebni avtomobil;205;karavan;T-ROC 
110;1324;6.4;0;VOLKSWAGEN;DPCAACX05-FD7FD7CW0024BF1AA;T-CROSS / 1.5 / TSI AUT.;Nemcija;DEU;osebni avtomobil;200;karavan;T-CROSS 
110;1755;6.4;1;VOLVO;MC5850;C70 / 2.0 / TD. AUT.;ävedska;SWE;osebni avtomobil;205;kabriolet;C70 
110;1629;6.5;0;AUDI;XDFYAF1-FD7FD7GC008RT21A184BIAHA3EM10B2;Q3 / 1.5 / TFSI AUT.;Nemcija;DEU;osebni avtomobil;206;karavan;Q3 
110;1621;6.5;0;AUDI;SDFYAF1-FD7FD7GC008RT51A184BIAHA3EM10B2;Q3 / SPORTBACK 1.5 / TFSI AUT.;Nemcija;DEU;osebni avtomobil;204;vozilo z dviûnimi vrati zadaj;Q3 
110;1618;6.5;0;AUDI;XDFYAF1-FD7FD7GC008RT21A174BIAHA3EM10B2;Q3 / 1.5 / TFSI AUT.;Nemcija;DEU;osebni avtomobil;206;karavan;Q3 
110;1612;6.5;0;AUDI;SDFYAF1-FD7FD7GC008RT51A174BIAHA3EM10B2;Q3 / SPORTBACK 1.5 / TFSI AUT.;Nemcija;DEU;osebni avtomobil;204;vozilo z dviûnimi vrati zadaj;Q3 
110;1595;6.5;0;AUDI;A2DMSBF1-FD7FD7CK003RT011B18S54BIAEM1BB1;A4 / AVANT 2.0 / TFSI AUT.;Nemcija;DEU;osebni avtomobil;210;karavan;A4 
110;1525;6.5;0;AUDI;SDPCAF1-FM6FM6C9011RT41A174BIAHA2EM1AB0;Q3 / SPORTBACK 1.5 / TFSI;Nemcija;DEU;osebni avtomobil;207;vozilo z dviûnimi vrati zadaj;Q3 
110;1515;6.5;0;AUDI;L2DLVBF1-FD7FD7CK003RT011B16S54BFAEM10;A4 / 2.0 / TFSI AUT.;Nemcija;DEU;osebni avtomobil;210;limuzina;A4 
110;1448;6.5;0;CUPRA;CXDPCAX0-FM6CFM6C90014BI1BAC;FORMENTOR / 1.5 / TSI;äpanija;ESP;osebni avtomobil;204;karavan;FORMENTOR 
110;1385;6.5;0;FORD;DXAJQDA1J-5CGAMB;C-MAX / 1.6 / SCTi Ecoboost 110 M6;Nemcija;DEU;osebni avtomobil;204;vecnamensko vozilo;C-MAX 
110;1774;6.5;1;HONDA;RE62-1;CR-V / 2.2 / i-DTEC;Zdruûeno kraljestvo;GBR;osebni avtomobil;190;vecnamensko vozilo;CR-V 
110;1844;6.5;1;KIA;XMF5D24-M62AZ1;SORENTO / 2.0 / D;Koreja. republika;KOR;osebni avtomobil;182;vecnamensko vozilo;SORENTO 
110;1840;6.5;1;LAND ROVER;S5FF2F-D5T2;RANGE ROVER EVOQUE / / SW TD4 4WD AUT.;Zdruûeno kraljestvo;GBR;osebni avtomobil;182;karavan;RANGE ROVER EVOQUE 
110;1825;6.5;1;LAND ROVER;LVS5FF2F-D5T2;RANGE ROVER EVOQUE / / SW TD4 4WD AUT.;Zdruûeno kraljestvo;GBR;osebni avtomobil;182;karavan;RANGE ROVER EVOQUE 
110;1595;6.5;1;MERCEDES BENZ;T30CL0-TZAAA401;CLK / 220 / CDI  AUT.;Nemcija;DEU;osebni avtomobil;221;kupe;CLK 
110;1565;6.5;1;MERCEDES BENZ;R00CF0-TEBBA500;C / 220 / CDI AUT.;Nemcija;DEU;osebni avtomobil;218;limuzina;C 
110;1540;6.5;1;MERCEDES BENZ;R00CK0-KDBBA510;C / 220 / CDI;Nemcija;DEU;osebni avtomobil;224;limuzina;C 
110;1490;6.5;1;MERCEDES BENZ;R00CF0-TEBBA500;C / 220 / CDI AUT.;Nemcija;DEU;osebni avtomobil;229;limuzina;C 
110;1814;6.5;1;NISSAN;T32GG09;X-TRAIL / 1.7 / DCI 4x4;Japonska ;JPN;osebni avtomobil;194;vecnamensko vozilo;X-TRAIL 
110;1595;6.5;1;NISSAN;J10-D02;QASHQAI+2 / 2.0 / DCI;Zdruûeno kraljestvo;GBR;osebni avtomobil;193;vecnamensko vozilo;QASHQAI+2 
110;1322;6.5;0;OPEL;DA042CA12-BK2BAEJTD15;ASTRA / ST 1.4 / TURBO;Nemcija;DEU;osebni avtomobil;215;karavan;ASTRA 
110;1259;6.5;0;OPEL;CA038CB12-BA1SAHJBM25;CORSA / 1.4 / TURBO;Nemcija;DEU;osebni avtomobil;207;vozilo z dviûnimi vrati zadaj;CORSA 
110;2006;6.5;1;RENAULT;JK1JC6;ESPACE / 2.0 / DCI;Francija;FRA;osebni avtomobil;194;vecnamensko vozilo;ESPACE 
110;1976;6.5;1;RENAULT;JK1JA6;ESPACE / 2.0 / DCI;Francija;FRA;osebni avtomobil;194;vecnamensko vozilo;ESPACE 
110;1565;6.5;1;RENAULT;BGRF06;LAGUNA / 2.2;Francija;FRA;osebni avtomobil;215;karavan;LAGUNA 
110;1565;6.5;1;RENAULT;BGRF06;LAGUNA / 2.2 / DCI;Francija;FRA;osebni avtomobil;215;vozilo z dviûnimi vrati zadaj;LAGUNA 
110;1535;6.5;1;RENAULT;BG1FB6;LAGUNA / 2.2 / DCI;Francija;FRA;osebni avtomobil;215;vozilo z dviûnimi vrati zadaj;LAGUNA 
110;1370;6.5;0;RENAULT;R00JE2JSATB03A5000;CAPTUR / 1.3 / 16 V AUT.;Francija;FRA;osebni avtomobil;210;vozilo z dviûnimi vrati zadaj;CAPTUR 
110;1370;6.5;0;RENAULT;R00JE2JSATB09A5000;CAPTUR / 1.3 / 16 V AUT.;Francija;FRA;osebni avtomobil;192;vozilo z dviûnimi vrati zadaj;CAPTUR 
110;1755;6.5;0;SEAT;CZDAX0AF-FM6FM6BB0037MMN7VR2SE61;ALHAMBRA / 1.4 / TSI;äpanija;ESP;osebni avtomobil;200;vecnamensko vozilo;ALHAMBRA 
110;1578;6.5;1;SEAT;XDFFAX1-AD7SAD7GC0057CPML1C19A;ATECA / 2.0 / TDI 4WD AUT.;äpanija;ESP;osebni avtomobil;196;karavan;ATECA 
110;1476;6.5;0;SEAT;XCZEAX1-AD6SAD6D90177MMML64;ATECA / 1.4 / TSI 4WD AUT.;äpanija;ESP;osebni avtomobil;189;karavan;ATECA 
110;1355;6.5;0;SEAT;XDPCAX0-FM6SFM62S0324BFVL1A18AC;ATECA / 1.5 / TSI;äpanija;ESP;osebni avtomobil;198;karavan;ATECA 
110;1258;6.5;0;SEAT;BDPCAX0V-FD7SFD7CW0024BFVLO51EA;LEON / 1.5 / TSI AUT.;äpanija;ESP;osebni avtomobil;215;karavan;LEON 
110;1798;6.5;1;äKODA;ACDFGAX1-NAD7AD7GC0104BF5NS7N1A8A;KODIAQ / 2.0 / TDI 4x4 AUT.;Ceöka republika;CZE;osebni avtomobil;193;karavan;KODIAQ 
110;1755;6.5;1;äKODA;ACDFGAX1-NAD7AD7GC0104BF0GS5N1A8A;KODIAQ / 2.0 / TDI 4x4 AUT.;Ceöka republika;CZE;osebni avtomobil;194;karavan;KODIAQ 
110;1725;6.5;1;äKODA;ACDFGAX1-NAM6AM6BB0037CP0NS5N1C7A;KODIAQ / 2.0 / TDI 4x4;Ceöka republika;CZE;osebni avtomobil;197;karavan;KODIAQ 
110;1591;6.5;1;äKODA;ACDFFAX1-NAD7AD7GC0057CP163N1C7A;KAROQ / 2.0 / TDI 4x4 AUT.;Ceöka republika;CZE;osebni avtomobil;195;karavan;KAROQ 
110;1591;6.5;1;äKODA;ACDFFAX1-NAD7AD7GC0054BF163N1C7A;KAROQ / 2.0 / TDI 4x4 AUT.;Ceöka republika;CZE;osebni avtomobil;193;karavan;KAROQ 
110;1581;6.5;0;äKODA;ACDPCAX0-NFM6FM6C90114BI0NS5N1A7A;KODIAQ / 1.5 / TSI;Ceöka republika;CZE;osebni avtomobil;203;karavan;KODIAQ 
110;1561;6.5;1;äKODA;ACDFFAX1-NAM6AM62Q0017CP165S1C7A;KAROQ / 2.0 / TDI 4x4;Ceöka republika;CZE;osebni avtomobil;196;karavan;KAROQ 
110;1474;6.5;0;äKODA;ACDADAX01-NFM6FM62S0327CPV2N1C7B;SUPERB / COMBI 1.5 / TSI;Ceöka republika;CZE;osebni avtomobil;210;karavan;SUPERB 
110;1470;6.5;0;äKODA;ACDPCAX0-NFD7FD7CW0024BI16N0C1B2B;KAROQ / 1.5 / TSI AUT.;Ceöka republika;CZE;osebni avtomobil;206;karavan;KAROQ 
110;1455;6.5;0;äKODA;AADPCAX01-NFM6FM6C90014BFSTN1B8A;SUPERB / 1.5 / TSI;Ceöka republika;CZE;osebni avtomobil;220;limuzina;SUPERB 
110;1448;6.5;0;äKODA;ACDPCAX0-NFM6FM6C90014BI16N0C1B2B;KAROQ / 1.5 / TSI;Ceöka republika;CZE;osebni avtomobil;207;karavan;KAROQ 
110;1446;6.5;0;äKODA;ACDPCAX0-NFD7FD7CW0024BI16N0C1B7B;KAROQ / 1.5 / TSI AUT.;Ceöka republika;CZE;osebni avtomobil;206;karavan;KAROQ 
110;1395;6.5;0;äKODA;ACDPCAX0-NFD7FD7CW0024BI15N0N1A2B;KAROQ / 1.5 / TSI AUT.;Ceöka republika;CZE;osebni avtomobil;205;karavan;KAROQ 
110;1387;6.5;0;äKODA;ACDPCAX0-NFD7FD7CW0024BI16N0N1B7B;KAROQ / 1.5 / TSI AUT.;Ceöka republika;CZE;osebni avtomobil;206;karavan;KAROQ 
110;1380;6.5;0;äKODA;ACDPCAX0-NFM6FM62S0324BF150N1A8A;KAROQ / 1.5 / TSI;Ceöka republika;CZE;osebni avtomobil;203;karavan;KAROQ 
110;1317;6.5;0;äKODA;ACDADAX0-NFD7FD7CW0027CPSTVLN1C7B;OCTAVIA / COMBI 1.5 / TSI AUT.;Ceöka republika;CZE;osebni avtomobil;214;karavan;OCTAVIA 
110;1277;6.5;0;äKODA;ABCDPCAX0-NFD7FD7CW0024BFSTN3N1B8A;KAMIQ / 1.5 / TSI AUT.;Ceöka republika;CZE;osebni avtomobil;212;vozilo z dviûnimi vrati zadaj;KAMIQ 
110;1600;6.5;0;SUBARU;SJ5-530;FORESTER / 2.0 / i-L AWD CVT;Japonska ;JPN;osebni avtomobil;192;karavan;FORESTER 
110;1490;6.5;0;SUBARU;GX7-5G0;SUBARU XV / 2.0 / iE CVT AWD SR;Japonska ;JPN;osebni avtomobil;187;karavan;SUBARU XV 
110;1455;6.5;0;SUBARU;GX7-5C0;SUBARU XV / 2.0 / iE CVT AWD S;Japonska ;JPN;osebni avtomobil;187;karavan;SUBARU XV 
110;1725;6.5;1;TOYOTA;ADT271L-AWTGXW(2H);AVENSIS / 2.2 / D AUT. WAGON;Zdruûeno kraljestvo;GBR;osebni avtomobil;205;vecnamensko vozilo;AVENSIS 
110;2520;6.5;1;VOLKSWAGEN;GCXHA300X1-LNAM6500916NVR27MMG02L63281;TRANSPORTER / 2.0 / TDI 4M;Nemcija;DEU;osebni avtomobil;179;vozilo za posebne namene;TRANSPORTER 
110;2438;6.5;1;VOLKSWAGEN;SCXFA308X1-NAAD7BT0117NVR27MMG03L64272;CALIFORNIA BEACH / 2.0 / TDI 4M AUT.;Nemcija;DEU;osebni avtomobil;175;karavan;CALIFORNIA BEACH 
110;2308;6.5;1;VOLKSWAGEN;MCXFA300X0-NNFD7BT0116NVR27MMG02L63272;MULTIVAN / 2.0 / TDI AUT.;Nemcija;DEU;osebni avtomobil;181;vozilo z dostopom za invalidski vozicek;MULTIVAN 
110;2250;6.5;1;VOLKSWAGEN;GCXHA320X1-LNAM6500916NVR27MMG02L65391;TRANSPORTER / 2.0 / TDI 4M;Nemcija;DEU;osebni avtomobil;179;vozilo za posebne namene;TRANSPORTER 
110;2052;6.5;1;VOLKSWAGEN;GCXHA308X1-LNAM6500916VVR27MMG02L63281;TRANSPORTER / 2.0 / TDI 4M;Nemcija;DEU;osebni avtomobil;179;vecnamensko vozilo;TRANSPORTER 
110;2052;6.5;1;VOLKSWAGEN;GCXHA320X1-LNAM6500916NVR27MMG02L65391;CARAVELLE / 2.0 / TDI 4M;Nemcija;DEU;osebni avtomobil;179;vecnamensko vozilo;CARAVELLE 
110;2047;6.5;1;VOLKSWAGEN;MCXFA300X0-NNFD7BT0116NVR27MMG02L63272;MULTIVAN / 2.0 / TDI AUT.;Nemcija;DEU;osebni avtomobil;181;karavan;MULTIVAN 
110;1990;6.5;1;VOLKSWAGEN;GCXHA308X1-NNAM6500916NVR27MMG02L63291;TRANSPORTER / 2.0 / TDI 4M;Nemcija;DEU;osebni avtomobil;179;vecnamensko vozilo;TRANSPORTER 
110;1835;6.5;1;VOLKSWAGEN;DLTAX0AF-FM6FM6BB0027CPN7VR2VW1CA;SHARAN / 2.0 / TDI;Nemcija;DEU;osebni avtomobil;200;vecnamensko vozilo;SHARAN 
110;1806;6.5;1;VOLKSWAGEN;ACDTSBX1-AD7AD7GC010N5T5NVR24BI1BSA0M1GIS;TIGUAN / 2.0 / TDI 4M AUT.;Nemcija;DEU;osebni avtomobil;198;karavan;TIGUAN 
110;1755;6.5;0;VOLKSWAGEN;CZDAX0AF-FM6FM6BB0037MMN7VR2VW61;SHARAN / 1.4 / TSI;Nemcija;DEU;osebni avtomobil;200;vecnamensko vozilo;SHARAN 
110;1715;6.5;1;VOLKSWAGEN;ACDTSBX1-AD7AD7GC010N5T5NVR24BI1BSA0M1GG;TIGUAN / 2.0 / TDI 4M AUT.;Nemcija;DEU;osebni avtomobil;198;karavan;TIGUAN 
110;1690;6.5;1;VOLKSWAGEN;ACDFGAX1-AM6AM6BB003N5N4NVR27CP1BSA;TIGUAN / 2.0 / TDI 4M;Nemcija;DEU;osebni avtomobil;201;vozilo za posebne namene;TIGUAN 
110;1690;6.5;1;VOLKSWAGEN;ACDFGAX1-AM6AM6BB003N5N5NVR27CP1BSA;TIGUAN / 2.0 / TDI 4M;Nemcija;DEU;osebni avtomobil;201;karavan;TIGUAN 
110;1685;6.5;1;VOLKSWAGEN;ACDFGAX1-AM6AM6BB003N5N5NVR24BF1BSA;TIGUAN / 2.0 / TDI 4M;Nemcija;DEU;osebni avtomobil;201;karavan;TIGUAN 
110;1574;6.5;0;VOLKSWAGEN;DPCAAC-FM6FM6C90014BIS50VR21AAB;TOURAN / 1.5 / TSI;Nemcija;DEU;osebni avtomobil;209;karavan;TOURAN 
110;1555;6.5;0;VOLKSWAGEN;DPCAAC-FM6FM6C90014BIS50VR21BAIM;TOURAN / 1.5 / TSI;Nemcija;DEU;osebni avtomobil;209;karavan;TOURAN 
110;1553;6.5;0;VOLKSWAGEN;DPCAAC-FM6FM6C90014BIS50VR21BAI0;TOURAN / 1.5 / TSI;Nemcija;DEU;osebni avtomobil;209;karavan;TOURAN 
110;1550;6.5;0;VOLKSWAGEN;DADAAF-FD7FD7CW0027CPS71VR21CA;TOURAN / 1.5 / TSI AUT.;Nemcija;DEU;osebni avtomobil;209;vecnamensko vozilo;TOURAN 
110;1515;6.5;0;VOLKSWAGEN;DPCAAC-FD7FD7CW0024BIS50VR21AAI0;TOURAN / 1.5 / TSI AUT.;Nemcija;DEU;osebni avtomobil;209;karavan;TOURAN 
110;1500;6.5;0;VOLKSWAGEN;DPCAAC-FM6FM6C90014BIS50VR21AAD;TOURAN / 1.5 / TSI;Nemcija;DEU;osebni avtomobil;209;karavan;TOURAN 
110;1479;6.5;0;VOLKSWAGEN;ACDPCAX0-FD7FD7CW002SV4BIVR21AAAG;PASSAT / VARIANT 1.5 / TSI AUT.;Nemcija;DEU;osebni avtomobil;214;karavan;PASSAT 
110;1435;6.5;0;VOLKSWAGEN;AADPCAX0-FD7FD7CW002SV4BFVR21BA;PASSAT / 1.5 / TSI AUT.;Nemcija;DEU;osebni avtomobil;220;limuzina;PASSAT 
110;1420;6.5;0;VOLKSWAGEN;SACDPCAX0-FD7FD7CW002N4BFON1ML1BVR2B;GOLF / SPORTSVAN 1.5 / TSI AUT.;Nemcija;DEU;osebni avtomobil;212;karavan;GOLF 
110;1413;6.5;0;VOLKSWAGEN;DPCAX0AC4-FD7FD7CW0024BI1AANN00;T-ROC / 1.5 / TSI AUT.;Nemcija;DEU;osebni avtomobil;205;karavan;T-ROC 
110;1399;6.5;0;VOLKSWAGEN;DPCAX0AC4-FD7FD7CW0024BI1AANN0G;T-ROC / 1.5 / TSI AUT.;Nemcija;DEU;osebni avtomobil;205;karavan;T-ROC 
110;1395;6.5;0;VOLKSWAGEN;VACDADAX0-FD7FD7CW002N7CPON1ML1CVR2B;GOLF / VARIANT 1.5 / TSI AUT.;Nemcija;DEU;osebni avtomobil;218;karavan;GOLF 
110;1385;6.5;0;VOLKSWAGEN;VACDPCAX0-FD7FD7CW002N4BFON1ML1CVR2A;GOLF / VARIANT 1.5 / TSI AUT.;Nemcija;DEU;osebni avtomobil;218;karavan;GOLF 
110;1350;6.5;0;VOLKSWAGEN;DPCAX0AC40-FD7FD7CW0024BF1AANN;T-ROC / 1.5 / TSI AUT.;Nemcija;DEU;osebni avtomobil;205;karavan;T-ROC 
110;1340;6.5;0;VOLKSWAGEN;GAC4DADAX0-FD7FD7CW002N7CPON1ML1CVR2NB;GOLF / 1.5 / TSI AUT.;Nemcija;DEU;osebni avtomobil;216;karavan;GOLF 
110;1335;6.5;0;VOLKSWAGEN;GAC4DPCAX0-FD7FD7CW002N4BFON1ML1CVR2NB;GOLF / 1.5 / TSI AUT.;Nemcija;DEU;osebni avtomobil;216;karavan;GOLF 
110;1330;6.5;0;VOLKSWAGEN;DPCAX0AC40-FM6FM62S0324BF1CANN;T-ROC / 1.5 / TSI;Nemcija;DEU;osebni avtomobil;205;karavan;T-ROC 
110;1330;6.5;0;VOLKSWAGEN;DPCAACX04-FD7FD7CW0024BF1AA;T-CROSS / 1.5 / TSI AUT.;Nemcija;DEU;osebni avtomobil;200;karavan;T-CROSS 
110;1324;6.5;0;VOLKSWAGEN;DPCAACX05-FD7FD7CW0024BF1AA;T-CROSS / 1.5 / TSI AUT.;Nemcija;DEU;osebni avtomobil;200;karavan;T-CROSS 
110;1460;6.6;1;ALFA ROMEO;932AXC00-50B;156 / 2.4 / JTD;Italija;ITA;osebni avtomobil;212;limuzina;156
110;1385;6.6;1;ALFA ROMEO;932AXC0050;156 / 2.4 / JTD;Italija;ITA;osebni avtomobil;212;limuzina;156
110;1639;6.6;0;AUDI;SDFYAF1-FD7FD7GC008RT51A174BIAHA4EM10B2;Q3 / SPORTBACK 1.5 / TFSI AUT.;Nemcija;DEU;osebni avtomobil;204;vozilo z dviûnimi vrati zadaj;Q3 
110;1629;6.6;0;AUDI;SDFYAF1-FD7FD7GC008RT51A184BIAHA3EM10B2;Q3 / SPORTBACK 1.5 / TFSI AUT.;Nemcija;DEU;osebni avtomobil;204;vozilo z dviûnimi vrati zadaj;Q3 
110;1535;6.6;0;AUDI;XDPCAF1-FM6FM62Q036RT11A174BFAHA1EM1BB0;Q3 / 1.5 / TFSI;Nemcija;DEU;osebni avtomobil;204;karavan;Q3 
110;1535;6.6;0;AUDI;SDPCAF1-FM6FM62Q036RT41A174BFAHA2EM1AB0;Q3 / SPORTBACK 1.5 / TFSI;Nemcija;DEU;osebni avtomobil;204;vozilo z dviûnimi vrati zadaj;Q3 
110;1515;6.6;0;AUDI;L2DLVBF1-FD7FD7CK003RT011B17S54BFAEM10;A4 / 2.0 / TFSI AUT.;Nemcija;DEU;osebni avtomobil;210;limuzina;A4 
110;1365;6.6;0;AUDI;XDADAF1-FD7FD7CW002RT11B177CPAEM1HA0;Q2 / 1.5 / TFSI AUT.;Nemcija;DEU;osebni avtomobil;212;karavan;Q2 
110;1350;6.6;0;FIAT;198AXF1B05E;BRAVO / 1.4 / 16V;Italija;ITA;osebni avtomobil;212;vecnamensko vozilo;BRAVO 
110;1905;6.6;1;FORD;WA6-YMCB1JX-7KEAZNADXF1;S-MAX 2.0 / ECOBLUE 110.3 A8;Nemcija;DEU;osebni avtomobil;196;karavan;S-MAX 2.0 
110;1580;6.6;0;FORD;DM2JQMA1A-5UNAPC;KUGA / 1.6 / SCTi Ecoboost 110 M6 4x2 S;Nemcija;DEU;osebni avtomobil;195;vecnamensko vozilo;KUGA 
110;1385;6.6;0;FORD;DXAJQDA1J-5CGAMB;C-MAX / 1.6 / SCTi Ecoboost 110 M6;Nemcija;DEU;osebni avtomobil;204;vecnamensko vozilo;C-MAX 
110;1802;6.6;1;HONDA;RE63-3;CR-V / 2.2 / i-DTEC / AUT.;Zdruûeno kraljestvo;GBR;osebni avtomobil;190;vecnamensko vozilo;CR-V 
110;1797;6.6;1;HONDA;CW32-10;ACCORD TOURER / 2.2 / i-DTEC / AUT.;Japonska ;JPN;osebni avtomobil;202;vecnamensko vozilo;ACCORD TOURER 
110;1788;6.6;1;HONDA;CW32-8;ACCORD TOURER / 2.2 / i-DTEC / AUT.;Japonska ;JPN;osebni avtomobil;202;vecnamensko vozilo;ACCORD TOURER 
110;1610;6.6;1;MERCEDES BENZ;U00CL0-KCAAA501;E / 220 / CDI;Nemcija;DEU;osebni avtomobil;216;limuzina;E 
110;1570;6.6;1;MERCEDES BENZ;R20CF0-KDAAA501;C / 220 T / CDI;Nemcija;DEU;osebni avtomobil;218;karavan;C 
110;1570;6.6;1;MERCEDES BENZ;203KR20CF0-KDAAA50;C / 220 T / CDI;Nemcija;DEU;osebni avtomobil;214;karavan;C 
110;1565;6.6;1;MERCEDES BENZ;203R00CF0-TCBBA510;C / 220 / CDI AUT.;Nemcija;DEU;osebni avtomobil;218;limuzina;C 
110;1515;6.6;1;MERCEDES BENZ;MB203CLR80CL0-KCBCA40;C / 220 / CDI;Nemcija;DEU;osebni avtomobil;224;limuzina;C 
110;1578;6.6;1;NISSAN;J10-D01;QASHQAI / 2.0 / DCI;Zdruûeno kraljestvo;GBR;osebni avtomobil;191;vecnamensko vozilo;QASHQAI 
110;1259;6.6;0;OPEL;CA038CB12-BA1SAHJBM25;CORSA / 1.4 / TURBO;Nemcija;DEU;osebni avtomobil;207;vozilo z dviûnimi vrati zadaj;CORSA 
110;1730;6.6;1;RENAULT;VY0K0N;KOLEOS / 2.0 / DCI 4x4;Francija;FRA;osebni avtomobil;182;karavan;KOLEOS 
110;1724;6.6;1;RENAULT;VY0AX6;KOLEOS / 2.0 / DCI 4x2;Francija;FRA;osebni avtomobil;183;karavan;KOLEOS 
110;1600;6.6;1;RENAULT;KGRF06;LAGUNA / GRANDTOUR 2.2;Francija;FRA;osebni avtomobil;212;karavan;LAGUNA 
110;1570;6.6;1;RENAULT;KG1FB6;LAGUNA / GRANDTOUR / 2.2  DCI;Francija;FRA;osebni avtomobil;212;karavan;LAGUNA 
110;1524;6.6;1;RENAULT;KZ0Y0E;MEGANE / GRANDTOUR 2.0 / DCI AUT.;Francija;FRA;osebni avtomobil;210;karavan;MEGANE 
110;1484;6.6;1;RENAULT;BZ0Y0E;MEGANE / 2.0 / DCI AUT.;Francija;FRA;osebni avtomobil;210;vozilo z dviûnimi vrati zadaj;MEGANE 
110;1578;6.6;1;SEAT;XDFFAX1-AD7FAD7GC0054BFML1C19A;ATECA / 2.0 / TDI 4WD AUT.;äpanija;ESP;osebni avtomobil;196;karavan;ATECA 
110;1466;6.6;0;SEAT;SXDPCAX0-FD7SFD7CW0024BIVL1A18AD;ATECA / 1.5 / TSI AUT.;äpanija;ESP;osebni avtomobil;202;karavan;ATECA 
110;1370;6.6;0;SEAT;XDPCAX0-FD7SFD7CW0024BFVL1A18AC;ATECA / 1.5 / TSI AUT.;äpanija;ESP;osebni avtomobil;198;karavan;ATECA 
110;1355;6.6;0;SEAT;XDPCAX0-FM6SFM62S0324BFVL1C18A;ATECA / 1.5 / TSI;äpanija;ESP;osebni avtomobil;198;karavan;ATECA 
110;1294;6.6;0;SEAT;FDADAX0V-FD7SFD7CW0027CPVLO51EB;LEON ST / 1.5 / TSI AUT.;äpanija;ESP;osebni avtomobil;215;karavan;LEON ST 
110;1768;6.6;1;äKODA;ACDFGAX1-NAM6AM6BB0037CP5NS7N1C7A;KODIAQ / 2.0 / TDI 4x4;Ceöka republika;CZE;osebni avtomobil;196;karavan;KODIAQ 
110;1755;6.6;1;äKODA;ACDFGAX1-NAD7AD7GC0104BF0NS5V1B8A;KODIAQ / 2.0 / TDI 4x4 AUT.;Ceöka republika;CZE;osebni avtomobil;194;karavan;KODIAQ 
110;1725;6.6;1;äKODA;ACDFGAX1-NAM6AM6BB0037CP0NS5N1C7A;KODIAQ / 2.0 / TDI 4x4;Ceöka republika;CZE;osebni avtomobil;197;karavan;KODIAQ 
110;1605;6.6;0;äKODA;ACDPCAX0-NFM6FM6C90114BI0NS5N1A7A;KODIAQ / 1.5 / TSI;Ceöka republika;CZE;osebni avtomobil;203;karavan;KODIAQ 
110;1591;6.6;1;äKODA;ACDFFAX1-NAD7AD7GC0057CP165N1C7A;KAROQ / 2.0 / TDI 4x4 AUT.;Ceöka republika;CZE;osebni avtomobil;195;karavan;KAROQ 
110;1591;6.6;1;äKODA;ACDFFAX1-NAD7AD7GC0054BF164N1C8A;KAROQ / 2.0 / TDI 4x4 AUT.;Ceöka republika;CZE;osebni avtomobil;193;karavan;KAROQ 
110;1474;6.6;0;äKODA;ACDADAX01-NFM6FM62S0327CPSTN1C7B;SUPERB / COMBI 1.5 / TSI;Ceöka republika;CZE;osebni avtomobil;210;karavan;SUPERB 
110;1455;6.6;0;äKODA;AADPCAX01-NFM6FM6C90014BFSTN1C8A;SUPERB / 1.5 / TSI;Ceöka republika;CZE;osebni avtomobil;220;limuzina;SUPERB 
110;1395;6.6;0;äKODA;ACDPCAX0-NFD7FD7CW0024BI16N0N1B2B;KAROQ / 1.5 / TSI AUT.;Ceöka republika;CZE;osebni avtomobil;205;karavan;KAROQ 
110;1395;6.6;0;äKODA;ACDPCAX0-NFD7FD7CW0024BF150N1A8A;KAROQ / 1.5 / TSI AUT.;Ceöka republika;CZE;osebni avtomobil;204;karavan;KAROQ 
110;1380;6.6;0;äKODA;ACDPCAX0-NFM6FM62S0324BF150N1C8A;KAROQ / 1.5 / TSI;Ceöka republika;CZE;osebni avtomobil;203;karavan;KAROQ 
110;1610;6.6;0;SUBARU;SJ5-5C0;FORESTER / 2.0 / I-L AWD CVT;Japonska ;JPN;osebni avtomobil;192;karavan;FORESTER 
110;1680;6.6;1;TOYOTA;ADT271L-AWTGXW(1D);AVENSIS / 2.2 / D AUT. WAGON;Zdruûeno kraljestvo;GBR;osebni avtomobil;205;vecnamensko vozilo;AVENSIS 
110;1635;6.6;1;TOYOTA;ADT271L-AWTGXW(1B);AVENSIS / 2.2 / D AUT. WAGON;Zdruûeno kraljestvo;GBR;osebni avtomobil;205;karavan;AVENSIS 
110;2470;6.6;1;VOLKSWAGEN;GCXHA320X1-LNAM6500916NVR27MMG02L65391;TRANSPORTER / 2.0 / TDI 4M;Nemcija;DEU;osebni avtomobil;179;vozilo za posebne namene;TRANSPORTER 
110;2140;6.6;1;VOLKSWAGEN;MCXFA308X0-LNFD7BT0117NVR27MMG02L64282;MULTIVAN / 2.0 / TDI AUT.;Nemcija;DEU;osebni avtomobil;181;karavan;MULTIVAN 
110;2063;6.6;1;VOLKSWAGEN;MCXFA300X0-NNFM6500816TVR27MMG02E73172;MULTIVAN / 2.0 / TDI;Nemcija;DEU;osebni avtomobil;182;karavan;MULTIVAN 
110;2052;6.6;1;VOLKSWAGEN;GCXHA320X1-LNAM6500916NVR27MMG02L65391;TRANSPORTER / 2.0 / TDI 4M;Nemcija;DEU;osebni avtomobil;179;vecnamensko vozilo;TRANSPORTER 
110;1930;6.6;1;VOLKSWAGEN;GCXHA300X0-LNFM6500816NVR27MMG02L63291;TRANSPORTER / 2.0 / TDI;Nemcija;DEU;osebni avtomobil;182;vecnamensko vozilo;TRANSPORTER 
110;1868;6.6;1;VOLKSWAGEN;GCXHA280X0-NNFM6500816NVR27MMG02L63281;TRANSPORTER / 2.0 / TDI;Nemcija;DEU;osebni avtomobil;182;vecnamensko vozilo;TRANSPORTER 
110;1820;6.6;1;VOLKSWAGEN;ACDTSBX1-AD7AD7GC010N5N5NVR24BI1CSB0M1GIS;TIGUAN / 2.0 / TDI 4M AUT.;Nemcija;DEU;osebni avtomobil;198;karavan;TIGUAN 
110;1793;6.6;1;VOLKSWAGEN;ACDTSBX1-AD7AD7GC010L5T5NVR24BI1BSB0M1;TIGUAN / 2.0 / TDI 4M AUT.;Nemcija;DEU;osebni avtomobil;198;karavan;TIGUAN 
110;1774;6.6;1;VOLKSWAGEN;ACDTSBX1-AD7AD7GC010N5N4TVR24BI1CSB0M1G;TIGUAN / 2.0 / TDI 4M AUT.;Nemcija;DEU;osebni avtomobil;198;karavan;TIGUAN 
110;1717;6.6;0;VOLKSWAGEN;CZDAX0AC-FD6FD62E0277MMN5VR2VW61;SHARAN / 1.4 / TSI AUT.;Nemcija;DEU;osebni avtomobil;198;karavan;SHARAN 
110;1715;6.6;1;VOLKSWAGEN;ACDFGAX1-AD7AD7GC010N5R4NVR24BF1BSAC;TIGUAN / 2.0 / TDI 4M AUT.;Nemcija;DEU;osebni avtomobil;200;karavan;TIGUAN 
110;1690;6.6;1;VOLKSWAGEN;ACDFGAX1-AM6AM6BB003N5R4NVR27CP1CSA;TIGUAN / 2.0 / TDI 4M;Nemcija;DEU;osebni avtomobil;201;karavan;TIGUAN 
110;1685;6.6;1;VOLKSWAGEN;ACDFGAX1-AM6AM6BB003N5R4TVR24BF1CSA;TIGUAN / 2.0 / TDI 4M;Nemcija;DEU;osebni avtomobil;201;karavan;TIGUAN 
110;1614;6.6;0;VOLKSWAGEN;DPCAAF-FD7FD7CW0024BIS72VR21BAI0;TOURAN / 1.5 / TSI AUT.;Nemcija;DEU;osebni avtomobil;209;vecnamensko vozilo;TOURAN 
110;1601;6.6;0;VOLKSWAGEN;DPCAAF-FM6FM6C90014BIS72VR21BAB;TOURAN / 1.5 / TSI;Nemcija;DEU;osebni avtomobil;209;vecnamensko vozilo;TOURAN 
110;1595;6.6;0;VOLKSWAGEN;DPCAAF-FM6FM6C90014BIS72VR21BAI0;TOURAN / 1.5 / TSI;Nemcija;DEU;osebni avtomobil;209;vecnamensko vozilo;TOURAN 
110;1558;6.6;0;VOLKSWAGEN;ACDPCAX0-FM6FM6C9011N5N2TVR24BI1ASA0M1IS;TIGUAN / 1.5 / TSI;Nemcija;DEU;osebni avtomobil;203;karavan;TIGUAN 
110;1557;6.6;1;VOLKSWAGEN;AFDFSBX0-L0J2FM6FM6BB002N1SBVR27CSLL1BA;CADDY MAXI / 2.0 / TDI;Nemcija;DEU;osebni avtomobil;194;vecnamensko vozilo;CADDY MAXI 
110;1530;6.6;1;VOLKSWAGEN;DFFAX1AC4-AD7AD7GC0054BF1CB;T-ROC / 2.0 / TDI 4M AUT.;Nemcija;DEU;osebni avtomobil;200;karavan;T-ROC 
110;1470;6.6;0;VOLKSWAGEN;ACDPCAX0-FD7FD7CW002SV4BFVR21AA;PASSAT / VARIANT 1.5 / TSI AUT.;Nemcija;DEU;osebni avtomobil;214;karavan;PASSAT 
110;1456;6.6;0;VOLKSWAGEN;DPCAX0AC4-FD7FD7CW0024BI1AANN00;T-ROC / 1.5 / TSI AUT.;Nemcija;DEU;osebni avtomobil;205;karavan;T-ROC 
110;1435;6.6;0;VOLKSWAGEN;AADPCAX0-FD7FD7CW002SV4BFVR21CA;PASSAT / 1.5 / TSI AUT.;Nemcija;DEU;osebni avtomobil;220;limuzina;PASSAT 
110;1350;6.6;0;VOLKSWAGEN;DPCAX0AC4-FD7FD7CW0024BF1AANN0;T-ROC / 1.5 / TSI AUT.;Nemcija;DEU;osebni avtomobil;205;karavan;T-ROC 
110;1330;6.6;0;VOLKSWAGEN;DADAX0AC4-FM6FM62S0327CP1CA;T-ROC / 1.5 / TSI;Nemcija;DEU;osebni avtomobil;205;karavan;T-ROC 
110;1540;6.7;1;ALFA ROMEO;932BX;156 / SW 2.4 / JTD;Italija;ITA;osebni avtomobil;218;karavan;156
110;1510;6.7;1;ALFA ROMEO;932BXC00-51;156 / SW 2.4 / JTD;Italija;ITA;osebni avtomobil;212;karavan;156
110;1440;6.7;1;ALFA ROMEO;937CXN1B24;GT / 1.9 / JTD 16V;Italija;ITA;osebni avtomobil;209;kupe;GT 
110;1700;6.7;1;AUDI;XDFGAQ1-QM6AM6BB003RT21B174BFAHA4EM1BD0;Q3 / 2.0 / TDI Q;Nemcija;DEU;osebni avtomobil;211;karavan;Q3 
110;1675;6.7;1;AUDI;LAFBF1;A6 / 2.5 / TDI AUT.;Nemcija;DEU;osebni avtomobil;210;limuzina;A6 
110;1639;6.7;0;AUDI;XDFYAF1-FD7FD7GC008RT21A184BIAHA4EM10B2;Q3 / 1.5 / TFSI AUT.;Nemcija;DEU;osebni avtomobil;206;karavan;Q3 
110;1605;6.7;0;AUDI;XDFYAF1-FD7FD7GC008RT21B174BFAHA3EM1AB2;Q3 / 1.5 / TFSI AUT.;Nemcija;DEU;osebni avtomobil;205;karavan;Q3 
110;1558;6.7;0;AUDI;XDPCAF1-FM6FM62Q036RT21B184BFAHA2EM1B;Q3 / 1.5 / TFSI;Nemcija;DEU;osebni avtomobil;204;karavan;Q3 
110;1535;6.7;0;AUDI;XDPCAF1-FM6FM62Q036RT21B184BFAHA1EM1B;Q3 / 1.5 / TFSI;Nemcija;DEU;osebni avtomobil;204;karavan;Q3 
110;1515;6.7;0;AUDI;L2DLVBF1-FD7FD7CK003RT011B17S54BFAEM1C;A4 / 2.0 / TFSI AUT.;Nemcija;DEU;osebni avtomobil;210;limuzina;A4 
110;1365;6.7;0;AUDI;XDADAF1-FD7FD7CW002RT11B177CPAEM1HA0;Q2 / 1.5 / TFSI AUT.;Nemcija;DEU;osebni avtomobil;212;karavan;Q2 
110;1345;6.7;0;AUDI;SDADAF1-FD7FD7CW002RT11C177CPBEM1;A3 / 1.5 / TFSI AUT.;Nemcija;DEU;osebni avtomobil;220;vozilo z dviûnimi vrati zadaj;A3 
110;1505;6.7;1;BMW;VC31-14;320 / / d AUT.;Nemcija;DEU;osebni avtomobil;220;limuzina;320
110;1505;6.7;1;BMW;346L;320 / D;Nemcija;DEU;osebni avtomobil;213;limuzina;320
110;1530;6.7;1;CHEVROLET;JNC11-DF5;CRUZE / 2.0 / DT 16V AUT.;Koreja. republika;KOR;osebni avtomobil;200;limuzina;CRUZE 
110;1585;6.7;1;CHRYSLER;PTEN8U-L4;PT CRUISER / 2.2 / TD;Zdruûene drûave;USA;osebni avtomobil;183;vozilo z dviûnimi vrati zadaj;PT CRUISER 
110;1585;6.7;1;CHRYSLER;PT-EN8U-L4;PT / CRUISER / 2.2 / TD;Zdruûene drûave;USA;osebni avtomobil;183;vozilo z dviûnimi vrati zadaj;PT 
110;1498;6.7;0;CUPRA;CXDPCAX0-FD7CFD7GC0054BI1AAC;FORMENTOR / 1.5 / TSI AUT.;äpanija;ESP;osebni avtomobil;203;karavan;FORMENTOR 
110;1350;6.7;0;MAZDA;FW7ABW01;CX-3 / G150 / AWD AT;Japonska ;JPN;osebni avtomobil;195;karavan;CX-3 
110;1340;6.7;0;MAZDA;BLB2G6;MAZDA 3 / 2.0 / i-STOP;Japonska ;JPN;osebni avtomobil;212;limuzina;MAZDA 3 
110;1810;6.7;1;MERCEDES BENZ;211-K;E / 220 / CDI;Nemcija;DEU;osebni avtomobil;207;karavan;E 
110;1640;6.7;1;MERCEDES BENZ;211.006;E / 220 / CDI AUT.;Nemcija;DEU;osebni avtomobil;216;limuzina;E 
110;1640;6.7;1;MERCEDES BENZ;211U00CF0-TDAAA500;E / 220 / CDI AUT.;Nemcija;DEU;osebni avtomobil;214;limuzina;E 
110;1610;6.7;1;MERCEDES BENZ;211-53400A;E220 / CDI /;Nemcija;DEU;osebni avtomobil;218;limuzina;E220 
110;1610;6.7;1;MERCEDES BENZ;211;E / 220;Nemcija;DEU;osebni avtomobil;217;limuzina;E 
110;1610;6.7;1;MERCEDES BENZ;203.208;C / 220 T / CDI;Nemcija;DEU;osebni avtomobil;212;karavan;C 
110;1590;6.7;1;MERCEDES BENZ;203-K;C / 220 / CDI;Nemcija;DEU;osebni avtomobil;218;karavan;C 
110;1570;6.7;1;MERCEDES BENZ;R20CF0-KDAAA501;C / 220 T / CDI;Nemcija;DEU;osebni avtomobil;218;karavan;C 
110;1515;6.7;1;MERCEDES BENZ;R80CK0-KCBCA401;C / 220 / CDI;Nemcija;DEU;osebni avtomobil;224;vozilo z dviûnimi vrati zadaj;C 
110;1707;6.7;1;NISSAN;J11HH08;QASHQAI / 1.7 / DCI AUT.4x4;Zdruûeno kraljestvo;GBR;osebni avtomobil;193;vecnamensko vozilo;QASHQAI 
110;1706;6.7;1;NISSAN;J10-D02;QASHQAI / 2.0 / DCI;Zdruûeno kraljestvo;GBR;osebni avtomobil;190;vecnamensko vozilo;QASHQAI 
110;1555;6.7;1;NISSAN;J10-F01;QASHQAI / 2.0 / DCI 4x4;Zdruûeno kraljestvo;GBR;osebni avtomobil;193;vecnamensko vozilo;QASHQAI 
110;1555;6.7;1;NISSAN;J10-J01;QASHQAI / 2.0 / DCI 4x4;Zdruûeno kraljestvo;GBR;osebni avtomobil;193;karavan;QASHQAI 
110;1350;6.7;0;OPEL;DA042CB12-BA2BAGAAC15;ASTRA / ST 1.4 / TURBO AUT.;Nemcija;DEU;osebni avtomobil;210;karavan;ASTRA 
110;1259;6.7;0;OPEL;CA038CB12-BA1SAHJBM15;CORSA / 1.4 / TURBO;Nemcija;DEU;osebni avtomobil;207;vozilo z dviûnimi vrati zadaj;CORSA 
110;1670;6.7;1;SAAB;YS3FF5W-A6 03;9-3 / ESTATE 1.9 / TIDS AUT.;ävedska;SWE;osebni avtomobil;195;karavan;09-Mar
110;1768;6.7;0;SEAT;CZDAX0AF-FD6FD62E0277MMN7VR2SE62;ALHAMBRA / 1.4 / TSI AUT.;äpanija;ESP;osebni avtomobil;198;vecnamensko vozilo;ALHAMBRA 
110;1355;6.7;0;SEAT;XDPCAX0-FM6SFM62S0324BFVL1C18AC;ATECA / 1.5 / TSI;äpanija;ESP;osebni avtomobil;198;karavan;ATECA 
110;1768;6.7;1;äKODA;ACDFGAX1-NAM6AM6BB0037CP5NS7N1C7A;KODIAQ / 2.0 / TDI 4x4;Ceöka republika;CZE;osebni avtomobil;196;karavan;KODIAQ 
110;1755;6.7;1;äKODA;ACDFGAX1-NAD7AD7GC0104BF0GS5S1B8A;KODIAQ / 2.0 / TDI 4x4 AUT.;Ceöka republika;CZE;osebni avtomobil;194;karavan;KODIAQ 
110;1725;6.7;1;äKODA;ACDFGAX1-NAM6AM6BB0037CP0NS5S1C7A;KODIAQ / 2.0 / TDI 4x4;Ceöka republika;CZE;osebni avtomobil;197;karavan;KODIAQ 
110;1625;6.7;0;äKODA;ACDPCAX0-NFM6FM6C90114BI0NS5N1A2A;KODIAQ / 1.5 / TSI;Ceöka republika;CZE;osebni avtomobil;203;karavan;KODIAQ 
110;1395;6.7;0;äKODA;ACDPCAX0-NFD7FD7CW0024BI16N0N1B2B;KAROQ / 1.5 / TSI AUT.;Ceöka republika;CZE;osebni avtomobil;205;karavan;KAROQ 
110;1380;6.7;0;äKODA;ACDPCAX0-NFM6FM62S0324BF150N1C8A;KAROQ / 1.5 / TSI;Ceöka republika;CZE;osebni avtomobil;203;karavan;KAROQ 
110;1378;6.7;0;äKODA;ACDADAX0-NFM6FM62S0327CP155N1C7B;KAROQ / 1.5 / TSI;Ceöka republika;CZE;osebni avtomobil;204;karavan;KAROQ 
110;1760;6.7;1;TOYOTA;ALA49L-ANTGXW(2K);RAV 4 / 2.2 / D AUT.;Japonska ;JPN;osebni avtomobil;185;vecnamensko vozilo;RAV 4 
110;1755;6.7;1;TOYOTA;XA3(a)/ALA49(N)/ALA49L-ANTMXW(2N);RAV 4 / 2.2 / D AUT.;Japonska ;JPN;osebni avtomobil;185;vecnamensko vozilo;RAV 4 
110;1635;6.7;1;TOYOTA;ADT271L-AWTVXW(2E);AVENSIS / 2.2 / D AUT. WAGON;Zdruûeno kraljestvo;GBR;osebni avtomobil;205;vecnamensko vozilo;AVENSIS 
110;2426;6.7;1;VOLKSWAGEN;SCXHA308X1-NAAM6500917NVR27MMG03L68272;CALIFORNIA BEACH / 2.0 / TDI 4M;Nemcija;DEU;osebni avtomobil;176;karavan;CALIFORNIA BEACH 
110;2304;6.7;1;VOLKSWAGEN;SCXFA300X0-NAFD7BT0116NVR27MMG03L63272;CALIFORNIA BEACH / 2.0 / TDI AUT.;Nemcija;DEU;osebni avtomobil;178;karavan;CALIFORNIA BEACH 
110;2238;6.7;1;VOLKSWAGEN;MCXFA308X1-LNAM6500917NVR27MMG02L64272;MULTIVAN / 2.0 / TDI 4M;Nemcija;DEU;osebni avtomobil;179;karavan;MULTIVAN 
110;2194;6.7;1;VOLKSWAGEN;MCXFA308X1-NNAM6500917NVR27MMG02L64272;MULTIVAN / 2.0 / TDI 4M;Nemcija;DEU;osebni avtomobil;179;karavan;MULTIVAN 
110;2063;6.7;1;VOLKSWAGEN;MCXFA300X0-NNFM6500816NVR27MMG02L63272;MULTIVAN / 2.0 / TDI;Nemcija;DEU;osebni avtomobil;182;karavan;MULTIVAN 
110;1956;6.7;1;VOLKSWAGEN;ACDTSBX1-AD7AD7GC010L7T6NVR24BI1BSB0M1IS;TIGUAN / 2.0 / TDI 4M AUT.;Nemcija;DEU;osebni avtomobil;198;karavan;TIGUAN 
110;1768;6.7;0;VOLKSWAGEN;CZDAX0AF-FD6FD62E0277MMN7VR2VW61;SHARAN / 1.4 / TSI AUT.;Nemcija;DEU;osebni avtomobil;198;vecnamensko vozilo;SHARAN 
110;1715;6.7;1;VOLKSWAGEN;ACDFGAX1-AD7AD7GC010N5R5NVR24BF1BSAC;TIGUAN / 2.0 / TDI 4M AUT.;Nemcija;DEU;osebni avtomobil;200;karavan;TIGUAN 
110;1690;6.7;1;VOLKSWAGEN;ACDFGAX1-AM6AM6BB003N5R5NVR27CP1CSA;TIGUAN / 2.0 / TDI 4M;Nemcija;DEU;osebni avtomobil;201;vozilo za posebne namene;TIGUAN 
110;1690;6.7;1;VOLKSWAGEN;ACDFGAX1-AM6AM6BB003N5R5NVR27CP1CSA;TIGUAN / 2.0 / TDI 4M;Nemcija;DEU;osebni avtomobil;201;karavan;TIGUAN 
110;1610;6.7;1;VOLKSWAGEN;ACDFSBX1-N0J2AD6AD62E088N1SCVR27CSLL1AA;CADDY / 2.0 / TDI 4M AUT.;Nemcija;DEU;osebni avtomobil;189;karavan;CADDY 
110;1530;6.7;1;VOLKSWAGEN;DFFAX1AC4-AD7AD7GC0057CP1CB;T-ROC / 2.0 / TDI 4M AUT.;Nemcija;DEU;osebni avtomobil;200;karavan;T-ROC 
110;1518;6.7;1;VOLKSWAGEN;ACDFSBX0-N0J2FD6FD62E031N1SCVR27CSLL1AA;CADDY / 2.0 / TDI AUT.;Nemcija;DEU;osebni avtomobil;192;karavan;CADDY 
110;1515;6.7;0;VOLKSWAGEN;DPCAAC-FD7FD7CW0024BFS50VR21AAB;TOURAN / 1.5 / TSI AUT.;Nemcija;DEU;osebni avtomobil;209;karavan;TOURAN 
110;1510;6.7;0;VOLKSWAGEN;ACCAVAX0-FM6FM6BB003NNSTVR27MG;TIGUAN / 1.4 / TSI;Nemcija;DEU;osebni avtomobil;197;karavan;TIGUAN 
110;1505;6.7;0;VOLKSWAGEN;ACDPCAX0-FM6FM62Q036N5N1TVR24BF1BSA;TIGUAN / 1.5 / TSI;Nemcija;DEU;osebni avtomobil;202;karavan;TIGUAN 
110;1500;6.7;0;VOLKSWAGEN;DPCAAC-FM6FM6C90014BFS50VR21AAB;TOURAN / 1.5 / TSI;Nemcija;DEU;osebni avtomobil;209;karavan;TOURAN 
110;1420;6.7;0;VOLKSWAGEN;SACDPCAX0-FD7FD7CW002N4BFON1ML1CVR2B;GOLF / SPORTSVAN 1.5 / TSI AUT.;Nemcija;DEU;osebni avtomobil;212;karavan;GOLF 
110;1409;6.7;0;VOLKSWAGEN;DPCAX0AC4-FM6FM6C90014BI1CBNNIM;T-ROC / 1.5 / TSI;Nemcija;DEU;osebni avtomobil;205;karavan;T-ROC 
110;1347;6.7;0;VOLKSWAGEN;DPCAX0AC4-FM6FM6C90014BI1CBNN0G;T-ROC / 1.5 / TSI;Nemcija;DEU;osebni avtomobil;205;karavan;T-ROC 
110;1330;6.7;0;VOLKSWAGEN;DADAX0AC4-FM6FM62S0327CP1CA;T-ROC / 1.5 / TSI;Nemcija;DEU;osebni avtomobil;205;karavan;T-ROC 
110;1510;6.8;1;ALFA ROMEO;932BXN2070;156 / SPORTWAGON / Q4;Italija;ITA;osebni avtomobil;200;karavan;156
110;1605;6.8;0;AUDI;XDFYAF1-FD7FD7GC008RT21B184BFAHA3EM1B;Q3 / 1.5 / TFSI AUT.;Nemcija;DEU;osebni avtomobil;205;karavan;Q3 
110;1605;6.8;0;AUDI;SDFYAF1-FD7FD7GC008RT51B174BFAHA3EM1AB2;Q3 / SPORTBACK 1.5 / TFSI AUT.;Nemcija;DEU;osebni avtomobil;201;vozilo z dviûnimi vrati zadaj;Q3 
110;1575;6.8;0;AUDI;A2DLVBF1-FD7FD7CK003RT011B17S54BFAEM1;A4 / AVANT 2.0 / TFSI AUT.;Nemcija;DEU;osebni avtomobil;210;karavan;A4 
110;1535;6.8;0;AUDI;XDADAF1-FM6FM62Q036RT21B177CPAHA1EM1;Q3 / 1.5 / TFSI;Nemcija;DEU;osebni avtomobil;211;karavan;Q3 
110;1535;6.8;0;AUDI;SDPCAF1-FM6FM62Q036RT51B184BFAHA2EM1C;Q3 / SPORTBACK 1.5 / TFSI;Nemcija;DEU;osebni avtomobil;204;vozilo z dviûnimi vrati zadaj;Q3 
110;1503;6.8;0;CUPRA;CXDPCAX0-FD7CFD7GC0054BI1BAC;FORMENTOR / 1.5 / TSI AUT.;äpanija;ESP;osebni avtomobil;203;karavan;FORMENTOR 
110;1580;6.8;0;FORD;DM2JQMB1A-5UNAPC;KUGA / 1.6 / SCTi Ecoboost 110 M6 4x2;Nemcija;DEU;osebni avtomobil;195;vecnamensko vozilo;KUGA 
110;1861;6.8;1;HONDA;RE63-4;CR-V / 2.2 / i-DTEC / AUT.;Zdruûeno kraljestvo;GBR;osebni avtomobil;190;vecnamensko vozilo;CR-V 
110;1395;6.8;0;JEEP;BUAXV11E20B5T;RENEGADE / 1.3 / DDC FWD;Zdruûene drûave;USA;osebni avtomobil;196;vecnamensko vozilo;RENEGADE 
110;1485;6.8;1;LANCIA;839BXP1A-25C;LYBRA / SW 2.4 / JTD;Italija;ITA;osebni avtomobil;214;karavan;LYBRA 
110;1395;6.8;0;LANCIA;844AXB1A01C;DELTA / 1.4 / TURBO;Italija;ITA;osebni avtomobil;210;vecnamensko vozilo;DELTA 
110;1640;6.8;1;MERCEDES BENZ;211;E / 220 / CDI;Nemcija;DEU;osebni avtomobil;214;limuzina;E 
110;1610;6.8;1;MERCEDES BENZ;211;E / 220 / CDI;Nemcija;DEU;osebni avtomobil;216;limuzina;E 
110;1570;6.8;1;MERCEDES BENZ;203.208-R20CF0KD;C / 220 / CDI;Nemcija;DEU;osebni avtomobil;218;karavan;C 
110;1565;6.8;1;MERCEDES BENZ;203R00CK0-TDBBA500;C / 220 / CDI AUT.;Nemcija;DEU;osebni avtomobil;218;limuzina;C 
110;1550;6.8;1;MERCEDES BENZ;R80CL0-TZCDA402;CLC / 220 / CDI AUT.;Nemcija;DEU;osebni avtomobil;219;vozilo z dviûnimi vrati zadaj;CLC 
110;1490;6.8;1;MERCEDES BENZ;203;C / 220 / CDI;Nemcija;DEU;osebni avtomobil;218;limuzina;C 
110;1145;6.8;0;MITSUBISHI;Z2713-ALHHA5A5D;COLT / 1.5 / CZT;Nizozemska;NLD;osebni avtomobil;210;vozilo z dviûnimi vrati zadaj;COLT 
110;1760;6.8;1;NISSAN;T32GG71;X-TRAIL / 1.7 / DCI 4x4;Japonska ;JPN;osebni avtomobil;194;vecnamensko vozilo;X-TRAIL 
110;1725;6.8;1;NISSAN;J10-F03/C;QASHQAI+2 / 2.0 / DCI 4x4;Zdruûeno kraljestvo;GBR;osebni avtomobil;192;vecnamensko vozilo;QASHQAI+2 
110;1655;6.8;1;NISSAN;J10-F03;QASHQAI+2 / 2.0 / DCI 4x4;Zdruûeno kraljestvo;GBR;osebni avtomobil;192;vecnamensko vozilo;QASHQAI+2 
110;1590;6.8;1;NISSAN;J10-F05;QASHQAI / 2.0 / DCI 4x4 AUT.;Zdruûeno kraljestvo;GBR;osebni avtomobil;188;vecnamensko vozilo;QASHQAI 
110;1724;6.8;1;RENAULT;VY0A06;KOLEOS / 2.0 / DCI 4x2;Francija;FRA;osebni avtomobil;183;karavan;KOLEOS 
110;1611;6.8;1;RENAULT;BT110E;LAGUNA / 2.0 / DCI AUT.;Francija;FRA;osebni avtomobil;209;vozilo z dviûnimi vrati zadaj;LAGUNA 
110;1675;6.8;1;SAAB;YS3EE5W-M5 01;9-5 / ESTATE 1.9 / TIDS;ävedska;SWE;osebni avtomobil;205;karavan;09-May
110;1855;6.8;1;SEAT;DLTAX0AF-FD6FD62E0317CPN7SE1CA;ALHAMBRA / 2.0 / TDI AUT.;äpanija;ESP;osebni avtomobil;198;vecnamensko vozilo;ALHAMBRA 
110;1408;6.8;0;SEAT;XDPCAX0-FD7SFD7CW0024BIVL1C18BD;ATECA / 1.5 / TSI AUT.;äpanija;ESP;osebni avtomobil;202;karavan;ATECA 
110;1355;6.8;0;SEAT;XDADAX0-FM6SFM62S0327CPVL1C18B;ATECA / 1.5 / TSI;äpanija;ESP;osebni avtomobil;198;karavan;ATECA 
110;1768;6.8;1;äKODA;ACDFGAX1-NAM6AM6BB0034BF5NS7V1C7A;KODIAQ / 2.0 / TDI 4x4;Ceöka republika;CZE;osebni avtomobil;196;karavan;KODIAQ 
110;1725;6.8;1;äKODA;ACDFGAX1-NAM6AM6BB0037CP0NS5S1C7A;KODIAQ / 2.0 / TDI 4x4;Ceöka republika;CZE;osebni avtomobil;197;karavan;KODIAQ 
110;1615;6.8;0;äKODA;ACCZEAX1-NAM6AM6BB0020NS5N627;KODIAQ / 1.4 / TSI 4x4;Ceöka republika;CZE;osebni avtomobil;197;karavan;KODIAQ 
110;1395;6.8;0;äKODA;ACDPCAX0-NFD7FD7CW0024BF160N1B8B;KAROQ / 1.5 / TSI AUT.;Ceöka republika;CZE;osebni avtomobil;204;karavan;KAROQ 
110;1378;6.8;0;äKODA;ACDADAX0-NFM6FM62S0327CP155N1C7B;KAROQ / 1.5 / TSI;Ceöka republika;CZE;osebni avtomobil;204;karavan;KAROQ 
110;1685;6.8;1;TOYOTA;AUR21L-GWTEXW(3E);VERSO / 2.2 / D AUT.;Turcija;TUR;osebni avtomobil;195;vecnamensko vozilo;VERSO 
110;1685;6.8;1;TOYOTA;AUR21L-GWTEXW(1E);VERSO / 2.2 / D AUT.;Turcija;TUR;osebni avtomobil;195;karavan;VERSO 
110;1670;6.8;1;TOYOTA;AUR21L-GWTEXW(1B);VERSO / 2.2 / D AUT.;Turcija;TUR;osebni avtomobil;195;karavan;VERSO 
110;1670;6.8;1;TOYOTA;AUR21L-GWTEXW(3A);VERSO / 2.2 / D  AUT.;Japonska ;JPN;osebni avtomobil;195;vecnamensko vozilo;VERSO 
110;1605;6.8;1;TOYOTA;AUR21L-GWTEXW(1A);VERSO / 2.2 / D AUT.;Turcija;TUR;osebni avtomobil;195;karavan;VERSO 
110;1855;6.8;1;VOLKSWAGEN;DLTAX0AF-FD6FD62E0317CPN7VW1CA;SHARAN / 2.0 / TDI AUT.;Nemcija;DEU;osebni avtomobil;198;vecnamensko vozilo;SHARAN 
110;1805;6.8;1;VOLKSWAGEN;DLTAX0AC-FD6FD62E0314BFN5VW1CA;SHARAN / 2.0 / TDI AUT.;Nemcija;DEU;osebni avtomobil;198;karavan;SHARAN 
110;1790;6.8;1;VOLKSWAGEN;ACDFGAX1-AD7AD7GC010L5R5NVR24BF1BSAC;TIGUAN / 2.0 / TDI 4M AUT.;Nemcija;DEU;osebni avtomobil;198;karavan;TIGUAN 
110;1725;6.8;1;VOLKSWAGEN;ACDFGAX1-AD7AD7GC010N5N4NVR27CP1BSA;TIGUAN / 2.0 / TDI 4M AUT.;Nemcija;DEU;osebni avtomobil;200;karavan;TIGUAN 
110;1715;6.8;1;VOLKSWAGEN;ACDFGAX1-AD7AD7GC010N5R5TVR24BF1CSA;TIGUAN / 2.0 / TDI 4M AUT.;Nemcija;DEU;osebni avtomobil;200;karavan;TIGUAN 
110;1545;6.8;0;VOLKSWAGEN;DPCAAF-FM6FM6C90014BFS72VR21AAB;TOURAN / 1.5 / TSI;Nemcija;DEU;osebni avtomobil;209;vecnamensko vozilo;TOURAN 
110;1515;6.8;0;VOLKSWAGEN;DPCAAC-FD7FD7CW0024BFS50VR21BA;TOURAN / 1.5 / TSI AUT.;Nemcija;DEU;osebni avtomobil;209;karavan;TOURAN 
110;1505;6.8;0;VOLKSWAGEN;ACDPCAX0-FM6FM62Q036N5N2TVR24BF1BSA;TIGUAN / 1.5 / TSI;Nemcija;DEU;osebni avtomobil;202;karavan;TIGUAN 
110;1500;6.8;0;VOLKSWAGEN;DPCAAC-FM6FM6C90014BIS50VR21CAIM;TOURAN / 1.5 / TSI;Nemcija;DEU;osebni avtomobil;209;karavan;TOURAN 
110;1490;6.8;0;VOLKSWAGEN;DADAAC-FM6FM62S0327CPS50VR21BA;TOURAN / 1.5 / TSI;Nemcija;DEU;osebni avtomobil;209;karavan;TOURAN 
110;1438;6.8;0;VOLKSWAGEN;DPCAX0AC4-FD7FD7CW0024BI1CBNNIM;T-ROC / 1.5 / TSI AUT.;Nemcija;DEU;osebni avtomobil;205;karavan;T-ROC 
110;1420;6.8;0;VOLKSWAGEN;SACDADAX0-FD7FD7CW002N7CPON1ML1CVR2B;GOLF / SPORTSVAN 1.5 / TSI AUT.;Nemcija;DEU;osebni avtomobil;212;karavan;GOLF 
110;1409;6.8;0;VOLKSWAGEN;DPCAX0AC4-FD7FD7CW0024BI1CBNN0G;T-ROC / 1.5 / TSI AUT.;Nemcija;DEU;osebni avtomobil;205;karavan;T-ROC 
110;1354;6.8;0;VOLKSWAGEN;DPCAX0AC4-FD7FD7CW0024BI1CBNNMI;T-ROC / 1.5 / TSI AUT.;Nemcija;DEU;osebni avtomobil;205;karavan;T-ROC 
110;1350;6.8;0;VOLKSWAGEN;DPCAX0AC4-FD7FD7CW0024BF1CB;T-ROC / 1.5 / TSI AUT.;Nemcija;DEU;osebni avtomobil;205;karavan;T-ROC 
110;1330;6.8;0;VOLKSWAGEN;DADAX0AC4-FM6FM62S0327CP1CB;T-ROC / 1.5 / TSI;Nemcija;DEU;osebni avtomobil;205;karavan;T-ROC 
110;1700;6.9;1;AUDI;XDFGAQ1-QM6AM6BB003RT21C197CPAHA5EM1;Q3 / 2.0 / TDI Q;Nemcija;DEU;osebni avtomobil;211;vozilo za posebne namene;Q3 
110;1605;6.9;0;AUDI;SDFYAF1-FD7FD7GC008RT51B184BFAHA3EM1AB2;Q3 / SPORTBACK 1.5 / TFSI AUT.;Nemcija;DEU;osebni avtomobil;201;vozilo z dviûnimi vrati zadaj;Q3 
110;1535;6.9;0;AUDI;XDADAF1-FM6FM62Q036RT21B187CPAHA1EM1;Q3 / 1.5 / TFSI;Nemcija;DEU;osebni avtomobil;211;karavan;Q3 
110;1510;6.9;0;AUDI;L2DLVBF1-FD7FD7CK003RT021C17S57CSAEM1;A4 / 2.0 / TFSI AUT.;Nemcija;DEU;osebni avtomobil;225;limuzina;A4 
110;1488;6.9;1;AUDI;4B AFB;A6 / 2.5 / TDI;Nemcija;DEU;osebni avtomobil;218;limuzina;A6 
110;1595;6.9;1;BMW;VU31-04;320 / / d AUT.;Nemcija;DEU;osebni avtomobil;218;karavan;320
110;1595;6.9;1;BMW;NC31-04;520 / / d AUT.;Nemcija;DEU;osebni avtomobil;217;limuzina;520
110;1595;6.9;1;BMW;390LVU31-14;320 / D AUT. /;Nemcija;DEU;osebni avtomobil;213;karavan;320
110;1505;6.9;1;BMW;346CBV51-02;320 / COUPE / D AUT.;Nemcija;DEU;osebni avtomobil;221;kupe;320
110;1505;6.9;1;BMW;346L-AS71-02;320 / D;Nemcija;DEU;osebni avtomobil;213;limuzina;320
110;1470;6.9;1;BMW;346-K;320 / TD;Nemcija;DEU;osebni avtomobil;214;vozilo z dviûnimi vrati zadaj;320
110;1463;6.9;0;CUPRA;CXDPCAX0-FD7CFD7GC0054BI1BAC;FORMENTOR / 1.5 / TSI AUT.;äpanija;ESP;osebni avtomobil;203;karavan;FORMENTOR 
110;1615;6.9;1;FIAT;194AXC1204C;CROMA / 1.9 16V / JTD CA;Italija;ITA;osebni avtomobil;205;vecnamensko vozilo;CROMA 
110;1496;6.9;0;FORD;DXAJQDA1H-5CGCNF;Grand C-MAX / 1.6 / SCTi Ecoboost 110 M6;Nemcija;DEU;osebni avtomobil;202;karavan;Grand C-MAX 
110;1748;6.9;1;KIA;JESF5D51B-M61AZ1;SPORTAGE / 2.0 / TD;Slovaöka;SVK;osebni avtomobil;178;vecnamensko vozilo;SPORTAGE 
110;1948;6.9;1;LAND ROVER;LZ-S5AA2L-A5DA;RANGE ROVER EVOQUE / 2.0 / TD4 MHEV 4WD AUT.;Zdruûeno kraljestvo;GBR;osebni avtomobil;196;karavan;RANGE ROVER EVOQUE 
110;1501;6.9;0;MAZDA;CWA9G6;MAZDA5 / 2.0 (i-Stop) / 7S;Japonska ;JPN;osebni avtomobil;194;vecnamensko vozilo;MAZDA5 
110;1810;6.9;1;MERCEDES BENZ;211KU20CF0-TDAAA50;E / 220 T / CDI AUT.;Nemcija;DEU;osebni avtomobil;207;karavan;E 
110;1785;6.9;1;MERCEDES BENZ;211KU20CF0-KDAAA500;E / 220 T / CDI;Nemcija;DEU;osebni avtomobil;208;karavan;E 
110;1735;6.9;1;MERCEDES BENZ;U20CF0-KDAAA500;E / 220 T / CDI;Nemcija;DEU;osebni avtomobil;216;karavan;E 
110;1595;6.9;1;MERCEDES BENZ;T30CK0-TDAAA401;CLK / 220 / CDI AUT;Nemcija;DEU;osebni avtomobil;217;kupe;CLK 
110;1590;6.9;1;MERCEDES BENZ;R20CK0-KCAAAA00;C / 220 T / CDI;Nemcija;DEU;osebni avtomobil;218;karavan;C 
110;1570;6.9;1;MERCEDES BENZ;R20CL0-KCAAAA00;C / 220 T / CDI;Nemcija;DEU;osebni avtomobil;218;karavan;C 
110;1565;6.9;1;MERCEDES BENZ;R00CL0-TDBBA501;C / 220 / CDI AUT.;Nemcija;DEU;osebni avtomobil;218;limuzina;C 
110;1535;6.9;1;MERCEDES BENZ;R80CL0-TCBBA4;C / 220 / CDI AUT.;Nemcija;DEU;osebni avtomobil;218;vozilo z dviûnimi vrati zadaj;C 
110;1515;6.9;1;MERCEDES BENZ;203-K;C / 220 / CDI;Nemcija;DEU;osebni avtomobil;212;karavan;C 
110;1721;6.9;1;NISSAN;J11HH02;QASHQAI / 1.7 / DCI AUT 4x4;Zdruûeno kraljestvo;GBR;osebni avtomobil;193;vecnamensko vozilo;QASHQAI 
110;1720;6.9;1;NISSAN;J11HH78;QASHQAI / 1.7 / DCI AUT.4x4;Zdruûeno kraljestvo;GBR;osebni avtomobil;193;vecnamensko vozilo;QASHQAI 
110;1709;6.9;1;NISSAN;J11HH74;QASHQAI / 1.7 / DCI AUT.4x4;Zdruûeno kraljestvo;GBR;osebni avtomobil;193;vecnamensko vozilo;QASHQAI 
110;1690;6.9;1;NISSAN;J10-F07;QASHQAI+2 / 2.0 / DCI 4x4 AUT.;Zdruûeno kraljestvo;GBR;osebni avtomobil;186;vecnamensko vozilo;QASHQAI+2 
110;1643;6.9;1;NISSAN;J10-F01;QASHQAI / 2.0 / DCI 4x4;Zdruûeno kraljestvo;GBR;osebni avtomobil;190;vecnamensko vozilo;QASHQAI 
110;1604;6.9;1;NISSAN;J10-FF02;QASHQAI / 2.0 / DCI 4X4AUT;Zdruûeno kraljestvo;GBR;osebni avtomobil;185;vecnamensko vozilo;QASHQAI 
110;1730;6.9;1;RENAULT;VY0AXN;KOLEOS / 2.0 / DCI 4x4;Francija;FRA;osebni avtomobil;182;karavan;KOLEOS 
110;1693;6.9;1;RENAULT;JZ0YA3;GRAND SCENIC / 2.0 / DCI AUT.;Francija;FRA;osebni avtomobil;200;vozilo z dviûnimi vrati zadaj;GRAND SCENIC 
110;1613;6.9;1;RENAULT;KT110E;LAGUNA / GRANDTOUR 2.0 / DCI AUT.;Francija;FRA;osebni avtomobil;203;karavan;LAGUNA 
110;1667;6.9;0;SEAT;XDPCAX0-FM6SFM6C90114BIML741AAD;TARRACO / 1.5 / TSI;äpanija;ESP;osebni avtomobil;199;karavan;TARRACO 
110;1498;6.9;0;SEAT;SXDPCAX0-FD7SFD7CW0024BIVL1C19BD;ATECA / 1.5 / TSI AUT.;äpanija;ESP;osebni avtomobil;202;karavan;ATECA 
110;1355;6.9;0;SEAT;XDADAX0-FM6SFM62S0327CPVL1C18B;ATECA / 1.5 / TSI;äpanija;ESP;osebni avtomobil;198;karavan;ATECA 
110;1658;6.9;0;äKODA;ACCZEAX1-NAM6AM6BB0024NS7N617;KODIAQ / 1.4 / TSI 4x4;Ceöka republika;CZE;osebni avtomobil;196;karavan;KODIAQ 
110;1647;6.9;0;äKODA;ACDPCAX0-NFD7FD7GC0084BI0NS5N1A7A;KODIAQ / 1.5 / TSI AUT.;Ceöka republika;CZE;osebni avtomobil;202;karavan;KODIAQ 
110;1642;6.9;0;äKODA;ACDPCAX0-NFM6FM6C90114BI0NS5V1B2A;KODIAQ / 1.5 / TSI;Ceöka republika;CZE;osebni avtomobil;203;karavan;KODIAQ 
110;1615;6.9;0;äKODA;ACCZEAX1-NAM6AM6BB0020NS5N617;KODIAQ / 1.4 / TSI 4x4;Ceöka republika;CZE;osebni avtomobil;197;karavan;KODIAQ 
110;1610;6.9;0;äKODA;ACCZEAX1-NAM6AM6BB0020NS5617;KODIAQ / 1.4 / TSI 4x4;Ceöka republika;CZE;osebni avtomobil;197;karavan;KODIAQ 
110;1544;6.9;0;äKODA;ACDPCAX0-NFM6FM6C90114BI0NS5N1B2A;KODIAQ / 1.5 / TSI;Ceöka republika;CZE;osebni avtomobil;203;karavan;KODIAQ 
110;1395;6.9;0;äKODA;ACDPCAX0-NFD7FD7CW0024BF150N1C7B;KAROQ / 1.5 / TSI AUT.;Ceöka republika;CZE;osebni avtomobil;204;karavan;KAROQ 
110;1378;6.9;0;äKODA;ACDADAX0-NFM6FM62S0327CP156N1C7B;KAROQ / 1.5 / TSI;Ceöka republika;CZE;osebni avtomobil;204;karavan;KAROQ 
110;2242;6.9;1;VOLKSWAGEN;GCXHA320X1-LNAM6500916NVR27MMG02L65391;TRANSPORTER / 2.0 / TDI 4M;Nemcija;DEU;osebni avtomobil;179;vozilo za posebne namene;TRANSPORTER 
110;2052;6.9;1;VOLKSWAGEN;GCXHA320X1-LNAM6500916NVR27MMG02L65391;TRANSPORTER / 2.0 / TDI 4M;Nemcija;DEU;osebni avtomobil;179;vecnamensko vozilo;TRANSPORTER 
110;1990;6.9;1;VOLKSWAGEN;GCXHA300X1-NNAM6500916NVR27MMG02L61291;TRANSPORTER / 2.0 / TDI 4M;Nemcija;DEU;osebni avtomobil;179;vecnamensko vozilo;TRANSPORTER 
110;1855;6.9;1;VOLKSWAGEN;DLTAX0AF-FD6FD62E0314BFN7VW1CA;SHARAN / 2.0 / TDI AUT.;Nemcija;DEU;osebni avtomobil;198;vecnamensko vozilo;SHARAN 
110;1805;6.9;1;VOLKSWAGEN;DLTAX0AC-FD6FD62E0317CPN5VR2VW1CA;SHARAN / 2.0 / TDI AUT.;Nemcija;DEU;osebni avtomobil;198;karavan;SHARAN 
110;1790;6.9;1;VOLKSWAGEN;ACDFGAX1-AD7AD7GC010L5N5NVR24BF1BSA;TIGUAN / 2.0 / TDI 4M AUT.;Nemcija;DEU;osebni avtomobil;198;karavan;TIGUAN 
110;1780;6.9;1;VOLKSWAGEN;ACDFGAX1-AD7AD7GC010L5N5NVR27CP1BSA;TIGUAN / 2.0 / TDI 4M AUT.;Nemcija;DEU;osebni avtomobil;198;karavan;TIGUAN 
110;1725;6.9;1;VOLKSWAGEN;ACDFGAX1-AD7AD7GC010N5N4NVR27CP1CSA;TIGUAN / 2.0 / TDI 4M AUT.;Nemcija;DEU;osebni avtomobil;200;karavan;TIGUAN 
110;1715;6.9;1;VOLKSWAGEN;ACDFGAX1-AD7AD7GC010N5R5NVR24BF1CSA;TIGUAN / 2.0 / TDI 4M AUT.;Nemcija;DEU;osebni avtomobil;200;karavan;TIGUAN 
110;1570;6.9;0;VOLKSWAGEN;ACCZEAX1-NAM6AM6BB002KN4NVR27MM61;TIGUAN / 1.4 / TSI 4M;Nemcija;DEU;osebni avtomobil;200;karavan;TIGUAN 
110;1556;6.9;0;VOLKSWAGEN;ABDADAX0-FD7FD7GC005V7CPVR21COA;ARTEON / 1.5 / TSI AUT.;Nemcija;DEU;osebni avtomobil;220;vozilo z dviûnimi vrati zadaj;ARTEON 
110;1555;6.9;0;VOLKSWAGEN;DPCAAF-FD7FD7CW0024BFS72VR21BA;TOURAN / 1.5 / TSI AUT.;Nemcija;DEU;osebni avtomobil;209;vecnamensko vozilo;TOURAN 
110;1545;6.9;0;VOLKSWAGEN;DPCAAF-FM6FM6C90014BFS72VR21BA0;TOURAN / 1.5 / TSI;Nemcija;DEU;osebni avtomobil;209;vecnamensko vozilo;TOURAN 
110;1541;6.9;0;VOLKSWAGEN;ACDPCAX0-FD7FD7GC008N5N1TVR24BI1ASA0M1G;TIGUAN / 1.5 / TSI AUT.;Nemcija;DEU;osebni avtomobil;202;karavan;TIGUAN 
110;1535;6.9;0;VOLKSWAGEN;DADAAF-FM6FM62S0327CPS72VR21BB;TOURAN / 1.5 / TSI;Nemcija;DEU;osebni avtomobil;209;vecnamensko vozilo;TOURAN 
110;1730;7.1;1;ALFA ROMEO;932BXN2070D;156 / CROSSWAGON / Q4;Italija;ITA;osebni avtomobil;192;karavan;156
110;1615;7.1;1;ALFA ROMEO;939AXC1223;159 / 1.9 / M-JET CA;Italija;ITA;osebni avtomobil;207;limuzina;159
110;1605;7.1;1;ALFA ROMEO;932BXN2070B;156 / SW 1.9;Italija;ITA;osebni avtomobil;192;karavan;156
110;1570;7.1;1;ALFA ROMEO;939AXC1223C;159 / 1.9 / M-JET CA;Italija;ITA;osebni avtomobil;209;limuzina;159
110;1530;7.1;1;ALFA ROMEO;932BXN2070B_;156 / CROSSWAGON / Q4;Italija;ITA;osebni avtomobil;192;karavan;156
110;1605;7.1;0;AUDI;SDFYAF1-FD7FD7GC008RT61C204BFAHA4EM1CB2;Q3 / SPORTBACK 1.5 / TFSI AUT.;Nemcija;DEU;osebni avtomobil;201;vozilo z dviûnimi vrati zadaj;Q3 
110;1570;7.1;0;AUDI;XDADAF1-FD7FD7GC008RT21B177CPAHA1EM1;Q3 / 1.5 / TFSI AUT.;Nemcija;DEU;osebni avtomobil;207;karavan;Q3 
110;1510;7.1;0;AUDI;L2DLVBF1-FD7FD7CK003RT021E18S57CSAEM1;A4 / 2.0 / TFSI AUT.;Nemcija;DEU;osebni avtomobil;225;limuzina;A4 
110;1498;7.1;0;AUDI;LAWAF1-FM52ERR8E50N;A4 / 2.0 / FSI;Nemcija;DEU;osebni avtomobil;218;limuzina;A4 
110;1485;7.1;0;AUDI;L2DLVBF1-FM6FM6DJ011RT021E18S57CSAEM1;A4 / 2.0 / TFSI;Nemcija;DEU;osebni avtomobil;224;limuzina;A4 
110;1695;7.1;1;BMW;PX11-04;520 / TOURING / d AUT.;Nemcija;DEU;osebni avtomobil;213;karavan;520
110;1600;7.1;1;BMW;AP71-02;320 / TOURING / d AUT.;Nemcija;DEU;osebni avtomobil;208;karavan;320
110;1580;7.1;1;BMW;346-L;320 / D;Nemcija;DEU;osebni avtomobil;216;karavan;320
110;1580;7.1;1;BMW;346L;320 / D;Nemcija;DEU;osebni avtomobil;211;karavan;320
110;2026;7.1;1;CITROEN;VEAHXK-N2200L;JUMPY SPACE TOURER / 2.0 / HDI L2;Francija;FRA;osebni avtomobil;183;vecnamensko vozilo;JUMPY SPACE TOURER 
110;2006;7.1;1;CITROEN;VEAHXK-N2200L;JUMPY SPACE TOURER / 2.0 / HDI L2;Francija;FRA;osebni avtomobil;185;vecnamensko vozilo;JUMPY SPACE TOURER 
110;1976;7.1;1;CITROEN;VEAHXK-N2F00M;JUMPY SPACE TOURER / 2.0 / HDI L2;Francija;FRA;osebni avtomobil;170;vecnamensko vozilo;JUMPY SPACE TOURER 
110;1615;7.1;1;FIAT;194AXC12-04;CROMA / 1.9 16V / JTC AUT.;Italija;ITA;osebni avtomobil;205;vecnamensko vozilo;CROMA 
110;1350;7.1;0;FIAT;198AXF1B05;BRAVO / 1.4 / 16V TURBO;Italija;ITA;osebni avtomobil;212;vecnamensko vozilo;BRAVO 
110;1898;7.1;1;HYUNDAI;CMC5D14-M52AZ1;SANTA FE / 2.2 / CRDI 4WD;Koreja. republika;KOR;osebni avtomobil;180;karavan;SANTA FE 
110;1848;7.1;1;HYUNDAI;BMZ-S;TUCSON / 2.0 / CRDi 4WD;Koreja. republika;KOR;osebni avtomobil;177;vecnamensko vozilo;TUCSON 
110;1818;7.1;1;HYUNDAI;C5D11-M52AZ1;SANTA FE / 2.2 / CRDi;Koreja. republika;KOR;osebni avtomobil;180;karavan;SANTA FE 
110;1842;7.1;1;KIA;JESF5D64B-M61AZ1;SPORTAGE / 2.0 / TD;Slovaöka;SVK;osebni avtomobil;177;vecnamensko vozilo;SPORTAGE 
110;1485;7.1;1;LANCIA;839BXP1A-25B;LYBRA / SW 2.4 / JTD;Italija;ITA;osebni avtomobil;214;karavan;LYBRA 
110;1810;7.1;1;MERCEDES BENZ;211KU20CF0-TDAAA500;E / 220 T / CDI AUT.;Nemcija;DEU;osebni avtomobil;208;karavan;E 
110;1810;7.1;1;MERCEDES BENZ;U20CF0-TDAAA500;E / 220 T / CDI AUT.;Nemcija;DEU;osebni avtomobil;207;karavan;E 
110;1715;7.1;1;MERCEDES BENZ;639-ZL3HL;VIANO / 2.2 / CDI;Nemcija;DEU;osebni avtomobil;179;vecnamensko vozilo;VIANO 
110;1640;7.1;1;MERCEDES BENZ;211U00CK0-TDAAA501;E / 220 / CDI AUT.;Nemcija;DEU;osebni avtomobil;214;limuzina;E 
110;1565;7.1;1;MERCEDES BENZ;211;E / 220 / CDI;Nemcija;DEU;osebni avtomobil;216;limuzina;E 
110;1430;7.1;0;MITSUBISHI;GA311-AABBA5A5AAAA;ASX / 2.0 / 2WD;Japonska ;JPN;osebni avtomobil;190;karavan;ASX 
110;2045;7.1;1;NISSAN;T31-D01;X-TRAIL / 2.0 / DCI;Japonska ;JPN;osebni avtomobil;188;vozilo za posebne namene;X-TRAIL 
110;1723;7.1;1;NISSAN;J10-F07;QASHQAI+2 / 2.0 / DCI 4x4 AUT.;Zdruûeno kraljestvo;GBR;osebni avtomobil;186;vecnamensko vozilo;QASHQAI+2 
110;1720;7.1;1;NISSAN;T31-D03;X-TRAIL / 2.0 / DCI AUT. 4x4;Japonska ;JPN;osebni avtomobil;183;vecnamensko vozilo;X-TRAIL 
110;1700;7.1;1;NISSAN;T31-D01;X-TRAIL / 2.0 / DCI;Japonska ;JPN;osebni avtomobil;188;vecnamensko vozilo;X-TRAIL 
110;1613;7.1;1;OPEL;ZC-SW BK11;VECTRA / 1.9 / CDTI;Nemcija;DEU;osebni avtomobil;210;karavan;VECTRA 
110;1613;7.1;1;OPEL;BK11-2A08BABDMNJ5;VECTRA / CAR. 1.9;Nemcija;DEU;osebni avtomobil;208;karavan;VECTRA 
110;1402;7.1;0;PEUGEOT;4C5FXC;308 / 1.6 / TURBO i 16V;Francija;FRA;osebni avtomobil;213;vozilo z dviûnimi vrati zadaj;308
110;1402;7.1;0;PEUGEOT;4C5FXC;308 / 1.6 / TURBO i 16V;Francija;FRA;osebni avtomobil;213;vecnamensko vozilo;308
110;1389;7.1;0;PEUGEOT;4A5FXC;308 / 1.6 / TURBO i 16V;Francija;FRA;osebni avtomobil;213;vozilo z dviûnimi vrati zadaj;308
110;1855;7.1;1;RENAULT;JK04A6;ESPACE / 2.0 / DCI;Francija;FRA;osebni avtomobil;194;vecnamensko vozilo;ESPACE 
110;1784;7.1;1;RENAULT;VY6K0M;KOLEOS / 2.0 / DCI AUT. 4x4;Francija;FRA;osebni avtomobil;177;karavan;KOLEOS 
110;1775;7.1;1;RENAULT;K - JKOH - JK0HAG;ESPACE / 2.2 / DCI;Francija;FRA;osebni avtomobil;188;vecnamensko vozilo;ESPACE 
110;1632;7.1;1;RENAULT;KT190E;LAGUNA / GRANDTOUR 2.0 / DCI AUT.;Francija;FRA;osebni avtomobil;203;karavan;LAGUNA 
110;1803;7.1;1;SEAT;XDFGAX1-AD7AD7GC0104BFML541CB;TARRACO / 2.0 / TDI 4WD AUT.;äpanija;ESP;osebni avtomobil;198;karavan;TARRACO 
110;1370;7.1;0;SEAT;XDPCAX0-FD7SFD7CW0024BFVL1C19BC;ATECA / 1.5 / TSI AUT.;äpanija;ESP;osebni avtomobil;198;karavan;ATECA 
110;1805;7.1;1;äKODA;ACDFGAX1-NAD7AD7GC0107CP5NS7N1C7B;KODIAQ / 2.0 / TDI 4x4 AUT.;Ceöka republika;CZE;osebni avtomobil;193;karavan;KODIAQ 
110;1762;7.1;1;äKODA;ACDFGAX1-NAD7AD7GC0107CP0NS5N1C7B;KODIAQ / 2.0 / TDI 4x4 AUT.;Ceöka republika;CZE;osebni avtomobil;194;karavan;KODIAQ 
110;1755;7.1;1;äKODA;ACDFGAX1-NAD7AD7GC0104BF0NS5V1C7B;KODIAQ / 2.0 / TDI 4x4 AUT.;Ceöka republika;CZE;osebni avtomobil;194;karavan;KODIAQ 
110;1706;7.1;0;äKODA;ACDPCAX0-NFM6FM6C90114BI4NS7V1B2B;KODIAQ / 1.5 / TSI;Ceöka republika;CZE;osebni avtomobil;203;karavan;KODIAQ 
110;1691;7.1;0;äKODA;ACDPCAX0-NFD7FD7GC0084BI0NS5N1A2A;KODIAQ / 1.5 / TSI AUT.;Ceöka republika;CZE;osebni avtomobil;202;karavan;KODIAQ 
110;1673;7.1;0;äKODA;ACCZDAX1-NAD6AD6D90175NS7N618;KODIAQ / 1.4 / TSI 4x4 AUT.;Ceöka republika;CZE;osebni avtomobil;192;karavan;KODIAQ 
110;1630;7.1;0;äKODA;ACCZDAX1-NAD6AD6D90170NS5N618;KODIAQ / 1.4 / TSI 4x4 AUT.;Ceöka republika;CZE;osebni avtomobil;194;karavan;KODIAQ 
110;1625;7.1;0;äKODA;ACCZDAX1-NAD6AD6D90170NS5618;KODIAQ / 1.4 / TSI 4x4 AUT.;Ceöka republika;CZE;osebni avtomobil;194;karavan;KODIAQ 
110;1624;7.1;0;äKODA;ACDPCAX0-NFD7FD7GC0084BI2NS7N1A2A;KODIAQ / 1.5 / TSI AUT.;Ceöka republika;CZE;osebni avtomobil;202;karavan;KODIAQ 
110;1549;7.1;0;äKODA;ACDPCAX0-NFM6FM62Q0364BF0NS5N1A7A;KODIAQ / 1.5 / TSI;Ceöka republika;CZE;osebni avtomobil;200;karavan;KODIAQ 
110;1492;7.1;0;äKODA;ACDPCAX01-NFD7FD7CW0024BFSTN1C8B;SUPERB / COMBI 1.5 / TSI AUT.;Ceöka republika;CZE;osebni avtomobil;212;karavan;SUPERB 
110;1489;7.1;0;äKODA;ACDADAX01-NFD7FD7CW0027CPSTN1C7B;SUPERB / COMBI 1.5 / TSI AUT.;Ceöka republika;CZE;osebni avtomobil;209;karavan;SUPERB 
110;1957;7.1;1;TOYOTA;VEAHXK-N2200L(1J);PROACE / 2.0 / D;Francija;FRA;osebni avtomobil;183;vecnamensko vozilo;PROACE 
110;1703;7.1;1;TOYOTA;ALA30L-BWTGXW(2J);RAV 4 / 2.2 / D AUT.;Japonska ;JPN;osebni avtomobil;185;vecnamensko vozilo;RAV 4 
110;1685;7.1;1;TOYOTA;ALA30L-AWTGXW(3F);RAV 4 / 2.2 / D AUT.;Japonska ;JPN;osebni avtomobil;200;vecnamensko vozilo;RAV 4 
110;1685;7.1;1;TOYOTA;ALA30L-BWTGXW(2H);RAV 4 / 2.2 / D AUT.;Japonska ;JPN;osebni avtomobil;185;vecnamensko vozilo;RAV 4 
110;2250;7.1;1;VOLKSWAGEN;MCXFA308X1-LNAD7BT0117VVR27MMG02L64272;MULTIVAN / 2.0 / TDI 4M AUT.;Nemcija;DEU;osebni avtomobil;178;karavan;MULTIVAN 
110;1725;7.1;1;VOLKSWAGEN;ACDFGAX1-AD7AD7GC010N5R5TVR27CP1CSB;TIGUAN / 2.0 / TDI 4M AUT.;Nemcija;DEU;osebni avtomobil;200;karavan;TIGUAN 
110;1715;7.1;1;VOLKSWAGEN;ACDFGAX1-AD7AD7GC010N5R5NVR24BF1CSB;TIGUAN / 2.0 / TDI 4M AUT.;Nemcija;DEU;osebni avtomobil;200;karavan;TIGUAN 
110;1630;7.1;1;VOLKSWAGEN;3BG-AKN;PASSAT / VAR. 2.5 / TDI;Nemcija;DEU;osebni avtomobil;214;karavan;PASSAT 
110;1615;7.1;0;VOLKSWAGEN;ACDPCAX0-FD7FD7GC008N5N3TVR24BI1ASA0M1IS;TIGUAN / 1.5 / TSI AUT.;Nemcija;DEU;osebni avtomobil;202;karavan;TIGUAN 
110;1592;7.1;0;VOLKSWAGEN;ACCZDAX1-AD6AD6D9017KN5N5NVR27MM61;TIGUAN / 1.4 / TSI 4M AUT.;Nemcija;DEU;osebni avtomobil;198;karavan;TIGUAN 
110;1541;7.1;0;VOLKSWAGEN;ACDPCAX0-FD7FD7GC008N5N3TVR24BI1ASA0M1G;TIGUAN / 1.5 / TSI AUT.;Nemcija;DEU;osebni avtomobil;202;karavan;TIGUAN 
110;1535;7.1;0;VOLKSWAGEN;DADAAF-FM6FM62S0327CPS72VR21CB;TOURAN / 1.5 / TSI;Nemcija;DEU;osebni avtomobil;209;vecnamensko vozilo;TOURAN 
110;1520;7.1;0;VOLKSWAGEN;ACDADAX0-FM6FM62Q036N5N1TVR27CP1BSA;TIGUAN / 1.5 / TSI;Nemcija;DEU;osebni avtomobil;202;karavan;TIGUAN 
110;1515;7.1;0;VOLKSWAGEN;DPCAAC-FD7FD7CW0024BFS50VR21CAD;TOURAN / 1.5 / TSI AUT.;Nemcija;DEU;osebni avtomobil;209;karavan;TOURAN 
110;1505;7.1;0;VOLKSWAGEN;DADAAC-FD7FD7CW0027CPS50VR21BA;TOURAN / 1.5 / TSI AUT.;Nemcija;DEU;osebni avtomobil;209;karavan;TOURAN 
110;1500;7.1;0;VOLKSWAGEN;DPCAAC-FM6FM6C90014BFS50VR21CA;TOURAN / 1.5 / TSI;Nemcija;DEU;osebni avtomobil;209;karavan;TOURAN 
110;1490;7.1;0;VOLKSWAGEN;DADAAC-FM6FM62S0327CPS50VR21CB;TOURAN / 1.5 / TSI;Nemcija;DEU;osebni avtomobil;209;karavan;TOURAN 
110;1350;7.1;0;VOLKSWAGEN;DADAX0AC4-FD7FD7CW0027CP1CB;T-ROC / 1.5 / TSI AUT.;Nemcija;DEU;osebni avtomobil;205;karavan;T-ROC 
110;1665;7.2;1;ALFA ROMEO;939BXC1224;159 / SW 1.9 / M-JET CA;Italija;ITA;osebni avtomobil;205;karavan;159
110;1620;7.2;1;ALFA ROMEO;939BXC1224C;159 / SW 1.9 / M-JET CA;Italija;ITA;osebni avtomobil;207;karavan;159
110;1570;7.2;0;AUDI;A2DLVBF1-FD7FD7CK003RT021E18S57CSBEM1;A4 / AVANT 2.0 / TFSI AUT.;Nemcija;DEU;osebni avtomobil;220;karavan;A4 
110;1570;7.2;0;AUDI;XDADAF1-FD7FD7GC008RT21B187CPAHA2EM1;Q3 / 1.5 / TFSI AUT.;Nemcija;DEU;osebni avtomobil;207;karavan;Q3 
110;1820;7.2;1;BMW;PB11-01;X3 / 2.0 /  D;Nemcija;DEU;osebni avtomobil;210;limuzina;X3 
110;1820;7.2;1;BMW;PB11-01;X 3 / 2.0;Nemcija;DEU;osebni avtomobil;210;limuzina;X 3 
110;1820;7.2;1;BMW;PB11-01;X3 / 2.0 / D;Nemcija;DEU;osebni avtomobil;210;vecnamensko vozilo;X3 
110;1820;7.2;1;BMW;PD11-01;X3 / 2.0 / d;Nemcija;DEU;osebni avtomobil;198;limuzina;X3 
110;1820;7.2;1;BMW;PB11-01;X 3 / 2.0;Nemcija;DEU;osebni avtomobil;198;limuzina;X 3 
110;1820;7.2;1;BMW;X83PB11-01;X3 / 2.0 / D;Nemcija;DEU;osebni avtomobil;198;vecnamensko vozilo;X3 
110;1820;7.2;1;BMW;X83PB11;X3 / 2.0 / D;Nemcija;DEU;osebni avtomobil;198;karavan;X3 
110;1525;7.2;1;BMW;346L;320 / TOURING / D;Nemcija;DEU;osebni avtomobil;216;karavan;320
110;1525;7.2;1;BMW;346L;320 d TOURING AUT;Nemcija;DEU;osebni avtomobil;208;karavan;320 d TOURING AUT
110;1895;7.2;1;CHEVROLET;CM22-2222;CAPTIVA / 2.0 / DT 16V;Koreja. republika;KOR;osebni avtomobil;182;vecnamensko vozilo;CAPTIVA 
110;1820;7.2;1;CHEVROLET;CM21-2222;CAPTIVA / 2.0 / DT 16V;Koreja. republika;KOR;osebni avtomobil;184;vecnamensko vozilo;CAPTIVA 
110;2130;7.2;1;CITROEN;VEAHXK-P2F00N;JUMPY SPACE TOURER / 2.0 / HDI L3;Francija;FRA;osebni avtomobil;183;vozilo za posebne namene;JUMPY SPACE TOURER 
110;2065;7.2;1;CITROEN;VEAHXK-P2F00L;JUMPY SPACE TOURER / 2.0 / HDI L2;Francija;FRA;osebni avtomobil;185;vecnamensko vozilo;JUMPY SPACE TOURER 
110;2063;7.2;1;CITROEN;VEAHXK-N2200N;JUMPY SPACE TOURER / 2.0 / HDI L3;Francija;FRA;osebni avtomobil;183;vecnamensko vozilo;JUMPY SPACE TOURER 
110;2060;7.2;1;CITROEN;VEAHXK-N2200N;JUMPY SPACE TOURER / 2.0 / HDI L3;Francija;FRA;osebni avtomobil;185;vecnamensko vozilo;JUMPY SPACE TOURER 
110;2035;7.2;1;CITROEN;VEAHXK-P2F00N;JUMPY SPACE TOURER / 2.0 / HDI L3;Francija;FRA;osebni avtomobil;183;vecnamensko vozilo;JUMPY SPACE TOURER 
110;2029;7.2;1;CITROEN;VEAHXK-N2200L;JUMPY SPACE TOURER / 2.0 / HDI L2;Francija;FRA;osebni avtomobil;183;vecnamensko vozilo;JUMPY SPACE TOURER 
110;1790;7.2;1;FORD;DM2-T7MD4AX-5QVAZ6AA81E;KUGA / 2.0 / TDCI 110 M6 4x4 S;Nemcija;DEU;osebni avtomobil;192;vecnamensko vozilo;KUGA 
110;1480;7.2;0;HONDA;RD-9;CRV / 2.0;Zdruûeno kraljestvo;GBR;osebni avtomobil;174;vecnamensko vozilo;CRV 
110;1991;7.2;1;HYUNDAI;C5D44-M52AZ1;SANTA FE / 2.2 / CRDi LP 4WD;Koreja. republika;KOR;osebni avtomobil;179;karavan;SANTA FE 
110;1785;7.2;1;MERCEDES BENZ;211K;E / 220 / CDI;Nemcija;DEU;osebni avtomobil;208;karavan;E 
110;1610;7.2;1;MERCEDES BENZ;R20CK0-TDAAAA00;C / 220 T / CDI AUT.;Nemcija;DEU;osebni avtomobil;212;karavan;C 
110;1595;7.2;1;MERCEDES BENZ;203-K;C / 220 / CDI;Nemcija;DEU;osebni avtomobil;212;karavan;C 
110;1480;7.2;1;MERCEDES BENZ;202.128-H015B0EEAA250;C / 250 / TURBODIESEL;Nemcija;DEU;osebni avtomobil;203;limuzina;C 
110;1590;7.2;1;NISSAN;J10-F02;QASHQAI / 2.0 / DCI 4x4 AUT.;Zdruûeno kraljestvo;GBR;osebni avtomobil;188;vecnamensko vozilo;QASHQAI 
110;1643;7.2;1;OPEL;BF11-2A06ASXEGA7;ZAFIRA / 1.9 / DTI 16V AUT.;Nemcija;DEU;osebni avtomobil;198;vecnamensko vozilo;ZAFIRA 
110;1613;7.2;1;OPEL;HK11-2A06AZAULKR5;SIGNUM / 1.9 / CDTI;Nemcija;DEU;osebni avtomobil;209;vozilo z dviûnimi vrati zadaj;SIGNUM 
110;1613;7.2;1;OPEL;BF11-2A05ASXEGA7;ZAFIRA / 1.9 / DTI 16V AUT.;Nemcija;DEU;osebni avtomobil;201;vecnamensko vozilo;ZAFIRA 
110;1563;7.2;1;OPEL;ZCF48-Z19DTH;SIGNUM / 1.9 DT 16V AUT.;Nemcija;DEU;osebni avtomobil;205;vozilo z dviûnimi vrati zadaj;SIGNUM 
110;2470;7.2;1;PEUGEOT;YBUMRB/9F;BOXER / KOMBI 33 2.2 / HDi L2H2;Francija;FRA;osebni avtomobil;156;vozilo za posebne namene;BOXER 
110;2066;7.2;1;PEUGEOT;VEAHXK-N2200L;EXPERT TRAVELLER / 2.0 / HDI L2;Francija;FRA;osebni avtomobil;185;vecnamensko vozilo;EXPERT TRAVELLER 
110;2034;7.2;1;PEUGEOT;VEAHXK-P2F00L;EXPERT TRAVELLER / 2.0 / HDI L2;Francija;FRA;osebni avtomobil;185;vecnamensko vozilo;EXPERT TRAVELLER 
110;2034;7.2;1;PEUGEOT;VEAHXK-N2200L;EXPERT TRAVELLER / 2.0 / HDI L2;Francija;FRA;osebni avtomobil;183;vecnamensko vozilo;EXPERT TRAVELLER 
110;2029;7.2;1;PEUGEOT;VEAHXK-P2F00L;EXPERT TRAVELLER / 2.0 / HDI L2;Francija;FRA;osebni avtomobil;183;vecnamensko vozilo;EXPERT TRAVELLER 
110;1493;7.2;0;PEUGEOT;WB5FXC;207 / CABRIOLET 1.6 / TURBO i 16V;Francija;FRA;osebni avtomobil;210;kabriolet;207
110;2008;7.2;1;RENAULT;JK1JAC;ESPACE / 2.0 / DCI AUT.;Francija;FRA;osebni avtomobil;188;vecnamensko vozilo;ESPACE 
110;1877;7.2;1;RENAULT;JK01B6;ESPACE / 2.0 / DCI;Francija;FRA;osebni avtomobil;194;vecnamensko vozilo;ESPACE 
110;1832;7.2;1;RENAULT;JK01-A6;ESPACE / 2.0 / DCI;Francija;FRA;osebni avtomobil;194;vecnamensko vozilo;ESPACE 
110;1735;7.2;1;RENAULT;J-BJ0E06;VEL SATIS / 2.2;Francija;FRA;osebni avtomobil;200;vozilo z dviûnimi vrati zadaj;VEL SATIS 
110;1724;7.2;1;RENAULT;VY0A06;KOLEOS / 2.0 / DCI 4x2;Francija;FRA;osebni avtomobil;180;karavan;KOLEOS 
110;1705;7.2;1;RENAULT;JMGKDB;SCENIC / 2.0 / DCI AUT.;Francija;FRA;osebni avtomobil;198;vecnamensko vozilo;SCENIC 
110;1645;7.2;1;RENAULT;JMJKNB;SCENIC / 2.0 / DCI AUT.;Francija;FRA;osebni avtomobil;198;vozilo z dviûnimi vrati zadaj;SCENIC 
110;1635;7.2;1;SAAB;YS3FF5W-A6 01;9-3 / ESTATE 1.9 / TIDS AUT.;ävedska;SWE;osebni avtomobil;195;karavan;09-Mar
110;1520;7.2;1;SAAB;YS3FF4W-A6 01;9-3 / 1.9;ävedska;SWE;osebni avtomobil;210;limuzina;09-Mar
110;1837;7.2;1;SEAT;XDFGAX1-AD7AD7GC0104BFML761CB;TARRACO / 2.0 / TDI 4WD AUT.;äpanija;ESP;osebni avtomobil;198;karavan;TARRACO 
110;1641;7.2;0;SEAT;XDPCAX0-FM6SFM6C90114BIML521CBD;TARRACO / 1.5 / TSI;äpanija;ESP;osebni avtomobil;199;karavan;TARRACO 
110;1370;7.2;0;SEAT;XDADAX0-FD7SFD7CW0027CPVL1C18B;ATECA / 1.5 / TSI AUT.;äpanija;ESP;osebni avtomobil;198;karavan;ATECA 
110;1805;7.2;1;äKODA;ACDFGAX1-NAD7AD7GC0107CP5NS7N1C7B;KODIAQ / 2.0 / TDI 4x4 AUT.;Ceöka republika;CZE;osebni avtomobil;193;karavan;KODIAQ 
110;1762;7.2;1;äKODA;ACDFGAX1-NAD7AD7GC0107CP0GS5N1C7B;KODIAQ / 2.0 / TDI 4x4 AUT.;Ceöka republika;CZE;osebni avtomobil;194;karavan;KODIAQ 
110;1670;7.2;0;äKODA;ACDPCAX0-NFD7FD7GC0084BI0NS5V1B2A;KODIAQ / 1.5 / TSI AUT.;Ceöka republika;CZE;osebni avtomobil;202;karavan;KODIAQ 
110;1581;7.2;0;äKODA;ACDPCAX0-NFD7FD7GC0084BF0NS5N1A7A;KODIAQ / 1.5 / TSI AUT.;Ceöka republika;CZE;osebni avtomobil;198;karavan;KODIAQ 
110;1549;7.2;0;äKODA;ACDPCAX0-NFM6FM62Q0364BF0NS5N1A7A;KODIAQ / 1.5 / TSI;Ceöka republika;CZE;osebni avtomobil;200;karavan;KODIAQ 
110;1492;7.2;0;äKODA;ACDPCAX01-NFD7FD7CW0024BFSTN1C8B;SUPERB / COMBI 1.5 / TSI AUT.;Ceöka republika;CZE;osebni avtomobil;212;karavan;SUPERB 
110;1489;7.2;0;äKODA;ACDADAX01-NFD7FD7CW0027CPSTN1C7B;SUPERB / COMBI 1.5 / TSI AUT.;Ceöka republika;CZE;osebni avtomobil;209;karavan;SUPERB 
110;1393;7.2;0;äKODA;ACDADAX0-NFD7FD7CW0027CP154N1C7B;KAROQ / 1.5 / TSI AUT.;Ceöka republika;CZE;osebni avtomobil;203;karavan;KAROQ 
110;2048;7.2;1;TOYOTA;VEAHXK-P2F00L(1J);PROACE / 2.0 / D;Francija;FRA;osebni avtomobil;183;vecnamensko vozilo;PROACE 
110;2039;7.2;1;TOYOTA;VEAHXK-N2200L(1N);PROACE / 2.0 / D;Francija;FRA;osebni avtomobil;185;vecnamensko vozilo;PROACE 
110;2038;7.2;1;TOYOTA;VEAHXK-N2200L(1J);PROACE / 2.0 / D;Francija;FRA;osebni avtomobil;183;vecnamensko vozilo;PROACE 
110;2030;7.2;1;TOYOTA;VEAHXK-N2200L(1Q);PROACE / 2.0 / D;Francija;FRA;osebni avtomobil;185;vecnamensko vozilo;PROACE 
110;2030;7.2;1;TOYOTA;VEAHXK-N2200L(1K);PROACE / 2.0 / D;Francija;FRA;osebni avtomobil;183;vecnamensko vozilo;PROACE 
110;2029;7.2;1;TOYOTA;VEAHXK-N2200L(1G);PROACE / 2.0 / D;Francija;FRA;osebni avtomobil;183;vecnamensko vozilo;PROACE 
110;1708;7.2;1;TOYOTA;ALA30L-BWTGXW(3H);RAV 4 / 2.2 / D AUT.;Japonska ;JPN;osebni avtomobil;185;vecnamensko vozilo;RAV 4 
110;2438;7.2;1;VOLKSWAGEN;SCXFA308X1-NAAD7BT0117NVR27MMG03L64272;CALIFORNIA BEACH / 2.0 / TDI 4M AUT.;Nemcija;DEU;osebni avtomobil;175;karavan;CALIFORNIA BEACH 
110;1830;7.2;1;VOLKSWAGEN;ACDFGAX1-AD7AD7GC010L7R5NVR24BF1CSB;TIGUAN / 2.0 / TDI 4M AUT.;Nemcija;DEU;osebni avtomobil;198;karavan;TIGUAN 
110;1790;7.2;1;VOLKSWAGEN;ACDFGAX1-AD7AD7GC010L5R5NVR24BF1CSB;TIGUAN / 2.0 / TDI 4M AUT.;Nemcija;DEU;osebni avtomobil;198;karavan;TIGUAN 
110;1780;7.2;1;VOLKSWAGEN;ACDFGAX1-AD7AD7GC010L5R6NVR27CP1CSB;TIGUAN / 2.0 / TDI 4M AUT.;Nemcija;DEU;osebni avtomobil;198;karavan;TIGUAN 
110;1771;7.2;0;VOLKSWAGEN;CTHAX0AF-FM6FM6BB0037MJ7VR2VWO;SHARAN / 1.4 / TSI;Nemcija;DEU;osebni avtomobil;197;vecnamensko vozilo;SHARAN 
110;1723;7.2;0;VOLKSWAGEN;CTHAX0AC-FM6FM6BB0037MJ5VR2VWO;SHARAN / 1.4 / TSI;Nemcija;DEU;osebni avtomobil;197;karavan;SHARAN 
110;1715;7.2;1;VOLKSWAGEN;ACDFGAX1-AD7AD7GC010N5R5NVR24BF1CSB;TIGUAN / 2.0 / TDI 4M AUT.;Nemcija;DEU;osebni avtomobil;200;karavan;TIGUAN 
110;1545;7.2;0;VOLKSWAGEN;DPCAAF-FM6FM6C90014BFS72VR21CAD;TOURAN / 1.5 / TSI;Nemcija;DEU;osebni avtomobil;209;vecnamensko vozilo;TOURAN 
110;1540;7.2;0;VOLKSWAGEN;ACDPCAX0-FD7FD7GC008N5R3TVR24BF1BSAC;TIGUAN / 1.5 / TSI AUT.;Nemcija;DEU;osebni avtomobil;200;karavan;TIGUAN 
110;1520;7.2;0;VOLKSWAGEN;ACDADAX0-FM6FM62Q036N5N2TVR27CP1BSA;TIGUAN / 1.5 / TSI;Nemcija;DEU;osebni avtomobil;202;karavan;TIGUAN 
110;1570;7.3;0;AUDI;XDADAF1-FD7FD7GC008RT21B187CPAHA2EM1;Q3 / 1.5 / TFSI AUT.;Nemcija;DEU;osebni avtomobil;207;karavan;Q3 
110;1895;7.3;1;CHEVROLET;CM22-2222;CAPTIVA / 2.0 / DT 16V;Koreja. republika;KOR;osebni avtomobil;182;vecnamensko vozilo;CAPTIVA 
110;1845;7.3;1;CHEVROLET;CW22-1122;CAPTIVA / 2.0 / DT 16V;Koreja. republika;KOR;osebni avtomobil;182;karavan;CAPTIVA 
110;2100;7.3;1;CITROEN;VEAHXK-N2200N;JUMPY SPACE TOURER / 2.0 / HDI L3;Francija;FRA;osebni avtomobil;183;vecnamensko vozilo;JUMPY SPACE TOURER 
110;2034;7.3;1;CITROEN;VEAHXK-N2K00L;JUMPY SPACE TOURER / 2.0 / HDI L2;Francija;FRA;osebni avtomobil;183;vecnamensko vozilo;JUMPY SPACE TOURER 
110;1395;7.3;0;DODGE;PKBBN8C-71;CALIBER / 1.8 /;Zdruûene drûave;USA;osebni avtomobil;190;vozilo z dviûnimi vrati zadaj;CALIBER 
110;1938;7.3;1;HYUNDAI;F7D14-M52AZ1;SANTA FE / 2.2 / CRDi 4WD;Koreja. republika;KOR;osebni avtomobil;179;vecnamensko vozilo;SANTA FE 
110;1898;7.3;1;HYUNDAI;C5D14-M52AZ1;SANTA FE / 2.2 / CRDi 4WD;Koreja. republika;KOR;osebni avtomobil;179;karavan;SANTA FE 
110;1823;7.3;1;HYUNDAI;C5D14-M52AZ1;SANTA FE / 2.2 / CRDi;Koreja. republika;KOR;osebni avtomobil;179;karavan;SANTA FE 
110;1610;7.3;1;MERCEDES BENZ;R20CK0-TZAAA501;C / 220 T / CDI AUT.;Nemcija;DEU;osebni avtomobil;212;karavan;C 
110;1480;7.3;1;MERCEDES BENZ;202128; /;Nemcija;DEU;osebni avtomobil;203;limuzina;
110;1255;7.3;0;OPEL;FS11-1A12B340HCL5;CORSA / 1.6 / 16V TURBO;Nemcija;DEU;osebni avtomobil;210;vecnamensko vozilo;CORSA 
110;2135;7.3;1;PEUGEOT;VEAHXK-L2200N;EXPERT TRAVELLER / 2.0 / HDI L3;Francija;FRA;osebni avtomobil;185;vecnamensko vozilo;EXPERT TRAVELLER 
110;2065;7.3;1;PEUGEOT;VEAHXK-P2F00N;EXPERT TRAVELLER / 2.0 / HDI L3;Francija;FRA;osebni avtomobil;183;vecnamensko vozilo;EXPERT TRAVELLER 
110;2055;7.3;1;PEUGEOT;VEAHXK-N2200N;EXPERT TRAVELLER / 2.0 / HDI L3;Francija;FRA;osebni avtomobil;185;vecnamensko vozilo;EXPERT TRAVELLER 
110;2029;7.3;1;PEUGEOT;VEAHXK-N2K00L;EXPERT TRAVELLER / 2.0 / HDI L2;Francija;FRA;osebni avtomobil;183;vecnamensko vozilo;EXPERT TRAVELLER 
110;2199;7.3;1;RENAULT;JLJM9RMU6UC3302A3B;TRAFIC / 2.0 / DCI;Francija;FRA;osebni avtomobil;178;vecnamensko vozilo;TRAFIC 
110;1855;7.3;1;RENAULT;JK04A6;ESPACE / 2.0 / DCI;Francija;FRA;osebni avtomobil;194;vecnamensko vozilo;ESPACE 
110;1730;7.3;1;RENAULT;VY0A0N;KOLEOS / 2.0 / DCI 4x4;Francija;FRA;osebni avtomobil;182;karavan;KOLEOS 
110;1655;7.3;1;RENAULT;VY0A0N.;KOLEOS / 2.0 / DCI 4x4;Francija;FRA;osebni avtomobil;179;karavan;KOLEOS 
110;1611;7.3;0;SEAT;XDPCAX0-FD7MFD7GC0084BIML521BAD;TARRACO / 1.5 / TSI AUT.;äpanija;ESP;osebni avtomobil;199;karavan;TARRACO 
110;1805;7.3;1;äKODA;ACDFGAX1-NAD7AD7GC0107CP6NS7N1C7B;KODIAQ / 2.0 / TDI 4x4 AUT.;Ceöka republika;CZE;osebni avtomobil;193;karavan;KODIAQ 
110;1718;7.3;0;äKODA;ACDPCAX0-NFD7FD7GC0084BI0NS5V1B2A;KODIAQ / 1.5 / TSI AUT.;Ceöka republika;CZE;osebni avtomobil;202;karavan;KODIAQ 
110;1624;7.3;0;äKODA;ACDPCAX0-NFD7FD7GC0084BF3NS7N1A8A;KODIAQ / 1.5 / TSI AUT.;Ceöka republika;CZE;osebni avtomobil;198;karavan;KODIAQ 
110;1581;7.3;0;äKODA;ACDPCAX0-NFD7FD7GC0084BF0NS5N1A8A;KODIAQ / 1.5 / TSI AUT.;Ceöka republika;CZE;osebni avtomobil;198;karavan;KODIAQ 
110;1549;7.3;0;äKODA;ACDPCAX0-NFM6FM62Q0364BF0NS5N1A8A;KODIAQ / 1.5 / TSI;Ceöka republika;CZE;osebni avtomobil;200;karavan;KODIAQ 
110;1492;7.3;0;äKODA;ACDPCAX01-NFD7FD7CW0024BFSTN1C8B;SUPERB / COMBI 1.5 / TSI AUT.;Ceöka republika;CZE;osebni avtomobil;212;karavan;SUPERB 
110;1393;7.3;0;äKODA;ACDADAX0-NFD7FD7CW0027CP156N1C7B;KAROQ / 1.5 / TSI AUT.;Ceöka republika;CZE;osebni avtomobil;203;karavan;KAROQ 
110;2075;7.3;1;TOYOTA;VEAHXK-P2F00N(1K);PROACE / 2.0 / D;Francija;FRA;osebni avtomobil;183;vecnamensko vozilo;PROACE 
110;2074;7.3;1;TOYOTA;VEAHXK-N2200N(1M);PROACE / 2.0 / D;Francija;FRA;osebni avtomobil;185;vecnamensko vozilo;PROACE 
110;2065;7.3;1;TOYOTA;VEAHXK-N2200N(1N);PROACE / 2.0 / D;Francija;FRA;osebni avtomobil;185;vecnamensko vozilo;PROACE 
110;2064;7.3;1;TOYOTA;VEAHXK-N2200N(1Q);PROACE / 2.0 / D;Francija;FRA;osebni avtomobil;185;vecnamensko vozilo;PROACE 
110;2063;7.3;1;TOYOTA;VEAHXK-N2200N(1L);PROACE / 2.0 / D;Francija;FRA;osebni avtomobil;183;vecnamensko vozilo;PROACE 
110;2051;7.3;1;TOYOTA;VEAHXK-P2F00N(1N);PROACE / 2.0 / D;Francija;FRA;osebni avtomobil;185;vecnamensko vozilo;PROACE 
110;2254;7.3;1;VOLKSWAGEN;GDNAA308X0-LNFM6FM6A500816VVR24BI2A91A;TRANSPORTER / 2.0 / TDI;Nemcija;DEU;osebni avtomobil;183;vecnamensko vozilo;TRANSPORTER 
110;2235;7.3;1;VOLKSWAGEN;GDNAA308X0-LNFM6FM6A500816NVR24BI2A91A;TRANSPORTER / 2.0 / TDI;Nemcija;DEU;osebni avtomobil;183;vecnamensko vozilo;TRANSPORTER 
110;1815;7.3;1;VOLKSWAGEN;ACDFGAX1-AD7AD7GC010L7R6NVR27CP1CSB;TIGUAN / 2.0 / TDI 4M AUT.;Nemcija;DEU;osebni avtomobil;198;karavan;TIGUAN 
110;1790;7.3;1;VOLKSWAGEN;ACDFGAX1-AD7AD7GC010L5R5NVR24BF1CSB;TIGUAN / 2.0 / TDI 4M AUT.;Nemcija;DEU;osebni avtomobil;198;karavan;TIGUAN 
110;1780;7.3;1;VOLKSWAGEN;ACDFGAX1-AD7AD7GC010L5R6NVR27CP1CSB;TIGUAN / 2.0 / TDI 4M AUT.;Nemcija;DEU;osebni avtomobil;198;karavan;TIGUAN 
110;1635;7.3;0;VOLKSWAGEN;ACDPCAX0-FD7FD7GC008N5T3TVR24BI1BSA0M1IS;TIGUAN / 1.5 / TSI AUT.;Nemcija;DEU;osebni avtomobil;202;karavan;TIGUAN 
110;1620;7.3;0;VOLKSWAGEN;ACDPCAX0-FD7FD7GC008N5T2TVR24BI1BSA0M1IS;TIGUAN / 1.5 / TSI AUT.;Nemcija;DEU;osebni avtomobil;202;karavan;TIGUAN 
110;1541;7.3;0;VOLKSWAGEN;ACDPCAX0-FD7FD7GC008N5T3TVR24BI1BSA0M1G;TIGUAN / 1.5 / TSI AUT.;Nemcija;DEU;osebni avtomobil;202;karavan;TIGUAN 
110;1540;7.3;0;VOLKSWAGEN;ACDPCAX0-FD7FD7GC008N5R2TVR24BF1CSA;TIGUAN / 1.5 / TSI AUT.;Nemcija;DEU;osebni avtomobil;200;karavan;TIGUAN 
110;1520;7.3;0;VOLKSWAGEN;ACDADAX0-FM6FM62Q036N5N3TVR27CP1BSA;TIGUAN / 1.5 / TSI;Nemcija;DEU;osebni avtomobil;202;karavan;TIGUAN 
110;1505;7.3;0;VOLKSWAGEN;DADAAC-FD7FD7CW0027CPS50VR21CA;TOURAN / 1.5 / TSI AUT.;Nemcija;DEU;osebni avtomobil;209;karavan;TOURAN 
110;1570;7.4;0;AUDI;XDADAF1-FD7FD7GC008RT21C197CPAHA2EM1;Q3 / 1.5 / TFSI AUT.;Nemcija;DEU;osebni avtomobil;207;karavan;Q3 
110;1350;7.4;0;AUDI;LBVYF1-FM62S005R8P60T20GG;A3 / 2.0 / FSI;Nemcija;DEU;osebni avtomobil;214;vozilo z dviûnimi vrati zadaj;A3 
110;1449;7.4;0;BMW;390LVA71-01;320 / I;Nemcija;DEU;osebni avtomobil;220;limuzina;320
110;1435;7.4;0;BMW;VA71-01;320 / / i;Nemcija;DEU;osebni avtomobil;220;limuzina;320
110;1395;7.4;0;BMW;BX91-31;318 / COUPE / i;Nemcija;DEU;osebni avtomobil;218;kupe;318
110;1895;7.4;1;CHEVROLET;CM22-2222;CAPTIVA / 2.0 / DT 16V;Koreja. republika;KOR;osebni avtomobil;186;vecnamensko vozilo;CAPTIVA 
110;1895;7.4;1;CHEVROLET;CM22-2222;CAPTIVA / 2.0 / DT 16V;Koreja. republika;KOR;osebni avtomobil;182;vecnamensko vozilo;CAPTIVA 
110;1895;7.4;1;CHEVROLET;CM22-2222;CAPTIVA / 2.0 / DT 16V;Koreja. republika;KOR;osebni avtomobil;178;vecnamensko vozilo;CAPTIVA 
110;1888;7.4;1;CHEVROLET;CW22-1122;CAPTIVA / 2.0 / DT 16V;Koreja. republika;KOR;osebni avtomobil;186;karavan;CAPTIVA 
110;1845;7.4;1;CHEVROLET;CW22-1122;CAPTIVA / 2.0 / DT 16V;Koreja. republika;KOR;osebni avtomobil;178;karavan;CAPTIVA 
110;2118;7.4;1;CITROEN;VEAHXK-P2F00N;JUMPY SPACE TOURER / 2.0 / HDI L3;Francija;FRA;osebni avtomobil;185;vecnamensko vozilo;JUMPY SPACE TOURER 
110;2065;7.4;1;CITROEN;VEAHXK-N2K00L;JUMPY SPACE TOURER / 2.0 / HDI L2;Francija;FRA;osebni avtomobil;185;vecnamensko vozilo;JUMPY SPACE TOURER 
110;1395;7.4;0;DODGE;PKBBN8C-95LN1A;CALIBER / 1.8 /;Zdruûene drûave;USA;osebni avtomobil;184;vozilo z dviûnimi vrati zadaj;CALIBER 
110;1165;7.4;0;FORD;JD3-N4JB;FIESTA / 2.0 /;Nemcija;DEU;osebni avtomobil;208;vozilo z dviûnimi vrati zadaj;FIESTA 
110;1842;7.4;1;HONDA;RE62-2;CR-V / 2.2 / i-DTEC / AUT.;Zdruûeno kraljestvo;GBR;osebni avtomobil;187;vecnamensko vozilo;CR-V 
110;1782;7.4;1;HONDA;RE62-2;CR-V / 2.2 / I-DTEC AUT.;Zdruûeno kraljestvo;GBR;osebni avtomobil;187;vecnamensko vozilo;CR-V 
110;1735;7.4;1;OPEL;VEAHXK-N2F00P;ZAFIRA LIFE / 2.0 / CDTI;Nemcija;DEU;osebni avtomobil;170;vecnamensko vozilo;ZAFIRA LIFE 
110;1735;7.4;1;OPEL;VEAHXK-N2F00M;ZAFIRA / LIFE 2.0 / CDTI;Nemcija;DEU;osebni avtomobil;170;vozilo z dostopom za invalidski vozicek;ZAFIRA 
110;1534;7.4;0;PEUGEOT;0U5FXH/1;3008 / 1.6 / i;Francija;FRA;osebni avtomobil;201;vecnamensko vozilo;3008
110;1927;7.4;1;RENAULT;JK01D6;ESPACE / 2.0 / DCI;Francija;FRA;osebni avtomobil;194;vecnamensko vozilo;ESPACE 
110;1882;7.4;1;RENAULT;JK01C6;ESPACE / 2.0 / DCI;Francija;FRA;osebni avtomobil;194;vecnamensko vozilo;ESPACE 
110;1877;7.4;1;RENAULT;JK01B6;ESPACE / 2.0 / DCI;Francija;FRA;osebni avtomobil;194;vecnamensko vozilo;ESPACE 
110;1855;7.4;1;RENAULT;JK04-A6;ESPACE / 2.0 / DCI;Francija;FRA;osebni avtomobil;194;vecnamensko vozilo;ESPACE 
110;1784;7.4;1;RENAULT;VY0K0M;KOLEOS / 2.0 / DCI AUT. 4x4;Francija;FRA;osebni avtomobil;177;karavan;KOLEOS 
110;1730;7.4;1;RENAULT;VY0A0N;KOLEOS / 2.0 / DCI 4x4;Francija;FRA;osebni avtomobil;179;karavan;KOLEOS 
110;1635;7.4;1;SAAB;YS3EE4W-A501;9-5 / 1.9 TID AUT;ävedska;SWE;osebni avtomobil;205;limuzina;09-May
110;1530;7.4;0;SAAB;YS3FF4F-M6 02;9-3 / 2.0 / LPT;ävedska;SWE;osebni avtomobil;210;limuzina;09-Mar
110;1495;7.4;0;SAAB;YS3FF4F-M6 01;9-3 / 2.0 / LPT;ävedska;SWE;osebni avtomobil;210;limuzina;09-Mar
110;1599;7.4;0;SEAT;XDPCAX0-FM6FM62Q0364BFML521CA;TARRACO / 1.5 / TSI;äpanija;ESP;osebni avtomobil;201;karavan;TARRACO 
110;1624;7.4;0;äKODA;ACDPCAX0-NFD7FD7GC0084BF3NS7N1A8A;KODIAQ / 1.5 / TSI AUT.;Ceöka republika;CZE;osebni avtomobil;198;karavan;KODIAQ 
110;1592;7.4;0;äKODA;ACDPCAX0-NFM6FM62Q0364BF2NS7N1C7A;KODIAQ / 1.5 / TSI;Ceöka republika;CZE;osebni avtomobil;200;karavan;KODIAQ 
110;1581;7.4;0;äKODA;ACDPCAX0-NFD7FD7GC0084BF0NS5N1A8A;KODIAQ / 1.5 / TSI AUT.;Ceöka republika;CZE;osebni avtomobil;198;karavan;KODIAQ 
110;1549;7.4;0;äKODA;ACDADAX0-NFM6FM62Q0367CP0NS5N1C7B;KODIAQ / 1.5 / TSI;Ceöka republika;CZE;osebni avtomobil;200;karavan;KODIAQ 
110;1393;7.4;0;äKODA;ACDADAX0-NFD7FD7CW0027CP156N1C8B;KAROQ / 1.5 / TSI AUT.;Ceöka republika;CZE;osebni avtomobil;203;karavan;KAROQ 
110;2238;7.4;1;VOLKSWAGEN;GDNAA320X0-LNFM6FM6A500816NVR24BI2A91A;TRANSPORTER / 2.0 / TDI;Nemcija;DEU;osebni avtomobil;183;vecnamensko vozilo;TRANSPORTER 
110;1691;7.4;0;VOLKSWAGEN;ACDPCAX0-FD7FD7GC008N5T4TVR24BI1BSA0M1IS;TIGUAN / 1.5 / TSI AUT.;Nemcija;DEU;osebni avtomobil;202;karavan;TIGUAN 
110;1602;7.4;0;VOLKSWAGEN;ACDPCAX0-FD7FD7GC008L5T3NVR24BI1BSACM1;TIGUAN / 1.5 / TSI AUT.;Nemcija;DEU;osebni avtomobil;198;karavan;TIGUAN 
110;1585;7.4;0;VOLKSWAGEN;ACDADAX0-FM6FM62Q036L5N3NVR27CP1BSA;TIGUAN / 1.5 / TSI;Nemcija;DEU;osebni avtomobil;200;karavan;TIGUAN 
110;1540;7.4;0;VOLKSWAGEN;ACDPCAX0-FD7FD7GC008N5R3TVR24BF1CSA;TIGUAN / 1.5 / TSI AUT.;Nemcija;DEU;osebni avtomobil;200;karavan;TIGUAN 
110;1526;7.4;0;VOLKSWAGEN;ACCAVAX0-FM6FM6BB001NDST7MG;TIGUAN / 1.4 / TSI;Nemcija;DEU;osebni avtomobil;195;karavan;TIGUAN 
110;1338;7.4;0;VOLKSWAGEN;1K ABAXWX01-FM62S008N4;GOLF / 2.0;Nemcija;DEU;osebni avtomobil;206;vozilo z dviûnimi vrati zadaj;GOLF 
110;1565;7.5;1;ALFA ROMEO;936AXA00-16C;166 / 2.4 / JTD;Italija;ITA;osebni avtomobil;210;limuzina;166
110;1490;7.5;1;ALFA ROMEO;936AXA0016;166 / 2.4 / JTD;Italija;ITA;osebni avtomobil;210;limuzina;166
110;1570;7.5;0;AUDI;XDADAF1-FD7FD7GC008RT21C197CPBHA3EM1;Q3 / 1.5 / TFSI AUT.;Nemcija;DEU;osebni avtomobil;207;karavan;Q3 
110;1335;7.5;0;BMW;UF51-01;120 / / i;Nemcija;DEU;osebni avtomobil;217;vozilo z dviûnimi vrati zadaj;120
110;1295;7.5;0;BMW;BZ11;Z4 / 2.0 / I;Nemcija;DEU;osebni avtomobil;220;kabriolet;Z4 
110;1958;7.5;1;LAND ROVER;LFS4FF2F-B5H3;FREELANDER 2 / 2.2 / TD4;Zdruûeno kraljestvo;GBR;osebni avtomobil;181;karavan;FREELANDER 2 
110;1810;7.5;1;MERCEDES BENZ;U20CK0-TEAAA500;E / 220 T / CDI AUT.;Nemcija;DEU;osebni avtomobil;207;karavan;E 
110;1450;7.5;0;MITSUBISHI;GA311-ABBBA5F5EAAA;ASX / 2.0 / 2WD;Japonska ;JPN;osebni avtomobil;190;karavan;ASX 
110;1947;7.5;1;OPEL;BB11-1A03A4AACA5;ANTARA / 2.0 / DT 16V;Nemcija;DEU;osebni avtomobil;181;karavan;ANTARA 
110;1947;7.5;1;OPEL;BB11-1A03A4AACA5;ANTARA / 2.0 / DT 16V;Nemcija;DEU;osebni avtomobil;180;karavan;ANTARA 
110;1587;7.5;0;PEUGEOT;4B5FXH;308 / CABRIOLET 1.6 / i 16V;Francija;FRA;osebni avtomobil;215;kabriolet;308
110;1561;7.5;0;PEUGEOT;4H5FXH;308 / MONOSPACE 1.6 / TURBO i 16V;Francija;FRA;osebni avtomobil;209;vecnamensko vozilo;308
110;1900;7.5;1;RENAULT;JK04B6;ESPACE / 2.0 / DCI;Francija;FRA;osebni avtomobil;194;vecnamensko vozilo;ESPACE 
110;1611;7.5;0;SEAT;XDPCAX0-FD7MFD7GC0084BIML541BAD;TARRACO / 1.5 / TSI AUT.;äpanija;ESP;osebni avtomobil;199;karavan;TARRACO 
110;1599;7.5;0;SEAT;XDADAX0-FM6FM62Q0367CPML511CB;TARRACO / 1.5 / TSI;äpanija;ESP;osebni avtomobil;201;karavan;TARRACO 
110;1624;7.5;0;äKODA;ACDPCAX0-NFD7FD7GC0084BF4NS7N1A8A;KODIAQ / 1.5 / TSI AUT.;Ceöka republika;CZE;osebni avtomobil;198;karavan;KODIAQ 
110;1592;7.5;0;äKODA;ACDADAX0-NFM6FM62Q0367CP3NS7N1C7B;KODIAQ / 1.5 / TSI;Ceöka republika;CZE;osebni avtomobil;200;karavan;KODIAQ 
110;1582;7.5;0;äKODA;ACDADAX0-NFD7FD7GC0087CP0NS5N1C7A;KODIAQ / 1.5 / TSI AUT.;Ceöka republika;CZE;osebni avtomobil;198;karavan;KODIAQ 
110;1581;7.5;0;äKODA;ACDPCAX0-NFD7FD7GC0084BF0NS5V1B8A;KODIAQ / 1.5 / TSI AUT.;Ceöka republika;CZE;osebni avtomobil;198;karavan;KODIAQ 
110;1549;7.5;0;äKODA;ACDPCAX0-NFM6FM62Q0364BF0NS5V1C7A;KODIAQ / 1.5 / TSI;Ceöka republika;CZE;osebni avtomobil;200;karavan;KODIAQ 
110;1585;7.5;0;SUBARU;SH5-5F0;FORESTER / 2.0 / X. XS AWD AUT.;Japonska ;JPN;osebni avtomobil;185;karavan;FORESTER 
110;1555;7.5;0;SUBARU;SH5-0F0;FORESTER / 2.0 / X. XS AWD;Japonska ;JPN;osebni avtomobil;185;karavan;FORESTER 
110;1541;7.5;0;VOLKSWAGEN;ACDPCAX0-FD7FD7GC008N5N4TVR24BI1CSB0M1IS;TIGUAN / 1.5 / TSI AUT.;Nemcija;DEU;osebni avtomobil;202;karavan;TIGUAN 
110;960;7.5;0;VOLKSWAGEN;1HX0;GOLF / 2.0 / GTI 16V;Nemcija;DEU;osebni avtomobil;215;vozilo z dviûnimi vrati zadaj;GOLF 
110;1635;7.6;1;AUDI;4B;A6 / 2.5 / TDI;Nemcija;DEU;osebni avtomobil;211;limuzina;A6 
110;1481;7.6;0;AUDI;LBLRF1-FM62S005R8P60T4N;A 3 / 2.0;Nemcija;DEU;osebni avtomobil;214;vozilo z dviûnimi vrati zadaj;A 3 
110;1505;7.6;0;BMW;VR71-01;320 / TOURING / i;Nemcija;DEU;osebni avtomobil;218;karavan;320
110;1955;7.6;1;CHEVROLET;CM22-2222;CAPTIVA / 2.0 / DT 16V;Koreja. republika;KOR;osebni avtomobil;182;vecnamensko vozilo;CAPTIVA 
110;1930;7.6;1;CHEVROLET;KLACCW22-1122;CAPTIVA / 2.0 / DT 16V;Koreja. republika;KOR;osebni avtomobil;182;karavan;CAPTIVA 
110;1930;7.6;1;CHEVROLET;CW22-1122;CAPTIVA / 2.0 / DT 16V;Koreja. republika;KOR;osebni avtomobil;178;karavan;CAPTIVA 
110;1895;7.6;1;CHEVROLET;CM22-2222;CAPTIVA / 2.0 / DT 16V;Koreja. republika;KOR;osebni avtomobil;178;vecnamensko vozilo;CAPTIVA 
110;1845;7.6;1;CHEVROLET;CW22-1122;CAPTIVA / 2.0 / DT 16V;Koreja. republika;KOR;osebni avtomobil;182;karavan;CAPTIVA 
110;1645;7.6;1;CHEVROLET;LV3-135;EPICA / 2.0 / DT 16V AUT.;Koreja. republika;KOR;osebni avtomobil;207;limuzina;EPICA 
110;1645;7.6;1;CHEVROLET;LV3-137;EPICA / 2.0 / DT 16V AUT.;Koreja. republika;KOR;osebni avtomobil;205;limuzina;EPICA 
110;1815;7.6;1;FORD;DM2-T7MD4AX-5VUAZ6ABA1D;KUGA / 2.0 / TDCI 110 A6 4x4 S;Nemcija;DEU;osebni avtomobil;190;vecnamensko vozilo;KUGA 
110;1335;7.6;0;MAZDA;BLA2F7;MAZDA 3 / 2.0 / i;Japonska ;JPN;osebni avtomobil;210;limuzina;MAZDA 3 
110;1335;7.6;0;MAZDA;BLA2F7;MAZDA 3 / 2.0 / i;Japonska ;JPN;osebni avtomobil;210;vozilo za posebne namene;MAZDA 3 
110;1690;7.6;1;NISSAN;J10-F04;QASHQAI+2 / 2.0 / DCI 4x4 AUT.;Zdruûeno kraljestvo;GBR;osebni avtomobil;186;vecnamensko vozilo;QASHQAI+2 
110;1947;7.6;1;OPEL;BB11-1A03A4AACA5;ANTARA / 2.0 / DT 16V;Nemcija;DEU;osebni avtomobil;180;karavan;ANTARA 
110;1685;7.6;1;OPEL;V94-Y25DT;OMEGA / 2.5 / DT;Nemcija;DEU;osebni avtomobil;208;limuzina;OMEGA 
110;1950;7.6;1;RENAULT;JK04D6;ESPACE / 2.0 / DCI;Francija;FRA;osebni avtomobil;194;vecnamensko vozilo;ESPACE 
110;1905;7.6;1;RENAULT;JK04C6;ESPACE / 2.0 / DCI;Francija;FRA;osebni avtomobil;194;vecnamensko vozilo;ESPACE 
110;1900;7.6;1;RENAULT;JK04B6;ESPACE / 2.0 / DCI;Francija;FRA;osebni avtomobil;194;vecnamensko vozilo;ESPACE 
110;1850;7.6;1;RENAULT;JK0HA6;ESPACE / 2.2 / DCI;Francija;FRA;osebni avtomobil;188;vecnamensko vozilo;ESPACE 
110;1585;7.6;1;RENAULT;BGRF0B;LAGUNA / 2.2;Francija;FRA;osebni avtomobil;208;vozilo z dviûnimi vrati zadaj;LAGUNA 
110;1740;7.6;1;SAAB;YS3EE5W-A5 01;9-5 / ESTATE 1.9 / TIDS AUT.;ävedska;SWE;osebni avtomobil;200;karavan;09-May
110;1656;7.6;0;SEAT;XDPCAX0-FD7MFD7GC0084BIML751BBD;TARRACO / 1.5 / TSI AUT.;äpanija;ESP;osebni avtomobil;199;karavan;TARRACO 
110;1621;7.6;0;SEAT;XDPCAX0-FD7FD7GC0084BFML531CAD;TARRACO / 1.5 / TSI AUT.;äpanija;ESP;osebni avtomobil;198;karavan;TARRACO 
110;1599;7.6;0;SEAT;XDADAX0-FM6FM62Q0367CPML521CB;TARRACO / 1.5 / TSI;äpanija;ESP;osebni avtomobil;201;karavan;TARRACO 
110;1592;7.6;0;äKODA;ACDADAX0-NFM6FM62Q0367CP3NS7N1C7B;KODIAQ / 1.5 / TSI;Ceöka republika;CZE;osebni avtomobil;200;karavan;KODIAQ 
110;1582;7.6;0;äKODA;ACDADAX0-NFD7FD7GC0087CP0NS5N1C7B;KODIAQ / 1.5 / TSI AUT.;Ceöka republika;CZE;osebni avtomobil;198;karavan;KODIAQ 
110;1581;7.6;0;äKODA;ACDPCAX0-NFD7FD7GC0084BF0NS5V1B8A;KODIAQ / 1.5 / TSI AUT.;Ceöka republika;CZE;osebni avtomobil;198;karavan;KODIAQ 
110;1549;7.6;0;äKODA;ACDADAX0-NFM6FM62Q0367CP0NS5N1C7B;KODIAQ / 1.5 / TSI;Ceöka republika;CZE;osebni avtomobil;200;karavan;KODIAQ 
110;1385;7.6;0;äKODA;AABVYX01-NFM6FM62S008;OCTAVIA / 2.0 / FSI;Ceöka republika;CZE;osebni avtomobil;213;limuzina;OCTAVIA 
110;1932;7.6;1;VOLKSWAGEN;GDNAA300X0-NNFD7FD7DV00116NVR24BI2A91A;TRANSPORTER / 2.0 / TDI AUT.;Nemcija;DEU;osebni avtomobil;182;vecnamensko vozilo;TRANSPORTER 
110;1930;7.6;1;VOLKSWAGEN;GCXFA308X0-LNFM6500816NVR24BF2A91A;TRANSPORTER / 2.0 / TDI;Nemcija;DEU;osebni avtomobil;182;vecnamensko vozilo;TRANSPORTER 
110;1790;7.6;0;VOLKSWAGEN;CAVAX0AF-FD6FD62E0287MG7VR2VWM;SHARAN / 1.4 / TSI AUT.;Nemcija;DEU;osebni avtomobil;197;vecnamensko vozilo;SHARAN 
110;1550;7.6;0;VOLKSWAGEN;ACDADAX0-FD7FD7GC008N5R2TVR27CP1CSB;TIGUAN / 1.5 / TSI AUT.;Nemcija;DEU;osebni avtomobil;200;karavan;TIGUAN 
110;1379;7.6;0;VOLKSWAGEN;ABBLXX0-FM6FM62S016M20GGS1;GOLF / 2.0 / FSI;Nemcija;DEU;osebni avtomobil;209;vozilo z dviûnimi vrati zadaj;GOLF 
110;1485;7.65;0;MITSUBISHI;GF711-AEDAA5B5CAAA;OUTLANDER / 2.0 / 2WD ASG;Japonska ;JPN;osebni avtomobil;190;karavan;OUTLANDER 
110;1345;7.7;0;AUDI;B5LAEB-FM5;A4 / 1.8 / T Q;Nemcija;DEU;osebni avtomobil;222;limuzina;A4 
110;1505;7.7;0;BMW;VL31-6H050000;X1 / sDrive 18 / i;Nemcija;DEU;osebni avtomobil;202;karavan;X1 
110;1630;7.7;0;FORD;DM2-M8MD1AX-5TNBZ6AEQ1C;KUGA / 1.5 / EB GTDI 110 M6 4x2 S;Nemcija;DEU;osebni avtomobil;195;vecnamensko vozilo;KUGA 
110;1484;7.7;0;FORD;DXA-M8DF1VX-5JGBZ6AD56B;C-MAX / 1.5 / EB 110 B6 S;Nemcija;DEU;osebni avtomobil;199;vecnamensko vozilo;C-MAX 
110;1090;7.7;0;FORD;JD3-N4JB1;FIESTA / 2.0 / ST;Nemcija;DEU;osebni avtomobil;208;vozilo z dviûnimi vrati zadaj;FIESTA 
110;1945;7.7;1;RENAULT;JK0HD6;ESPACE / 2.2 / DCI;Francija;FRA;osebni avtomobil;188;vecnamensko vozilo;ESPACE 
110;1850;7.7;1;RENAULT;JK0H-A6;ESPACE / 2.2 / DCI;Francija;FRA;osebni avtomobil;188;vecnamensko vozilo;ESPACE 
110;1850;7.7;1;RENAULT;JK0HA6;ESPACE / 2.2;Francija;FRA;osebni avtomobil;188;limuzina;ESPACE 
110;1630;7.7;1;RENAULT;KGRF0B;LAGUNA / GRANDTOUR / 2.2 / DCI;Francija;FRA;osebni avtomobil;205;karavan;LAGUNA 
110;1600;7.7;1;RENAULT;KG1FBB;LAGUNA / GRANDTOUR 2.2 / DCI AUT.;Francija;FRA;osebni avtomobil;207;karavan;LAGUNA 
110;1624;7.7;0;äKODA;ACDPCAX0-NFD7FD7GC0084BF3NS7N1C7A;KODIAQ / 1.5 / TSI AUT.;Ceöka republika;CZE;osebni avtomobil;198;karavan;KODIAQ 
110;1582;7.7;0;äKODA;ACDADAX0-NFD7FD7GC0087CP0NS5N1C7B;KODIAQ / 1.5 / TSI AUT.;Ceöka republika;CZE;osebni avtomobil;198;karavan;KODIAQ 
110;1581;7.7;0;äKODA;ACDPCAX0-NFD7FD7GC0084BF0NS5V1C7A;KODIAQ / 1.5 / TSI AUT.;Ceöka republika;CZE;osebni avtomobil;198;karavan;KODIAQ 
110;1549;7.7;0;äKODA;ACDADAX0-NFM6FM62Q0367CP0NS5N1C7B;KODIAQ / 1.5 / TSI;Ceöka republika;CZE;osebni avtomobil;200;karavan;KODIAQ 
110;1589;7.7;0;SUBARU;GTE-CKL;IMPREZA / WAGON 2.0 / i-S ES CVT AWD;Japonska ;JPN;osebni avtomobil;192;karavan;IMPREZA 
110;2063;7.7;1;VOLKSWAGEN;MCXFA300X0-NNFM6500816TVR24BF2A72A;MULTIVAN / 2.0 / TDI;Nemcija;DEU;osebni avtomobil;182;karavan;MULTIVAN 
110;1945;7.7;1;VOLKSWAGEN;GCXFA308X0-LNFM6FM6A500816NVR24BF2A91A;TRANSPORTER / 2.0 / TDI;Nemcija;DEU;osebni avtomobil;182;vecnamensko vozilo;TRANSPORTER 
110;1930;7.7;1;VOLKSWAGEN;GCXFA308X0-LNFM6500816NVR24BF2A91A;TRANSPORTER / 2.0 / TDI;Nemcija;DEU;osebni avtomobil;182;vecnamensko vozilo;TRANSPORTER 
110;1680;7.8;1;AUDI;B5-AKN;A4 / AVANT 2.5 / TDI Q AUT;Nemcija;DEU;osebni avtomobil;208;karavan;A4 
110;1250;7.8;0;AUDI;8L-AUM;A3 / 1.8 / T;Nemcija;DEU;osebni avtomobil;217;vozilo z dviûnimi vrati zadaj;A3 
110;1580;7.8;0;BMW;BY71-31;318 / CABRIO / i;Nemcija;DEU;osebni avtomobil;206;kabriolet;318
110;1694;7.8;0;HYUNDAI;LC81CB;i40 / 2.0 / AUT.;Koreja. republika;KOR;osebni avtomobil;198;karavan;i40 
110;1480;7.8;0;MITSUBISHI;GA311-ADBBCCF5EAAA;ASX / 2.0 / 2WD / CVT;Japonska ;JPN;osebni avtomobil;190;karavan;ASX 
110;1862;7.8;1;NISSAN;T32GG11;X-TRAIL / 1.7 / DCI 4x4 AUT.;Japonska ;JPN;osebni avtomobil;190;vecnamensko vozilo;X-TRAIL 
110;1843;7.8;1;NISSAN;T32GG72;X-TRAIL / 1.7 / DCI 4x4 AUT.;Japonska ;JPN;osebni avtomobil;190;vecnamensko vozilo;X-TRAIL 
110;1679;7.8;1;NISSAN;J-10;QASHQAI / 2.0 / DCI;Zdruûeno kraljestvo;GBR;osebni avtomobil;185;vecnamensko vozilo;QASHQAI 
110;1604;7.8;1;NISSAN;J10-F02;QASHQAI / 2.0 / DCI 4x4 AUT.;Zdruûeno kraljestvo;GBR;osebni avtomobil;185;vecnamensko vozilo;QASHQAI 
110;1733;7.8;1;OPEL;VBF35-Y25DT;OMEGA / CAR.2.5;Nemcija;DEU;osebni avtomobil;200;karavan;OMEGA 
110;1900;7.8;1;RENAULT;JK0HC6;ESPACE / 2.2 / DCI;Francija;FRA;osebni avtomobil;188;vecnamensko vozilo;ESPACE 
110;1895;7.8;1;RENAULT;JK0HB6;ESPACE / 2.2 / DCI;Francija;FRA;osebni avtomobil;188;vecnamensko vozilo;ESPACE 
110;1895;7.8;1;RENAULT;JK0HB6;ESPACE / 2.2;Francija;FRA;osebni avtomobil;188;limuzina;ESPACE 
110;1695;7.8;0;SEAT;DJKAX0AC-FM6FM6BB0037CPN5SE1EA;ALHAMBRA / 1.4 / TSI;äpanija;ESP;osebni avtomobil;200;karavan;ALHAMBRA 
110;1582;7.8;0;äKODA;ACDADAX0-NFD7FD7GC0087CP0NS5V1C7B;KODIAQ / 1.5 / TSI AUT.;Ceöka republika;CZE;osebni avtomobil;198;karavan;KODIAQ 
110;1943;7.8;1;VOLKSWAGEN;GCXFA308X0-NNFM6500816NVR27CSL2B91A;TRANSPORTER / 2.0 / TDI;Nemcija;DEU;osebni avtomobil;182;vecnamensko vozilo;TRANSPORTER 
110;1930;7.8;1;VOLKSWAGEN;GCXFA300X0-LNFM6500816NVR27CSL2B91A;TRANSPORTER / 2.0 / TDI;Nemcija;DEU;osebni avtomobil;182;vecnamensko vozilo;TRANSPORTER 
110;1868;7.8;1;VOLKSWAGEN;GCXFA300X0-NNFM6500816NVR27CSL2B91A;TRANSPORTER / 2.0 / TDI;Nemcija;DEU;osebni avtomobil;182;vecnamensko vozilo;TRANSPORTER 
110;1432;7.8;0;VOLKSWAGEN;ABBLXX0-FM6FM62S016N40GGS1;GOLF / 2.0 / FSI;Nemcija;DEU;osebni avtomobil;209;vozilo z dviûnimi vrati zadaj;GOLF 
110;1359;7.8;0;VOLKSWAGEN;ABBVYX0-FM6FM62S016M20GGN1;GOLF / 2.0 / FSI;Nemcija;DEU;osebni avtomobil;209;vozilo z dviûnimi vrati zadaj;GOLF 
110;1306;7.8;0;VOLKSWAGEN;1J-AGU;GOLF / 1.8;Nemcija;DEU;osebni avtomobil;216;vozilo z dviûnimi vrati zadaj;GOLF 
110;1274;7.8;0;VOLKSWAGEN;ABGBJXX01-FM5FM52R0201N1L0GG;POLO / 1.8 / T GTI;Nemcija;DEU;osebni avtomobil;216;vozilo z dviûnimi vrati zadaj;POLO 
110;1200;7.8;0;VOLKSWAGEN;SCAGUX01-SGFM52J013L2;GOLF / 1.8 / T;Nemcija;DEU;osebni avtomobil;216;vozilo z dviûnimi vrati zadaj;GOLF 
110;1555;7.9;1;AUDI;B5 AFBQ1;A4 / 2.5 / TDI Q;Nemcija;DEU;osebni avtomobil;216;karavan;A4 
110;1465;7.9;0;BMW;390LVA71-02;320 / I AUT.;Nemcija;DEU;osebni avtomobil;215;limuzina;320
110;1525;7.9;0;MITSUBISHI;GA321-AEBBCCA5AAAA;ASX / 2.0 / 4WD / CVT;Japonska ;JPN;osebni avtomobil;190;karavan;ASX 
110;1807;7.9;1;NISSAN;J10-F04;QASHQAI / 2.0 / DCI 4x4 AUT.;Zdruûeno kraljestvo;GBR;osebni avtomobil;183;vecnamensko vozilo;QASHQAI 
110;1255;7.9;0;OPEL;FH11-1A15B34HCL5;CORSA / 1.6 / 16V TURBO;Nemcija;DEU;osebni avtomobil;210;vecnamensko vozilo;CORSA 
110;1980;7.9;1;RENAULT;JK0HB6;ESPACE / 2.2 / DCI;Francija;FRA;osebni avtomobil;188;vecnamensko vozilo;ESPACE 
110;1945;7.9;1;RENAULT;JK0H-D6;ESPACE / 2.2 / DCI;Francija;FRA;osebni avtomobil;188;vecnamensko vozilo;ESPACE 
110;1900;7.9;1;RENAULT;JK0HC6;ESPACE / 2.2;Francija;FRA;osebni avtomobil;188;limuzina;ESPACE 
110;1900;7.9;1;RENAULT;JK0H-C6;ESPACE / 2.2 / DCI;Francija;FRA;osebni avtomobil;188;vecnamensko vozilo;ESPACE 
110;1895;7.9;1;RENAULT;JK0HB6;ESPACE / 2.2;Francija;FRA;osebni avtomobil;188;limuzina;ESPACE 
110;1784;7.9;1;RENAULT;VY0A0M;KOLEOS / 2.0 / DCI AUT. 4x4;Francija;FRA;osebni avtomobil;177;vozilo za posebne namene;KOLEOS 
110;1784;7.9;1;RENAULT;VY0A0M;KOLEOS / 2.0 / DCI AUT. 4x4;Francija;FRA;osebni avtomobil;177;karavan;KOLEOS 
110;1580;7.9;0;SAAB;YS3FF5F-M5 01;9-3 / ESTATE 2.0 / I;ävedska;SWE;osebni avtomobil;205;karavan;09-Mar
110;1375;7.9;0;SAAB;900 / II CABRIO;900 / 2.3 / I;ävedska;SWE;osebni avtomobil;210;kabriolet;900
110;1582;7.9;0;äKODA;ACDADAX0-NFD7FD7GC0087CP0NS5V1C7B;KODIAQ / 1.5 / TSI AUT.;Ceöka republika;CZE;osebni avtomobil;198;karavan;KODIAQ 
110;1627;7.9;0;SUBARU;GXE-CJL;XV / WAGON 2.0 / i-S ES CVT AWD;Japonska ;JPN;osebni avtomobil;193;karavan;XV 
110;1930;7.9;1;VOLKSWAGEN;GCXFA320X0-LNFM6500816NVR27CSL2B91A;TRANSPORTER / 2.0 / TDI;Nemcija;DEU;osebni avtomobil;182;vecnamensko vozilo;TRANSPORTER 
110;1727;7.9;0;VOLKSWAGEN;DJKAX0AC-FM6FM6BB0034BIN5VW1AA;SHARAN / 1.4 / TSI;Nemcija;DEU;osebni avtomobil;200;karavan;SHARAN 
110;1540;7.9;0;VOLKSWAGEN;1T BLXAC1X0-FM6FM62S006O0GG;TOURAN / 2.0;Nemcija;DEU;osebni avtomobil;204;limuzina;TOURAN 
110;1356;7.9;0;VOLKSWAGEN;1J-AGU;GOLF / 1.8 / T;Nemcija;DEU;osebni avtomobil;216;vozilo z dviûnimi vrati zadaj;GOLF 
110;1355;7.9;0;VOLKSWAGEN;SCAGUX01-SGFM52J013M2;GOLF / 1.8 / T;Nemcija;DEU;osebni avtomobil;216;vozilo z dviûnimi vrati zadaj;GOLF 
110;1340;7.9;0;VOLKSWAGEN;SCAUMX01-SGFM52J013M21NN0GG;GOLF / 1.8 / T;Nemcija;DEU;osebni avtomobil;216;vozilo z dviûnimi vrati zadaj;GOLF 
110;1657;8.1;0;HONDA;RE51-1;CR-V / 2.0 /;Zdruûeno kraljestvo;GBR;osebni avtomobil;190;vecnamensko vozilo;CR-V 
110;1569;8.1;0;HONDA;RE5 1-1;CR-V / 2.0 /;Zdruûeno kraljestvo;GBR;osebni avtomobil;190;vecnamensko vozilo;CR-V 
110;1928;8.1;1;HYUNDAI;C5D14-A51AZ1;SANTA FE / 2.2 / CRDi AUT. 4WD;Koreja. republika;KOR;osebni avtomobil;178;karavan;SANTA FE 
110;2273;8.1;1;MERCEDES BENZ;639ZLCHL-2E4D2A1;VIANO / 2.2 / CDI;Nemcija;DEU;osebni avtomobil;179;vecnamensko vozilo;VIANO 
110;2155;8.1;1;MERCEDES BENZ;ZLCHM-2E4D2D1;VIANO / 2.2 / CDI-2.94;Nemcija;DEU;osebni avtomobil;180;vecnamensko vozilo;VIANO 
110;2130;8.1;1;MERCEDES BENZ;ZLCHM-2E4D2A1;VIANO / 2.2 / CDI-2.94;Nemcija;DEU;osebni avtomobil;180;vecnamensko vozilo;VIANO 
110;2115;8.1;1;MERCEDES BENZ;639ZKCHL-2E4D2A1;VITO / 115 / CDI;Nemcija;DEU;osebni avtomobil;179;vozilo za posebne namene;VITO 
110;1840;8.1;1;MERCEDES BENZ;639ZKCHL-2E4D2A1;VITO / 115 / CDI;Nemcija;DEU;osebni avtomobil;179;vecnamensko vozilo;VITO 
110;1510;8.1;1;MERCEDES BENZ;H0H015B0T-JAA250;C / 250 / TD AUT.;Nemcija;DEU;osebni avtomobil;200;limuzina;C 
110;1740;8.1;1;NISSAN;T31-D03;X-TRAIL / 2.0 / DCI AUT.;Japonska ;JPN;osebni avtomobil;181;vecnamensko vozilo;X-TRAIL 
110;1505;8.1;0;äKODA;ACDADAX1-NAD7AD7GC0087CP163N1C7B;KAROQ / 1.5 / TSI 4x4 AUT.;Ceöka republika;CZE;osebni avtomobil;196;karavan;KAROQ 
110;1390;8.1;0;äKODA;ADGF1-AW1W1FM5AJN;OCTAVIA / COMBI 1.8 / T;Ceöka republika;CZE;osebni avtomobil;215;karavan;OCTAVIA 
110;1760;8.1;0;SUBARU;SKE-C4L;FORESTER HEV / 2.0 / i-S ES AWD CVT;Japonska ;JPN;osebni avtomobil;188;karavan;FORESTER HEV 
110;1727;8.1;0;SUBARU;SKE-C1L;FORESTER HEV / 2.0 / i-L ES AWD CVT;Japonska ;JPN;osebni avtomobil;188;karavan;FORESTER HEV 
110;2155;8.1;1;VOLKSWAGEN;GCXFA320X0-LNFM6FM6A500816NVR24BF2B91A;TRANSPORTER / 2.0 / TDI;Nemcija;DEU;osebni avtomobil;182;vozilo za posebne namene;TRANSPORTER 
110;2047;8.1;1;VOLKSWAGEN;MCXFA300X0-NNFD7BT0116NVR24BF2A72A;MULTIVAN / 2.0 / TDI AUT.;Nemcija;DEU;osebni avtomobil;181;karavan;MULTIVAN 
110;1907;8.1;1;VOLKSWAGEN;GCXFA280X0-NNFD7FD7BT00116NVR24BF2A81A;TRANSPORTER / 2.0 / TDI AUT.;Nemcija;DEU;osebni avtomobil;181;vecnamensko vozilo;TRANSPORTER 
110;1509;8.1;0;VOLKSWAGEN;AABVYX0-FM6FM62S016STO0GG;PASSAT / 2.0 / FSI;Nemcija;DEU;osebni avtomobil;213;limuzina;PASSAT 
110;1464;8.1;0;VOLKSWAGEN;AABVYX0-FM6FM62S016ST0GGS;PASSAT / 2.0 / FSI;Nemcija;DEU;osebni avtomobil;213;limuzina;PASSAT 
110;1278;8.1;0;VOLKSWAGEN;SCAWUX01-SGFM52J044M41NN;NEW BEETLE / 1.8 /;Nemcija;DEU;osebni avtomobil;178;vozilo z dviûnimi vrati zadaj;NEW BEETLE 
110;1520;8.13;0;MITSUBISHI;GF711-AFDCBCC5DAAA;OUTLANDER / 2.0 / 2WD CVT ASG;Japonska ;JPN;osebni avtomobil;192;karavan;OUTLANDER 
110;1693;8.2;0;HONDA;RE51-2;CR-V / 2.0 / AUT.;Zdruûeno kraljestvo;GBR;osebni avtomobil;177;vecnamensko vozilo;CR-V 
110;1570;8.2;0;HONDA;RE52-1;CR-V / 2.0 /;Zdruûeno kraljestvo;GBR;osebni avtomobil;190;vecnamensko vozilo;CR-V 
110;1790;8.2;1;LANCIA;841AXD1B02C;THESIS / 2.4 / JTD;Italija;ITA;osebni avtomobil;206;limuzina;THESIS 
110;1240;8.2;0;MAZDA;BK14F2;3 / 2.0;Japonska ;JPN;osebni avtomobil;200;vozilo z dviûnimi vrati zadaj;3
110;1220;8.2;0;MAZDA;BK12F2;MAZDA 3 / 2.0 / i;Japonska ;JPN;osebni avtomobil;208;limuzina;MAZDA 3 
110;2340;8.2;1;MERCEDES BENZ;ZLCHL-2E6D2D1;VIANO / 2.2 / CDI;Nemcija;DEU;osebni avtomobil;179;vecnamensko vozilo;VIANO 
110;2211;8.2;1;MERCEDES BENZ;639ZLCHM-2E6D2A1;VIANO / 2.2 / CDI;Nemcija;DEU;osebni avtomobil;179;vecnamensko vozilo;VIANO 
110;1950;8.2;1;MERCEDES BENZ;ZLCHK-2E6D2B1;VIANO / 2.2 / CDI;Nemcija;DEU;osebni avtomobil;179;vecnamensko vozilo;VIANO 
110;1815;8.2;1;MERCEDES BENZ;639ZKCHM-2E4D2A1;VITO / 115 / CDI;Nemcija;DEU;osebni avtomobil;179;vecnamensko vozilo;VITO 
110;1790;8.2;1;MERCEDES BENZ;639ZKCHK-2E4D2A1;VITO / 115 / CDI;Nemcija;DEU;osebni avtomobil;179;vecnamensko vozilo;VITO 
110;1790;8.2;1;MERCEDES BENZ;639ZLCHK-2E4D1A1;VIANO / 2.2 CDI;Nemcija;DEU;osebni avtomobil;179;karavan;VIANO 
110;1545;8.2;0;MITSUBISHI;GA321-AFBBCCF5EAAA;ASX / 2.0 / 4WD / CVT;Japonska ;JPN;osebni avtomobil;190;karavan;ASX 
110;1570;8.2;0;OPEL;BC11-1A02A6FCCR7;ZAFIRA / 2.2 / 16V;Nemcija;DEU;osebni avtomobil;200;vecnamensko vozilo;ZAFIRA 
110;2580;8.2;1;RENAULT;MLJ4VC;MASTER / 2.3 / DCI;Francija;FRA;osebni avtomobil;147;vozilo za posebne namene;MASTER 
110;2430;8.2;1;RENAULT;MLJ4FC;MASTER / 2.3 / DCI;Francija;FRA;osebni avtomobil;147;vozilo za invalidski vozicek;MASTER 
110;1990;8.2;1;RENAULT;JK04DC;ESPACE / 2.0 / DCI AUT.;Francija;FRA;osebni avtomobil;188;vecnamensko vozilo;ESPACE 
110;1945;8.2;1;RENAULT;JK04CC;ESPACE / 2.0 / DCI AUT.;Francija;FRA;osebni avtomobil;188;vecnamensko vozilo;ESPACE 
110;1935;8.2;1;RENAULT;JK04BC;ESPACE / 2.0 / DCI AUT.;Francija;FRA;osebni avtomobil;188;vecnamensko vozilo;ESPACE 
110;1890;8.2;1;RENAULT;JK04AC;ESPACE / 2.0 / DCI AUT.;Francija;FRA;osebni avtomobil;188;vecnamensko vozilo;ESPACE 
110;1550;8.2;0;SAAB;F4F-M0S;9-3 / 2.0 / T;ävedska;SWE;osebni avtomobil;210;limuzina;09-Mar
110;1335;8.2;0;SEAT;AFBVYX01-SGFM62S0160GG;LEON / 2.0 / FSI;äpanija;ESP;osebni avtomobil;210;vecnamensko vozilo;LEON 
110;1505;8.2;0;äKODA;ACDADAX1-NAD7AD7GC0087CP163N1C7B;KAROQ / 1.5 / TSI 4x4 AUT.;Ceöka republika;CZE;osebni avtomobil;196;karavan;KAROQ 
110;1435;8.2;0;SUBARU;GH7-530;IMPREZA / WAGON 2.0R / AWD AUT.;Japonska ;JPN;osebni avtomobil;182;karavan;IMPREZA 
110;2460;8.2;1;VOLKSWAGEN;GDNAA308X1-LNAD7AD7DV00116VVR24BI2A81A;TRANSPORTER / 2.0 / TDI 4M AUT.;Nemcija;DEU;osebni avtomobil;179;vecnamensko vozilo;TRANSPORTER 
110;2343;8.2;1;VOLKSWAGEN;GDNAA308X1-NNAD7AD7DV00116NVR24BI2A91A;TRANSPORTER / 2.0 / TDI 4M AUT.;Nemcija;DEU;osebni avtomobil;179;vecnamensko vozilo;TRANSPORTER 
110;2237;8.2;1;VOLKSWAGEN;GCXFA320X1-LNAM6AM6A500916NVR24BF2A91A;TRANSPORTER / 2.0 / TDI 4M;Nemcija;DEU;osebni avtomobil;179;vozilo za posebne namene;TRANSPORTER 
110;2202;8.2;1;VOLKSWAGEN;GCXFA320X1-LNAM6500916NVR24BF2A91A;TRANSPORTER / 2.0 / TDI 4M;Nemcija;DEU;osebni avtomobil;179;vozilo za posebne namene;TRANSPORTER 
110;2047;8.2;1;VOLKSWAGEN;MCXFA300X0-NNFD7BT0116TVR24BF2A72A;MULTIVAN / 2.0 / TDI AUT.;Nemcija;DEU;osebni avtomobil;181;karavan;MULTIVAN 
110;1969;8.2;1;VOLKSWAGEN;GCXFA308X0-LNFD7FD7BT00116NVR24BF2A91A;TRANSPORTER / 2.0 / TDI AUT.;Nemcija;DEU;osebni avtomobil;181;vecnamensko vozilo;TRANSPORTER 
110;1954;8.2;1;VOLKSWAGEN;GCXFA308X0-LNFD7FD7BT00116VVR24BF2A91A;TRANSPORTER / 2.0 / TDI AUT.;Nemcija;DEU;osebni avtomobil;181;vecnamensko vozilo;TRANSPORTER 
110;1592;8.2;0;VOLKSWAGEN;BVYAE-FM6STFM62S0160GGO;EOS / 2.0 / FSI;Nemcija;DEU;osebni avtomobil;210;kabriolet;EOS 
110;1520;8.2;0;VOLKSWAGEN;ACBVYX0-FM6FM62S016STO0GG;PASSAT / VARIANT 2.0 / FSI;Nemcija;DEU;osebni avtomobil;210;karavan;PASSAT 
110;1501;8.2;0;VOLKSWAGEN;AABLRX0-FM6FM62S016N0GG;PASSAT / 2.0 / FSI;Nemcija;DEU;osebni avtomobil;213;limuzina;PASSAT 
110;1498;8.2;0;VOLKSWAGEN;AABLRX0-FM6FM62S016N0GG;PASSAT / 2.0;Nemcija;DEU;osebni avtomobil;213;limuzina;PASSAT 
110;1968;8.3;1;HYUNDAI;F7D14-A51AZ1;SANTA FE / 2.2 / CRDi AUT. 4WD;Koreja. republika;KOR;osebni avtomobil;178;vecnamensko vozilo;SANTA FE 
110;1680;8.3;1;MERCEDES BENZ;210.215-J215B0GPAA250;E / 250 T / TURBODIESEL;Nemcija;DEU;osebni avtomobil;203;karavan;E 
110;2490;8.3;1;VOLKSWAGEN;GDNAA320X1-LNAD7AD7DV00116NVR24BI2A91A;TRANSPORTER / 2.0 / TDI 4M AUT.;Nemcija;DEU;osebni avtomobil;179;vecnamensko vozilo;TRANSPORTER 
110;2238;8.3;1;VOLKSWAGEN;MCXFA308X1-LNAM6500917NVR24BF2A72A;MULTIVAN / 2.0 / TDI 4M;Nemcija;DEU;osebni avtomobil;179;karavan;MULTIVAN 
110;2185;8.3;1;VOLKSWAGEN;GCXFA320X1-LNAM6500916NVR24BF2A91A;TRANSPORTER / 2.0 / TDI 4M;Nemcija;DEU;osebni avtomobil;179;vozilo za posebne namene;TRANSPORTER 
110;2063;8.3;1;VOLKSWAGEN;MCXFA300X0-NNFD7FD7BT00116NVR24BF2A72A;MULTIVAN / 2.0 / TDI AUT.;Nemcija;DEU;osebni avtomobil;181;karavan;MULTIVAN 
110;2047;8.3;1;VOLKSWAGEN;MCXFA300X0-NNFD7BT0116TVR24BF2A72A;MULTIVAN / 2.0 / TDI AUT.;Nemcija;DEU;osebni avtomobil;181;karavan;MULTIVAN 
110;1556;8.3;0;VOLKSWAGEN;BVYAE-FM6STFM62S0160GG;EOS / 2.0 / FSI;Nemcija;DEU;osebni avtomobil;210;kabriolet;EOS 
110;1532;8.3;0;VOLKSWAGEN;AABLRX0-FM6FM62S016STO0GG;PASSAT / 2.0 / FSI;Nemcija;DEU;osebni avtomobil;213;limuzina;PASSAT 
110;1525;8.3;0;VOLKSWAGEN;AABLRX0-FM6FM62S016STO0GG;PASSAT / 2.0;Nemcija;DEU;osebni avtomobil;213;limuzina;PASSAT 
110;1520;8.3;0;VOLKSWAGEN;ACBVYX0-FM6FM62S016ST0GG;PASSAT / VARIANT 2.0 / FSI;Nemcija;DEU;osebni avtomobil;210;karavan;PASSAT 
110;2050;8.4;1;CHRYSLER;RGYB35-04;VOYAGER / 2.8 / CRD AUT.;Zdruûene drûave;USA;osebni avtomobil;180;vecnamensko vozilo;VOYAGER 
110;2025;8.4;1;CHRYSLER;RGYB35-02;VOYAGER / 2.8 / TD AUT.;Zdruûene drûave;USA;osebni avtomobil;180;vecnamensko vozilo;VOYAGER 
110;2000;8.4;1;CHRYSLER;RGYB35-01;VOYAGER / 2.8 / TD AUT.;Zdruûene drûave;USA;osebni avtomobil;180;vecnamensko vozilo;VOYAGER 
110;1520;8.4;0;FORD;DXA-M8DF1VX-5BBBZ6AD46D;C-MAX / 1.5 / EB 110 A6 S;Nemcija;DEU;osebni avtomobil;200;vecnamensko vozilo;C-MAX 
110;1528;8.4;0;HONDA;BE31-1;FRV / 2.0;Japonska ;JPN;osebni avtomobil;195;vecnamensko vozilo;FRV 
110;1528;8.4;0;HONDA;BE31-1;FR-V / 2.0 /;Japonska ;JPN;osebni avtomobil;195;vecnamensko vozilo;FR-V 
110;1765;8.4;1;RENAULT;BJ0F0B;VEL SATIS / 2.2 / DCI AUT.;Francija;FRA;osebni avtomobil;193;vozilo z dviûnimi vrati zadaj;VEL SATIS 
110;1765;8.4;1;RENAULT;BJ0F-0B;VELSATIS / 2.2 / DCI AUT.;Francija;FRA;osebni avtomobil;193;vozilo z dviûnimi vrati zadaj;VELSATIS 
110;1502;8.4;0;SEAT;XDADAX1-AD7SAD7GC0087CPML1C19B;ATECA / 1.5 / TSI 4WD AUT.;äpanija;ESP;osebni avtomobil;189;karavan;ATECA 
110;1550;8.4;0;SUBARU;SH5-530;FORESTER / 2.0 / AWD AUT.;Japonska ;JPN;osebni avtomobil;185;karavan;FORESTER 
110;1540;8.4;0;SUBARU;SH5-030;FORESTER / 2.0 / AWD;Japonska ;JPN;osebni avtomobil;184;karavan;FORESTER 
110;1420;8.4;0;SUBARU;GH7-030;IMPREZA / WAGON 2.0R / AWD;Japonska ;JPN;osebni avtomobil;193;karavan;IMPREZA 
110;2391;8.4;1;VOLKSWAGEN;MCXFA300X0-NNFD7FD7BT00116TVR24BF1A72A;MULTIVAN / 2.0 / TDI AUT.;Nemcija;DEU;osebni avtomobil;181;karavan;MULTIVAN 
110;2047;8.4;1;VOLKSWAGEN;MCXFA300X0-NNFD7BT0116NVR24BF1A72A;MULTIVAN / 2.0 / TDI AUT.;Nemcija;DEU;osebni avtomobil;181;karavan;MULTIVAN 
110;1621;8.4;0;VOLKSWAGEN;ACBWKX1-AM6AM6A6004ND0GG;TIGUAN / 1.4 / TSI 4M;Nemcija;DEU;osebni avtomobil;192;karavan;TIGUAN 
110;1592;8.4;0;VOLKSWAGEN;BVYAE-FM6STFM62S0160GGO;EOS / 2.0 / FSI;Nemcija;DEU;osebni avtomobil;210;kabriolet;EOS 
110;1513;8.4;0;VOLKSWAGEN;AABLRX0-FM6FM62S016STO0GG;PASSAT / 2.0 / FSI;Nemcija;DEU;osebni avtomobil;213;limuzina;PASSAT 
110;1497;8.4;0;VOLKSWAGEN;AABLRX0-FM6FM62S016STN0GG;PASSAT / 2.0;Nemcija;DEU;osebni avtomobil;213;limuzina;PASSAT 
110;1491;8.4;0;VOLKSWAGEN;AABLRX0-FM6FM62S016STN0GG;PASSAT / 2.0 / FSI;Nemcija;DEU;osebni avtomobil;213;limuzina;PASSAT 
110;1330;8.4;0;VOLKSWAGEN;SEAPUX01-SGFM51W042N;PASSAT / VAR. 1.8 / T;Nemcija;DEU;osebni avtomobil;200;karavan;PASSAT 
110;1497;8.5;0;AUDI;LAVJQ1-QM5ABDR8E500;A4 / 1.8 /;Nemcija;DEU;osebni avtomobil;205;limuzina;A4 
110;2210;8.5;1;CHRYSLER;RGYB15-05;GRAND VOYAGER / 2.8 / TD AUT.;Zdruûene drûave;USA;osebni avtomobil;180;vecnamensko vozilo;GRAND VOYAGER 
110;2185;8.5;1;CHRYSLER;RGYB45-03;GRAND VOYAGER / 2.8 / TD AUT.;Zdruûene drûave;USA;osebni avtomobil;180;vozilo z dostopom za invalidski vozicek;GRAND VOYAGER 
110;2150;8.5;1;CHRYSLER;RGYB55-04;GRAND VOYAGER / 2.8 / TD AUT.;Zdruûene drûave;USA;osebni avtomobil;180;vecnamensko vozilo;GRAND VOYAGER 
110;2080;8.5;1;CHRYSLER;RGYB45-03;GRAND VOYAGER / 2.8;Zdruûene drûave;USA;osebni avtomobil;180;limuzina;GRAND VOYAGER 
110;2055;8.5;1;CHRYSLER;RGYB45-01;GRAND VOYAGER / 2.8;Zdruûene drûave;USA;osebni avtomobil;180;limuzina;GRAND VOYAGER 
110;2205;8.5;1;MERCEDES BENZ;ZKCHM-2C6C2A1;VITO / 115 / CDI-2.94;Nemcija;DEU;osebni avtomobil;180;vecnamensko vozilo;VITO 
110;2185;8.5;1;MERCEDES BENZ;ZKCHL-2C4C2A1;VITO / 115 / CDI-2.94;Nemcija;DEU;osebni avtomobil;180;vecnamensko vozilo;VITO 
110;1790;8.5;1;MERCEDES BENZ;ZKCHK-2E6D2A1;VITO / 115 / CDI;Nemcija;DEU;osebni avtomobil;180;vecnamensko vozilo;VITO 
110;1502;8.5;0;SEAT;XDADAX1-AD7FAD7GC0087CPML1C19B;ATECA / 1.5 / TSI 4WD AUT.;äpanija;ESP;osebni avtomobil;189;karavan;ATECA 
110;1420;8.5;0;TOYOTA;ACM20L-ARMDKW(2D);AVENSIS / VERSO 2.0;Japonska ;JPN;osebni avtomobil;192;karavan;AVENSIS 
110;2232;8.5;1;VOLKSWAGEN;GCXFA300X0-LNFD7BT0116VVR27CSL2B91A;TRANSPORTER / 2.0 / TDI AUT.;Nemcija;DEU;osebni avtomobil;181;vozilo z dostopom za invalidski vozicek;TRANSPORTER 
110;2194;8.5;1;VOLKSWAGEN;MCXFA308X1-NNAD7BT0117TVR24BF2A72A;MULTIVAN / 2.0 / TDI 4M AUT.;Nemcija;DEU;osebni avtomobil;178;karavan;MULTIVAN 
110;2052;8.5;1;VOLKSWAGEN;GCXFA320X1-LNAM6500916NVR27CSL2B91A;TRANSPORTER / 2.0 / TDI 4M;Nemcija;DEU;osebni avtomobil;179;vecnamensko vozilo;TRANSPORTER 
110;2047;8.5;1;VOLKSWAGEN;MCXFA300X0-NNFD7BT0116TVR27CSL1B72A;MULTIVAN / 2.0 / TDI AUT.;Nemcija;DEU;osebni avtomobil;181;karavan;MULTIVAN 
110;1954;8.5;1;VOLKSWAGEN;GCXFA320X0-LNFD7BT0116NVR27CSL2B91A;TRANSPORTER / 2.0 / TDI AUT.;Nemcija;DEU;osebni avtomobil;181;vecnamensko vozilo;TRANSPORTER 
110;1945;8.5;1;VOLKSWAGEN;GCXFA300X0-LNFD7BT0116VVR27CSL2B91A;TRANSPORTER / 2.0 / TDI AUT.;Nemcija;DEU;osebni avtomobil;181;vecnamensko vozilo;TRANSPORTER 
110;1481;8.5;0;VOLKSWAGEN;SEAWTX01-SGFM51W042NO;PASSAT / VAR. 1.8 / T;Nemcija;DEU;osebni avtomobil;214;karavan;PASSAT 
110;1410;8.6;0;AUDI;8N;TT / 1.8 / T / ROADSTER;Madûarska;HUN;osebni avtomobil;214;kabriolet;TT 
110;1980;8.6;1;CHEVROLET;CM22-2223;CAPTIVA / 2.0 / DT 16V AUT.;Koreja. republika;KOR;osebni avtomobil;182;vecnamensko vozilo;CAPTIVA 
110;1910;8.6;1;CHEVROLET;CM22-2223;CAPTIVA / 2.0 / DT 16V AUT.;Koreja. republika;KOR;osebni avtomobil;180;vecnamensko vozilo;CAPTIVA 
110;2375;8.6;1;CITROEN;YBUMPB/HY8;JUMPER / KOMBI 33 2.2 / HDi L2H2;Francija;FRA;osebni avtomobil;157;vecnamensko vozilo;JUMPER 
110;2118;8.6;1;HYUNDAI;HP;TERRACAN / 2.9 / CRDi 4WD;Koreja. republika;KOR;osebni avtomobil;166;limuzina;TERRACAN 
110;2118;8.6;1;HYUNDAI;NM81XP;TERRACAN / 2.9 / CRDI 4WD;Koreja. republika;KOR;osebni avtomobil;166;vecnamensko vozilo;TERRACAN 
110;2665;8.6;1;MERCEDES BENZ;639ZK3HL-2C1B2A1;VITO / 115 / CDI;Nemcija;DEU;osebni avtomobil;180;vozilo za posebne namene;VITO 
110;1840;8.6;1;MERCEDES BENZ;ZL3HL-2C1C2A1;VIANO / 2.2 / CDI-2.94;Nemcija;DEU;osebni avtomobil;180;vecnamensko vozilo;VIANO 
110;1815;8.6;1;MERCEDES BENZ;ZLCHM-2C4C2A1;VIANO / 2.2 / CDI-2.94;Nemcija;DEU;osebni avtomobil;180;vecnamensko vozilo;VIANO 
110;1815;8.6;1;MERCEDES BENZ;ZK3HM-2C1C2B1;VITO / 115 / CDI-2.94;Nemcija;DEU;osebni avtomobil;180;vecnamensko vozilo;VITO 
110;1790;8.6;1;MERCEDES BENZ;639.703;VITO 115 / CDI;Nemcija;DEU;osebni avtomobil;180;vecnamensko vozilo;VITO 115 
110;1790;8.6;1;MERCEDES BENZ;ZL3HK-2C1C1A1;VIANO / 2.2;Nemcija;DEU;osebni avtomobil;180;karavan;VIANO 
110;1790;8.6;1;MERCEDES BENZ;639ZL3HK-2C1C1A1;VIANO / 2.2 / CDI;Nemcija;DEU;osebni avtomobil;180;vecnamensko vozilo;VIANO 
110;1400;8.6;0;MERCEDES BENZ;124.042;CE / 220 COUPE / AUT.;Nemcija;DEU;osebni avtomobil;205;kupe;CE 
110;1967;8.6;1;OPEL;BB11-1A04A4ABBA5;ANTARA / 2.0 / DT 16V AUT.;Nemcija;DEU;osebni avtomobil;180;karavan;ANTARA 
110;1967;8.6;1;OPEL;BB11-2A04A4ABBA5;ANTARA / 2.0 / DT 16V AUT.;Nemcija;DEU;osebni avtomobil;178;karavan;ANTARA 
110;1865;8.6;1;OPEL;BB11-1A04A4ABBA5;ANTARA / 2.0 / DT 16V AUT.;Nemcija;DEU;osebni avtomobil;178;karavan;ANTARA 
110;1865;8.6;1;OPEL;BB11-1A04A4ABBA5;ANTARA / 2.0 / DT 16V AUT.;Nemcija;DEU;osebni avtomobil;178;limuzina;ANTARA 
110;2375;8.6;1;PEUGEOT;YBUMPB/9F;BOXER / KOMBI 33 2.2 / HDi L2H2;Francija;FRA;osebni avtomobil;156;vecnamensko vozilo;BOXER 
110;1710;8.6;0;SAAB;YS3FF7F-M5 02;9-3 / CV 2.0 / LPT;ävedska;SWE;osebni avtomobil;205;kabriolet;09-Mar
110;1655;8.6;0;SAAB;YS3FF7F-M5 01;9-3 / 2.0;ävedska;SWE;osebni avtomobil;205;kabriolet;09-Mar
110;1580;8.6;0;SAAB;YS3FF7F-M5 01;SAAB / 9-3 / CV 2.0 / LPT;ävedska;SWE;osebni avtomobil;205;kabriolet;SAAB 
110;1661;8.6;0;äKODA;ACDADAX1-NAD7AD7GC0097CP0NS5N1C7A;KODIAQ / 1.5 / TSI 4x4 AUT.;Ceöka republika;CZE;osebni avtomobil;195;karavan;KODIAQ 
110;1537;8.6;0;äKODA;ACBVXX11-NAM6AM62S020O;OCTAVIA / COMBI 2.0 / FSI 4x4;Ceöka republika;CZE;osebni avtomobil;202;karavan;OCTAVIA 
110;1505;8.6;0;äKODA;ACBVXX11-NAM6AM62S018;OCTAVIA / COMBI 2.0 / FSI 4x4;Ceöka republika;CZE;osebni avtomobil;202;vozilo za posebne namene;OCTAVIA 
110;1590;8.6;0;SUBARU;SH5-0F0;FORESTER / 2.0 / X-5. XS-5 AWD;Japonska ;JPN;osebni avtomobil;184;karavan;FORESTER 
110;1561;8.6;0;SUBARU;BR5-010;LEGACY / WAGON 2.0 / AWD;Japonska ;JPN;osebni avtomobil;206;karavan;LEGACY 
110;2304;8.6;1;VOLKSWAGEN;SCXFA300X0-NAFD7BT0116NVR27CSL2B72A;CALIFORNIA BEACH / 2.0 / TDI AUT.;Nemcija;DEU;osebni avtomobil;178;karavan;CALIFORNIA BEACH 
110;2194;8.6;1;VOLKSWAGEN;MCXFA308X1-NNAM6500917NVR27CSL1B72A;MULTIVAN / 2.0 / TDI 4M;Nemcija;DEU;osebni avtomobil;179;karavan;MULTIVAN 
110;2063;8.6;1;VOLKSWAGEN;GCXFA308X1-LNAD7BT0116NVR24BF2A81A;TRANSPORTER / 2.0 / TDI 4M AUT.;Nemcija;DEU;osebni avtomobil;178;vecnamensko vozilo;TRANSPORTER 
110;2047;8.6;1;VOLKSWAGEN;MCXFA300X0-NNFD7BT0116NVR27CSL2B72A;MULTIVAN / 2.0 / TDI AUT.;Nemcija;DEU;osebni avtomobil;181;karavan;MULTIVAN 
110;2001;8.6;1;VOLKSWAGEN;GCXFA320X1-NNAD7BT0116NVR24BF2A91A;TRANSPORTER / 2.0 / TDI 4M AUT.;Nemcija;DEU;osebni avtomobil;178;vecnamensko vozilo;TRANSPORTER 
110;1615;8.66;0;MITSUBISHI;GF721-AKDHBCC7DAAA;OUTLANDER / 2.0 / 4WD CVT ASG;Japonska ;JPN;osebni avtomobil;190;karavan;OUTLANDER 
110;1570;8.68;0;MITSUBISHI;GF721-AJDGBCC5DAAA;OUTLANDER / 2.0 / 4WD CVT ASG;Japonska ;JPN;osebni avtomobil;190;karavan;OUTLANDER 
110;1910;8.7;1;CHEVROLET;CM22-2223;CAPTIVA / 2.0 / DT 16V AUT.;Koreja. republika;KOR;osebni avtomobil;180;vecnamensko vozilo;CAPTIVA 
110;2275;8.7;1;MERCEDES BENZ;639ZLCHM-3E6C2D1;VIANO / 2.2 / CDI;Nemcija;DEU;osebni avtomobil;179;vecnamensko vozilo;VIANO 
110;2175;8.7;1;MERCEDES BENZ;ZLCHK-3E4C2B1;VIANO / 2.2 / CDI AUT.-2.94;Nemcija;DEU;osebni avtomobil;179;vecnamensko vozilo;VIANO 
110;1815;8.7;1;MERCEDES BENZ;ZKCHM-2E6D2A1;VITO / 115 / CDI;Nemcija;DEU;osebni avtomobil;179;vecnamensko vozilo;VITO 
110;1815;8.7;1;MERCEDES BENZ;ZLCHM-3E4B2A1;VIANO / 2.2 / CDI AUT.-2.94;Nemcija;DEU;osebni avtomobil;179;vecnamensko vozilo;VIANO 
110;1790;8.7;1;MERCEDES BENZ;ZLCHK-3E6C1A1;VIANO / 2.2 / CDI AUT.-2.77;Nemcija;DEU;osebni avtomobil;179;karavan;VIANO 
110;1704;8.7;0;äKODA;ACDADAX1-NAD7AD7GC0097CP4NS7N1C7A;KODIAQ / 1.5 / TSI 4x4 AUT.;Ceöka republika;CZE;osebni avtomobil;195;karavan;KODIAQ 
110;1661;8.7;0;äKODA;ACDADAX1-NAD7AD7GC0097CP0NS5N1C7A;KODIAQ / 1.5 / TSI 4x4 AUT.;Ceöka republika;CZE;osebni avtomobil;195;karavan;KODIAQ 
110;1565;8.7;0;äKODA;ACBVXX11-SAM6AM62S018;OCTAVIA / COMBI 2.0 / FSI 4x4;Ceöka republika;CZE;osebni avtomobil;200;karavan;OCTAVIA 
110;1285;8.7;0;TOYOTA;ACA20L-AZMNKW(2F);RAV 4 / 2.0;Japonska ;JPN;osebni avtomobil;185;karavan;RAV 4 
110;1285;8.7;0;TOYOTA;ACA20L-AZMNKW(1F);RAV 4 / 2.0 /;Japonska ;JPN;osebni avtomobil;185;vecnamensko vozilo;RAV 4 
110;2580;8.7;1;VOLKSWAGEN;MCXFA308X0-NNFD7BT0117NVR27CSL2B72A;MULTIVAN / 2.0 / TDI AUT.;Nemcija;DEU;osebni avtomobil;181;vozilo z dostopom za invalidski vozicek;MULTIVAN 
110;2194;8.7;1;VOLKSWAGEN;MCXFA308X1-NNAD7BT0117NVR24BF2A72A;MULTIVAN / 2.0 / TDI 4M AUT.;Nemcija;DEU;osebni avtomobil;178;karavan;MULTIVAN 
110;2063;8.7;1;VOLKSWAGEN;GCXFA308X1-LNAD7BT0116NVR24BF2A81A;TRANSPORTER / 2.0 / TDI 4M AUT.;Nemcija;DEU;osebni avtomobil;178;vecnamensko vozilo;TRANSPORTER 
110;2047;8.7;1;VOLKSWAGEN;MCXFA300X0-NNFD7BT0116TVR27CSL2B72A;MULTIVAN / 2.0 / TDI AUT.;Nemcija;DEU;osebni avtomobil;181;karavan;MULTIVAN 
110;1567;8.7;0;VOLKSWAGEN;AABVXX1-AM6AM62S018ST0GGS;PASSAT / 2.0 / FSI 4M;Nemcija;DEU;osebni avtomobil;209;limuzina;PASSAT 
110;1840;8.8;1;MERCEDES BENZ;639ZL3HL3E1C2A1;VIANO / 2.2 / CDI AUT.;Nemcija;DEU;osebni avtomobil;179;vecnamensko vozilo;VIANO 
110;1815;8.8;1;MERCEDES BENZ;ZK3HM-3E1C2A1;VITO / 115 / CDI AUT.-2.94;Nemcija;DEU;osebni avtomobil;179;vecnamensko vozilo;VITO 
110;1815;8.8;1;MERCEDES BENZ;639ZL3HM-3E3E1A2D1;VIANO / 2.2 / CDI AUT.;Nemcija;DEU;osebni avtomobil;174;vecnamensko vozilo;VIANO 
110;1795;8.8;1;RENAULT;JK;ESPACE / 2.2 / DCI;Francija;FRA;osebni avtomobil;190;vecnamensko vozilo;ESPACE 
110;1390;8.8;0;äKODA;SEARXX11-FM5QM52C019N;OCTAVIA / COMBI 1.8 / T 4X4;Ceöka republika;CZE;osebni avtomobil;211;karavan;OCTAVIA 
110;1460;8.8;0;TOYOTA;ACA21L-AWMNKW(1F);RAV 4 / 2.0;Japonska ;JPN;osebni avtomobil;185;limuzina;RAV 4 
110;1445;8.8;0;TOYOTA;CLA21L-AWMNYW(2F);RAV 4 / 2.0 / D;Japonska ;JPN;osebni avtomobil;170;vecnamensko vozilo;RAV 4 
110;1405;8.8;0;TOYOTA;ACA21L-AWMNKW(2B);RAV 4 / 2.0 /;Japonska ;JPN;osebni avtomobil;185;karavan;RAV 4 
110;1405;8.8;0;TOYOTA;ACA21L-AWMNKW(1A);RAV4 / 2.0 /;Japonska ;JPN;osebni avtomobil;185;vecnamensko vozilo;RAV4 
110;1350;8.8;0;TOYOTA;ACA21L-AWMNKW(2A);RAV 4 / 2.0 /;Japonska ;JPN;osebni avtomobil;185;karavan;RAV 4 
110;1345;8.8;0;TOYOTA;ACA21L-AWMNKW(1F);RAV 4 / 2.0 /;Japonska ;JPN;osebni avtomobil;185;vecnamensko vozilo;RAV 4 
110;1330;8.8;0;TOYOTA;ACA21L-AWMNKW(2B);RAV 4 / 2.0 /;Japonska ;JPN;osebni avtomobil;185;limuzina;RAV 4 
110;1325;8.8;0;TOYOTA;A2;RAV4 / 2.0;Japonska ;JPN;osebni avtomobil;185;limuzina;RAV4 
110;1295;8.8;0;TOYOTA;ACA20L-AZMNKW;RAV 4 / 2.0;Japonska ;JPN;osebni avtomobil;185;limuzina;RAV 4 
110;1295;8.8;0;TOYOTA;ACA20L-AZMNKW(1B);RAV 4 / 2.0 /;Japonska ;JPN;osebni avtomobil;185;karavan;RAV 4 
110;1285;8.8;0;TOYOTA;ACA20L-AZMNKW;RAV 4 / 2.0 /;Japonska ;JPN;osebni avtomobil;185;karavan;RAV 4 
110;1275;8.8;0;TOYOTA;ACA21L-AWMNKW(1A);RAV 4 / 2.0 /;Japonska ;JPN;osebni avtomobil;185;limuzina;RAV 4 
110;1275;8.8;0;TOYOTA;ACA21L-AWMNKW(1A);RAV 4 / 2.0 /;Japonska ;JPN;osebni avtomobil;185;karavan;RAV 4 
110;1270;8.8;0;TOYOTA;ACA21L-AWMNKW(1F);RAV 4 / 2.0;Japonska ;JPN;osebni avtomobil;185;karavan;RAV 4 
110;2194;8.8;1;VOLKSWAGEN;MCXFA308X1-NNAM6500917NVR27CSL1B72A;MULTIVAN / 2.0 / TDI 4M;Nemcija;DEU;osebni avtomobil;179;karavan;MULTIVAN 
110;2194;8.8;1;VOLKSWAGEN;MCXFA308X1-NNAD7BT0117TVR24BF1A72A;MULTIVAN / 2.0 / TDI 4M AUT.;Nemcija;DEU;osebni avtomobil;178;karavan;MULTIVAN 
110;2063;8.8;1;VOLKSWAGEN;GCXFA320X1-LNAD7BT0116NVR27CSL2B91A;TRANSPORTER / 2.0 / TDI 4M AUT.;Nemcija;DEU;osebni avtomobil;178;vecnamensko vozilo;TRANSPORTER 
110;1628;8.8;0;VOLKSWAGEN;AABVXX1-AM6AM62S018STP0GG;PASSAT / 2.0 / FSI 4M;Nemcija;DEU;osebni avtomobil;209;limuzina;PASSAT 
110;1345;8.8;0;VOLKSWAGEN;3B-AEB;PASSAT / 1.8 / T;Nemcija;DEU;osebni avtomobil;223;limuzina;PASSAT 
110;1270;8.9;0;ALFA ROMEO;937BXC1A09B;147 / 2.0 / T. Spark;Italija;ITA;osebni avtomobil;208;vozilo z dviûnimi vrati zadaj;147
110;1665;8.9;1;AUDI;LAKNQ1-QA5VF0R92P;A4 / 2.5 / TDI Q AUT.;Nemcija;DEU;osebni avtomobil;209;limuzina;A4 
110;1390;8.9;0;AUDI;8P;A3 / 2.0 / I;Nemcija;DEU;osebni avtomobil;214;vozilo z dviûnimi vrati zadaj;A3 
110;1440;8.9;0;BMW;BM11-01;320 / COUPE / i;Nemcija;DEU;osebni avtomobil;221;kupe;320
110;1440;8.9;0;BMW;AM11-11;320 / / I;Nemcija;DEU;osebni avtomobil;219;limuzina;320
110;1365;8.9;0;BMW;AM11-01;320 / / i;Nemcija;DEU;osebni avtomobil;219;limuzina;320
110;1895;8.9;1;CHEVROLET;CM22-2222;CAPTIVA / 2.0 / DT 16V;Koreja. republika;KOR;osebni avtomobil;186;vecnamensko vozilo;CAPTIVA 
110;2135;8.9;1;MERCEDES BENZ;ZK3HM-2C6C2A1;VITO / 115 / CDI;Nemcija;DEU;osebni avtomobil;180;vecnamensko vozilo;VITO 
110;1840;8.9;1;MERCEDES BENZ;639ZK3HL-3E6C2A1;VITO / 115 / CDI AUT.;Nemcija;DEU;osebni avtomobil;179;vecnamensko vozilo;VITO 
110;1704;8.9;0;äKODA;ACDADAX1-NAD7AD7GC0097CP5NS7N1C7A;KODIAQ / 1.5 / TSI 4x4 AUT.;Ceöka republika;CZE;osebni avtomobil;195;karavan;KODIAQ 
110;1520;8.9;1;SUBARU;BL/BP-BPD-0Y0;LEGACY / OUTBACK 2.0 / AWD;Japonska ;JPN;osebni avtomobil;198;karavan;LEGACY 
110;1555;8.9;0;TOYOTA;ACM20L-ARSDKW(1F);AVENSIS / VERSO 2.0;Japonska ;JPN;osebni avtomobil;180;limuzina;AVENSIS 
110;1330;8.9;0;TOYOTA;ACA21W-ACA21L;RAV4 / 2.0;Japonska ;JPN;osebni avtomobil;170;limuzina;RAV4 
110;2426;8.9;1;VOLKSWAGEN;SCXFA308X1-NAAM6500917NVR27CSL1B72B;CALIFORNIA BEACH / 2.0 / TDI 4M;Nemcija;DEU;osebni avtomobil;176;karavan;CALIFORNIA BEACH 
110;1622;8.9;0;VOLKSWAGEN;ACBVXX1-AM6AM62S018ST0GG;PASSAT / VARIANT 2.0 / FSI 4M;Nemcija;DEU;osebni avtomobil;206;karavan;PASSAT 
110;1485;9.1;0;BMW;3BJ31;320 / CABRIO / I;Nemcija;DEU;osebni avtomobil;211;kabriolet;320
110;1561;9.1;0;HONDA;RD81-1;CRV / 2.0;Zdruûeno kraljestvo;GBR;osebni avtomobil;177;limuzina;CRV 
110;1529;9.1;0;HONDA;RD81-2;CR-V;Zdruûeno kraljestvo;GBR;osebni avtomobil;177;limuzina;CR-V
110;1476;9.1;0;HONDA;RD81-1;CR-V / 2.0 /;Zdruûeno kraljestvo;GBR;osebni avtomobil;177;vecnamensko vozilo;CR-V 
110;1862;9.1;0;VOLKSWAGEN;GCJKB280X0-NNFM6501116NVR27MMG03L63281;TRANSPORTER / 2.0 / TSI;Nemcija;DEU;osebni avtomobil;182;vecnamensko vozilo;TRANSPORTER 
110;1860;9.1;1;VOLKSWAGEN;SEAKNX11-AGQA51V019NR0GE;PASSAT / VAR. 2.5 / TDI AUT. 4M;Nemcija;DEU;osebni avtomobil;206;karavan;PASSAT 
110;1445;9.2;0;ALFA ROMEO;916S2;SPIDER / 2.0 / T. SPARK 16V;Italija;ITA;osebni avtomobil;210;kabriolet;SPIDER 
110;1440;9.2;0;ALFA ROMEO;916C2;GTV / 2.0 / T. SPARK 16V;Italija;ITA;osebni avtomobil;215;kupe;GTV 
110;1370;9.2;0;ALFA ROMEO;916S2C00-34B;SPIDER / 2.0 / T. SPARK;Italija;ITA;osebni avtomobil;210;kabriolet;SPIDER 
110;1588;9.2;0;AUDI;LAVJQ1 QM5ABDR8E50O;A4 / AVANT 1.8 / T Q;Nemcija;DEU;osebni avtomobil;220;limuzina;A4 
110;1525;9.2;0;AUDI;LAVJQ1-QM5ABDR8E50O;A4 / 1.8 / T Q;Nemcija;DEU;osebni avtomobil;220;limuzina;A4 
110;1345;9.2;0;BMW;RCCL31-01;Z3 / 2.0;Nemcija;DEU;osebni avtomobil;210;kabriolet;Z3 
110;1270;9.2;0;BMW;RC-CL31;Z3 / ROADSTER / 2.0  I;Nemcija;DEU;osebni avtomobil;210;kabriolet;Z3 
110;1475;9.2;0;MERCEDES BENZ;210;E / 230 / AUT.;Nemcija;DEU;osebni avtomobil;212;limuzina;E 
110;1870;9.2;1;RENAULT;JK0HAB;ESPACE / 2.2 / DCI AUT.;Francija;FRA;osebni avtomobil;190;vecnamensko vozilo;ESPACE 
110;1730;9.3;0;BMW;PC31-01;X3 / 2.0 / i;Nemcija;DEU;osebni avtomobil;198;limuzina;X3 
110;1645;9.3;0;HONDA;RD81-6;CR-V / 2.0 / AUT.;Zdruûeno kraljestvo;GBR;osebni avtomobil;167;vecnamensko vozilo;CR-V 
110;1614;9.3;0;HONDA;RD81-6;CRV / 2.0;Zdruûeno kraljestvo;GBR;osebni avtomobil;167;limuzina;CRV 
110;1597;9.3;0;HONDA;RD8;CRV / 2.0 /;Zdruûeno kraljestvo;GBR;osebni avtomobil;167;vecnamensko vozilo;CRV 
110;1577;9.3;0;HONDA;RD 81-3;CR-V / 2.0 /;Zdruûeno kraljestvo;GBR;osebni avtomobil;167;limuzina;CR-V 
110;1558;9.3;0;HONDA;RD81-4;CR-V / 2.0 / AUT.;Zdruûeno kraljestvo;GBR;osebni avtomobil;167;vecnamensko vozilo;CR-V 
110;2620;9.3;1;MERCEDES BENZ;KNA41350E-NCB2AUA9;SPRINTER / 315 / CDI AUT.;Nemcija;DEU;osebni avtomobil;158;vecnamensko vozilo;SPRINTER 
110;1790;9.3;1;MERCEDES BENZ;639ZL3HK-3E4A21;VIANO / 2.2 / CDI AUT.;Nemcija;DEU;osebni avtomobil;174;vecnamensko vozilo;VIANO 
110;1380;9.3;0;TOYOTA;ACA21L-AWPNKW(2F);RAV 4 / 2.0 / AUT.;Japonska ;JPN;osebni avtomobil;175;vecnamensko vozilo;RAV 4 
110;1355;9.3;0;TOYOTA;A2-ACA21;RAV4 / 2.0 / I;Japonska ;JPN;osebni avtomobil;175;limuzina;RAV4 
110;1350;9.3;0;TOYOTA;A2-ACA21;RAV4 / 2.0 /;Japonska ;JPN;osebni avtomobil;185;limuzina;RAV4 
110;1970;9.4;1;RENAULT;JK0HDB;ESPACE / 2.2;Francija;FRA;osebni avtomobil;190;limuzina;ESPACE 
110;1925;9.4;1;RENAULT;JK0HCB;ESPACE / 2.2;Francija;FRA;osebni avtomobil;190;limuzina;ESPACE 
110;1590;9.5;0;SAAB;E4C/TK-M03;9-5 / 2.0 /;ävedska;SWE;osebni avtomobil;235;limuzina;09-May
110;3465;9.6;1;MERCEDES BENZ;906AC35/4X4-KNA42350E-MBB6AVA9;SPRINTER 315 CDI 4X4 /;Nemcija;DEU;osebni avtomobil;150;vozilo za posebne namene;SPRINTER 315 CDI 4X4 
110;1920;9.6;1;MERCEDES BENZ;ZK3AL-2C6C2A1;VITO / 115 / CDI 4X4;Nemcija;DEU;osebni avtomobil;180;vecnamensko vozilo;VITO 
110;1745;9.7;1;BMW;PD-11;X3 / 2.0 / D;Nemcija;DEU;osebni avtomobil;198;limuzina;X3 
110;3395;9.7;1;MERCEDES BENZ;906 AC 35 / 4X4 KNA42350E-MBB6AWA9;SPRINTER 315 / CDI 4X4;Nemcija;DEU;osebni avtomobil;150;vozilo za posebne namene;SPRINTER 315 
110;2633;9.7;1;MERCEDES BENZ;906AC35/4X4-KNA42350E-MBB6AWA9;SPRINTER 315 CDI 4X4 /;Nemcija;DEU;osebni avtomobil;150;vozilo za posebne namene;SPRINTER 315 CDI 4X4 
110;1685;9.8;0;SAAB;E5C-M01;9-5 / ESTATE 2.0 / LPT;ävedska;SWE;osebni avtomobil;210;karavan;09-May
110;1405;9.8;0;TOYOTA;ACA21L-AWMNKW(2B);RAV 4 / 2.0 /;Japonska ;JPN;osebni avtomobil;185;karavan;RAV 4 
110;1275;9.8;0;TOYOTA;ACA21L-AWMNKW(1A);RAV 4 / 2.0 /;Japonska ;JPN;osebni avtomobil;185;limuzina;RAV 4 
110;2090;9.9;1;JEEP;KJLE85-40;CHEROKEE / 2.8 / TD AUT.;Zdruûene drûave;USA;osebni avtomobil;174;vecnamensko vozilo;CHEROKEE 
110.1;1628;6.4;0;HYUNDAI;F5P21-D71A14;TUCSON / 1.6 / T-GDI LP DCT 48V;Ceöka republika;CZE;osebni avtomobil;189;vecnamensko vozilo;TUCSON 
110.1;1616;6.4;0;HYUNDAI;NX4e-F5P21-D71A11;TUCSON / 1.6 / T-GDI LP DCT 48V;Ceöka republika;CZE;osebni avtomobil;189;vecnamensko vozilo;TUCSON 
110.1;1659;6.5;0;HYUNDAI;NX4e-F5P21-D71A14;TUCSON / 1.6 / T-GDI LP DCT 48V;Ceöka republika;CZE;osebni avtomobil;189;vecnamensko vozilo;TUCSON 
110.1;1658;6.5;0;HYUNDAI;F5P21-D71A14;TUCSON / 1.6 / T-GDI LP DCT 48V;Ceöka republika;CZE;osebni avtomobil;189;vecnamensko vozilo;TUCSON 
110.1;1696;6.6;0;HYUNDAI;NX4e-F5P21-D71D24;TUCSON / 1.6 / T-GDI LP DCT 48V;Ceöka republika;CZE;osebni avtomobil;189;vecnamensko vozilo;TUCSON 
110.1;1631;6.6;0;HYUNDAI;F5P21-D71A14;TUCSON / 1.6 / T-GDI LP DCT 48V;Ceöka republika;CZE;osebni avtomobil;189;vecnamensko vozilo;TUCSON 
110.1;1603;6.6;0;HYUNDAI;F5P21-M61A14;TUCSON / 1.6 / T-GDI LP 48V;Ceöka republika;CZE;osebni avtomobil;189;vecnamensko vozilo;TUCSON 
110.1;1526;6.7;0;HYUNDAI;NX4e-F5P11-M61A14;TUCSON / 1.6 / T-GDI LP;Ceöka republika;CZE;osebni avtomobil;189;vecnamensko vozilo;TUCSON 
110.1;1523;6.7;0;HYUNDAI;NX4e-F5P11-M61A12;TUCSON / 1.6 / T-GDI LP;Ceöka republika;CZE;osebni avtomobil;189;vecnamensko vozilo;TUCSON 
110.1;1565;6.8;0;HYUNDAI;F5P11-M61A14;TUCSON / 1.6 / T-GDI LP;Ceöka republika;CZE;osebni avtomobil;189;vecnamensko vozilo;TUCSON 
110.1;1564;6.8;0;HYUNDAI;NX4e-F5P11-M61A14;TUCSON / 1.6 / T-GDI LP;Ceöka republika;CZE;osebni avtomobil;189;vecnamensko vozilo;TUCSON 
110.1;1607;6.9;0;HYUNDAI;F5P11-M61A14;TUCSON / 1.6 / T-GDI LP;Ceöka republika;CZE;osebni avtomobil;189;vecnamensko vozilo;TUCSON 
110.1;1593;7.4;0;HYUNDAI;NX4e-F5P14-M61A12;TUCSON / 1.6 / T-GDI LP 4WD;Ceöka republika;CZE;osebni avtomobil;189;vecnamensko vozilo;TUCSON 
110.1;1612;7.5;0;HYUNDAI;NX4e-F5P14-M61A14;TUCSON / 1.6 / T-GDI LP 4WD;Ceöka republika;CZE;osebni avtomobil;189;vecnamensko vozilo;TUCSON 
110.3;1578;4.1;1;FORD;BA7-T7CF1E-5CEEPQ;MONDEO / 2.0 / TDCI 110 A6;Nemcija;DEU;osebni avtomobil;213;vozilo z dviûnimi vrati zadaj;MONDEO 
110.3;1503;4.1;1;FORD;BA7T7CF1E-5CEEPQ;MONDEO / 2.0 / TDCI 110 A6;Nemcija;DEU;osebni avtomobil;213;vozilo z dviûnimi vrati zadaj;MONDEO 
110.3;1597;4.2;1;FORD;BA7T7CF1F-5CEEPY;MONDEO / 2.0 / TDCI 110 M6;Nemcija;DEU;osebni avtomobil;208;karavan;MONDEO 
110.3;1578;4.2;1;FORD;BA7-T7CN1EX-5CEAZA00PAQ;MONDEO / 2.0 / TDCI 110 M6;Nemcija;DEU;osebni avtomobil;213;vozilo z dviûnimi vrati zadaj;MONDEO 
110.3;1661;4.3;1;FORD;BA7-T7CN1FX-5CEAAAPY;MONDEO / 2.0 / TDCI 110 M6 ECO;Nemcija;DEU;osebni avtomobil;208;karavan;MONDEO 
110.3;1597;4.4;1;FORD;BA7-T7CN1F-5CEBPY;MONDEO / 2.0 / TDCI 110 M6 ECO;Nemcija;DEU;osebni avtomobil;208;karavan;MONDEO 
110.3;1578;4.4;1;FORD;BA7T7CE1E-5CFAPQ;MONDEO / 2.0 / TDCI 110 M6;Nemcija;DEU;osebni avtomobil;215;vozilo z dviûnimi vrati zadaj;MONDEO 
110.3;1597;4.5;1;FORD;BA7-T7CE1F-5CFAPY;MONDEO / 2.0 / TDCI 110 M6;Nemcija;DEU;osebni avtomobil;210;karavan;MONDEO 
110.3;1578;4.5;1;FORD;BA7T7CE1E-5CFBPQ;MONDEO / 2.0 / TDCI 110 M6;Nemcija;DEU;osebni avtomobil;215;vozilo z dviûnimi vrati zadaj;MONDEO 
110.3;1595;4.6;1;FORD;BA7-T7CE1EX-5EJAZN00PAR;MONDEO / 2.0 / TDCI 110 A6;Nemcija;DEU;osebni avtomobil;213;vozilo z dviûnimi vrati zadaj;MONDEO 
110.3;1656;4.8;1;FORD;BA7-T7CE4E-5DFAQY;MONDEO / 2.0 / TDCI 110 AWD;Nemcija;DEU;osebni avtomobil;215;vozilo z dviûnimi vrati zadaj;MONDEO 
110.3;1615;4.8;1;FORD;BA7-T7CE1FX-5EJAZN00PAY;MONDEO / 2.0 / TDCI 110 A6;Nemcija;DEU;osebni avtomobil;208;karavan;MONDEO 
110.3;1595;4.8;1;FORD;BA7-T7CE1E-5EJAPR;MONDEO / 2.0 / TDCI 110 A6;Nemcija;DEU;osebni avtomobil;213;vozilo z dviûnimi vrati zadaj;MONDEO 
110.3;1594;4.8;1;FORD;BA7-T7CE1D-5EJAPP;MONDEO / 2.0 / TDCI 110 A6;Nemcija;DEU;osebni avtomobil;213;limuzina;MONDEO 
110.3;1615;4.9;1;FORD;BA7-T7CE1F-5EJAPY;MONDEO / 2.0 / TDCI 110 A6;Nemcija;DEU;osebni avtomobil;208;karavan;MONDEO 
110.3;1595;4.9;1;FORD;BA7-T7CE1E-5EJBPR;MONDEO / 2.0 / TDCI 110 A6;Nemcija;DEU;osebni avtomobil;213;vozilo z dviûnimi vrati zadaj;MONDEO 
110.3;1755;5.1;1;FORD;WA6-T7CJ1KX-7CBABTRV;GALAXY / 2.0 / TDCI 110 M6;Nemcija;DEU;osebni avtomobil;195;karavan;GALAXY 
110.3;1715;5.1;1;FORD;BA7-YLCC1EX-5CEAANAEWBV;MONDEO 2.0 EcoBlue / 110.3 M6;Nemcija;DEU;osebni avtomobil;215;vozilo z dviûnimi vrati zadaj;MONDEO 2.0 EcoBlue 
110.3;1680;5.1;1;FORD;DFK-YLDC1FX-577CG6AP1AD;KUGA / 2.0 / EcoBlue 110.3 M6 4x2 mHEV;Nemcija;DEU;osebni avtomobil;194;vecnamensko vozilo;KUGA 
110.3;1760;5.2;1;FORD;WA6-T7CL1KX-7GCAZU00RAV;GALAXY / 2.0 / TDCi 110 A6;Nemcija;DEU;osebni avtomobil;192;karavan;GALAXY 
110.3;1735;5.2;1;FORD;BA7-YLCC1EX-5SLAZNAEXBY;MONDEO 2.0 / EcoBlue 110.3 A8;Nemcija;DEU;osebni avtomobil;211;vozilo z dviûnimi vrati zadaj;MONDEO 2.0 
110.3;1733;5.2;1;FORD;WA6-T7CL1JX-7GCAZN00QFK;S-MAX / 2.0 / TDCi 110 A6;Nemcija;DEU;osebni avtomobil;196;karavan;S-MAX 
110.3;1728;5.2;1;FORD;BA7-YLCC1FX-5CEACNAZQBY;MONDEO / 2.0 / EcoBlue / 110.3 M6;Nemcija;DEU;osebni avtomobil;210;karavan;MONDEO 
110.3;1493;5.2;1;FORD;DEH-YLDA1NX-5DHAZ6AELA2;FOCUS 2.0 / EcoBlue 110.3 M6;Nemcija;DEU;osebni avtomobil;210;vozilo z dviûnimi vrati zadaj;FOCUS 2.0 
110.3;1735;5.3;1;FORD;BA7-YLCC1EX-5SLAANAEXBY;MONDEO 2.0 EcoBlue / 110.3 A8;Nemcija;DEU;osebni avtomobil;211;vozilo z dviûnimi vrati zadaj;MONDEO 2.0 EcoBlue 
110.3;1784;5.4;1;FORD;WA6-T7CL4JX-7DBANFRS;S-MAX / 2.0 / TDCi 110 M6 AWD;Nemcija;DEU;osebni avtomobil;196;karavan;S-MAX 
110.3;1760;5.4;1;FORD;WA6-T7CL1KX-7GCAAARV;GALAXY / 2.0 / TDCi 110 A6;Nemcija;DEU;osebni avtomobil;192;karavan;GALAXY 
110.3;1733;5.4;1;FORD;WA6-T7CL1JX-5GCAAFQK;S-MAX / 2.0 / TDCi 110 A6;Nemcija;DEU;osebni avtomobil;196;karavan;S-MAX 
110.3;1559;5.4;1;FORD;DEH-YLDA1PX-53BAZ6AEMA6;FOCUS 2.0 / EcoBlue 110.3 A8;Nemcija;DEU;osebni avtomobil;205;karavan;FOCUS 2.0 
110.3;1735;5.5;1;FORD;BA7-YLCC1EX-5SLACNAEXBY;MONDEO 2.0 EcoBlue / 110.3 A8;Nemcija;DEU;osebni avtomobil;211;vozilo z dviûnimi vrati zadaj;MONDEO 2.0 EcoBlue 
110.3;1728;5.5;1;FORD;BA7-YLCC1FX-5CEAZNAEWBY;MONDEO 2.0 / EcoBlue 110.3 M6;Nemcija;DEU;osebni avtomobil;210;karavan;MONDEO 2.0 
110.3;1710;5.5;1;FORD;BA7-T7CP1FX-5CEAZNAAVTY;MONDEO / 2.0 / TDCI 110 M6;Nemcija;DEU;osebni avtomobil;210;karavan;MONDEO 
110.3;1688;5.5;1;FORD;BA7-T7CP1EX-5CEAZNAAVTQ;MONDEO / 2.0 / TDCI 110 M6;Nemcija;DEU;osebni avtomobil;215;vozilo z dviûnimi vrati zadaj;MONDEO 
110.3;1518;5.6;1;FORD;DEH-YLDA1NX-53BAZ6AEMB4;FOCUS 2.0 / EcoBlue 110.3 A8;Nemcija;DEU;osebni avtomobil;207;vozilo z dviûnimi vrati zadaj;FOCUS 2.0 
110.3;1924;6.1;1;FORD;WA6-YMCB1KX-7CBAANAZLFH;GALAXY / 2.0 / EcoBlue 110.3 M6;Nemcija;DEU;osebni avtomobil;194;karavan;GALAXY 
110.3;1710;6.1;1;FORD;BA7-T7CP1FX-5CEAZNAAVTY;MONDEO / 2.0 / TDCI 110 M6;Nemcija;DEU;osebni avtomobil;210;karavan;MONDEO 
110.3;1924;6.2;1;FORD;WA6-YMCB1KX-7CBAZNADVFT;GALAXY 2.0 / EcoBlue 110.3 M6;Nemcija;DEU;osebni avtomobil;194;karavan;GALAXY 2.0 
110.3;1958;6.3;1;FORD;WA6-YMCB4JX-5DBAZNADWF2;S-MAX 2.0 / EcoBlue 110.3 M6 AWD;Nemcija;DEU;osebni avtomobil;196;karavan;S-MAX 2.0 
110.3;1924;6.3;1;FORD;WA6-YMCB1KX-7CBAZNADVFT;GALAXY 2.0 / EcoBlue 110.3 M6;Nemcija;DEU;osebni avtomobil;194;karavan;GALAXY 2.0 
110.3;1958;6.4;1;FORD;WA6-YMCB4JX-5DBAZNADWF2;S-MAX 2.0 / EcoBlue 110.3 M6 AWD;Nemcija;DEU;osebni avtomobil;196;karavan;S-MAX 2.0 
110.3;1905;6.4;1;FORD;WA6-YMCB1JX-5KEAZNADXF1;S-MAX 2.0 / EcoBlue 110.3 A8;Nemcija;DEU;osebni avtomobil;196;karavan;S-MAX 2.0 
110.3;1905;6.5;1;FORD;WA6-YMCB1JX-5KEACNADXF1;S-MAX / 2.0 / EcoBlue 110 A8;Nemcija;DEU;osebni avtomobil;196;karavan;S-MAX 
110.3;1905;6.6;1;FORD;WA6-YMCB1JX-5KEAZNADXF1;S-MAX 2.0 / EcoBlue 110.3 A8;Nemcija;DEU;osebni avtomobil;196;karavan;S-MAX 2.0 
110.3;1731;6.6;1;FORD;BA7-T7CP1FX-5EJAZNAAXTY;MONDEO / 2.0 / TDCI 110 A6;Nemcija;DEU;osebni avtomobil;208;karavan;MONDEO 
110.3;1935;6.7;1;FORD;WA6-YMCB1KX-7KEAZNADXF3;GALAXY 2.0 / EcoBlue 110.3 A8;Nemcija;DEU;osebni avtomobil;192;karavan;GALAXY 2.0 
110.6;1408;5.8;0;FORD;DEH-YZDA1PX-5YMBH6AQHBV;FOCUS 1.5 / EB 110.6 B6;Nemcija;DEU;osebni avtomobil;208;karavan;FOCUS 1.5 
110.6;1369;5.8;0;FORD;DEH-YZDA1NX-5YMBH6AQHBP;FOCUS 1.5 / EB 110.6 B6;Nemcija;DEU;osebni avtomobil;210;vozilo z dviûnimi vrati zadaj;FOCUS 1.5 
110.6;1408;5.9;0;FORD;DEH-YZDA1PX-5YMBH6AQHBV;FOCUS 1.5 / EB 110.6 B6;Nemcija;DEU;osebni avtomobil;208;karavan;FOCUS 1.5 
110.6;1408;6.2;0;FORD;DEH-YZDA1PX-5YMBZ6ACPBV;FOCUS 1.5 / EB 110.6 B6;Nemcija;DEU;osebni avtomobil;208;karavan;FOCUS 1.5 
110.6;1369;6.2;0;FORD;DEH-YZDA1NX-5YMBM6ACPBP;FOCUS 1.5 / EB 110.6 B6;Nemcija;DEU;osebni avtomobil;210;vozilo z dviûnimi vrati zadaj;FOCUS 1.5 
110.6;1408;6.4;0;FORD;DEH-YZDA1PX-5YMBZ6ACPAV;FOCUS 1.5 / EB 110.6 B6;Nemcija;DEU;osebni avtomobil;208;karavan;FOCUS 1.5 
110.6;1408;6.4;0;FORD;DEH-YZDA1PX-5YMBZ6ACPCV;FOCUS 1.5 / EB 110.6 B6 Active;Nemcija;DEU;osebni avtomobil;204;karavan;FOCUS 1.5 
110.6;1369;6.4;0;FORD;DEH-YZDA1NX-5YMBM6ACPCP;FOCUS 1.5 / EB 110.6 B6 Active;Nemcija;DEU;osebni avtomobil;206;vozilo z dviûnimi vrati zadaj;FOCUS 1.5 
110.6;1445;6.5;0;FORD;DEH-YZDA1PX-51CBH6AQGCY;FOCUS 1.5 / EB 110.6 A8 Active;Nemcija;DEU;osebni avtomobil;202;karavan;FOCUS 1.5 
110.6;1369;6.5;0;FORD;DEH-YZDA1NX-5YMBM6ACPAP;FOCUS 1.5 / EB 110.6 B6;Nemcija;DEU;osebni avtomobil;206;vozilo z dviûnimi vrati zadaj;FOCUS 1.5 
110.6;1564;6.6;0;FORD;DFK-YZDA1FX-555BF6AP4AA;KUGA / 1.5 / 110.6 B6 4X2;Nemcija;DEU;osebni avtomobil;195;vecnamensko vozilo;KUGA 
110.6;1564;6.7;0;FORD;DFK-YZDA1FX-555BF6AP4AA;KUGA / 1.5 / 110.6 B6 4X2;Nemcija;DEU;osebni avtomobil;195;vecnamensko vozilo;KUGA 
110.6;1564;6.8;0;FORD;DFK-YZDA1FX-555BE6AP4AA;KUGA / 1.5 / 110.6 B6 4x2;Nemcija;DEU;osebni avtomobil;195;vecnamensko vozilo;KUGA 
110.6;1445;7.1;0;FORD;DEH-YZDA1PX-51CBZ6ABXAY;FOCUS 1.5 / EB 110.6 A8;Nemcija;DEU;osebni avtomobil;206;karavan;FOCUS 1.5 
110.6;1496;7.2;0;FORD;DEH-YZDA1PX-51CBM6ABXAY;FOCUS 1.5 / EB 110.6 A8;Nemcija;DEU;osebni avtomobil;206;karavan;FOCUS 1.5 
111;1395;5.9;0;JEEP;BUAXP1114A;RENEGADE / 1.3 / FWD DDCT;Zdruûene drûave;USA;osebni avtomobil;196;vecnamensko vozilo;RENEGADE 
111;1395;6.2;0;JEEP;BUAXP11E14B8F;RENEGADE / 1.3 / FWD DDCT;Zdruûene drûave;USA;osebni avtomobil;196;vecnamensko vozilo;RENEGADE 
111;1345;6.8;0;MAZDA;BLA4G6;MAZDA 3 / 2.0 / i-STOP;Japonska ;JPN;osebni avtomobil;206;vozilo z dviûnimi vrati zadaj;MAZDA 3 
111;1395;7.2;0;FIAT;334AXR11E17B;500X / 1.3 / TCT CROSS;Italija;ITA;osebni avtomobil;196;vecnamensko vozilo;500X 
111;1395;7.2;0;JEEP;BUAXP11E14B8;RENEGADE / 1.3 / FWD DDCT;Zdruûene drûave;USA;osebni avtomobil;196;vecnamensko vozilo;RENEGADE 
111;1635;7.2;0;TOYOTA;ZSA44L-ANXMPW(3L);RAV 4 / 2.0 / CVT;Japonska ;JPN;osebni avtomobil;185;vecnamensko vozilo;RAV 4 
111;1595;7.2;0;TOYOTA;ZSA44L-ANFXPW(2M);RAV 4 / 2.0 /;Japonska ;JPN;osebni avtomobil;185;vecnamensko vozilo;RAV 4 
111;1565;7.2;0;TOYOTA;ZSA44L-ANFMPW(2K);RAV 4 / 2.0 /;Japonska ;JPN;osebni avtomobil;185;vecnamensko vozilo;RAV 4 
111;1610;7.3;0;TOYOTA;ZSA44L-ANFGPW(3L);RAV 4 / 2.0 /;Japonska ;JPN;osebni avtomobil;185;vecnamensko vozilo;RAV 4 
111;1600;7.3;0;TOYOTA;ZSA44L-ANFMPW(3L);RAV 4 / 2.0 /;Japonska ;JPN;osebni avtomobil;185;vecnamensko vozilo;RAV 4 
111;2018;7.3;1;VOLKSWAGEN;AHYMNX0-NSGFM52G007T;MULTIVAN / 2.5 / TDI;Nemcija;DEU;osebni avtomobil;181;vecnamensko vozilo;MULTIVAN 
111;2005;7.5;1;VOLKSWAGEN;7DZ-AXG;MULTIVAN / 2.5 / TDI;Nemcija;DEU;osebni avtomobil;181;vecnamensko vozilo;MULTIVAN 
111;1884;8.1;1;VOLKSWAGEN;7DZ-AXG;MULTIVAN / 2.5 / TDI;Nemcija;DEU;osebni avtomobil;181;vecnamensko vozilo;MULTIVAN 
111;1822;9.1;1;VOLKSWAGEN;7DZ-AHY;CARAVELLE / 2.5 / TDI;Nemcija;DEU;osebni avtomobil;190;vecnamensko vozilo;CARAVELLE 
112;1615;4.1;0;LEXUS;ZA1(EU.M)/MZAH10(W)/MZAH10L-AWXBBW(3B);UX250H / 2.0 / e-CVT;Japonska ;JPN;osebni avtomobil;177;vozilo z dviûnimi vrati zadaj;UX250H 
112;1566;4.9;0;TOYOTA;ZE1HE(EU.M)/MZEH12(W)/MZEH12L-DWXNBW(7D);COROLLA / 2.0 / TS HIBRID CVT;Zdruûeno kraljestvo;GBR;osebni avtomobil;180;karavan;COROLLA 
112;1524;4.9;0;TOYOTA;ZE1HE(EU.M)/MZEH12(H)/MZEH12L-DHXNBW(7E);COROLLA / 2.0 / HIBRID CVT;Zdruûeno kraljestvo;GBR;osebni avtomobil;180;vozilo z dviûnimi vrati zadaj;COROLLA 
112;1581;5.2;0;TOYOTA;ZE1HE(EU.M)/MZEH12(W)/MZEH12L-DWXNBW(7E);COROLLA / 2.0 / TS HIBRID CVT;Zdruûeno kraljestvo;GBR;osebni avtomobil;180;karavan;COROLLA 
112;1578;5.2;0;TOYOTA;AX1T(EU.M)/MAXH10(H)/MAXH10L-AHXEBW(1E);C-HR / 2.0 / CVT HIBRID;Turcija;TUR;osebni avtomobil;180;vozilo z dviûnimi vrati zadaj;C-HR 
112;1573;5.2;0;TOYOTA;AX1T(EU.M)/MAXH10(H)/MAXH10L-AHXKBW(1E);C-HR / 2.0 / CVT HIBRID;Turcija;TUR;osebni avtomobil;180;vozilo z dviûnimi vrati zadaj;C-HR 
112;1571;5.2;0;TOYOTA;AX1T(EU.M)/MAXH10(H)/MAXH10L-AHXKBW(2G);C-HR / 2.0 / CVT HIBRID;Turcija;TUR;osebni avtomobil;180;vozilo z dviûnimi vrati zadaj;C-HR 
112;1560;5.2;0;TOYOTA;AX1T(EU.M)/MAXH10(H)/MAXH10L-AHXNBW(1E);C-HR / 2.0 / CVT HIBRID;Turcija;TUR;osebni avtomobil;180;vozilo z dviûnimi vrati zadaj;C-HR 
112;1537;5.2;0;TOYOTA;ZE1HE(EU.M)/MZEH12(H)/MZEH12L-DHXNBW(2B);COROLLA / 2.0 / HIBRID CVT;Zdruûeno kraljestvo;GBR;osebni avtomobil;180;vozilo z dviûnimi vrati zadaj;COROLLA 
112;1529;5.2;0;TOYOTA;ZE1HE(EU.M)/MZEH12(H)/MZEH12L-DHXNBW(7E);COROLLA / 2.0 / HIBRID CVT;Zdruûeno kraljestvo;GBR;osebni avtomobil;180;vozilo z dviûnimi vrati zadaj;COROLLA 
112;1622;5.3;0;LEXUS;ZA1(EU.M)/MZAH10(W)/MZAH10L-AWXBBW(3C);UX250H / 2.0 / e-CVT;Japonska ;JPN;osebni avtomobil;177;vozilo z dviûnimi vrati zadaj;UX250H 
112;1606;5.3;0;TOYOTA;ZE1HE(EU.M)/MZEH12(W)/MZEH12L-DWXGBW(5D);COROLLA / 2.0 / TS HIBRID CVT;Zdruûeno kraljestvo;GBR;osebni avtomobil;180;karavan;COROLLA 
112;1600;5.3;0;TOYOTA;ZE1HE(EU.M)/MZEH12(W)/MZEH12L-DWXNBW(2C);COROLLA / 2.0 / TS HIBRID CVT;Zdruûeno kraljestvo;GBR;osebni avtomobil;180;karavan;COROLLA 
112;1594;5.3;0;TOYOTA;ZE1HE(EU.M)/MZEH12(W)/MZEH12L-DWXNBW(2B);COROLLA / 2.0 / TS HIBRID CVT;Zdruûeno kraljestvo;GBR;osebni avtomobil;180;karavan;COROLLA 
112;1592;5.3;0;TOYOTA;ZE1HE(EU.M)/MZEH12(W)/MZEH12L-DWXNBW(9E);COROLLA / 2.0 / TS HIBRID CVT;Zdruûeno kraljestvo;GBR;osebni avtomobil;180;karavan;COROLLA 
112;1591;5.3;0;TOYOTA;ZE1HE(EU.M)/MZEH12(W)/MZEH12L-DWXNBW(9D);COROLLA / 2.0 / TS HIBRID CVT;Zdruûeno kraljestvo;GBR;osebni avtomobil;180;karavan;COROLLA 
112;1574;5.3;0;TOYOTA;ZE1HE(EU.M)/MZEH12(W)/MZEH12L-DWXNBW(7E);COROLLA / 2.0 / TS HIBRID CVT;Zdruûeno kraljestvo;GBR;osebni avtomobil;180;karavan;COROLLA 
112;1570;5.3;0;TOYOTA;AX1T(EU.M)/MAXH10(H)/MAXH10L-AHXEBW(2G);C-HR / 2.0 / CVT HIBRID;Turcija;TUR;osebni avtomobil;180;vozilo z dviûnimi vrati zadaj;C-HR 
112;1569;5.3;0;TOYOTA;AX1T(EU.M)/MAXH10(H)/MAXH10L-AHXEBW(1F);C-HR / 2.0 / CVT HIBRID;Turcija;TUR;osebni avtomobil;180;vozilo z dviûnimi vrati zadaj;C-HR 
112;1551;5.3;0;TOYOTA;ZE1HE(EU.M)/MZEH12(H)/MZEH12L-DHXNBW(2A);COROLLA / 2.0 / HIBRID CVT;Zdruûeno kraljestvo;GBR;osebni avtomobil;180;vozilo z dviûnimi vrati zadaj;COROLLA 
112;1435;5.5;0;VOLVO;MMV29-MV29L0;V 40 / 1.5 / T AUT.;ävedska;SWE;osebni avtomobil;210;vecnamensko vozilo;V 40 
112;1651;5.6;0;LEXUS;ZA1(EU.M)/MZAH10(W)/MZAH10L-AWXBBW(1A);UX250H / 2.0 / e-CVT;Japonska ;JPN;osebni avtomobil;177;vozilo z dviûnimi vrati zadaj;UX250H 
112;1446;5.6;0;VOLVO;MMZ29-MZ29L0;V40 Cross Country / 1.5 / T AUT.;ävedska;SWE;osebni avtomobil;210;vecnamensko vozilo;V40 Cross Country 
112;1431;5.6;0;VOLVO;MMV37-MV37L1;V 40 / 2.0 / T;ävedska;SWE;osebni avtomobil;210;vecnamensko vozilo;V 40 
112;1443;5.7;0;VOLVO;MMV32-MV32V0;V40 / 1.5 / T / AUT. FWD;ävedska;SWE;osebni avtomobil;210;vecnamensko vozilo;V40 
112;1706;5.9;0;LEXUS;ZA1(EU.M)/MZAH15(W)/MZAH15L-AWXBBW(3C);UX250H / 2.0 / e-CVT AWD;Japonska ;JPN;osebni avtomobil;177;vozilo z dviûnimi vrati zadaj;UX250H 
112;1704;5.9;0;LEXUS;ZA1(EU.M)/MZAH15(W)/MZAH15L-AWXBBW(1A);UX250H / 2.0 / e-CVT AWD;Japonska ;JPN;osebni avtomobil;177;vozilo z dviûnimi vrati zadaj;UX250H 
112;1844;6.5;0;FORD;DFK-BGDA1HX-566DA6AP6AF;KUGA / 2.5 / ATK PHEV / 112 CVT 4x2;Nemcija;DEU;osebni avtomobil;200;vecnamensko vozilo;KUGA 
112;1481;6.5;0;OPEL;JMXXAXX-Q11PHX1Y66B;MOKKA / 1.4 / TURBO 4X4 AUT.;Nemcija;DEU;osebni avtomobil;193;vecnamensko vozilo;MOKKA 
112;1640;6.5;0;TOYOTA;XA3(a)/ZSA44(N)/ZSA44L-ANXGPW(4P);RAV 4 / 2.0 / CVT;Japonska ;JPN;osebni avtomobil;185;vecnamensko vozilo;RAV 4 
112;1958;6.7;1;LAND ROVER;S4FK2F-B5H2;FREELANDER 2 / 2.2 / TD4;Zdruûeno kraljestvo;GBR;osebni avtomobil;181;karavan;FREELANDER 2 
112;1605;6.7;0;TOYOTA;XA3(a)/ZSA44(N)/ZSA44L-ANFMPW(6R);RAV 4 / 2.0 / 4WD;Japonska ;JPN;osebni avtomobil;185;vecnamensko vozilo;RAV 4 
112;1615;6.8;0;TOYOTA;XA3(a)/ZSA44(N)/ZSA44L-ANFGPW(8Q);RAV 4 / 2.0 / 4WD;Japonska ;JPN;osebni avtomobil;185;vecnamensko vozilo;RAV 4 
112;1565;6.8;0;TOYOTA;XA3(a)/ZSA44(N)/ZSA44L-ANFMPW(8T);RAV 4 / 2.0 / 4WD;Japonska ;JPN;osebni avtomobil;185;vecnamensko vozilo;RAV 4 
112;1395;6.9;0;äKODA;1Z-CDAB;OCTAVIA / 1.8 / TSI;Ceöka republika;CZE;osebni avtomobil;219;limuzina;OCTAVIA 
112;1485;6.9;0;TOYOTA;ZRT272L-AEFGPW(2A);AVENSIS / 2.0 /;Zdruûeno kraljestvo;GBR;osebni avtomobil;205;limuzina;AVENSIS 
112;1550;7.1;0;TOYOTA;ZRT272L-AWXGPW(2D);AVENSIS / 2.0 / AUT. WAGON;Zdruûeno kraljestvo;GBR;osebni avtomobil;200;vecnamensko vozilo;AVENSIS 
112;1481;7.3;0;VOLKSWAGEN;AACGYX0-FD7FD7AM006ST0GG;PASSAT CC / 1.8 / TSI AUT.;Nemcija;DEU;osebni avtomobil;220;limuzina;PASSAT CC 
112;1892;7.5;1;LAND ROVER;LFS4FK2F-B5H1;FREELANDER 2 / 2.2 / TD4 DPF;Zdruûeno kraljestvo;GBR;osebni avtomobil;181;karavan;FREELANDER 2 
112;1540;8.6;0;TOYOTA;ACA30L-AWMGKW(1A);RAV 4 / 2.0 /;Japonska ;JPN;osebni avtomobil;185;vecnamensko vozilo;RAV 4 
112;1540;8.6;0;TOYOTA;XA3A-ACA30W;RAV4 / 2.0;Japonska ;JPN;osebni avtomobil;185;vecnamensko vozilo;RAV4 
113;1399;6.3;0;RENAULT;RJBHE2MNBTA23A5000;CAPTUR / 1.3 / 16V AUT.;Francija;FRA;osebni avtomobil;210;vozilo z dviûnimi vrati zadaj;CAPTUR 
113;1424;6.5;0;RENAULT;RJBHE2MNBTA33A5000;CAPTUR / 1.3 / 16V AUT.;Francija;FRA;osebni avtomobil;210;vozilo z dviûnimi vrati zadaj;CAPTUR 
113;1423;6.5;0;RENAULT;RJBHE2MNBTA23A5000;CAPTUR / 1.3 / 16V AUT.;Francija;FRA;osebni avtomobil;210;vozilo z dviûnimi vrati zadaj;CAPTUR 
113;1400;6.5;0;RENAULT;RJBHE2MNBTA73A5000;CAPTUR / 1.3 / 16V AUT.;Francija;FRA;osebni avtomobil;202;vozilo z dviûnimi vrati zadaj;CAPTUR 
113;1818;7.3;1;MITSUBISHI;CW721-;OUTLANDER / 2.2 / DID 4WD;Japonska ;JPN;osebni avtomobil;200;karavan;OUTLANDER 
113;1945;8.8;1;NISSAN;R20;TERRANO / 3.0 / TD;äpanija;ESP;osebni avtomobil;170;karavan;TERRANO 
113;1945;9.1;1;NISSAN;R20-H1;TERRANO 3.0 TD;äpanija;ESP;osebni avtomobil;170;vozilo za posebne namene;TERRANO 3.0 TD
113;1890;9.1;1;NISSAN;R20-H-1;TERRANO II / 3.0;äpanija;ESP;osebni avtomobil;170;limuzina;TERRANO II 
113;1970;9.9;1;NISSAN;R20-H2;TERRANO / 3.0 / TD ;äpanija;ESP;osebni avtomobil;166;karavan;TERRANO 
114;1745;4.9;0;TOYOTA;XA4(EU.M)/AVA42(N)/AVA42L-ANXMBW(3T);RAV4 / 2.5 / HIBRID;Japonska ;JPN;osebni avtomobil;180;vecnamensko vozilo;RAV4 
114;1815;5.1;0;TOYOTA;XA4(EU.M)/AVA44(N)/AVA44L-ANXGBW(6S);RAV4 / 2.5 / 4WD HYBRID;Japonska ;JPN;osebni avtomobil;180;vecnamensko vozilo;RAV4 
114;1810;5.1;0;TOYOTA;XA4(EU.M)/AVA44(N)/AVA44L-ANXMBW(5S);RAV4 / 2.5 / 4WD HYBRID;Japonska ;JPN;osebni avtomobil;180;vecnamensko vozilo;RAV4 
114;1388;5.2;0;FORD;DEH-M0DC1PX-5ARCM6AXTB7;FOCUS / 1.0 / mHEV 114 M6;Nemcija;DEU;osebni avtomobil;209;karavan;FOCUS 
114;1344;5.2;0;FORD;DEH-M0DC1NX-5ARCM6AXTBP;FOCUS / 1.0 / mHEV 114 M6;Nemcija;DEU;osebni avtomobil;211;vozilo z dviûnimi vrati zadaj;FOCUS 
114;1980;5.2;0;LEXUS;AYZ15L-AWXLBW(2B);LEXUS NX300h / 2.5 / CVT AWD;Japonska ;JPN;osebni avtomobil;180;vecnamensko vozilo;LEXUS NX300h 
114;1940;5.2;0;LEXUS;AZ1/AYZ15(W)/AYZ15L-AWXLBW(5F);NX300H / 2.5 / CVT AWD;Japonska ;JPN;osebni avtomobil;180;vecnamensko vozilo;NX300H 
114;1925;5.2;0;LEXUS;AZ1/AYZ15(W)/AYZ15L-AWXLBW(2C);NX300H / 2.5 / CVT AWD;Japonska ;JPN;osebni avtomobil;180;vecnamensko vozilo;NX300H 
114;1920;5.2;0;LEXUS;AZ1/AYZ15(W)/AYZ15L-AWXLBW(2D);NX300H / 2.5 / CVT AWD;Japonska ;JPN;osebni avtomobil;180;vecnamensko vozilo;NX300H 
114;1860;5.2;0;LEXUS;AZ1/AYZ15(W)/AYZ15L-AWXLBW(2E);NX300H / 2.5 / CVT AWD;Japonska ;JPN;osebni avtomobil;180;vecnamensko vozilo;NX300H 
114;1860;5.2;0;LEXUS;AYZ15L-AWXLBW(2A);LEXUS NX300h / 2.5 / CVT AWD;Japonska ;JPN;osebni avtomobil;180;vecnamensko vozilo;LEXUS NX300h 
114;1935;5.3;0;LEXUS;AZ1/AYZ15(W)/AYZ15L-AWXLBW(3D);NX300H / 2.5 / CVT AWD;Japonska ;JPN;osebni avtomobil;180;vecnamensko vozilo;NX300H 
114;1915;5.3;0;LEXUS;AZ1/AYZ15(W)/AYZ15L-AWXLBW(3C);NX300H / 2.5 / CVT AWD;Japonska ;JPN;osebni avtomobil;180;vecnamensko vozilo;NX300H 
114;1890;5.3;0;LEXUS;AYZ15L-AWXLBW(3B);LEXUS NX300h / 2.5 / CVT AWD;Japonska ;JPN;osebni avtomobil;180;vecnamensko vozilo;LEXUS NX300h 
114;1776;5.3;0;TOYOTA;XA4(EU.M)/AVA42(N)/AVA42L-ANXMBW(5U);RAV4 / 2.5 / HIBRID;Japonska ;JPN;osebni avtomobil;180;vecnamensko vozilo;RAV4 
114;1344;5.4;0;FORD;DEH-M0DC1NX-5ARCJ6AXTAP;FOCUS / 1.0 / mHEV 114 M6;Nemcija;DEU;osebni avtomobil;211;vozilo z dviûnimi vrati zadaj;FOCUS 
114;1795;5.4;0;LEXUS;AZ1/AYZ10(W)/AYZ10L-AWXLBW(1G);NX300H / 2.5 / e-CVT;Japonska ;JPN;osebni avtomobil;180;vecnamensko vozilo;NX300H 
114;1850;5.6;0;TOYOTA;XA4(EU.M)/AVA44(N)/AVA44L-ANXMBW(5U);RAV4 / 2.5 / 4WD HIBRID;Japonska ;JPN;osebni avtomobil;180;vecnamensko vozilo;RAV4 
114;1848;5.6;0;TOYOTA;XA4(EU.M)/AVA44(N)/AVA44L-ANXMBW(5U);RAV4 / 2.5 / 4WD HIBRID;Japonska ;JPN;osebni avtomobil;180;vozilo za posebne namene;RAV4 
114;1775;5.6;0;TOYOTA;XA4(EU.M)/AVA42(N)/AVA42L-ANXMBW(3U);RAV4 / 2.5 / HIBRID;Japonska ;JPN;osebni avtomobil;180;vecnamensko vozilo;RAV4 
114;1478;6.1;1;FORD;B5Y-QJBB;MONDEO / 2.2 / TDCI;Nemcija;DEU;osebni avtomobil;223;vozilo z dviûnimi vrati zadaj;MONDEO 
114;1467;6.1;1;FORD;B4Y-QJBA;MONDEO / 2.2 / TDCI;Nemcija;DEU;osebni avtomobil;223;limuzina;MONDEO 
114;1403;6.1;1;FORD;B5Y-QJBA;MONDEO / 2.2 / TDCI;Nemcija;DEU;osebni avtomobil;223;vozilo z dviûnimi vrati zadaj;MONDEO 
114;1560;6.2;1;AUDI;8E;A4 / 1.9 / TDI / Q;Nemcija;DEU;osebni avtomobil;204;limuzina;A4 
114;1570;6.2;1;JAGUAR;UBG1-5JJJM;X-TYPE / ESTATE 2.2 / DI4;Zdruûeno kraljestvo;GBR;osebni avtomobil;215;karavan;X-TYPE 
114;1345;6.2;0;PEUGEOT;USHNNS-R1BC00;2008 / 1.2 / AUT.;Francija;FRA;osebni avtomobil;208;vecnamensko vozilo;2008
114;1555;6.3;1;FORD;BWYQJBB1-5FHAP7;MONDEO / WAGON 2.2 / TDCI;Nemcija;DEU;osebni avtomobil;218;karavan;MONDEO 
114;1480;6.3;1;FORD;BWY-QJBA;MONDEO / WAGON 2.2 / TDCI;Nemcija;DEU;osebni avtomobil;218;karavan;MONDEO 
114;1475;6.3;1;FORD;BWYQJBA1-5FHBP7;MONDEO / WAGON 2.2 / TDCI;Nemcija;DEU;osebni avtomobil;218;karavan;MONDEO 
114;1785;6.3;0;TOYOTA;XA4(EU.M)/AVA42(N)/AVA42L-ANXMBW(5U);RAV4 / 2.5 / HIBRID;Japonska ;JPN;osebni avtomobil;180;vecnamensko vozilo;RAV4 
114;1580;6.4;1;AUDI;8E;A4 / 2.5 / TDI;Nemcija;DEU;osebni avtomobil;220;limuzina;A4 
114;2420;6.4;1;FORD;FAC-CVFF1EDAD9AJAZCBAATD;TRANSIT CUSTOM KOMBI / 2.2 TDCi 114 / 300 L1 H2;Nemcija;DEU;osebni avtomobil;157;vozilo z dostopom za invalidski vozicek;TRANSIT CUSTOM KOMBI 
114;2207;6.4;1;FORD;FAC-CVFF1EBX-E9WJCZCBSATA;TRANSIT CUSTOM KOMBI / 2.2 TDCi 114 / 310 L2 H1;Nemcija;DEU;osebni avtomobil;157;vozilo za posebne namene;TRANSIT CUSTOM KOMBI 
114;2125;6.4;1;FORD;FAC-CVFF1EBX-E9WJAZCBSATA;TRANSIT CUSTOM KOMBI / 2.2 TDCi 114 / 310 L1 H1;Nemcija;DEU;osebni avtomobil;157;vozilo za posebne namene;TRANSIT CUSTOM KOMBI 
114;2085;6.4;1;FORD;FAC-CVFF1EBAE9AJCCCBAATA;TRANSIT CUSTOM KOMBI / 2.2 TDCi 114 / 310 L2 H1;Nemcija;DEU;osebni avtomobil;157;vecnamensko vozilo;TRANSIT CUSTOM KOMBI 
114;2057;6.4;1;FORD;FAC-CVFF1EBX-E9WJCZCBSATA;TRANSIT CUSTOM KOMBI / 2.2 TDCi 114 / 310 L2 H1;Nemcija;DEU;osebni avtomobil;157;vecnamensko vozilo;TRANSIT CUSTOM KOMBI 
114;2057;6.4;1;FORD;FAC-CVFF1EBX-E9WJCZCBSATA;TRANSIT CUSTOM KOMBI / 2.2 TDCi 114 / 310 L2 H1;Nemcija;DEU;osebni avtomobil;157;vozilo z dostopom za invalidski vozicek;TRANSIT CUSTOM KOMBI 
114;1975;6.4;1;FORD;FAC-CVFF1EBAD9AJAZCBAATD;TRANSIT CUSTOM KOMBI / 2.2 TDCi 114 / 300 L1 H1;Nemcija;DEU;osebni avtomobil;157;vecnamensko vozilo;TRANSIT CUSTOM KOMBI 
114;1220;6.5;0;ALFA ROMEO;955AXA1B00B;MITO / 1.4 / 16V TURBO;Italija;ITA;osebni avtomobil;215;vecnamensko vozilo;MITO 
114;2620;6.5;1;FORD;FAC-CVFF1EDAE9AJCZCBAAUA;TRANSIT CUSTOM KOMBI / 2.2 TDCi 114 / 310 L2 H2;Nemcija;DEU;osebni avtomobil;157;vozilo za posebne namene;TRANSIT CUSTOM KOMBI 
114;2394;6.5;1;FORD;FAC-CVFF1DBXD9VJCZCBSAUD;TOURNEO CUSTOM / 2.2 TDCi 114 / 300 L;Nemcija;DEU;osebni avtomobil;170;vozilo z dostopom za invalidski vozicek;TOURNEO CUSTOM 
114;2297;6.5;1;FORD;FAC-CVFF1DBX-D9WLAZCBSAUA;TOURNEO CUSTOM / 2.2 TDCi 114 / 300 L1 H1;Nemcija;DEU;osebni avtomobil;170;vozilo z dostopom za invalidski vozicek;TOURNEO CUSTOM 
114;2178;6.5;1;FORD;FAC-CVFF1PBXD9WJCZCBSAUA;TOURNEO CUSTOM / 2.2 TDCi 114 / 300 L2 H1 SB;Nemcija;DEU;osebni avtomobil;170;vecnamensko vozilo;TOURNEO CUSTOM 
114;2165;6.5;1;FORD;FAC-CVFF1DBAD9AJCCCBAAUD;TOURNEO CUSTOM / 2.2 TDCi 114 / 300 L2 H1;Nemcija;DEU;osebni avtomobil;157;vecnamensko vozilo;TOURNEO CUSTOM 
114;2160;6.5;1;FORD;FAC-CVFF1DBAD9AJCZCBAAUD;TOURNEO CUSTOM / 2.2 TDCi 114 / 300 L2 H1;Nemcija;DEU;osebni avtomobil;170;vecnamensko vozilo;TOURNEO CUSTOM 
114;2160;6.5;1;FORD;FAC-CVFF1DBAD9AJCZCBAAUD;TOURNEO CUSTOM / 2.2 TDCi 114 / 300 L2 H1;Nemcija;DEU;osebni avtomobil;157;vecnamensko vozilo;TOURNEO CUSTOM 
114;2157;6.5;1;FORD;FAC-CVFF1DBX-D9WLCZCBSAUA;TOURNEO CUSTOM / 2.2 TDCi 114 / 300 L2 H1;Nemcija;DEU;osebni avtomobil;170;vecnamensko vozilo;TOURNEO CUSTOM 
114;2157;6.5;1;FORD;FAC-CVFF1DBX-D9WLCZCBSAUA;TOURNEO CUSTOM / 2.2 TDCi 114 / 300 L2 H1;Nemcija;DEU;osebni avtomobil;170;vozilo za posebne namene;TOURNEO CUSTOM 
114;2142;6.5;1;FORD;FAC-CVFF1DBX-D9WLAZCBSAUA;TOURNEO CUSTOM / 2.2 TDCi 114 / 300 L1 H1;Nemcija;DEU;osebni avtomobil;170;vecnamensko vozilo;TOURNEO CUSTOM 
114;2141;6.5;1;FORD;FAC-CVFF1DBAD9AJACCBAAUD;TOURNEO CUSTOM / 2.2 TDCi 114 / 300 L1 H1;Nemcija;DEU;osebni avtomobil;157;vecnamensko vozilo;TOURNEO CUSTOM 
114;2136;6.5;1;FORD;FAC-CVFF1DBAD9AJAZCBAAUD;TOURNEO CUSTOM / 2.2 TDCi 114 / 300 L1 H1;Nemcija;DEU;osebni avtomobil;170;vecnamensko vozilo;TOURNEO CUSTOM 
114;2109;6.5;1;FORD;FAC-CVFF1EDX-E9WJCZCBSAUA;TRANSIT CUSTOM KOMBI / 2.2 TDCi 114 / 310 L2 H2;Nemcija;DEU;osebni avtomobil;157;vecnamensko vozilo;TRANSIT CUSTOM KOMBI 
114;1720;6.7;1;AUDI;4B;A 6 / 2.5;Nemcija;DEU;osebni avtomobil;211;karavan;A 6 
114;1842;6.7;0;TOYOTA;XA4(EU.M)/AVA44(N)/AVA44L-ANXMBW(3U);RAV4 / 2.5 / 4WD HIBRID;Japonska ;JPN;osebni avtomobil;180;vecnamensko vozilo;RAV4 
114;1690;6.8;1;AUDI;4B;A6 / 2.5 / TDI;Nemcija;DEU;osebni avtomobil;218;karavan;A6 
114;1843;6.8;0;TOYOTA;XA4(EU.M)/AVA44(N)/AVA44L-ANXMBW(5U);RAV4 / 2.5 / 4WD HIBRID;Japonska ;JPN;osebni avtomobil;180;vecnamensko vozilo;RAV4 
114;1720;6.9;1;AUDI;4B-AYM;A6 / AVANT 2.5 / TDI AUT.;Nemcija;DEU;osebni avtomobil;211;karavan;A6 
114;1645;6.9;1;AUDI;4B-AYM;A 6 / 2.5;Nemcija;DEU;osebni avtomobil;211;karavan;A 6 
114;1260;6.9;0;FIAT;199AXN1B28;PUNTO / 1.4 / 16V TURBO;Italija;ITA;osebni avtomobil;208;vecnamensko vozilo;PUNTO 
114;2083;6.9;1;FORD;FAC-CVFF1EBX-F9WMCZCBSAUA;TRANSIT CUSTOM;Nemcija;DEU;osebni avtomobil;157;vecnamensko vozilo;TRANSIT CUSTOM
114;1435;6.9;0;MAZDA;GHA4E6;MAZDA 6 / 2.0 / i;Japonska ;JPN;osebni avtomobil;215;vozilo z dviûnimi vrati zadaj;MAZDA 6 
114;1400;6.9;0;MAZDA;GHA2E6;MAZDA 6 / 2.0 / i;Japonska ;JPN;osebni avtomobil;217;limuzina;MAZDA 6 
114;1720;7.1;1;AUDI;4BAAYMF1-FAVJ00R92Q;A 6 / AVANT 2.5;Nemcija;DEU;osebni avtomobil;211;karavan;A 6 
114;1665;7.1;1;AUDI;4B-AYM;A 6 / 2.5;Nemcija;DEU;osebni avtomobil;213;limuzina;A 6 
114;1561;7.2;0;HONDA;RE55-1;CR-V / 2.0 / 2WD;Zdruûeno kraljestvo;GBR;osebni avtomobil;190;vecnamensko vozilo;CR-V 
114;1543;7.2;0;HONDA;RE53-1;CR-V / 2.0 / 2WD;Zdruûeno kraljestvo;GBR;osebni avtomobil;190;vecnamensko vozilo;CR-V 
114;1991;7.2;1;HYUNDAI;C5D34-M52AZ1;SANTA FE / 2.2 / CRDi 4WD;Koreja. republika;KOR;osebni avtomobil;179;karavan;SANTA FE 
114;2039;7.3;1;HYUNDAI;F7D34-M52AZ1;SANTA FE / 2.2 / CRDi 4WD;Koreja. republika;KOR;osebni avtomobil;179;vecnamensko vozilo;SANTA FE 
114;1991;7.3;1;HYUNDAI;C5D34-M52AZ1;SANTA FE / 2.2 / CRDi 4WD;Koreja. republika;KOR;osebni avtomobil;179;karavan;SANTA FE 
114;1690;7.4;1;AUDI;4B;A 6 / 2.5;Nemcija;DEU;osebni avtomobil;218;karavan;A 6 
114;1643;7.4;0;HONDA;RE54-1;CR-V / 2.0 /;Zdruûeno kraljestvo;GBR;osebni avtomobil;190;vecnamensko vozilo;CR-V 
114;1611;7.4;0;HONDA;RE56-1;CR-V / 2.0 /;Zdruûeno kraljestvo;GBR;osebni avtomobil;190;vecnamensko vozilo;CR-V 
114;1665;7.5;0;HONDA;RE56-3;CR-V / 2.0 / AUT.;Zdruûeno kraljestvo;GBR;osebni avtomobil;182;vecnamensko vozilo;CR-V 
114;1676;7.6;0;HONDA;RE54-2;CR-V / 2.0 /;Zdruûeno kraljestvo;GBR;osebni avtomobil;190;vecnamensko vozilo;CR-V 
114;1668;7.6;0;HONDA;RE56-2;CR-V / 2.0 /;Zdruûeno kraljestvo;GBR;osebni avtomobil;190;vecnamensko vozilo;CR-V 
114;1945;7.6;0;LEXUS;AZ1/AYZ15(W)/AYZ15L-AWXLBW(2G);NX300H / 2.5 / e-CVT AWD;Japonska ;JPN;osebni avtomobil;180;vecnamensko vozilo;NX300H 
114;1935;7.6;0;LEXUS;AZ1/AYZ15(W)/AYZ15L-AWXLBW(2H);NX300H / 2.5 / e-CVT AWD;Japonska ;JPN;osebni avtomobil;180;vecnamensko vozilo;NX300H 
114;1697;7.7;0;HONDA;RE54-4;CR-V / 2.0 / AUT.;Zdruûeno kraljestvo;GBR;osebni avtomobil;182;vecnamensko vozilo;CR-V 
114;1693;7.7;0;HONDA;RE56-4;CR-V / 2.0 / AUT.;Zdruûeno kraljestvo;GBR;osebni avtomobil;182;vecnamensko vozilo;CR-V 
114;1409;7.7;0;HONDA;CL71-3;ACCORD / 2.0;Japonska ;JPN;osebni avtomobil;217;limuzina;ACCORD 
114;1339;7.7;0;HONDA;CL71-3;HONDA / ACCORD / 2.0;Japonska ;JPN;osebni avtomobil;217;limuzina;HONDA 
114;1439;7.8;0;HONDA;CL72-4;ACCORD / 2.0 /;Japonska ;JPN;osebni avtomobil;217;limuzina;ACCORD 
114;1837;7.9;1;HYUNDAI;B-N;GRANDEUR / 2.2 CRDi / AUT.;Koreja. republika;KOR;osebni avtomobil;202;limuzina;GRANDEUR 
114;2021;8.1;1;HYUNDAI;C5D54-A51AZ1;SANTA FE / 2.2 / CRDi AUT. 4WD;Koreja. republika;KOR;osebni avtomobil;178;karavan;SANTA FE 
114;1474;8.2;0;HONDA;CL72-10;ACCORD / 2.0 / AUT.;Japonska ;JPN;osebni avtomobil;215;limuzina;ACCORD 
114;1445;8.2;0;HONDA;CL71-6;ACCORD / 2.0;Japonska ;JPN;osebni avtomobil;215;limuzina;ACCORD 
114;2069;8.2;1;HYUNDAI;F7D54-A51AZ1;SANTA FE / 2.2 / CRDi AUT. 4WD;Koreja. republika;KOR;osebni avtomobil;178;vecnamensko vozilo;SANTA FE 
114;1424;8.4;0;HONDA;CL-7;ACCORD / 2.0;Japonska ;JPN;osebni avtomobil;210;limuzina;ACCORD 
114;1325;8.5;0;ALFA ROMEO;932A2001-16;156 / 2.0;Italija;ITA;osebni avtomobil;216;limuzina;156
114;1543;8.5;0;HONDA;CM12-2;ACCORD / TOURER 2.0;Japonska ;JPN;osebni avtomobil;205;vecnamensko vozilo;ACCORD 
114;1543;8.5;0;HONDA;CM12-2;ACCORD / TOURER 2.0;Japonska ;JPN;osebni avtomobil;205;karavan;ACCORD 
114;1424;8.6;0;HONDA;CL7;ACCORD / 2.0 / I;Japonska ;JPN;osebni avtomobil;217;limuzina;ACCORD 
114;1579;8.8;0;HONDA;CM11-3;ACCORD / TOURER 2.0;Japonska ;JPN;osebni avtomobil;200;karavan;ACCORD 
114;1370;9.2;0;ALFA ROMEO;916C2B0028;GTV / 2.0 / T. Spark 16V;Italija;ITA;osebni avtomobil;221;kupe;GTV 
114;1495;9.7;0;ALFA ROMEO;936A3A0006;166 / 2.0 / T. Spark;Italija;ITA;osebni avtomobil;213;limuzina;166
115;1395;5.1;0;MERCEDES BENZ;R031Q0-BZAAB521;C / 180 /;Nemcija;DEU;osebni avtomobil;225;limuzina;C 
115;1815;5.2;0;KIA;JFF5P51-A65EZ1;OPTIMA / 2.0 / AUT.;Koreja. republika;KOR;osebni avtomobil;192;karavan;OPTIMA 
115;1475;5.3;0;MERCEDES BENZ;R331Q0-BZAZ0461;C / 180 /;Nemcija;DEU;osebni avtomobil;225;kupe;C 
115;1430;5.3;0;MERCEDES BENZ;234HQ2-OZABB542;CLA / 200 / AUT.;Nemcija;DEU;osebni avtomobil;230;limuzina;CLA 
115;1395;5.3;0;MERCEDES BENZ;R031Q0-BZAAB523;C / 180 /;Nemcija;DEU;osebni avtomobil;225;limuzina;C 
115;1430;5.4;0;MERCEDES BENZ;234HQ2-OZABB543;CLA / 200 / AUT.;Nemcija;DEU;osebni avtomobil;230;limuzina;CLA 
115;1425;5.4;0;MERCEDES BENZ;R031Q0-NZAAB500;C / 180 / AUT.;Nemcija;DEU;osebni avtomobil;223;limuzina;C 
115;1425;5.4;0;MERCEDES BENZ;M24HQ2-OZBCB500;B / 200 / AUT.;Nemcija;DEU;osebni avtomobil;220;karavan;B 
115;1395;5.4;0;MERCEDES BENZ;234HQ2-HZAAB540;CLA / 200 /;Nemcija;DEU;osebni avtomobil;230;limuzina;CLA 
115;1395;5.4;0;MERCEDES BENZ;124HQ2-OZAA1502;A / 200 / AUT.;Nemcija;DEU;osebni avtomobil;224;karavan;A 
115;1460;5.5;0;MERCEDES BENZ;224HQ2-OZAAB542;CLA / 200 / AUT.;Nemcija;DEU;osebni avtomobil;225;karavan;CLA 
115;1435;5.5;0;MERCEDES BENZ;274HQ2-OZAAB501;GLA / 200 / AUT.;Nemcija;DEU;osebni avtomobil;215;karavan;GLA 
115;1430;5.5;0;MERCEDES BENZ;234HQ2-OZABB503;CLA / 200 / AUT.;Nemcija;DEU;osebni avtomobil;230;limuzina;CLA 
115;1425;5.5;0;MERCEDES BENZ;R031Q0-NZAAB521;C / 180 / AUT.;Nemcija;DEU;osebni avtomobil;223;limuzina;C 
115;1425;5.5;0;MERCEDES BENZ;M24HQ2-OZBCB502;B / 200 / AUT;Nemcija;DEU;osebni avtomobil;220;karavan;B 
115;1395;5.5;0;MERCEDES BENZ;124HQ2-OZAA1504;A / 200 / AUT.;Nemcija;DEU;osebni avtomobil;224;karavan;A 
115;1370;5.5;0;MERCEDES BENZ;124HQ2-HZAAB500;A / 200 /;Nemcija;DEU;osebni avtomobil;224;karavan;A 
115;1425;5.6;0;MERCEDES BENZ;M24HQ2-OZBA1502;B / 200 / AUT.;Nemcija;DEU;osebni avtomobil;220;karavan;B 
115;1395;5.6;0;MERCEDES BENZ;234HQ2-HZBA1502;CLA / 200 /;Nemcija;DEU;osebni avtomobil;230;limuzina;CLA 
115;1240;5.6;0;PEUGEOT;L35FVG-C1E000;308 / 1.6 / i;Francija;FRA;osebni avtomobil;218;vozilo z dviûnimi vrati zadaj;308
115;1240;5.6;0;PEUGEOT;L35FVG-C1E000;308 / 1.6 / i;Francija;FRA;osebni avtomobil;215;vozilo z dviûnimi vrati zadaj;308
115;1475;5.7;0;MERCEDES BENZ;R331Q0-BZAA1472;C / 180 /;Nemcija;DEU;osebni avtomobil;225;kupe;C 
115;1425;5.7;0;MERCEDES BENZ;R031Q0-NZAA0572;C / 180 / AUT.;Nemcija;DEU;osebni avtomobil;223;limuzina;C 
115;1395;5.7;0;MERCEDES BENZ;234HQ2-HZAAB503;CLA / 200 /;Nemcija;DEU;osebni avtomobil;230;limuzina;CLA 
115;1395;5.7;0;MERCEDES BENZ;M24HQ2-HZBA1502;B / 200 /;Nemcija;DEU;osebni avtomobil;220;karavan;B 
115;1370;5.7;0;MERCEDES BENZ;124HQ2-HZAA1502;A / 200 /;Nemcija;DEU;osebni avtomobil;224;karavan;A 
115;1165;5.8;0;CITROEN;SA5FV8;DS3 / 1.6 / I;Francija;FRA;osebni avtomobil;210;vozilo z dviûnimi vrati zadaj;DS3 
115;1475;5.8;0;MERCEDES BENZ;R331Q0-BZAA1474;C / 180 /;Nemcija;DEU;osebni avtomobil;225;kupe;C 
115;1435;5.8;0;MERCEDES BENZ;274HQ2-OZAA1502;GLA / 200 / AUT.;Nemcija;DEU;osebni avtomobil;215;karavan;GLA 
115;1430;5.8;0;MERCEDES BENZ;224HQ2-HZAAB542;CLA / 200 /;Nemcija;DEU;osebni avtomobil;225;karavan;CLA 
115;1395;5.8;0;MERCEDES BENZ;274HQ2-HZAAB500;GLA / 200 /;Nemcija;DEU;osebni avtomobil;215;karavan;GLA 
115;1165;5.8;0;PEUGEOT;CA5FV8;208 / 1.6 / i 16V;Francija;FRA;osebni avtomobil;215;vozilo z dviûnimi vrati zadaj;208
115;1545;5.9;0;MERCEDES BENZ;H231P0-NZAAA501;C / 180 T / AUT.;Nemcija;DEU;osebni avtomobil;216;karavan;C 
115;1470;5.9;0;MERCEDES BENZ;H031M0-JZAAA501;C / 180 /;Nemcija;DEU;osebni avtomobil;225;limuzina;C 
115;1435;5.9;0;MERCEDES BENZ;274HQ2-OZAAB501;GLA / 200 / AUT.;Nemcija;DEU;osebni avtomobil;215;karavan;GLA 
115;1425;5.9;0;MERCEDES BENZ;R031Q0-CZAA1521;C / 180 / AUT.;Nemcija;DEU;osebni avtomobil;225;limuzina;C 
115;1425;5.9;0;MERCEDES BENZ;M24HP2-OZAAB502;B / 200 / AUT.;Nemcija;DEU;osebni avtomobil;220;karavan;B 
115;1395;5.9;0;MERCEDES BENZ;274HQ2-HZAAB501;GLA / 200 /;Nemcija;DEU;osebni avtomobil;215;karavan;GLA 
115;1513;6.1;1;KIA;EDF5D71-M61CZ1;CEED / 2.0 / D;Slovaöka;SVK;osebni avtomobil;210;vecnamensko vozilo;CEED 
115;1485;6.1;0;MERCEDES BENZ;H031P0-NZABA503;C / 180 / AUT.;Nemcija;DEU;osebni avtomobil;223;limuzina;C 
115;1425;6.1;0;MERCEDES BENZ;R031Q0-CZAA1522;C / 180 / AUT.;Nemcija;DEU;osebni avtomobil;225;limuzina;C 
115;1425;6.1;0;MERCEDES BENZ;M24HM2-OZAAB502;B / 200 / AUT.;Nemcija;DEU;osebni avtomobil;220;karavan;B 
115;1395;6.1;0;MERCEDES BENZ;M24HM2-HZAAA502;B / 200 /;Nemcija;DEU;osebni avtomobil;220;karavan;B 
115;1500;6.2;0;MERCEDES BENZ;R231Q0-CZAA1522;C / 180 T / AUT.;Nemcija;DEU;osebni avtomobil;222;karavan;C 
115;1460;6.2;0;MERCEDES BENZ;R031T0-CZAA057C;C / 180 / AUT.;Nemcija;DEU;osebni avtomobil;225;limuzina;C 
115;1475;6.2;0;PEUGEOT;8D5FV8;508 / 1.6 / i;Francija;FRA;osebni avtomobil;224;limuzina;508
115;1220;6.2;0;TOYOTA;SW20L-AJMZFG;MR2 / 2.0 / GTI;Francija;FRA;osebni avtomobil;225;kupe;MR2 
115;1568;6.2;0;VOLVO;XXZ14-XZ14V10;XC40 / 1.5 / T / MAN FWD;ävedska;SWE;osebni avtomobil;200;karavan;XC40 
115;1565;6.3;0;BMW;71DY-IAW500K0;318 / / i AUT.;Nemcija;DEU;osebni avtomobil;223;limuzina;318
115;1505;6.3;0;MERCEDES BENZ;H331P0-NZAAA434;C / 180 / AUT.;Nemcija;DEU;osebni avtomobil;223;kupe;C 
115;1495;6.3;0;PEUGEOT;8E5FV8;508 / BREAK 1.6 / i;Francija;FRA;osebni avtomobil;220;karavan;508
115;1568;6.3;0;VOLVO;XXZ14-XZ14B1;XC 40 / 1.5 / T MAN FWD;ävedska;SWE;osebni avtomobil;200;karavan;XC 40 
115;1568;6.3;0;VOLVO;XXZ14-XZ14B10;XC40 / 1.5 / T / MAN FWD;ävedska;SWE;osebni avtomobil;200;karavan;XC40 
115;1565;6.4;0;BMW;71DY-IAW500K0;318 / / i AUT.;Nemcija;DEU;osebni avtomobil;223;limuzina;318
115;1545;6.4;0;MERCEDES BENZ;H231M0-NZAAA574;C / 180 T /;Nemcija;DEU;osebni avtomobil;216;karavan;C 
115;1490;6.4;0;MERCEDES BENZ;H331P0-JZAAA434;C / 180 /;Nemcija;DEU;osebni avtomobil;225;kupe;C 
115;1460;6.4;0;MERCEDES BENZ;R031T0-CZAA052C;C / 180 / AUT.;Nemcija;DEU;osebni avtomobil;225;limuzina;C 
115;1435;6.4;0;MERCEDES BENZ;274HT2-OZAA150B;GLA / 200 / AUT.;Nemcija;DEU;osebni avtomobil;215;karavan;GLA 
115;1430;6.4;0;MERCEDES BENZ;234HT2-OZBA150B;CLA / 200 / AUT.;Nemcija;DEU;osebni avtomobil;230;limuzina;CLA 
115;1475;6.4;0;PEUGEOT;8D5FV8;508 / 1.6 / i;Francija;FRA;osebni avtomobil;203;limuzina;508
115;1350;6.4;0;PEUGEOT;4J5FV8;RCZ / 1.6 / TURBO i 16V;Francija;FRA;osebni avtomobil;215;kupe;RCZ 
115;1465;6.5;0;MERCEDES BENZ;H044K0-LZAAA500;C / 180 / KOMP.;Nemcija;DEU;osebni avtomobil;230;limuzina;C 
115;1425;6.5;0;MERCEDES BENZ;M24HT2-OZBA150B;B / 200 / AUT.;Nemcija;DEU;osebni avtomobil;220;karavan;B 
115;1405;6.6;0;MERCEDES BENZ;274HT2-HZAA150A;GLA / 200 /;Nemcija;DEU;osebni avtomobil;215;karavan;GLA 
115;1645;6.7;0;BMW;71DZ-IAW500K0;318 / TOURING / i AUT.;Nemcija;DEU;osebni avtomobil;220;karavan;318
115;1505;6.7;0;CITROEN;RD5FV8;C5 III / 1.6 / i 16V;Francija;FRA;osebni avtomobil;210;limuzina;C5 III 
115;1505;6.7;0;CITROEN;UD5FV8/1P;C4 PICASSO / 1.6 / i 16V AUT.;Francija;FRA;osebni avtomobil;204;vecnamensko vozilo;C4 PICASSO 
115;1505;6.7;0;CITROEN;UE5FV8/1P;C4 PICASSO / 1.6 / i 16V AUT.;Francija;FRA;osebni avtomobil;204;karavan;C4 PICASSO 
115;1240;6.7;0;CITROEN;SA5FR8;DS3 / 1.6 / 16V TURBO;Francija;FRA;osebni avtomobil;214;vozilo z dviûnimi vrati zadaj;DS3 
115;1495;6.7;0;MERCEDES BENZ;H0S9M0-NZABA503;C / 180 / AUT.;Nemcija;DEU;osebni avtomobil;223;limuzina;C 
115;1485;6.7;0;MERCEDES BENZ;H0S9M0-JZAAA500;C / 180 / CGI;Nemcija;DEU;osebni avtomobil;225;limuzina;C 
115;1480;6.7;0;MERCEDES BENZ;H0S9M0-JZBBA500;C / 180 /;Nemcija;DEU;osebni avtomobil;225;limuzina;C 
115;1825;6.7;1;PEUGEOT;VV4HK8;4007 / 2.2 / HDI;Francija;FRA;osebni avtomobil;200;vecnamensko vozilo;4007
115;1390;6.7;0;PEUGEOT;4C5FV8;308 / 1.6 / i;Francija;FRA;osebni avtomobil;214;vecnamensko vozilo;308
115;1350;6.7;0;PEUGEOT;4J5FV8;RCZ / 1.6 / TURBO i 16V;Francija;FRA;osebni avtomobil;215;kupe;RCZ 
115;1495;6.8;0;BMW;LL11-6A020000;Z4 / CABRIO 18 / i sDrive AUT.;Nemcija;DEU;osebni avtomobil;220;kabriolet;Z4 
115;1470;6.8;0;BMW;LL11-6H020000;Z4 / CABRIO 18 / i sDrive;Nemcija;DEU;osebni avtomobil;221;kabriolet;Z4 
115;1578;6.8;0;CITROEN;RW5FV8;C5 III / TOURER 1.6 / i 16V;Francija;FRA;osebni avtomobil;210;karavan;C5 III 
115;1500;6.8;0;MERCEDES BENZ;H3S9M0-JZAAA401;C / 180 /;Nemcija;DEU;osebni avtomobil;225;kupe;C 
115;1480;6.8;0;MERCEDES BENZ;H0S9M0-JZBBA501;C / 180 /;Nemcija;DEU;osebni avtomobil;225;limuzina;C 
115;1465;6.8;0;MERCEDES BENZ;H044K0-LZAAA502;C / 180 / KOMP. FE;Nemcija;DEU;osebni avtomobil;230;limuzina;C 
115;1319;6.8;0;PEUGEOT;WC5FR8;207 / 1.6 / i 16V;Francija;FRA;osebni avtomobil;216;vozilo z dviûnimi vrati zadaj;207
115;1592;6.9;0;CITROEN;UA5FV8/1P;C4 PICASSO / 1.6 / i 16V AUT.;Francija;FRA;osebni avtomobil;204;vecnamensko vozilo;C4 PICASSO 
115;1507;6.9;0;HONDA;CU13-1;ACCORD / 2.0 /;Japonska ;JPN;osebni avtomobil;215;limuzina;ACCORD 
115;1530;6.9;0;MERCEDES BENZ;H245K0-QZAAA500;C / 180 T / KOMP.;Nemcija;DEU;osebni avtomobil;223;karavan;C 
115;1480;6.9;0;MERCEDES BENZ;H045K0-QZAAA501;C / 180 / KOMP.;Nemcija;DEU;osebni avtomobil;230;limuzina;C 
115;1820;6.9;1;MITSUBISHI;CB721-AKACC6A7AAAJ;OUTLANDER / 2.2 DID / AMT / 4WD;Japonska ;JPN;osebni avtomobil;198;karavan;OUTLANDER 
115;1590;6.9;0;PEUGEOT;4B5FV8;308 / CABRIOLET 1.6 / I;Francija;FRA;osebni avtomobil;215;kabriolet;308
115;1556;6.9;0;PEUGEOT;4H5FV8/1;308 / MONOSPACE 1.6 / i;Francija;FRA;osebni avtomobil;211;vecnamensko vozilo;308
115;1514;6.9;0;SUBARU;GX7-CJL;XV / WAGON 2.0 / i-S ES CVT AWD;Japonska ;JPN;osebni avtomobil;194;karavan;XV 
115;1535;7.1;0;PEUGEOT;0A5FV8/1;5008 / 1.6 / i;Francija;FRA;osebni avtomobil;195;vecnamensko vozilo;5008
115;1534;7.1;0;PEUGEOT;0U5FV8/1;3008 / 1.6 / i;Francija;FRA;osebni avtomobil;202;vecnamensko vozilo;3008
115;1845;7.2;1;CITROEN;VV4HK8/P;C-CROSSER / 2.2 / HDI;Francija;FRA;osebni avtomobil;198;vecnamensko vozilo;C-CROSSER 
115;1825;7.2;1;CITROEN;VV4HNH/1;C-CROSSER / 2.2 / HDI;Francija;FRA;osebni avtomobil;200;vecnamensko vozilo;C-CROSSER 
115;1593;7.2;0;HONDA;CW13-2;ACCORD TOURER / 2.0 /;Japonska ;JPN;osebni avtomobil;212;vecnamensko vozilo;ACCORD TOURER 
115;1530;7.2;0;MERCEDES BENZ;R331T0-CZAA047C;C / 180 / AUT.;Nemcija;DEU;osebni avtomobil;226;kupe;C 
115;1495;7.2;0;MERCEDES BENZ;R231T0-BZAA052A;C / 180 T /;Nemcija;DEU;osebni avtomobil;223;karavan;C 
115;1495;7.2;0;MERCEDES BENZ;H049M0-TZAAA502;C / 180 / CGI AUT.;Nemcija;DEU;osebni avtomobil;220;limuzina;C 
115;1405;7.2;0;MERCEDES BENZ;274HT2-HZAA150A;GLA / 200 /;Nemcija;DEU;osebni avtomobil;215;karavan;GLA 
115;1820;7.2;1;MITSUBISHI;CB721-AKACC6A7AAAJ;OUTLANDER / 2.2 DID / AMT / 4WD;Japonska ;JPN;osebni avtomobil;198;karavan;OUTLANDER 
115;1820;7.2;1;MITSUBISHI;CB721-AKACC6A7AAAJ;OUTLANDER / 2.2 DID / AMT / 4WD;Japonska ;JPN;osebni avtomobil;198;vozilo za posebne namene;OUTLANDER 
115;1825;7.2;1;PEUGEOT;VV4HNH/1;4007 / 2.2 / HDI;Francija;FRA;osebni avtomobil;200;vecnamensko vozilo;4007
115;1590;7.2;0;PEUGEOT;4B5FV8;308 / CABRIOLET 1.6 / i;Francija;FRA;osebni avtomobil;215;kabriolet;308
115;1845;7.3;1;CITROEN;VV4HNH/P;C-CROSSER / 2.2 / HDI AUT.;Francija;FRA;osebni avtomobil;198;vecnamensko vozilo;C-CROSSER 
115;1825;7.3;1;CITROEN;VV4HNH/2;C-CROSSER / 2.2 / HDI;Francija;FRA;osebni avtomobil;200;vecnamensko vozilo;C-CROSSER 
115;1609;7.3;0;CITROEN;RW5FVA;C5 III / TOURER 1.6 / i 16V AUT.;Francija;FRA;osebni avtomobil;210;karavan;C5 III 
115;1542;7.3;0;HONDA;CU12-2;ACCORD / 2.0 /;Japonska ;JPN;osebni avtomobil;215;limuzina;ACCORD 
115;1515;7.3;0;HONDA;CU12-1;ACCORD / 2.0 /;Japonska ;JPN;osebni avtomobil;215;limuzina;ACCORD 
115;1830;7.3;1;MITSUBISHI;CB721-AKACC6A7A;OUTLANDER / 2.2 DID / 4WD;Japonska ;JPN;osebni avtomobil;198;karavan;OUTLANDER 
115;1810;7.3;1;MITSUBISHI;CW721-AIACA6A7A;OUTLANDER / 2.2 DID / 4WD;Japonska ;JPN;osebni avtomobil;200;karavan;OUTLANDER 
115;1845;7.3;1;PEUGEOT;VV4HNH/P;4007 / 2.2 / HDI AUT.;Francija;FRA;osebni avtomobil;198;vecnamensko vozilo;4007
115;1825;7.3;1;PEUGEOT;VV4HNH/2;4007 / 2.2 / HDI;Francija;FRA;osebni avtomobil;200;vecnamensko vozilo;4007
115;1565;7.3;0;PEUGEOT;0E5FV8;5008 / 1.6 / i;Francija;FRA;osebni avtomobil;195;vecnamensko vozilo;5008
115;1535;7.3;0;PEUGEOT;0A5FV8;5008 / 1.6 / i;Francija;FRA;osebni avtomobil;195;vecnamensko vozilo;5008
115;1534;7.3;0;PEUGEOT;0U5FV8;3008 / 1.6 / i;Francija;FRA;osebni avtomobil;202;vecnamensko vozilo;3008
115;1555;7.4;0;MERCEDES BENZ;H249M0-TZAAA500;C / 180 T / CGI AUT.;Nemcija;DEU;osebni avtomobil;213;karavan;C 
115;1495;7.4;0;MERCEDES BENZ;H049M0-TZAAA503;C / 180 / CGI AUT.;Nemcija;DEU;osebni avtomobil;220;limuzina;C 
115;1484;7.4;0;PEUGEOT;WB5FR8;207 / CABRIOLET 1.6 / i 16V;Francija;FRA;osebni avtomobil;220;kabriolet;207
115;1577;7.5;0;HONDA;CW11-2;ACCORD TOURER / 2.0 /;Japonska ;JPN;osebni avtomobil;212;vecnamensko vozilo;ACCORD TOURER 
115;1542;7.5;0;HONDA;CU12-2;ACCORD / 2.0 /;Japonska ;JPN;osebni avtomobil;215;limuzina;ACCORD 
115;1485;7.5;0;MERCEDES BENZ;204H04CK0-LZAAA501;C / 180 / KOMP.;Nemcija;DEU;osebni avtomobil;223;limuzina;C 
115;1609;7.6;0;HONDA;CW12-2;ACCORD TOURER / 2.0 /;Japonska ;JPN;osebni avtomobil;212;vecnamensko vozilo;ACCORD TOURER 
115;1513;7.6;0;HONDA;CU12-3;ACCORD / 2.0 / AUT.;Japonska ;JPN;osebni avtomobil;212;limuzina;ACCORD 
115;1555;7.6;0;JEEP;JANFB-B5LN1A;COMPASS / 2.0 /;Zdruûene drûave;USA;osebni avtomobil;180;vecnamensko vozilo;COMPASS 
115;1500;7.6;0;MERCEDES BENZ;H04CK0-TZAAA500;C / 180 / KOMP. AUT.;Nemcija;DEU;osebni avtomobil;220;limuzina;C 
115;1485;7.6;0;MERCEDES BENZ;H04CK0-LZAAA502;C / 180 / KOMP.;Nemcija;DEU;osebni avtomobil;223;limuzina;C 
115;1435;7.6;0;MERCEDES BENZ;274HT2-OZAA150B;GLA / 200 / AUT.;Nemcija;DEU;osebni avtomobil;215;karavan;GLA 
115;1555;7.6;0;PEUGEOT;0U5FVA/1;3008 / 1.6 / i AUT.;Francija;FRA;osebni avtomobil;202;vecnamensko vozilo;3008
115;1435;7.7;0;HONDA;RN-3-1-2;STREAM / 2.0;Japonska ;JPN;osebni avtomobil;210;vecnamensko vozilo;STREAM 
115;1535;7.7;0;MERCEDES BENZ;H24CK0-LZAAA500;C / 180 T / KOMP.;Nemcija;DEU;osebni avtomobil;218;karavan;C 
115;1435;7.7;0;MERCEDES BENZ;274HT2-OZAA150B;GLA / 200 / AUT.;Nemcija;DEU;osebni avtomobil;215;karavan;GLA 
115;1605;7.7;0;PEUGEOT;4B5FVA;308 / CABRIOLET 1.6 / i AUT.;Francija;FRA;osebni avtomobil;212;kabriolet;308
115;1585;7.7;0;PEUGEOT;0A5FVA/1;5008 / 1.6 / i;Francija;FRA;osebni avtomobil;195;vecnamensko vozilo;5008
115;1555;7.7;0;PEUGEOT;0U5FVA/1;3008 / 1.6 / i AUT.;Francija;FRA;osebni avtomobil;202;vecnamensko vozilo;3008
115;1568;7.8;0;HONDA;CU12-4;ACCORD / 2.0 / AUT.;Japonska ;JPN;osebni avtomobil;212;limuzina;ACCORD 
115;1500;7.8;0;MERCEDES BENZ;204H04CK0-TZAAA502;C / 180 / KOMP. AUT.;Nemcija;DEU;osebni avtomobil;220;limuzina;C 
115;1585;7.9;0;PEUGEOT;0A5FVA;5008 / 1.6 / i;Francija;FRA;osebni avtomobil;195;vozilo za posebne namene;5008
115;1435;8.1;0;DODGE;PKBBG8B-73;CALIBER / 2.0 / CVT;Zdruûene drûave;USA;osebni avtomobil;186;vozilo z dviûnimi vrati zadaj;CALIBER 
115;1550;8.2;0;MERCEDES BENZ;H24CK0-TZAAA501;C / 180 T / KOMP. AUT.;Nemcija;DEU;osebni avtomobil;215;karavan;C 
115;2200;8.8;1;MERCEDES BENZ;CF4A23B4DV19;SPRINTER 216 / CDI;Nemcija;DEU;osebni avtomobil;160;vecnamensko vozilo;SPRINTER 216 
115;1471;9.2;0;JAGUAR;QAB1-5EEEC;X TYPE / 2.0;Zdruûeno kraljestvo;GBR;osebni avtomobil;210;limuzina;X TYPE 
115;1465;9.2;0;JAGUAR;CF1;X-TYPE / 2.0 / V6;Zdruûeno kraljestvo;GBR;osebni avtomobil;210;limuzina;X-TYPE 
115;3020;9.2;1;MERCEDES BENZ;902-6;SPRINTER / 216 / CDI;Nemcija;DEU;osebni avtomobil;150;vecnamensko vozilo;SPRINTER 
115;1575;9.3;0;CHEVROLET;LV2-123;EPICA / 2.5 / L6 AUT.;Koreja. republika;KOR;osebni avtomobil;208;limuzina;EPICA 
115;1610;9.5;0;SUBARU;BH9-040;LEGACY / WAGON 2.5 / 4WD;Japonska ;JPN;osebni avtomobil;197;karavan;LEGACY 
115;1485;9.5;0;SUBARU;BH9-CLBR;LEGACY / WAGON 2.5 / 4WD AUT.;Japonska ;JPN;osebni avtomobil;197;karavan;LEGACY 
115;1440;9.5;0;SUBARU;BH9-030;LEGACY / WAGON 2.5 / 4WD;Japonska ;JPN;osebni avtomobil;203;karavan;LEGACY 
115;1560;9.8;0;SUBARU;BH9-540;LEGACY / WAGON 2.5 / 4WD AUT.;Japonska ;JPN;osebni avtomobil;195;karavan;LEGACY 
115.5;2185;8.2;1;CITROEN;YBDMRB;JUMPER / KOMBI 33 3.0 / HDi L2H2;Francija;FRA;osebni avtomobil;160;vecnamensko vozilo;JUMPER 
115.5;2185;8.2;1;FIAT;250BDMRB05;DUCATO / COMBINATO 3.0 / JTD;Italija;ITA;osebni avtomobil;160;vecnamensko vozilo;DUCATO 
115.5;2185;8.2;1;PEUGEOT;YBDMRB;BOXER / 3.0 / HDI;Francija;FRA;osebni avtomobil;160;vecnamensko vozilo;BOXER 
115.5;2185;8.2;1;PEUGEOT;YBDMRB;BOXER / 3.0 / HDI;Francija;FRA;osebni avtomobil;160;vozilo za posebne namene;BOXER 
115.5;2425;8.5;1;FIAT;250BDAPB40;DUCATO / PANORAMA 3.0 / JTD;Italija;ITA;osebni avtomobil;160;vecnamensko vozilo;DUCATO 
115.5;2425;8.6;1;CITROEN;YBDMPB;JUMPER / KOMBI 33 3.0 / HDi L2H2;Francija;FRA;osebni avtomobil;160;vecnamensko vozilo;JUMPER 
115.5;2340;8.6;1;CITROEN;YADMPA;JUMPER / KOMBI 30 3.0 / HDi L1H1;Francija;FRA;osebni avtomobil;165;vecnamensko vozilo;JUMPER 
115.5;3295;8.6;1;PEUGEOT;YBDMPB;BOXER / KOMBI 33 3.0 / HDi L2H2;Francija;FRA;osebni avtomobil;160;vozilo za posebne namene;BOXER 
115.5;2575;8.6;1;PEUGEOT;YBDMPB;BOXER / KOMBI 33 3.0 / HDi L2H2;Francija;FRA;osebni avtomobil;160;vozilo z dostopom za invalidski vozicek;BOXER 
115.5;2425;8.6;1;PEUGEOT;YBDMPB;BOXER / 3.0 / HDI;Francija;FRA;osebni avtomobil;160;vecnamensko vozilo;BOXER 
115.5;2340;8.6;1;PEUGEOT;YADMPA/9F;BOXER / KOMBI 30 3.0 / HDi L1H1;Francija;FRA;osebni avtomobil;165;vecnamensko vozilo;BOXER 
116;2485;10.8;1;NISSAN;Y61-H02;PATROL GR / 3.0;Japonska ;JPN;osebni avtomobil;160;limuzina;PATROL GR 
116;2450;10.8;1;NISSAN;Y61-ZD30;PATROL GR / 3.0 / TD;Japonska ;JPN;osebni avtomobil;160;vecnamensko vozilo;PATROL GR 
116;2449;10.8;1;NISSAN;Y61;PATROL / 3.0;Japonska ;JPN;osebni avtomobil;160;limuzina;PATROL 
116;2345;10.8;1;NISSAN;Y61-TES;PATROL GR / 3.0 / TD;Japonska ;JPN;osebni avtomobil;160;vecnamensko vozilo;PATROL GR 
116;2305;10.8;1;NISSAN;Y61-D04;PATROL GR / 3.0 / TD;Japonska ;JPN;osebni avtomobil;155;karavan;PATROL GR 
116;1478;6.1;0;RENAULT;RFBKF2NCBUC9720100;MEGANE / GRANDTOUR 1.3 / 16V AUT.;Francija;FRA;osebni avtomobil;205;karavan;MEGANE 
116;1452;6.5;0;NISSAN;J11FF12;QASHQAI / 1.3 / AUT.;Zdruûeno kraljestvo;GBR;osebni avtomobil;197;vecnamensko vozilo;QASHQAI 
116;1498;6.5;0;RENAULT;RFEHF2N2BUB2325000;KADJAR / 1.3 / 16V AUT.;Francija;FRA;osebni avtomobil;205;karavan;KADJAR 
116;1467;6.7;0;NISSAN;J11FF13;QASHQAI / 1.3 / AUT.;Zdruûeno kraljestvo;GBR;osebni avtomobil;197;vecnamensko vozilo;QASHQAI 
116;1663;6.8;0;RENAULT;RZGHF2N2BUB1100000;KOLEOS / 1.3 / 16V AUT.;Francija;FRA;osebni avtomobil;200;karavan;KOLEOS 
116;1611;7.2;0;NISSAN;T32HH14;X-TRAIL / 1.3 / AUT.;Japonska ;JPN;osebni avtomobil;194;vecnamensko vozilo;X-TRAIL 
116;1500;7.4;0;TOYOTA;ZSA35L-AWFXPW(1F);RAV 4 / 2.0 /;Japonska ;JPN;osebni avtomobil;185;vecnamensko vozilo;RAV 4 
116;1580;7.5;0;TOYOTA;ZSA30L-AWXGPW(2E);RAV 4 / 2.0 / CVT;Japonska ;JPN;osebni avtomobil;185;vecnamensko vozilo;RAV 4 
116;1500;7.5;0;TOYOTA;ZSA35L-BWFXPW(1H);RAV 4 / 2.0 /;Japonska ;JPN;osebni avtomobil;185;vecnamensko vozilo;RAV 4 
116;1580;7.6;0;TOYOTA;ZSA30L-BWXGPW(2H);RAV 4 / 2.0 / CVT;Japonska ;JPN;osebni avtomobil;185;vecnamensko vozilo;RAV 4 
116;1550;7.6;0;TOYOTA;ZSA30L-AWFGPW(1F);RAV 4 / 2.0 /;Japonska ;JPN;osebni avtomobil;185;vecnamensko vozilo;RAV 4 
116;1550;7.7;0;TOYOTA;ZSA30L-BWFGPW(3J);RAV 4 / 2.0 /;Japonska ;JPN;osebni avtomobil;185;vecnamensko vozilo;RAV 4 
116;2235;9.1;1;NISSAN;Y-61;PATROL / 3.0 / TD;Japonska ;JPN;osebni avtomobil;170;vecnamensko vozilo;PATROL 
116;1485;9.3;0;SUBARU;SG5-030;FORESTER / 2.0 / AWD;Japonska ;JPN;osebni avtomobil;197;karavan;FORESTER 
116;1480;9.3;0;SUBARU;SG5-530;FORESTER / 2.0 / AWD AUT.;Japonska ;JPN;osebni avtomobil;190;karavan;FORESTER 
116;2345;9.5;1;NISSAN;Y61;PATROL / GR / 3.0 / D;Japonska ;JPN;osebni avtomobil;160;vecnamensko vozilo;PATROL 
116;1646;9.6;0;PEUGEOT;6E3FZF/IF;407 / BREAK 2.2;Francija;FRA;osebni avtomobil;205;karavan;407
117;1425;5.5;0;HYUNDAI;PDE-F5P91-M6DBZZ;i30 CW / 1.5 / T-GDI 48V HEV;Ceöka republika;CZE;osebni avtomobil;210;karavan;i30 CW 
117;1408;5.5;0;HYUNDAI;F5P91-M6DBZ1;i30 CW / 1.5 / T-GDI 48V HEV;Ceöka republika;CZE;osebni avtomobil;210;karavan;i30 CW 
117;1372;5.5;0;HYUNDAI;B5P91-M6DBZ1;i30 / 1.5 / T-GDI 48V HEV;Ceöka republika;CZE;osebni avtomobil;210;vozilo z dviûnimi vrati zadaj;i30 
117;1443;5.6;0;HYUNDAI;PDE-F5P91-M6DBZZ;i30 CW / 1.5 / T-GDI 48V HEV;Ceöka republika;CZE;osebni avtomobil;210;karavan;i30 CW 
117;1425;5.6;0;HYUNDAI;B5P91-D71BZ1;i30 / 1.5 / T-GDI DCT 48V HEV;Ceöka republika;CZE;osebni avtomobil;210;vozilo z dviûnimi vrati zadaj;i30 
117;1408;5.6;0;HYUNDAI;PDE-F5P91-M6DBZ1;i30 CW / 1.5 / T-GDI 48V HEV;Ceöka republika;CZE;osebni avtomobil;210;karavan;i30 CW 
117;1431;6.2;0;HYUNDAI;PDE-BEP91-M6DIZ1;i30 CW NS / 1.5 / T-GDI 48V HEV;Ceöka republika;CZE;osebni avtomobil;210;karavan;i30 CW NS 
117;1442;6.2;0;RENAULT;RFBKF2NCBTB6U20100;MEGANE / GRANDTOUR 1.3 / 16V AUT.;Francija;FRA;osebni avtomobil;205;karavan;MEGANE 
117;1424;6.3;0;HYUNDAI;BBP91-M6DIZZ;i30 NS / 1.5 / T-GDI 48V HEV;Ceöka republika;CZE;osebni avtomobil;210;vozilo z dviûnimi vrati zadaj;i30 NS 
117;1412;6.3;0;HYUNDAI;PDE-BBP91-M6DIZ1;i30 NS / 1.5 / T-GDI 48V HEV;Ceöka republika;CZE;osebni avtomobil;210;vozilo z dviûnimi vrati zadaj;i30 NS 
117;1394;6.3;0;RENAULT;RFBBF2NCBTB6U20100;MEGANE / 1.3 / 16V AUT.;Francija;FRA;osebni avtomobil;205;vozilo z dviûnimi vrati zadaj;MEGANE 
117;1501;6.4;0;RENAULT;RFDLF2NCBTA0F10000;TALISMAN / 1.3 / 16V AUT.;Francija;FRA;osebni avtomobil;210;limuzina;TALISMAN 
117;1438;6.4;0;RENAULT;RFBKF2NC6TA0800100;MEGANE / GRANDTOUR 1.3 / 16V;Francija;FRA;osebni avtomobil;205;karavan;MEGANE 
117;1536;6.8;0;RENAULT;RFEHF2NCBTA0525000;KADJAR / 1.3 / 16V AUT.;Francija;FRA;osebni avtomobil;210;karavan;KADJAR 
117;1427;6.9;0;NISSAN;J11FF08;QASHQAI / 1.3 /;Zdruûeno kraljestvo;GBR;osebni avtomobil;200;vecnamensko vozilo;QASHQAI 
117;1427;6.9;0;NISSAN;J11FF09;QASHQAI / 1.3 / AUT.;Zdruûeno kraljestvo;GBR;osebni avtomobil;198;vecnamensko vozilo;QASHQAI 
117;1547;6.9;0;RENAULT;RFDKF2NCBTA5F10000;TALISMAN GRANDTOUR / 1.3 / 16V AUT.;Francija;FRA;osebni avtomobil;210;karavan;TALISMAN GRANDTOUR 
117;1533;6.9;0;RENAULT;RFEHF2NCBTA0G25000;KADJAR / 1.3 / 16V AUT.;Francija;FRA;osebni avtomobil;210;karavan;KADJAR 
117;1481;7.1;0;NISSAN;J11FF72;QASHQAI / 1.3 /;Zdruûeno kraljestvo;GBR;osebni avtomobil;200;vecnamensko vozilo;QASHQAI 
117;1468;7.1;0;NISSAN;J11FF02;QASHQAI / 1.3 /;Zdruûeno kraljestvo;GBR;osebni avtomobil;200;vecnamensko vozilo;QASHQAI 
117;1461;7.1;0;NISSAN;J11FF03;QASHQAI / 1.3 / AUT.;Zdruûeno kraljestvo;GBR;osebni avtomobil;198;vecnamensko vozilo;QASHQAI 
117;1457;7.1;0;NISSAN;J11FF76;QASHQAI / 1.3 / AUT.;Zdruûeno kraljestvo;GBR;osebni avtomobil;198;vecnamensko vozilo;QASHQAI 
117;1454;7.1;0;NISSAN;J11FF79;QASHQAI / 1.3 / AUT.;Zdruûeno kraljestvo;GBR;osebni avtomobil;198;vecnamensko vozilo;QASHQAI 
117;1449;7.1;0;NISSAN;J11FF03;QASHQAI / 1.3 /;Zdruûeno kraljestvo;GBR;osebni avtomobil;198;vecnamensko vozilo;QASHQAI 
117;1443;7.1;0;NISSAN;J11FF06;QASHQAI / 1.3 / AUT.;Zdruûeno kraljestvo;GBR;osebni avtomobil;198;vecnamensko vozilo;QASHQAI 
117;1427;7.1;0;NISSAN;J11FF05;QASHQAI / 1.3 /;Zdruûeno kraljestvo;GBR;osebni avtomobil;200;vecnamensko vozilo;QASHQAI 
117;1657;7.1;0;RENAULT;RFARF2NCBTA0D15000;GRAND SCENIC / 1.3 / 16V AUT.;Francija;FRA;osebni avtomobil;208;vozilo z dviûnimi vrati zadaj;GRAND SCENIC 
117;1655;7.1;0;RENAULT;RFARF2NCBTA5N17000;GRAND SCENIC / 1.3 / 16V AUT.;Francija;FRA;osebni avtomobil;200;vozilo z dviûnimi vrati zadaj;GRAND SCENIC 
117;1621;7.1;0;RENAULT;RFARF2NCBTA0N15000;GRAND SCENIC / 1.3 / 16V AUT.;Francija;FRA;osebni avtomobil;208;vozilo z dviûnimi vrati zadaj;GRAND SCENIC 
117;1451;7.2;0;NISSAN;J11FF72;QASHQAI / 1.3 /;Zdruûeno kraljestvo;GBR;osebni avtomobil;200;vecnamensko vozilo;QASHQAI 
117;1684;7.2;0;RENAULT;RFARF2NCBTA0N17000;GRAND SCENIC / 1.3 / 16V AUT.;Francija;FRA;osebni avtomobil;207;vozilo z dviûnimi vrati zadaj;GRAND SCENIC 
117;1671;7.2;0;RENAULT;RFARF2NCBTA0N15000;GRAND SCENIC / 1.3 / 16V AUT.;Francija;FRA;osebni avtomobil;208;vozilo z dviûnimi vrati zadaj;GRAND SCENIC 
117;1628;7.6;0;NISSAN;T32HH10;X-TRAIL / 1.3 /;Japonska ;JPN;osebni avtomobil;198;vecnamensko vozilo;X-TRAIL 
117;1625;7.8;0;NISSAN;T32HH12;X-TRAIL / 1.3 /;Japonska ;JPN;osebni avtomobil;198;vecnamensko vozilo;X-TRAIL 
117;1575;8.2;0;NISSAN;T32HH71;X-TRAIL / 1.3 / AUT.;Japonska ;JPN;osebni avtomobil;198;vecnamensko vozilo;X-TRAIL 
117;1611;8.4;0;NISSAN;T32HH72;X-TRAIL / 1.3 / AUT.;Japonska ;JPN;osebni avtomobil;198;vecnamensko vozilo;X-TRAIL 
117.5;1377;5.8;0;KIA;CDF5P41-M62B12;CEED / 1.5 / T;Slovaöka;SVK;osebni avtomobil;210;karavan;CEED 
117.5;1425;5.9;0;KIA;CDBAP41-D72D12;PROCEED / 1.5 / T / AUT.;Slovaöka;SVK;osebni avtomobil;210;vozilo z dviûnimi vrati zadaj;PROCEED 
117.5;1459;6.1;0;HYUNDAI;PDE-BBP91-D71IZZ;i30 NS / 1.5 / T-GDI DCT 48V HEV;Ceöka republika;CZE;osebni avtomobil;210;vozilo z dviûnimi vrati zadaj;i30 NS 
117.5;1400;6.3;0;KIA;CDBCP41-D75H12;XCEED / 1.5 / T / AUT.;Slovaöka;SVK;osebni avtomobil;208;vozilo z dviûnimi vrati zadaj;XCEED 
117.5;1370;6.3;0;KIA;CDBCP41-M65H12;XCEED / 1.5 / T;Slovaöka;SVK;osebni avtomobil;208;vozilo z dviûnimi vrati zadaj;XCEED 
118;1666;10.1;0;MITSUBISHI;CU522-1DABC4A5;OUTLANDER / 2.4 / 4WD AUT.;Japonska ;JPN;osebni avtomobil;191;karavan;OUTLANDER 
118;1985;10.5;1;MITSUBISHI;V6321-SFFABA135;PAJERO / 3.2 / GLS DID SWB AUT.;Japonska ;JPN;osebni avtomobil;170;karavan;PAJERO 
118;2170;10.7;1;MITSUBISHI;V6321-SFFABA135;PAJERO / 3.2;Japonska ;JPN;osebni avtomobil;170;limuzina;PAJERO 
118;2170;10.7;1;MITSUBISHI;V6321-LPPCDA137;MITSUBISHI / PAJERO / 3.2 / GLS DID LWB AUT.;Japonska ;JPN;osebni avtomobil;170;limuzina;MITSUBISHI 
118;2170;10.7;1;MITSUBISHI;V6321-LPPCDA137;PAJERO / 3.2 / GLS DID LWB AUT.;Japonska ;JPN;osebni avtomobil;170;karavan;PAJERO 
118;2515;10.8;1;NISSAN;Y61;PATROL / GR / 3.0;Japonska ;JPN;osebni avtomobil;160;limuzina;PATROL 
118;2485;10.8;1;NISSAN;Y61/E/E18;PATROL / 3.0 / TDI;Japonska ;JPN;osebni avtomobil;160;karavan;PATROL 
118;1420;10.9;0;MERCEDES BENZ;124.026;260 / E AUT.;Nemcija;DEU;osebni avtomobil;210;limuzina;260
118;1990;11.2;1;MITSUBISHI;V-60;PAJERO / 3.2;Japonska ;JPN;osebni avtomobil;170;limuzina;PAJERO 
118;1425;4.1;1;OPEL;DA0FFBB12-BK2G3FAFK5;ASTRA / ST 1.6 / CDTI;Nemcija;DEU;osebni avtomobil;220;karavan;ASTRA 
118;1396;4.1;1;OPEL;CA0FFBB12-BK1G1FAFK5;ASTRA / 1.6 / CDTI;Nemcija;DEU;osebni avtomobil;220;vozilo z dviûnimi vrati zadaj;ASTRA 
118;1425;4.2;1;OPEL;DB0FFBB12-BK2H2FAFK5;ASTRA / ST 1.6 / CDTI;Nemcija;DEU;osebni avtomobil;220;karavan;ASTRA 
118;1615;4.3;1;MERCEDES BENZ;R21DT0-CZAA157C;C / 200 T / d AUT.;Nemcija;DEU;osebni avtomobil;220;karavan;C 
118;1555;4.3;1;MERCEDES BENZ;R01DT0-GZAA152A;C / 200 / d;Nemcija;DEU;osebni avtomobil;226;limuzina;C 
118;1733;4.3;1;OPEL;DM11-4A09C1ADGKR5;INSIGNIA / 2.0 / DT 16V;Nemcija;DEU;osebni avtomobil;221;vecnamensko vozilo;INSIGNIA 
118;1701;4.3;1;OPEL;DM11-4AADC1ADGKS5;INSIGNIA / 2.0 / DT 16V;Nemcija;DEU;osebni avtomobil;221;vecnamensko vozilo;INSIGNIA 
118;1613;4.3;1;OPEL;BM11-4AADA4AMGKS5;INSIGNIA / 2.0 / DT 16V;Nemcija;DEU;osebni avtomobil;221;vecnamensko vozilo;INSIGNIA 
118;1593;4.4;1;RENAULT;RFDLH2A5A61A110000;TALISMAN / 1.6 / DCI AUT.;Francija;FRA;osebni avtomobil;215;limuzina;TALISMAN 
118;1843;4.5;1;OPEL;FM11-4A12B2BVGKJ5;INSIGNIA / CAR. 2.0 / DT 16V;Nemcija;DEU;osebni avtomobil;215;vecnamensko vozilo;INSIGNIA 
118;1816;4.5;1;OPEL;FM11-4AAMB2BVGKJ5;INSIGNIA / CAR. 2.0 / DT 16V;Nemcija;DEU;osebni avtomobil;215;vecnamensko vozilo;INSIGNIA 
118;1788;4.5;1;OPEL;FM11-4AALB2BVGKK5;INSIGNIA / CAR. 2.0 / DT 16V;Nemcija;DEU;osebni avtomobil;215;vecnamensko vozilo;INSIGNIA 
118;1690;4.5;1;RENAULT;RFAJH2A5ARVA015000;SCENIC / 1.6 / DCI AUT.;Francija;FRA;osebni avtomobil;200;vozilo z dviûnimi vrati zadaj;SCENIC 
118;1684;4.5;1;RENAULT;RFDLH4A5A61A210000;TALISMAN / 1.6 / DCI AUT.;Francija;FRA;osebni avtomobil;215;limuzina;TALISMAN 
118;1615;4.5;1;RENAULT;RFDKH2A5A61A110000;TALISMAN GRANDTOUR / 1.6 / DCI AUT.;Francija;FRA;osebni avtomobil;213;karavan;TALISMAN GRANDTOUR 
118;1614;4.5;1;RENAULT;RFAJH2A5ARVA015000;SCENIC / 1.6 / DCI AUT.;Francija;FRA;osebni avtomobil;208;vozilo z dviûnimi vrati zadaj;SCENIC 
118;1609;4.5;1;RENAULT;RFDLH2A5A61A210000;TALISMAN / 1.6 / DCI AUT.;Francija;FRA;osebni avtomobil;215;limuzina;TALISMAN 
118;1600;4.5;1;SAAB;YS3FF4BAE-M6F01;9-3 / 1.9 / TIDS;ävedska;SWE;osebni avtomobil;225;limuzina;09-Mar
118;1600;4.5;1;SAAB;YS3FF4BAE-M6F01;9-3 / 1.9 / TIDS;ävedska;SWE;osebni avtomobil;220;limuzina;09-Mar
118;1915;4.6;1;RENAULT;RFDKH2A5A60A210000;TALISMAN GRANDTOUR / 1.6 / DCI AUT.;Francija;FRA;osebni avtomobil;213;karavan;TALISMAN GRANDTOUR 
118;1891;4.6;1;RENAULT;RFCJD4A5AA00007000;ESPACE / 1.6 / DCI AUT.;Francija;FRA;osebni avtomobil;202;vozilo z dviûnimi vrati zadaj;ESPACE 
118;1857;4.6;1;RENAULT;RFCJD4A5AA00005000;ESPACE / 1.6 / DCI AUT.;Francija;FRA;osebni avtomobil;202;vozilo z dviûnimi vrati zadaj;ESPACE 
118;1781;4.6;1;RENAULT;RFCJD2A5AA00005000;ESPACE / 1.6 / DCI AUT.;Francija;FRA;osebni avtomobil;202;vozilo z dviûnimi vrati zadaj;ESPACE 
118;1742;4.6;1;RENAULT;RFDKH4A5A61A210000;TALISMAN GRANDTOUR / 1.6 / DCI AUT.;Francija;FRA;osebni avtomobil;213;karavan;TALISMAN GRANDTOUR 
118;1708;4.6;1;RENAULT;RFDKH4A5A60A210000;TALISMAN GRANDTOUR / 1.6 / DCI AUT.;Francija;FRA;osebni avtomobil;215;karavan;TALISMAN GRANDTOUR 
118;1705;4.7;1;MERCEDES BENZ;U01DT0-CZAA052A;E / 200 // d AUT.;Nemcija;DEU;osebni avtomobil;226;limuzina;E 
118;1774;4.7;1;RENAULT;RFARH2A5ARVA017000;GRAND SCENIC / 1.6 / DCI AUT.;Francija;FRA;osebni avtomobil;200;vozilo z dviûnimi vrati zadaj;GRAND SCENIC 
118;1769;4.7;1;RENAULT;RFARH2A5ARVA017000;GRAND SCENIC / 1.6 / DCI AUT.;Francija;FRA;osebni avtomobil;208;vozilo z dviûnimi vrati zadaj;GRAND SCENIC 
118;1742;4.7;1;RENAULT;RFARH2A5ARVA015000;GRAND SCENIC / 1.6 / DCI AUT.;Francija;FRA;osebni avtomobil;208;vozilo z dviûnimi vrati zadaj;GRAND SCENIC 
118;1735;4.7;1;RENAULT;RFCJD4A5AA00007000;ESPACE / 1.6 / DCI AUT.;Francija;FRA;osebni avtomobil;202;vozilo z dviûnimi vrati zadaj;ESPACE 
118;1734;4.7;1;RENAULT;RFCJD4A5AA00005000;ESPACE / 1.6 / DCI AUT.;Francija;FRA;osebni avtomobil;202;vozilo z dviûnimi vrati zadaj;ESPACE 
118;1733;4.7;1;RENAULT;RFARH2A5ARVA015000;GRAND SCENIC / 1.6 / DCI AUT.;Francija;FRA;osebni avtomobil;200;vozilo z dviûnimi vrati zadaj;GRAND SCENIC 
118;1503;4.8;1;OPEL;BN11-1A06ACAZJCE5;ASTRA / 2.0 / DTI 16V;Nemcija;DEU;osebni avtomobil;215;vecnamensko vozilo;ASTRA 
118;1744;4.9;1;HONDA;RE66-1;CR-V / 1.6 / i-DTEC 4WD;Zdruûeno kraljestvo;GBR;osebni avtomobil;202;vecnamensko vozilo;CR-V 
118;1720;4.9;1;HONDA;RE66-1;CR-V / 1.6 / i-DTEC / 4WD / HP;Zdruûeno kraljestvo;GBR;osebni avtomobil;202;vecnamensko vozilo;CR-V 
118;1733;4.9;1;OPEL;DM11-1A09C1ADGKL5;INSIGNIA / 2.0 / DT 16V;Nemcija;DEU;osebni avtomobil;221;vecnamensko vozilo;INSIGNIA 
118;1701;4.9;1;OPEL;DM11-1AADC1ADGKS5;INSIGNIA / 2.0 / DT 16V;Nemcija;DEU;osebni avtomobil;221;vecnamensko vozilo;INSIGNIA 
118;1664;4.9;1;OPEL;BM11-1AACA4AMGKS5;INSIGNIA / 2.0 / DT 16V;Nemcija;DEU;osebni avtomobil;221;vecnamensko vozilo;INSIGNIA 
118;1695;5.1;1;CHEVROLET;GNBE1-CCC5;MALIBU / 2.0 / DT 16V;Koreja. republika;KOR;osebni avtomobil;213;limuzina;MALIBU 
118;1760;5.1;1;HONDA;RE66-3;CR-V / 1.6 / i-DTEC / 4WD / HP / AUT.;Zdruûeno kraljestvo;GBR;osebni avtomobil;197;vecnamensko vozilo;CR-V 
118;1744;5.1;1;HONDA;RE66-2;CR-V / 1.6 / I-DTEC / 4WD / HP;Zdruûeno kraljestvo;GBR;osebni avtomobil;202;vecnamensko vozilo;CR-V 
118;1816;5.1;1;OPEL;FM11-1AAME6BVGKJ5;INSIGNIA / CAR. 2.0 / DT 16V;Nemcija;DEU;osebni avtomobil;215;vecnamensko vozilo;INSIGNIA 
118;1788;5.1;1;OPEL;FM11-1AALE6BVGKK5;INSIGNIA / CAR. 2.0 / DT 16V;Nemcija;DEU;osebni avtomobil;215;vecnamensko vozilo;INSIGNIA 
118;1788;5.1;1;OPEL;FM11-1AALB2BDEFK5;INSIGNIA / CAR. 2.0 / DT 16V;Nemcija;DEU;osebni avtomobil;212;karavan;INSIGNIA 
118;1733;5.1;1;OPEL;FM11-1A9E6BVGKK5;INSIGNIA / CAR. 2.0 / DT 16V;Nemcija;DEU;osebni avtomobil;215;vecnamensko vozilo;INSIGNIA 
118;1733;5.1;1;OPEL;FM11-1A09B2BDEFK5;INSIGNIA / CAR. 2.0 / DT 16V;Nemcija;DEU;osebni avtomobil;212;karavan;INSIGNIA 
118;1550;5.1;1;OPEL;BN11-1A09B8BHJCD5;ASTRA / CAR. 2.0 / DTI 16V;Nemcija;DEU;osebni avtomobil;212;karavan;ASTRA 
118;1615;5.2;1;MERCEDES BENZ;R31DT0-CZAA147C;C / 200 / d AUT.;Nemcija;DEU;osebni avtomobil;226;kupe;C 
118;1565;5.2;1;MERCEDES BENZ;R01DT0-CZAA157C;C / 200 / d AUT.;Nemcija;DEU;osebni avtomobil;226;limuzina;C 
118;1613;5.2;1;OPEL;BM11-1A02A4AMGKS5;INSIGNIA / 2.0 / DT 16V;Nemcija;DEU;osebni avtomobil;221;limuzina;INSIGNIA 
118;1613;5.2;1;OPEL;DM11-1A02C1ADGKS5;INSIGNIA / 2.0 / DT 16V;Nemcija;DEU;osebni avtomobil;221;vecnamensko vozilo;INSIGNIA 
118;1760;5.3;1;HONDA;RE66-4;CR-V / 1.6 / i-DTEC / 4WD / HP / AUT.;Zdruûeno kraljestvo;GBR;osebni avtomobil;197;vecnamensko vozilo;CR-V 
118;1728;5.3;1;HONDA;RE66-4;CR-V / 1.6 / i-DTEC 4WD HP AUT.;Zdruûeno kraljestvo;GBR;osebni avtomobil;197;vecnamensko vozilo;CR-V 
118;1565;5.3;1;MERCEDES BENZ;R01DT0-CZAA152C;C / 200 / d AUT.;Nemcija;DEU;osebni avtomobil;226;limuzina;C 
118;1843;5.3;1;OPEL;FM11-1A12B2BDEFK5;INSIGNIA / CAR. 2.0 / DT 16V;Nemcija;DEU;osebni avtomobil;212;karavan;INSIGNIA 
118;1816;5.3;1;OPEL;FM11-1AAMB2BDEFK5;INSIGNIA / CAR. 2.0 / DT 16V;Nemcija;DEU;osebni avtomobil;212;karavan;INSIGNIA 
118;1788;5.3;1;OPEL;FM11-1AALB2BDEFK5;INSIGNIA / CAR. 2.0 / DT 16V;Nemcija;DEU;osebni avtomobil;212;karavan;INSIGNIA 
118;1733;5.3;1;OPEL;FM11-1A09B6BDGKK5;INSIGNIA / CAR. 2.0 / DT 16V;Nemcija;DEU;osebni avtomobil;215;karavan;INSIGNIA 
118;1735;5.3;1;SAAB;YS3GG4L-M6F02;9-5 / 2.0 / DT 16V;ävedska;SWE;osebni avtomobil;215;limuzina;09-May
118;1725;5.3;1;SAAB;YS3GG4LAA-M6F01;9-5 / 2.0 / TID;ävedska;SWE;osebni avtomobil;215;limuzina;09-May
118;1843;5.4;1;OPEL;FM11-4A12B2BVGKJ5;INSIGNIA / CAR. 2.0 / DT 16V;Nemcija;DEU;osebni avtomobil;215;vecnamensko vozilo;INSIGNIA 
118;1816;5.4;1;OPEL;FM11-4AAMB2BVGKK5;INSIGNIA / CAR. 2.0 / DT 16V;Nemcija;DEU;osebni avtomobil;215;vecnamensko vozilo;INSIGNIA 
118;1788;5.4;1;OPEL;FM11-4AALB2BVGKJ5;INSIGNIA / CAR. 2.0 / DT 16V;Nemcija;DEU;osebni avtomobil;215;vecnamensko vozilo;INSIGNIA 
118;1733;5.4;1;OPEL;FM11-4A12B2BVGKK5;INSIGNIA / CAR. 2.0 / DT 16V;Nemcija;DEU;osebni avtomobil;215;vecnamensko vozilo;INSIGNIA 
118;1613;5.4;1;OPEL;BM11-1AADA4AMEFL5;INSIGNIA / 2.0 / DT 16V;Nemcija;DEU;osebni avtomobil;218;vecnamensko vozilo;INSIGNIA 
118;1290;5.4;1;SEAT;SCBPXX01-SGFM6A8005M21N10GZ;IBIZA / 1.9 / TDI;äpanija;ESP;osebni avtomobil;215;vozilo z dviûnimi vrati zadaj;IBIZA 
118;1615;5.5;1;MERCEDES BENZ;R21DT0-CZAA152C;C / 200 T / d AUT.;Nemcija;DEU;osebni avtomobil;220;karavan;C 
118;1314;5.5;1;SEAT;SCBUKX01-SGFM6A8005M20GG;IBIZA / 1.9 / TDI CUPRA;äpanija;ESP;osebni avtomobil;220;vozilo z dviûnimi vrati zadaj;IBIZA 
118;1290;5.5;1;SEAT;SCBUKX01-SGFM6A800720GG;IBIZA / 1.9 / TDI CUPRA;äpanija;ESP;osebni avtomobil;220;vozilo z dviûnimi vrati zadaj;IBIZA 
118;1565;5.6;1;MERCEDES BENZ;R01DT0-CZAA157C;C / 200 / d AUT.;Nemcija;DEU;osebni avtomobil;226;limuzina;C 
118;1953;5.6;1;OPEL;FM21-6A17G9DFEBI5;INSIGNIA / CAR. 2.0 / DT 16V AWD;Nemcija;DEU;osebni avtomobil;210;karavan;INSIGNIA 
118;1931;5.6;1;OPEL;FM21-6AAGG9DFEBI5;INSIGNIA / CAR. 2.0 / DT 16V AWD;Nemcija;DEU;osebni avtomobil;210;karavan;INSIGNIA 
118;1816;5.6;1;OPEL;BM21-3AAEC6BSEBM5;INSIGNIA / 2.0 / DT 16V AWD;Nemcija;DEU;osebni avtomobil;218;limuzina;INSIGNIA 
118;1816;5.6;1;OPEL;FM11-1AAME6BDEFJ5;INSIGNIA / CAR. 2.0 / DT 16V;Nemcija;DEU;osebni avtomobil;212;vecnamensko vozilo;INSIGNIA 
118;1733;5.7;1;OPEL;DM11-1A09C2AEHJL5;INSIGNIA / 2.0 / DT 16V AUT.;Nemcija;DEU;osebni avtomobil;215;vecnamensko vozilo;INSIGNIA 
118;1701;5.7;1;OPEL;DM11-1AADC2AEHJM5;INSIGNIA / 2.0 / DT 16V AUT.;Nemcija;DEU;osebni avtomobil;215;vozilo z dviûnimi vrati zadaj;INSIGNIA 
118;1701;5.7;1;OPEL;BM11-1AADA5ANHJM5;INSIGNIA / 2.0 / DT 16V AUT.;Nemcija;DEU;osebni avtomobil;215;vecnamensko vozilo;INSIGNIA 
118;1715;5.7;1;RENAULT;RFDLH2AMAUA1S11000;TALISMAN / 2.0 / DCI AUT.;Francija;FRA;osebni avtomobil;214;limuzina;TALISMAN 
118;1450;5.7;1;RENAULT;DZ0L06;MEGANE / COUPE 2.0 / DCI;Francija;FRA;osebni avtomobil;220;kupe;MEGANE 
118;1120;5.8;0;FIAT;312AXF1107KJ;500 ABARTH / 1.4 / 16V TURBO;Italija;ITA;osebni avtomobil;210;vozilo z dviûnimi vrati zadaj;500 ABARTH 
118;1485;5.8;0;FORD;BA7UNCE1E-5AGANF;MONDEO / 1.5 / EcoBoost 118 M6;Nemcija;DEU;osebni avtomobil;222;vozilo z dviûnimi vrati zadaj;MONDEO 
118;1484;5.8;0;FORD;BA7-UNCE1E-5AGANF;MONDEO / 1.5 / EcoBoost 118 M6;Nemcija;DEU;osebni avtomobil;222;vozilo z dviûnimi vrati zadaj;MONDEO 
118;1484;5.8;0;FORD;BA7-UNCE1D-5AGBNAND;MONDEO / 1.5 / EcoBoost 118 M6;Nemcija;DEU;osebni avtomobil;222;limuzina;MONDEO 
118;1701;5.8;1;OPEL;BN11-2AAGADBCNAD5;ASTRA / 2.0 / DTI 16V AUT.;Nemcija;DEU;osebni avtomobil;209;vecnamensko vozilo;ASTRA 
118;1613;5.8;1;OPEL;BM11-1A02A4AMEFL5;INSIGNIA / 2.0 / DT 16V;Nemcija;DEU;osebni avtomobil;218;vecnamensko vozilo;INSIGNIA 
118;1613;5.8;1;OPEL;BM11-7A02A4AMEFR5;INSIGNIA / 2.0 / DT 16V;Nemcija;DEU;osebni avtomobil;218;limuzina;INSIGNIA 
118;1613;5.8;1;OPEL;BN11-1AAEADBBNAD5;ASTRA / 2.0 / DTI 16V AUT.;Nemcija;DEU;osebni avtomobil;209;vecnamensko vozilo;ASTRA 
118;1504;5.9;0;FORD;BA7-UNCE1F-5AGBNANQ;MONDEO / 1.5 / EcoBoost 118 M6;Nemcija;DEU;osebni avtomobil;217;karavan;MONDEO 
118;1485;5.9;0;FORD;BA7-UNCA1E-5AGUNF;MONDEO / 1.5 / EcoBoost 118 M6 V;Nemcija;DEU;osebni avtomobil;222;vozilo z dviûnimi vrati zadaj;MONDEO 
118;1484;5.9;0;FORD;BA7-UNCA1D-5AGUND;MONDEO / 1.5 / EcoBoost 118 M6 V;Nemcija;DEU;osebni avtomobil;222;limuzina;MONDEO 
118;1843;5.9;1;OPEL;FM11-1A12B3BFHJK5;INSIGNIA / CAR. 2.0 / DT 16V AUT.;Nemcija;DEU;osebni avtomobil;210;karavan;INSIGNIA 
118;1816;5.9;1;OPEL;FM11-1AAMB3BFHJK5;INSIGNIA / CAR. 2.0 / DT 16V AUT.;Nemcija;DEU;osebni avtomobil;210;karavan;INSIGNIA 
118;1788;5.9;1;OPEL;FM11-1AALB3BFHJK5;INSIGNIA / CAR. 2.0 / DT 16V AUT.;Nemcija;DEU;osebni avtomobil;210;karavan;INSIGNIA 
118;1733;5.9;1;OPEL;BM21-2AAEC6BSEBL5;INSIGNIA / 2.0 / DT 16V AWD;Nemcija;DEU;osebni avtomobil;218;limuzina;INSIGNIA 
118;1701;5.9;1;OPEL;BN11-1A09B9BKNAD6;ASTRA / CAR. 2.0 / DTI 16V AUT.;Nemcija;DEU;osebni avtomobil;207;vecnamensko vozilo;ASTRA 
118;1550;5.9;1;OPEL;BN11-1A08B9BKNAD6;ASTRA / CAR. 2.0 / DTI 16V AUT.;Nemcija;DEU;osebni avtomobil;207;vecnamensko vozilo;ASTRA 
118;1757;5.9;1;RENAULT;RFDLH4AMATA0310000;TALISMAN / 2.0 / DCI AUT.;Francija;FRA;osebni avtomobil;217;limuzina;TALISMAN 
118;1459;5.9;1;RENAULT;BZ0L06;MEGANE / 2.0 / DCI;Francija;FRA;osebni avtomobil;215;vozilo z dviûnimi vrati zadaj;MEGANE 
118;1450;5.9;1;RENAULT;DZ0L06;MEGANE / COUPE 2.0 / DCI;Francija;FRA;osebni avtomobil;220;kupe;MEGANE 
118;1843;6.1;1;OPEL;FM11-1A12E6BVGKJ5;INSIGNIA / CAR. 2.0 / DT 16V;Nemcija;DEU;osebni avtomobil;215;vecnamensko vozilo;INSIGNIA 
118;1816;6.1;1;OPEL;FM11-1AAME6BVGKJ5;INSIGNIA / CAR. 2.0 / DT 16V;Nemcija;DEU;osebni avtomobil;215;vecnamensko vozilo;INSIGNIA 
118;1788;6.1;1;OPEL;FM11-1AALE6BVGKK5;INSIGNIA / CAR. 2.0 / DT 16V;Nemcija;DEU;osebni avtomobil;215;vecnamensko vozilo;INSIGNIA 
118;1733;6.1;1;OPEL;FM11-1A09E6BVGKK5;INSIGNIA / CAR. 2.0 / DT 16V;Nemcija;DEU;osebni avtomobil;215;vecnamensko vozilo;INSIGNIA 
118;1733;6.1;1;OPEL;FM11-1A09E6BVGKJ5;INSIGNIA / CAR. 2.0 / DT 16V;Nemcija;DEU;osebni avtomobil;203;vecnamensko vozilo;INSIGNIA 
118;1787;6.1;1;RENAULT;RFDKH4AMATA0310000;TALISMAN GRANDTOUR / 2.0 / DCI AUT.;Francija;FRA;osebni avtomobil;217;karavan;TALISMAN GRANDTOUR 
118;1735;6.2;1;ALFA ROMEO;949AXP1A5DG;STELVIO / 2.2 / JTDM CA RWD SW;Italija;ITA;osebni avtomobil;198;karavan;STELVIO 
118;1953;6.2;1;OPEL;FM21-3A17D8BUEBI5;INSIGNIA / CAR. 2.0 / DT 16V AWD;Nemcija;DEU;osebni avtomobil;210;karavan;INSIGNIA 
118;1931;6.2;1;OPEL;FM21-3AAGD8BUEBL5;INSIGNIA / CAR. 2.0 / DT 16V AWD;Nemcija;DEU;osebni avtomobil;210;karavan;INSIGNIA 
118;1843;6.2;1;OPEL;FM21-3A12D8BUEBI5;INSIGNIA / CAR. 2.0 / DT 16V AWD;Nemcija;DEU;osebni avtomobil;212;karavan;INSIGNIA 
118;1843;6.2;1;OPEL;FM11-1A12B3BFHJJ5;INSIGNIA / CAR. 2.0 / DT 16V AUT.;Nemcija;DEU;osebni avtomobil;210;karavan;INSIGNIA 
118;1816;6.2;1;OPEL;FM11-1AAMB3BFHJK5;INSIGNIA / CAR. 2.0 / DT 16V AUT.;Nemcija;DEU;osebni avtomobil;210;karavan;INSIGNIA 
118;1788;6.2;1;OPEL;DM21-3A21D7BTEBL5;INSIGNIA / 2.0 / DT 16V AWD;Nemcija;DEU;osebni avtomobil;218;vecnamensko vozilo;INSIGNIA 
118;1539;6.2;0;VOLKSWAGEN;ACCTHDX0-FD7FD7AM006STP17MJSNVR2O;PASSAT / VARIANT 1.4 / TSI AUT.;Nemcija;DEU;osebni avtomobil;218;karavan;PASSAT 
118;1502;6.2;0;VOLKSWAGEN;ACCTHDX0-FM6FM62S022STP17MJSNVR2O;PASSAT / VARIANT 1.4 / TSI;Nemcija;DEU;osebni avtomobil;218;karavan;PASSAT 
118;1472;6.2;0;VOLKSWAGEN;AACTHDX0-FM6FM62S022STP17MJSNVR2O;PASSAT / 1.4 / TSI;Nemcija;DEU;osebni avtomobil;220;limuzina;PASSAT 
118;1373;6.2;0;VOLKSWAGEN;ABCTHDX0-FD7FD7AM006N7MQN1VR0;BEETLE / 1.4 / TSI AUT.;Nemcija;DEU;osebni avtomobil;207;vozilo z dviûnimi vrati zadaj;BEETLE 
118;1499;6.3;0;VOLKSWAGEN;ACCAVDX0-FD7FD7AM006N7MGVI;GOLF PLUS / 1.4 / TSI AUT.;Nemcija;DEU;osebni avtomobil;214;karavan;GOLF PLUS 
118;1360;6.3;0;VOLKSWAGEN;AACAVDX0-FM6FM62S022N7MGN1VR0;JETTA / 1.4 / TSI;Nemcija;DEU;osebni avtomobil;221;limuzina;JETTA 
118;1360;6.3;0;VOLKSWAGEN;ADCAVD-FD7FD7AM0067MGVR0N1;SCIROCCO / 1.4 / TSI AUT.;Nemcija;DEU;osebni avtomobil;218;kupe;SCIROCCO 
118;1346;6.3;0;VOLKSWAGEN;ACCAVDX0-FM6FM62S022N7MGVI;GOLF / 1.4 / TSI;Nemcija;DEU;osebni avtomobil;220;karavan;GOLF 
118;1335;6.4;0;AUDI;CCDAAF1-FM62S0G6R8J607MQEM1;TT / COUPE 1.8 / TFSI;Madûarska;HUN;osebni avtomobil;226;kupe;TT 
118;1788;6.4;1;OPEL;DM21-3A12B3CUHJM5;INSIGNIA / 2.0 / DT 16V AWD AUT.;Nemcija;DEU;osebni avtomobil;215;vecnamensko vozilo;INSIGNIA 
118;1839;6.4;1;RENAULT;RFCJD2AMATA1805000;ESPACE / 2.0 / DCI AUT.;Francija;FRA;osebni avtomobil;198;vozilo z dviûnimi vrati zadaj;ESPACE 
118;1484;6.4;0;VOLKSWAGEN;AECAVDX0-FM6FM62S022N7MGN1;GOLF CABRIOLET / 1.4 / TSI;Nemcija;DEU;osebni avtomobil;216;kabriolet;GOLF CABRIOLET 
118;1450;6.5;1;ALFA ROMEO;952ARA25BG;GIULIA / 2.2 / MULTIJET CA;Italija;ITA;osebni avtomobil;210;limuzina;GIULIA 
118;1410;6.5;0;AUDI;SCDAAF1-FD7AM006R8P607MGEM0;A3 / 1.8 / TFSI D-AUT.;Nemcija;DEU;osebni avtomobil;222;karavan;A3 
118;1370;6.5;0;AUDI;ACDAAF1-FD7AM006R8P607MGEM0;A3 / 1.8 / TFSI D-AUT.;Nemcija;DEU;osebni avtomobil;222;karavan;A3 
118;1150;6.5;0;FIAT;312AXD1A05KD;500 / 1.4 / 16V TURBO C;Italija;ITA;osebni avtomobil;205;vozilo z dviûnimi vrati zadaj;500
118;1146;6.5;0;FIAT;312AXD1A05K7;500 ABARTH / 1.4 / 16V TURBO;Italija;ITA;osebni avtomobil;210;vozilo z dviûnimi vrati zadaj;500 ABARTH 
118;1110;6.5;0;FIAT;312AXD1A05K;500 / 1.4 / 16V TURBO;Italija;ITA;osebni avtomobil;210;vozilo z dviûnimi vrati zadaj;500
118;1110;6.5;0;FIAT;312AXD1A05K6;500 / 1.4 / 16V TURBO;Italija;ITA;osebni avtomobil;205;vozilo z dviûnimi vrati zadaj;500
118;1708;6.5;0;FORD;WA6-UNCJ1KX-7EBBZU00QAG;GALAXY / 1.5 / 118 EB M6;Nemcija;DEU;osebni avtomobil;195;karavan;GALAXY 
118;1645;6.5;0;FORD;WA6-UNCK1JX-5EBBAFQM;S-MAX / 1.5 / 118 EB M6;Nemcija;DEU;osebni avtomobil;200;karavan;S-MAX 
118;1498;6.6;0;FORD;BA7JTBA1E-5LGBNL;MONDEO / 1.6 / Ecoboost 118 M6;Nemcija;DEU;osebni avtomobil;215;vozilo z dviûnimi vrati zadaj;MONDEO 
118;1550;6.6;0;MAZDA;K9760E;CX-5 / 2.0 / i AWD;Japonska ;JPN;osebni avtomobil;197;karavan;CX-5 
118;1518;6.6;0;MAZDA;K9780E;CX-5 / 2.0 / i AWD AT;Japonska ;JPN;osebni avtomobil;187;karavan;CX-5 
118;1500;6.6;0;MAZDA;GW7A0W0;CX-5 / G160 / AWD AT;Japonska ;JPN;osebni avtomobil;188;karavan;CX-5 
118;1130;6.6;0;MAZDA;6E763W1;MAZDA MX-5 / RF / G160;Japonska ;JPN;osebni avtomobil;215;kabriolet;MAZDA MX-5 
118;1090;6.6;0;MAZDA;6E764W1;MAZDA MX-5 / G160 /;Japonska ;JPN;osebni avtomobil;214;kabriolet;MAZDA MX-5 
118;1953;6.6;1;OPEL;FM21-3A17E7DFHJI5;INSIGNIA / CAR. 2.0 / DT 16V AWD AUT.;Nemcija;DEU;osebni avtomobil;208;karavan;INSIGNIA 
118;1931;6.6;1;OPEL;FM21-3AAGE7DFHJI5;INSIGNIA / CAR. 2.0 / DT 16V AWD AUT.;Nemcija;DEU;osebni avtomobil;208;karavan;INSIGNIA 
118;1843;6.6;1;OPEL;FM21-3AAGE7DFHJL5;INSIGNIA / CAR. 2.0 / DT 16V AWD AUT.;Nemcija;DEU;osebni avtomobil;208;karavan;INSIGNIA 
118;1613;6.6;1;OPEL;BM11-1A02A5ANCJL5;INSIGNIA / 2.0 / DT 16V AUT.;Nemcija;DEU;osebni avtomobil;215;limuzina;INSIGNIA 
118;1703;6.6;1;RENAULT;JZ0LB6;GRAND SCENIC / 2.0 / DCI;Francija;FRA;osebni avtomobil;205;vecnamensko vozilo;GRAND SCENIC 
118;1666;6.6;1;RENAULT;JZ0LA6;GRAND SCENIC / 2.0 / DCI;Francija;FRA;osebni avtomobil;205;vozilo z dviûnimi vrati zadaj;GRAND SCENIC 
118;1614;6.6;1;RENAULT;JZM506;SCENIC / 2.0 / DCI;Francija;FRA;osebni avtomobil;205;vozilo z dviûnimi vrati zadaj;SCENIC 
118;1375;6.6;0;äKODA;AACDAAX01-NFD7FD7AM006;OCTAVIA / 1.8 / TSI AUT.;Ceöka republika;CZE;osebni avtomobil;223;limuzina;OCTAVIA 
118;1434;6.6;0;VOLKSWAGEN;AACAVDX0-FM6FM62S022N0GGN1;JETTA / 1.4 / TSI;Nemcija;DEU;osebni avtomobil;220;limuzina;JETTA 
118;1429;6.6;0;VOLKSWAGEN;ACCAVDX0-FM6FM62S022N0GGN1;GOLF / VARIANT 1.4 / TSI;Nemcija;DEU;osebni avtomobil;220;karavan;GOLF 
118;1359;6.6;0;VOLKSWAGEN;ABCAVDX0-FM6FM62S029N7MQN1VR0;BEETLE / 1.4 / TSI;Nemcija;DEU;osebni avtomobil;208;vozilo z dviûnimi vrati zadaj;BEETLE 
118;1358;6.6;0;VOLKSWAGEN;ACCDAAX0-FD7FD7AM006N7MGN1;GOLF / 1.8 / TSI AUT.;Nemcija;DEU;osebni avtomobil;220;karavan;GOLF 
118;1346;6.6;0;VOLKSWAGEN;ADCAVD-FM6FM62S0227MGN1;SCIROCCO / 1.4 / TSI;Nemcija;DEU;osebni avtomobil;218;kupe;SCIROCCO 
118;1315;6.7;0;AUDI;CCDAAF1-FM62S002R8J907MG;TT / COUPE 1.8 / TFSI;Madûarska;HUN;osebni avtomobil;226;kupe;TT 
118;2055;6.7;1;LAND ROVER;S4FI2F-B5H4;FREELANDER 2 / 2.2 / TD4;Zdruûeno kraljestvo;GBR;osebni avtomobil;181;karavan;FREELANDER 2 
118;1583;6.7;0;MAZDA;N9760E;CX-5 / G160 / AWD;Japonska ;JPN;osebni avtomobil;197;karavan;CX-5 
118;1843;6.7;1;OPEL;BM21-3A12C7BXHJL5;INSIGNIA / 2.0 / DT 16V AWD;Nemcija;DEU;osebni avtomobil;215;vecnamensko vozilo;INSIGNIA 
118;1655;6.7;1;OPEL;DM11-1A03C2AECJL5;INSIGNIA / 2.0 / DT 16V AUT.;Nemcija;DEU;osebni avtomobil;215;vecnamensko vozilo;INSIGNIA 
118;1613;6.7;1;OPEL;BM11-1A02A5ANCJL5;INSIGNIA / 2.0 / DT 16V AUT.;Nemcija;DEU;osebni avtomobil;215;limuzina;INSIGNIA 
118;1613;6.7;1;OPEL;BM11-1A02A5ANCJL5;INSIGNIA / 2.0 / DT 16V AUT.;Nemcija;DEU;osebni avtomobil;215;vecnamensko vozilo;INSIGNIA 
118;1562;6.7;0;VOLKSWAGEN;CAVDAE-FM6STFM62S0220GG;EOS / 1.4 / TSI;Nemcija;DEU;osebni avtomobil;215;kabriolet;EOS 
118;1522;6.7;0;VOLKSWAGEN;ACCTHDX0-FM6FM6BB003NDSTVR27MJO;TIGUAN / 1.4 / TSI;Nemcija;DEU;osebni avtomobil;203;karavan;TIGUAN 
118;1602;6.8;0;FORD;WA6JTWB-1S7LEAPA;S-MAX / 1.6 / Ecoboost 118 M6 S;Nemcija;DEU;osebni avtomobil;204;vecnamensko vozilo;S-MAX 
118;1501;6.8;0;FORD;BA7JTBA1G-5LGBNT;MONDEO / 1.6 / 160 Ecoboost M6;Nemcija;DEU;osebni avtomobil;210;karavan;MONDEO 
118;1498;6.8;0;FORD;BA7JTBA1E-5LGBNL;MONDEO / 1.6 / Ecoboost 118 M6;Nemcija;DEU;osebni avtomobil;215;vozilo z dviûnimi vrati zadaj;MONDEO 
118;1496;6.8;0;FORD;BA7-UNCF1EX-5GBBZN00NAH;MONDEO / 1.5 / EB 118 A6;Nemcija;DEU;osebni avtomobil;214;vozilo z dviûnimi vrati zadaj;MONDEO 
118;1095;6.8;0;HONDA;EG-61;CIVIC / 1.6;Japonska ;JPN;osebni avtomobil;215;vozilo z dviûnimi vrati zadaj;CIVIC 
118;1495;6.8;0;MAZDA;GW760W0;CX-5 / G160 / AWD;Japonska ;JPN;osebni avtomobil;198;karavan;CX-5 
118;1953;6.8;1;OPEL;FM21-3A17E7BWHJI5;INSIGNIA / CAR. 2.0 / DT 16V AWD AUT.;Nemcija;DEU;osebni avtomobil;208;karavan;INSIGNIA 
118;1931;6.8;1;OPEL;FM21-3AAGE7BWHJL5;INSIGNIA / CAR. 2.0 / DT 16V AWD AUT.;Nemcija;DEU;osebni avtomobil;208;karavan;INSIGNIA 
118;1733;6.8;1;OPEL;FM11-1A09B3BFCJK5;INSIGNIA / CAR. 2.0 / DT 16V AUT.;Nemcija;DEU;osebni avtomobil;210;karavan;INSIGNIA 
118;1655;6.8;1;OPEL;DM11-1A03C2AECJL5;INSIGNIA / 2.0 / DT 16V AUT.;Nemcija;DEU;osebni avtomobil;215;vecnamensko vozilo;INSIGNIA 
118;1750;6.8;1;SAAB;YS3GG4LAA-A6F01;9-5 / 2.0 / TID AUT.;ävedska;SWE;osebni avtomobil;210;limuzina;09-May
118;1355;6.8;0;SEAT;AFCDAAX01-SGNFM62S0027MG;LEON / 1.8 / TFSI;äpanija;ESP;osebni avtomobil;213;vecnamensko vozilo;LEON 
118;1454;6.8;0;VOLKSWAGEN;AECTHDX0-FM6FM62S029N7MQVIVR0;BEETLE CABRIOLET / 1.4 / TSI;Nemcija;DEU;osebni avtomobil;206;kabriolet;BEETLE CABRIOLET 
118;1332;6.8;0;VOLKSWAGEN;ACCDAAX0-FM6FM62S002N7MGVI;GOLF / 1.8 / TSI;Nemcija;DEU;osebni avtomobil;220;karavan;GOLF 
118;1360;6.9;0;AUDI;RCDAAF1-FM62S002R8J907MB;TT / ROADSTER 1.8 / TFSI;Nemcija;DEU;osebni avtomobil;223;kabriolet;TT 
118;1075;6.9;0;MAZDA;6E761W1;MAZDA MX-5 / G160 /;Japonska ;JPN;osebni avtomobil;214;kabriolet;MAZDA MX-5 
118;1733;6.9;1;OPEL;FM11-1A09B3BFCJK5;INSIGNIA / CAR. 2.0 / DT 16V AUT.;Nemcija;DEU;osebni avtomobil;210;karavan;INSIGNIA 
118;1380;6.9;0;äKODA;ACCDAAX01-NFM6FM62S002;OCTAVIA / COMBI 1.8 / TSI;Ceöka republika;CZE;osebni avtomobil;222;karavan;OCTAVIA 
118;1365;6.9;0;äKODA;ACCDAAX01-NFM6FM62S0020;OCTAVIA / COMBI 1.8 / TSI;Ceöka republika;CZE;osebni avtomobil;222;karavan;OCTAVIA 
118;1355;6.9;0;äKODA;AACDAAX01-NFM6FM62S002;OCTAVIA / 1.8 / TSI;Ceöka republika;CZE;osebni avtomobil;223;limuzina;OCTAVIA 
118;1502;6.9;0;VOLKSWAGEN;AACDAAX0-FM6FM62S025STP17MGSNVR4O;PASSAT / 1.8 / TSI;Nemcija;DEU;osebni avtomobil;220;limuzina;PASSAT 
118;1495;7.1;0;AUDI;CCDHBF1-FM6B1001R8T907MGEM0;A5 / 1.8 / TFSI;Nemcija;DEU;osebni avtomobil;226;kupe;A5 
118;1485;7.1;0;AUDI;LCABBF1-FM6B1001R8K60;A4 / 1.8 / TFSI;Nemcija;DEU;osebni avtomobil;225;limuzina;A4 
118;1475;7.1;0;SEAT;AFCDAAX01-SGNFM62S0027MG;ALTEA / 1.8 / TSI;äpanija;ESP;osebni avtomobil;210;vecnamensko vozilo;ALTEA 
118;1546;7.1;0;äKODA;AACDAAX01-NFD7FD7AM006;SUPERB / 1.8 / TSI AUT.;Ceöka republika;CZE;osebni avtomobil;220;limuzina;SUPERB 
118;1551;7.1;0;VOLKSWAGEN;ACCDAAX0-FD7FD7AM006STP17MQSNVR4O;PASSAT / VARIANT 1.8 / TSI AUT.;Nemcija;DEU;osebni avtomobil;218;karavan;PASSAT 
118;1505;7.1;0;VOLKSWAGEN;AACDAAX0-FM6FM62S025ST7MQVR44O;CC / 1.8 / TSI;Nemcija;DEU;osebni avtomobil;223;limuzina;CC 
118;1565;7.2;0;AUDI;SCDHBF1-FM6B1001R8S607MGEM0;A5 / 1.8 / TFSI;Nemcija;DEU;osebni avtomobil;223;vozilo z dviûnimi vrati zadaj;A5 
118;1545;7.2;0;AUDI;ACDHBF1-FM6B1001R8K607MGEM0;A4 AVANT / 1.8 / TFSI;Nemcija;DEU;osebni avtomobil;218;karavan;A4 AVANT 
118;1531;7.2;0;AUDI;8K202H-CDHB;A4 / 1.8 / TFSI V-AUT.;Nemcija;DEU;osebni avtomobil;218;limuzina;A4 
118;1525;7.2;0;AUDI;LCDHBF1-FAVW0020R8K607MG;A4 / 1.8 / TFSI V-AUT.;Nemcija;DEU;osebni avtomobil;218;limuzina;A4 
118;1420;7.2;0;AUDI;LBZBF1-FM62S002R8P60T40GG;A3 / 1.8 / TFSI;Nemcija;DEU;osebni avtomobil;220;vozilo z dviûnimi vrati zadaj;A3 
118;1380;7.2;0;AUDI;LBZBF1-FM62S002R8P60T20GG;A3 / 1.8 / TFSI;Nemcija;DEU;osebni avtomobil;220;vozilo z dviûnimi vrati zadaj;A3 
118;1734;7.2;0;FORD;WA6JTWA-1M7LEAQN;GALAXY / 1.6 / Ecoboost 118 M6;Nemcija;DEU;osebni avtomobil;201;vecnamensko vozilo;GALAXY 
118;1511;7.2;0;äKODA;AACDAAX01-NFM6FM62S002P;SUPERB / 1.8 / TSI;Ceöka republika;CZE;osebni avtomobil;220;limuzina;SUPERB 
118;1529;7.2;0;VOLKSWAGEN;AACDAAX0-FD7FD7AM006ST7MGVR45;PASSAT CC / 1.8 / TSI AUT.;Nemcija;DEU;osebni avtomobil;222;limuzina;PASSAT CC 
118;1545;7.3;0;äKODA;ACCDAAX01-NFD7FD7AM006W;SUPERB / COMBI 1.8 / TSI AUT.;Ceöka republika;CZE;osebni avtomobil;218;karavan;SUPERB 
118;1533;7.3;0;äKODA;ACCDAAX01-NFM6FM62S021W0;SUPERB / COMBI 1.8 / TSI;Ceöka republika;CZE;osebni avtomobil;218;karavan;SUPERB 
118;1529;7.3;0;VOLKSWAGEN;AACDAAX0-FD7FD7AM006ST7MGVR05;PASSAT CC / 1.8 / TSI AUT.;Nemcija;DEU;osebni avtomobil;220;limuzina;PASSAT CC 
118;1513;7.3;0;VOLKSWAGEN;AABZBX0-FD7FD7AM006ST0GG;PASSAT CC / 1.8 / TSI AUT.;Nemcija;DEU;osebni avtomobil;220;limuzina;PASSAT CC 
118;1395;7.4;0;SEAT;AFBZBX01-SGNFM62S0020GG;LEON / 1.8 / TFSI;äpanija;ESP;osebni avtomobil;213;vecnamensko vozilo;LEON 
118;1415;7.4;0;äKODA;ACBZBX01-NFM6FM62S002;OCTAVIA / COMBI 1.8 / TFSI;Ceöka republika;CZE;osebni avtomobil;222;karavan;OCTAVIA 
118;1505;7.4;0;VOLKSWAGEN;AACDAAX0-FM6FM62S002ST7MGVR0;PASSAT CC / 1.8 / TSI;Nemcija;DEU;osebni avtomobil;222;limuzina;PASSAT CC 
118;1469;7.4;0;VOLKSWAGEN;AACDAAX0-FM6FM62S002ST7MGSVR0;PASSAT / 1.8 / TSI;Nemcija;DEU;osebni avtomobil;220;limuzina;PASSAT 
118;1585;7.5;0;AUDI;ACDHBF1-FAVW0020R8K607MG;A4 AVANT / 1.8 / TFSI V-AUT.;Nemcija;DEU;osebni avtomobil;210;karavan;A4 AVANT 
118;1490;7.5;0;AUDI;SCDAAQ1-QM62Q030R8P607MGEM0;A3 / 1.8 / TFSI Q;Nemcija;DEU;osebni avtomobil;220;karavan;A3 
118;1130;7.5;0;HONDA;E639;CIVIC / 1.6 VTI;Japonska ;JPN;osebni avtomobil;215;vozilo z dviûnimi vrati zadaj;CIVIC 
118;2045;7.5;1;LAND ROVER;LFS4FI2F-B5H1;FREELANDER 2 / 2.2 / TD4;Zdruûeno kraljestvo;GBR;osebni avtomobil;181;karavan;FREELANDER 2 
118;1890;7.5;1;LAND ROVER;LFS4FI2F-B5H2;FREELANDER 2 / 2.2 / TD4;Zdruûeno kraljestvo;GBR;osebni avtomobil;181;karavan;FREELANDER 2 
118;1549;7.5;0;VOLKSWAGEN;ACBZBX0-FD7FD7AM006ST0GGS;PASSAT / VARIANT 1.8 / TSI AUT.;Nemcija;DEU;osebni avtomobil;215;karavan;PASSAT 
118;1527;7.5;0;VOLKSWAGEN;ACCDAAX0-FM6FM62S002ST7MGSVR0;PASSAT / VARIANT 1.8 / TSI;Nemcija;DEU;osebni avtomobil;217;karavan;PASSAT 
118;1575;7.6;0;AUDI;LCDHBQ1-QM6B2012R8K607MG;A4 / 1.8 / TFSI Q;Nemcija;DEU;osebni avtomobil;225;limuzina;A4 
118;1201;7.6;0;MAZDA;NC1A8F2;MAZDA MX-5 / 2.0 / i;Japonska ;JPN;osebni avtomobil;212;kabriolet;MAZDA MX-5 
118;1529;7.6;0;äKODA;AABZBX01-NFM6FM62S002;SUPERB / 1.8 / TSI;Ceöka republika;CZE;osebni avtomobil;220;limuzina;SUPERB 
118;1631;7.6;0;VOLKSWAGEN;ACCTHDX1-AM6AM6A6009NDSTVR07MJO;TIGUAN / 1.4 / TSI 4M;Nemcija;DEU;osebni avtomobil;198;karavan;TIGUAN 
118;1505;7.6;0;VOLKSWAGEN;AABZBX0-FM6FM62S002ST0GG;PASSAT CC / 1.8 / TSI;Nemcija;DEU;osebni avtomobil;222;limuzina;PASSAT CC 
118;1492;7.6;0;VOLKSWAGEN;AABZBX0-FM6FM62S002ST0GGS;PASSAT / 1.8 / TSI;Nemcija;DEU;osebni avtomobil;220;limuzina;PASSAT 
118;1164;7.7;0;MAZDA;NC25F6;MX-5 / 2.0/ I AUT.;Japonska ;JPN;osebni avtomobil;210;kabriolet;MX-5 
118;1549;7.7;0;SEAT;ACBZBX01-SGFM62S0020GG;ALTEA XL / 1.8 / TFSI;äpanija;ESP;osebni avtomobil;210;vecnamensko vozilo;ALTEA XL 
118;1500;7.7;0;äKODA;ACCDAAX11-NAM6AM62Q030;OCTAVIA / COMBI 1.8 / TSI 4X4;Ceöka republika;CZE;osebni avtomobil;218;karavan;OCTAVIA 
118;1530;7.8;0;äKODA;ACCDAAX11-SAM6AM62Q0300;OCTAVIA / COMBI 1.8 / TSI 4x4;Ceöka republika;CZE;osebni avtomobil;211;karavan;OCTAVIA 
118;1505;7.8;0;äKODA;ACCDAAX1-NAM6AM62Q030ST0;YETI / 1.8 / TSI 4x4;Ceöka republika;CZE;osebni avtomobil;200;karavan;YETI 
118;1505;7.8;0;äKODA;ACCDAAX1-NAM6AM62Q030ST0;YETI / 1.8 / TSI 4x4;Ceöka republika;CZE;osebni avtomobil;200;vozilo za posebne namene;YETI 
118;1534;7.8;0;VOLKSWAGEN;ACBZBX0-FM6FM62S002ST0GGS;PASSAT / VARIANT 1.8 / TSI;Nemcija;DEU;osebni avtomobil;217;karavan;PASSAT 
118;2065;7.9;1;LAND ROVER;LFS4FI2F-D5H4;FREELANDER 2 / 2.2 / TD4 AUT.;Zdruûeno kraljestvo;GBR;osebni avtomobil;181;karavan;FREELANDER 2 
118;1100;8.2;0;MAZDA;NC18F6;MAZDA MX-5 / 2.0 / i;Japonska ;JPN;osebni avtomobil;210;kabriolet;MAZDA MX-5 
118;1514;8.2;0;VOLKSWAGEN;AABZBX0-FA6FA69G100ST0GGS;PASSAT / 1.8 / TSI AUT.;Nemcija;DEU;osebni avtomobil;215;limuzina;PASSAT 
118;1140;8.4;0;HONDA;EK41-3 (EK436);CIVIC / 1.6 / VTi;Japonska ;JPN;osebni avtomobil;207;vozilo z dviûnimi vrati zadaj;CIVIC 
118;1135;8.4;0;HONDA;EK456;CIVIC / 1.6 / VTI;Japonska ;JPN;osebni avtomobil;207;limuzina;CIVIC 
118;2065;8.5;1;LAND ROVER;LFS4FI2F-D5H1;FREELANDER 2 / 2.2 / TD4 AUT.;Zdruûeno kraljestvo;GBR;osebni avtomobil;181;karavan;FREELANDER 2 
118;1970;8.5;1;LAND ROVER;LFS4FI2F-D5H2;FREELANDER 2 / 2.2 / TD4 AUT.;Zdruûeno kraljestvo;GBR;osebni avtomobil;181;karavan;FREELANDER 2 
118;1080;8.5;0;MAZDA;NC1-18F-2;MX / 5;Japonska ;JPN;osebni avtomobil;205;kabriolet;MX 
118;1555;8.7;0;ALFA ROMEO;939AXA1B00;159 / 1.9;Italija;ITA;osebni avtomobil;212;limuzina;159
118;1510;8.7;0;ALFA ROMEO;939AXA1B00C;159 / 1.9 / JTS;Italija;ITA;osebni avtomobil;214;limuzina;159
118;1605;8.8;0;ALFA ROMEO;939BXA1B-10;159 / SW 1.9 / JTS;Italija;ITA;osebni avtomobil;210;karavan;159
118;2160;9.2;1;MITSUBISHI;V8821-ABABA5B5B;PAJERO / 3.2 / GL DID SWB;Japonska ;JPN;osebni avtomobil;177;karavan;PAJERO 
118;2160;9.2;1;MITSUBISHI;V8822-ABABA5B5B;PAJERO / 3.2 / GL DID SWB;Japonska ;JPN;osebni avtomobil;177;vecnamensko vozilo;PAJERO 
118;2085;9.2;1;MITSUBISHI;V8822-ABABA5A5A;PAJERO / 3.2 / GL DID SWB;Japonska ;JPN;osebni avtomobil;177;vecnamensko vozilo;PAJERO 
118;2020;9.2;1;MITSUBISHI;V8824-ABABA5B5B;PAJERO / 3.2 / GLS DID;Japonska ;JPN;osebni avtomobil;177;vecnamensko vozilo;PAJERO 
118;1080;9.2;0;VOLKSWAGEN;1.9E-298;GOLF / RALLYE;Nemcija;DEU;osebni avtomobil;216;vozilo z dviûnimi vrati zadaj;GOLF 
118;1560;9.3;0;FORD;BA7-SEBA1G5FMBPW;MONDEO / 2.3 / AWF;Nemcija;DEU;osebni avtomobil;202;karavan;MONDEO 
118;2340;9.3;1;MITSUBISHI;V9821-BDCDA5A7A;PAJERO / 3.2 / GL DID LWB;Japonska ;JPN;osebni avtomobil;177;karavan;PAJERO 
118;2185;9.5;1;MITSUBISHI;V60;PAJERO / 3.2 /  DID AUT;Japonska ;JPN;osebni avtomobil;170;limuzina;PAJERO 
118;2165;9.5;1;MITSUBISHI;V6321-LPPCDS637;PAJERO / 3.2 / DID LWB;Japonska ;JPN;osebni avtomobil;170;karavan;PAJERO 
118;2015;9.5;1;MITSUBISHI;V6321-SFFABS635;PAJERO / 3.2 / GLS DID SWB;Japonska ;JPN;osebni avtomobil;170;karavan;PAJERO 
118;2010;9.5;1;MITSUBISHI;V60;PAJERO / 3.2 / GLS DID;Japonska ;JPN;osebni avtomobil;170;karavan;PAJERO 
118;2000;9.5;1;MITSUBISHI;V6321-SFFABS635;PAJERO / 3.2 / GL DID SWB;Japonska ;JPN;osebni avtomobil;170;limuzina;PAJERO 
118;1410;9.5;0;SUBARU;GG-9;IMPREZA / 2.0;Japonska ;JPN;osebni avtomobil;188;karavan;IMPREZA 
118;1658;9.7;0;FORD;WA6SEWA-1S7FMAQL;S-MAX / 2.3 / AWF;Nemcija;DEU;osebni avtomobil;194;vecnamensko vozilo;S-MAX 
118;2015;9.7;1;MITSUBISHI;V6321-SFFABS635;PAJERO / 3.2 / GLS DID SWB;Japonska ;JPN;osebni avtomobil;170;karavan;PAJERO 
118;1995;9.7;1;MITSUBISHI;V6321-SFFABS635;PAJERO / 3.2 / DID;Japonska ;JPN;osebni avtomobil;170;limuzina;PAJERO 
118.5;1538;8.5;0;HYUNDAI;B-MY;SONATA / 2.4 /;Koreja. republika;KOR;osebni avtomobil;212;limuzina;SONATA 
119;1538;8.5;0;HYUNDAI;B-MY;SONATA / 2.4;Koreja. republika;KOR;osebni avtomobil;212;limuzina;SONATA 
119;1546;8.8;0;HYUNDAI;B-NY;SONATA / 2.4;Koreja. republika;KOR;osebni avtomobil;202;limuzina;SONATA 
120;2031;10.3;1;JEEP;KJLC85-71;CHEROKEE / 2.8 / TD;Zdruûene drûave;USA;osebni avtomobil;174;karavan;CHEROKEE 
120;1495;10.3;0;RENAULT;B54F05;SAFRANE / 2.5 /;Francija;FRA;osebni avtomobil;220;vozilo z dviûnimi vrati zadaj;SAFRANE 
120;2010;10.3;1;TOYOTA;KDJ125L-GJPEYW(6B);LAND CRUISER 120 / 3.0 / D-4D AUT.;Japonska ;JPN;osebni avtomobil;170;vecnamensko vozilo;LAND CRUISER 120 
120;1925;10.3;1;TOYOTA;KDJ125L;LAND CRUISER 120 / 3.0 / D-4D;Japonska ;JPN;osebni avtomobil;170;karavan;LAND CRUISER 120 
120;2412;10.3;1;VOLKSWAGEN;7LACBPDX11-AM6AM68D017161B;TOUAREG / 2.5 / TDI;Nemcija;DEU;osebni avtomobil;180;karavan;TOUAREG 
120;2085;10.4;1;TOYOTA;KDJ120L-GKPEYW(4A);LAND CRUISER 120 / 3.0 / D-4D AUT.;Japonska ;JPN;osebni avtomobil;165;vecnamensko vozilo;LAND CRUISER 120 
120;2025;10.4;1;TOYOTA;KDJ120L-GKPEYW(9B);LAND CRUISER 120 / 3.0 / D AUT.;Japonska ;JPN;osebni avtomobil;170;karavan;LAND CRUISER 120 
120;2025;10.4;1;TOYOTA;KDJ120L-GKPEYW;LAND CRUISER 120 / 3.0 / D-4D AUT.;Japonska ;JPN;osebni avtomobil;170;vecnamensko vozilo;LAND CRUISER 120 
120;1990;10.4;1;TOYOTA;KDJ120L-GKPEYW(2B);LAND CRUISER / 3.0;Japonska ;JPN;osebni avtomobil;165;limuzina;LAND CRUISER 
120;1950;10.4;1;TOYOTA;KDJ120L-GKPEYW(9B);LAND CRUISER / 3.0;Japonska ;JPN;osebni avtomobil;165;limuzina;LAND CRUISER 
120;1945;10.4;1;TOYOTA;KDJ95L-GKPNYW(5E);LAND CRUISER 95 / 3.0 / D-4D AUT.;Japonska ;JPN;osebni avtomobil;170;karavan;LAND CRUISER 95 
120;1910;10.4;1;TOYOTA;KDJ90L-GJPNYW(2E);LAND CRUISER 90 / 3.0 / D-4D AUT;Japonska ;JPN;osebni avtomobil;170;karavan;LAND CRUISER 90 
120;2090;10.5;1;JEEP;KJLE85-71;CHEROKEE / 2.8 / TD AUT.;Zdruûene drûave;USA;osebni avtomobil;174;vecnamensko vozilo;CHEROKEE 
120;1660;10.6;0;CHRYSLER;JX;STRATUS / 2.5 / I;Zdruûene drûave;USA;osebni avtomobil;198;kabriolet;STRATUS 
120;1670;11.1;0;CHRYSLER;LB5H-1;STRATUS / 2.5 / I;Zdruûene drûave;USA;osebni avtomobil;198;kabriolet;STRATUS 
120;2240;11.8;1;MERCEDES BENZ;A716F1-VCBCAA10;ML / 270 / CDI AUT.;Nemcija;DEU;osebni avtomobil;183;karavan;ML 
120;2200;11.8;1;MERCEDES BENZ;A716F1-VCBCAA00;ML / 270 / CDI AUT.;Nemcija;DEU;osebni avtomobil;183;karavan;ML 
120;1735;3.3;1;CITROEN;KFRHC8/1P;DS5 / 2.0 / HDI AUT. HY;Francija;FRA;osebni avtomobil;211;vecnamensko vozilo;DS5 
120;1735;3.3;1;PEUGEOT;8DRHC8/1P;508 / 2.0 / HDI HY;Francija;FRA;osebni avtomobil;210;limuzina;508
120;1735;3.3;1;PEUGEOT;HURHC8/2P;3008 / 2.0 / HDI AUT. HY;Francija;FRA;osebni avtomobil;191;vecnamensko vozilo;3008
120;1735;3.4;1;CITROEN;KFRHC8/1P;DS5 / 2.0 / HDI AUT. HY;Francija;FRA;osebni avtomobil;211;vecnamensko vozilo;DS5 
120;1735;3.4;1;PEUGEOT;8DRHC8/1P;508 / 2.0 / HDI HY;Francija;FRA;osebni avtomobil;210;limuzina;508
120;1735;3.4;1;PEUGEOT;HURHC8/2P;3008 / 2.0 / HDI AUT. HY;Francija;FRA;osebni avtomobil;191;vecnamensko vozilo;3008
120;1735;3.5;1;PEUGEOT;HURHCM/2P;3008 / 2.0 / HDI AUT. HY;Francija;FRA;osebni avtomobil;191;vecnamensko vozilo;3008
120;1735;3.6;1;PEUGEOT;8DRHC8/P;508 / 2.0 / HDI HY;Francija;FRA;osebni avtomobil;210;limuzina;508
120;1735;3.8;1;CITROEN;KFRHC8/1P;DS5 / 2.0 / HDI AUT. HY;Francija;FRA;osebni avtomobil;211;vecnamensko vozilo;DS5 
120;1544;3.8;1;JAGUAR;JA-C503;XE / 2.0d / 163;Zdruûeno kraljestvo;GBR;osebni avtomobil;227;limuzina;XE 
120;1735;3.8;1;PEUGEOT;HURHC8/1P;3008 / 2.0 / HDI AUT. HY;Francija;FRA;osebni avtomobil;191;vecnamensko vozilo;3008
120;1856;3.9;1;CITROEN;KFRHC8/P;DS5 / 2.0 / HDI AUT. HY;Francija;FRA;osebni avtomobil;211;vecnamensko vozilo;DS5 
120;1735;3.9;1;DS;KFRHCM/P;DS5 / 2.0 / HDI AUT. HY;Francija;FRA;osebni avtomobil;211;vecnamensko vozilo;DS5 
120;1575;4.1;1;BMW;8J91-6H150000;320 / Efficient Dynamics / d;Nemcija;DEU;osebni avtomobil;222;karavan;320
120;1505;4.1;1;BMW;3E11-5A050000;320 / / ed AUT.;Nemcija;DEU;osebni avtomobil;225;limuzina;320
120;1495;4.1;1;BMW;3E11-5H050000;320 / / ed;Nemcija;DEU;osebni avtomobil;230;limuzina;320
120;1495;4.1;1;BMW;3E11-5H000;320 / / ED;Italija;ITA;osebni avtomobil;230;limuzina;320
120;1495;4.1;1;BMW;PP51-5A;320 / / d;Nemcija;DEU;osebni avtomobil;228;limuzina;320
120;1735;4.1;1;CITROEN;KFRHC8/P;DS5 / 2.0 / HDI AUT. HY;Francija;FRA;osebni avtomobil;211;vecnamensko vozilo;DS5 
120;1734;4.1;1;JAGUAR;JB-D-502;JAGUAR XF / 2.0 / iD4 RWD AUT.;Zdruûeno kraljestvo;GBR;osebni avtomobil;227;limuzina;JAGUAR XF 
120;1626;4.1;1;JAGUAR;JB-X260-D502;JAGUAR XF / 2.0 iD4 / 120 / AUT.;Zdruûeno kraljestvo;GBR;osebni avtomobil;227;limuzina;JAGUAR XF 
120;1565;4.1;1;JAGUAR;JA-C504;XE / 2.0d / 163 AUT.;Zdruûeno kraljestvo;GBR;osebni avtomobil;227;limuzina;XE 
120;1910;4.1;1;PEUGEOT;8URHC8/P;508 / BREAK 2.0 / HDI HY;Francija;FRA;osebni avtomobil;213;vecnamensko vozilo;508
120;1808;4.1;1;PEUGEOT;HURHC8/P;3008 / 2.0 / HDI AUT. HY;Francija;FRA;osebni avtomobil;191;vecnamensko vozilo;3008
120;1615;4.2;1;AUDI;LCNHCF1-FM6B1005RB8K6S57MMEM2;A4 / 2.0 / TDI;Nemcija;DEU;osebni avtomobil;225;limuzina;A4 
120;1705;4.2;1;BMW;5E51-6A15R000;520 / / d AUT.;Nemcija;DEU;osebni avtomobil;223;limuzina;520
120;1615;4.2;1;BMW;JC31-CH15R0L0;520 / / d;Nemcija;DEU;osebni avtomobil;226;limuzina;520
120;1585;4.2;1;BMW;8J91-6A250000;320 / Efficient Dynamics / d AUT.;Nemcija;DEU;osebni avtomobil;222;karavan;320
120;1780;4.2;1;MERCEDES BENZ;U215P0-CZAA151X;E / 220 T / d AUT.;Nemcija;DEU;osebni avtomobil;224;karavan;E 
120;1660;4.3;1;AUDI;SCNHCF1-FM6B1005RB8TAS57MMEM2;A5 / 2.0 / TDI;Nemcija;DEU;osebni avtomobil;221;vozilo z dviûnimi vrati zadaj;A5 
120;1695;4.3;1;BMW;5E51-6H15R000;520 / / d;Nemcija;DEU;osebni avtomobil;226;limuzina;520
120;1670;4.3;1;BMW;8Y71-6A15R000;320 / GT / d AUT.;Nemcija;DEU;osebni avtomobil;222;limuzina;320
120;1615;4.3;1;BMW;4E91-6A25R000;420 / d AUT.;Nemcija;DEU;osebni avtomobil;226;limuzina;420
120;1585;4.3;1;BMW;3L11-5A050000;320 / TOURING / ed AUT.;Nemcija;DEU;osebni avtomobil;222;karavan;320
120;1580;4.3;1;BMW;UY71-5A;320 / TOURING / d;Nemcija;DEU;osebni avtomobil;226;karavan;320
120;1580;4.3;1;BMW;UY71-5A;320 / TOURING / d;Nemcija;DEU;osebni avtomobil;223;karavan;320
120;1575;4.3;1;BMW;3L11-5A000;320 / TOURING / ed AUT.;Nemcija;DEU;osebni avtomobil;222;karavan;320
120;1570;4.3;1;BMW;3L11-6H050000;320 / TOURING / ed;Nemcija;DEU;osebni avtomobil;222;karavan;320
120;1780;4.3;1;MERCEDES BENZ;R1ES-U215P0-CZAA1511;E / 220 / D;Nemcija;DEU;osebni avtomobil;224;karavan;E 
120;1700;4.3;1;MERCEDES BENZ;U015P0-CZAZ15A2;E / 220 / d AUT.;Nemcija;DEU;osebni avtomobil;232;limuzina;E 
120;1655;4.3;1;MERCEDES BENZ;H2SAM0-KZBBA5A5;C / 220 / CDI;Nemcija;DEU;osebni avtomobil;219;karavan;C 
120;1701;4.3;1;OPEL;CAHBC12-BA1N1FMHB5;INSIGNIA / 2.0 / DT 16V;Nemcija;DEU;osebni avtomobil;220;vecnamensko vozilo;INSIGNIA 
120;1613;4.3;1;OPEL;AAHBC12-BA1N1FMHB5;INSIGNIA / 2.0 / DT 16V;Nemcija;DEU;osebni avtomobil;220;vecnamensko vozilo;INSIGNIA 
120;1646;4.3;1;VOLVO;FS88A1;S60 / 2.0 / TD;ävedska;SWE;osebni avtomobil;220;limuzina;S60 
120;1612;4.3;1;VOLVO;AS88A1;S80 / 2.0 / TD;ävedska;SWE;osebni avtomobil;215;limuzina;S80 
120;1675;4.4;1;AUDI;ACNHCF1-FM6B1005RB8K6S57MMEM2;A4 AVANT / 2.0 / TDI;Nemcija;DEU;osebni avtomobil;216;karavan;A4 AVANT 
120;1505;4.4;1;BMW;3D31-5A15R000;320 / / d AUT.;Nemcija;DEU;osebni avtomobil;225;limuzina;320
120;1465;4.4;1;BMW;2G71-6H24R000;220 / COUPE / d;Nemcija;DEU;osebni avtomobil;227;kupe;220
120;1610;4.5;1;AUDI;ACGLDF1-FM6B1005RB8K6S57MGEM2;A4 AVANT / 2.0 / TDI;Nemcija;DEU;osebni avtomobil;216;karavan;A4 AVANT 
120;1595;4.5;1;AUDI;SCGLDF1-FM6B1005RB8T6S47MJEM2;A5 / 2.0 / TDI;Nemcija;DEU;osebni avtomobil;221;vozilo z dviûnimi vrati zadaj;A5 
120;1810;4.5;1;BMW;5L31-6A15R000;520 / TOURING / D AUT.;Nemcija;DEU;osebni avtomobil;215;karavan;520
120;1735;4.5;1;BMW;JM71-CA25R0L0;520 / TOURING / d AUT.;Nemcija;DEU;osebni avtomobil;218;karavan;520
120;1730;4.5;1;BMW;JM71-CH15R0L0;520 / TOURING / d;Nemcija;DEU;osebni avtomobil;220;karavan;520
120;1705;4.5;1;BMW;5E51-6A35R000;520 / / D AUT.;Nemcija;DEU;osebni avtomobil;223;limuzina;520
120;1595;4.5;1;BMW;4E91-6H25R000;420 / d;Nemcija;DEU;osebni avtomobil;230;limuzina;420
120;1565;4.5;1;BMW;VZ91-5H0VC;X1 / SDRIVE 20 / D;Nemcija;DEU;osebni avtomobil;215;karavan;X1 
120;1565;4.5;1;BMW;VZ91-5H0C0;X1 / sDrive 20 / d;Nemcija;DEU;osebni avtomobil;205;karavan;X1 
120;1504;4.5;1;FORD;BA7TXBB1E-5HFENQ;MONDEO / 2.0 / TDCI 120 M6;Nemcija;DEU;osebni avtomobil;220;vozilo z dviûnimi vrati zadaj;MONDEO 
120;1615;4.5;1;MERCEDES BENZ;R20QP0-NZAAB521;C / 220 T / BLUETEC AUT.;Nemcija;DEU;osebni avtomobil;226;karavan;C 
120;1595;4.5;1;MERCEDES BENZ;R20QP0-EZAA0572;C / 220 / d;Nemcija;DEU;osebni avtomobil;227;karavan;C 
120;1816;4.5;1;OPEL;DAHBC12-BA1R2FMHA5;INSIGNIA / 2.0 / DT 16V;Nemcija;DEU;osebni avtomobil;215;vecnamensko vozilo;INSIGNIA 
120;1788;4.5;1;OPEL;DAHBC12-BA1P3FMHA5;INSIGNIA / 2.0 / DT 16V;Nemcija;DEU;osebni avtomobil;215;vecnamensko vozilo;INSIGNIA 
120;1733;4.5;1;OPEL;DAHBC12-BA1N4FMHA5;INSIGNIA / 2.0 / DT 16V;Nemcija;DEU;osebni avtomobil;215;vecnamensko vozilo;INSIGNIA 
120;1797;4.5;1;VOLVO;BW88A1;V70 / 2.0 / TD;ävedska;SWE;osebni avtomobil;210;karavan;V70 
120;1701;4.5;1;VOLVO;FW88A1;V60 / 2.0 / TD;ävedska;SWE;osebni avtomobil;220;karavan;V60 
120;1645;4.6;1;BMW;8J91-6AW50000;320 / TOURING / d EFFICIENT DYNAMICS AUT.;Nemcija;DEU;osebni avtomobil;222;karavan;320
120;1600;4.6;1;BMW;4B51-6A15R000;420/ d AUT.;Nemcija;DEU;osebni avtomobil;225;limuzina;420
120;1495;4.6;1;BMW;3D31-6H25R000;320 / / d;Nemcija;DEU;osebni avtomobil;230;limuzina;320
120;1495;4.6;1;BMW;3D31-5H2R0;320 / / d;Nemcija;DEU;osebni avtomobil;225;limuzina;320
120;1575;4.6;1;FORD;BA7TXBB1G-5HFEPB;MONDEO / 2.0 / TDCI 120 M6;Nemcija;DEU;osebni avtomobil;215;karavan;MONDEO 
120;1575;4.6;1;PEUGEOT;8ERHH8/1;508 / BREAK 2.0 / HDI;Francija;FRA;osebni avtomobil;222;karavan;508
120;1505;4.6;1;PEUGEOT;8DRHH8/1;508 / 2.0 / HDI;Francija;FRA;osebni avtomobil;210;limuzina;508
120;1575;4.6;1;RENAULT;RFBBH4A5A62C010000;MEGANE / 1.6 / DCI AUT.;Francija;FRA;osebni avtomobil;214;vozilo z dviûnimi vrati zadaj;MEGANE 
120;1570;4.7;1;AUDI;CCGLDF1-FAV8W001RB8T1S47MGEM1;A5 / 2.0 / TDI AUT.;Nemcija;DEU;osebni avtomobil;216;kupe;A5 
120;1810;4.7;1;BMW;5L31-6A25R000;520 / TOURING / d AUT.;Nemcija;DEU;osebni avtomobil;215;karavan;520
120;1790;4.7;1;BMW;4U31-6A24R000;420 / CABRIO / d AUT.;Nemcija;DEU;osebni avtomobil;223;kabriolet;420
120;1705;4.7;1;BMW;5C31-6A25R000;520 / / d AUT.;Nemcija;DEU;osebni avtomobil;223;limuzina;520
120;1700;4.7;1;BMW;FW11-5A1R0;520 / / d AUT.;Nemcija;DEU;osebni avtomobil;213;limuzina;520
120;1695;4.7;1;BMW;5E51-6H35R000;520 / / d;Nemcija;DEU;osebni avtomobil;226;limuzina;520
120;1600;4.7;1;BMW;4B51-6A25R000;420/ d AUT.;Nemcija;DEU;osebni avtomobil;225;limuzina;420
120;1565;4.7;1;BMW;3K31-5H1R0;320 / TOURING / d;Nemcija;DEU;osebni avtomobil;223;karavan;320
120;1540;4.7;1;BMW;3P11-6A24R000;420 / COUPE / d AUT.;Nemcija;DEU;osebni avtomobil;227;kupe;420
120;1525;4.7;1;BMW;3P11-6H14R000;420 / COUPE / d;Nemcija;DEU;osebni avtomobil;231;kupe;420
120;1495;4.7;1;BMW;PP11-5C;320 / / D;Nemcija;DEU;osebni avtomobil;228;limuzina;320
120;1615;4.7;1;CITROEN;3AEHYR/1S;C4 SPACETOURER / 2.0 / HDI AUT.;Francija;FRA;osebni avtomobil;210;vecnamensko vozilo;C4 SPACETOURER 
120;1615;4.7;1;CITROEN;3EEHYR/1S;C4 SPACETOURER / 2.0 / HDI AUT.;Francija;FRA;osebni avtomobil;210;karavan;C4 SPACETOURER 
120;1643;4.7;1;RENAULT;RFBKH4A5A62C010000;MEGANE / GRANDTOUR 1.6 / DCI AUT.;Francija;FRA;osebni avtomobil;214;karavan;MEGANE 
120;1915;4.8;1;BMW;5L51-6A15R000;520 / TOURING / d xDrive AUT.;Nemcija;DEU;osebni avtomobil;211;karavan;520
120;1700;4.8;1;BMW;FW11-5A2R0;520 / / d AUT.;Nemcija;DEU;osebni avtomobil;213;limuzina;520
120;1695;4.8;1;BMW;FW11-5H1R0;520 / / d;Nemcija;DEU;osebni avtomobil;214;limuzina;520
120;1585;4.8;1;BMW;3D51-5H1R0;320 / / d xDrive;Nemcija;DEU;osebni avtomobil;227;limuzina;320
120;1580;4.8;1;BMW;UY11-5C;320 / TOURING / d;Nemcija;DEU;osebni avtomobil;226;karavan;320
120;1505;4.8;1;BMW;WD11-5C;320 / / d;Nemcija;DEU;osebni avtomobil;228;kupe;320
120;1505;4.8;1;BMW;PN31-5C;320 / / d;Nemcija;DEU;osebni avtomobil;226;limuzina;320
120;1637;4.8;1;CHEVROLET;JWFS1/FJ5;CRUZE / 2.0 / DT 16V;Koreja. republika;KOR;osebni avtomobil;210;karavan;CRUZE 
120;1609;4.8;1;CHEVROLET;JHFS1/FJ5;CRUZE / 2.0 / DT 16V;Koreja. republika;KOR;osebni avtomobil;205;vozilo z dviûnimi vrati zadaj;CRUZE 
120;1600;4.8;1;CHEVROLET;JNFS1/FJ5;CRUZE / 2.0 / DT 16V;Koreja. republika;KOR;osebni avtomobil;210;limuzina;CRUZE 
120;1605;4.8;1;CITROEN;KFRHH8/1;DS5 / 2.0 / HDI;Francija;FRA;osebni avtomobil;215;vecnamensko vozilo;DS5 
120;1845;4.9;1;AUDI;XDETBQ1-QD7AD7CJ002PFY037MMEM1FS;Q5 / 2.0 / TDI Q AUT.;Nemcija;DEU;osebni avtomobil;211;karavan;Q5 
120;1715;4.9;1;AUDI;H2DETBQ1-QD7QD7CL002P8W39S57MMEM1;A4 ALLROAD QUATTRO / 2.0 / TDI AUT.;Nemcija;DEU;osebni avtomobil;210;karavan;A4 ALLROAD QUATTRO 
120;1650;4.9;1;AUDI;LCGLDF1-FM6B1011R4G60S57MGEM2;A6 / 2.0 / TDI;Nemcija;DEU;osebni avtomobil;223;limuzina;A6 
120;1810;4.9;1;BMW;5J31-6A15R000;520 / TOURING / d AUT.;Nemcija;DEU;osebni avtomobil;215;karavan;520
120;1790;4.9;1;BMW;MX11-5A1R0;520 / TOURING / d AUT.;Nemcija;DEU;osebni avtomobil;213;karavan;520
120;1785;4.9;1;BMW;MX11-5H1R0;520 / TOURING / d;Nemcija;DEU;osebni avtomobil;214;karavan;520
120;1695;4.9;1;BMW;FW11-5H;520 / / d;Nemcija;DEU;osebni avtomobil;227;limuzina;520
120;1695;4.9;1;BMW;FW11-5H;520 / / d;Nemcija;DEU;osebni avtomobil;220;limuzina;520
120;1695;4.9;1;BMW;FW11-5H3R0;520 / / d;Nemcija;DEU;osebni avtomobil;214;limuzina;520
120;1690;4.9;1;BMW;2D71-6A17R0C0;220 / / D XDRIVE GRAN TOURER AUT.;Nemcija;DEU;osebni avtomobil;208;karavan;220
120;1670;4.9;1;BMW;4F11-6H25R000;420 / d xDrive;Nemcija;DEU;osebni avtomobil;226;limuzina;420
120;1660;4.9;1;BMW;4B71-6H15R000;420 / d xDrive;Nemcija;DEU;osebni avtomobil;226;limuzina;420
120;1650;4.9;1;BMW;3Y31-6A15R000;320 / GT / d AUT.;Nemcija;DEU;osebni avtomobil;222;limuzina;320
120;1650;4.9;1;BMW;3K51-5H15R000;320 / TOURING / d xDrive;Nemcija;DEU;osebni avtomobil;219;karavan;320
120;1585;4.9;1;BMW;3D51-5H2R0;320 / / d xDrive;Nemcija;DEU;osebni avtomobil;227;limuzina;320
120;1580;4.9;1;BMW;UX31-5C;320 / TOURING / d;Nemcija;DEU;osebni avtomobil;224;karavan;320
120;1565;4.9;1;BMW;VN91-5H0R0;X1 / SDRIVE 20 / D;Nemcija;DEU;osebni avtomobil;205;karavan;X1 
120;1769;4.9;1;CITROEN;RDRHH4;C5 III / 2.0 / Hdi;Francija;FRA;osebni avtomobil;210;limuzina;C5 III 
120;1605;4.9;1;CITROEN;KFRHH8/1;DS5 / 2.0 / HDI;Francija;FRA;osebni avtomobil;215;vecnamensko vozilo;DS5 
120;1575;4.9;1;FORD;BA7TXBA1G-5HFBPB;MONDEO / 2.0 / TDCI 120 M6;Nemcija;DEU;osebni avtomobil;215;karavan;MONDEO 
120;1557;4.9;1;FORD;BA7TXBA1E-5HFBPQ;MONDEO / 2.0 / TDCI 120 M6;Nemcija;DEU;osebni avtomobil;220;vozilo z dviûnimi vrati zadaj;MONDEO 
120;1488;4.9;1;FORD;DXATXDB1J-5NFCND;C-MAX / 2.0 / TDCI 120 M6;Nemcija;DEU;osebni avtomobil;210;vecnamensko vozilo;C-MAX 
120;1446;4.9;1;FORD;DYBTXDB1L-5NFAND;FOCUS / 2.0 / TDCI 120 M6;Nemcija;DEU;osebni avtomobil;218;karavan;FOCUS 
120;1894;4.9;1;JAGUAR;CC9-X250-H508;JAGUAR XF / 2.2 / i4Td / ECO;Zdruûeno kraljestvo;GBR;osebni avtomobil;209;limuzina;JAGUAR XF 
120;1555;4.9;1;PEUGEOT;8DRHH8;508 / 2.0 / HDI;Francija;FRA;osebni avtomobil;226;limuzina;508
120;1812;4.9;1;VOLVO;BW8880;V70 / 2.0 / TD AUT.;ävedska;SWE;osebni avtomobil;205;karavan;V70 
120;1731;4.9;1;VOLVO;FW88A0;V60 / 2.0 / TD AUT.;ävedska;SWE;osebni avtomobil;215;karavan;V60 
120;1695;4.9;1;VOLVO;AS88A1;S80 / 2.0 / TD;ävedska;SWE;osebni avtomobil;215;limuzina;S80 
120;1644;4.9;1;VOLVO;FS88A1;S60 / 2.0 / TD;ävedska;SWE;osebni avtomobil;220;limuzina;S60 
120;1845;5.1;1;AUDI;XDETBQ1-QD7AD7CJ002PFY067MMEM1FS;Q5 / 2.0 / TDI Q AUT.;Nemcija;DEU;osebni avtomobil;211;karavan;Q5 
120;1725;5.1;1;AUDI;ACGLDF1-FAVAW008R4G60S57MGEM2;A6 / AVANT 2.0 / TDI AUT.;Nemcija;DEU;osebni avtomobil;210;karavan;A6 
120;1550;5.1;1;AUDI;CCAHBF1-FM6B1002R8T607MGEM1;A5 / 2.0 / TDI;Nemcija;DEU;osebni avtomobil;227;kupe;A5 
120;1550;5.1;1;AUDI;CCAHBF1-FM6B1002R8T607MGEM1;A5 / 2.0 / TDI;Nemcija;DEU;osebni avtomobil;225;kupe;A5 
120;1790;5.1;1;BMW;MX11-5A2R0;520 / TOURING / D AUT.;Nemcija;DEU;osebni avtomobil;213;karavan;520
120;1785;5.1;1;BMW;MX11-5H;520 / TOURING / D;Nemcija;DEU;osebni avtomobil;212;karavan;520
120;1585;5.1;1;BMW;NX31-AC;520 / / D;Nemcija;DEU;osebni avtomobil;227;limuzina;520
120;1670;5.1;1;CITROEN;RWRHH4;C5 III / TOURER 2.0 / HDI;Francija;FRA;osebni avtomobil;210;karavan;C5 III 
120;1605;5.1;1;CITROEN;KFRHH8;DS5 / 2.0 / HDI;Francija;FRA;osebni avtomobil;215;vecnamensko vozilo;DS5 
120;1395;5.1;1;CITROEN;NXRHH8;DS4 / 2.0 / HDI;Francija;FRA;osebni avtomobil;212;vozilo z dviûnimi vrati zadaj;DS4 
120;1575;5.1;1;FORD;DXATXDB1H-7NLCPG;Grand C-MAX / 2.0 / TDCI 120 M6;Nemcija;DEU;osebni avtomobil;205;karavan;Grand C-MAX 
120;1488;5.1;1;FORD;DXATXDB1J-5NFCND;C-MAX / 2.0 / TDCI 120 M6;Nemcija;DEU;osebni avtomobil;210;vecnamensko vozilo;C-MAX 
120;1894;5.1;1;JAGUAR;CC9-X250-H504;JAGUAR XF / 2.2L / I4D ;Zdruûeno kraljestvo;GBR;osebni avtomobil;209;limuzina;JAGUAR XF 
120;2200;5.1;1;MERCEDES BENZ;163A716F1-VCBCAA10;ML / 270 / CDI AUT.;Nemcija;DEU;osebni avtomobil;183;karavan;ML 
120;1845;5.1;1;MERCEDES BENZ;J20QP0-KZCC0504;E 220 / BLUETEC;Nemcija;DEU;osebni avtomobil;217;karavan;E 220 
120;1845;5.1;1;MERCEDES BENZ;212K J2SAM0-KZCCB501;E / 220 / CDI;Nemcija;DEU;osebni avtomobil;216;karavan;E 
120;1665;5.1;1;MERCEDES BENZ;H2SAM0-NZAAA500;C / 220 T / CDI AUT.;Nemcija;DEU;osebni avtomobil;219;karavan;C 
120;1705;5.1;1;VOLVO;FW88A1;V60 / 2.0 / TD;ävedska;SWE;osebni avtomobil;220;karavan;V60 
120;1375;5.19;0;MERCEDES BENZ;X2H7T2-FZAA150B;A / 200 / AUT.;Nemcija;DEU;osebni avtomobil;225;karavan;A 
120;1605;5.2;1;AUDI;SCAHBF1-FM6B1002R8S607MGEM1;A5 / 2.0 / TDI;Nemcija;DEU;osebni avtomobil;225;vozilo z dviûnimi vrati zadaj;A5 
120;1570;5.2;1;AUDI;L2DEZEF1-FD7FD7CK006RT011B17S54BFAEM1;A4 / 2.0 / TDI AUT.;Nemcija;DEU;osebni avtomobil;210;limuzina;A4 
120;1820;5.2;1;BMW;WZ51-6A25R00A;X3 / xDrive 20 / d AUT.;Nemcija;DEU;osebni avtomobil;203;karavan;X3 
120;1700;5.2;1;BMW;FW11-5I;520 / / d AUT.;Nemcija;DEU;osebni avtomobil;218;limuzina;520
120;1637;5.2;1;CHEVROLET;JWF11/FJ5;CRUZE / 2.0 / DT 16V;Koreja. republika;KOR;osebni avtomobil;200;karavan;CRUZE 
120;1630;5.2;1;CHEVROLET;JNF11/FJ5;CRUZE / 2.0 / DT 16V;Koreja. republika;KOR;osebni avtomobil;205;limuzina;CRUZE 
120;1485;5.2;1;FORD;DYBTXDB1L-5QNAND;FOCUS / 2.0 / TDCI 120 A6;Nemcija;DEU;osebni avtomobil;215;karavan;FOCUS 
120;1953;5.2;1;JAGUAR;CC9-X250-L506;JAGUAR XF SPORTBRAKE / 2.2L / I4D;Zdruûeno kraljestvo;GBR;osebni avtomobil;200;karavan;JAGUAR XF SPORTBRAKE 
120;1665;5.2;1;MERCEDES BENZ;H20AM0-KZAAA502;C / 220 T / CDI;Nemcija;DEU;osebni avtomobil;219;karavan;C 
120;1375;5.2;0;MERCEDES BENZ;X2H7T2-FZAA151B;A / 200 / AUT.;Nemcija;DEU;osebni avtomobil;225;karavan;A 
120;1787;5.2;1;VOLVO;BW88A1;V70 / 2.0 / TD;ävedska;SWE;osebni avtomobil;210;karavan;V70 
120;1720;5.3;1;AUDI;LDEZDF1-FD7FD7CK001RT031B18S54BFAEM1H360FS0;A6 / 2.0 / TDI AUT.;Nemcija;DEU;osebni avtomobil;224;limuzina;A6 
120;1715;5.3;1;AUDI;LDTPBF1-FD7FD7CK001RT031B17S54BIAEM1H36FSD1;A6 / 2.0 / TDI AUT.;Nemcija;DEU;osebni avtomobil;224;limuzina;A6 
120;1679;5.3;1;AUDI;S2DTNAF1-FD7FD7CK006RT181E20S54BIBEM10D1;A5 / 2.0 / TDI AUT.;Nemcija;DEU;osebni avtomobil;226;vozilo z dviûnimi vrati zadaj;A5 
120;1615;5.3;1;AUDI;A2DEZEF1-FD7FD7CK006RT011B17S54BFAEM1;A4 / AVANT 2.0 / TDI AUT.;Nemcija;DEU;osebni avtomobil;210;karavan;A4 
120;1570;5.3;1;AUDI;L2DEZEF1-FD7FD7CK006RT011B18S54BFAEM10;A4 / 2.0 / TDI AUT.;Nemcija;DEU;osebni avtomobil;210;limuzina;A4 
120;1915;5.3;1;BMW;5L51-6A25R000;520 / TOURING / d xDrive AUT.;Nemcija;DEU;osebni avtomobil;211;karavan;520
120;1790;5.3;1;BMW;MX11-5I;520 / TOURING / d AUT.;Nemcija;DEU;osebni avtomobil;212;karavan;520
120;1730;5.3;1;BMW;WM31-5C;320 / CABRIO / d;Nemcija;DEU;osebni avtomobil;220;kabriolet;320
120;1675;5.3;1;BMW;PX31-5H;520 / TOURING / d;Nemcija;DEU;osebni avtomobil;220;karavan;520
120;1665;5.3;1;BMW;UY31-5C;320 / TOURING / d xDrive;Nemcija;DEU;osebni avtomobil;220;karavan;320
120;1565;5.3;1;BMW;VN31-5H;X1 / sDrive 20 / d;Nemcija;DEU;osebni avtomobil;205;karavan;X1 
120;1670;5.3;1;CITROEN;RWRHH8;C5 III / TOURER 2.0 / Hdi;Francija;FRA;osebni avtomobil;210;karavan;C5 III 
120;1638;5.3;1;CITROEN;RDRHH8;C5 III / 2.0 / Hdi;Francija;FRA;osebni avtomobil;210;limuzina;C5 III 
120;1733;5.3;1;FORD;WA6TXWA-1S7HEAQG;S-MAX / 2.0 / TDCi 120 M6;Nemcija;DEU;osebni avtomobil;205;vecnamensko vozilo;S-MAX 
120;1733;5.3;1;FORD;WA6TXWA-1S7HEAQG;S-MAX / 2.0 / TDCi 120 M6;Nemcija;DEU;osebni avtomobil;203;vecnamensko vozilo;S-MAX 
120;1733;5.3;1;FORD;WA6TXWA-1M7HEAQG;GALAXY / 2.0 / TDCi 120 M6;Nemcija;DEU;osebni avtomobil;203;vecnamensko vozilo;GALAXY 
120;1690;5.3;1;FORD;WA6TXWA1S-7HEAQG;S-MAX / 2.0 / TDCi 120 M6;Nemcija;DEU;osebni avtomobil;205;vecnamensko vozilo;S-MAX 
120;1575;5.3;1;FORD;BA7-TXBA1G5CFBPB;MONDEO / 2.0 / TDCI 120 DPF M6;Nemcija;DEU;osebni avtomobil;215;karavan;MONDEO 
120;1575;5.3;1;FORD;DXATXDB1H-5NLCPG;Grand C-MAX / 2.0 / TDCI 120 M6;Nemcija;DEU;osebni avtomobil;205;karavan;Grand C-MAX 
120;1575;5.3;1;FORD;DXATXDB1H-7NLCPG;Grand C-MAX / 2.0 / TDCI 163 DPF M6;Nemcija;DEU;osebni avtomobil;205;vecnamensko vozilo;Grand C-MAX 
120;1557;5.3;1;FORD;BA7TXBA1E-5CFBPQ;MONDEO / 2.0 / TDCI 120 DPF M6;Nemcija;DEU;osebni avtomobil;220;vozilo z dviûnimi vrati zadaj;MONDEO 
120;1557;5.3;1;FORD;BA7TXBA1D-5CFBPQ;MONDEO / 2.0 / TDCI 120 DPF M6;Nemcija;DEU;osebni avtomobil;220;limuzina;MONDEO 
120;1505;5.3;1;LANCIA;844AXG1A08C;DELTA / 2.0 / JTD;Italija;ITA;osebni avtomobil;214;vecnamensko vozilo;DELTA 
120;1638;5.3;1;MAZDA;GHA4B6EU;MAZDA 6 / 2.2 / D;Japonska ;JPN;osebni avtomobil;212;vozilo z dviûnimi vrati zadaj;MAZDA 6 
120;1575;5.3;1;MAZDA;GHA9B6;MAZDA 6 / KARAVAN 2.2 / D MP;Japonska ;JPN;osebni avtomobil;211;karavan;MAZDA 6 
120;1555;5.3;1;MAZDA;GHA4B6;MAZDA 6 / 2.2 / D MP;Japonska ;JPN;osebni avtomobil;212;vozilo z dviûnimi vrati zadaj;MAZDA 6 
120;1735;5.3;1;MERCEDES BENZ;J0SAM0-KZAAA522;E / 220 / CDI;Nemcija;DEU;osebni avtomobil;229;limuzina;E 
120;1375;5.3;0;MERCEDES BENZ;X2H7T2-FZAA151B;A / 200 / AUT.;Nemcija;DEU;osebni avtomobil;225;karavan;A 
120;1613;5.3;1;OPEL;CAHBA12-BA1N4BGDC5;INSIGNIA / 2.0 / DT 16V AUT.;Nemcija;DEU;osebni avtomobil;210;vozilo z dviûnimi vrati zadaj;INSIGNIA 
120;1445;5.3;1;PEUGEOT;4JRHH8;RCZ / 2.0 / HDI;Francija;FRA;osebni avtomobil;225;kupe;RCZ 
120;1445;5.3;1;PEUGEOT;4JRHH8;RCZ / 2.0 / HDI;Francija;FRA;osebni avtomobil;220;kupe;RCZ 
120;1834;5.3;1;VOLVO;DZ88A1;XC60 / 2.0 / TD;ävedska;SWE;osebni avtomobil;200;karavan;XC60 
120;1776;5.3;1;VOLVO;DZ87A4;XC60 / 2.4 / TD AWD;ävedska;SWE;osebni avtomobil;195;karavan;XC60 
120;1688;5.3;1;VOLVO;FS5251;S60 / 2.0 / TD.;ävedska;SWE;osebni avtomobil;220;limuzina;S60 
120;1611;5.3;1;VOLVO;AS5251;S80 / 2.0 / TD;ävedska;SWE;osebni avtomobil;215;limuzina;S80 
120;1582;5.3;1;VOLVO;FS5251;S60 / 2.0 / TD;ävedska;SWE;osebni avtomobil;220;limuzina;S60 
120;1615;5.4;1;ALFA ROMEO;939EXQ1B61B;SPIDER / 2.0 / M-JET;Italija;ITA;osebni avtomobil;215;kabriolet;SPIDER 
120;1615;5.4;1;AUDI;A2DEZEF1-FD7FD7CK006RT011B18S54BFAEM10;A4 / AVANT 2.0 / TDI AUT.;Nemcija;DEU;osebni avtomobil;210;karavan;A4 
120;1915;5.4;1;BMW;5J51-6A25R000;520 / TOURING / d xDrive AUT.;Nemcija;DEU;osebni avtomobil;211;karavan;520
120;1805;5.4;1;BMW;WZ51-6H25R000;X3 / xDrive 20 / d;Nemcija;DEU;osebni avtomobil;203;karavan;X3 
120;1595;5.4;1;BMW;UY11-5D;320 / TOURING / D AUT.;Nemcija;DEU;osebni avtomobil;224;karavan;320
120;1595;5.4;1;CHEVROLET;JNF11-FJ5;CRUZE / 2.0 / DT 16V;Koreja. republika;KOR;osebni avtomobil;205;limuzina;CRUZE 
120;1733;5.4;1;FORD;WA6TXWA-1M7HEAQG;GALAXY / 2.0 / TDCi 120 M6;Nemcija;DEU;osebni avtomobil;203;vecnamensko vozilo;GALAXY 
120;1690;5.4;1;FORD;WA6TXWA-1S7HEAQG;S-MAX / 2.0 / TDCi 120 M6;Nemcija;DEU;osebni avtomobil;205;vecnamensko vozilo;S-MAX 
120;1661;5.4;1;MAZDA;GHA9B6;MAZDA 6 / KARAVAN 2.2 / D MP;Japonska ;JPN;osebni avtomobil;211;karavan;MAZDA 6 
120;1555;5.4;1;MAZDA;GHA4B6;MAZDA 6 / 2.2 / D MP;Japonska ;JPN;osebni avtomobil;212;vozilo z dviûnimi vrati zadaj;MAZDA 6 
120;1845;5.4;1;MERCEDES BENZ;R80QP1-CZAA0514;GLC / 220 D / 4-MATIC AUT.;Nemcija;DEU;osebni avtomobil;210;vozilo z dviûnimi vrati zadaj;GLC 
120;1953;5.4;1;OPEL;DAHBC23-BC1S4FMSC5;INSIGNIA / 2.0 / DT 16V AWD;Nemcija;DEU;osebni avtomobil;210;karavan;INSIGNIA 
120;1733;5.4;1;OPEL;DAHBA12-BA1N4BGDC5;INSIGNIA / 2.0 / DT 16V AUT.;Nemcija;DEU;osebni avtomobil;210;karavan;INSIGNIA 
120;1595;5.4;1;PEUGEOT;8DRHHA;508 / 2.0 / HDI AUT.;Francija;FRA;osebni avtomobil;225;limuzina;508
120;1541;5.4;0;RENAULT;RFAJF2NC6RVA015000;SCENIC / 1.3 / 16V;Francija;FRA;osebni avtomobil;200;vozilo z dviûnimi vrati zadaj;SCENIC 
120;1665;5.4;1;VOLVO;FS88A0;S60 / 2.0 / TD AUT.;ävedska;SWE;osebni avtomobil;215;limuzina;S60 
120;1990;5.5;1;BMW;5N21-6A05R000;520 / GT / d AUT.;Nemcija;DEU;osebni avtomobil;208;limuzina;520
120;1550;5.5;1;FORD;DXATXDB1J-5QNCPD;C-MAX / 2.0 / TDCI 120 A6;Nemcija;DEU;osebni avtomobil;207;vecnamensko vozilo;C-MAX 
120;1560;5.5;1;MAZDA;GH14B6;MAZDA 6 / 2.2 / D MP;Japonska ;JPN;osebni avtomobil;212;vozilo z dviûnimi vrati zadaj;MAZDA 6 
120;1375;5.5;0;MERCEDES BENZ;X2H7T2-FZAZ150B;A / 200 / AUT.;Nemcija;DEU;osebni avtomobil;225;karavan;A 
120;1365;5.5;0;MERCEDES BENZ;X0H7T2-KZAA150B;A / 200 /;Nemcija;DEU;osebni avtomobil;230;limuzina;A 
120;1615;5.5;1;PEUGEOT;8ERHHA;508 / BREAK 2.0 / HDI;Francija;FRA;osebni avtomobil;223;karavan;508
120;1614;5.5;1;PEUGEOT;0URHHA/1;3008 / 2.0 / HDI AUT.;Francija;FRA;osebni avtomobil;190;karavan;3008
120;1837;5.5;1;VOLVO;BZ88A1;XC70 / 2.0 / TD;ävedska;SWE;osebni avtomobil;210;karavan;XC70 
120;1703;5.5;1;VOLVO;FW5251;V60 / 2.0 / TD.;ävedska;SWE;osebni avtomobil;220;karavan;V60 
120;1677;5.5;1;VOLVO;BW5251;V70 / 2.0 / TD;ävedska;SWE;osebni avtomobil;210;karavan;V70 
120;1662;5.5;1;VOLVO;FW5251;V60 / 2.0 / TD;ävedska;SWE;osebni avtomobil;220;karavan;V60 
120;1656;5.5;1;VOLVO;SW79-32;V 70 / 2.4;ävedska;SWE;osebni avtomobil;210;karavan;V 70 
120;1844;5.6;1;AUDI;XDTNAF1-FD7FD7CK007RT51B184BIAEM1FSD1;Q5 / 2.0 / TDI AUT.;Nemcija;DEU;osebni avtomobil;213;karavan;Q5 
120;1785;5.6;1;AUDI;ADEZDF1-FD7FD7CK001RT031B19S54BFAEM1H460FS;A6 / AVANT 2.0 / TDI AUT.;Nemcija;DEU;osebni avtomobil;219;karavan;A6 
120;1800;5.6;1;BMW;WY31-5A05R00A;X3 / xDrive 20 / d AUT.;Nemcija;DEU;osebni avtomobil;203;karavan;X3 
120;1790;5.6;1;BMW;WY31-5C;X3 / XDRIVE 20 / D;Nemcija;DEU;osebni avtomobil;203;karavan;X3 
120;1665;5.6;1;BMW;UW71-AC;320 / TOURING / d xDrive;Nemcija;DEU;osebni avtomobil;218;karavan;320
120;1595;5.6;1;BMW;NX31-5I;520 / / d AUT.;Nemcija;DEU;osebni avtomobil;225;limuzina;520
120;1595;5.6;1;BMW;VU51-AD;320 / TOURING / D AUT.;Nemcija;DEU;osebni avtomobil;222;karavan;320
120;1310;5.6;1;BMW;UG-51;120 / D;Nemcija;DEU;osebni avtomobil;188;vozilo z dviûnimi vrati zadaj;120
120;1609;5.6;1;CHEVROLET;JHF11-FJ5;CRUZE / 2.0 / DT 16V;Koreja. republika;KOR;osebni avtomobil;205;vozilo z dviûnimi vrati zadaj;CRUZE 
120;1595;5.6;1;CHEVROLET;JNF11-FJ5;CRUZE / 2.0 / DT 16V;Koreja. republika;KOR;osebni avtomobil;205;limuzina;CRUZE 
120;1810;5.6;1;FORD;WA6TXWA-1M7CEAQG;GALAXY / 2.0 / TDCi 120 M6;Nemcija;DEU;osebni avtomobil;203;vecnamensko vozilo;GALAXY 
120;1690;5.6;1;FORD;WA6TXWA-1S7CEAQG;S-MAX / 2.0 / TDCi 120 M6;Nemcija;DEU;osebni avtomobil;205;vecnamensko vozilo;S-MAX 
120;1592;5.6;1;FORD;BA7TXBA1G-5MNBP4;MONDEO / 2.0 / TDCI 120 DPF A6;Nemcija;DEU;osebni avtomobil;210;karavan;MONDEO 
120;1573;5.6;1;FORD;BA7-TXBA1E5MNBPA;MONDEO / 2.0 / TDCI 120 DPF A6;Nemcija;DEU;osebni avtomobil;215;vozilo z dviûnimi vrati zadaj;MONDEO 
120;1550;5.6;1;FORD;DXATXDB1J-5QNCPD;C-MAX / 2.0 / TDCI 120 A6;Nemcija;DEU;osebni avtomobil;207;vecnamensko vozilo;C-MAX 
120;1575;5.6;1;MAZDA;GH19B6;MAZDA 6 / KARAVAN 2.2 / D MP;Japonska ;JPN;osebni avtomobil;210;karavan;MAZDA 6 
120;1845;5.6;1;MERCEDES BENZ;H7SAM0-NZBBA500;GLK / 220 CDI /;Nemcija;DEU;osebni avtomobil;202;karavan;GLK 
120;1375;5.6;0;MERCEDES BENZ;F2A;A / 200 / AUT.;Nemcija;DEU;osebni avtomobil;225;karavan;A 
120;1843;5.6;1;OPEL;DJHBC23-BC1S2FMSA5;INSIGNIA / 2.0 / DT 16V AWD;Nemcija;DEU;osebni avtomobil;205;karavan;INSIGNIA 
120;1816;5.6;1;OPEL;DAHBA12-BA1R2BGDA5;INSIGNIA / 2.0 / DT 16V AUT.;Nemcija;DEU;osebni avtomobil;210;vozilo za posebne namene;INSIGNIA 
120;1816;5.6;1;OPEL;DAHBA12-BA1R2BGDA5;INSIGNIA / 2.0 / DT 16V AUT.;Nemcija;DEU;osebni avtomobil;210;karavan;INSIGNIA 
120;1733;5.6;1;OPEL;DAHBA12-BA1R2BGDC5;INSIGNIA / 2.0 / DT 16V AUT.;Nemcija;DEU;osebni avtomobil;210;karavan;INSIGNIA 
120;1647;5.6;1;PEUGEOT;FHEHYR-C2F000;508 / 2.0 / HDI AUT.;Francija;FRA;osebni avtomobil;230;vozilo z dviûnimi vrati zadaj;508
120;1614;5.6;0;RENAULT;RFARF2NC6RVA015000;GRAND SCENIC / 1.3 / 16V;Francija;FRA;osebni avtomobil;197;vozilo z dviûnimi vrati zadaj;GRAND SCENIC 
120;1505;5.6;1;RENAULT;KZZ706;MEGANE / GRANDTOUR 2.0 / DCI;Francija;FRA;osebni avtomobil;215;karavan;MEGANE 
120;1917;5.6;1;VOLVO;BZ87A4;XC70 / 2.4 / TD AWD;ävedska;SWE;osebni avtomobil;200;karavan;XC70 
120;1716;5.6;1;VOLVO;AS88A0;S80 / 2.0 / TD AUT.;ävedska;SWE;osebni avtomobil;210;limuzina;S80 
120;1935;5.7;1;AUDI;XCNHCQ1-QD7B5035P8R017MMEM1G;Q5 / 2.0 / TDI Q AUT.;Nemcija;DEU;osebni avtomobil;196;karavan;Q5 
120;1925;5.7;1;AUDI;XCNHCQ1-QD7B5035R8R727MMEM1G;Q5 / 2.0 / TDI Q AUT.;Nemcija;DEU;osebni avtomobil;196;karavan;Q5 
120;1615;5.7;1;AUDI;A2DEZEF1-FD7FD7CK006RT031E19S54BFBEM1;A4 / AVANT 2.0 / TDI AUT.;Nemcija;DEU;osebni avtomobil;223;karavan;A4 
120;1580;5.7;1;BMW;390LVU310;320 / TOURING / d;Nemcija;DEU;osebni avtomobil;223;karavan;320
120;1520;5.7;1;BMW;WD11-5D;320 / / d AUT.;Nemcija;DEU;osebni avtomobil;226;kupe;320
120;1520;5.7;1;BMW;VC31-12;320 / / d;Nemcija;DEU;osebni avtomobil;225;limuzina;320
120;1505;5.7;1;BMW;VC31-11;320 / / d;Nemcija;DEU;osebni avtomobil;225;limuzina;320
120;1505;5.7;1;BMW;VC31-11;390 L;Nemcija;DEU;osebni avtomobil;225;limuzina;390 L
120;1490;5.7;1;BMW;VC31-01;320;Nemcija;DEU;osebni avtomobil;225;limuzina;320
120;1430;5.7;1;BMW;390L- VC31-11;320 / D;Nemcija;DEU;osebni avtomobil;225;limuzina;320
120;1415;5.7;1;BMW;VC-31;320 / D;Nemcija;DEU;osebni avtomobil;225;limuzina;320
120;1415;5.7;1;BMW;187UG51;120 / D;Nemcija;DEU;osebni avtomobil;220;vozilo z dviûnimi vrati zadaj;120
120;1415;5.7;1;BMW;UG51-11;120 / / d;Nemcija;DEU;osebni avtomobil;220;karavan;120
120;1670;5.7;1;CITROEN;RWRHH8;C5 III / TOURER 2.0 / HDi 16V;Francija;FRA;osebni avtomobil;212;karavan;C5 III 
120;1670;5.7;1;CITROEN;RWRHH8;C5 III / TOURER 2.0 / HDi 16V;Francija;FRA;osebni avtomobil;210;karavan;C5 III 
120;1505;5.7;1;CITROEN;NXRHHA;DS4 / 2.0 / HDI;Francija;FRA;osebni avtomobil;208;vozilo z dviûnimi vrati zadaj;DS4 
120;1875;5.7;1;FORD;WA6TXWA-1M7CEAQG;GALAXY / 2.0 / TDCi 120 DPF M6;Nemcija;DEU;osebni avtomobil;203;vecnamensko vozilo;GALAXY 
120;1731;5.7;1;FORD;WA6TXWA-1M7MJAQG;GALAXY / 2.0 / TDCI 120 A6;Nemcija;DEU;osebni avtomobil;200;vecnamensko vozilo;GALAXY 
120;1690;5.7;1;FORD;WA6TXWA-1S7CEAQG;S-MAX / 2.0 / TDCi 120 DPF M6;Nemcija;DEU;osebni avtomobil;205;vecnamensko vozilo;S-MAX 
120;1690;5.7;1;FORD;WA6TXWA-1S7CEAQG;S-MAX / 2.0 / TDCi 120 DPF M6;Nemcija;DEU;osebni avtomobil;203;vecnamensko vozilo;S-MAX 
120;1689;5.7;1;FORD;WA6TXWA-1S7MJAQG;S-MAX / 2.0 / TDCi 120 A6;Nemcija;DEU;osebni avtomobil;202;vecnamensko vozilo;S-MAX 
120;1634;5.7;1;FORD;DXATXDB1H-7QNCQG;Grand C-MAX / 2.0 / TDCI 120 A6;Nemcija;DEU;osebni avtomobil;204;karavan;Grand C-MAX 
120;2075;5.7;1;MERCEDES BENZ;KLA3L305N-2FKT1S28BE;V / 220 / CDI AUT.;Nemcija;DEU;osebni avtomobil;195;vecnamensko vozilo;V 
120;2075;5.7;1;MERCEDES BENZ;KLA3L305N-2SLT1S28BE;V / 220 / BLUETEC;Nemcija;DEU;osebni avtomobil;194;vecnamensko vozilo;V 
120;1956;5.7;1;MERCEDES BENZ;KLA3L305N-2FKT1S28BE;V / 220 / BLUETEC AUT.;Nemcija;DEU;osebni avtomobil;195;vecnamensko vozilo;V 
120;1956;5.7;1;MERCEDES BENZ;KOA3L305N-3SLP1S29BE;VITO / 116 / CDI TOURER BLUETEC;Nemcija;DEU;osebni avtomobil;194;vecnamensko vozilo;VITO 
120;1694;5.7;1;PEUGEOT;0ERHHA/1;5008 / 2.0 / HDI AUT.;Francija;FRA;osebni avtomobil;190;vecnamensko vozilo;5008
120;1664;5.7;1;PEUGEOT;0ARHHA/1;5008 / 2.0 / HDI AUT.;Francija;FRA;osebni avtomobil;190;vecnamensko vozilo;5008
120;1659;5.7;1;PEUGEOT;FHEHYR-C2B000;508 / 2.0 / HDI AUT.;Francija;FRA;osebni avtomobil;230;vozilo z dviûnimi vrati zadaj;508
120;1652;5.7;1;PEUGEOT;4BRHH8;308 / CABRIOLET 2.0 / HDI;Francija;FRA;osebni avtomobil;202;vecnamensko vozilo;308
120;1615;5.7;1;PEUGEOT;FJEHYR-R2F000;508 / 2.0 BREAK / HDI AUT.;Francija;FRA;osebni avtomobil;226;karavan;508
120;1615;5.7;1;PEUGEOT;8ERHHA;508 / BREAK 2.0 / HDI AUT.;Francija;FRA;osebni avtomobil;223;karavan;508
120;1615;5.7;1;PEUGEOT;8ERHHA;508 / BREAK 2.0 / HDI AUT.;Francija;FRA;osebni avtomobil;223;vozilo za posebne namene;508
120;1595;5.7;1;PEUGEOT;8DRHHA;508 / 2.0 / HDI AUT.;Francija;FRA;osebni avtomobil;225;limuzina;508
120;1921;5.7;1;VOLVO;DZ87A4;XC60 / 2.4 / TD AWD;ävedska;SWE;osebni avtomobil;195;karavan;XC60 
120;1871;5.7;1;VOLVO;DZ8850;XC60 / 2.0 / TD AUT.;ävedska;SWE;osebni avtomobil;195;karavan;XC60 
120;1814;5.7;1;VOLVO;BW88A0;V70 / 2.0 / TD AUT.;ävedska;SWE;osebni avtomobil;205;karavan;V70 
120;1798;5.7;1;VOLVO;DDZ87-DZ87C6;XC 60 / 2.4 / TD AUT. AWD;ävedska;SWE;osebni avtomobil;190;karavan;XC 60 
120;1731;5.7;1;VOLVO;FW88A0;V60 / 2.0 / TD AUT.;ävedska;SWE;osebni avtomobil;215;karavan;V60 
120;1935;5.8;1;AUDI;XCNHCQ1-QD7B5035P8R027MMEM1G;Q5 / 2.0 / TDI Q AUT.;Nemcija;DEU;osebni avtomobil;196;karavan;Q5 
120;1725;5.8;1;AUDI;ACAHBF1-FM61X005R4F60S57MG;A6 / AVANT 2.0 / TDI;Nemcija;DEU;osebni avtomobil;217;karavan;A6 
120;1615;5.8;1;AUDI;A2DEZEF1-FD7FD7CK006RT031E19S54BFBEM10;A4 / AVANT 2.0 / TDI AUT.;Nemcija;DEU;osebni avtomobil;223;karavan;A4 
120;1745;5.8;1;BMW;WM31-AD;320 / CABRIO / d AUT.;Nemcija;DEU;osebni avtomobil;220;kabriolet;320
120;1695;5.8;1;BMW;PX31-AD;520 / TOURING / d AUT.;Nemcija;DEU;osebni avtomobil;220;karavan;520
120;1650;5.8;1;BMW;VP31-5H0R0;X1 / xDrive 20 / d;Nemcija;DEU;osebni avtomobil;205;karavan;X1 
120;1595;5.8;1;BMW;UX31-5D;320 / TOURING / d AUT.;Nemcija;DEU;osebni avtomobil;222;karavan;320
120;1585;5.8;1;BMW;8D11-6AW50000;320 / / d EFFICIENT DYNAMICS AUT.;Nemcija;DEU;osebni avtomobil;225;limuzina;320
120;1687;5.8;1;CITROEN;3AEHY4/R7S;C4 SPACETOURER / 2.0 / HDI AUT.;Francija;FRA;osebni avtomobil;210;vecnamensko vozilo;C4 SPACETOURER 
120;2100;5.8;1;MERCEDES BENZ;KLA3L305N-3SLP1T28BE;V / 220 / BLUETEC;Nemcija;DEU;osebni avtomobil;194;vecnamensko vozilo;V 
120;2010;5.8;1;MERCEDES BENZ;KOA3L310N-3FKP7S29BE;VITO TOURER / 116 / CDI AUT.;Nemcija;DEU;osebni avtomobil;195;vecnamensko vozilo;VITO TOURER 
120;2010;5.8;1;MERCEDES BENZ;MXA3L320V-2FKR7S25BE;VITO 116 / CDI AUT.;Nemcija;DEU;osebni avtomobil;195;karavan;VITO 116 
120;1985;5.8;1;MERCEDES BENZ;KOA3L310N-2FKR7S38BE;VITO TOURER / 116 / CDI AUT.;Nemcija;DEU;osebni avtomobil;195;vecnamensko vozilo;VITO TOURER 
120;1355;5.8;0;MERCEDES BENZ;X2H7T2-KZAA151A;A / 200 /;Nemcija;DEU;osebni avtomobil;225;karavan;A 
120;1514;5.8;0;NISSAN;J11EE01;QASHQAI / 1.6 /;Zdruûeno kraljestvo;GBR;osebni avtomobil;200;vecnamensko vozilo;QASHQAI 
120;1513;5.8;0;NISSAN;J11EE71;QASHQAI / 1.6 /;Zdruûeno kraljestvo;GBR;osebni avtomobil;200;vecnamensko vozilo;QASHQAI 
120;1390;5.8;0;NISSAN;J11-E01;QASHQAI / 1.6 /;Zdruûeno kraljestvo;GBR;osebni avtomobil;200;vecnamensko vozilo;QASHQAI 
120;1774;5.8;1;PEUGEOT;FJEHYR-R2B000;508 / 2.0 BREAK / HDI AUT.;Francija;FRA;osebni avtomobil;226;karavan;508
120;1673;5.8;1;VOLVO;FS8850;S60 / 2.0 / TD AUT.;ävedska;SWE;osebni avtomobil;215;limuzina;S60 
120;1615;5.9;1;BMW;PP71-AD;320 / / d xDrive AUT.;Nemcija;DEU;osebni avtomobil;218;limuzina;320
120;1585;5.9;1;BMW;560LNC31-01;520 / D;Nemcija;DEU;osebni avtomobil;223;limuzina;520
120;1585;5.9;1;BMW;NC31-01;520 / / d;Nemcija;DEU;osebni avtomobil;218;limuzina;520
120;1580;5.9;1;BMW;VU31-01;320 / TOURING / d;Nemcija;DEU;osebni avtomobil;223;karavan;320
120;1505;5.9;1;BMW;390L-VU31-11;320 / D;Nemcija;DEU;osebni avtomobil;225;karavan;320
120;1505;5.9;1;BMW;VU31-11;320 / TOURING / d;Nemcija;DEU;osebni avtomobil;223;karavan;320
120;1845;5.9;1;CITROEN;EBRHH8;C8 / 2.0 / HDI;Francija;FRA;osebni avtomobil;203;vecnamensko vozilo;C8 
120;1615;5.9;1;CITROEN;KFRHHA/1;DS5 / 2.0 / HDI AUT.;Francija;FRA;osebni avtomobil;212;vecnamensko vozilo;DS5 
120;1692;5.9;1;FORD;DM2TXMA2A-5PMAQE;KUGA / 2.0 / TDCI 120 M6 4x4;Nemcija;DEU;osebni avtomobil;198;vecnamensko vozilo;KUGA 
120;2130;5.9;1;MERCEDES BENZ;KLA3L310N-3FKT7T28BE;V / 220 / d AUT.;Nemcija;DEU;osebni avtomobil;195;vecnamensko vozilo;V 
120;2105;5.9;1;MERCEDES BENZ;KLA3L310N-2FKU7T37BE;V / 220 / D AUT.;Nemcija;DEU;osebni avtomobil;195;karavan;V 
120;2105;5.9;1;MERCEDES BENZ;KLA3L310N-2FKU7T28BE;V / 220 / d AUT.;Nemcija;DEU;osebni avtomobil;195;vecnamensko vozilo;V 
120;2076;5.9;1;MERCEDES BENZ;KLA3L310N-2FKT7T28BE;V / 220 / D AUT.;Nemcija;DEU;osebni avtomobil;195;vecnamensko vozilo;V 
120;2000;5.9;1;MERCEDES BENZ;KOA3L305N-3SLP1S29XX;VITO / 116 / CDI TOURER;Nemcija;DEU;osebni avtomobil;194;vecnamensko vozilo;VITO 
120;1845;5.9;1;MERCEDES BENZ;R816T1-CZAA150B;GLC / 200 d / 4-MATIC AUT.;Nemcija;DEU;osebni avtomobil;206;vozilo z dviûnimi vrati zadaj;GLC 
120;1835;5.9;1;MERCEDES BENZ;R716T1-CZAA150B;GLC / 200 d / 4-MATIC AUT.;Nemcija;DEU;osebni avtomobil;205;karavan;GLC 
120;1845;5.9;1;PEUGEOT;EBRHH8;807 / 2.0 / HDI;Francija;FRA;osebni avtomobil;203;vecnamensko vozilo;807
120;1722;5.9;1;VOLVO;DZ5251;XC60 / 2.0 / TD;ävedska;SWE;osebni avtomobil;200;karavan;XC60 
120;1720;5.9;1;VOLVO;BZ5251;XC70 / 2.0 / TD;ävedska;SWE;osebni avtomobil;205;karavan;XC70 
120;1673;5.9;1;VOLVO;FS5250;S60 / 2.0 / TD AUT.;ävedska;SWE;osebni avtomobil;215;limuzina;S60 
120;1629;5.9;1;VOLVO;AS5250;S80 / 2.0 / TD AUT.;ävedska;SWE;osebni avtomobil;210;limuzina;S80 
120;1675;6.1;1;BMW;NJ31-01;520 / TOURING / d;Nemcija;DEU;osebni avtomobil;218;karavan;520
120;1716;6.1;1;CITROEN;3AEHYR/K7S;C4 SPACETOURER / 2.0 / HDI AUT.;Francija;FRA;osebni avtomobil;210;vecnamensko vozilo;C4 SPACETOURER 
120;1708;6.1;1;CITROEN;3AEHYR/1S;C4 SPACETOURER / 2.0 / HDI AUT.;Francija;FRA;osebni avtomobil;210;vecnamensko vozilo;C4 SPACETOURER 
120;1665;6.1;1;CITROEN;3EEHYR/1S;C4 SPACETOURER / 2.0 / HDI AUT.;Francija;FRA;osebni avtomobil;210;karavan;C4 SPACETOURER 
120;1615;6.1;1;CITROEN;KFRHHA;DS5 / 2.0 / HDI AUT.;Francija;FRA;osebni avtomobil;212;vecnamensko vozilo;DS5 
120;1707;6.1;1;FORD;DM2TXMA2A-5RMAQD;KUGA / 2.0 / TDCI 120 A6 4X4;Nemcija;DEU;osebni avtomobil;196;vecnamensko vozilo;KUGA 
120;1835;6.1;1;MERCEDES BENZ;R716T1-CZAC150B;GLC / 200 d / 4-MATIC AUT.;Nemcija;DEU;osebni avtomobil;205;karavan;GLC 
120;1400;6.1;0;MERCEDES BENZ;33H7T2-KZAA150B;CLA / 200 /;Nemcija;DEU;osebni avtomobil;229;limuzina;CLA 
120;1614;6.1;1;PEUGEOT;0URHHA/1;3008 / 2.0 / HDI AUT.;Francija;FRA;osebni avtomobil;190;vecnamensko vozilo;3008
120;1692;6.1;1;VOLVO;BW5250;V70 / 2.0 / TD AUT.;ävedska;SWE;osebni avtomobil;205;karavan;V70 
120;1635;6.1;1;VOLVO;FW5250;V60 / 2.0 / TD AUT.;ävedska;SWE;osebni avtomobil;215;karavan;V60 
120;1830;6.2;1;AUDI;XCGLAQ1-QM6B2023R8R727MGEM1;Q5 / 2.0 / TDI Q;Nemcija;DEU;osebni avtomobil;200;karavan;Q5 
120;1705;6.2;1;AUDI;HCAHBQ1-QM6B2007R8KH77MGEM1;A4 ALLROAD QUATTRO / 2.0 / TDI;Nemcija;DEU;osebni avtomobil;210;karavan;A4 ALLROAD QUATTRO 
120;1893;6.2;1;CHEVROLET;CW71-117D;CAPTIVA / 2.2 / DT 16V;Koreja. republika;KOR;osebni avtomobil;189;karavan;CAPTIVA 
120;3200;6.2;1;CITROEN;YB3MPB/HY9;JUMPER / KOMBI 33 2.0 / HDI L2H2;Francija;FRA;osebni avtomobil;156;vozilo za posebne namene;JUMPER 
120;2290;6.2;1;CITROEN;YA3MPA/GY8;JUMPER / KOMBI 30 2.0 / HDI L1H1;Francija;FRA;osebni avtomobil;160;vecnamensko vozilo;JUMPER 
120;1724;6.2;1;CITROEN;3AEHYR/1S;C4 SPACETOURER / 2.0 / HDI AUT.;Francija;FRA;osebni avtomobil;210;vecnamensko vozilo;C4 SPACETOURER 
120;1717;6.2;1;CITROEN;RWRHHA;C5 III / TOURER 2.0 / Hdi AUT.;Francija;FRA;osebni avtomobil;208;karavan;C5 III 
120;1684;6.2;1;CITROEN;RDRHHA;C5 III / 2.0 / Hdi AUT.;Francija;FRA;osebni avtomobil;210;limuzina;C5 III 
120;1707;6.2;1;FORD;DM2TXMA2A-5RMAQD;KUGA / 2.0 / TDCI 120 A6 4x4;Nemcija;DEU;osebni avtomobil;196;vecnamensko vozilo;KUGA 
120;2010;6.2;1;MERCEDES BENZ;KOA3L310N-3SLP7S29XX;VITO TOURER / 116 / CDI;Nemcija;DEU;osebni avtomobil;194;vecnamensko vozilo;VITO TOURER 
120;1985;6.2;1;MERCEDES BENZ;KOA3L305N-2SLP7S29XX;VITO TOURER / 116 / BLUETEC;Nemcija;DEU;osebni avtomobil;194;vecnamensko vozilo;VITO TOURER 
120;1865;6.2;1;MERCEDES BENZ;R80QP1-CZAA051A;GLC  / 220 d / 4-MATIC AUT.;Nemcija;DEU;osebni avtomobil;208;vozilo z dviûnimi vrati zadaj;GLC  
120;1835;6.2;1;MERCEDES BENZ;R716T1-CZAA150A;GLC / 200 d / 4-MATIC AUT.;Nemcija;DEU;osebni avtomobil;205;karavan;GLC 
120;1420;6.2;0;MERCEDES BENZ;33H7T2-FZAA154A;CLA / 200 / AUT.;Nemcija;DEU;osebni avtomobil;229;limuzina;CLA 
120;1410;6.2;0;MERCEDES BENZ;O0H7T2-FZAA151B;B / 200 / AUT.;Nemcija;DEU;osebni avtomobil;223;karavan;B 
120;1400;6.2;0;MERCEDES BENZ;33H7T2-KZAA150B;CLA / 200 /;Nemcija;DEU;osebni avtomobil;229;limuzina;CLA 
120;1355;6.2;0;MERCEDES BENZ;X2H7T2-KZAA151B;A / 200 /;Nemcija;DEU;osebni avtomobil;225;karavan;A 
120;1505;6.2;0;NISSAN;T32CC01;X-TRAIL / 1.6 /;Japonska ;JPN;osebni avtomobil;200;vecnamensko vozilo;X-TRAIL 
120;1524;6.2;0;RENAULT;RFEHF2MH6ABB005000;KADJAR / 1.6 / 16V;Francija;FRA;osebni avtomobil;205;karavan;KADJAR 
120;1675;6.3;1;CHEVROLET;JHF11-DK5;CRUZE / 2.0 / DT 16V AUT.;Koreja. republika;KOR;osebni avtomobil;209;vozilo z dviûnimi vrati zadaj;CRUZE 
120;1675;6.3;1;CHEVROLET;JMF11-DK5;CRUZE / 2.0 / DT 16V AUT.;Koreja. republika;KOR;osebni avtomobil;209;vecnamensko vozilo;CRUZE 
120;2130;6.3;1;MERCEDES BENZ;KLA3L305N-3SLP7T28XX;V / 220 / d;Nemcija;DEU;osebni avtomobil;194;vecnamensko vozilo;V 
120;1835;6.3;1;MERCEDES BENZ;R716T1-CZAA150A;GLC / 200 d / 4-MATIC AUT.;Nemcija;DEU;osebni avtomobil;205;karavan;GLC 
120;1445;6.3;0;MERCEDES BENZ;32H7T2-FZAA150A;CLA / 200 / AUT.;Nemcija;DEU;osebni avtomobil;226;karavan;CLA 
120;1420;6.3;0;MERCEDES BENZ;33H7T2-FZAA154A;CLA / 200 / AUT.;Nemcija;DEU;osebni avtomobil;229;limuzina;CLA 
120;1385;6.3;0;MERCEDES BENZ;X0H7T2-FZAA150B;A / 200 / AUT.;Nemcija;DEU;osebni avtomobil;230;limuzina;A 
120;1836;6.3;1;OPEL;BG21-1A12AABFJB5;ANTARA / 2.2 / DT 16V;Nemcija;DEU;osebni avtomobil;189;karavan;ANTARA 
120;1694;6.3;1;PEUGEOT;0ERHHA/1;5008 / 2.0 / HDI AUT.;Francija;FRA;osebni avtomobil;190;vecnamensko vozilo;5008
120;1664;6.3;1;PEUGEOT;0ARHHA/1;5008 / 2.0 / HDI AUT.;Francija;FRA;osebni avtomobil;190;vecnamensko vozilo;5008
120;1637;6.3;1;VOLVO;AS6941;S80 / 2.4 / TD;ävedska;SWE;osebni avtomobil;220;limuzina;S80 
120;1604;6.3;1;VOLVO;RS799200;S60 / 2.4 / D;ävedska;SWE;osebni avtomobil;210;limuzina;S60 
120;1583;6.3;1;VOLVO;RS79-92A0;S60 / 2.4 / TD5;ävedska;SWE;osebni avtomobil;210;limuzina;S60 
120;1576;6.3;1;VOLVO;R;S 60 / 2.4;ävedska;SWE;osebni avtomobil;210;limuzina;S 60 
120;1558;6.3;1;VOLVO;RS7962;S60 / 2.4 / TD5;ävedska;SWE;osebni avtomobil;210;limuzina;S60 
120;1550;6.3;1;VOLVO;RS-79;S60 / 2.4 / D5;ävedska;SWE;osebni avtomobil;210;limuzina;S60 
120;1527;6.3;1;VOLVO;RS-7932;S60 / 2.4 / D5;ävedska;SWE;osebni avtomobil;210;limuzina;S60 
120;1508;6.3;1;VOLVO;RS7992A0;S60 / D5 / 2.4 / D;ävedska;SWE;osebni avtomobil;210;limuzina;S60 
120;1503;6.3;1;VOLVO;RS-7969;S60 / 2.4 / D;ävedska;SWE;osebni avtomobil;210;limuzina;S60 
120;1483;6.3;1;VOLVO;RS79-62;S 60 / 2.4;ävedska;SWE;osebni avtomobil;210;limuzina;S 60 
120;1483;6.3;1;VOLVO;RS79-92;S60 / 2.4 / TD5;ävedska;SWE;osebni avtomobil;210;limuzina;S60 
120;1635;6.4;1;AUDI;4B;A6 / 2.5 / TDI;Nemcija;DEU;osebni avtomobil;222;limuzina;A6 
120;1968;6.4;1;CHEVROLET;CW72-117D;CAPTIVA / 2.2 / DT 16V;Koreja. republika;KOR;osebni avtomobil;188;karavan;CAPTIVA 
120;1958;6.4;1;CHEVROLET;CM71-227A;CAPTIVA / 2.2 / DT 16V;Koreja. republika;KOR;osebni avtomobil;189;vecnamensko vozilo;CAPTIVA 
120;1953;6.4;1;CHEVROLET;CW72-127A;CAPTIVA / 2.2 / DT 16V;Koreja. republika;KOR;osebni avtomobil;189;karavan;CAPTIVA 
120;1933;6.4;1;CHEVROLET;CW71-117A;CAPTIVA / 2.2 / DT 16V;Koreja. republika;KOR;osebni avtomobil;191;karavan;CAPTIVA 
120;1918;6.4;1;CHEVROLET;CW71-127A;CAPTIVA / 2.2 / DT 16V;Koreja. republika;KOR;osebni avtomobil;189;karavan;CAPTIVA 
120;1893;6.4;1;CHEVROLET;CW71-117A;CAPTIVA / 2.2 / DT 16V;Koreja. republika;KOR;osebni avtomobil;189;karavan;CAPTIVA 
120;1853;6.4;1;CHEVROLET;CW71-117A;CAPTIVA / 2.2 / DT 16V ;Koreja. republika;KOR;osebni avtomobil;189;karavan;CAPTIVA 
120;1713;6.4;1;CITROEN;3AEHYR/S;C4 SPACETOURER / 2.0 / HDI AUT.;Francija;FRA;osebni avtomobil;210;vecnamensko vozilo;C4 SPACETOURER 
120;1835;6.4;1;MERCEDES BENZ;R716T1-CZAA150A;GLC / 200 d / 4-MATIC AUT.;Nemcija;DEU;osebni avtomobil;205;karavan;GLC 
120;1410;6.4;0;MERCEDES BENZ;O0H7T2-FZAA150A;B / 200 / AUT.;Nemcija;DEU;osebni avtomobil;223;karavan;B 
120;1593;6.4;0;NISSAN;T32CC73;X-TRAIL / 1.6 /;Japonska ;JPN;osebni avtomobil;200;vecnamensko vozilo;X-TRAIL 
120;1953;6.4;1;OPEL;DJHBA23-BC1S4BGDA5;INSIGNIA / 2.0 / DT 16V AWD AUT.;Nemcija;DEU;osebni avtomobil;200;karavan;INSIGNIA 
120;1911;6.4;1;OPEL;BG11-1A14ACBFMA5;ANTARA / 2.2 / DT 16V;Nemcija;DEU;osebni avtomobil;188;karavan;ANTARA 
120;1810;6.4;1;OPEL;BG21-1A12AABFMA5;ANTARA / 2.2 / CDTI;Nemcija;DEU;osebni avtomobil;189;karavan;ANTARA 
120;1657;6.4;1;VOLKSWAGEN;3BG;PASSAT / 2.5 / TDI;Nemcija;DEU;osebni avtomobil;222;karavan;PASSAT 
120;1911;6.4;1;VOLVO;DZ8756;XC60 / 2.4 / TD AWD AUT.;ävedska;SWE;osebni avtomobil;190;karavan;XC60 
120;1813;6.4;1;VOLVO;FW8756;V60 / 2.4 / TD AWD AUT.;ävedska;SWE;osebni avtomobil;215;karavan;V60 
120;1619;6.4;1;VOLVO;AS6941;S80 / 2.4 / TD;ävedska;SWE;osebni avtomobil;215;limuzina;S80 
120;1568;6.4;1;VOLVO;RS6942;S60 / 2.4 / TD;ävedska;SWE;osebni avtomobil;210;limuzina;S60 
120;1655;6.5;1;AUDI;8E;A4 / 2.5 / TDI;Nemcija;DEU;osebni avtomobil;224;karavan;A4 
120;1580;6.5;1;BMW;390-L;320 / D;Nemcija;DEU;osebni avtomobil;223;karavan;320
120;1665;6.5;1;MERCEDES BENZ;211U01BF0-KGAAA500;E / 270 / CDI;Nemcija;DEU;osebni avtomobil;224;limuzina;E 
120;1614;6.5;1;PEUGEOT;0URHHA/1;3008 / 2.0 / HDI AUT.;Francija;FRA;osebni avtomobil;190;vecnamensko vozilo;3008
120;1704;6.5;1;VOLVO;BW6941;V70 / 2.4 / TD;ävedska;SWE;osebni avtomobil;210;karavan;V70 
120;1696;6.5;1;VOLVO;SW79-92;V70 / 2.4 / TD5;ävedska;SWE;osebni avtomobil;210;karavan;V70 
120;1690;6.5;1;VOLVO;SW79-32A0;V70 / 2.4 / TD5;ävedska;SWE;osebni avtomobil;210;karavan;V70 
120;1628;6.5;1;VOLVO;SW7962;V70 / 2.4 / TD5;ävedska;SWE;osebni avtomobil;210;karavan;V70 
120;1625;6.5;0;VOLVO;XXZ15-XZ15VD0;XC40 / 1.5 / T / AUT. FWD;ävedska;SWE;osebni avtomobil;200;karavan;XC40 
120;1625;6.5;0;VOLVO;XXZ15-XZ15VD0;XC40 / 1.5 / T / AUT. FWD;ävedska;SWE;osebni avtomobil;180;karavan;XC40 
120;1620;6.5;1;VOLVO;TS79-32;S 80 / 2.4;ävedska;SWE;osebni avtomobil;210;limuzina;S 80 
120;1616;6.5;1;VOLVO;RS79-32;S60 / 2.4 / TD5;ävedska;SWE;osebni avtomobil;210;limuzina;S60 
120;1614;6.5;1;VOLVO;TS7962;S80 / 2.4 / TD5;ävedska;SWE;osebni avtomobil;210;limuzina;S80 
120;1604;6.5;1;VOLVO;RS7992;S 60 / 2.4;ävedska;SWE;osebni avtomobil;210;limuzina;S 60 
120;1604;6.5;1;VOLVO;RS79-92A0;S60 / 2.4 / TD5;ävedska;SWE;osebni avtomobil;210;limuzina;S60 
120;1602;6.5;1;VOLVO;RS79-32;S 60 / 2.4;ävedska;SWE;osebni avtomobil;210;limuzina;S 60 
120;1601;6.5;1;VOLVO;RS7932;S60 / 2.4 / TD5;ävedska;SWE;osebni avtomobil;210;limuzina;S60 
120;1596;6.5;1;VOLVO;SW-7992;V70 / D5;ävedska;SWE;osebni avtomobil;210;karavan;V70 
120;1590;6.5;1;VOLVO;TS79-92;S 80 / /;ävedska;SWE;osebni avtomobil;210;limuzina;S 80 
120;1581;6.5;1;VOLVO;SW7992;V70 / 2.4 / TD5;ävedska;SWE;osebni avtomobil;210;karavan;V70 
120;1558;6.5;1;VOLVO;RS7962;S60 / 2.4 / TD5;ävedska;SWE;osebni avtomobil;210;limuzina;S60 
120;1558;6.5;1;VOLVO;RS7962;S 60 / 2.4;ävedska;SWE;osebni avtomobil;210;limuzina;S 60 
120;1529;6.5;1;VOLVO;RS7992;S60 / 2.4 / TD5;ävedska;SWE;osebni avtomobil;210;limuzina;S60 
120;1529;6.5;1;VOLVO;RS-79;S 60 / 2.4;ävedska;SWE;osebni avtomobil;210;limuzina;S 60 
120;1508;6.5;1;VOLVO;RS-79;S60 / 2.4 / D5;ävedska;SWE;osebni avtomobil;210;limuzina;S60 
120;1425;6.6;1;BMW;187UG51-32;120;Nemcija;DEU;osebni avtomobil;217;vozilo z dviûnimi vrati zadaj;120
120;1425;6.6;1;BMW;UG51-12;120 / / d AUT.;Nemcija;DEU;osebni avtomobil;217;karavan;120
120;1350;6.6;1;BMW;187;120 / D;Nemcija;DEU;osebni avtomobil;220;vozilo z dviûnimi vrati zadaj;120
120;1968;6.6;1;CHEVROLET;CW72-117A;CAPTIVA / 2.2 / DT 16V;Koreja. republika;KOR;osebni avtomobil;188;karavan;CAPTIVA 
120;2017;6.6;1;CITROEN;XDRHH4;JUMPY / 2.0 / HDI L2;Francija;FRA;osebni avtomobil;170;vecnamensko vozilo;JUMPY 
120;1971;6.6;1;JAGUAR;DF-HTBDD0-50CA010;JAGUAR E-PACE / 2.0 / D165 MHEV AWD AUT.;Zdruûeno kraljestvo;GBR;osebni avtomobil;190;karavan;JAGUAR E-PACE 
120;1730;6.6;1;JEEP;PKJA5FJ-C5MD1A;COMPASS / 2.2 / TD;Zdruûene drûave;USA;osebni avtomobil;201;vecnamensko vozilo;COMPASS 
120;1720;6.6;1;JEEP;PKJK5FJ-A5MD1A;PATRIOT / 2.2 / TD;Zdruûene drûave;USA;osebni avtomobil;201;vecnamensko vozilo;PATRIOT 
120;1685;6.6;1;JEEP;JK5FJ-B5MD1A;PATRIOT / 2.2 / CRD;Zdruûene drûave;USA;osebni avtomobil;201;vecnamensko vozilo;PATRIOT 
120;1680;6.6;1;JEEP;JA5FJ-B5MD1A;COMPASS / 2.2 / CRD;Zdruûene drûave;USA;osebni avtomobil;201;vecnamensko vozilo;COMPASS 
120;1967;6.6;1;LAND ROVER;LZ-HTEDD0-50CA020;RANGE ROVER EVOQUE / 2.0 / D160 MHEV AWD AUT.;Zdruûeno kraljestvo;GBR;osebni avtomobil;199;karavan;RANGE ROVER EVOQUE 
120;2358;6.6;1;MERCEDES BENZ;KOA33310N-3FKR7T29BE;VITO TOURER / 116 / BLUETEC AUT.;Nemcija;DEU;osebni avtomobil;190;vecnamensko vozilo;VITO TOURER 
120;2185;6.6;1;MERCEDES BENZ;KLA33310N-1FKU7T37BE;V / 220 / d AUT.;Nemcija;DEU;osebni avtomobil;189;vecnamensko vozilo;V 
120;2010;6.6;1;MERCEDES BENZ;KOA3L310NXX-3SLQ2X29BEXX;VITO TOURER / 116 / CDI;Nemcija;DEU;osebni avtomobil;194;vecnamensko vozilo;VITO TOURER 
120;1445;6.6;0;MERCEDES BENZ;32H7T2-FZAA154A;CLA / 200 / AUT.;Nemcija;DEU;osebni avtomobil;226;karavan;CLA 
120;1395;6.6;0;MERCEDES BENZ;O0H7T2-KZAA150A;B / 200 /;Nemcija;DEU;osebni avtomobil;223;karavan;B 
120;1500;6.6;0;MITSUBISHI;GK111-AAAAM6B5CAAA;ECLIPSE CROSS / 1.5 / 2WD;Japonska ;JPN;osebni avtomobil;205;karavan;ECLIPSE CROSS 
120;1911;6.6;1;OPEL;BG11-1A14ACBFJB5;ANTARA / 2.2 / DT 16V;Nemcija;DEU;osebni avtomobil;188;karavan;ANTARA 
120;2032;6.6;1;PEUGEOT;XERHH4;EXPERT / 2.0 / HDI L2;Francija;FRA;osebni avtomobil;170;vecnamensko vozilo;EXPERT 
120;2017;6.6;1;PEUGEOT;XDRHH4;EXPERT / 2.0 / HDI L2;Francija;FRA;osebni avtomobil;170;vecnamensko vozilo;EXPERT 
120;1984;6.6;1;PEUGEOT;XCRHH4;EXPERT / 2.0 / HDI L1;Francija;FRA;osebni avtomobil;170;vecnamensko vozilo;EXPERT 
120;1614;6.6;1;PEUGEOT;0URHHA;3008 / 2.0 / HDI AUT.;Francija;FRA;osebni avtomobil;190;vecnamensko vozilo;3008
120;1925;6.6;1;VOLVO;DZ8054;XC60 / 2.4 / TD AWD;ävedska;SWE;osebni avtomobil;200;karavan;XC60 
120;1625;6.6;0;VOLVO;XXZ15-XZ15BD0;XC40 / 1.5 / T / AUT. FWD;ävedska;SWE;osebni avtomobil;200;karavan;XC40 
120;1625;6.6;0;VOLVO;XXZ15-XZ15VD0;XC40 / 1.5 / T / AUT. FWD;ävedska;SWE;osebni avtomobil;180;karavan;XC40 
120;1577;6.6;1;VOLVO;RS6941;S60 / 2.4 / TD;ävedska;SWE;osebni avtomobil;210;limuzina;S60 
120;1655;6.7;1;AUDI;8E;A4 / 2.5 / TDI;Nemcija;DEU;osebni avtomobil;224;karavan;A4 
120;1605;6.7;1;AUDI;8E-BCZ;A4 / 2.5 / TDI;Nemcija;DEU;osebni avtomobil;217;limuzina;A4 
120;1780;6.7;1;BMW;5-D;525 / D;Nemcija;DEU;osebni avtomobil;215;karavan;525
120;1670;6.7;1;BMW;NC-51;525 / D;Nemcija;DEU;osebni avtomobil;223;limuzina;525
120;1670;6.7;1;BMW;5DDL91-01;525 / D;Nemcija;DEU;osebni avtomobil;219;limuzina;525
120;1660;6.7;1;BMW;560LNC51-33;525 / D;Nemcija;DEU;osebni avtomobil;225;limuzina;525
120;1595;6.7;1;BMW;DL91-01;525 / / d;Nemcija;DEU;osebni avtomobil;219;limuzina;525
120;1585;6.7;1;BMW;NC-51;525 / D;Nemcija;DEU;osebni avtomobil;230;limuzina;525
120;1520;6.7;1;BMW;VC31-12;320 D;Nemcija;DEU;osebni avtomobil;220;limuzina;320 D
120;1520;6.7;1;BMW;VC31-02;320 / / d AUT.;Nemcija;DEU;osebni avtomobil;220;limuzina;320
120;1505;6.7;1;BMW;390LVC31-12;320 / D / AUT.;Nemcija;DEU;osebni avtomobil;220;limuzina;320
120;1445;6.7;1;BMW;VC31-12;320 / / d AUT.;Nemcija;DEU;osebni avtomobil;220;limuzina;320
120;1967;6.7;1;LAND ROVER;LZ-HTEDD0-50CA020;RANGE ROVER EVOQUE / 2.0 / D160 MHEV AWD AUT.;Zdruûeno kraljestvo;GBR;osebni avtomobil;199;karavan;RANGE ROVER EVOQUE 
120;2210;6.7;1;MERCEDES BENZ;KLA33310N-2FKT7U27BE;V / 220 / d AUT.;Nemcija;DEU;osebni avtomobil;189;karavan;V 
120;1485;6.7;0;MERCEDES BENZ;OHH7T2-FZAA150C;GLA / 200 / AUT.;Nemcija;DEU;osebni avtomobil;210;karavan;GLA 
120;1664;6.7;1;PEUGEOT;0ARHHA/1;5008 / 2.0 / HDI AUT.;Francija;FRA;osebni avtomobil;190;vecnamensko vozilo;5008
120;1736;6.7;1;VOLVO;SW79-32;V70 / 2.4 / TD5;ävedska;SWE;osebni avtomobil;210;karavan;V70 
120;1696;6.7;1;VOLVO;SW79-92;V70 / 2.4 / TD5;ävedska;SWE;osebni avtomobil;210;karavan;V70 
120;1681;6.7;1;VOLVO;BW6941;V70 / 2.4 / TD;ävedska;SWE;osebni avtomobil;210;karavan;V70 
120;1653;6.7;1;VOLVO;SW79-32;V 70 / 2.4;ävedska;SWE;osebni avtomobil;210;karavan;V 70 
120;1615;6.7;1;VOLVO;SW7932;V70 / 2.4 / TD5;ävedska;SWE;osebni avtomobil;210;karavan;V70 
120;1845;6.8;1;AUDI;XCAHBQ1-QD7B5016R8R707GG;Q5 / 2.0 / TDI Q AUT.;Nemcija;DEU;osebni avtomobil;196;karavan;Q5 
120;1720;6.8;1;AUDI;4B;A6 / 2.5 / TDI;Nemcija;DEU;osebni avtomobil;215;karavan;A6 
120;1647;6.8;1;AUDI;ABDGF1-FAVJ00R8E600GGP;A4 / AVANT 2.5 / TDI V-AUT.;Nemcija;DEU;osebni avtomobil;217;karavan;A4 
120;1640;6.8;1;AUDI;ABCZF1-FM6A00R8E60P;A4 / AVANT 2.5 / TDI;Nemcija;DEU;osebni avtomobil;224;karavan;A4 
120;1635;6.8;1;AUDI;ABCZF1-FM6A00R8E60P;A4 / AVANT 2.5 / TDI;Nemcija;DEU;osebni avtomobil;217;karavan;A4 
120;1595;6.8;1;AUDI;LBDGF1-FM6A00R8E600GGP;A4 / 2.5 / TDI;Nemcija;DEU;osebni avtomobil;227;limuzina;A4 
120;1760;6.8;1;BMW;560-L;525 / D;Nemcija;DEU;osebni avtomobil;219;karavan;525
120;1750;6.8;1;BMW;560-L;525 / D;Nemcija;DEU;osebni avtomobil;225;karavan;525
120;1712;6.8;1;CITROEN;UARHHA;C4 PICASSO / 2.0 / HDI AUT.;Francija;FRA;osebni avtomobil;190;vecnamensko vozilo;C4 PICASSO 
120;1684;6.8;1;CITROEN;RDRHHA;C5 III / 2.0 / Hdi AUT.;Francija;FRA;osebni avtomobil;210;limuzina;C5 III 
120;1672;6.8;1;FORD;DM2-TXDA2R5QMFPB;KUGA / 2.0 / TDCI 120 AWD A6;Nemcija;DEU;osebni avtomobil;192;vecnamensko vozilo;KUGA 
120;2471;6.8;1;MERCEDES BENZ;KLA3L310NXX-3FKP2X28BEXX;V / 220 / d AUT.;Nemcija;DEU;osebni avtomobil;195;vecnamensko vozilo;V 
120;2422;6.8;1;MERCEDES BENZ;K1MD1350BXX-PF1AAVA9B0XX;SPRINTER / 316 / CDI AUT.;Nemcija;DEU;osebni avtomobil;160;vecnamensko vozilo;SPRINTER 
120;2145;6.8;1;MERCEDES BENZ;KLA3L310NXX-2FKT2X28BEXX;V / 220 / d AUT.;Nemcija;DEU;osebni avtomobil;195;vecnamensko vozilo;V 
120;1485;6.8;0;MERCEDES BENZ;OHH7T2-FZAA150C;GLA / 200 / AUT.;Nemcija;DEU;osebni avtomobil;210;karavan;GLA 
120;1694;6.8;1;PEUGEOT;0ERHHA;5008 / 2.0 / HDI AUT.;Francija;FRA;osebni avtomobil;190;vecnamensko vozilo;5008
120;1664;6.8;1;PEUGEOT;0ARHHA;5008 / 2.0 / HDI AUT.;Francija;FRA;osebni avtomobil;190;vecnamensko vozilo;5008
120;1653;6.8;1;PEUGEOT;6DRHHA;407 / 2.0 / HDI AUT.;Francija;FRA;osebni avtomobil;210;limuzina;407
120;1941;6.8;1;VOLVO;DZ8756;XC60 / 2.4 / TD AWD AUT.;ävedska;SWE;osebni avtomobil;190;karavan;XC60 
120;1941;6.8;1;VOLVO;DZ8756;XC60 / 2.4 / TD AWD AUT.;ävedska;SWE;osebni avtomobil;190;limuzina;XC60 
120;1873;6.8;1;VOLVO;DZ5250;XC60 / 2.0 / TD AUT.;ävedska;SWE;osebni avtomobil;195;karavan;XC60 
120;1847;6.8;1;VOLVO;DZ88A1;XC60 / 2.0 / TD;ävedska;SWE;osebni avtomobil;200;karavan;XC60 
120;1844;6.8;1;VOLVO;DZ8850;XC60 / 2.0 / TD AUT.;ävedska;SWE;osebni avtomobil;195;karavan;XC60 
120;1815;6.8;1;VOLVO;BZ8756;XC70 / 2.4 / TD AWD AUT.;ävedska;SWE;osebni avtomobil;195;karavan;XC70 
120;1740;6.8;1;VOLVO;DZ5250;XC60 / 2.0 / TD AWD;ävedska;SWE;osebni avtomobil;195;karavan;XC60 
120;1635;6.8;1;VOLVO;SW69-41;V70 / 2.4 / TD;ävedska;SWE;osebni avtomobil;210;karavan;V70 
120;1720;6.9;1;AUDI;4B-BFC;A6 / AVANT 2.5 / TDI;Nemcija;DEU;osebni avtomobil;215;karavan;A6 
120;1690;6.9;1;AUDI;4B;A6 / 2.5 / TDI;Nemcija;DEU;osebni avtomobil;220;karavan;A6 
120;1677;6.9;1;AUDI;8ELBDGF1-FAVJ00R8E600GGP;A4 / 2.5 / TDI AUT.;Nemcija;DEU;osebni avtomobil;219;limuzina;A4 
120;1670;6.9;1;AUDI;8E-BDG;A4 / AVANT 2.5 / TDI V-AUT.;Nemcija;DEU;osebni avtomobil;217;karavan;A4 
120;1665;6.9;1;AUDI;8ELBDGF1-FM6A00R8E710GGP;A4 / 2.5 / TDI;Nemcija;DEU;osebni avtomobil;227;limuzina;A4 
120;1665;6.9;1;AUDI;8E-BCZ;A4 / 2.5 / TDI;Nemcija;DEU;osebni avtomobil;217;karavan;A4 
120;1660;6.9;1;AUDI;4B-BDG;A6 / AVANT 2.5 / TDI;Nemcija;DEU;osebni avtomobil;220;karavan;A6 
120;1655;6.9;1;AUDI;8E;A4 / 2.5 / TDI;Nemcija;DEU;osebni avtomobil;224;karavan;A4 
120;1650;6.9;1;AUDI;8ELBDGF1-FM6A00R8E600GGP;A4 / 2.5 / TDI;Nemcija;DEU;osebni avtomobil;227;limuzina;A4 
120;1640;6.9;1;AUDI;8E-BDG;A4 / AVANT 2.5 / TDI;Nemcija;DEU;osebni avtomobil;225;karavan;A4 
120;1612;6.9;1;AUDI;8E ABDGF1-FM6A00R8E60P;A 4 / AVANT 2.5;Nemcija;DEU;osebni avtomobil;224;karavan;A 4 
120;1605;6.9;1;AUDI;8E-BCZ;A4 / 2.5 / TDI;Nemcija;DEU;osebni avtomobil;217;limuzina;A4 
120;1595;6.9;1;AUDI;LBDGF1-FM6A00R8E600GGP;A4 / 2.5 / TDI;Nemcija;DEU;osebni avtomobil;227;limuzina;A4 
120;1590;6.9;1;AUDI;8E-BDG;A4 / 2.5 / TDI;Nemcija;DEU;osebni avtomobil;217;karavan;A4 
120;1575;6.9;1;AUDI;8E-BFC;A4 / 2.5 / TDI;Nemcija;DEU;osebni avtomobil;217;limuzina;A4 
120;1660;6.9;1;BMW;NC51-03;525 / / d;Nemcija;DEU;osebni avtomobil;225;limuzina;525
120;1595;6.9;1;BMW;NC31-02;520 / / d AUT.;Nemcija;DEU;osebni avtomobil;223;limuzina;520
120;1595;6.9;1;BMW;VU31-12;320 / TURING / d AUT.;Nemcija;DEU;osebni avtomobil;218;karavan;320
120;1595;6.9;1;BMW;NC31-02;520 / / d AUT.;Nemcija;DEU;osebni avtomobil;218;limuzina;520
120;1580;6.9;1;BMW;390L;320 / D;Nemcija;DEU;osebni avtomobil;223;karavan;320
120;1717;6.9;1;CITROEN;RWRHHA;C5 III / TOURER 2.0 / HDi 16V AUT.;Francija;FRA;osebni avtomobil;208;karavan;C5 III 
120;1845;6.9;1;MERCEDES BENZ;H70AM1-NZBCA502;GLK / 220 CDI / 4-MATIC AUT.;Nemcija;DEU;osebni avtomobil;202;karavan;GLK 
120;1704;6.9;1;PEUGEOT;6ERHHA;407 / BREAK 2.0 / HDI AUT.;Francija;FRA;osebni avtomobil;209;karavan;407
120;1694;6.9;1;PEUGEOT;0ERHHA;5008 / 2.0 / HDI AUT.;Francija;FRA;osebni avtomobil;190;vecnamensko vozilo;5008
120;1664;6.9;1;PEUGEOT;0ARHHA;5008 / 2.0 / HDI AUT.;Francija;FRA;osebni avtomobil;190;vecnamensko vozilo;5008
120;1621;6.9;1;äKODA;STBDGX01-FM6FM6A2002P;SUPERB / 2.5 / TDI;Ceöka republika;CZE;osebni avtomobil;205;limuzina;SUPERB 
120;2760;6.9;1;VOLKSWAGEN;KM4D1350E-LEA2MXE9;CRAFTER 35 / 2.0 / TDI;Nemcija;DEU;osebni avtomobil;160;vecnamensko vozilo;CRAFTER 35 
120;1790;6.9;1;VOLVO;DZ8044;XC60 / 2.4 / TD AWD;ävedska;SWE;osebni avtomobil;200;karavan;XC60 
120;1860;7.1;1;AUDI;8HKBCZF1-FAVJ00R8H60R;A4 / CABRIOLET 2.5 / TDI AUT.;Nemcija;DEU;osebni avtomobil;217;kabriolet;A4 
120;1790;7.1;1;AUDI;ABDGF1-FAVJ00R99Q;A6 / AVANT 2.5 / TDI V-AUT.;Nemcija;DEU;osebni avtomobil;215;karavan;A6 
120;1755;7.1;1;AUDI;ABFCF1-FM6EA0R96Q;A6 / AVANT 2.5 / TDI;Nemcija;DEU;osebni avtomobil;220;karavan;A6 
120;1735;7.1;1;AUDI;8EABDGF1-FAVJ00RE600GG0;A4 / AVANT 2.5 / TDI V-AUT.;Nemcija;DEU;osebni avtomobil;217;karavan;A4 
120;1665;7.1;1;AUDI;ABDGF1-FAVJ00R8E600GGQ;A4 / AVANT 2.5 / TDI V-AUT.;Nemcija;DEU;osebni avtomobil;217;karavan;A4 
120;1580;7.1;1;AUDI;8E-BFC;A4 / 2.5 / TDI;Nemcija;DEU;osebni avtomobil;227;limuzina;A4 
120;1685;7.1;1;BMW;NJ31-02;520 / TOURING / D AUT.;Nemcija;DEU;osebni avtomobil;218;karavan;520
120;1670;7.1;1;BMW;5/D;525 / D;Nemcija;DEU;osebni avtomobil;219;limuzina;525
120;2616;7.1;1;MERCEDES BENZ;K1MD1350AXX-QE2AAVA8B0XX;SPRINTER / 316 / CDI;Nemcija;DEU;osebni avtomobil;160;vozilo z dostopom za invalidski vozicek;SPRINTER 
120;2451;7.1;1;MERCEDES BENZ;906AC35KNMD1350N-NEB25UA9;SPRINTER / 316 / CDI;Nemcija;DEU;osebni avtomobil;162;vozilo za posebne namene;SPRINTER 
120;2165;7.1;1;MERCEDES BENZ;163-113;ML / 270 / CDI;Nemcija;DEU;osebni avtomobil;185;limuzina;ML 
120;2125;7.1;1;MERCEDES BENZ;163-113;ML / 270 / CDI;Nemcija;DEU;osebni avtomobil;185;vecnamensko vozilo;ML 
120;2100;7.1;1;MERCEDES BENZ;163-113;ML / 270 / CDI;Nemcija;DEU;osebni avtomobil;185;karavan;ML 
120;1668;7.1;1;äKODA;3U STBDGX01-FM6FM6A2002P;SUPERB / 2.5 / TDI;Ceöka republika;CZE;osebni avtomobil;223;limuzina;SUPERB 
120;1845;7.2;1;AUDI;XDETBQ1-QD7AD7CJ002RT11C187CPAEM1FS;Q5 / 2.0 / TDI Q AUT.;Nemcija;DEU;osebni avtomobil;211;karavan;Q5 
120;1825;7.2;1;AUDI;KBFCF1-FM6EA0R8H60Q;A4 / CABRIOLET 2.5 / TDI;Nemcija;DEU;osebni avtomobil;226;kabriolet;A4 
120;1795;7.2;1;AUDI;KBFCF1-FAVJ00R8H60R;A4 / CABRIOLET 2.5 / TDI V-AUT.;Nemcija;DEU;osebni avtomobil;217;kabriolet;A4 
120;1750;7.2;1;BMW;560L NJ71 31;530 / TOURING / D;Nemcija;DEU;osebni avtomobil;222;karavan;530
120;1975;7.2;1;CITROEN;EBRHHA;C8 / 2.0 / HDI AUT.;Francija;FRA;osebni avtomobil;196;vecnamensko vozilo;C8 
120;2873;7.2;1;MERCEDES BENZ;K2MD1350BXX-RE2AAWA8B0XX;SPRINTER / 316 / CDI;Nemcija;DEU;osebni avtomobil;160;vozilo z dostopom za invalidski vozicek;SPRINTER 
120;2166;7.2;1;MERCEDES BENZ;KAA31305N-3M3C2T29;VITO / 116 / CDI BlueEFFICIENCY;Nemcija;DEU;osebni avtomobil;188;karavan;VITO 
120;1855;7.2;1;MERCEDES BENZ;211KU21BF0-SEAAA500;E / 270 T / CDI AUT.;Nemcija;DEU;osebni avtomobil;214;karavan;E 
120;1975;7.2;1;PEUGEOT;EBRHHA;807 / 2.0 / HDI AUT.;Francija;FRA;osebni avtomobil;196;vecnamensko vozilo;807
120;1813;7.2;1;VOLVO;BZ8056;XC70 / 2.4 / TD AWD AUT.;ävedska;SWE;osebni avtomobil;195;karavan;XC70 
120;1655;7.2;1;VOLVO;AS6940;S80 / 2.4 / TD AUT.;ävedska;SWE;osebni avtomobil;215;limuzina;S80 
120;1655;7.2;1;VOLVO;AS6940;S80 / 2.4 / TD AUT.;ävedska;SWE;osebni avtomobil;210;limuzina;S80 
120;1650;7.2;1;VOLVO;AS69-40;S80 / 2.4 / TD AUT.;ävedska;SWE;osebni avtomobil;210;limuzina;S80 
120;1884;7.3;1;AUDI;KBDGF1-FAVJ00R8H71R;A4 / CABRIOLET 2.5 / TDI V-AUT.;Nemcija;DEU;osebni avtomobil;217;kabriolet;A4 
120;1845;7.3;1;AUDI;XDETBQ1-QD7AD7CJ002RT11C187CPAEM1FS;Q5 / 2.0 / TDI Q AUT.;Nemcija;DEU;osebni avtomobil;211;karavan;Q5 
120;2313;7.3;1;MERCEDES BENZ;LAA31305N-3M3G2U28;VIANO / 2.2 / CDI BlueEFFICIENCY;Nemcija;DEU;osebni avtomobil;188;vecnamensko vozilo;VIANO 
120;2297;7.3;1;MERCEDES BENZ;LAA31305N-3M3G2U38;VIANO / 2.2 / CDI BlueEFFICIENCY;Nemcija;DEU;osebni avtomobil;188;vozilo za posebne namene;VIANO 
120;2274;7.3;1;MERCEDES BENZ;LAA31305N-3M3F2U28;VIANO / 2.2 / CDI BlueEFFICIENCY;Nemcija;DEU;osebni avtomobil;188;vecnamensko vozilo;VIANO 
120;2270;7.3;1;MERCEDES BENZ;LAA31305N-2M3G2U28;VIANO / 2.2 / CDI BlueEFFICIENCY;Nemcija;DEU;osebni avtomobil;188;vecnamensko vozilo;VIANO 
120;2267;7.3;1;MERCEDES BENZ;KAA31305N-2M3C2U39;VITO / 116 / CDI BlueEFFICIENCY;Nemcija;DEU;osebni avtomobil;188;vecnamensko vozilo;VITO 
120;2255;7.3;1;MERCEDES BENZ;KAA31305N-3M3C2U29;VITO / 116 / CDI BlueEFFICIENCY;Nemcija;DEU;osebni avtomobil;188;vecnamensko vozilo;VITO 
120;2135;7.3;1;MERCEDES BENZ;KAA31305N-2M3C2T29;VITO / 116 / CDI BlueEFFICIENCY;Nemcija;DEU;osebni avtomobil;188;karavan;VITO 
120;2067;7.3;1;MERCEDES BENZ;KOU4L320VXX-3GJR4X29BEXX;VITO TOURER / 116 / CDI AUT.;Nemcija;DEU;osebni avtomobil;193;vecnamensko vozilo;VITO TOURER 
120;2032;7.3;1;MERCEDES BENZ;KOU4L310NXX-2GJR4X28BEXX;VITO TOURER / 116 / CDI AUT.;Nemcija;DEU;osebni avtomobil;195;vecnamensko vozilo;VITO TOURER 
120;1690;7.3;1;SAAB;E4L-M01;9-5 / 3.0 / TID;ävedska;SWE;osebni avtomobil;215;limuzina;09-May
120;1725;7.3;1;VOLVO;SW79-64;V70 / 2.4 / TD5 AWD;ävedska;SWE;osebni avtomobil;210;karavan;V70 
120;1696;7.3;1;VOLVO;SW7992;V / 70 / 2.4 / TD5;ävedska;SWE;osebni avtomobil;210;karavan;V 
120;1686;7.3;1;VOLVO;SW7964;V70 / 2.4 / TD5 AWD;ävedska;SWE;osebni avtomobil;210;karavan;V70 
120;1638;7.3;1;VOLVO;AS6940;S80 / 2.4 / TD AUT.;ävedska;SWE;osebni avtomobil;210;limuzina;S80 
120;1628;7.3;1;VOLVO;SW7962;V70 / 2.4 / TD5;ävedska;SWE;osebni avtomobil;210;karavan;V70 
120;1625;7.3;0;VOLVO;XXZ15-XZ15VD0;XC40 / 1.5 / T / AUT. FWD;ävedska;SWE;osebni avtomobil;200;karavan;XC40 
120;1625;7.3;0;VOLVO;XXZ15-XZ15VD0;XC40 / 1.5 / T / AUT. FWD;ävedska;SWE;osebni avtomobil;180;karavan;XC40 
120;1800;7.4;1;AUDI;ABSGF1-FAVJC0R4F600GG;A6 / AVANT 2.7 / TDI V-AUT.;Nemcija;DEU;osebni avtomobil;211;karavan;A6 
120;1780;7.4;1;BMW;5-D;525;Nemcija;DEU;osebni avtomobil;215;karavan;525
120;2459;7.4;1;MERCEDES BENZ;KNMD1350N-MEB24VA9;SPRINTER / 316 / CDI;Nemcija;DEU;osebni avtomobil;162;vecnamensko vozilo;SPRINTER 
120;2355;7.4;1;MERCEDES BENZ;LAA31305N-2M3G2U28;VIANO / 2.2 / CDI BlueEFFICIENCY;Nemcija;DEU;osebni avtomobil;188;vecnamensko vozilo;VIANO 
120;2330;7.4;1;MERCEDES BENZ;LAA31305N-3M3G2U28;VIANO / 2.2 / CDI BlueEFFICIENCY;Nemcija;DEU;osebni avtomobil;188;vecnamensko vozilo;VIANO 
120;2249;7.4;1;MERCEDES BENZ;LAA31305N-2M3C2U28;VIANO / 2.2 / CDI BlueEFFICIENCY;Nemcija;DEU;osebni avtomobil;188;vecnamensko vozilo;VIANO 
120;2218;7.4;1;MERCEDES BENZ;KAA31305N-3M3C2U29;VITO / 116 / CDI BlueEFFICIENCY;Nemcija;DEU;osebni avtomobil;188;karavan;VITO 
120;2210;7.4;1;MERCEDES BENZ;KAA31305N-2M3B2U29;VITO / 116 / CDI BlueEFFICIENCY;Nemcija;DEU;osebni avtomobil;188;karavan;VITO 
120;2210;7.4;1;MERCEDES BENZ;LAA31305N-2M3B2U28;VIANO / 2.2 / CDI BlueEFFICIENCY;Nemcija;DEU;osebni avtomobil;188;vecnamensko vozilo;VIANO 
120;2032;7.4;1;MERCEDES BENZ;KOU4L310NXX-2GJR4X28BEXX;VITO TOURER / 116 / CDI AUT.;Nemcija;DEU;osebni avtomobil;193;vecnamensko vozilo;VITO TOURER 
120;1701;7.4;1;VOLVO;BW6940;V70 / 2.4 / TD AUT.;ävedska;SWE;osebni avtomobil;205;karavan;V70 
120;1625;7.4;0;VOLVO;XXZ15-XZ15VD0;XC40 / 1.5 / T / AUT. FWD;ävedska;SWE;osebni avtomobil;180;karavan;XC40 
120;1567;7.5;0;HYUNDAI;F5P11-M51AZ1;ix35 / 2.0 /;Slovaöka;SVK;osebni avtomobil;184;vecnamensko vozilo;ix35 
120;1459;7.5;0;KIA;SLSF5P11-M51AZ1;SPORTAGE / 2.0 /;Slovaöka;SVK;osebni avtomobil;184;vecnamensko vozilo;SPORTAGE 
120;1940;7.5;1;MAZDA;ERH9C6;CX-7 / 2.2 / D AWD;Japonska ;JPN;osebni avtomobil;197;karavan;CX-7 
120;2152;7.5;1;MERCEDES BENZ;KLU4L310NXX-2GJT4X28BEXX;V / 220 / d AUT.;Nemcija;DEU;osebni avtomobil;195;vecnamensko vozilo;V 
120;2032;7.5;1;MERCEDES BENZ;KOU4L310NXX-2GJP4X29BEXX;VITO TOURER / 116 / CDI AUT.;Nemcija;DEU;osebni avtomobil;193;vecnamensko vozilo;VITO TOURER 
120;1861;7.5;1;OPEL;BG21-1A13ABBEKB5;ANTARA / 2.2 / DT 16V AUT.;Nemcija;DEU;osebni avtomobil;184;karavan;ANTARA 
120;1809;7.5;1;VOLVO;BZ8046;XC70 / 2.4 / TD AWD AUT.;ävedska;SWE;osebni avtomobil;200;karavan;XC70 
120;1808;7.5;1;VOLVO;DZ8046;XC60 / 2.4 / TD AWD AUT.;ävedska;SWE;osebni avtomobil;200;karavan;XC60 
120;1798;7.5;1;VOLVO;DZ6944;XC60 / 2.4 / TD AWD;ävedska;SWE;osebni avtomobil;195;karavan;XC60 
120;1763;7.5;1;VOLVO;SZ79-64;XC70 / 2.4 / TD5 AWD;ävedska;SWE;osebni avtomobil;200;karavan;XC70 
120;1595;7.5;1;VOLVO;RS6940;S60 / 2.4 / TD AUT.;ävedska;SWE;osebni avtomobil;210;limuzina;S60 
120;1578;7.5;1;VOLVO;RS79-69;S60 / 2.4 / TD5 AUT.;ävedska;SWE;osebni avtomobil;210;limuzina;S60 
120;1503;7.5;1;VOLVO;RS7969;S60 / 2.4 / TD5 AUT.;ävedska;SWE;osebni avtomobil;210;limuzina;S60 
120;1500;7.51;0;MITSUBISHI;GK111-AAAAM6C5DAAA;ECLIPSE CROSS / 1.5 / 2WD;Japonska ;JPN;osebni avtomobil;205;karavan;ECLIPSE CROSS 
120;1500;7.52;0;MITSUBISHI;GK111-AAAAM6C5DAAA;ECLIPSE CROSS / 1.5 / 2WD;Japonska ;JPN;osebni avtomobil;205;karavan;ECLIPSE CROSS 
120;1780;7.6;1;BMW;5-D;525 / D;Nemcija;DEU;osebni avtomobil;215;karavan;525
120;2047;7.6;1;CITROEN;XDRHHA;JUMPY / 2.0 / HDI L2;Francija;FRA;osebni avtomobil;170;vecnamensko vozilo;JUMPY 
120;1555;7.6;0;HYUNDAI;F5P14-M51AZ1;ix35 / 2.0 / 4WD;Ceöka republika;CZE;osebni avtomobil;182;vecnamensko vozilo;ix35 
120;1530;7.6;0;KIA;SLSF5P14-M51AZ1;SPORTAGE / 2.0 /;Slovaöka;SVK;osebni avtomobil;182;vecnamensko vozilo;SPORTAGE 
120;2334;7.6;1;MERCEDES BENZ;KOA3L320VXX-3FKR2X28BEXX;VITO TOURER / 116 / CDI / AUT;Nemcija;DEU;osebni avtomobil;195;vecnamensko vozilo;VITO TOURER 
120;2177;7.6;1;MERCEDES BENZ;KLU4L310NXX-3GJT4X28BEXX;V / 220 / d AUT.;Nemcija;DEU;osebni avtomobil;195;vecnamensko vozilo;V 
120;2177;7.6;1;MERCEDES BENZ;KLU4L310NXX-3GJT4X27BEXX;V / 220 / d AUT.;Nemcija;DEU;osebni avtomobil;195;karavan;V 
120;2162;7.6;1;MERCEDES BENZ;KLU4L320NXX-2GJS4X28BEXX;V / 220 / d AUT.;Nemcija;DEU;osebni avtomobil;195;vecnamensko vozilo;V 
120;1997;7.6;1;PEUGEOT;XDRHHA;EXPERT / 2.0 / HDI L2;Francija;FRA;osebni avtomobil;170;vecnamensko vozilo;EXPERT 
120;1623;7.6;1;VOLVO;RS79-39;S60 / 2.4 / TD5 AUT.;ävedska;SWE;osebni avtomobil;210;limuzina;S60 
120;1578;7.6;1;VOLVO;RS7969;S60 / 2.4 / TD5 AUT.;ävedska;SWE;osebni avtomobil;210;limuzina;S60 
120;1578;7.6;1;VOLVO;RS7969;S 60 / 2.4;ävedska;SWE;osebni avtomobil;210;limuzina;S 60 
120;2152;7.7;1;MERCEDES BENZ;KLU4L310NXX-2GJT4X27BEXX;V / 220 / d AUT.;Nemcija;DEU;osebni avtomobil;195;karavan;V 
120;2384;7.7;1;RENAULT;MLJM9TMUA32B63D3T0;MASTER / 2.3 / DCI;Francija;FRA;osebni avtomobil;159;vecnamensko vozilo;MASTER 
120;2356;7.7;1;VOLKSWAGEN;KN4D1350N-MEB24VA9;CRAFTER 35 / 2.0 / TDI;Nemcija;DEU;osebni avtomobil;160;vecnamensko vozilo;CRAFTER 35 
120;1696;7.7;1;VOLVO;BW6940;V70 / 2.4 / TD AUT.;ävedska;SWE;osebni avtomobil;205;karavan;V70 
120;1663;7.7;1;VOLVO;TS79-99;S80 / 2.4 / TD5 AUT.;ävedska;SWE;osebni avtomobil;210;limuzina;S80 
120;1632;7.7;1;VOLVO;T;S / 80 / 2.4 D;ävedska;SWE;osebni avtomobil;210;limuzina;S 
120;1632;7.7;1;VOLVO;TS7969;S80 / 2.4 / TD5 AUT.;ävedska;SWE;osebni avtomobil;210;limuzina;S80 
120;1557;7.7;1;VOLVO;TS79;S80 / 2.4 / D;ävedska;SWE;osebni avtomobil;210;limuzina;S80 
120;1670;7.8;1;BMW;560LNC51-34;525 / D;Nemcija;DEU;osebni avtomobil;223;limuzina;525
120;2177;7.8;1;MERCEDES BENZ;KLU4L310NXX-3GJT4X28BEXX;V / 220 / d AUT.;Nemcija;DEU;osebni avtomobil;195;vecnamensko vozilo;V 
120;1600;7.8;1;VOLVO;TS7999;S 80 / 2.4;ävedska;SWE;osebni avtomobil;210;vozilo z dviûnimi vrati zadaj;S 80 
120;1500;7.82;0;MITSUBISHI;GK111-AAAAM6B5CAAA;ECLIPSE CROSS / 1.5 / 2WD;Japonska ;JPN;osebni avtomobil;205;karavan;ECLIPSE CROSS 
120;1500;7.83;0;MITSUBISHI;GK111-AAAAM6B5CAAA;ECLIPSE CROSS / 1.5 / 2WD;Japonska ;JPN;osebni avtomobil;205;karavan;ECLIPSE CROSS 
120;1670;7.9;1;BMW;560LNC51-;525 / D AUT.;Nemcija;DEU;osebni avtomobil;223;limuzina;525
120;1578;7.9;0;KIA;SLSF5P14-M51BZ1;SPORTAGE / 2.0 /;Slovaöka;SVK;osebni avtomobil;182;vecnamensko vozilo;SPORTAGE 
120;2242;7.9;1;LANCIA;L5DF9-C7MD1A;VOYAGER / 2.8 / MULTIJET;Zdruûene drûave;USA;osebni avtomobil;185;vecnamensko vozilo;VOYAGER 
120;1976;7.9;1;MERCEDES BENZ;KAA31305N-1A2D2S29;VITO / 116 / CDI AUT. BLUEEFFICIENCY;Nemcija;DEU;osebni avtomobil;182;karavan;VITO 
120;1675;7.9;1;VOLVO;SW7939A0;V70 / 2.4 / TD5 AUT.;ävedska;SWE;osebni avtomobil;210;karavan;V70 
120;1653;7.9;1;VOLVO;SW6940;V70 / 2.4 / TD AUT.;ävedska;SWE;osebni avtomobil;210;karavan;V70 
120;1649;7.9;1;VOLVO;SW79-69;V70 / 2.4 / TD5 AUT.;ävedska;SWE;osebni avtomobil;210;karavan;V70 
120;1638;7.9;1;VOLVO;SW7969;V70 / 2.4 / TD5 AUT.;ävedska;SWE;osebni avtomobil;210;karavan;V70 
120;1845;7.97;1;AUDI;XDETBQ1-QD7AD7CJ002RT51B184BFAEM1FS;Q5 / 2.0 / TDI Q AUT.;Nemcija;DEU;osebni avtomobil;211;karavan;Q5 
120;1680;8.1;1;BMW;DL01-01;525 / / d AUT.;Nemcija;DEU;osebni avtomobil;219;limuzina;525
120;2451;8.1;1;MERCEDES BENZ;906AC35KNMD1350N-MEB25VA9;SPRINTER / 316 / CDI;Nemcija;DEU;osebni avtomobil;162;vecnamensko vozilo;SPRINTER 
120;2317;8.1;1;MERCEDES BENZ;LAA31305N-3A2G2U28;VIANO / 2.2 / CDI AUT. BlueEFFICIENCY;Nemcija;DEU;osebni avtomobil;182;vecnamensko vozilo;VIANO 
120;2300;8.1;1;MERCEDES BENZ;LAA31305N-3A2D2U28;VIANO / 2.2 / CDI AUT. BlueEFFICIENCY;Nemcija;DEU;osebni avtomobil;182;vecnamensko vozilo;VIANO 
120;2250;8.1;1;MERCEDES BENZ;LAA31305N-2A2G2U28;VIANO / 2.2 / CDI AUT. BlueEFFICIENCY;Nemcija;DEU;osebni avtomobil;182;vecnamensko vozilo;VIANO 
120;2170;8.1;1;MERCEDES BENZ;KAA31305N-3A2C2T29;VITO / 116 / CDI AUT. BlueEFFICIENCY;Nemcija;DEU;osebni avtomobil;182;karavan;VITO 
120;2135;8.1;1;MERCEDES BENZ;KOU43320VXX-3GJR4X29BEXX;VITO TOURER / 116 / CDI AUT.;Nemcija;DEU;osebni avtomobil;186;vecnamensko vozilo;VITO TOURER 
120;2080;8.1;1;MERCEDES BENZ;LAA31305N-2A2G2U28;VIANO / 2.2 / CDI AUT. BLUEEFFICIENCY;Nemcija;DEU;osebni avtomobil;182;vozilo z dostopom za invalidski vozicek;VIANO 
120;1976;8.1;1;MERCEDES BENZ;KAA31305N-3A2C2U29;VITO / 116 / CDI AUT. BlueEFFICIENCY;Nemcija;DEU;osebni avtomobil;182;vecnamensko vozilo;VITO 
120;1500;8.1;0;RENAULT;JM0W06;SCENIC / 2.0 / 16V T;Francija;FRA;osebni avtomobil;206;vecnamensko vozilo;SCENIC 
120;1717;8.1;1;VOLVO;SW79-39;V70 / 2.4 / TD5 AUT.;ävedska;SWE;osebni avtomobil;210;karavan;V70 
120;1637;8.1;1;VOLVO;S-SW79;V70 / 2.4 / D;ävedska;SWE;osebni avtomobil;210;karavan;V70 
120;1465;8.2;0;AUDI;LBFBF1-FM52EMR8E600GG;A4 / 1.8 / T;Nemcija;DEU;osebni avtomobil;228;limuzina;A4 
120;1455;8.2;0;AUDI;LBFBF1-FM52EMR8E60N;A4 / 1.8 / T;Nemcija;DEU;osebni avtomobil;228;limuzina;A4 
120;1790;8.2;1;BMW;5DDP01-01;525 / TOURING / D AUT.;Nemcija;DEU;osebni avtomobil;215;vozilo za posebne namene;525
120;1790;8.2;1;BMW;5DDP01-01;525;Nemcija;DEU;osebni avtomobil;215;karavan;525
120;1770;8.2;1;BMW;DP01-01;525 / TOURING / d AUT.;Nemcija;DEU;osebni avtomobil;215;karavan;525
120;1549;8.2;0;KIA;SLSF5P14-A61AZ1;SPORTAGE / 2.0 / AUT.;Slovaöka;SVK;osebni avtomobil;180;vecnamensko vozilo;SPORTAGE 
120;2355;8.2;1;MERCEDES BENZ;LAA31305N-2A2G2U28;VIANO / 2.2 / CDI AUT. BLUEEFFICIENCY;Nemcija;DEU;osebni avtomobil;182;vecnamensko vozilo;VIANO 
120;1976;8.2;1;MERCEDES BENZ;KAA31305N-3A2C2U29;VITO / 116 / CDI AUT. BlueEFFICIENCY;Nemcija;DEU;osebni avtomobil;182;karavan;VITO 
120;1450;8.2;0;RENAULT;BG0S06;LAGUNA / 2.0 / 16V;Francija;FRA;osebni avtomobil;218;vozilo z dviûnimi vrati zadaj;LAGUNA 
120;1395;8.2;0;RENAULT;BG0S06;LAGUNA / 2.0;Francija;FRA;osebni avtomobil;218;vozilo z dviûnimi vrati zadaj;LAGUNA 
120;2129;8.2;1;VOLVO;CZ79-64;XC90 / 2.4 / TD5 AWD;ävedska;SWE;osebni avtomobil;190;vecnamensko vozilo;XC90 
120;2064;8.2;1;VOLVO;CM7964;XC 90 / 2.4;ävedska;SWE;osebni avtomobil;190;limuzina;XC 90 
120;2064;8.2;1;VOLVO;CM7964;XC90 / 2.4 / TD5 AWD;ävedska;SWE;osebni avtomobil;190;vecnamensko vozilo;XC90 
120;1908;8.3;1;AUDI;4FLBSGQ1-QA6LA0R4F600GGR;A6 / 2.7 / TDI Q AUT.;Nemcija;DEU;osebni avtomobil;218;limuzina;A6 
120;1903;8.3;1;AUDI;ABSGQ1-QA6LA0R4F607GGS;A6 / AVANT 2.7 / TDI Q AUT.;Nemcija;DEU;osebni avtomobil;214;karavan;A6 
120;1830;8.3;1;AUDI;LBSGQ1-QA6LA0R4F600GG;A6 / 2.7 / TDI Q AUT.;Nemcija;DEU;osebni avtomobil;218;limuzina;A6 
120;1665;8.3;0;AUDI;ABFBF1-FM52EMR8E710GGO;A4 / AVANT 1.8 / T;Nemcija;DEU;osebni avtomobil;225;karavan;A4 
120;1615;8.3;0;AUDI;KBFBF1-FM52EMR8H71;A4 / CABRIOLET 1.8 / T;Nemcija;DEU;osebni avtomobil;226;kabriolet;A4 
120;1587;8.3;0;AUDI;LBFBF1-FAVJG0R8E600GGO;A4 / 1.8 / T V-AUT.;Nemcija;DEU;osebni avtomobil;223;limuzina;A4 
120;1575;8.3;0;AUDI;8EABFBF1-FM52EMR8E600;A4 / AVANT 1.8 / T;Nemcija;DEU;osebni avtomobil;219;karavan;A4 
120;1525;8.3;0;AUDI;ABFBF1-FM52EMR8E600GG;A4 / AVANT 1.8 / T;Nemcija;DEU;osebni avtomobil;225;karavan;A4 
120;1521;8.3;0;AUDI;8ELBFBF1-FM52EMR8E600;A4 / 1.8 / T;Nemcija;DEU;osebni avtomobil;228;limuzina;A4 
120;1540;8.3;0;MERCEDES BENZ;209ER20CP0KCAAA00;CLK / 200 / KOMPRESOR;Nemcija;DEU;osebni avtomobil;214;kupe;CLK 
120;1816;8.3;1;VOLVO;BZ6946;XC70 / 2.4 / TD AWD AUT.;ävedska;SWE;osebni avtomobil;195;karavan;XC70 
120;1816;8.3;1;VOLVO;DZ6946;XC60 / 2.4 / TD AWD AUT.;ävedska;SWE;osebni avtomobil;190;karavan;XC60 
120;1595;8.39;0;MITSUBISHI;GK121-ACBACCC5DAAA;ECLIPSE CROSS / 1.5 / CVT / 4WD;Japonska ;JPN;osebni avtomobil;200;karavan;ECLIPSE CROSS 
120;1890;8.4;1;AUDI;ABSGQ1-QA6LA0R4F600GGS;A6 / AVANT 2.7 / TDI Q AUT.;Nemcija;DEU;osebni avtomobil;214;karavan;A6 
120;1830;8.4;1;AUDI;4F;A6 / 2.7 / TDI;Nemcija;DEU;osebni avtomobil;218;limuzina;A6 
120;1565;8.4;0;AUDI;ABFBF1-FAVJG0R8E600GG;A4 / AVANT 1.8 / T V-AUT.;Nemcija;DEU;osebni avtomobil;220;vozilo z dviûnimi vrati zadaj;A4 
120;1485;8.4;0;MERCEDES BENZ;R042K0-LIBBA500;C / 200 / KOMP.;Nemcija;DEU;osebni avtomobil;234;limuzina;C 
120;1215;8.4;0;MINI;RE31-31;COOPER S / /;Nemcija;DEU;osebni avtomobil;218;vozilo z dviûnimi vrati zadaj;COOPER S 
120;1215;8.4;0;MINI;RE31;MINI COOPER-S  / 1.6;Nemcija;DEU;osebni avtomobil;218;vozilo z dviûnimi vrati zadaj;MINI COOPER-S  
120;1814;8.4;1;VOLVO;SZ79-97;XC70 / 2.4 / TD5 AWD AUT.;ävedska;SWE;osebni avtomobil;195;karavan;XC70 
120;1777;8.4;1;VOLVO;SZ79-67;XC70 / 2.4 / TD5 AWD AUT.;ävedska;SWE;osebni avtomobil;195;karavan;XC70 
120;1777;8.4;1;VOLVO;SZ7967;XC 70 / 2.4;ävedska;SWE;osebni avtomobil;195;karavan;XC 70 
120;1776;8.4;1;VOLVO;SZ7967;XC70 / 2.4 / TD5 AWD AUT.;ävedska;SWE;osebni avtomobil;195;karavan;XC70 
120;1740;8.4;1;VOLVO;SW7967;V70 / 2.4 / TD5 AWD  AUT;ävedska;SWE;osebni avtomobil;200;karavan;V70 
120;1739;8.4;1;VOLVO;SZ-7997;XC70 / 2.4 D / CROSSCOUNTRY;ävedska;SWE;osebni avtomobil;195;karavan;XC70 
120;1535;8.48;0;MITSUBISHI;GK111-ABBACCB5CAAA;ECLIPSE CROSS / 1.5 / CVT / 2WD;Japonska ;JPN;osebni avtomobil;200;karavan;ECLIPSE CROSS 
120;2016;8.5;1;AUDI;4FABSGQ1-QA6LA0R4F907GGS;A6 / AVANT 2.7 / TDI Q AUT.;Nemcija;DEU;osebni avtomobil;214;karavan;A6 
120;1890;8.5;1;AUDI;ABSGQ1-QA6LA0R4F607GGS;A6 / AVANT 2.7 / TDI Q AUT.;Nemcija;DEU;osebni avtomobil;214;karavan;A6 
120;1665;8.5;1;AUDI;ABPWQ1-QM6XH0R8E507GG;A4 / AVANT 2.5 / TDI AUT.;Nemcija;DEU;osebni avtomobil;201;karavan;A4 
120;1820;8.5;1;BMW;5DDP81-02;530 / TOURING / D;Nemcija;DEU;osebni avtomobil;227;karavan;530
120;1760;8.5;1;BMW;NJ-51;525 / D;Nemcija;DEU;osebni avtomobil;225;karavan;525
120;1705;8.5;1;BMW;DP-91;525 / D / TOURING;Nemcija;DEU;osebni avtomobil;215;karavan;525
120;2520;8.5;1;MERCEDES BENZ;LMMD1350N-LEB2G7A3;SPRINTER 316 / CDI;Nemcija;DEU;osebni avtomobil;162;vecnamensko vozilo;SPRINTER 316 
120;1540;8.5;0;MERCEDES BENZ;209T342K0-LBAAA401;CLK / 200 / K;Nemcija;DEU;osebni avtomobil;230;kupe;CLK 
120;1936;8.5;1;OPEL;BG11-1A15ADBEHA5;ANTARA / 2.2 / DT 16V AUT.;Nemcija;DEU;osebni avtomobil;182;karavan;ANTARA 
120;1846;8.5;1;VOLVO;SZ79-37;XC70 / 2.4 / TD5 AWD AUT.;ävedska;SWE;osebni avtomobil;195;karavan;XC70 
120;1814;8.5;1;VOLVO;SZ79-97;XC70 / 2.4 / TD5 AWD AUT.;ävedska;SWE;osebni avtomobil;195;karavan;XC70 
120;1771;8.5;1;VOLVO;SZ7937;XC70 / 2.4 / TD5 AWD AUT.;ävedska;SWE;osebni avtomobil;195;karavan;XC70 
120;1739;8.5;1;VOLVO;SZ7997;XC70 / 2.4 / TD5 AWD AUT.;ävedska;SWE;osebni avtomobil;195;karavan;XC70 
120;1716;8.5;1;VOLVO;SW7967;V 70 / 2.4;ävedska;SWE;osebni avtomobil;200;karavan;V 70 
120;1950;8.6;1;AUDI;HBSGQ1-QA6L00R4FH00GG;A6 / ALLROAD QUATTRO 2.7 / TDI AUT.;Nemcija;DEU;osebni avtomobil;203;karavan;A6 
120;1689;8.6;0;AUDI;KBFBF1-FM52EMR8H60P;A4 / CABRIOLET 1.8 / T;Nemcija;DEU;osebni avtomobil;226;kabriolet;A4 
120;1611;8.6;0;AUDI;8H KBFBF1-FM52EMR8H60P;A 4 / CABRIOLET 1.8;Nemcija;DEU;osebni avtomobil;226;kabriolet;A 4 
120;2043;8.6;1;HYUNDAI;HP-X2;TERRACAN / 2.9 / CRDI;Koreja. republika;KOR;osebni avtomobil;136;vecnamensko vozilo;TERRACAN 
120;2196;8.6;1;KIA;JCW431-55765;SORENTO / 2.5 / CRDI AUT.;Koreja. republika;KOR;osebni avtomobil;182;vecnamensko vozilo;SORENTO 
120;1465;8.6;0;MERCEDES BENZ;203CLR842K0-LBAAA401;C / COUPE 200 / KOMP.;Nemcija;DEU;osebni avtomobil;234;kupe;C 
120;1595;8.65;0;MITSUBISHI;GK121-ACBACCB5CAAA;ECLIPSE CROSS / 1.5 / CVT / 4WD;Japonska ;JPN;osebni avtomobil;200;karavan;ECLIPSE CROSS 
120;1595;8.66;0;MITSUBISHI;GK121-ACBACCB5CAAA;ECLIPSE CROSS / 1.5 / CVT / 4WD;Japonska ;JPN;osebni avtomobil;200;karavan;ECLIPSE CROSS 
120;1837;8.7;1;AUDI;4B HBCZQ1-QM6EAKR70R;ALLROAD / 2.5;Nemcija;DEU;osebni avtomobil;203;karavan;ALLROAD 
120;2172;8.7;1;HYUNDAI;Y2-L;TERRACAN / 2.9 / CRDi 4WD;Koreja. republika;KOR;osebni avtomobil;168;vecnamensko vozilo;TERRACAN 
120;2172;8.7;1;HYUNDAI;Y2-L;TERRACAN / 2.9;Koreja. republika;KOR;osebni avtomobil;168;limuzina;TERRACAN 
120;1605;8.7;0;MERCEDES BENZ;211;E / 200 / KOMP. AUT.;Nemcija;DEU;osebni avtomobil;227;limuzina;E 
120;1540;8.7;0;MERCEDES BENZ;T342K0-LIAAA401;CLK / 200 / KOMP.;Nemcija;DEU;osebni avtomobil;230;kupe;CLK 
120;1390;8.7;0;MERCEDES BENZ;171W442K0TLAAA200;SLK / 200 / KOMP.;Nemcija;DEU;osebni avtomobil;230;kabriolet;SLK 
120;2175;8.8;1;CHRYSLER;C5DF9-A7MD3A;GRAND VOYAGER / 2.8 / TD AUT.;Zdruûene drûave;USA;osebni avtomobil;185;vecnamensko vozilo;GRAND VOYAGER 
120;2383;8.8;1;MERCEDES BENZ;LAA33305N-3A2G2V28;VIANO / 2.2 / CDI AUT. 4x4 BlueEFFICIENCY;Nemcija;DEU;osebni avtomobil;174;vecnamensko vozilo;VIANO 
120;2306;8.8;1;MERCEDES BENZ;KAA33305N-2A2C2U29;VITO / 116 / CDI AUT. 4x4 BlueEFFICIENCY;Nemcija;DEU;osebni avtomobil;174;vecnamensko vozilo;VITO 
120;1415;8.8;0;MERCEDES BENZ;W442K0-TLAAA200;SLK / 200 / KOMP. AUT.;Nemcija;DEU;osebni avtomobil;226;kabriolet;SLK 
120;1550;8.8;1;VOLVO;RS79-9900;S60 / 2.4 / D5;ävedska;SWE;osebni avtomobil;210;limuzina;S60 
120;1615;8.9;0;AUDI;8H;A4 / CABRIOLET / 1.8;Nemcija;DEU;osebni avtomobil;226;kabriolet;A4 
120;1976;8.9;1;MERCEDES BENZ;KAA33305N-2A2C2U29;VITO / 116 / CDI AUT. 4x4 BlueEFFICIENCY;Nemcija;DEU;osebni avtomobil;174;karavan;VITO 
120;1605;8.9;0;MERCEDES BENZ;U042K0-TLAAA512;E / 200 / KOMP. AUT.;Nemcija;DEU;osebni avtomobil;227;limuzina;E 
120;1570;8.9;0;MERCEDES BENZ;T342K0-TBAAA402;CLK / 200 / KOMP. AUT.;Nemcija;DEU;osebni avtomobil;228;kupe;CLK 
120;1555;8.9;0;MERCEDES BENZ;203 K;C / 200 T / KOMP.AUT.;Nemcija;DEU;osebni avtomobil;225;karavan;C 
120;1530;8.9;0;MERCEDES BENZ;211;E / 200 / KOMPRESSOR;Nemcija;DEU;osebni avtomobil;227;limuzina;E 
120;2162;9.1;1;HYUNDAI;Y2-M;HYUNDAI / TERRACAN / 2.9 / CRDi 4WD AUT.;Koreja. republika;KOR;osebni avtomobil;172;vecnamensko vozilo;HYUNDAI 
120;2162;9.1;1;HYUNDAI;Y2-M;TERRACAN / 2.9 / CRDi 4WD AUT.;Koreja. republika;KOR;osebni avtomobil;172;vecnamensko vozilo;TERRACAN 
120;2240;9.1;1;MERCEDES BENZ;163.113-A716F1VCBCAA00;ML / 270 / CDI AUT.;Nemcija;DEU;osebni avtomobil;183;karavan;ML 
120;2200;9.1;1;MERCEDES BENZ;163;ML / 270 / CDI;Nemcija;DEU;osebni avtomobil;183;karavan;ML 
120;2200;9.1;1;MERCEDES BENZ;163;ML / 270 / CDI;Nemcija;DEU;osebni avtomobil;183;limuzina;ML 
120;2125;9.1;1;MERCEDES BENZ;163-113;ML / 270 / CDI;Nemcija;DEU;osebni avtomobil;183;vecnamensko vozilo;ML 
120;1390;9.1;0;MERCEDES BENZ;W442K0-LLAAA211;SLK / 200 / KOMP.;Nemcija;DEU;osebni avtomobil;230;kabriolet;SLK 
120;2185;9.1;1;VOLVO;CZ79-9700;XC90 / 2.4 / TD5 AWD AUT.;ävedska;SWE;osebni avtomobil;190;vecnamensko vozilo;XC90 
120;2185;9.1;1;VOLVO;CZ79-9700;XC90 / 2.4 / TD5 AWD AUT.;ävedska;SWE;osebni avtomobil;185;vecnamensko vozilo;XC90 
120;2185;9.1;1;VOLVO;CZ7997;XC90 / 2.4 / TD5 AWD AUT.;ävedska;SWE;osebni avtomobil;185;limuzina;XC90 
120;2171;9.1;1;VOLVO;CZ7994;XC90 / 2.4 / TD5 AWD AUT.;ävedska;SWE;osebni avtomobil;185;vecnamensko vozilo;XC90 
120;2144;9.1;1;VOLVO;CZ7967;VOLVO / XC90 / 2.4 / TD5 AWD AUT.;ävedska;SWE;osebni avtomobil;185;karavan;VOLVO 
120;2110;9.1;1;VOLVO;CZ7997;XC 90 / 2.4;ävedska;SWE;osebni avtomobil;185;limuzina;XC 90 
120;2110;9.1;1;VOLVO;CZ79-97;VOLVO / XC90 / 2.4 / TD5 / AWD AUT.;ävedska;SWE;osebni avtomobil;185;limuzina;VOLVO 
120;2078;9.1;1;VOLVO;CM7967;XC90 / 2.4 / TD5 AWD AUT.;ävedska;SWE;osebni avtomobil;185;karavan;XC90 
120;2078;9.1;1;VOLVO;CM7967;XC90 / 2.4 / TD5 AWD AUT.;ävedska;SWE;osebni avtomobil;185;vecnamensko vozilo;XC90 
120;2049;9.1;1;VOLVO;CZ-79;XC 90 / 2.4;ävedska;SWE;osebni avtomobil;185;vecnamensko vozilo;XC 90 
120;2044;9.1;1;VOLVO;CM7997-A0;VOLVO/XC90/2.4/TD5 AWD AUT.;ävedska;SWE;osebni avtomobil;185;karavan;VOLVO
120;1603;9.2;0;AUDI;LBFBQ1-QM6XC0R8E600GGO;A4 / 1.8 / T Q;Nemcija;DEU;osebni avtomobil;226;limuzina;A4 
120;1595;9.2;0;AUDI;ABFBQ1-QM6XC0R8E600GG;A4 / AVANT 1.8 / T Q;Nemcija;DEU;osebni avtomobil;223;karavan;A4 
120;2175;9.2;1;MERCEDES BENZ;A716F1-KCBCAA00;ML / 270 / CDI;Nemcija;DEU;osebni avtomobil;185;karavan;ML 
120;2175;9.2;1;MERCEDES BENZ;163A716F1-KCBCAA0;ML / 270 / CDI;Nemcija;DEU;osebni avtomobil;183;karavan;ML 
120;1690;9.2;0;MERCEDES BENZ;T442F0-TBAAA402;CLK CABRIO / 200 / KOMP. AUT.;Nemcija;DEU;osebni avtomobil;223;kabriolet;CLK CABRIO 
120;1415;9.2;0;MERCEDES BENZ;171;SLK / 200 / KOMPRESOR;Nemcija;DEU;osebni avtomobil;226;kabriolet;SLK 
120;1415;9.2;0;MERCEDES BENZ;171W442K0TLAAA211;SLK / 200 / KOMP.;Nemcija;DEU;osebni avtomobil;225;kabriolet;SLK 
120;1600;9.2;0;PEUGEOT;6J3FYH;407 / COUPE 2.2 / i 16V;Francija;FRA;osebni avtomobil;222;kupe;407
120;1716;9.2;0;RENAULT;DE0V06;AVANTIME / 2.0 /;Francija;FRA;osebni avtomobil;202;vecnamensko vozilo;AVANTIME 
120;2035;9.2;1;TOYOTA;J12-KDJ120L;LANDCRUISER / 3.0 / D-4D;Japonska ;JPN;osebni avtomobil;175;vecnamensko vozilo;LANDCRUISER 
120;1660;9.3;0;AUDI;ABFBQ1-QM5ABDR8E60P;A4 / AVANT 1.8 / T Q;Nemcija;DEU;osebni avtomobil;223;karavan;A4 
120;2175;9.3;1;CHRYSLER;RTC5DF9-97MD3A;GRAND VOYAGER / 2.8 / TD AUT.;Zdruûene drûave;USA;osebni avtomobil;185;vecnamensko vozilo;GRAND VOYAGER 
120;2065;9.3;1;JEEP;KJLC85-60;CHEROKEE / 2.8 / TD;Zdruûene drûave;USA;osebni avtomobil;174;vecnamensko vozilo;CHEROKEE 
120;2030;9.3;1;JEEP;KJLC85-71;CHEROKEE / 2.8 / TD;Zdruûene drûave;USA;osebni avtomobil;174;vecnamensko vozilo;CHEROKEE 
120;1990;9.3;1;JEEP;LC85 50;CHEROOKE / 2.8 / CRD;Zdruûene drûave;USA;osebni avtomobil;155;vecnamensko vozilo;CHEROOKE 
120;1595;9.4;0;BMW;346RBS11;320 / CABRIO / I;Nemcija;DEU;osebni avtomobil;222;kabriolet;320
120;2215;9.4;1;MERCEDES BENZ;163.113-A716F1KCBCAAO;ML / 270 / CDI;Nemcija;DEU;osebni avtomobil;185;karavan;ML 
120;2175;9.4;1;MERCEDES BENZ;163;ML / 270 / CDI;Nemcija;DEU;osebni avtomobil;185;limuzina;ML 
120;2115;9.4;1;MERCEDES BENZ;163.113;ML / 270 / CDI;Nemcija;DEU;osebni avtomobil;185;karavan;ML 
120;2040;9.4;1;MERCEDES BENZ;163 A716A1KCABA50;ML / 270 / CDI;Nemcija;DEU;osebni avtomobil;183;karavan;ML 
120;1540;9.4;0;MERCEDES BENZ;209-L345;CLK / 200;Nemcija;DEU;osebni avtomobil;208;kabriolet;CLK 
120;1705;9.4;0;RENAULT;JK-0BAB;ESPACE / 2.0 / I;Francija;FRA;osebni avtomobil;185;vecnamensko vozilo;ESPACE 
120;2000;9.4;1;TOYOTA;KDJ125L-GJMEYW(5B);LAND CRUISER 120 / 3.0 / D-4D;Japonska ;JPN;osebni avtomobil;165;vecnamensko vozilo;LAND CRUISER 120 
120;2335;9.5;1;MERCEDES BENZ;163.113-A716F1VCABAA0;ML / 270 / CDI AUT.;Nemcija;DEU;osebni avtomobil;183;karavan;ML 
120;2200;9.5;1;MERCEDES BENZ;163.113;ML / 270 / CDI AUT.;Nemcija;DEU;osebni avtomobil;185;limuzina;ML 
120;2200;9.5;1;MERCEDES BENZ;163.113-A716F1VCBCAA1;ML / 270 / CDI AUT.;Nemcija;DEU;osebni avtomobil;183;karavan;ML 
120;2140;9.5;1;MERCEDES BENZ;163;ML / 270 / CDI;Nemcija;DEU;osebni avtomobil;183;karavan;ML 
120;2140;9.5;1;MERCEDES BENZ;163;ML / 270 / CDI;Nemcija;DEU;osebni avtomobil;183;limuzina;ML 
120;2115;9.5;1;MERCEDES BENZ;A716F1-VCBCAA0;ML / 270 / CDI;Nemcija;DEU;osebni avtomobil;183;karavan;ML 
120;1520;9.5;0;MERCEDES BENZ;203-R0044G0-TBAAA50;E / 200 / KOMPRESSOR;Nemcija;DEU;osebni avtomobil;227;limuzina;E 
120;1520;9.5;0;MERCEDES BENZ;203R044G0-TBAAA50;C / 200 / KOMP.;Nemcija;DEU;osebni avtomobil;227;limuzina;C 
120;1490;9.5;0;MERCEDES BENZ;R044F0-LAAAA50;C / 200 / KOMP.;Nemcija;DEU;osebni avtomobil;230;limuzina;C 
120;1365;9.5;0;MERCEDES BENZ;170.444;SLK / 200 / KOMP.;Nemcija;DEU;osebni avtomobil;223;kabriolet;SLK 
120;2100;9.5;1;TOYOTA;KDJ120L-GKMEYW(9B);LAND CRUISER 120 / 3.0 / D;Japonska ;JPN;osebni avtomobil;175;karavan;LAND CRUISER 120 
120;2025;9.5;1;TOYOTA;KDJ120L-GKMEYW(9B);LAND CRUISER 120 / 3.0 / D;Japonska ;JPN;osebni avtomobil;165;karavan;LAND CRUISER 120 
120;2015;9.5;1;TOYOTA;KDJ95L-GKMNYW(2E);LAND CRUISER 95 / 3.0 / D-4D;Japonska ;JPN;osebni avtomobil;170;karavan;LAND CRUISER 95 
120;2015;9.5;1;TOYOTA;KDJ95L-GKMNYW(2F);LAND CRUISER 95 / 3.0 / D-4D;Japonska ;JPN;osebni avtomobil;165;karavan;LAND CRUISER 95 
120;1980;9.5;1;TOYOTA;KDJ120L-GKMEYW(4B);LAND CRUISER / 3.0;Japonska ;JPN;osebni avtomobil;170;limuzina;LAND CRUISER 
120;1940;9.5;1;TOYOTA;KDJ120L-GKMEYW(9B);LAND CRUISER / 3.0;Japonska ;JPN;osebni avtomobil;170;limuzina;LAND CRUISER 
120;1825;9.5;1;TOYOTA;KDJ90L-GJMNYW(2E);LAND CRUISER / 3.0 / TD;Japonska ;JPN;osebni avtomobil;170;vecnamensko vozilo;LAND CRUISER 
120;1825;9.5;1;TOYOTA;KDJ90L-GJMNYW;LAND CRUISER 90 / 3.0 / TD;Japonska ;JPN;osebni avtomobil;165;karavan;LAND CRUISER 90 
120;1415;9.6;0;MERCEDES BENZ;208.344-L344F0LDAAA40;CLK / 200 / KOMP.;Nemcija;DEU;osebni avtomobil;218;kupe;CLK 
120;1385;9.6;0;MERCEDES BENZ;170;SLK / 200 / KOMPRESOR;Nemcija;DEU;osebni avtomobil;220;kabriolet;SLK 
120;1646;9.6;0;PEUGEOT;6E3FY-F;407 / BREAK 2.2 / I 16V AUT.;Francija;FRA;osebni avtomobil;207;karavan;407
120;2506;9.7;1;JEEP;WG2E8A-40;GRAND CHEROKEE / 2.7;Zdruûene drûave;USA;osebni avtomobil;190;limuzina;GRAND CHEROKEE 
120;2095;9.7;1;JEEP;WG2E8A-30;GRAND CHEROKEE / 2.7 / TD AUT.;Zdruûene drûave;USA;osebni avtomobil;190;limuzina;GRAND CHEROKEE 
120;2095;9.7;1;JEEP;WG2E8A-30;GRAND CHEROKEE / 2.7 / TD AUT.;Zdruûene drûave;USA;osebni avtomobil;190;vecnamensko vozilo;GRAND CHEROKEE 
120;2055;9.7;1;JEEP;WG2E8A-40;GRAND CHEROKEE / 2.7 / TD AUT.;Zdruûene drûave;USA;osebni avtomobil;190;vecnamensko vozilo;GRAND CHEROKEE 
120;2055;9.7;1;JEEP;WG;GRAND  CHEROKEE / 2.7 / TD AUT;Zdruûene drûave;USA;osebni avtomobil;190;vecnamensko vozilo;GRAND  CHEROKEE 
120;2020;9.7;1;JEEP;2E8A40;GRAND / CHEROKEE / 2.7 / CRD;Zdruûene drûave;USA;osebni avtomobil;190;vecnamensko vozilo;GRAND 
120;2020;9.7;1;JEEP;WG 2E8A 40;GRAND CHEROKEE / 2.7 / TD AUT.;Zdruûene drûave;USA;osebni avtomobil;190;limuzina;GRAND CHEROKEE 
120;2020;9.7;1;JEEP;2E8A;GRAND / CHEROKEE / 2.7 / CRD;Zdruûene drûave;USA;osebni avtomobil;182;vecnamensko vozilo;GRAND 
120;1490;9.7;0;MERCEDES BENZ;203R044F0-LAAAA50;C / 200;Nemcija;DEU;osebni avtomobil;230;limuzina;C 
120;1830;9.7;0;RENAULT;JK0DA6;ESPACE / 2.0 / 16V T;Francija;FRA;osebni avtomobil;205;vecnamensko vozilo;ESPACE 
120;1810;9.7;0;RENAULT;JK0BB6;ESPACE / 2.0 / 16V T;Francija;FRA;osebni avtomobil;205;vecnamensko vozilo;ESPACE 
120;1681;9.7;0;VOLVO;NC48K2;C70 / CABRIO 2.0 / T;ävedska;SWE;osebni avtomobil;210;kabriolet;C70 
120;1495;9.8;0;BMW;DT-11;520 / I;Nemcija;DEU;osebni avtomobil;230;limuzina;520
120;2429;9.8;1;VOLKSWAGEN;ACBLKX11-AM6AM68D01716N1BEV0GE;TOUAREG / 2.5 / TDI;Nemcija;DEU;osebni avtomobil;180;karavan;TOUAREG 
120;2392;9.8;1;VOLKSWAGEN;7L - SEBLKX11;TOUAREG / 2.5 / TDI;Nemcija;DEU;osebni avtomobil;180;limuzina;TOUAREG 
120;1534;9.8;0;VOLVO;N;C / 70 / 2.0;ävedska;SWE;osebni avtomobil;220;kupe;C 
120;2140;9.9;1;JEEP;KJLE85-50;CHEROKEE / 2.8 / TD AUT.;Zdruûene drûave;USA;osebni avtomobil;174;vecnamensko vozilo;CHEROKEE 
120;2085;9.9;1;JEEP;KJLE85-60;CHEROKEE / 2.8 / TD AUT.;Zdruûene drûave;USA;osebni avtomobil;174;vecnamensko vozilo;CHEROKEE 
121;1422;10.1;0;AUDI;B5-AGA;A4 / 2.4 /;Nemcija;DEU;osebni avtomobil;226;limuzina;A4 
121;2710;10.2;1;CITROEN;YBCNPB/MS9;JUMPER / KOMBI 33 2.2 / HDI L2H2;Francija;FRA;osebni avtomobil;160;vozilo za posebne namene;JUMPER 
121;2015;10.5;1;MITSUBISHI;V60;PAJERO / 3.2 / DID;Japonska ;JPN;osebni avtomobil;170;limuzina;PAJERO 
121;2015;10.7;1;MITSUBISHI;V6321;PAJERO / 3.2 /  DID AUT;Japonska ;JPN;osebni avtomobil;170;limuzina;PAJERO 
121;1870;10.7;1;MITSUBISHI;V6/V6321/SFFBA135;PAJERO / 3.2 / DI-D;Japonska ;JPN;osebni avtomobil;170;limuzina;PAJERO 
121;1843;4.7;1;OPEL;EAHCC12-BA2R5FPFA7;ZAFIRA / 2.0 / DTI 16V;Nemcija;DEU;osebni avtomobil;208;vecnamensko vozilo;ZAFIRA 
121;1816;4.7;1;OPEL;EAHCC12-BA2R2FPFA5;ZAFIRA / 2.0 / DTI 16V;Nemcija;DEU;osebni avtomobil;209;karavan;ZAFIRA 
121;1788;4.7;1;OPEL;EAHCC12-BA2P3FPFA5;ZAFIRA / 2.0 / DTI 16V;Nemcija;DEU;osebni avtomobil;209;karavan;ZAFIRA 
121;1788;4.7;1;OPEL;EAHCC12-BA2P3FPFA5;ZAFIRA / 2.0 / DTI 16V;Nemcija;DEU;osebni avtomobil;208;karavan;ZAFIRA 
121;1701;4.7;1;OPEL;DAHCC12-BA1N1FPFA5;ASTRA / CAR. 2.0 / DTI 16V;Nemcija;DEU;osebni avtomobil;212;karavan;ASTRA 
121;1664;4.8;1;OPEL;DAHCC12-BA1M3FPFB5;ASTRA / CAR. 2.0 / DTI 16V;Nemcija;DEU;osebni avtomobil;212;karavan;ASTRA 
121;1613;4.8;1;OPEL;BAHCC11-BA3L2FPHA5;ASTRA GTC / 2.0 / DTI 16V;Nemcija;DEU;osebni avtomobil;210;vozilo z dviûnimi vrati zadaj;ASTRA GTC 
121;1571;4.8;1;OPEL;BAHCC11-BA3K2FPHA5;ASTRA GTC / 2.0 / DTI 16V;Nemcija;DEU;osebni avtomobil;210;vozilo z dviûnimi vrati zadaj;ASTRA GTC 
121;1571;4.8;1;OPEL;BAHCC11-BA3K2FPHA5;ASTRA / GTC 2.0 / DTI 16V;Nemcija;DEU;osebni avtomobil;210;vozilo z dviûnimi vrati zadaj;ASTRA 
121;1664;4.9;1;OPEL;DAHCA12-BA1M3FPFA5;ASTRA / CAR. 2.0 / DTI 16V;Nemcija;DEU;osebni avtomobil;212;karavan;ASTRA 
121;1613;4.9;1;OPEL;DAHCA12-BA1L2FPFA5;ASTRA / CAR. 2.0 / DTI 16V;Nemcija;DEU;osebni avtomobil;212;karavan;ASTRA 
121;1613;4.9;1;OPEL;BAHCC11-BA3L2FPHB5;ASTRA GTC / 2.0 / DTI 16V;Nemcija;DEU;osebni avtomobil;210;vozilo z dviûnimi vrati zadaj;ASTRA GTC 
121;1435;5.1;1;FIAT;198AXT1B16;BRAVO / 2.0 / JTD;Italija;ITA;osebni avtomobil;215;vecnamensko vozilo;BRAVO 
121;1430;5.1;1;LANCIA;844AXM1A11;DELTA / 2.0 / JTD;Italija;ITA;osebni avtomobil;214;vecnamensko vozilo;DELTA 
121;1613;5.1;1;OPEL;DAHCA11-BA1L2FPFA5;ASTRA / CAR. 2.0 / DTI 16V;Nemcija;DEU;osebni avtomobil;212;karavan;ASTRA 
121;1843;5.2;1;OPEL;HAHCC12-BA3R5FPHA4;CASCADA / CABRIO 2.0 / DTI 16V;Nemcija;DEU;osebni avtomobil;218;kabriolet;CASCADA 
121;1843;5.2;1;OPEL;EAHCC11-BA2R5FPHA5;ZAFIRA / 2.0 / DTI 16V;Nemcija;DEU;osebni avtomobil;208;karavan;ZAFIRA 
121;1843;5.2;1;OPEL;EAHCC11-BA2R5FPHA7;ZAFIRA / 2.0 / DTI 16V;Nemcija;DEU;osebni avtomobil;208;vecnamensko vozilo;ZAFIRA 
121;1816;5.2;1;OPEL;EAHCC11-BA2R2FPHA5;ZAFIRA / 2.0 / DTI 16V;Nemcija;DEU;osebni avtomobil;208;karavan;ZAFIRA 
121;1788;5.2;1;OPEL;EAHCC11-BA2P3FPHA5;ZAFIRA / 2.0 / DTI 16V;Nemcija;DEU;osebni avtomobil;208;karavan;ZAFIRA 
121;1435;5.3;1;FIAT;198AXN1B12C;BRAVO / 2.0 / JTD;Italija;ITA;osebni avtomobil;215;vecnamensko vozilo;BRAVO 
121;1505;5.3;1;LANCIA;844AXD1A03;DELTA / 2.0 / JTD;Italija;ITA;osebni avtomobil;214;vecnamensko vozilo;DELTA 
121;1505;5.3;1;LANCIA;844AXD1A03;DELTA / 2.0 / JTD;Italija;ITA;osebni avtomobil;212;vecnamensko vozilo;DELTA 
121;1816;5.3;1;OPEL;EAHCA12-BA2R2FPHA7;ZAFIRA / 2.0 / DTI 16V;Nemcija;DEU;osebni avtomobil;208;vecnamensko vozilo;ZAFIRA 
121;1816;5.3;1;OPEL;ECHCA12-BA2R2FPHA5;ZAFIRA / 2.0 / DTI 16V;Nemcija;DEU;osebni avtomobil;208;karavan;ZAFIRA 
121;1340;5.8;0;MAZDA;64762WX;MAZDA 3 / SP / G165;Japonska ;JPN;osebni avtomobil;210;vozilo z dviûnimi vrati zadaj;MAZDA 3 
121;1295;5.8;0;MAZDA;54762W0;MAZDA 3 / SP / G165;Japonska ;JPN;osebni avtomobil;210;vozilo z dviûnimi vrati zadaj;MAZDA 3 
121;1843;5.8;1;OPEL;ECHCA12-BA2R5BGDA7;ZAFIRA / 2.0 / DTI 16V AUT.;Nemcija;DEU;osebni avtomobil;205;vecnamensko vozilo;ZAFIRA 
121;1733;5.8;1;OPEL;EAHCA12-BA2P3BGDA5;ZAFIRA / 2.0 / DTI 16V AUT.;Nemcija;DEU;osebni avtomobil;205;karavan;ZAFIRA 
121;1733;5.8;1;OPEL;EAHCA12-BA2R5BGDA7;ZAFIRA / 2.0 / DTI 16V AUT.;Nemcija;DEU;osebni avtomobil;205;vecnamensko vozilo;ZAFIRA 
121;1664;5.8;1;OPEL;DAHCA12-BA1M3BGDA5;ASTRA / CAR. 2.0 / DTI 16V AUT.;Nemcija;DEU;osebni avtomobil;207;karavan;ASTRA 
121;1664;5.8;1;OPEL;BN11-1A08B9BKPPD6;ASTRA / CAR. 2.0 / DTI 16V AUT.;Nemcija;DEU;osebni avtomobil;207;vecnamensko vozilo;ASTRA 
121;1457;5.9;0;MAZDA;GJ52762;MAZDA 6 / 2.0 / i HP;Japonska ;JPN;osebni avtomobil;216;limuzina;MAZDA 6 
121;1435;5.9;0;MAZDA;69767W0;MAZDA 6 / KARAVAN / G165;Japonska ;JPN;osebni avtomobil;214;karavan;MAZDA 6 
121;1420;5.9;0;MAZDA;62767W0;MAZDA 6 / G165 /;Japonska ;JPN;osebni avtomobil;216;limuzina;MAZDA 6 
121;1540;6.1;0;MAZDA;6278BW00;MAZDA 6 / G165 / AT;Japonska ;JPN;osebni avtomobil;209;limuzina;MAZDA 6 
121;1487;6.1;0;OPEL;DA0EBAB12-BA1K5XJDMK5;INSIGNIA SPORTS TOURER / 1.5 / TURBO;Nemcija;DEU;osebni avtomobil;218;karavan;INSIGNIA SPORTS TOURER 
121;1472;6.1;0;OPEL;CA0EBAB12-BA1J3XADLK5;INSIGNIA GRAND SPORT / 1.5 / TURBO AUT.;Nemcija;DEU;osebni avtomobil;218;vozilo z dviûnimi vrati zadaj;INSIGNIA GRAND SPORT 
121;1561;6.1;0;PEUGEOT;M45GZW-S1B000;5008 / 1.6 / AUT.;Francija;FRA;osebni avtomobil;206;vecnamensko vozilo;5008
121;1562;6.2;0;MAZDA;6978BW00;MAZDA 6 / KARAVAN / G165 / AT;Japonska ;JPN;osebni avtomobil;205;karavan;MAZDA 6 
121;1816;6.2;1;OPEL;ECHCC11-BA2R2FPHA7;ZAFIRA / 2.0 / DTI 16V;Nemcija;DEU;osebni avtomobil;208;vecnamensko vozilo;ZAFIRA 
121;1480;6.2;0;OPEL;CF074CB12-BD1ZAJJDM15;INSIGNIA GRAND SPORT / 1.5 / TURBO;Nemcija;DEU;osebni avtomobil;222;vozilo z dviûnimi vrati zadaj;INSIGNIA GRAND SPORT 
121;1528;6.3;0;MAZDA;6978AW00;MAZDA 6 / KARAVAN / G165 / AT;Japonska ;JPN;osebni avtomobil;205;karavan;MAZDA 6 
121;1522;6.3;0;OPEL;DA074CB12-BA1ZAKADL25;INSIGNIA SPORTS TOURER / 1.5 / TURBO AUT.;Nemcija;DEU;osebni avtomobil;214;karavan;INSIGNIA SPORTS TOURER 
121;1505;6.3;0;OPEL;DK074CB12-BD1ZAJJDM25;INSIGNIA SPORTS TOURER / 1.5 / TURBO;Nemcija;DEU;osebni avtomobil;218;karavan;INSIGNIA SPORTS TOURER 
121;1531;6.4;0;MAZDA;6W76EW0;CX-5 / G165 /;Japonska ;JPN;osebni avtomobil;201;karavan;CX-5 
121;1518;6.4;0;MAZDA;6W76AW0;CX-5 / G165 /;Japonska ;JPN;osebni avtomobil;201;karavan;CX-5 
121;1435;6.4;0;MAZDA;6W760W0;CX-5 / G165 /;Japonska ;JPN;osebni avtomobil;201;karavan;CX-5 
121;1531;6.5;0;MAZDA;6976BW00;MAZDA 6 / KARAVAN / G165;Japonska ;JPN;osebni avtomobil;214;karavan;MAZDA 6 
121;1441;6.5;0;OPEL;CA074CB12-BA1ZAJJDM15;INSIGNIA GRAND SPORT / 1.5 / TURBO;Nemcija;DEU;osebni avtomobil;222;vozilo z dviûnimi vrati zadaj;INSIGNIA GRAND SPORT 
121;1441;6.6;0;OPEL;CA074CB12-BA1ZAJJDM25;INSIGNIA GRAND SPORT / 1.5 / TURBO;Nemcija;DEU;osebni avtomobil;222;vozilo z dviûnimi vrati zadaj;INSIGNIA GRAND SPORT 
121;1500;6.7;0;MAZDA;6WE6EW0A;CX-5 / G165 /;Japonska ;JPN;osebni avtomobil;201;karavan;CX-5 
121;1490;6.7;0;MAZDA;6276BW00;MAZDA 6 / G165 /;Japonska ;JPN;osebni avtomobil;216;limuzina;MAZDA 6 
121;1441;6.7;0;OPEL;CA074CB12-BA1ZAJJDM15;INSIGNIA GRAND SPORT / 1.5 / TURBO;Nemcija;DEU;osebni avtomobil;222;vozilo z dviûnimi vrati zadaj;INSIGNIA GRAND SPORT 
121;1486;6.8;0;MAZDA;6WE6AW0A;CX-5 / G165 /;Japonska ;JPN;osebni avtomobil;201;karavan;CX-5 
121;1512;6.9;0;MAZDA;6976AW0A;MAZDA 6 / KARAVAN / G165;Japonska ;JPN;osebni avtomobil;214;karavan;MAZDA 6 
121;1487;6.9;0;OPEL;DA074CB12-BA1ZAJJDM15;INSIGNIA SPORTS TOURER / 1.5 / TURBO;Nemcija;DEU;osebni avtomobil;218;karavan;INSIGNIA SPORTS TOURER 
121;1590;7.2;0;MAZDA;GW76AW0;CX-5 / G165 / AWD;Japonska ;JPN;osebni avtomobil;198;karavan;CX-5 
121;1522;7.2;0;OPEL;DA074CB12-BA1ZAKADL15;INSIGNIA SPORTS TOURER / 1.5 / TURBO AUT.;Nemcija;DEU;osebni avtomobil;214;karavan;INSIGNIA SPORTS TOURER 
121;1522;7.3;0;OPEL;DA074CB12-BA1ZAKADL25;INSIGNIA SPORTS TOURER / 1.5 / TURBO AUT.;Nemcija;DEU;osebni avtomobil;214;karavan;INSIGNIA SPORTS TOURER 
121;1592;7.4;0;HYUNDAI;C5P61-A63AZ1;i40 / 2.0 / GDI AUT.;Koreja. republika;KOR;osebni avtomobil;205;karavan;i40 
121;1606;7.6;0;MAZDA;GWE6EW0A;CX-5 / G165 / AWD;Japonska ;JPN;osebni avtomobil;198;karavan;CX-5 
121;1590;8.2;0;MAZDA;GW76AW0;CX-5 / G165 / AWD;Japonska ;JPN;osebni avtomobil;198;karavan;CX-5 
121;1811;8.3;0;FORD;WA6-UNCP1KX-7EGBZNAETFG;GALAXY 1.5 / EB 121.4 M6;Nemcija;DEU;osebni avtomobil;200;karavan;GALAXY 1.5 
121;1500;8.3;0;SUBARU;BP9-0B0;LEGACY / WAGON 2.5 / AWD;Japonska ;JPN;osebni avtomobil;206;karavan;LEGACY 
121;1465;8.3;0;SUBARU;BP9-0B0;LEGACY / WAGON 2.5;Japonska ;JPN;osebni avtomobil;206;karavan;LEGACY 
121;1515;8.5;0;SUBARU;BP9-5D0;LEGACY / OUTBACK 2.5;Japonska ;JPN;osebni avtomobil;197;karavan;LEGACY 
121;1505;8.5;0;SUBARU;BP9-0D0;LEGACY / OUTBACK 2.5 / AWD;Japonska ;JPN;osebni avtomobil;198;karavan;LEGACY 
121;1430;8.5;0;SUBARU;BP9-0D0;LEGACY / OUTBACK 2.5;Japonska ;JPN;osebni avtomobil;198;karavan;LEGACY 
121;1520;8.9;0;SUBARU;BL/BP-BP9-0D0;LEGACY / OUTBACK 2.5 / AWD;Japonska ;JPN;osebni avtomobil;198;karavan;LEGACY 
121;1505;8.9;0;SUBARU;BP9-0D0;LEGACY / OUTBACK 2.5 / AWD;Japonska ;JPN;osebni avtomobil;198;karavan;LEGACY 
121;1720;9.4;0;MITSUBISHI;NA421-ABAAA5A7;GRANDIS / 2.4;Japonska ;JPN;osebni avtomobil;200;karavan;GRANDIS 
121;1700;9.4;0;MITSUBISHI;NA421-AAAAA5A6;GRANDIS / 2.4 /;Japonska ;JPN;osebni avtomobil;200;karavan;GRANDIS 
121;1520;9.5;0;SUBARU;BL-BP;LEGACY / 2.5;Japonska ;JPN;osebni avtomobil;188;karavan;LEGACY 
121;1430;9.5;0;SUBARU;BL-BP;LEGACY / 2.5 / OUTBACK;Japonska ;JPN;osebni avtomobil;188;karavan;LEGACY 
121;1570;9.6;0;NISSAN;T30-G02;X-TRAIL / 2.5 / AUT.;Japonska ;JPN;osebni avtomobil;178;karavan;X-TRAIL 
121;1545;9.6;0;NISSAN;TBNT30;X-TRAIL / 2.5 /;Japonska ;JPN;osebni avtomobil;190;karavan;X-TRAIL 
121;2145;9.7;1;MITSUBISHI;V60V6321-LPPCDS637;PAJERO / 3.2 / GLS DID LWB;Japonska ;JPN;osebni avtomobil;170;limuzina;PAJERO 
121;2015;9.7;1;MITSUBISHI;V6321-SFFABS635;PAJERO / 3.2 /  DID;Japonska ;JPN;osebni avtomobil;170;limuzina;PAJERO 
121;1968;9.7;1;MITSUBISHI;V6321-SFFABS635;PAJERO / 3.2 / GL DID LWB;Japonska ;JPN;osebni avtomobil;170;karavan;PAJERO 
121;1940;9.7;1;MITSUBISHI;V6321-SFFABS635;PAJERO / 3.2 / DID;Japonska ;JPN;osebni avtomobil;170;karavan;PAJERO 
121;2015;9.8;1;MITSUBISHI;V60;PAJERO / 3.2 / DID;Japonska ;JPN;osebni avtomobil;170;karavan;PAJERO 
121;1428;9.9;0;HYUNDAI;K1-Z;COUPE / 2.7 /;Koreja. republika;KOR;osebni avtomobil;220;kupe;COUPE 
121.4;1395;5.6;0;CITROEN;3A5GZT/1S;C4 PICASSO / 1.6 / i;Francija;FRA;osebni avtomobil;210;vecnamensko vozilo;C4 PICASSO 
121.4;1580;5.8;0;PEUGEOT;8D5GZM/S;508 / 1.6 / i;Francija;FRA;osebni avtomobil;210;limuzina;508
121.4;1561;5.8;0;PEUGEOT;M45GZW-S1F000;5008 / 1.6 / AUT.;Francija;FRA;osebni avtomobil;206;vecnamensko vozilo;5008
121.4;1607;7.8;0;FORD;BA7-UNCN1FX-5AGBZNAAPTQ;MONDEO / 1.5 / EB 121 B6;Nemcija;DEU;osebni avtomobil;212;karavan;MONDEO 
121.4;1586;7.8;0;FORD;BA7-UNCN1EX-5AGBZNAAPTF;MONDEO 1.5 / EB 121.4 B6;Nemcija;DEU;osebni avtomobil;214;vozilo z dviûnimi vrati zadaj;MONDEO 1.5 
121.4;1586;7.9;0;FORD;BA7-UNCN1EX-5AGBZNAAPTF;MONDEO 1.5 / EB 121.4 B6;Nemcija;DEU;osebni avtomobil;214;vozilo z dviûnimi vrati zadaj;MONDEO 1.5 
121.4;1629;8.6;0;FORD;BA7-UNCN1FX-5GBBZNAARTT;MONDEO / 1.5 / EB 121 A6;Nemcija;DEU;osebni avtomobil;207;karavan;MONDEO 
122;1285;5.5;0;ALFA ROMEO;932AXD00-56B;156 / 2.0 / JTS;Italija;ITA;osebni avtomobil;220;limuzina;156
122;1360;8.6;0;ALFA ROMEO;932AXA01-54D;156 / 2.0;Italija;ITA;osebni avtomobil;220;limuzina;156
122;1285;8.6;0;ALFA ROMEO;932AXA0052;156 / 2.0 / T. Spark;Italija;ITA;osebni avtomobil;220;limuzina;156
122;1395;8.7;0;ALFA ROMEO;937CXH1A-22;GT / 2.0 / JTS;Italija;ITA;osebni avtomobil;216;kupe;GT 
122;1320;8.7;0;ALFA ROMEO;937CXH1A22;GT / 2.0 / JTS;Italija;ITA;osebni avtomobil;216;kupe;GT 
122;1410;8.9;0;ALFA ROMEO;932BXA00-53C;156 / SW 2.0;Italija;ITA;osebni avtomobil;220;karavan;156
122;1465;9.1;0;MAZDA;GY1932;6 / KARAVAN 2.3 / I;Japonska ;JPN;osebni avtomobil;209;karavan;6
122;2205;9.1;1;TOYOTA;KDJ120L-GKFEYW(BC);LAND CRUISER 120 / 3.0 / D;Japonska ;JPN;osebni avtomobil;175;karavan;LAND CRUISER 120 
122;2115;9.1;1;TOYOTA;KDJ120L-GKFEYW(BC);LAND CRUISER 120 / 3.0 / D-4D;Japonska ;JPN;osebni avtomobil;175;vecnamensko vozilo;LAND CRUISER 120 
122;2065;9.1;1;TOYOTA;KDJ120L-GKFEYW(AC);LAND CRUISER 120 / 3.0 / D;Japonska ;JPN;osebni avtomobil;175;vecnamensko vozilo;LAND CRUISER 120 
122;2065;9.1;1;TOYOTA;KDJ120L-GKFEYW(AC);LAND CRUISER / 3.0;Japonska ;JPN;osebni avtomobil;175;limuzina;LAND CRUISER 
122;2025;9.1;1;TOYOTA;KDJ120L-GKFEYW;LAND CRUISER 120 / 3.0 / D;Japonska ;JPN;osebni avtomobil;175;karavan;LAND CRUISER 120 
122;1480;9.2;0;ALFA ROMEO;916SXA0037B;SPIDER / 2.0 / T. Spark;Italija;ITA;osebni avtomobil;215;kabriolet;SPIDER 
122;1405;9.2;0;ALFA ROMEO;916SXA00-37;SPIDER / 2.0 / T.SPARK;Italija;ITA;osebni avtomobil;215;kabriolet;SPIDER 
122;1370;9.2;0;ALFA ROMEO;916CXA0036;ALFA ROMEO / GTV / 2.0 T. Spark /;Italija;ITA;osebni avtomobil;220;kupe;ALFA ROMEO 
122;2145;9.2;1;TOYOTA;J-12;LANDCRUISER / 3.0;Japonska ;JPN;osebni avtomobil;140;vecnamensko vozilo;LANDCRUISER 
122;2065;9.2;1;TOYOTA;KDJ120L-GKFEYW(BC);LANDCRUISER / 3.0 / D;Japonska ;JPN;osebni avtomobil;175;vecnamensko vozilo;LANDCRUISER 
122;1400;9.6;0;MERCEDES BENZ;124;260 / E;Nemcija;DEU;osebni avtomobil;200;kupe;260
123;1644;8.4;0;SUBARU;BR9-5E0;LEGACY / OUTBACK 2.5 / AWD CVT;Japonska ;JPN;osebni avtomobil;198;karavan;LEGACY 
124;1165;8.1;0;RENAULT;CB1N0F;CLIO / 2.0 / 16V;Francija;FRA;osebni avtomobil;220;vozilo z dviûnimi vrati zadaj;CLIO 
124;1135;8.1;0;RENAULT;CB1N-0F;CLIO / 2.0 / 16V;Francija;FRA;osebni avtomobil;220;vozilo z dviûnimi vrati zadaj;CLIO 
124;1135;8.1;0;RENAULT;CB1N-0F;CLIO / 2.0 / 16V;Francija;FRA;osebni avtomobil;220;vozilo za posebne namene;CLIO 
124;1200;8.5;0;BMW;3-A;325 / I;Nemcija;DEU;osebni avtomobil;216;kabriolet;325
124;1739;8.6;0;SUBARU;BT9-C6L;OUTBACK 2.5 / / i-T ES CVT AWD;Japonska ;JPN;osebni avtomobil;193;karavan;OUTBACK 2.5 
124;1659;9.6;0;SUZUKI;JTDA4V-AT;GRAND VITARA / 2.4 / AUT.;Japonska ;JPN;osebni avtomobil;175;karavan;GRAND VITARA 
125;2150;10.2;1;MITSUBISHI;V8821-AEABB5B5B;PAJERO / 3.2 / GLS DID SWB AUT.;Japonska ;JPN;osebni avtomobil;177;karavan;PAJERO 
125;1550;10.3;0;BMW;5 / D;523 / / i;Nemcija;DEU;osebni avtomobil;226;limuzina;523
125;1428;10.3;0;FORD;BCV;COUGAR / 2.5 / I;Nemcija;DEU;osebni avtomobil;225;kupe;COUGAR 
125;2162;10.5;1;MITSUBISHI;V8821-AEABB5B5B;PAJERO / 3.2 / GLS DID SWB AUT.;Japonska ;JPN;osebni avtomobil;177;karavan;PAJERO 
125;1840;10.5;0;RENAULT;JK0ACB;ESPACE / 2.0 / 16V T AUT.;Francija;FRA;osebni avtomobil;197;vecnamensko vozilo;ESPACE 
125;2330;10.6;1;MITSUBISHI;V9821-BFCDB5A7A;PAJERO / 3.2 / GLS DID LWB AUT.;Japonska ;JPN;osebni avtomobil;177;karavan;PAJERO 
125;2330;10.6;1;MITSUBISHI;V9824-BFCDB5A7A;PAJERO / 3.2 / GLS DID LWB AUT.;Japonska ;JPN;osebni avtomobil;177;vecnamensko vozilo;PAJERO 
125;1840;10.7;0;RENAULT;JK0ACB;ESPACE / 2.0 / 16V T AUT.;Francija;FRA;osebni avtomobil;197;vecnamensko vozilo;ESPACE 
125;1826;10.8;0;AUDI;AAUKQ1-QA6LC0R8E600GGQ;A4 / AVANT 3.2 / Q AUT.;Nemcija;DEU;osebni avtomobil;247;karavan;A4 
125;1580;10.8;0;MERCEDES BENZ;210.061-J061E0LDBBA50;E / 240 /;Nemcija;DEU;osebni avtomobil;224;limuzina;E 
125;1835;10.9;0;LANCIA;841AXB1B-00;THESIS / 2.4;Italija;ITA;osebni avtomobil;217;limuzina;THESIS 
125;1615;11.2;0;MERCEDES BENZ;203KR262K0-TAAAA50;C / 240 T / AUT.;Nemcija;DEU;osebni avtomobil;226;karavan;C 
125;1525;11.5;0;BMW;5-D;523 / I;Nemcija;DEU;osebni avtomobil;226;limuzina;523
125;1455;14.4;0;JEEP;JA9S;WRANGLER / 4.0 / AUT.;Zdruûene drûave;USA;osebni avtomobil;165;vozilo z dviûnimi vrati zadaj;WRANGLER 
125;1615;4.1;1;MERCEDES BENZ;R30RP0-CZAA0401;C / 220 / D;Nemcija;DEU;osebni avtomobil;235;kupe;C 
125;1600;4.1;1;MERCEDES BENZ;H0S2M0-KZBBA5A5;C / 220 / CDI;Nemcija;DEU;osebni avtomobil;232;limuzina;C 
125;1550;4.1;1;MERCEDES BENZ;R00RP0-BZAAB521;C / 220 / BLUETEC;Nemcija;DEU;osebni avtomobil;234;limuzina;C 
125;1505;4.1;1;MERCEDES BENZ;M2S2P2-MZAAB501;B / 220 / CDI AUT.;Nemcija;DEU;osebni avtomobil;220;karavan;B 
125;1475;4.1;1;MERCEDES BENZ;R00RP0-GZAAB501;C / 220 / BLUETEC;Nemcija;DEU;osebni avtomobil;234;limuzina;C 
125;1265;4.1;1;MINI;XN91-6A2400C0;COOPER SD / / AUT.;Nemcija;DEU;osebni avtomobil;225;vozilo z dviûnimi vrati zadaj;COOPER SD 
125;1615;4.2;1;MERCEDES BENZ;R30RP0-CZAA0472;C / 220 / D AUT.;Nemcija;DEU;osebni avtomobil;234;kupe;C 
125;1550;4.2;1;MERCEDES BENZ;R00RP0-GZAA0522;C / 220 / d;Nemcija;DEU;osebni avtomobil;234;limuzina;C 
125;1535;4.2;1;MERCEDES BENZ;27S2P2-MZAAB501;GLA / 220 / CDI AUT.;Nemcija;DEU;osebni avtomobil;220;karavan;GLA 
125;1525;4.2;1;MERCEDES BENZ;23S2P2-MZAAB553;CLA / 220 / CDI AUT.;Nemcija;DEU;osebni avtomobil;232;limuzina;CLA 
125;1525;4.2;1;MERCEDES BENZ;23S2P2-MZAAB523;CLA / 220 / CDI AUT.;Nemcija;DEU;osebni avtomobil;230;limuzina;CLA 
125;1505;4.2;1;MERCEDES BENZ;M2S2P2-MZAAB501-;B / 220 / CDI AUT.;Nemcija;DEU;osebni avtomobil;220;karavan;B 
125;1485;4.2;1;MERCEDES BENZ;12S2P2-MZAAB523;A / 220 / CDI AUT.;Nemcija;DEU;osebni avtomobil;220;karavan;A 
125;1325;4.2;1;MINI;XT71-6A2500C0;COOPER SD / / AUT.;Nemcija;DEU;osebni avtomobil;223;karavan;COOPER SD 
125;1436;4.2;1;VOLKSWAGEN;ACCRBCX0-FM6FM62Q025N7MJOMLVR2-;GOLF / VARIANT 2.0 / TDI;Nemcija;DEU;osebni avtomobil;221;karavan;GOLF 
125;1655;4.3;1;MERCEDES BENZ;H2S2M0-KZBBA5A5;C / 220 T / CDI;Nemcija;DEU;osebni avtomobil;219;karavan;C 
125;1605;4.3;1;MERCEDES BENZ;R30RP0-EZAA0412;C / 220 / d;Nemcija;DEU;osebni avtomobil;234;kupe;C 
125;1595;4.3;1;MERCEDES BENZ;R20RP0-EZAAB500;C / 220  / BLUETEC;Nemcija;DEU;osebni avtomobil;230;karavan;C 
125;1595;4.3;1;MERCEDES BENZ;R20RP0-EZAZ0501;C 220 D;Nemcija;DEU;osebni avtomobil;230;karavan;C 220 D
125;1570;4.3;1;MERCEDES BENZ;R00RP0-NZAA0521;C / 220 / d AUT.;Nemcija;DEU;osebni avtomobil;233;limuzina;C 
125;1505;4.3;1;MERCEDES BENZ;M2S2P2-MZAAB523;B / 220 / CDI AUT.;Nemcija;DEU;osebni avtomobil;220;karavan;B 
125;1305;4.3;1;MINI;XT71-6H2500C0;COOPER SD / /;Nemcija;DEU;osebni avtomobil;225;karavan;COOPER SD 
125;1701;4.3;1;OPEL;AAHMC12-BA1N1FMHC5;INSIGNIA / 2.0 / CDTI;Nemcija;DEU;osebni avtomobil;225;limuzina;INSIGNIA 
125;1613;4.3;1;OPEL;CAHMC12-BA1N1FMHC5;INSIGNIA / 2.0 / CDTI;Nemcija;DEU;osebni avtomobil;225;vozilo z dviûnimi vrati zadaj;INSIGNIA 
125;1615;4.4;1;INFINITI;V37A-A03;INFINITI Q50 /;ävica;CHE;osebni avtomobil;231;limuzina;INFINITI Q50 
125;1735;4.4;1;MERCEDES BENZ;R20RP0-EZAAB573;C / 220 T / BLUETEC;Nemcija;DEU;osebni avtomobil;230;karavan;C 
125;1615;4.4;1;MERCEDES BENZ;H3S2M0-KZAAA400;C / 220 / CDI;Nemcija;DEU;osebni avtomobil;232;kupe;C 
125;1615;4.4;1;MERCEDES BENZ;R20RP0-CZAA0521;C / 220 T / d AUT.;Nemcija;DEU;osebni avtomobil;231;karavan;C 
125;1615;4.4;1;MERCEDES BENZ;R20RP0-NZAA0501-;C / 220 T / D AUT.;Nemcija;DEU;osebni avtomobil;229;karavan;C 
125;1605;4.4;1;MERCEDES BENZ;204;C / 220 / d AUT.;Nemcija;DEU;osebni avtomobil;234;kupe;C 
125;1600;4.4;1;MERCEDES BENZ;H0S2M0-KZBBA500;C / 220 / CDI;Nemcija;DEU;osebni avtomobil;232;limuzina;C 
125;1570;4.4;1;MERCEDES BENZ;R00RP0-CZAA0521;C / 220 / d AUT.;Nemcija;DEU;osebni avtomobil;235;limuzina;C 
125;1570;4.4;1;MERCEDES BENZ;R00RP0-NZAAA521;C / 220 / BLUETEC AUT.;Nemcija;DEU;osebni avtomobil;233;limuzina;C 
125;1525;4.4;1;MERCEDES BENZ;23S2P2-MZAAB502;CLA / 220 / CDI AUT.;Nemcija;DEU;osebni avtomobil;230;limuzina;CLA 
125;1485;4.4;1;MERCEDES BENZ;12S2P2-MZAAB502;A / 220 / CDI AUT.;Nemcija;DEU;osebni avtomobil;220;karavan;A 
125;1410;4.5;1;ALFA ROMEO;940FXE1111;GIULIETTA / 2.0 / JTD TCT;Italija;ITA;osebni avtomobil;218;vecnamensko vozilo;GIULIETTA 
125;1796;4.5;1;INFINITI;V37A-A06;INFINITI Q50 / / AUT.;ävica;CHE;osebni avtomobil;230;limuzina;INFINITI Q50 
125;1760;4.5;1;MERCEDES BENZ;J00RP0-CZCCB501;E / 220 / BLUETEC AUT.;Nemcija;DEU;osebni avtomobil;230;limuzina;E 
125;1615;4.5;1;MERCEDES BENZ;R20RP0-NZAAB521;C / 220 T / BLUETEC AUT.;Nemcija;DEU;osebni avtomobil;229;karavan;C 
125;1595;4.5;1;MERCEDES BENZ;R20RP0-EZAAB522;C / 220 T / BLUETEC;Nemcija;DEU;osebni avtomobil;230;karavan;C 
125;1570;4.5;1;MERCEDES BENZ;R00RP0-NZAAB522;C / 220 / D AUT.;Nemcija;DEU;osebni avtomobil;233;limuzina;C 
125;1525;4.5;1;MERCEDES BENZ;245G;CLA / 220 / CDI AUT.;Nemcija;DEU;osebni avtomobil;230;limuzina;CLA 
125;1525;4.5;1;MERCEDES BENZ;23S2P2-MZAAB543;CLA / 220 / CDI AUT.;Nemcija;DEU;osebni avtomobil;230;vozilo za posebne namene;CLA 
125;1505;4.5;1;MERCEDES BENZ;M2S2P2-MZAAB523;B / 220 / CDI AUT.;Nemcija;DEU;osebni avtomobil;220;karavan;B 
125;1816;4.5;1;OPEL;DAHMC12-BA1R2FMHC5;INSIGNIA / 2.0 / DT 16V;Nemcija;DEU;osebni avtomobil;220;karavan;INSIGNIA 
125;1733;4.5;1;OPEL;CAHMC12-BA1N4FMHJ5;INSIGNIA / 2.0 / DT 16V;Nemcija;DEU;osebni avtomobil;225;vozilo z dviûnimi vrati zadaj;INSIGNIA 
125;1733;4.5;1;OPEL;DAHMC12-BA1P3FMHC5;INSIGNIA / 2.0 / ST CDTI;Nemcija;DEU;osebni avtomobil;220;karavan;INSIGNIA 
125;1613;4.5;1;OPEL;CAHMC12-BA1N4FMHJ5;INSIGNIA / 2.0 / CDTI;Nemcija;DEU;osebni avtomobil;225;vozilo z dviûnimi vrati zadaj;INSIGNIA 
125;1613;4.5;1;OPEL;AAHMC12-BA1N4FMHJ5;INSIGNIA / 2.0 / DT 16V;Nemcija;DEU;osebni avtomobil;225;limuzina;INSIGNIA 
125;1795;4.6;1;MERCEDES BENZ;J00RP0-NZCCB5K1;E / 220 / BLUETEC;Nemcija;DEU;osebni avtomobil;227;limuzina;E 
125;1760;4.6;1;MERCEDES BENZ;J00RP0-CZCCB504;E / 220 / BLUETEC AUT.;Nemcija;DEU;osebni avtomobil;230;limuzina;E 
125;1635;4.6;1;MERCEDES BENZ;R00RP1-CLAA0502;C / 220 / d 4-MATIC AUT.;Nemcija;DEU;osebni avtomobil;230;limuzina;C 
125;1615;4.6;1;MERCEDES BENZ;R30RP0-CZAA0472;C / 220 / d AUT.;Nemcija;DEU;osebni avtomobil;234;kupe;C 
125;1615;4.6;1;MERCEDES BENZ;R20RP0-NZAAB553;C / 220 / BLUETEC AUT.;Nemcija;DEU;osebni avtomobil;229;karavan;C 
125;1570;4.6;1;MERCEDES BENZ;R00RP0-CZAA0572;C / 220 / d AUT.;Nemcija;DEU;osebni avtomobil;235;limuzina;C 
125;1535;4.6;1;MERCEDES BENZ;27S2P2-MZAAB501;GLA / 220 / CDI AUT.;Nemcija;DEU;osebni avtomobil;220;karavan;GLA 
125;1560;4.6;1;VOLKSWAGEN;AACFGBX0-FM6FM62Q031STP07MQSNVR2O;PASSAT / 2.0 / TDI;Nemcija;DEU;osebni avtomobil;227;limuzina;PASSAT 
125;1395;4.7;1;ALFA ROMEO;940FXE1A04;GIULIETTA / 2.0 / JTD;Italija;ITA;osebni avtomobil;218;vecnamensko vozilo;GIULIETTA 
125;1450;4.7;1;AUDI;SCFGBF1-FM62Q017R8P607MGEM1;A3 / 2.0 / TDI;Nemcija;DEU;osebni avtomobil;224;karavan;A3 
125;1845;4.7;1;MERCEDES BENZ;J20RP0-CZCCB5K2;E / 220 T / BLUETEC AUT.;Nemcija;DEU;osebni avtomobil;225;karavan;E 
125;1845;4.7;1;MERCEDES BENZ;G20RP0-CZCCB502;CLS / 220 / BLUETEC AUT.;Nemcija;DEU;osebni avtomobil;220;karavan;CLS 
125;1790;4.7;1;MERCEDES BENZ;G30RP0-CZCCB401;CLS / 220 / BLUETEC AUT.;Nemcija;DEU;osebni avtomobil;226;limuzina;CLS 
125;1735;4.7;1;MERCEDES BENZ;L30RP0-CZAAB412;E / 220 / BLUETEC AUT.;Nemcija;DEU;osebni avtomobil;237;kupe;E 
125;1695;4.7;1;MERCEDES BENZ;R20RP1-CLAA0521;C / 220 T / d 4-MATIC AUT.;Nemcija;DEU;osebni avtomobil;225;karavan;C 
125;1655;4.7;1;MERCEDES BENZ;H2S2M0-KZBBA500;C / 220 T / CDI;Nemcija;DEU;osebni avtomobil;219;karavan;C 
125;1615;4.7;1;MERCEDES BENZ;R30RP0-CZAA0414;C / 220 / d AUT.;Nemcija;DEU;osebni avtomobil;234;kupe;C 
125;1615;4.7;1;MERCEDES BENZ;R20RP0-CZAA0572;C / 220 T / d AUT.;Nemcija;DEU;osebni avtomobil;231;karavan;C 
125;1615;4.7;1;MERCEDES BENZ;R20RP0-NZAAB572;C / 220 T / BLUETEC AUT.;Nemcija;DEU;osebni avtomobil;229;karavan;C 
125;1600;4.7;1;MERCEDES BENZ;H0S2M0-KZBBA502;C / 220 / CDI;Nemcija;DEU;osebni avtomobil;232;limuzina;C 
125;1570;4.7;1;MERCEDES BENZ;R00RP0-CZAA0501;C / 220 / d AUT.;Nemcija;DEU;osebni avtomobil;235;limuzina;C 
125;1843;4.7;1;OPEL;DAHMC12-BA1R5FMHL5;INSIGNIA / 2.0 / DT 16V;Nemcija;DEU;osebni avtomobil;220;karavan;INSIGNIA 
125;1816;4.7;1;OPEL;DAHMC12-BA1R2FMHL5;INSIGNIA / 2.0 / ST CDTI;Nemcija;DEU;osebni avtomobil;220;karavan;INSIGNIA 
125;1788;4.7;1;OPEL;DAHMC12-BA1P3FMHL5;INSIGNIA / 2.0 / DT 16V;Nemcija;DEU;osebni avtomobil;220;karavan;INSIGNIA 
125;1733;4.7;1;OPEL;DAHMC12-BA1R5FMHL5;INSIGNIA / 2.0 / ST CDTI;Nemcija;DEU;osebni avtomobil;220;karavan;INSIGNIA 
125;1562;4.7;1;äKODA;ACCFGBX01-NFM6FM62Q0317;SUPERB / COMBI 2.0 / TDI;Ceöka republika;CZE;osebni avtomobil;226;karavan;SUPERB 
125;1594;4.7;1;VOLKSWAGEN;ACCFGBX0-FM6FM62Q031STP27MQSNVR2M;PASSAT / VARIANT 2.0 / TDI;Nemcija;DEU;osebni avtomobil;224;karavan;PASSAT 
125;1838;4.8;1;INFINITI;V37A-A01;INFINITI Q50 /;ävica;CHE;osebni avtomobil;230;limuzina;INFINITI Q50 
125;1865;4.8;1;MERCEDES BENZ;J20RP0-CZCCB504;E / 220 T / BLUETEC AUT.;Nemcija;DEU;osebni avtomobil;225;karavan;E 
125;1865;4.8;1;MERCEDES BENZ;J20RP0-CZCCB504;E / 220 T / CDI AUT.;Nemcija;DEU;osebni avtomobil;222;karavan;E 
125;1845;4.8;1;MERCEDES BENZ;L40RP0-CZAAB414;E / 220 / BLUETEC AUT.;Nemcija;DEU;osebni avtomobil;230;kabriolet;E 
125;1845;4.8;1;MERCEDES BENZ;G20RP0-CZCA0524;CLS / 220 / d AUT.;Nemcija;DEU;osebni avtomobil;220;karavan;CLS 
125;1735;4.8;1;MERCEDES BENZ;J0S2M0-NZCCB503;E / 220 / CDI AUT.;Nemcija;DEU;osebni avtomobil;227;limuzina;E 
125;1670;4.8;1;MERCEDES BENZ;R30RP1-CLAA0402;C / 220 / D 4-MATIC AUT.;Nemcija;DEU;osebni avtomobil;231;kupe;C 
125;1635;4.8;1;MERCEDES BENZ;R00RP1-CLAA0572;C / 220 / d 4-MATIC AUT.;Nemcija;DEU;osebni avtomobil;230;limuzina;C 
125;1635;4.8;1;MERCEDES BENZ;R00RP1-NLAAB521;C / 220 / d 4- MATIC AUT.;Nemcija;DEU;osebni avtomobil;228;limuzina;C 
125;1615;4.8;1;MERCEDES BENZ;R20RP0-NZAAB574;C / 220 T / BLUETEC AUT.;Nemcija;DEU;osebni avtomobil;229;karavan;C 
125;1610;4.8;1;MERCEDES BENZ;H002M0-KZAAA500;C / 220 / CDI;Nemcija;DEU;osebni avtomobil;232;limuzina;C 
125;1610;4.8;1;MERCEDES BENZ;H0S2M0-NZABA500;C / 220 / CDI AUT.;Nemcija;DEU;osebni avtomobil;231;limuzina;C 
125;1595;4.8;1;MERCEDES BENZ;27S2P1-MZAAB501;GLA / 220 / CDI 4-MATIC AUT.;Nemcija;DEU;osebni avtomobil;215;karavan;GLA 
125;1564;4.8;1;VOLKSWAGEN;AACFGBX0-FM6FM62Q031ST7MQVR25O;CC / 2.0 / TDI;Nemcija;DEU;osebni avtomobil;227;limuzina;CC 
125;1557;4.8;1;VOLKSWAGEN;AACFGBX0-FM6FM62Q031ST7MQVR24O;CC / 2.0 / TDI;Nemcija;DEU;osebni avtomobil;227;limuzina;CC 
125;1380;4.9;0;ALFA ROMEO;940FXB1110R;GIULIETTA / 1.4 / TCT;Italija;ITA;osebni avtomobil;218;vecnamensko vozilo;GIULIETTA 
125;1918;4.9;1;INFINITI;Y51-F-F07;Q70  / 2.2 d / AUT.;ävica;CHE;osebni avtomobil;220;limuzina;Q70  
125;1750;4.9;1;INFINITI;V37A-A02;INFINITI Q50 /;ävica;CHE;osebni avtomobil;230;limuzina;INFINITI Q50 
125;1590;4.9;1;INFINITI;H15C-C09;INFINITI QX30 /;ävica;CHE;osebni avtomobil;215;vecnamensko vozilo;INFINITI QX30 
125;1865;4.9;1;MERCEDES BENZ;J20RP0-CZCC0504;E / 220 T / BLUETEC AUT.;Nemcija;DEU;osebni avtomobil;222;karavan;E 
125;1845;4.9;1;MERCEDES BENZ;J2S2M0-NZCCB500;E / 220 T / CDI AUT.;Nemcija;DEU;osebni avtomobil;216;karavan;E 
125;1835;4.9;1;MERCEDES BENZ;L4S2M0-NZBBB412;E / 220 / CDI AUT.;Nemcija;DEU;osebni avtomobil;230;kabriolet;E 
125;1745;4.9;1;MERCEDES BENZ;R40RP0-CZAA0412;C / 220 / d AUT.;Nemcija;DEU;osebni avtomobil;231;kabriolet;C 
125;1735;4.9;1;MERCEDES BENZ;J0S2M0-NZAAA510;E / 220 / CDI AUT.;Nemcija;DEU;osebni avtomobil;227;limuzina;E 
125;1715;4.9;1;MERCEDES BENZ;L3S2M0-NZBBB422;E / 220 / CDI AUT.;Nemcija;DEU;osebni avtomobil;234;kupe;E 
125;1695;4.9;1;MERCEDES BENZ;R20RP1-CLAA0532;C / 220 T / d 4-MATIC AUT.;Nemcija;DEU;osebni avtomobil;225;karavan;C 
125;1665;4.9;1;MERCEDES BENZ;H202M0-KZAAA500;C / 220 T / CDI;Nemcija;DEU;osebni avtomobil;219;karavan;C 
125;1665;4.9;1;MERCEDES BENZ;H202M0-KZAAA500;C / 220 T / CDI;Nemcija;DEU;osebni avtomobil;210;karavan;C 
125;1655;4.9;1;MERCEDES BENZ;H2S2M0-KZBBA502;C / 220 T / CDI;Nemcija;DEU;osebni avtomobil;219;karavan;C 
125;1901;4.9;1;OPEL;ECHMC12-BA2S1FPHA5;ZAFIRA / TOURER 2.0 / CDTI;Nemcija;DEU;osebni avtomobil;208;karavan;ZAFIRA 
125;1843;4.9;1;OPEL;EAHMC12-BA2R5FPHA7;ZAFIRA / TOURER 2.0 / CDTI;Nemcija;DEU;osebni avtomobil;208;vecnamensko vozilo;ZAFIRA 
125;1843;4.9;1;OPEL;ECHMC12-BA2R5FPHA5;ZAFIRA / TOURER 2.0 / CDTI;Nemcija;DEU;osebni avtomobil;208;karavan;ZAFIRA 
125;1733;4.9;1;OPEL;EAHMC12-BA2R5FPHA5;ZAFIRA / TOURER 2.0 / CDTI;Nemcija;DEU;osebni avtomobil;208;karavan;ZAFIRA 
125;1733;4.9;1;OPEL;EAHMC12-BA2S1FPHA7;ZAFIRA / TOURER 2.0 / CDTI;Nemcija;DEU;osebni avtomobil;208;vecnamensko vozilo;ZAFIRA 
125;1564;4.9;1;VOLKSWAGEN;AACFGBX0-FM6FM62Q031ST7MGVR25;PASSAT CC / 2.0 / TDI;Nemcija;DEU;osebni avtomobil;227;limuzina;PASSAT CC 
125;1557;4.9;1;VOLKSWAGEN;AACFGBX0-FM6FM62Q031ST7MGVR24;PASSAT CC / 2.0 / TDI;Nemcija;DEU;osebni avtomobil;227;limuzina;PASSAT CC 
125;1380;5.1;0;ALFA ROMEO;940FXB1110G;GIULIETTA / 1.4 /;Italija;ITA;osebni avtomobil;218;vecnamensko vozilo;GIULIETTA 
125;1590;5.1;1;AUDI;SCAHAF1-FM6B1002R8S607MGEM1;A5 / 2.0 / TDI;Nemcija;DEU;osebni avtomobil;228;vozilo z dviûnimi vrati zadaj;A5 
125;1550;5.1;1;AUDI;CCAHAF1-FM6B1002R8T607MGEM1;A5 / 2.0 / TDI;Nemcija;DEU;osebni avtomobil;230;kupe;A5 
125;1540;5.1;1;AUDI;LCAHAF1-FM6B1002R8K617MGEM1;A4 / 2.0 / TDI;Nemcija;DEU;osebni avtomobil;230;limuzina;A4 
125;1875;5.1;1;MERCEDES BENZ;J00RP1-NZCCB502;E / 220 / BLUETEC 4-MATIC AUT.;Nemcija;DEU;osebni avtomobil;222;limuzina;E 
125;1735;5.1;1;MERCEDES BENZ;J0S2M0-NZCCB502;E / 220 / CDI AUT.;Nemcija;DEU;osebni avtomobil;227;limuzina;E 
125;1680;5.1;1;MERCEDES BENZ;L3S2M0-NZAAB401;E / 220 / CDI AUT.;Nemcija;DEU;osebni avtomobil;234;kupe;E 
125;1665;5.1;1;MERCEDES BENZ;H2S2M0-NZAAA500;C / 220 T / CDI AUT.;Nemcija;DEU;osebni avtomobil;219;karavan;C 
125;1630;5.1;1;MERCEDES BENZ;H3S2M0-NZAAA402;C / 220 / CDI AUT.;Nemcija;DEU;osebni avtomobil;231;kupe;C 
125;1615;5.1;1;MERCEDES BENZ;H3S2M0-KZAAA473;C / 220 / CDI;Nemcija;DEU;osebni avtomobil;232;kupe;C 
125;1610;5.1;1;MERCEDES BENZ;H002M0-KZAAA502;C / 220 / CDI;Nemcija;DEU;osebni avtomobil;232;limuzina;C 
125;1600;5.1;1;MERCEDES BENZ;H0S2M0-KZBBA573;C / 220 / CDI;Nemcija;DEU;osebni avtomobil;232;limuzina;C 
125;1595;5.1;1;MERCEDES BENZ;27S2P1-MZAAB501;GLA / 220 / 4-MATIC CDI AUT.;Nemcija;DEU;osebni avtomobil;215;karavan;GLA 
125;1395;5.1;1;SEAT;AFCFJAX01-SGNFM62Q0177MG;LEON / 2.0 / TDI;äpanija;ESP;osebni avtomobil;214;vecnamensko vozilo;LEON 
125;1409;5.1;1;VOLKSWAGEN;ACCFGBX0-FM6FM62Q017N7MGN1;GOLF / 2.0 / TDI;Nemcija;DEU;osebni avtomobil;222;karavan;GOLF 
125;1395;5.1;1;VOLKSWAGEN;ADCFGB-FM6FM62Q0177MGVR0S1;SCIROCCO / 2.0 / TDI;Nemcija;DEU;osebni avtomobil;222;kupe;SCIROCCO 
125;1615;5.2;1;ALFA ROMEO;939BXP1B55C;159 / SW 2.0 / M-JET;Italija;ITA;osebni avtomobil;216;karavan;159
125;1380;5.2;0;ALFA ROMEO;940FXB1110B;GIULIETTA / 1.4 / TCT;Italija;ITA;osebni avtomobil;218;vecnamensko vozilo;GIULIETTA 
125;1605;5.2;1;AUDI;SCAHAF1-FM6B1002R8S607MGEM0;A5 / 2.0 / TDI;Nemcija;DEU;osebni avtomobil;228;vozilo z dviûnimi vrati zadaj;A5 
125;1540;5.2;1;AUDI;SCFGBQ1-QM62Q018R8P607MGEM1;A3 / 2.0 / TDI Q;Nemcija;DEU;osebni avtomobil;222;karavan;A3 
125;1450;5.2;1;AUDI;SCBBBF1-FM62Q017R8P617MGEM0;A3 / 2.0 / TDI;Nemcija;DEU;osebni avtomobil;224;karavan;A3 
125;1410;5.2;1;AUDI;ACBBBF1-FM62Q017R8P607MG;A3 / 2.0 / TDI;Nemcija;DEU;osebni avtomobil;224;karavan;A3 
125;1845;5.2;1;MERCEDES BENZ;J2S2M0-KZCCB502;E / 220 T / CDI;Nemcija;DEU;osebni avtomobil;220;karavan;E 
125;1845;5.2;1;MERCEDES BENZ;J2S2M0-NZCCB500;E / 220 T / CDI AUT.;Nemcija;DEU;osebni avtomobil;216;karavan;E 
125;1825;5.2;1;MERCEDES BENZ;L4S2M0-KZBBB421;E / 220 / CDI;Nemcija;DEU;osebni avtomobil;232;kupe;E 
125;1805;5.2;1;MERCEDES BENZ;R40RP1-CLAA0402;C / 220 / d 4MATIC;Nemcija;DEU;osebni avtomobil;225;kabriolet;C 
125;1745;5.2;1;MERCEDES BENZ;R40RP0-CZAA0474;C / 220 / d AUT.;Nemcija;DEU;osebni avtomobil;231;kabriolet;C 
125;1695;5.2;1;MERCEDES BENZ;R20RP1-NLAA0522;C / 220 T / d 4-MATIC AUT.;Nemcija;DEU;osebni avtomobil;223;karavan;C 
125;1665;5.2;1;MERCEDES BENZ;H2S2M0-NZAAA502;C / 220 T / CDI AUT.;Nemcija;DEU;osebni avtomobil;219;karavan;C 
125;1665;5.2;1;MERCEDES BENZ;H202M0-KZAAA502;C / 220 T / CDI;Nemcija;DEU;osebni avtomobil;210;karavan;C 
125;1655;5.2;1;MERCEDES BENZ;H2S2M0-KZBBA573;C / 220 T / CDI;Nemcija;DEU;osebni avtomobil;219;karavan;C 
125;1610;5.2;1;MERCEDES BENZ;H0S2M0-NZABA573;C / 220 / CDI AUT.;Nemcija;DEU;osebni avtomobil;231;limuzina;C 
125;1733;5.2;1;OPEL;EAHMC12-BA2R5FPHJ7;ZAFIRA / TOURER 2.0 / CDTI;Nemcija;DEU;osebni avtomobil;208;vecnamensko vozilo;ZAFIRA 
125;1733;5.2;1;OPEL;EAHMC12-BX2R5FPHJ5;ZAFIRA / TOURER 2.0 / CDTI;Nemcija;DEU;osebni avtomobil;208;karavan;ZAFIRA 
125;1683;5.2;1;OPEL;CA0HMBB12-BA1M5FAFK5;INSIGNIA GRAND SPORT / 2.0 / CDTI;Nemcija;DEU;osebni avtomobil;226;vozilo z dviûnimi vrati zadaj;INSIGNIA GRAND SPORT 
125;1649;5.2;1;OPEL;CA0HMBB12-BA1L7FAFK5;INSIGNIA GRAND SPORT / 2.0 / CDTI;Nemcija;DEU;osebni avtomobil;226;vozilo z dviûnimi vrati zadaj;INSIGNIA GRAND SPORT 
125;1633;5.2;1;OPEL;CA0HMBB12-BA1L5FAFK5;INSIGNIA GRAND SPORT / 2.0 / CDTI;Nemcija;DEU;osebni avtomobil;226;vozilo z dviûnimi vrati zadaj;INSIGNIA GRAND SPORT 
125;1579;5.2;1;äKODA;ACCFGBX01-NFD6FD62E0187;SUPERB / COMBI 2.0 / TDI AUT.;Ceöka republika;CZE;osebni avtomobil;221;karavan;SUPERB 
125;1618;5.2;1;VOLKSWAGEN;ACCFGBX0-FD6FD62E018STP17MQSNVR2O;PASSAT / VARIANT 2.0 / TDI AUT.;Nemcija;DEU;osebni avtomobil;220;karavan;PASSAT 
125;1591;5.2;1;VOLKSWAGEN;AACFGBX0-FD6FD62E018STP07MQSNVR2O;PASSAT / 2.0 / TDI AUT.;Nemcija;DEU;osebni avtomobil;223;limuzina;PASSAT 
125;1588;5.2;1;VOLKSWAGEN;AACFGBX0-FD6FD62E018ST7MQVR25O;CC / 2.0 / TDI AUT.;Nemcija;DEU;osebni avtomobil;224;limuzina;CC 
125;1545;5.3;1;AUDI;CCAHAF1-FM6B1002R8T927MG;A5 / 2.0 / TDI;Nemcija;DEU;osebni avtomobil;230;kupe;A5 
125;1535;5.3;1;AUDI;LCAHAF1-FM6B1002R8K617MG;A4 / 2.0 / TDI;Nemcija;DEU;osebni avtomobil;230;limuzina;A4 
125;1465;5.3;1;AUDI;CCFGBQ1-QM62Q018R8J607MQEM1;TT / COUPE 2.0 / TDI Q;Madûarska;HUN;osebni avtomobil;226;kupe;TT 
125;1445;5.3;1;AUDI;CCFGBQ1-QM62Q018R8J607MGEM1;TT / COUPE 2.0 / TDI Q;Madûarska;HUN;osebni avtomobil;226;kupe;TT 
125;1465;5.3;0;BMW;3J91-6H150000;320 / / I ED;Nemcija;DEU;osebni avtomobil;230;limuzina;320
125;1845;5.3;1;MERCEDES BENZ;J2S2M0-NZAAB500;E / 220 T / CDI AUT.;Nemcija;DEU;osebni avtomobil;216;karavan;E 
125;1805;5.3;1;MERCEDES BENZ;L4S2M0-NZAAA400;E / 220 / CDI AUT.;Nemcija;DEU;osebni avtomobil;230;kabriolet;E 
125;1735;5.3;1;MERCEDES BENZ;J002M0-KZAAA500;E / 220 / CDI;Nemcija;DEU;osebni avtomobil;231;limuzina;E 
125;1735;5.3;1;MERCEDES BENZ;J0S2M0-NZAAA522;E / 220 / CDI AUT.;Nemcija;DEU;osebni avtomobil;227;limuzina;E 
125;1665;5.3;1;MERCEDES BENZ;H2S2M0-NZAAA573;C / 220 T / CDI AUT.;Nemcija;DEU;osebni avtomobil;219;karavan;C 
125;1660;5.3;1;MERCEDES BENZ;L302M0-KZAAA401;E / 220 / CDI;Nemcija;DEU;osebni avtomobil;235;kupe;E 
125;1630;5.3;1;MERCEDES BENZ;H3S2M0-NZAAA473;C / 220 / CDI AUT.;Nemcija;DEU;osebni avtomobil;231;kupe;C 
125;1633;5.3;1;OPEL;DA0HMBB12-BA1M2FAFK5;INSIGNIA SPORTS TOURER / 2.0 / CDTI;Nemcija;DEU;osebni avtomobil;223;karavan;INSIGNIA SPORTS TOURER 
125;1615;5.3;1;OPEL;CF092CB12-BA1ZAEFAD25;INSIGNIA GRAND SPORT / 2.0 / CDTI;Nemcija;DEU;osebni avtomobil;226;vozilo z dviûnimi vrati zadaj;INSIGNIA GRAND SPORT 
125;1395;5.3;1;SEAT;AFCEGAX01-SGNFM62Q0177MG;LEON / 2.0 / TDI;äpanija;ESP;osebni avtomobil;214;vecnamensko vozilo;LEON 
125;1557;5.3;1;äKODA;AACFGBX01-NFD6FD62E0187;SUPERB / 2.0 / TDI AUT.;Ceöka republika;CZE;osebni avtomobil;222;limuzina;SUPERB 
125;1618;5.3;1;VOLKSWAGEN;ACCFGBX0-FD6FD62E018STP27MGSNVR2O;PASSAT / VARIANT 2.0 / TDI AUT.;Nemcija;DEU;osebni avtomobil;220;karavan;PASSAT 
125;1591;5.3;1;VOLKSWAGEN;AACFGBX0-FD6FD62E018STP07MGSNVR2O;PASSAT / 2.0 / TDI AUT.;Nemcija;DEU;osebni avtomobil;223;limuzina;PASSAT 
125;1404;5.3;1;VOLKSWAGEN;ACCBBBX0-FM6FM62Q017N7MGN1;GOLF / 2.0 / TDI;Nemcija;DEU;osebni avtomobil;222;karavan;GOLF 
125;1395;5.3;1;VOLKSWAGEN;ADCBBB-FM6FM62Q0177MGVR0S1;SCIROCCO / 2.0 / TDI;Nemcija;DEU;osebni avtomobil;222;kupe;SCIROCCO 
125;1615;5.4;1;ALFA ROMEO;939BXP1B67B;159 / SW 2.0 / M-JET;Italija;ITA;osebni avtomobil;216;karavan;159
125;1555;5.4;1;ALFA ROMEO;939DXP1B58;BRERA / 2.0 / M-JET;Italija;ITA;osebni avtomobil;218;kupe;BRERA 
125;1955;5.4;1;MERCEDES BENZ;J20RP1-NZCCB502;E / 220 T / BLUETEC 4-MATIC AUT.;Nemcija;DEU;osebni avtomobil;214;karavan;E 
125;1845;5.4;1;MERCEDES BENZ;J2S2M0-NZCCB501;E / 220 T / CDI AUT.;Nemcija;DEU;osebni avtomobil;216;karavan;E 
125;1845;5.4;1;MERCEDES BENZ;R80RP1-CZAA0514;GLC / 220 d / 4-MATIC AUT.;Nemcija;DEU;osebni avtomobil;210;vozilo z dviûnimi vrati zadaj;GLC 
125;1845;5.4;1;MERCEDES BENZ;R70RP1-CZAA0502;GLC / 220 d / 4-MATIC AUT.;Nemcija;DEU;osebni avtomobil;210;karavan;GLC 
125;1735;5.4;1;MERCEDES BENZ;J002M0-KZAAA501;E / 220 / CDI;Nemcija;DEU;osebni avtomobil;231;limuzina;E 
125;1610;5.4;1;MERCEDES BENZ;H002M0-KZAAA513;C / 220 / CDI;Nemcija;DEU;osebni avtomobil;232;limuzina;C 
125;1843;5.4;1;OPEL;AAHMC24-BA1R5FMNM5;INSIGNIA / 2.0 / CDTI AWD;Nemcija;DEU;osebni avtomobil;215;limuzina;INSIGNIA 
125;1579;5.4;1;äKODA;ACCFGBX01-NFD6FD62E0187;SUPERB / COMBI 2.0 / TDI AUT.;Ceöka republika;CZE;osebni avtomobil;221;karavan;SUPERB 
125;1431;5.4;1;VOLKSWAGEN;ACCFGBX0-FD6FD62E018N7MGN1;GOLF / 2.0 / TDI AUT.;Nemcija;DEU;osebni avtomobil;220;karavan;GOLF 
125;1615;5.5;1;ALFA ROMEO;939BXP1B55B;159 / SW 2.0 / M-JET;Italija;ITA;osebni avtomobil;216;karavan;159
125;1365;5.5;0;ALFA ROMEO;940FXB1A01S;GIULIETTA / 1.4 /;Italija;ITA;osebni avtomobil;218;vecnamensko vozilo;GIULIETTA 
125;1730;5.5;1;AUDI;KCAHAF1-FM6B1002R8F607MGEM1;A5 CABRIOLET / 2.0 / TDI;Nemcija;DEU;osebni avtomobil;222;kabriolet;A5 CABRIOLET 
125;1635;5.5;1;AUDI;LCAHAQ1-QM6B2003R8K917MGEM1;A4 / 2.0 / TDI Q;Nemcija;DEU;osebni avtomobil;228;limuzina;A4 
125;1615;5.5;1;AUDI;CCAHAQ1-QM6B2003R8T907MGEM1;A5 / 2.0 / TDI Q;Nemcija;DEU;osebni avtomobil;228;kupe;A5 
125;1600;5.5;1;AUDI;ACAHAF1-FM6B1002R8K617MGEM1;A4 AVANT / 2.0 / TDI;Nemcija;DEU;osebni avtomobil;222;karavan;A4 AVANT 
125;1505;5.5;1;AUDI;RCFGBQ1-QM62Q018R8J607MQEM1;TT / ROADSTER 2.0 / TDI Q;Madûarska;HUN;osebni avtomobil;223;kabriolet;TT 
125;1490;5.5;1;AUDI;RCBBBQ1-QM62Q018R8J607MB;TT / ROADSTER 2.0 / Q TDI;Madûarska;HUN;osebni avtomobil;223;kabriolet;TT 
125;1845;5.5;1;MERCEDES BENZ;J2S2M0-NZAAA501;E / 220 T / CDI AUT.;Nemcija;DEU;osebni avtomobil;216;karavan;E 
125;1845;5.5;1;MERCEDES BENZ;R70RP1-CZAA0504;GLC / 220 d / 4-MATIC AUT.;Nemcija;DEU;osebni avtomobil;210;karavan;GLC 
125;1825;5.5;1;MERCEDES BENZ;H7S2M0-KZBBA500;GLK / 220 CDI /;Nemcija;DEU;osebni avtomobil;205;karavan;GLK 
125;1735;5.5;1;MERCEDES BENZ;H2S2M1-NZAAA500;C / 220 T / CDI 4-MATIC AUT.;Nemcija;DEU;osebni avtomobil;219;karavan;C 
125;1615;5.5;1;OPEL;DF092CB12-BA1ZAEFAD15;INSIGNIA SPORTS TOURER / 2.0 / CDTI;Nemcija;DEU;osebni avtomobil;223;karavan;INSIGNIA SPORTS TOURER 
125;1613;5.5;1;OPEL;CA0HMBB12-BA1M2CBHK5;INSIGNIA GRAND SPORT / 2.0 / CDTI AUT.;Nemcija;DEU;osebni avtomobil;223;vozilo z dviûnimi vrati zadaj;INSIGNIA GRAND SPORT 
125;1582;5.5;1;OPEL;CA0HMBB12-BA1M2XCBHK5;INSIGNIA GRAND SPORT / 2.0 / CDTI AUT.;Nemcija;DEU;osebni avtomobil;223;vozilo z dviûnimi vrati zadaj;INSIGNIA GRAND SPORT 
125;1581;5.5;1;VOLKSWAGEN;AACFGBX0-FD6FD62E018ST7MQVR24M;CC / 2.0 / TDI AUT.;Nemcija;DEU;osebni avtomobil;224;limuzina;CC 
125;1675;5.6;1;AUDI;SCAHAQ1-QM6B2003R8S607MGEM1;A5 / 2.0 / TDI Q;Nemcija;DEU;osebni avtomobil;223;vozilo z dviûnimi vrati zadaj;A5 
125;1595;5.6;1;AUDI;ACAHAF1-FM6B1002R8K917MG;A4 AVANT / 2.0 / TDI;Nemcija;DEU;osebni avtomobil;222;karavan;A4 AVANT 
125;1540;5.6;1;AUDI;SCBBBQ1-QM62Q018R8P607MG;A3 / 2.0 / TDI Q;Nemcija;DEU;osebni avtomobil;222;karavan;A3 
125;1455;5.6;1;AUDI;SCBBBQ1-QM62Q018R8P617MG;A3 / 2.0 / TDI Q;Nemcija;DEU;osebni avtomobil;220;vozilo z dviûnimi vrati zadaj;A3 
125;1430;5.6;1;AUDI;ACBBBF1-FD62E018R8P607MG;A3 / 2.0 / TDI D-AUT.;Nemcija;DEU;osebni avtomobil;224;karavan;A3 
125;1955;5.6;1;MERCEDES BENZ;J20RP1-NZCCB504;E / 220 T / BLUETEC 4-MATIC AUT.;Nemcija;DEU;osebni avtomobil;214;karavan;E 
125;1845;5.6;1;MERCEDES BENZ;H7S2M0-NZBCA500;GLK / 220 CDI / AUT.;Nemcija;DEU;osebni avtomobil;205;karavan;GLK 
125;1615;5.6;1;MERCEDES BENZ;22S2P1-MZBA150A;CLA / 220 / d 4-MATIC AUT.;Nemcija;DEU;osebni avtomobil;225;karavan;CLA 
125;1610;5.6;1;MERCEDES BENZ;H002M0-SZAAA500;C / 220 / CDI AUT.;Nemcija;DEU;osebni avtomobil;231;limuzina;C 
125;1931;5.6;1;OPEL;DJHMC24-BA1S2FMNX5;INSIGNIA / 2.0 / CDTI AWD;Nemcija;DEU;osebni avtomobil;205;karavan;INSIGNIA 
125;1901;5.6;1;OPEL;DAHMC24-BA1S1FMNM5;INSIGNIA / 2.0 / DT 16V AWD.;Nemcija;DEU;osebni avtomobil;215;karavan;INSIGNIA 
125;1865;5.6;1;OPEL;DJHMC24-BA1S4FMNX5;INSIGNIA / 2.0 / ST CDTI AWD;Nemcija;DEU;osebni avtomobil;205;karavan;INSIGNIA 
125;1788;5.6;1;OPEL;CAHMA12-BA1P3BGDL5;INSIGNIA / 2.0 / CDTI AUT.;Nemcija;DEU;osebni avtomobil;220;vozilo z dviûnimi vrati zadaj;INSIGNIA 
125;1666;5.6;1;OPEL;DA092CB12-BA1ZAGCBH15;INSIGNIA SPORTS TOURER / 2.0 / CDTI AUT.;Nemcija;DEU;osebni avtomobil;220;karavan;INSIGNIA SPORTS TOURER 
125;1664;5.6;1;OPEL;CAHMA12-BA1N4BGDL5;INSIGNIA / 2.0 / CDTI AUT.;Nemcija;DEU;osebni avtomobil;220;vozilo z dviûnimi vrati zadaj;INSIGNIA 
125;1664;5.6;1;OPEL;AAHMA12-BA1N4BGDL5;INSIGNIA / 2.0 / CDTI AUT.;Nemcija;DEU;osebni avtomobil;220;limuzina;INSIGNIA 
125;1615;5.6;1;OPEL;DF092CB12-BA1ZAEFAF15;INSIGNIA SPORTS TOURER / 2.0 / CDTI;Nemcija;DEU;osebni avtomobil;223;karavan;INSIGNIA SPORTS TOURER 
125;1582;5.6;1;OPEL;CA092CB12-BA1ZAEFAF15;INSIGNIA GRAND SPORT / 2.0 / CDTI;Nemcija;DEU;osebni avtomobil;226;vozilo z dviûnimi vrati zadaj;INSIGNIA GRAND SPORT 
125;1420;5.6;1;SEAT;AFCEGAX01-AGNFD62E0187MG;LEON / 2.0 / TDI AUT.;äpanija;ESP;osebni avtomobil;214;vecnamensko vozilo;LEON 
125;1634;5.6;1;äKODA;AACFGBX11-NAD6AD62E0837;SUPERB / 2.0 / TDI 4x4 AUT.;Ceöka republika;CZE;osebni avtomobil;219;limuzina;SUPERB 
125;1646;5.6;1;VOLKSWAGEN;AACFGBX1-AD6AD62E083STP17MGSNVR2O;PASSAT / 2.0 / TDI 4M AUT.;Nemcija;DEU;osebni avtomobil;220;limuzina;PASSAT 
125;1554;5.6;1;VOLKSWAGEN;3C-BMR;PASSAT / 2.0 / TDI;Nemcija;DEU;osebni avtomobil;209;limuzina;PASSAT 
125;1548;5.6;1;VOLKSWAGEN;AACBBBX0-FM6FM62Q017ST7MGVR04;PASSAT CC / 2.0 / TDI;Nemcija;DEU;osebni avtomobil;227;limuzina;PASSAT CC 
125;1534;5.6;1;VOLKSWAGEN;3C-BMR;PASSAT / VARIANT / 2.0 / TDI;Nemcija;DEU;osebni avtomobil;209;karavan;PASSAT 
125;1530;5.6;1;VOLKSWAGEN;AACBBBX0-FM6FM62Q017ST7MGS;PASSAT / 2.0 / TDI;Nemcija;DEU;osebni avtomobil;223;limuzina;PASSAT 
125;1426;5.6;1;VOLKSWAGEN;ACCBBBX0-FD6FD62E018N7MGN1;GOLF / 2.0 / TDI AUT.;Nemcija;DEU;osebni avtomobil;220;karavan;GOLF 
125;1365;5.7;0;ALFA ROMEO;940FXB1A01L;GIULIETTA / 1.4 /;Italija;ITA;osebni avtomobil;218;vecnamensko vozilo;GIULIETTA 
125;1675;5.7;1;AUDI;ACAHAQ1-QM6B2003R8K617MGEM1;A4 AVANT / 2.0 / TDI Q;Nemcija;DEU;osebni avtomobil;220;karavan;A4 AVANT 
125;1655;5.7;1;AUDI;LCAHAF1-FM61X005R4F90S57MG;A6 / 2.0 / TDI;Nemcija;DEU;osebni avtomobil;225;limuzina;A6 
125;1640;5.7;1;AUDI;LCAHAF1-FM61X005R4F60S57MG;A6 / 2.0 / TDI;Nemcija;DEU;osebni avtomobil;225;limuzina;A6 
125;1615;5.7;1;AUDI;CCAHAQ1-QM6B2003R8T927MGEM1;A5 / 2.0 / TDI Q;Nemcija;DEU;osebni avtomobil;228;kupe;A5 
125;1505;5.7;0;AUDI;LCJEBF1-FM6B1004RB8K1S57MGEM1;A4 / 1.8 / TFSI;Nemcija;DEU;osebni avtomobil;230;limuzina;A4 
125;1500;5.7;0;AUDI;CCJEBF1-FM6B1004RB8T1S47MGEM1;A5 / 1.8 / TFSI;Nemcija;DEU;osebni avtomobil;230;kupe;A5 
125;1470;5.7;1;AUDI;SCBBBF1-FD62E018R8P607MG;A3 / 2.0 / TDI D-AUT.;Nemcija;DEU;osebni avtomobil;224;karavan;A3 
125;1450;5.7;1;AUDI;LBMNF1-FM62Q017R8P61T47GG;A3 / 2.0 / TDI;Nemcija;DEU;osebni avtomobil;222;vozilo z dviûnimi vrati zadaj;A3 
125;1410;5.7;1;AUDI;LBMN_F1-FM62Q017R8P60T27GG;A3 / 2.0 / TDI;Nemcija;DEU;osebni avtomobil;222;vozilo z dviûnimi vrati zadaj;A3 
125;1816;5.7;1;JEEP;MXJHVFVJ5MD1A;COMPASS / 2.0 / JTD 4X4;Zdruûene drûave;USA;osebni avtomobil;196;vecnamensko vozilo;COMPASS 
125;1845;5.7;1;MERCEDES BENZ;H7S2M0-NZBCA501;GLK / 220 CDI / AUT.;Nemcija;DEU;osebni avtomobil;205;karavan;GLK 
125;1825;5.7;1;MERCEDES BENZ;H7S2M0-KZBBA500;GLK / 220 CDI /;Nemcija;DEU;osebni avtomobil;205;karavan;GLK 
125;1735;5.7;1;MERCEDES BENZ;H2S2M1-NZAAA502;C / 220 T / CDI 4-MATIC AUT.;Nemcija;DEU;osebni avtomobil;219;karavan;C 
125;1788;5.7;1;OPEL;DAHMA12-BA1P3BGDL5;INSIGNIA / 2.0 / CDTI AUT.;Nemcija;DEU;osebni avtomobil;215;karavan;INSIGNIA 
125;1733;5.7;1;OPEL;DA0HMBB12-BA1N6CBHK5;INSIGNIA SPORTS TOURER / 2.0 / CDTI AUT.;Nemcija;DEU;osebni avtomobil;220;karavan;INSIGNIA SPORTS TOURER 
125;1733;5.7;1;OPEL;DAHMA12-BA1R5BGDL5;INSIGNIA / 2.0 / CDTI AUT.;Nemcija;DEU;osebni avtomobil;215;karavan;INSIGNIA 
125;1716;5.7;1;OPEL;DA0HMBB12-BA1N3XCBHK5;INSIGNIA SPORTS TOURER / 2.0 / CDTI AUT.;Nemcija;DEU;osebni avtomobil;220;karavan;INSIGNIA SPORTS TOURER 
125;1666;5.7;1;OPEL;DA0HMBB12-BA1M7XCBHJ5;INSIGNIA SPORTS TOURER / 2.0 / CDTI AUT.;Nemcija;DEU;osebni avtomobil;220;karavan;INSIGNIA SPORTS TOURER 
125;1633;5.7;1;OPEL;DA092CB12-BA1ZAEFAF15;INSIGNIA SPORTS TOURER / 2.0 / CDTI;Nemcija;DEU;osebni avtomobil;223;karavan;INSIGNIA SPORTS TOURER 
125;1633;5.7;1;OPEL;DA0HMBB12-BA1M7XCBHK5;INSIGNIA SPORTS TOURER / 2.0 / CDTI AUT.;Nemcija;DEU;osebni avtomobil;220;karavan;INSIGNIA SPORTS TOURER 
125;1582;5.7;1;OPEL;CA092CB12-BA1ZAEFAF15;INSIGNIA GRAND SPORT / 2.0 / CDTI;Nemcija;DEU;osebni avtomobil;226;vozilo z dviûnimi vrati zadaj;INSIGNIA GRAND SPORT 
125;1590;5.7;1;SEAT;ACCAHAX0-SGFM61X0057MG;EXEO ST / 2.0 / TDI;äpanija;ESP;osebni avtomobil;224;karavan;EXEO ST 
125;1656;5.7;1;äKODA;ACCFGBX11-NAD6AD62E0837;SUPERB / COMBI 2.0 / TDI 4x4 AUT.;Ceöka republika;CZE;osebni avtomobil;218;karavan;SUPERB 
125;1540;5.7;1;äKODA;ACCFJAX1-NAM6AM62Q0180;YETI / 2.0 / TDI 4X4;Ceöka republika;CZE;osebni avtomobil;201;karavan;YETI 
125;1505;5.7;1;äKODA;AACEGAX01-NFM6FM62Q017;OCTAVIA / 2.0 / TDI;Ceöka republika;CZE;osebni avtomobil;225;limuzina;OCTAVIA 
125;1500;5.7;1;äKODA;ACCEGAX01-NFM6FM62Q017;OCTAVIA / COMBI 2.0 / TDI;Ceöka republika;CZE;osebni avtomobil;225;karavan;OCTAVIA 
125;1485;5.7;1;äKODA;ACCEGAX01-NFM6FM62Q0170;OCTAVIA / COMBI 2.0 / TDI;Ceöka republika;CZE;osebni avtomobil;225;karavan;OCTAVIA 
125;1470;5.7;1;äKODA;AACEGAX01-NFM6FM62Q0170;OCTAVIA / 2.0 / TDI;Ceöka republika;CZE;osebni avtomobil;226;limuzina;OCTAVIA 
125;1687;5.7;1;VOLKSWAGEN;ACCFGBX1-AD6AD62E083STP07MQSNVR2O;PASSAT / VARIANT 2.0 / TDI 4M AUT.;Nemcija;DEU;osebni avtomobil;217;karavan;PASSAT 
125;1668;5.7;1;VOLKSWAGEN;AACFGBX1-AD6AD62E083ST7MQVR25O;CC / 2.0 / TDI 4M AUT.;Nemcija;DEU;osebni avtomobil;220;limuzina;CC 
125;1661;5.7;1;VOLKSWAGEN;AACFGBX1-AD6AD62E083ST7MQVR24O;CC / 2.0 / TDI 4M AUT.;Nemcija;DEU;osebni avtomobil;220;limuzina;CC 
125;1584;5.7;1;VOLKSWAGEN;CFJAAC-FD6FD62E0187MQS5N1VR0SO;TOURAN / 2.0 / TDI AUT.;Nemcija;DEU;osebni avtomobil;213;karavan;TOURAN 
125;1575;5.7;1;VOLKSWAGEN;ACCBBBX0-FM6FM62Q017ST7MGS;PASSAT / VARIANT 2.0 / TDI;Nemcija;DEU;osebni avtomobil;220;karavan;PASSAT 
125;1365;5.8;0;ALFA ROMEO;940FXB1A01;GIULIETTA / 1.4 /;Italija;ITA;osebni avtomobil;218;vecnamensko vozilo;GIULIETTA 
125;1725;5.8;1;AUDI;ACAHAF1-FM61X005R4F60S57MG;A6 / AVANT 2.0 / TDI;Nemcija;DEU;osebni avtomobil;221;karavan;A6 
125;1675;5.8;1;AUDI;SCAHAQ1-QM6B2003R8S607MGEM1;A5 / 2.0 / TDI Q;Nemcija;DEU;osebni avtomobil;223;vozilo z dviûnimi vrati zadaj;A5 
125;1675;5.8;1;AUDI;ACAHAQ1-QM6B2003R8K617MGEM1;A4 AVANT / 2.0 / TDI Q;Nemcija;DEU;osebni avtomobil;220;karavan;A4 AVANT 
125;1665;5.8;1;AUDI;LCAHAF1-FAVAN001R4F60S57MG;A6 / 2.0 / TDI V-AUT.;Nemcija;DEU;osebni avtomobil;218;limuzina;A6 
125;1597;5.8;1;AUDI;8E-BRD;A4 / AVANT / 2.0 / TDI;Nemcija;DEU;osebni avtomobil;207;karavan;A4 
125;1585;5.8;1;AUDI;ABRDF1-FM6XH0R8E707GG;A4 / AVANT 2.0 / TDI;Nemcija;DEU;osebni avtomobil;222;karavan;A4 
125;1565;5.8;0;AUDI;SCJEBF1-FM6B1004RB8T1S47MGEM1;A5 / 1.8 / TFSI;Nemcija;DEU;osebni avtomobil;230;vozilo z dviûnimi vrati zadaj;A5 
125;1525;5.8;1;AUDI;LBRDF1-FM6XH0R8E507GG;A4 / 2.0 / TDI;Nemcija;DEU;osebni avtomobil;228;limuzina;A4 
125;1510;5.8;1;AUDI;8E ABRDF1-FM6XH0R8E707GG;A4 / AVANT 2.0 / TDI;Nemcija;DEU;osebni avtomobil;207;karavan;A4 
125;1455;5.8;1;AUDI;LBMNF1-FM62Q017R8P61T47GG;A3 / 2.0 / TDI;Nemcija;DEU;osebni avtomobil;222;vozilo z dviûnimi vrati zadaj;A3 
125;1415;5.8;1;AUDI;LBMNF1-FM62Q017R8P61T27GG;A3 / 2.0 / TDI;Nemcija;DEU;osebni avtomobil;222;vozilo z dviûnimi vrati zadaj;A3 
125;1380;5.8;1;AUDI;LBMNF1-FM62Q017R8P60T47GG;A3 / 2.0 / TDI;Nemcija;DEU;osebni avtomobil;222;vozilo z dviûnimi vrati zadaj;A3 
125;1370;5.8;0;BMW;1A31-5H100;118 / / i;Nemcija;DEU;osebni avtomobil;225;karavan;118
125;1953;5.8;1;JEEP;KLJEVCT-E5HD1A;CHEROKEE / 2.0 / CA 4WD;Zdruûene drûave;USA;osebni avtomobil;192;karavan;CHEROKEE 
125;1610;5.8;1;JEEP;BUAXD2203E;RENEGADE / 2.0 / JTD TRAILHAWK;Italija;ITA;osebni avtomobil;190;vecnamensko vozilo;RENEGADE 
125;1610;5.8;1;JEEP;BUAXD2203E;RENEGADE / 2.0 / JTD TRAILHAWK AUT.;Zdruûene drûave;USA;osebni avtomobil;190;vecnamensko vozilo;RENEGADE 
125;1735;5.8;1;MERCEDES BENZ;J002M0-SZAAA500;E / 220 / CDI AUT.;Nemcija;DEU;osebni avtomobil;227;limuzina;E 
125;1665;5.8;1;MERCEDES BENZ;H202M0-SZAAA500;C / 220 T / CDI AUT.;Nemcija;DEU;osebni avtomobil;219;karavan;C 
125;1610;5.8;1;MERCEDES BENZ;H002M0-SZAAA500;C / 220 / CDI AUT.;Nemcija;DEU;osebni avtomobil;231;limuzina;C 
125;1633;5.8;1;OPEL;DA092CB12-BA1ZAEFAF15;INSIGNIA SPORTS TOURER / 2.0 / CDTI;Nemcija;DEU;osebni avtomobil;223;karavan;INSIGNIA SPORTS TOURER 
125;1794;5.8;1;SEAT;CFGBX0AC-FM6FM6A60057MG5VR2SE;ALHAMBRA / 2.0 / TDI;äpanija;ESP;osebni avtomobil;207;karavan;ALHAMBRA 
125;1577;5.8;1;äKODA;ACCFGBX01-NFM6FM62Q0170;SUPERB / COMBI 2.0 / TDI;Ceöka republika;CZE;osebni avtomobil;220;karavan;SUPERB 
125;1842;5.8;1;VOLKSWAGEN;CFGBX0AF-FM6FM6A60057MG7VR2VW;SHARAN / 2.0 / TDI;Nemcija;DEU;osebni avtomobil;207;vecnamensko vozilo;SHARAN 
125;1794;5.8;1;VOLKSWAGEN;CFGBX0AC-FM6FM6A60057MQ5VR2VWO;SHARAN / 2.0 / TDI;Nemcija;DEU;osebni avtomobil;207;karavan;SHARAN 
125;1548;5.8;1;VOLKSWAGEN;AACBBBX0-FM6FM62Q017ST7MB;PASSAT CC / 2.0 / TDI;Nemcija;DEU;osebni avtomobil;227;limuzina;PASSAT CC 
125;1735;5.9;1;AUDI;ACAHAF1-FAVAN001R4F60S57MG;A6 / AVANT 2.0 / TDI V-AUT.;Nemcija;DEU;osebni avtomobil;214;karavan;A6 
125;1635;5.9;1;AUDI;LCAHAQ1-QM6B2003R8K617MGEM1;A4 / 2.0 / TDI Q;Nemcija;DEU;osebni avtomobil;228;limuzina;A4 
125;1630;5.9;1;AUDI;LCAHAQ1-QM6B2003R8K617MB;A4 / 2.0 / TDI Q;Nemcija;DEU;osebni avtomobil;228;limuzina;A4 
125;1610;5.9;1;AUDI;CCAHAQ1-QM6B2003R8T607MG;A5 / 2.0 / TDI Q;Nemcija;DEU;osebni avtomobil;228;kupe;A5 
125;1600;5.9;0;AUDI;SCJEBF1-FAVAW010RB8T1S57MGEM1;A5 / 1.8 / TFSI AUT.;Nemcija;DEU;osebni avtomobil;220;vozilo z dviûnimi vrati zadaj;A5 
125;1485;5.9;1;AUDI;LBMN_F1-FD62E018R8P61T47GG;A3 / 2.0 / TDI D-AUT.;Nemcija;DEU;osebni avtomobil;222;vozilo z dviûnimi vrati zadaj;A3 
125;1445;5.9;1;AUDI;LBMN_F1-FD62E018R8P61T27GG;A3 / 2.0 / TDI D-AUT.;Nemcija;DEU;osebni avtomobil;222;vozilo z dviûnimi vrati zadaj;A3 
125;1370;5.9;0;BMW;1A31-5H200;118 / / i;Nemcija;DEU;osebni avtomobil;225;karavan;118
125;1845;5.9;1;MERCEDES BENZ;R70RP1-CZAA050A;GLC / 220 d / 4-MATIC AUT.;Nemcija;DEU;osebni avtomobil;210;karavan;GLC 
125;1735;5.9;1;MERCEDES BENZ;J002M0-SZAAA501;E / 220 / CDI AUT.;Nemcija;DEU;osebni avtomobil;227;limuzina;E 
125;1670;5.9;1;MERCEDES BENZ;L302M0-SZAAA401;E / 220 / CDI AUT.;Nemcija;DEU;osebni avtomobil;234;kupe;E 
125;1665;5.9;1;MERCEDES BENZ;H202M0-SZAAA502;C / 220 T / CDI AUT.;Nemcija;DEU;osebni avtomobil;219;karavan;C 
125;1665;5.9;1;MERCEDES BENZ;H202M0-SZAAA542;C / 220 T / CDI AUT.;Nemcija;DEU;osebni avtomobil;210;karavan;C 
125;1630;5.9;1;MERCEDES BENZ;H20MK0-KZAAA500;C / 220 T / CDI;Nemcija;DEU;osebni avtomobil;224;karavan;C 
125;1585;5.9;1;MERCEDES BENZ;H00MK0-KZAAA500;C / 220 / CDI;Nemcija;DEU;osebni avtomobil;229;limuzina;C 
125;1585;5.9;1;MERCEDES BENZ;204H00MK0-KZAAA500;C 220 CDI;Nemcija;DEU;osebni avtomobil;229;limuzina;C 220 CDI
125;1633;5.9;1;OPEL;DA092CB12-BA1ZAEFAF25;INSIGNIA SPORTS TOURER / 2.0 / CDTI;Nemcija;DEU;osebni avtomobil;223;karavan;INSIGNIA SPORTS TOURER 
125;1613;5.9;1;OPEL;CF092CB12-BA1ZAGCBH15;INSIGNIA GRAND SPORT / 2.0 / CDTI AUT.;Nemcija;DEU;osebni avtomobil;223;vozilo z dviûnimi vrati zadaj;INSIGNIA GRAND SPORT 
125;1503;5.9;0;OPEL;CAETC12-BA1K2JBPA5;ASTRA / 1.6 /;Nemcija;DEU;osebni avtomobil;220;vozilo z dviûnimi vrati zadaj;ASTRA 
125;1851;5.9;1;SEAT;CFGBX0AF-FD6FD62E0297MG7VR2SE;ALHAMBRA / 2.0 / TDI AUT.;äpanija;ESP;osebni avtomobil;204;vecnamensko vozilo;ALHAMBRA 
125;1803;5.9;1;SEAT;CFGBX0AC-FD6FD62E0297MQ5VR2SE;ALHAMBRA / 2.0 / TDI AUT.;äpanija;ESP;osebni avtomobil;204;karavan;ALHAMBRA 
125;1577;5.9;1;äKODA;ACCBBBX01-NFM6FM62Q017W;SUPERB / COMBI 2.0 / TDI;Ceöka republika;CZE;osebni avtomobil;220;karavan;SUPERB 
125;1520;5.9;1;äKODA;ACBMNX01-NFM6FM62Q017;OCTAVIA / COMBI RS /;Ceöka republika;CZE;osebni avtomobil;224;karavan;OCTAVIA 
125;1853;5.9;1;VOLKSWAGEN;CFGBX0AF-FD6FD62E0297MG6VR2VW;SHARAN / 2.0 / TDI AUT.;Nemcija;DEU;osebni avtomobil;204;vecnamensko vozilo;SHARAN 
125;1851;5.9;1;VOLKSWAGEN;CFGBX0AF-FD6FD62E0297MG7VR2VW;SHARAN / 2.0 / TDI AUT.;Nemcija;DEU;osebni avtomobil;204;vecnamensko vozilo;SHARAN 
125;1803;5.9;1;VOLKSWAGEN;CFGBX0AC-FD6FD62E0297MG5VR2;SHARAN / 2.0 / TDI AUT.;Nemcija;DEU;osebni avtomobil;204;karavan;SHARAN 
125;1725;5.9;1;VOLKSWAGEN;ACCFGBX1-AD6AD62E086STP37MQCNVR2O;PASSAT / ALLTRACK 2.0 / TDI 4M AUT.;Nemcija;DEU;osebni avtomobil;210;karavan;PASSAT 
125;1668;5.9;1;VOLKSWAGEN;AACFGBX1-AD6AD62E083ST7MGVR25;PASSAT CC / 2.0 / TDI 4M AUT.;Nemcija;DEU;osebni avtomobil;220;limuzina;PASSAT CC 
125;1634;5.9;1;VOLKSWAGEN;CFJAAC-FD6FD62E0187MGC5N1VR0SO;TOURAN / 2.0 / TDI AUT.;Nemcija;DEU;osebni avtomobil;207;karavan;TOURAN 
125;1575;5.9;1;VOLKSWAGEN;ACCBBBX0-FM6FM62Q017ST7MBS;PASSAT / VARIANT 2.0 / TDI;Nemcija;DEU;osebni avtomobil;220;karavan;PASSAT 
125;1368;5.9;1;VOLKSWAGEN;ACBMNX0-FM6FM62Q0177GGN1;GOLF / 2.0 / GT TDI;Nemcija;DEU;osebni avtomobil;220;karavan;GOLF 
125;1368;5.9;1;VOLKSWAGEN;ABBMNX0-FM6FM62Q0177GGN1;GOLF / 2.0 / GT TDI;Nemcija;DEU;osebni avtomobil;220;vozilo z dviûnimi vrati zadaj;GOLF 
125;1565;6.1;0;AUDI;ACJEBF1-FM6B1004RB8K1S57MGEM1;A4 AVANT / 1.8 / TFSI;Nemcija;DEU;osebni avtomobil;222;karavan;A4 AVANT 
125;1445;6.1;0;BMW;VF91-AA;320 / / i;Nemcija;DEU;osebni avtomobil;228;limuzina;320
125;1651;6.1;1;CITROEN;RC4HTH;C5 II / 2.2 / HDi 16V;Francija;FRA;osebni avtomobil;222;vozilo z dviûnimi vrati zadaj;C5 II 
125;1925;6.1;1;MERCEDES BENZ;H70RP1-NZAAA500;GLK / 220 BLUETEC / 4-MATIC AUT.;Nemcija;DEU;osebni avtomobil;205;karavan;GLK 
125;1880;6.1;1;MERCEDES BENZ;H7S2M1-NZCEA500;GLK / 220 CDI / 4-MATIC AUT.;Nemcija;DEU;osebni avtomobil;205;karavan;GLK 
125;1790;6.1;1;MERCEDES BENZ;H702M0-KZAAA502;GLK / 220 CDI /;Nemcija;DEU;osebni avtomobil;205;karavan;GLK 
125;1735;6.1;1;MERCEDES BENZ;J002M0-SZAAA501;E / 220 / CDI AUT.;Nemcija;DEU;osebni avtomobil;227;limuzina;E 
125;1630;6.1;1;MERCEDES BENZ;H20MK0-KZAAA501;C / 220 T / CDI;Nemcija;DEU;osebni avtomobil;224;karavan;C 
125;1610;6.1;1;MERCEDES BENZ;H002M0-SZAAA502;C / 220 / CDI AUT.;Nemcija;DEU;osebni avtomobil;231;limuzina;C 
125;1585;6.1;1;MERCEDES BENZ;H00ML0-KZAAA500;C / 220 / CDI;Nemcija;DEU;osebni avtomobil;229;limuzina;C 
125;1530;6.1;1;MERCEDES BENZ;H00MK0-SZAAA501;C / 220 / CDI;Nemcija;DEU;osebni avtomobil;220;limuzina;C 
125;1345;6.1;1;MERCEDES BENZ;H00MK0-KZAAA500;C / 220 / CDI;Nemcija;DEU;osebni avtomobil;229;limuzina;C 
125;1788;6.1;1;OPEL;EBHMA12-BA2S1BGDJ5;ZAFIRA / TOURER 2.0 / CDTI AUT.;Nemcija;DEU;osebni avtomobil;205;karavan;ZAFIRA 
125;1788;6.1;1;OPEL;EAHMA12-BA2R5BGDJ7;ZAFIRA / TOURER 2.0 / CDTI AUT.;Nemcija;DEU;osebni avtomobil;205;vecnamensko vozilo;ZAFIRA 
125;1613;6.1;1;OPEL;CA092CB12-BA1ZAGCBH15;INSIGNIA GRAND SPORT / 2.0 / CDTI AUT.;Nemcija;DEU;osebni avtomobil;223;vozilo z dviûnimi vrati zadaj;INSIGNIA GRAND SPORT 
125;1571;6.1;0;OPEL;BAEFC12-BA3K2JBTB5;ASTRA / GTC 1.6 / 16V TURBO;Nemcija;DEU;osebni avtomobil;219;vozilo z dviûnimi vrati zadaj;ASTRA 
125;1699;6.1;1;PEUGEOT;6D4HTH;407 / 2.2 / HDI;Francija;FRA;osebni avtomobil;225;limuzina;407
125;1594;6.1;1;äKODA;ACCFGBX01-NFD6FD62E018W0;SUPERB / COMBI 2.0 / TDI AUT.;Ceöka republika;CZE;osebni avtomobil;218;karavan;SUPERB 
125;1590;6.1;1;äKODA;AACBBBX01-NFD6FD62E018;SUPERB / 2.0 / TDI AUT.;Ceöka republika;CZE;osebni avtomobil;220;limuzina;SUPERB 
125;1572;6.1;1;äKODA;AACBBBX01-NFD6FD62E018W;SUPERB / 2.0 / TDI AUT.;Ceöka republika;CZE;osebni avtomobil;220;limuzina;SUPERB 
125;1611;6.1;1;VOLKSWAGEN;AABMRX0-FM6FM62Q017STO7GG;PASSAT / 2.0 / TDI;Nemcija;DEU;osebni avtomobil;223;limuzina;PASSAT 
125;1567;6.1;1;VOLKSWAGEN;AACBBBX0-FD6FD62E018ST7MB;PASSAT CC / 2.0 / TDI AUT.;Nemcija;DEU;osebni avtomobil;224;limuzina;PASSAT CC 
125;1552;6.1;1;VOLKSWAGEN;AACBBBX0-FD6FD62E018ST7MGS;PASSAT / 2.0 / TDI AUT.;Nemcija;DEU;osebni avtomobil;220;limuzina;PASSAT 
125;1532;6.1;1;VOLKSWAGEN;AABMRX0-FM6FM62Q017S17GGS;PASSAT / 2.0 / TDI;Nemcija;DEU;osebni avtomobil;223;limuzina;PASSAT 
125;1830;6.2;1;AUDI;XCGLBQ1-QM6B2023R8R727MGEM1;Q5 / 2.0 / TDI Q;Nemcija;DEU;osebni avtomobil;204;karavan;Q5 
125;1730;6.2;0;AUDI;KCJEBF1-FAVAW010RB8T1S47MGEM1;A5 CABRIOLET / 1.8 / TFSI AUT.;Nemcija;DEU;osebni avtomobil;213;kabriolet;A5 CABRIOLET 
125;1705;6.2;1;AUDI;HCAHAQ1-QM6B2007R8KH77MGEM1;A4 ALLROAD QUATTRO / 2.0 / TDI;Nemcija;DEU;osebni avtomobil;213;karavan;A4 ALLROAD QUATTRO 
125;1670;6.2;1;AUDI;ACAHAQ1-QM6B2003R8K617MB;A4 AVANT / 2.0 / TDI Q;Nemcija;DEU;osebni avtomobil;220;karavan;A4 AVANT 
125;1685;6.2;1;CITROEN;RE4HTH;C5 II / BREAK 2.2 / HDi 16V;Francija;FRA;osebni avtomobil;217;karavan;C5 II 
125;2048;6.2;1;FORD;FAC-YNFS1EBX-M9WRAZCBSATA;TRANSIT CUSTOM KOMBI / 2.0 TDCi 125 / 340 L1 H1;Nemcija;DEU;osebni avtomobil;155;vecnamensko vozilo;TRANSIT CUSTOM KOMBI 
125;1925;6.2;1;MERCEDES BENZ;H70RP1-NZAAA501;GLK / 220 CDI / BLUETEC 4-MATIC AUT.;Nemcija;DEU;osebni avtomobil;205;karavan;GLK 
125;1880;6.2;1;MERCEDES BENZ;H7S2M1-NZCEA501-;GLK / 220 CDI / 4-MATIC AUT.;Nemcija;DEU;osebni avtomobil;205;karavan;GLK 
125;1865;6.2;1;MERCEDES BENZ;R80RP1-CZAA051A;GLC / 220 d / 4-MATIC AUT.;Nemcija;DEU;osebni avtomobil;210;vozilo z dviûnimi vrati zadaj;GLC 
125;1845;6.2;1;MERCEDES BENZ;J202M0-SZAAA505;E / 220 T / CDI AUT.;Nemcija;DEU;osebni avtomobil;216;karavan;E 
125;1735;6.2;1;MERCEDES BENZ;J002M0-SZAAA522;E / 220 / CDI AUT.;Nemcija;DEU;osebni avtomobil;227;limuzina;E 
125;1610;6.2;1;MERCEDES BENZ;H002M0-SZAAA502;C / 220 / CDI AUT.;Nemcija;DEU;osebni avtomobil;231;limuzina;C 
125;1605;6.2;1;MERCEDES BENZ;204;C / 220 / CDI;Nemcija;DEU;osebni avtomobil;228;limuzina;C 
125;1345;6.2;1;MERCEDES BENZ;204-H00MK0;C / 220 / CDI;Nemcija;DEU;osebni avtomobil;229;limuzina;C 
125;1688;6.2;1;OPEL;DF092CB12-BA1ZAGCBH15;INSIGNIA SPORTS TOURER / 2.0 / CDTI AUT.;Nemcija;DEU;osebni avtomobil;220;karavan;INSIGNIA SPORTS TOURER 
125;1664;6.2;0;OPEL;DAEFC12-BA1N4JNJA5;INSIGNIA / 1.6 / 16V TURBO;Nemcija;DEU;osebni avtomobil;215;karavan;INSIGNIA 
125;1613;6.2;1;OPEL;CA092CB12-BA1ZAGCBH15;INSIGNIA GRAND SPORT / 2.0 / CDTI AUT.;Nemcija;DEU;osebni avtomobil;223;vozilo z dviûnimi vrati zadaj;INSIGNIA GRAND SPORT 
125;1750;6.2;1;PEUGEOT;6E4HTH;407 / BREAK 2.2 / HDI;Francija;FRA;osebni avtomobil;221;karavan;407
125;1605;6.2;1;SEAT;AFBMNX01-SGFM62Q017O7GG;ALTEA / 2.0 / TDI;äpanija;ESP;osebni avtomobil;208;vecnamensko vozilo;ALTEA 
125;1632;6.2;1;äKODA;AACFGBX11-NAM6AM62Q0180;SUPERB / 2.0 / TDI 4x4;Ceöka republika;CZE;osebni avtomobil;219;limuzina;SUPERB 
125;1594;6.2;1;äKODA;ACCBBBX01-NFD6FD62E018W;SUPERB / COMBI 2.0 / TDI AUT.;Ceöka republika;CZE;osebni avtomobil;218;karavan;SUPERB 
125;1597;6.2;1;VOLKSWAGEN;ACCBBBX0-FA6FD62E018VI7MBS;PASSAT / VARIANT 2.0 / TDI AUT.;Nemcija;DEU;osebni avtomobil;217;karavan;PASSAT 
125;1465;6.3;0;BMW;392CWA71-AB;320 / COUPE / I AUT.;Nemcija;DEU;osebni avtomobil;228;kupe;320
125;1435;6.3;0;BMW;WA71-AA;320 / / i;Nemcija;DEU;osebni avtomobil;230;kupe;320
125;1395;6.3;0;BMW;UD11-AL;120 / / i AUT.;Nemcija;DEU;osebni avtomobil;222;karavan;120
125;2241;6.3;1;FORD;FAC-YNFS1EBX-M9WRCZCBSAUD;TRANSIT CUSTOM KOMBI / 2.0 TDCi 125 / 340 L2 H1;Nemcija;DEU;osebni avtomobil;155;vozilo za posebne namene;TRANSIT CUSTOM KOMBI 
125;2181;6.3;1;FORD;FAC-YNFS1DBX-E9WJAZCBSAUD;TOURNEO CUSTOM / 2.0 TDCi 125 / 310 L1 H1;Nemcija;DEU;osebni avtomobil;180;vecnamensko vozilo;TOURNEO CUSTOM 
125;2117;6.3;1;FORD;FAC-YNFS1EBX-E9WJCZCBSAUD;TRANSIT CUSTOM KOMBI / 2.0 TDCi 125 / 310 L2 H1;Nemcija;DEU;osebni avtomobil;175;vecnamensko vozilo;TRANSIT CUSTOM KOMBI 
125;2115;6.3;1;FORD;FAC-YNFS1EBX-S9WJCZCBSAUC;TRANSIT CUSTOM KOMBI / 2.0 TDCi 125 / 320 L2 H1;Nemcija;DEU;osebni avtomobil;175;vecnamensko vozilo;TRANSIT CUSTOM KOMBI 
125;1615;6.3;1;MERCEDES BENZ;U00ML0-KCAAA500;E / 220 / CDI;Nemcija;DEU;osebni avtomobil;227;limuzina;E 
125;1585;6.3;1;MERCEDES BENZ;H00MK0-KZAAA501;C / 220 / CDI;Nemcija;DEU;osebni avtomobil;229;limuzina;C 
125;1510;6.3;1;MERCEDES BENZ;204;C / 220 / CDI;Nemcija;DEU;osebni avtomobil;229;limuzina;C 
125;1772;6.3;1;OPEL;DF0HMBB22-BA1P4FAPK5;INSIGNIA SPORTS TOURER / 2.0 / CDTI AWD;Nemcija;DEU;osebni avtomobil;220;karavan;INSIGNIA SPORTS TOURER 
125;1716;6.3;1;OPEL;DF0HMBB22-BA1P6FAPK5;INSIGNIA SPORTS TOURER / 2.0 / CDTI AWD;Nemcija;DEU;osebni avtomobil;220;karavan;INSIGNIA SPORTS TOURER 
125;1666;6.3;1;OPEL;DA092CB12-BA1ZAGCBH15;INSIGNIA SPORTS TOURER / 2.0 / CDTI AUT.;Nemcija;DEU;osebni avtomobil;220;karavan;INSIGNIA SPORTS TOURER 
125;1654;6.3;1;äKODA;ACCFGBX11-NAM6AM62Q018W0;SUPERB / COMBI 2.0 / TDI 4x4;Ceöka republika;CZE;osebni avtomobil;217;karavan;SUPERB 
125;1565;6.3;1;äKODA;ACCFJAX1-NAD6AD62E083ST0;YETI / 2.0 / TDI 4X4 AUT.;Ceöka republika;CZE;osebni avtomobil;197;karavan;YETI 
125;1688;6.3;1;VOLKSWAGEN;3CACBMRX0-FM6FM62Q017STP7GG;PASSAT / VARIANT 2.0 / TDI;Nemcija;DEU;osebni avtomobil;220;karavan;PASSAT 
125;1681;6.3;1;VOLKSWAGEN;ACCFGBX1-AM6AM6A6008NDSTVR07MG;TIGUAN / 2.0 / TDI 4M;Nemcija;DEU;osebni avtomobil;201;karavan;TIGUAN 
125;1666;6.3;1;VOLKSWAGEN;ACBMRX0-FM6FM62Q017STP7GG;PASSAT / VARIANT 2.0 / TDI;Nemcija;DEU;osebni avtomobil;220;karavan;PASSAT 
125;1135;6.4;0;ABARTH;NF6EK60W2;124 SPIDER / /;Italija;ITA;osebni avtomobil;224;kabriolet;124 SPIDER 
125;1705;6.4;1;AUDI;HCAHAQ1-QM6B2007R8KH77MG;A4 / ALLROAD QUATTRO / 2.0 TDI;Nemcija;DEU;osebni avtomobil;213;karavan;A4 
125;1555;6.4;1;AUDI;8P LBMNQ1 QM62Q018R8P61T47GG;A3 / 2.0 / TDI Q;Nemcija;DEU;osebni avtomobil;220;vozilo z dviûnimi vrati zadaj;A3 
125;1515;6.4;1;AUDI;LBMNQ1-QM62Q018R8P61T27GG;A3 / 2.0 / TDI Q;Nemcija;DEU;osebni avtomobil;220;vozilo z dviûnimi vrati zadaj;A3 
125;1505;6.4;0;BMW;US91-5A;320 / TOURING / i;Nemcija;DEU;osebni avtomobil;226;karavan;320
125;1445;6.4;0;BMW;PG31-5A;320 / / i;Nemcija;DEU;osebni avtomobil;228;limuzina;320
125;1365;6.4;0;BMW;UA71-AJ;120 / / i;Nemcija;DEU;osebni avtomobil;224;karavan;120
125;2001;6.4;1;FIAT;F1MFT-D7MD1A;FREEMONT / 2.0 / MULTIJET;Zdruûene drûave;USA;osebni avtomobil;197;vecnamensko vozilo;FREEMONT 
125;1960;6.4;1;FIAT;F1MFT-C7MD1A;FREEMONT / 2.0 / MULTIJET;Zdruûene drûave;USA;osebni avtomobil;197;vecnamensko vozilo;FREEMONT 
125;1940;6.4;1;FIAT;F1MFT-C7MD2A;FREEMONT / 2.0 / MULTIJET;Zdruûene drûave;USA;osebni avtomobil;197;vecnamensko vozilo;FREEMONT 
125;2374;6.4;1;FORD;FAC-YNFS1DBX-E9WJCZCBSAXD;TOURNEO CUSTOM / 2.0 TDCi 125 / 310 L2 H1;Nemcija;DEU;osebni avtomobil;180;vozilo za posebne namene;TOURNEO CUSTOM 
125;2328;6.4;1;FORD;FAC-YNFS1RBX-E9WJAZCBSAXD;TOURNEO CUSTOM BC / 2.0 TDCi 125 / 310 L1 H1;Nemcija;DEU;osebni avtomobil;180;vecnamensko vozilo;TOURNEO CUSTOM BC 
125;2224;6.4;1;FORD;FAC-YNFS1DBX-E9WJCZCBSAXD;TOURNEO CUSTOM / 2.0 TDCi 125 / 310 L2 H1;Nemcija;DEU;osebni avtomobil;180;vecnamensko vozilo;TOURNEO CUSTOM 
125;2203;6.4;1;FORD;FAD-YNFS1ECX-E9WJCZCBSAVC;TRANSIT / 310 L3 H2 2.0 96 S;Nemcija;DEU;osebni avtomobil;155;vecnamensko vozilo;TRANSIT 
125;1925;6.4;1;MERCEDES BENZ;H70RP1-NZAAA503;GLK / 220 CDI / BLUETEC 4-MATIC AUT.;Nemcija;DEU;osebni avtomobil;205;karavan;GLK 
125;1670;6.4;1;MERCEDES BENZ;L302M0-SZAAA412;E / 220 / CDI AUT.;Nemcija;DEU;osebni avtomobil;234;kupe;E 
125;1901;6.4;1;OPEL;DAHMA24-BA1S4BGDM5;INSIGNIA / 2.0 / CDTI AWD AUT.;Nemcija;DEU;osebni avtomobil;205;karavan;INSIGNIA 
125;1666;6.4;1;OPEL;DA092CB12-BA1ZAGCBH15;INSIGNIA SPORTS TOURER / 2.0 / CDTI AUT.;Nemcija;DEU;osebni avtomobil;220;karavan;INSIGNIA SPORTS TOURER 
125;1725;6.4;1;PEUGEOT;9U4HTH;607 / 2.2 / HDI;Francija;FRA;osebni avtomobil;224;limuzina;607
125;1665;6.4;1;äKODA;AACBBBX11-NAM6AM62Q018;SUPERB / 2.0 / TDI 4x4;Ceöka republika;CZE;osebni avtomobil;219;limuzina;SUPERB 
125;1647;6.4;1;äKODA;AACBBBX11-NAM6AM62Q018W;SUPERB / 2.0 / TDI 4x4;Ceöka republika;CZE;osebni avtomobil;219;limuzina;SUPERB 
125;1676;6.4;1;VOLKSWAGEN;ACCBBBX1-AD6AD62E083ST7MGSVR0;PASSAT / VARIANT 2.0 / TDI 4M AUT.;Nemcija;DEU;osebni avtomobil;214;karavan;PASSAT 
125;1661;6.4;1;VOLKSWAGEN;AACBBBX1-AD6AD62E083VI7MGVR05;PASSAT CC / 2.0 / TDI 4M AUT.;Nemcija;DEU;osebni avtomobil;221;limuzina;PASSAT CC 
125;1627;6.4;1;VOLKSWAGEN;AACBBBX1-AD6AD62E083ST7MGVR04;PASSAT CC / 2.0 / TDI 4M AUT.;Nemcija;DEU;osebni avtomobil;221;limuzina;PASSAT CC 
125;1587;6.4;1;VOLKSWAGEN;ACBMRX0-FM6FM62Q017ST7GGS;PASSAT / VARIANT 2.0 / TDI;Nemcija;DEU;osebni avtomobil;220;karavan;PASSAT 
125;1494;6.4;1;VOLKSWAGEN;ABBMNX0-FA6FA62E018N47GGVI;GOLF / 2.0 / GT TDI AUT.;Nemcija;DEU;osebni avtomobil;218;vozilo z dviûnimi vrati zadaj;GOLF 
125;1435;6.4;1;VOLKSWAGEN;ABBMNX0-FA6FA62E018N47GGN1;GOLF / 2.0 / GT TDI AUT.;Nemcija;DEU;osebni avtomobil;218;vozilo z dviûnimi vrati zadaj;GOLF 
125;1845;6.44;1;MERCEDES BENZ;R70RP1-CZAA050A;GLC / 220 d / 4-MATIC AUT.;Nemcija;DEU;osebni avtomobil;210;karavan;GLC 
125;1445;6.5;0;BMW;PG31-5A;320 / / i;Nemcija;DEU;osebni avtomobil;228;limuzina;320
125;1804;6.5;1;CITROEN;RD4HTH;C5 III / 2.2 / HDi 16V;Francija;FRA;osebni avtomobil;219;limuzina;C5 III 
125;2372;6.5;1;FORD;FAC-YNFS1RBX-E9WJCZCBSAYD;TOURNEO CUSTOM BC / 2.0 TDCi 125 / 310 L2 H1;Nemcija;DEU;osebni avtomobil;175;vecnamensko vozilo;TOURNEO CUSTOM BC 
125;2372;6.5;1;FORD;FAC-YNFS1RBX-E9WJCZCBSAYD;TOURNEO CUSTOM BC / 2.0 TDCi 125 / 310 L2 H1;Nemcija;DEU;osebni avtomobil;175;vozilo z dostopom za invalidski vozicek;TOURNEO CUSTOM BC 
125;2362;6.5;1;FORD;FAC-YNFS1DSX-E8WJCZCBSAYD;TOURNEO CUSTOM / 2.0 TDCi 125 / SPORT;Nemcija;DEU;osebni avtomobil;175;vecnamensko vozilo;TOURNEO CUSTOM 
125;1925;6.5;1;MERCEDES BENZ;H70RP1-NZAAA504;GLK / 220 CDI / BLUETEC 4-MATIC AUT.;Nemcija;DEU;osebni avtomobil;205;karavan;GLK 
125;1880;6.5;1;MERCEDES BENZ;H7S2M1-NZCDA503;GLK / 220 CDI / 4-MATIC AUT.;Nemcija;DEU;osebni avtomobil;205;karavan;GLK 
125;1845;6.5;1;MERCEDES BENZ;R70RP1-CZAA050A;GLC / 220 d / 4-MATIC AUT.;Nemcija;DEU;osebni avtomobil;210;karavan;GLC 
125;1490;6.5;1;MERCEDES BENZ;R00CF0-TCBBA501;C / 220 / CDI AUT.;Nemcija;DEU;osebni avtomobil;229;limuzina;C 
125;1733;6.5;1;OPEL;EA092CB12-BH2PAKFPF25;ZAFIRA / TOURER 2.0 / CDTI;Nemcija;DEU;osebni avtomobil;210;karavan;ZAFIRA 
125;1701;6.5;0;OPEL;DAETC12-BA1N4JNJL5;INSIGNIA / 1.6 / 16V TURBO;Nemcija;DEU;osebni avtomobil;215;karavan;INSIGNIA 
125;1669;6.5;1;äKODA;ACCBBBX11-NAM6AM62Q018W;SUPERB / COMBI 2.0 / TDI 4x4;Ceöka republika;CZE;osebni avtomobil;217;karavan;SUPERB 
125;1554;6.5;1;VOLKSWAGEN;AABMRX0-FA6FA62E018S17GGS;PASSAT / 2.0 / TDI AUT.;Nemcija;DEU;osebni avtomobil;220;limuzina;PASSAT 
125;1155;6.6;0;ABARTH;NF6EKA0W2;124 SPIDER / / CA;Italija;ITA;osebni avtomobil;222;kabriolet;124 SPIDER 
125;1670;6.6;0;BMW;WK71-01;320 / CABRIO / i;Nemcija;DEU;osebni avtomobil;228;kabriolet;320
125;1505;6.6;0;BMW;UM51-AA;120 / CABRIO / i;Nemcija;DEU;osebni avtomobil;220;kabriolet;120
125;1435;6.6;0;BMW;WA71-5A;320 / / i;Nemcija;DEU;osebni avtomobil;230;kupe;320
125;1895;6.6;1;CITROEN;TD4HTH;C6 / 2.2 / HDI;Francija;FRA;osebni avtomobil;217;limuzina;C6 
125;1840;6.6;1;CITROEN;RW4HTH;C5 III / TOURER 2.2 / HDi 16V;Francija;FRA;osebni avtomobil;216;karavan;C5 III 
125;1645;6.6;1;MERCEDES BENZ;T316F0-KDAAA401;CLK / 270 / CDI;Nemcija;DEU;osebni avtomobil;230;kupe;CLK 
125;1640;6.6;1;MERCEDES BENZ;U00ML0-SZAAA500;E / 220 / CDI AUT.;Nemcija;DEU;osebni avtomobil;225;limuzina;E 
125;1605;6.6;1;MERCEDES BENZ;H00ML0-SZAAA500;C / 220 / CDI AUT.;Nemcija;DEU;osebni avtomobil;228;limuzina;C 
125;1733;6.6;0;OPEL;EAEFC12-BA2N4JNTA7;ZAFIRA / 1.6 / 16V TURBO;Nemcija;DEU;osebni avtomobil;212;vecnamensko vozilo;ZAFIRA 
125;1666;6.6;1;OPEL;DA092CB12-BA1ZAGCBH15;INSIGNIA SPORTS TOURER / 2.0 / CDTI AUT.;Nemcija;DEU;osebni avtomobil;220;karavan;INSIGNIA SPORTS TOURER 
125;1681;6.6;1;VOLKSWAGEN;ACCBBBX1-AM6AM6A6006NDSTVR07MG;TIGUAN / 2.0 / TDI 4M;Nemcija;DEU;osebni avtomobil;201;karavan;TIGUAN 
125;1672;6.6;1;VOLKSWAGEN;BMNAF-FM6FM62Q0177GGS7N1;TOURAN / 2.0 / TDI;Nemcija;DEU;osebni avtomobil;214;vecnamensko vozilo;TOURAN 
125;1625;6.6;1;VOLKSWAGEN;BMNAC-FM6FM62Q0177GGS5S1;TOURAN / 2.0 / TDI;Nemcija;DEU;osebni avtomobil;214;karavan;TOURAN 
125;1820;6.7;1;AUDI;XCAHAQ1-QM6B2016R8R707GG;Q5 / 2.0 / TDI Q;Nemcija;DEU;osebni avtomobil;204;karavan;Q5 
125;1605;6.7;1;AUDI;LBRDQ1-QM63A0R8E507GG;A4 / 2.0 / TDI Q;Nemcija;DEU;osebni avtomobil;224;limuzina;A4 
125;1700;6.7;0;BMW;WK71-02;320 / CABRIO / i AUT.;Nemcija;DEU;osebni avtomobil;226;kabriolet;320
125;1535;6.7;0;BMW;NT31-AA;520 / / i;Nemcija;DEU;osebni avtomobil;224;limuzina;520
125;1435;6.7;0;BMW;WA71-5A;320 / / i;Nemcija;DEU;osebni avtomobil;230;kupe;320
125;1845;6.7;1;MERCEDES BENZ;H702M1-NZAAA500;GLK / 220 CDI / 4-MATIC AUT.;Nemcija;DEU;osebni avtomobil;205;karavan;GLK 
125;1640;6.7;1;MERCEDES BENZ;211U00MK0-SZAAA500;E / 220 / CDI AUT.;Nemcija;DEU;osebni avtomobil;228;limuzina;E 
125;1640;6.7;1;MERCEDES BENZ;U00ML0-SCAAA500;E / 220 / CDI AUT.;Nemcija;DEU;osebni avtomobil;225;limuzina;E 
125;1615;6.7;1;MERCEDES BENZ;211U00MK0-KCAAA500;E / 220 / CDI AUT.;Nemcija;DEU;osebni avtomobil;227;limuzina;E 
125;1605;6.7;1;MERCEDES BENZ;H00MK0-SZAAA501;C / 220 / CDI AUT.;Nemcija;DEU;osebni avtomobil;228;limuzina;C 
125;1710;6.7;1;VOLKSWAGEN;3CACBMRX0-FA6FA62E018STP7GG;PASSAT / VARIANT 2.0 / TDI AUT.;Nemcija;DEU;osebni avtomobil;217;karavan;PASSAT 
125;1705;6.7;1;VOLKSWAGEN;ACBMRX0-FA6FA62E018STP7GG;PASSAT / VARIANT 2.0 / TDI AUT.;Nemcija;DEU;osebni avtomobil;217;karavan;PASSAT 
125;1628;6.7;1;VOLKSWAGEN;3CACBMRX0;PASSAT / VAR. 2.0 / TDI / AUT;Nemcija;DEU;osebni avtomobil;217;karavan;PASSAT 
125;1609;6.7;1;VOLKSWAGEN;ACBMRX0-FA6FA62E018ST7GG;PASSAT / VARIANT 2.0 / TDI AUT.;Nemcija;DEU;osebni avtomobil;217;karavan;PASSAT 
125;1609;6.7;1;VOLKSWAGEN;ACBMRX0-FA6FA62E018S17GGS;PASSAT / VARIANT 2.0 / TDI AUT.;Nemcija;DEU;osebni avtomobil;217;vozilo za posebne namene;PASSAT 
125;1845;6.8;1;AUDI;XCAHAQ1-QD7B5016R8R707GG;Q5 / 2.0 / TDI Q AUT.;Nemcija;DEU;osebni avtomobil;200;karavan;Q5 
125;1655;6.8;1;AUDI;ABRDQ1-QM63A0R8E507GG;A4 / AVANT 2.0 / TDI Q;Nemcija;DEU;osebni avtomobil;216;karavan;A4 
125;1670;6.8;0;BMW;DV51-5A;320 / CABRIO / i;Nemcija;DEU;osebni avtomobil;228;kabriolet;320
125;1505;6.8;0;BMW;UM51-5H000;120 / CABRIO / i;Nemcija;DEU;osebni avtomobil;220;kabriolet;120
125;1475;6.8;0;BMW;PG31-5B;320 / / i AUT.;Nemcija;DEU;osebni avtomobil;226;limuzina;320
125;1845;6.8;1;MERCEDES BENZ;H702M1-NZBBA501;GLK / 220 CDI / 4-MATIC AUT.;Nemcija;DEU;osebni avtomobil;205;karavan;GLK 
125;1650;6.8;1;MERCEDES BENZ;H20MK0-SZAAA501;C / 220 T / CDI AUT.;Nemcija;DEU;osebni avtomobil;220;karavan;C 
125;1645;6.8;1;MERCEDES BENZ;209.316-T316F0KDAAA402;CLK / 270 / CDI;Nemcija;DEU;osebni avtomobil;230;kupe;CLK 
125;1643;6.8;1;SEAT;AXBMNX11-QMAM62Q0187GG;ALTEA 4 FREETRACK / 2.0 / TDI;äpanija;ESP;osebni avtomobil;204;vecnamensko vozilo;ALTEA 4 FREETRACK 
125;1670;6.9;0;BMW;WK71-5A;320 / CABRIO / i;Nemcija;DEU;osebni avtomobil;228;kabriolet;320
125;1758;6.9;0;JEEP;MXJHTFEJ5MN1A;COMPASS / 1.4 / AWD;Zdruûene drûave;USA;osebni avtomobil;204;vecnamensko vozilo;COMPASS 
125;1505;6.9;0;JEEP;BUAXE2205A;RENEGADE / 1.4 / 4WD CA;Zdruûene drûave;USA;osebni avtomobil;196;vecnamensko vozilo;RENEGADE 
125;1865;6.9;1;MERCEDES BENZ;R80RP1-CZAA050A-;GLC / 220 d / 4-MATIC AUT.;Nemcija;DEU;osebni avtomobil;210;vozilo z dviûnimi vrati zadaj;GLC 
125;1845;6.9;1;MERCEDES BENZ;H702M1-NZBCA502;GLK / 220 CDI / 4-MATIC AUT.;Nemcija;DEU;osebni avtomobil;205;karavan;GLK 
125;1665;6.9;1;MERCEDES BENZ;209T316F0-SEAAA401;CLK / 270 / CDI AUT.;Nemcija;DEU;osebni avtomobil;228;kupe;CLK 
125;1665;6.9;1;MERCEDES BENZ;209;CLK / 270 / CDI;Nemcija;DEU;osebni avtomobil;228;limuzina;CLK 
125;1645;6.9;1;MERCEDES BENZ;209;CLK / 270 / CDI;Nemcija;DEU;osebni avtomobil;230;kupe;CLK 
125;1605;6.9;1;MERCEDES BENZ;204;C / 220 / CDI;Nemcija;DEU;osebni avtomobil;228;limuzina;C 
125;1706;6.9;1;VOLKSWAGEN;BMNAF-FA6FD62E0187GGS7S1;TOURAN / 2.0 / TDI AUT.;Nemcija;DEU;osebni avtomobil;212;vecnamensko vozilo;TOURAN 
125;1660;6.9;1;VOLKSWAGEN;BMNAC-FA6FD62E0187GGS5S1;TOURAN / 2.0 / TDI AUT.;Nemcija;DEU;osebni avtomobil;212;karavan;TOURAN 
125;1895;7.1;1;AUDI;XCGLBQ1-QD7B5035R8R727MKEM0;Q5 / 2.0 / TDI Q AUT.;Nemcija;DEU;osebni avtomobil;200;karavan;Q5 
125;1470;7.1;0;AUDI;CCABDF1-FM6B1001R8T920GG;A5 / 1.8 / TFSI;Nemcija;DEU;osebni avtomobil;228;kupe;A5 
125;2420;7.1;1;FORD;FAC-YNFS1RBX-E8APCZCBSAYD;TOURNEO CUSTOM BC / 2.0 TDCi 125 / 310 L2 H1 A6;Nemcija;DEU;osebni avtomobil;170;vecnamensko vozilo;TOURNEO CUSTOM BC 
125;1838;7.1;1;JEEP;MXJHVFVL5ME1C;COMPASS / 2.0 / JTD 4X4;Zdruûene drûave;USA;osebni avtomobil;196;vecnamensko vozilo;COMPASS 
125;1785;7.1;1;MERCEDES BENZ;U20ML0-KDAAA500;E / 220 T / CDI;Nemcija;DEU;osebni avtomobil;218;karavan;E 
125;1665;7.1;1;MERCEDES BENZ;T316F0-SEAAA402;CLK / 270 / CDI AUT.;Nemcija;DEU;osebni avtomobil;228;kupe;CLK 
125;1650;7.1;1;MERCEDES BENZ;R216F0-KFAAA500;C / 270 T / CDI;Nemcija;DEU;osebni avtomobil;224;karavan;C 
125;1640;7.1;1;MERCEDES BENZ;U00MK0-SZAAA512;E / 220 / CDI AUT.;Nemcija;DEU;osebni avtomobil;225;limuzina;E 
125;1620;7.1;1;MERCEDES BENZ;R016F0-SDAAA50;C / 270 / CDI;Nemcija;DEU;osebni avtomobil;225;limuzina;C 
125;1788;7.1;1;OPEL;EA092CA12-BA2PALBG525;ZAFIRA / TOURER 2.0 / CDTI AUT.;Nemcija;DEU;osebni avtomobil;190;karavan;ZAFIRA 
125;1651;7.1;0;SUBARU;VM4-C3L;LEVORG / 1.6 / GT S CVT AWD;Japonska ;JPN;osebni avtomobil;210;karavan;LEVORG 
125;1865;7.2;1;CITROEN;EB4HTH;C8 / 2.2 / HDI;Francija;FRA;osebni avtomobil;200;vecnamensko vozilo;C8 
125;2114;7.2;1;FORD;FAC-BLFC1EBX-S9WRCSAEDAWVC;TRANSIT CUSTOM / 2.0 / K mHEV 125 H1L2 320 M6;Nemcija;DEU;osebni avtomobil;180;vecnamensko vozilo;TRANSIT CUSTOM 
125;1865;7.2;1;LANCIA;179BXM1B4AL;PHEDRA / 2.2 / JTD;Italija;ITA;osebni avtomobil;200;vecnamensko vozilo;PHEDRA 
125;1845;7.2;1;MERCEDES BENZ;R70RP1-CZAA050A;GLC / 220 d / 4-MATIC AUT.;Nemcija;DEU;osebni avtomobil;210;karavan;GLC 
125;1785;7.2;1;MERCEDES BENZ;U20MK0-KDAAA500;E / 220 T / CDI;Nemcija;DEU;osebni avtomobil;218;karavan;E 
125;1613;7.2;0;OPEL;CAETA12-BA1N1ACEJ5;INSIGNIA / 1.6 / TURBO AUT.;Nemcija;DEU;osebni avtomobil;210;vozilo z dviûnimi vrati zadaj;INSIGNIA 
125;1571;7.2;0;OPEL;DAETA12-BA1L2ADGJ5;ASTRA / ST 1.6 / TURBO AUT.;Nemcija;DEU;osebni avtomobil;211;karavan;ASTRA 
125;1865;7.2;1;PEUGEOT;EB4HTH;807 / 2.2 / HDI;Francija;FRA;osebni avtomobil;200;vecnamensko vozilo;807
125;2378;7.2;1;RENAULT;MAFM9TMLB31063D3T0;MASTER FURGON 2.3 / DCI;Francija;FRA;osebni avtomobil;161;vecnamensko vozilo;MASTER FURGON 2.3 
125;1585;7.3;0;AUDI;XCCZCQ1-QM62Q041R8U617MQEM1;Q3 / 2.0 / TFSI Q;Nemcija;DEU;osebni avtomobil;212;karavan;Q3 
125;1700;7.3;0;BMW;DV51-5B;320 / CABRIO / i AUT.;Nemcija;DEU;osebni avtomobil;226;kabriolet;320
125;1715;7.3;1;CITROEN;RE4HSJ;C5 II / BREAK 2.2 / HDi 16V AUT.;Francija;FRA;osebni avtomobil;217;karavan;C5 II 
125;2119;7.3;1;FIAT;F1SFT-D7MD1A;FREEMONT / 2.0 / MULTIJET 4x4;Zdruûene drûave;USA;osebni avtomobil;183;vecnamensko vozilo;FREEMONT 
125;2044;7.3;1;FIAT;F1SFT-C7MD2A;FREEMONT / 2.0 / MULTIJET 4X4;Zdruûene drûave;USA;osebni avtomobil;183;vecnamensko vozilo;FREEMONT 
125;1810;7.3;1;MERCEDES BENZ;U20MK0-SZAAA500;E / 220 T / CDI AUT.;Nemcija;DEU;osebni avtomobil;218;karavan;E 
125;1755;7.3;1;MERCEDES BENZ;210KJ216A0-SJAAA50;E / 270 T / CDI;Nemcija;DEU;osebni avtomobil;215;karavan;E 
125;1535;7.3;1;MERCEDES BENZ;MB-211;E / 220 / CDI;Nemcija;DEU;osebni avtomobil;228;limuzina;E 
125;2163;7.3;1;RENAULT;JLJM9RMMATAV100B30;TRAFIC / 2.0 / DCI AUT.;Francija;FRA;osebni avtomobil;176;vecnamensko vozilo;TRAFIC 
125;1425;7.3;0;VOLKSWAGEN;ABBLGX0-FM6FM62S018N20GGN1;GOLF / 1.4 / GT TSI;Nemcija;DEU;osebni avtomobil;220;vozilo z dviûnimi vrati zadaj;GOLF 
125;1424;7.3;0;VOLKSWAGEN;ABBLGX0-FM6FM62S018N40GGN1;GOLF / 1.4 / GT TSI;Nemcija;DEU;osebni avtomobil;220;vozilo z dviûnimi vrati zadaj;GOLF 
125;1510;7.4;0;AUDI;CCABDF1-FAVW0020R8T600GG;A5 / 1.8 / TFSI V-AUT.;Nemcija;DEU;osebni avtomobil;218;kupe;A5 
125;1620;7.4;1;MERCEDES BENZ;203;C / 270 / CDI;Nemcija;DEU;osebni avtomobil;225;limuzina;C 
125;2216;7.4;1;RENAULT;JLJM9RMMATAV142B30;TRAFIC / 2.0 / DCI AUT.;Francija;FRA;osebni avtomobil;176;vecnamensko vozilo;TRAFIC 
125;2193;7.4;1;RENAULT;JLJM9RMMATAV142A30;TRAFIC / 2.0 / DCI AUT.;Francija;FRA;osebni avtomobil;176;vecnamensko vozilo;TRAFIC 
125;1735;7.46;1;JEEP;BUAXR22E16E5T;RENEGADE / 2.0 / JTD CA 4WD TRAILHAWK;Zdruûene drûave;USA;osebni avtomobil;197;vecnamensko vozilo;RENEGADE 
125;1701;7.5;0;OPEL;EBETA12-BA2R2ADGJ5;ZAFIRA / TOURER 1.6 / TURBO AUT.;Nemcija;DEU;osebni avtomobil;208;karavan;ZAFIRA 
125;1893;7.5;1;PEUGEOT;EB4HSJ;807 / 2.2 / HDI AUT.;Francija;FRA;osebni avtomobil;197;vecnamensko vozilo;807
125;1923;7.6;1;CITROEN;TD4HSJ;C6 / 2.2 / HDI AUT.;Francija;FRA;osebni avtomobil;210;limuzina;C6 
125;2114;7.6;1;FORD;FAC-BLFC1EBX-S9WJCSAEDAFQC;TRANSIT CUSTOM / 2.0 / K mHEV 125 H1L2 320 M6;Nemcija;DEU;osebni avtomobil;175;vecnamensko vozilo;TRANSIT CUSTOM 
125;2424;7.6;1;RENAULT;JLJM9RMMATAV102B3S;TRAFIC / 2.0 / DCI AUT.;Francija;FRA;osebni avtomobil;176;vecnamensko vozilo;TRAFIC 
125;2415;7.6;1;RENAULT;JLJM9RMMATAV102B2S;TRAFIC / 2.0 / DCI AUT.;Francija;FRA;osebni avtomobil;176;vecnamensko vozilo;TRAFIC 
125;1597;7.6;0;VOLKSWAGEN;BLGAC-FA6FD62E0220GGS5S1;TOURAN / 1.4 / TSI AUT.;Nemcija;DEU;osebni avtomobil;212;karavan;TOURAN 
125;1630;7.7;0;AUDI;XCCZCQ1-QD7BH002R8U617MQEM1;Q3 / 2.0 / TFSI Q AUT.;Nemcija;DEU;osebni avtomobil;212;karavan;Q3 
125;2087;7.7;1;FORD;FAC-BLFA1EBX-S9WJCSADCAFMC;TRA. CUSTOM KOMBI/2.0 EB H1L2 125 320;Nemcija;DEU;osebni avtomobil;175;vecnamensko vozilo;TRA. CUSTOM KOMBI
125;2087;7.7;1;FORD;FAC-BLFA1EBX-S9WJCSADCAFMC;TRANSIT CUSTOM KOMBI/2.0 EB H1L2 125 320;Nemcija;DEU;osebni avtomobil;175;vecnamensko vozilo;TRANSIT CUSTOM KOMBI
125;1838;7.7;1;JEEP;MXJHVFVK5ME1A;COMPASS / 2.0 / JTD 4X4;Zdruûene drûave;USA;osebni avtomobil;196;vecnamensko vozilo;COMPASS 
125;1810;7.7;1;MERCEDES BENZ;U20MK0-SZAAA512;E / 220 T / CDI AUT.;Nemcija;DEU;osebni avtomobil;218;karavan;E 
125;1225;7.7;0;TOYOTA;ST20-2L;CELICA / 2.0;Japonska ;JPN;osebni avtomobil;225;kupe;CELICA 
125;1733;7.8;1;OPEL;V94-KOMBI;OMEGA / 2.5 / DTI;Nemcija;DEU;osebni avtomobil;203;karavan;OMEGA 
125;1701;7.8;0;OPEL;EAETA12-BH2P3ADGJ7;ZAFIRA / TOURER 1.6 / TURBO AUT.;Nemcija;DEU;osebni avtomobil;208;vecnamensko vozilo;ZAFIRA 
125;1640;7.8;0;VOLKSWAGEN;BLGAC-FA6FD62E0220GGC5N1;TOURAN / 1.4 / TSI AUT.;Nemcija;DEU;osebni avtomobil;206;karavan;TOURAN 
125;1250;7.9;0;BMW;BT-11;Z / 4;Nemcija;DEU;osebni avtomobil;224;kabriolet;Z 
125;2181;7.9;1;KIA;LCW441-54654;SORENTO / 2.5 / CRDI;Koreja. republika;KOR;osebni avtomobil;182;vecnamensko vozilo;SORENTO 
125;2065;7.9;1;KIA;JCW441-54654;SORENTO / 2.5 / CRDI;Koreja. republika;KOR;osebni avtomobil;182;vecnamensko vozilo;SORENTO 
125;2130;8.1;1;FORD;FAC-YNFA1EBX-S9WJCSABCACSC;TRANSIT CUSTOM KOMBI / 2.0 TDCI 125 320 L2 H1;Nemcija;DEU;osebni avtomobil;175;vecnamensko vozilo;TRANSIT CUSTOM KOMBI 
125;1430;8.1;0;MAZDA;GH14L6;MAZDA 6 / 2.5 / i;Japonska ;JPN;osebni avtomobil;220;vozilo z dviûnimi vrati zadaj;MAZDA 6 
125;1395;8.1;0;MAZDA;GH12L6;MAZDA 6 / 2.5 / i;Japonska ;JPN;osebni avtomobil;220;limuzina;MAZDA 6 
125;1720;8.2;0;AUDI;LBPJF1-FM6XC0R4F600GGP;A 6 / 2.0;Nemcija;DEU;osebni avtomobil;227;limuzina;A 6 
125;1893;8.2;1;CITROEN;EB4HSJ;C8 / 2.2 / HDI AUT.;Francija;FRA;osebni avtomobil;197;vecnamensko vozilo;C8 
125;2130;8.2;1;FORD;FAC-YNFA1EBX-S9WJCSABCACSC;TRANSIT CUSTOM KOMBI / 2.0 TDCI 125 320 L2 H1;Nemcija;DEU;osebni avtomobil;175;vecnamensko vozilo;TRANSIT CUSTOM KOMBI 
125;1893;8.2;1;LANCIA;179BXP112AL;PHEDRA / 2.2 / JTD CA;Italija;ITA;osebni avtomobil;197;vecnamensko vozilo;PHEDRA 
125;1455;8.2;0;MAZDA;GH19L6;MAZDA 6 / KARAVAN 2.5 / i;Japonska ;JPN;osebni avtomobil;217;karavan;MAZDA 6 
125;2294;8.3;1;FORD;FAD-BLFC1ECX-G9WTCHAEDAXGA;TRANSIT KOMBI / 2.0 / EB mHEV 125 350 L3H2 HEA;Nemcija;DEU;osebni avtomobil;160;vecnamensko vozilo;TRANSIT KOMBI 
125;1690;8.4;0;MITSUBISHI;CB521-AGABBCA7AAAJ;OUTLANDER / 2.4 / CVT / 4WD;Japonska ;JPN;osebni avtomobil;190;karavan;OUTLANDER 
125;1395;8.4;0;RENAULT;BG1ZB6;LAGUNA / 2.0 / 16V T;Francija;FRA;osebni avtomobil;223;vozilo z dviûnimi vrati zadaj;LAGUNA 
125;2345;8.5;1;HYUNDAI;F8D22-M51AZ1;H-1 / WAGON 2.5 / CRDi;Koreja. republika;KOR;osebni avtomobil;180;vecnamensko vozilo;H-1 
125;2246;8.5;1;HYUNDAI;H1TQKBJNM6;H-1 / VAN 2.5 CRDi;Koreja. republika;KOR;osebni avtomobil;180;vecnamensko vozilo;H-1 
125;2079;8.5;1;KIA;JCW441-54765;SORENTO / 2.5 / CRDI AUT.;Koreja. republika;KOR;osebni avtomobil;182;vecnamensko vozilo;SORENTO 
125;1845;8.5;0;RENAULT;JK1LW6;ESPACE / 2.0 / 16V T;Francija;FRA;osebni avtomobil;205;vecnamensko vozilo;ESPACE 
125;1430;8.5;0;RENAULT;KGCZB6;LAGUNA / GRANDTOUR 2.0 / 16V T;Francija;FRA;osebni avtomobil;220;karavan;LAGUNA 
125;1637;8.5;0;VOLKSWAGEN;ACCCZCX1-AM6AM6A6003NDSTVR07MG;TIGUAN / 2.0 / TSI 4M;Nemcija;DEU;osebni avtomobil;201;karavan;TIGUAN 
125;1444;8.5;0;VOLVO;MS3842;S40 / 2.4 / i;ävedska;SWE;osebni avtomobil;220;limuzina;S40 
125;1437;8.5;0;VOLVO;MS3852;S40 / 2.4 / i;ävedska;SWE;osebni avtomobil;220;limuzina;S40 
125;2397;8.6;1;FORD;FAD-BLFA1ECX-G9WTCSADCAJPA;TRANSIT KOMBI 2.0 EB 125 350 L3H2 HEA;Nemcija;DEU;osebni avtomobil;160;vozilo za posebne namene;TRANSIT KOMBI 2.0 EB 125 350 L3H2 HEA
125;2333;8.6;1;FORD;FAC-YNFA1DBX-E9WJASABCACSD;TOURNEO CUSTOM / 2.0 TDCI 125 310 L1 H1;Nemcija;DEU;osebni avtomobil;180;vecnamensko vozilo;TOURNEO CUSTOM 
125;2121;8.6;1;KIA;JCW441-54765;SORENTO / 2.5 / CRDI AUT.;Koreja. republika;KOR;osebni avtomobil;182;vecnamensko vozilo;SORENTO 
125;1215;8.6;0;MINI;RE31-31;COOPER S / /;Nemcija;DEU;osebni avtomobil;222;vozilo z dviûnimi vrati zadaj;COOPER S 
125;1215;8.6;0;MINI;RE31-31;COOPER / S;Nemcija;DEU;osebni avtomobil;222;vozilo z dviûnimi vrati zadaj;COOPER 
125;1215;8.6;0;MINI;RE31-31;MINI COOPER S /;Nemcija;DEU;osebni avtomobil;222;vozilo z dviûnimi vrati zadaj;MINI COOPER S 
125;1462;8.6;0;VOLVO;MW3842;V 50 / 2.4;ävedska;SWE;osebni avtomobil;220;karavan;V 50 
125;2375;8.7;1;FORD;FAC-YNFA1DBX-E9WJCSABCACSD;TOURNEO CUSTOM / 2.0 TDCI 125 310 L2 H1;Nemcija;DEU;osebni avtomobil;175;vecnamensko vozilo;TOURNEO CUSTOM 
125;1467;8.7;0;VOLKSWAGEN;1JSCAQNX01-AGFA59A017N41N10GG;GOLF / V5 / AUT.;Nemcija;DEU;osebni avtomobil;212;vozilo z dviûnimi vrati zadaj;GOLF 
125;1420;8.7;0;VOLVO;RS61P2;S60 / 2.4 /;ävedska;SWE;osebni avtomobil;225;limuzina;S60 
125;1595;8.8;0;BMW;346R;320 / CI;Nemcija;DEU;osebni avtomobil;222;kabriolet;320
125;1325;8.8;0;BMW;BT11-31;Z4 / 2.2 / i;Nemcija;DEU;osebni avtomobil;225;kabriolet;Z4 
125;1325;8.8;0;BMW;Z85-BT11-01;Z4 2.2l /;Nemcija;DEU;osebni avtomobil;225;kabriolet;Z4 2.2l 
125;2435;8.8;1;FORD;FAC-YNFA1DBX-E9WJCSABCACSD;TOURNEO CUSTOM / 2.0 TDCI 125 310 L2 H1;Nemcija;DEU;osebni avtomobil;175;vozilo za posebne namene;TOURNEO CUSTOM 
125;2405;8.8;1;FORD;FAC-YNFA1DSX-E8WJCSABCACSD;TOURNEO CUSTOM / 2.0 TDCI 125 310 L2 SPORT;Nemcija;DEU;osebni avtomobil;175;vecnamensko vozilo;TOURNEO CUSTOM 
125;2375;8.8;1;FORD;FAC-YNFA1DBX-E9WJCSABCACSD;TOURNEO CUSTOM / 2.0 TDCI 125 310 L2 H1;Nemcija;DEU;osebni avtomobil;175;vecnamensko vozilo;TOURNEO CUSTOM 
125;1315;8.8;0;MINI;RH31-31;COOPER S / CABRIO /;Nemcija;DEU;osebni avtomobil;215;kabriolet;COOPER S 
125;1315;8.8;0;MINI;RH31-31;COOPER / S CABRIO;Nemcija;DEU;osebni avtomobil;215;kabriolet;COOPER 
125;1542;8.8;0;RENAULT;BT1H0E;LAGUNA / 2.0 / 16V AUT. T.;Francija;FRA;osebni avtomobil;220;vozilo z dviûnimi vrati zadaj;LAGUNA 
125;1503;8.8;0;VOLVO;RS6142;S60 / 2.4 /;ävedska;SWE;osebni avtomobil;210;limuzina;S60 
125;1470;8.9;0;BMW;346LEV11-31;320;Nemcija;DEU;osebni avtomobil;226;limuzina;320
125;1465;8.9;0;BMW;346CBN11-21;320 / COUPE / i;Nemcija;DEU;osebni avtomobil;226;kupe;320
125;1465;8.9;0;BMW;346L;320 / I;Nemcija;DEU;osebni avtomobil;226;limuzina;320
125;1390;8.9;0;BMW;BN11-01;320 / COUPE / i;Nemcija;DEU;osebni avtomobil;226;kupe;320
125;1585;8.9;0;CHRYSLER;JSCSFA3-95LN1A;SEBRING / 2.4 / AUT.;Zdruûene drûave;USA;osebni avtomobil;200;limuzina;SEBRING 
125;2423;8.9;1;FORD;FAC-YNFA1DBX-E8APCSABCACVD;TOURNEO CUSTOM / 2.0 TDCI 125 310 L2 H1 A6;Nemcija;DEU;osebni avtomobil;170;vecnamensko vozilo;TOURNEO CUSTOM 
125;2405;8.9;1;FORD;FAC-YNFA1DSX-E8WJCSABCACSD;TOURNEO CUSTOM / 2.0 TDCI 125 310 L2 SPORT;Nemcija;DEU;osebni avtomobil;175;vecnamensko vozilo;TOURNEO CUSTOM 
125;2381;8.9;1;FORD;FAC-YNFA1DBX-E8APASABCACVD;TOURNEO CUSTOM / 2.0 TDCI 125 310 L1 H1 A6;Nemcija;DEU;osebni avtomobil;170;vecnamensko vozilo;TOURNEO CUSTOM 
125;2379;8.9;1;FORD;FAC-YNFA1DBX-S9APCSABCACVE;TOURNEO CUSTOM / 2.0 TDCI 125 320 L2 H1 A6;Nemcija;DEU;osebni avtomobil;175;vecnamensko vozilo;TOURNEO CUSTOM 
125;1542;8.9;0;RENAULT;BT1H0E;LAGUNA / 2.0 / 16V AUT. T.;Francija;FRA;osebni avtomobil;220;vozilo z dviûnimi vrati zadaj;LAGUNA 
125;1415;8.9;0;RENAULT;BG1ZBB;LAGUNA / 2.0 / 16V T AUT.;Francija;FRA;osebni avtomobil;219;vozilo z dviûnimi vrati zadaj;LAGUNA 
125;1646;8.9;0;VOLKSWAGEN;ACCAWAX1-AM6AM6A6003NDST0GG;TIGUAN / 2.0 / TSI 4M;Nemcija;DEU;osebni avtomobil;201;karavan;TIGUAN 
125;1402;8.9;0;VOLKSWAGEN;9C-AQN;NEW BEETLE / V 5;Nemcija;DEU;osebni avtomobil;211;vozilo z dviûnimi vrati zadaj;NEW BEETLE 
125;1503;8.9;0;VOLVO;RS6142;S60 / 2.4 /;ävedska;SWE;osebni avtomobil;225;limuzina;S60 
125;1707;9.1;0;JEEP;MXJHTFEK5MN1B;COMPASS / 1.4 / AWD;Zdruûene drûave;USA;osebni avtomobil;204;vecnamensko vozilo;COMPASS 
125;1385;9.1;0;OPEL;BF11-1A07ABLFBJ5;ASTRA / 2.0 / 16V TURBO;Nemcija;DEU;osebni avtomobil;217;vozilo z dviûnimi vrati zadaj;ASTRA 
125;1310;9.1;0;OPEL;BF11-1A07ABLFBJ5;ASTRA / 2.0;Nemcija;DEU;osebni avtomobil;217;vozilo z dviûnimi vrati zadaj;ASTRA 
125;1483;9.1;0;VOLVO;MW3859;V50 / 2.4 / i AUT.;ävedska;SWE;osebni avtomobil;215;karavan;V50 
125;1457;9.1;0;VOLVO;MS3849;S 40 / 2.4;ävedska;SWE;osebni avtomobil;215;limuzina;S 40 
125;1345;9.2;0;BMW;RCCN11-11;Z 3 / ROADSTER;Nemcija;DEU;osebni avtomobil;224;kabriolet;Z 3 
125;1345;9.2;0;BMW;RCCN11-11;Z3 / ROADSTER / 2.2;Nemcija;DEU;osebni avtomobil;224;kabriolet;Z3 
125;1330;9.2;0;BMW;CT31-01;323 / COMPACT / TI;Nemcija;DEU;osebni avtomobil;230;limuzina;323
125;1335;9.2;0;MINI;RH31-34;COOPER S / CABRIO / AUT.;Nemcija;DEU;osebni avtomobil;215;kabriolet;COOPER S 
125;1468;9.2;0;VOLKSWAGEN;1J;GOLF / 2.3;Nemcija;DEU;osebni avtomobil;220;vozilo z dviûnimi vrati zadaj;GOLF 
125;1570;9.2;0;VOLVO;SW6142;V70 / 2.4 /;ävedska;SWE;osebni avtomobil;220;karavan;V70 
125;1483;9.2;0;VOLVO;MW3849;V50 / 2.4 / i AUT.;ävedska;SWE;osebni avtomobil;215;karavan;V50 
125;1615;9.3;0;AUDI;8E;A4 / 2.4 / I;Nemcija;DEU;osebni avtomobil;219;karavan;A4 
125;1360;9.3;0;BMW;BT11-32;Z4 / 2.2 / i AUT.;Nemcija;DEU;osebni avtomobil;221;kabriolet;Z4 
125;1330;9.3;0;BMW;3/CG;323 / COMPACT / ti;Nemcija;DEU;osebni avtomobil;230;vozilo z dviûnimi vrati zadaj;323
125;1325;9.3;0;BMW;BT11-02;Z4 / 2.2 / I;Nemcija;DEU;osebni avtomobil;221;kabriolet;Z4 
125;1700;9.3;0;MITSUBISHI;CW521-AGABBCA7A;OUTLANDER / 2.4 / 4WD;Japonska ;JPN;osebni avtomobil;190;karavan;OUTLANDER 
125;1595;9.4;0;BMW;346RBS11-21;320 / CABRIO;Nemcija;DEU;osebni avtomobil;222;kabriolet;320
125;1570;9.4;0;BMW;5-D;520 / I;Nemcija;DEU;osebni avtomobil;226;limuzina;520
125;1550;9.4;0;BMW;DM31-01;523 / / I;Nemcija;DEU;osebni avtomobil;228;limuzina;523
125;1500;9.4;0;BMW;346L-AV11-22;320 / I;Nemcija;DEU;osebni avtomobil;223;limuzina;320
125;1420;9.4;0;BMW;5/D;523 // i;Nemcija;DEU;osebni avtomobil;228;limuzina;523
125;1670;9.4;0;MITSUBISHI;CW521-AEABA5A7A;OUTLANDER / 2.4 / 4WD;Japonska ;JPN;osebni avtomobil;190;karavan;OUTLANDER 
125;1630;9.4;0;MITSUBISHI;CW521-ADABA5A5A;OUTLANDER / 2.4 / 4WD;Japonska ;JPN;osebni avtomobil;190;karavan;OUTLANDER 
125;1715;9.4;0;RENAULT;BJ0W06;VEL SATIS / 2.0 / 16V T;Francija;FRA;osebni avtomobil;210;vozilo z dviûnimi vrati zadaj;VEL SATIS 
125;1595;9.5;0;BMW;DS-11;520 / I;Nemcija;DEU;osebni avtomobil;223;karavan;520
125;1466;9.5;0;FORD;BCVLCBA1-4A01;COUGAR / 2.5;Nemcija;DEU;osebni avtomobil;225;kupe;COUGAR 
125;1460;9.5;0;MERCEDES BENZ;RF6;C / 240;Nemcija;DEU;osebni avtomobil;215;limuzina;C 
125;2255;9.5;1;MITSUBISHI;V9821-BFCDB5A6A;PAJERO / 3.2 / GL DID LWB AUT.;Japonska ;JPN;osebni avtomobil;177;karavan;PAJERO 
125;1860;9.5;0;RENAULT;JK0AD6;ESPACE / 2.0 / 16V T;Francija;FRA;osebni avtomobil;205;vecnamensko vozilo;ESPACE 
125;1815;9.5;0;RENAULT;JK0AC6;ESPACE / 2.0 / 16V T;Francija;FRA;osebni avtomobil;205;vecnamensko vozilo;ESPACE 
125;1810;9.5;0;RENAULT;JK0AB6;ESPACE / 2.0 / 16V T;Francija;FRA;osebni avtomobil;205;vecnamensko vozilo;ESPACE 
125;1760;9.5;0;RENAULT;JK0AA6;ESPACE / 2.0 / 16V T;Francija;FRA;osebni avtomobil;205;vecnamensko vozilo;ESPACE 
125;1540;9.6;0;BMW;346LAW11-32;320 / TOURING / I AUT.;Nemcija;DEU;osebni avtomobil;221;karavan;320
125;1500;9.6;0;BMW;5-D;523 / I;Nemcija;DEU;osebni avtomobil;225;limuzina;523
125;1683;9.7;0;AUDI;8H;A4 / 2.4 / I CABRIOLET;Nemcija;DEU;osebni avtomobil;224;kabriolet;A4 
125;1675;9.7;0;AUDI;8H;A4 / 2.4;Nemcija;DEU;osebni avtomobil;224;kabriolet;A4 
125;1617;9.7;0;BMW;346RBR31-11;323 / CABRIO;Nemcija;DEU;osebni avtomobil;225;kabriolet;323
125;1615;9.7;0;BMW;346RBR31-11;323 / CABRIO / I;Nemcija;DEU;osebni avtomobil;225;kabriolet;323
125;1495;9.7;0;BMW;DD31;523 / / I;Nemcija;DEU;osebni avtomobil;228;limuzina;523
125;2253;9.7;1;FORD;FAD-YNFA1ECX-E9WJCSABCACRC;TRANSIT / 2.0 TDCI 125 310 L3H2 S;Nemcija;DEU;osebni avtomobil;155;vecnamensko vozilo;TRANSIT 
125;1880;9.7;0;RENAULT;JK0AA6;ESPACE / 2.0 / 16V T;Francija;FRA;osebni avtomobil;205;vecnamensko vozilo;ESPACE 
125;1760;9.7;0;RENAULT;JKOAA6;ESPACE 2.0 T;Francija;FRA;osebni avtomobil;205;vecnamensko vozilo;ESPACE 2.0 T
125;1655;9.8;0;BMW;DR31-11;523 / TOURING / i;Nemcija;DEU;osebni avtomobil;224;karavan;523
125;1630;9.8;0;BMW;346RBS11-22;320 / CABRIO / I AUT;Nemcija;DEU;osebni avtomobil;219;kupe;320
125;1575;9.8;0;BMW;NA-31;520 / I;Nemcija;DEU;osebni avtomobil;230;limuzina;520
125;1570;9.8;0;BMW;NA31-32;520 / / i AUT.;Nemcija;DEU;osebni avtomobil;226;limuzina;520
125;1495;9.8;0;BMW;DT-11;520;Nemcija;DEU;osebni avtomobil;230;limuzina;520
125;1620;9.9;0;BMW;5DDH4101;523 / I;Nemcija;DEU;osebni avtomobil;220;karavan;523
125;1590;9.9;0;BMW;5DDH31;523 / TOURING / I;Nemcija;DEU;osebni avtomobil;222;karavan;523
125;1580;9.9;0;BMW;NA71-02;530 / / i ;Nemcija;DEU;osebni avtomobil;245;limuzina;530
125;1290;9.9;0;BMW;AG61;325 / TOURING / I AUT.;Nemcija;DEU;osebni avtomobil;212;karavan;325
125;1780;9.9;0;RENAULT;JK0AAB;ESPACE / 2.0 / 16V T AUT.;Francija;FRA;osebni avtomobil;197;vecnamensko vozilo;ESPACE 
125;1780;9.9;0;RENAULT;JK0AAB;ESPACE / 2.0 / 16V T AUT.;Francija;FRA;osebni avtomobil;197;vozilo z dviûnimi vrati zadaj;ESPACE 
125;1667;9.9;0;VOLKSWAGEN;ACCAWAX1-AA6AA69M020NDST0GG;TIGUAN / 2.0 / TSI 4M AUT.;Nemcija;DEU;osebni avtomobil;197;karavan;TIGUAN 
126;2181;10.2;1;NISSAN;R51-C05;PATHFINDER / 2.5 / AUT.;äpanija;ESP;osebni avtomobil;175;vecnamensko vozilo;PATHFINDER 
126;2181;10.5;1;NISSAN;R51-C05;PATHFINDER / 2.5 / AUT.;äpanija;ESP;osebni avtomobil;175;vecnamensko vozilo;PATHFINDER 
126;2055;8.6;1;TOYOTA;KUN26L-PRASYW(1C);HILUX 3.0 / D 4WD AUT.;Juûna Afrika;ZAF;osebni avtomobil;175;vozilo za posebne namene;HILUX 3.0 
126;1697;9.6;0;RENAULT;VY0C0N;KOLEOS / 2.5 / 16V 4x4;Francija;FRA;osebni avtomobil;190;karavan;KOLEOS 
126;2284;9.8;1;NISSAN;R51-C03;PATHFINDER / 2.5 /;ävica;CHE;osebni avtomobil;180;vecnamensko vozilo;PATHFINDER 
126;2266;9.8;1;NISSAN;R51-C01;PATHFINDER / 2.5 /;äpanija;ESP;osebni avtomobil;180;vecnamensko vozilo;PATHFINDER 
126;2266;9.8;1;NISSAN;R51-C01;PATHFINDER / 2.5 /;äpanija;ESP;osebni avtomobil;175;vecnamensko vozilo;PATHFINDER 
126;2253;9.8;1;NISSAN;R51-C06;PATHFINDER / 2.5 /;äpanija;ESP;osebni avtomobil;180;vecnamensko vozilo;PATHFINDER 
127;1756;11.4;0;HYUNDAI;T2-KAJ;SANTA FE / 2.7 / 4WD AUT.;Koreja. republika;KOR;osebni avtomobil;182;vecnamensko vozilo;SANTA FE 
127;1493;4.5;1;RENAULT;BT1SJ6;LAGUNA / 2.0 / DCI;Francija;FRA;osebni avtomobil;210;vozilo z dviûnimi vrati zadaj;LAGUNA 
127;1505;4.6;1;RENAULT;KT1SJ6;LAGUNA / GRANDTOUR 2.0 / DCI;Francija;FRA;osebni avtomobil;210;karavan;LAGUNA 
127;1505;4.8;1;RENAULT;KTBSG6;LAGUNA / GRANDTOUR 2.0 / DCI;Francija;FRA;osebni avtomobil;210;karavan;LAGUNA 
127;1610;5.5;1;RENAULT;LTF006;LATITUDE / 2.0 / DCI;Francija;FRA;osebni avtomobil;216;limuzina;LATITUDE 
127;2001;5.6;1;RENAULT;JKFKC6;ESPACE / 2.0 / DCI;Francija;FRA;osebni avtomobil;200;vecnamensko vozilo;ESPACE 
127;2001;5.7;1;RENAULT;JKFKC6;ESPACE / 2.0 / DCI;Francija;FRA;osebni avtomobil;200;vecnamensko vozilo;ESPACE 
127;1595;5.7;1;RENAULT;KTBSGE;LAGUNA / GRANDTOUR 2.0 / DCI AUT.;Francija;FRA;osebni avtomobil;215;karavan;LAGUNA 
127;1575;5.7;1;RENAULT;BTBSGE;LAGUNA / 2.0 / DCI AUT.;Francija;FRA;osebni avtomobil;220;vozilo z dviûnimi vrati zadaj;LAGUNA 
127;1595;5.8;1;RENAULT;KT39GE;LAGUNA / GRANDTOUR 2.0 / DCI AUT.;Francija;FRA;osebni avtomobil;215;karavan;LAGUNA 
127;1595;6.1;1;RENAULT;KTD90E;LAGUNA / GRANDTOUR 2.0 / DCI AUT.;Francija;FRA;osebni avtomobil;215;karavan;LAGUNA 
127;1595;6.3;1;RENAULT;KTD90E;LAGUNA / GRANDTOUR 2.0 / DCI AUT.;Francija;FRA;osebni avtomobil;215;karavan;LAGUNA 
127;1540;6.3;1;RENAULT;KGESB6;LAGUNA / GRANDTOUR 2.0 / DCI;Francija;FRA;osebni avtomobil;222;karavan;LAGUNA 
127;2030;6.4;1;RENAULT;JKFKCC;ESPACE / 2.0 / DCI AUT.;Francija;FRA;osebni avtomobil;198;vecnamensko vozilo;ESPACE 
127;2004;6.4;1;RENAULT;JKFKAC;ESPACE / 2.0 / DCI AUT.;Francija;FRA;osebni avtomobil;198;vecnamensko vozilo;ESPACE 
127;1730;6.4;1;RENAULT;VY5L0N;KOLEOS / 2.0 / DCI 4x4;Francija;FRA;osebni avtomobil;191;karavan;KOLEOS 
127;1695;6.5;1;RENAULT;LTF00E;LATITUDE / 2.0 / DCI AUT.;Francija;FRA;osebni avtomobil;205;limuzina;LATITUDE 
127;1588;6.5;1;RENAULT;KT1M06;LAGUNA / GRANDTOUR 2.0 / DCI;Francija;FRA;osebni avtomobil;215;karavan;LAGUNA 
127;1525;6.5;1;RENAULT;BMSW06;MEGANE / 2.0 / DCI;Francija;FRA;osebni avtomobil;220;vozilo z dviûnimi vrati zadaj;MEGANE 
127;1588;6.6;1;RENAULT;KT1M06;LAGUNA / GRANDTOUR 2.0 / DCI;Francija;FRA;osebni avtomobil;215;karavan;LAGUNA 
127;1905;7.1;1;RENAULT;JK03C6;ESPACE / 2.0 / DCI;Francija;FRA;osebni avtomobil;204;vecnamensko vozilo;ESPACE 
127;1900;7.1;1;RENAULT;JK03B6;ESPACE / 2.0 / DCI;Francija;FRA;osebni avtomobil;204;vecnamensko vozilo;ESPACE 
127;1594;7.2;0;HONDA;RW102-1;CR-V / 1.5 / 2WD;Japonska ;JPN;osebni avtomobil;210;vecnamensko vozilo;CR-V 
127;2038;7.2;1;RENAULT;JK1KCC;ESPACE / 2.0 / DCI AUT.;Francija;FRA;osebni avtomobil;198;vecnamensko vozilo;ESPACE 
127;2008;7.2;1;RENAULT;JK1KAC;ESPACE / 2.0 / DCI AUT.;Francija;FRA;osebni avtomobil;198;vecnamensko vozilo;ESPACE 
127;2005;7.3;1;RENAULT;JK1GC6;ESPACE / 2.0 / DCI;Francija;FRA;osebni avtomobil;204;vecnamensko vozilo;ESPACE 
127;1855;7.3;1;RENAULT;JK03A6;ESPACE / 2.0 / DCI;Francija;FRA;osebni avtomobil;204;vecnamensko vozilo;ESPACE 
127;1594;7.4;0;HONDA;RW101-1;CR-V / 1.5 / 2WD;Japonska ;JPN;osebni avtomobil;210;vecnamensko vozilo;CR-V 
127;1726;7.4;1;NISSAN;T31-D02;X-TRAIL / 2.0 / DCI;Japonska ;JPN;osebni avtomobil;200;vecnamensko vozilo;X-TRAIL 
127;1855;7.4;1;RENAULT;JK03A6;ESPACE / 2.0 / DCI;Francija;FRA;osebni avtomobil;204;vecnamensko vozilo;ESPACE 
127;1940;7.5;1;MAZDA;ERH9A6;CX-7 / 2.2 / D;Japonska ;JPN;osebni avtomobil;200;karavan;CX-7 
127;1950;7.5;1;RENAULT;JK03D6;ESPACE / 2.0 / DCI;Francija;FRA;osebni avtomobil;204;vecnamensko vozilo;ESPACE 
127;1905;7.5;1;RENAULT;JK03C6;ESPACE / 2.0 / DCI;Francija;FRA;osebni avtomobil;204;vecnamensko vozilo;ESPACE 
127;1730;7.5;1;RENAULT;VY0B0N;KOLEOS / 2.0 / DCI 4x4;Francija;FRA;osebni avtomobil;191;karavan;KOLEOS 
127;1950;7.6;1;RENAULT;JK03D6;ESPACE / 2.0 / DCI;Francija;FRA;osebni avtomobil;204;vecnamensko vozilo;ESPACE 
127;1905;7.6;1;RENAULT;JK03C6;ESPACE / 2.0 / DCI;Francija;FRA;osebni avtomobil;204;vecnamensko vozilo;ESPACE 
127;1900;7.6;1;RENAULT;JK03B6;ESPACE / 2.0 / DCI;Francija;FRA;osebni avtomobil;204;vecnamensko vozilo;ESPACE 
127;1632;7.6;0;SUBARU;BR9-5W0;LEGACY / OUTBACK 2.5 / i CVT AWD;Japonska ;JPN;osebni avtomobil;198;karavan;LEGACY 
127;1649;7.8;0;HONDA;RW201-1;CR-V / 1.5 / 4WD;Japonska ;JPN;osebni avtomobil;208;vecnamensko vozilo;CR-V 
127;1663;7.9;0;HONDA;RW201-1;CR-V / 1.5 / 4WD;Japonska ;JPN;osebni avtomobil;208;vecnamensko vozilo;CR-V 
127;1730;7.9;1;RENAULT;VY0B0N;KOLEOS / 2.0 / DCI 4X4;Francija;FRA;osebni avtomobil;189;karavan;KOLEOS 
127;2250;8.1;1;TOYOTA;KDJ150L-GKAEYW(4A);LAND CRUISER / 3.0 / D AUT.;Japonska ;JPN;osebni avtomobil;175;vecnamensko vozilo;LAND CRUISER 
127;1990;8.2;1;RENAULT;JK03DC;ESPACE / 2.0 / DCI AUT.;Francija;FRA;osebni avtomobil;198;vecnamensko vozilo;ESPACE 
127;1945;8.2;1;RENAULT;JK03CC;ESPACE / 2.0 / DCI AUT.;Francija;FRA;osebni avtomobil;198;vecnamensko vozilo;ESPACE 
127;1935;8.2;1;RENAULT;JK03BC;ESPACE / 2.0 / DCI AUT.;Francija;FRA;osebni avtomobil;198;vecnamensko vozilo;ESPACE 
127;1890;8.2;1;RENAULT;JK03AC;ESPACE / 2.0 / DCI AUT.;Francija;FRA;osebni avtomobil;198;vecnamensko vozilo;ESPACE 
127;2035;8.4;1;TOYOTA;KDJ155L-GJFEYW(1A);LAND CRUISER / 3.0 / D ;Japonska ;JPN;osebni avtomobil;175;karavan;LAND CRUISER 
127;2255;8.5;1;TOYOTA;KDJ150L-GKFEYW(2A);LAND CRUISER / 3.0 / D;Japonska ;JPN;osebni avtomobil;175;vecnamensko vozilo;LAND CRUISER 
127;1535;8.7;0;SUBARU;BP9-5D0;LEGACY / OUTBACK 2.5 / AWD AUT.;Nemcija;DEU;osebni avtomobil;199;karavan;LEGACY 
127;1480;8.7;0;SUBARU;BP9-5D0;LEGACY / OUTBACK 2.5 / AWD;Japonska ;JPN;osebni avtomobil;199;karavan;LEGACY 
127;1260;8.8;0;FORD;DA3-ALDA;FOCUS / 2.0;Nemcija;DEU;osebni avtomobil;216;vozilo z dviûnimi vrati zadaj;FOCUS 
127;1935;8.9;1;TOYOTA;KDJ125L-GJAEYW(6E);LAND CRUISER 120 / 3.0 / D AUT.;Japonska ;JPN;osebni avtomobil;175;vecnamensko vozilo;LAND CRUISER 120 
127;1925;9.1;1;TOYOTA;KDJ125L-GJFEYW(1E);LAND CRUISER 120 / 3.0 / D;Japonska ;JPN;osebni avtomobil;175;vecnamensko vozilo;LAND CRUISER 120 
127;2205;9.2;1;TOYOTA;KDJ120L-GKFEYW(BE);LANDCRUISER / 3.0 / D-4D;Japonska ;JPN;osebni avtomobil;175;vecnamensko vozilo;LANDCRUISER 
127;2075;9.2;1;TOYOTA;J-12-KDJ120L;LANDCRUISER / 3.0 / D-4D;Japonska ;JPN;osebni avtomobil;175;vecnamensko vozilo;LANDCRUISER 
127;2065;9.2;1;TOYOTA;KDJ120L-GKFEYW(CF);LAND CRUISER 120 / 3.0 / D;Japonska ;JPN;osebni avtomobil;175;vecnamensko vozilo;LAND CRUISER 120 
127;2035;9.2;1;TOYOTA;J12-KDJ120L;LANDCRUISER / 3.0 / D-4D;Japonska ;JPN;osebni avtomobil;175;vecnamensko vozilo;LANDCRUISER 
127;2025;9.2;1;TOYOTA;KDJ120L-GKFEYW(1F);LAND CRUISER 120 / 3.0 / D;Japonska ;JPN;osebni avtomobil;175;karavan;LAND CRUISER 120 
128;2270;10.1;1;NISSAN;R51-A03;PATHFINDER / 2.5 /;äpanija;ESP;osebni avtomobil;174;vecnamensko vozilo;PATHFINDER 
128;2270;10.1;1;NISSAN;R51-A03;PATHFINDER / 2.5;äpanija;ESP;osebni avtomobil;174;limuzina;PATHFINDER 
128;2471;10.1;1;VOLKSWAGEN;ACBACX11-AA6AA69D040161BSV0GE;TOUAREG / 2.5 / TDI AUT.;Nemcija;DEU;osebni avtomobil;184;karavan;TOUAREG 
128;2462;10.1;1;VOLKSWAGEN;ACBACX11-AA6AA69D040161BSV0GE;TOUAREG / 2.5;Nemcija;DEU;osebni avtomobil;184;limuzina;TOUAREG 
128;2457;10.1;1;VOLKSWAGEN;ACBACX11-AA6AA69D055161BAV0GE;TOUAREG / 2.5 / TDI AUT.;Nemcija;DEU;osebni avtomobil;179;karavan;TOUAREG 
128;2443;10.1;1;VOLKSWAGEN;ACBACX11-AA6AA69D055161BSV0GE;TOUAREG / 2.5 / TDI AUT.;Nemcija;DEU;osebni avtomobil;184;karavan;TOUAREG 
128;2416;10.1;1;VOLKSWAGEN;ACBACX11-AA6AA69D040161BAV0GE;TOUAREG / 2.5;Nemcija;DEU;osebni avtomobil;179;limuzina;TOUAREG 
128;2412;10.1;1;VOLKSWAGEN;ACBACX11-AA6AA69D040161BAV0GE;TOUAREG / 2.5 / TDI AUT.;Nemcija;DEU;osebni avtomobil;179;karavan;TOUAREG 
128;2407;10.1;1;VOLKSWAGEN;7LSEBACX11-AGAA69D040161BAV0GE;TOUAREG / 2.5 / TDI AUT.;Nemcija;DEU;osebni avtomobil;179;karavan;TOUAREG 
128;2356;10.1;1;VOLKSWAGEN;7L ACBACX11-AA6AA69D040161BSV0GE;TOUAREG / 2.5;Nemcija;DEU;osebni avtomobil;184;limuzina;TOUAREG 
128;2351;10.1;1;VOLKSWAGEN;7L SEBACX11-AGAA69D040161BSV0GE;VOLKSWAGEN / TOUAREG / 2.5 / TDI AUT.;Nemcija;DEU;osebni avtomobil;184;karavan;VOLKSWAGEN 
128;2338;10.1;1;VOLKSWAGEN;7L ACBACX11-AA6AA69D040161BAV0GE;TOUAREG / 2.5;Nemcija;DEU;osebni avtomobil;179;limuzina;TOUAREG 
128;2322;10.1;1;VOLKSWAGEN;ACBPEX11-AM6AM68D017161BSN7GG;TOUAREG / 2.5 / TDI;Nemcija;DEU;osebni avtomobil;194;karavan;TOUAREG 
128;2322;10.1;1;VOLKSWAGEN;ACBPEX11-AM6AM68D017161BAN7GG;TOUAREG / 2.5 / TDI;Nemcija;DEU;osebni avtomobil;188;karavan;TOUAREG 
128;2314;10.1;1;VOLKSWAGEN;ACBACX11-AA6AA69D040161BAU0GE;TOUAREG / 2.5 / TDI;Nemcija;DEU;osebni avtomobil;184;karavan;TOUAREG 
128;2310;10.1;1;VOLKSWAGEN;7L;TOUAREG / 2.5;Nemcija;DEU;osebni avtomobil;179;limuzina;TOUAREG 
128;2284;10.1;1;VOLKSWAGEN;ACBACX11-AA6AA69D040161BSU0GE;TOUAREG / 2.5 / TDI AUT.;Nemcija;DEU;osebni avtomobil;184;karavan;TOUAREG 
128;2284;10.1;1;VOLKSWAGEN;ACBACX11-AA6AA69D040161BEV0GE;TOUAREG / 2.5 / TDI AUT.;Nemcija;DEU;osebni avtomobil;179;karavan;TOUAREG 
128;2269;10.1;1;VOLKSWAGEN;7L-BAC;TOUAREG / 2.5 / TDI;Nemcija;DEU;osebni avtomobil;184;karavan;TOUAREG 
128;2322;10.3;1;VOLKSWAGEN;7LACBPEX11-AM6AM68D017161BAN7GG;TOUAREG / 2.5 / TDI;Nemcija;DEU;osebni avtomobil;188;karavan;TOUAREG 
128;2342;10.4;1;VOLKSWAGEN;ACBPEX11-AA6AA69D055161BAN7GG;TOUAREG / 2.5 / TDI AUT.;Nemcija;DEU;osebni avtomobil;183;karavan;TOUAREG 
128;2284;10.9;1;VOLKSWAGEN;7L;TOUAREG / 2.5 / TDI;Nemcija;DEU;osebni avtomobil;184;karavan;TOUAREG 
128;2070;12.8;0;CHRYSLER;YB5R-16;GRAND VOYAGER / 3.3 / AUT.;Zdruûene drûave;USA;osebni avtomobil;179;vecnamensko vozilo;GRAND VOYAGER 
128;2045;13.3;0;CHRYSLER;RGYB1R-01;GRAND VOYAGER / 3.3 / AUT.;Zdruûene drûave;USA;osebni avtomobil;179;vozilo z dostopom za invalidski vozicek;GRAND VOYAGER 
128;1615;5.2;1;OPEL;DF094DB12-BC1ZAWCABA5;INSIGNIA SPORTS TOURER / 2.0 / CDTI AUT.;Nemcija;DEU;osebni avtomobil;222;karavan;INSIGNIA SPORTS TOURER 
128;1205;6.2;0;MINI;MF71-AA;COOPER S / /;Nemcija;DEU;osebni avtomobil;225;vozilo z dviûnimi vrati zadaj;COOPER S 
128;1280;6.3;0;MINI;MM31-AA;COOPER S CLUBMAN / /;Nemcija;DEU;osebni avtomobil;224;karavan;COOPER S CLUBMAN 
128;1305;6.4;0;MINI;MS31-AA;COOPER S CABRIO / /;Nemcija;DEU;osebni avtomobil;222;kabriolet;COOPER S CABRIO 
128;1280;6.4;0;MINI;MM31-5A;COOPER S CLUBMAN / /;Nemcija;DEU;osebni avtomobil;224;karavan;COOPER S CLUBMAN 
128;1205;6.4;0;MINI;MF71-5J;COOPER S / /;Nemcija;DEU;osebni avtomobil;225;vozilo z dviûnimi vrati zadaj;COOPER S 
128;1210;6.5;0;MINI;MF-73;COOPER S //;Nemcija;DEU;osebni avtomobil;233;vozilo z dviûnimi vrati zadaj;COOPER S 
128;1693;6.6;1;VOLVO;LW7202;V70 / 2.5 / DT;ävedska;SWE;osebni avtomobil;200;karavan;V70 
128;1230;6.9;0;MINI;MF71-AB;COOPER S / / AUT.;Nemcija;DEU;osebni avtomobil;220;vozilo z dviûnimi vrati zadaj;COOPER S 
128;1205;6.9;0;MINI;MF71-01;COOPER S / /;Nemcija;DEU;osebni avtomobil;225;vozilo z dviûnimi vrati zadaj;COOPER S 
128;1325;7.2;0;PEUGEOT;WM5FYC;207 / 1.6 / TURBO i 16V;Francija;FRA;osebni avtomobil;220;vozilo z dviûnimi vrati zadaj;207
128;1471;7.6;0;PEUGEOT;4C5FYH;308 / 1.6 / TURBO i 16V;Francija;FRA;osebni avtomobil;225;vozilo z dviûnimi vrati zadaj;308
128;1446;7.6;0;PEUGEOT;4A5FYH;308 / 1.6 / TURBO i 16V;Francija;FRA;osebni avtomobil;225;vozilo z dviûnimi vrati zadaj;308
128;2199;8.1;1;VOLKSWAGEN;7HM-AXD;MULTIVAN / 2.5 / TDI;Nemcija;DEU;osebni avtomobil;168;vecnamensko vozilo;MULTIVAN 
128;2199;8.1;1;VOLKSWAGEN;7HM-AXD;MULTIVAN / 2.5;Nemcija;DEU;osebni avtomobil;168;limuzina;MULTIVAN 
128;2458;8.3;1;VOLKSWAGEN;MD50AXEX0-300NFM6A50316V0GE;MULTIVAN / 2.5 / TDI;Nemcija;DEU;osebni avtomobil;188;vecnamensko vozilo;MULTIVAN 
128;2324;8.3;1;VOLKSWAGEN;MD50AXEX0-300NFM6A50316U0GE;MULTIVAN / 2.5 / TDI;Nemcija;DEU;osebni avtomobil;188;vecnamensko vozilo;MULTIVAN 
128;2274;8.3;1;VOLKSWAGEN;AXEMX0-300FM6A503U;MULTIVAN / 2.5 / TDI;Nemcija;DEU;osebni avtomobil;188;vecnamensko vozilo;MULTIVAN 
128;2274;8.3;1;VOLKSWAGEN;7HM-AXE;MULTIVAN / 2.5 / TDI;Nemcija;DEU;osebni avtomobil;188;karavan;MULTIVAN 
128;2220;8.3;1;VOLKSWAGEN;ND50AXEX0-LV300FM6A503U20GE;CARAVELLE / 2.5 / TDI;Nemcija;DEU;osebni avtomobil;188;vecnamensko vozilo;CARAVELLE 
128;2490;8.4;1;VOLKSWAGEN;MD50BPCX0-300NFM6A503167GG;MULTIVAN / 2.5 / TDI;Nemcija;DEU;osebni avtomobil;188;vecnamensko vozilo;MULTIVAN 
128;2275;8.4;1;VOLKSWAGEN;7HCHD50BPCX0-LS300FM6A5031627GG;TRANSPORTER 2.5 / TDI;Nemcija;DEU;osebni avtomobil;188;vozilo za posebne namene;TRANSPORTER 2.5 
128;1710;8.5;0;KIA;XMF5P11-M61AZ1;SORENTO / 2.4 /;Koreja. republika;KOR;osebni avtomobil;190;vecnamensko vozilo;SORENTO 
128;2274;8.6;1;VOLKSWAGEN;MD50BPCX0-300NFM6A50317V7GG;MULTIVAN / 2.5 / TDI;Nemcija;DEU;osebni avtomobil;188;vecnamensko vozilo;MULTIVAN 
128;2093;8.9;1;VOLKSWAGEN;7HC AXEKNX0-N280AGFA69K010T2802SR;TRANSPORTER / 2.5;Nemcija;DEU;osebni avtomobil;183;vecnamensko vozilo;TRANSPORTER 
128;2270;9.1;1;NISSAN;R51-A-A01;PATHFINDER / 2.5;Francija;FRA;osebni avtomobil;175;vecnamensko vozilo;PATHFINDER 
128;2160;9.1;1;NISSAN;R51-A-A03;PATHFINDER / 2.5;Francija;FRA;osebni avtomobil;175;vecnamensko vozilo;PATHFINDER 
128;2274;9.1;1;VOLKSWAGEN;MD50AXEX0-300NFA69K1016U0GE;MULTIVAN / 2.5 / TDI AUT.;Nemcija;DEU;osebni avtomobil;183;vecnamensko vozilo;MULTIVAN 
128;2681;9.2;1;VOLKSWAGEN;CD50BPCX1-N300NAM6A505167GG;CALIFORNIA / 2.5 / TDI 4M;Nemcija;DEU;osebni avtomobil;181;karavan;CALIFORNIA 
128;2526;9.2;1;VOLKSWAGEN;MD50BPCX1-300NAM6A505177GG;MULTIVAN / 2.5 / TDI 4M;Nemcija;DEU;osebni avtomobil;184;vecnamensko vozilo;MULTIVAN 
128;2504;9.2;1;VOLKSWAGEN;MD50BPCX1-300NAM6A505167GG;MULTIVAN / 2.5 / TDI 4M;Nemcija;DEU;osebni avtomobil;184;vecnamensko vozilo;MULTIVAN 
128;2336;9.2;1;VOLKSWAGEN;7HKND50BPCX0-LS300AM6A5051637GG;TRANSPORTER / 2.5 / TDI 4M;Nemcija;DEU;osebni avtomobil;184;vecnamensko vozilo;TRANSPORTER 
128;2322;9.2;1;VOLKSWAGEN;ACBPEX11-AM6AM68D017161BAN7GG;TOUAREG / 2.5 / TDI;Nemcija;DEU;osebni avtomobil;188;karavan;TOUAREG 
128;2320;9.2;1;VOLKSWAGEN;ND50BPCX1-LS300AM6A50527GG;CARAVELLE / 2.5 / TDI 4M;Nemcija;DEU;osebni avtomobil;184;vecnamensko vozilo;CARAVELLE 
128;2300;9.2;1;VOLKSWAGEN;ND50BPCX1-LS300AM6A5051627GG;TRANSPORTER / 2.5 / TDI 4M;Nemcija;DEU;osebni avtomobil;184;vecnamensko vozilo;TRANSPORTER 
128;2133;9.2;1;VOLKSWAGEN;AXEBNX1-N300SGAM6A5005U3002SR-;TRANSPORTER  / 2.5 / TDI 4M;Nemcija;DEU;osebni avtomobil;184;vecnamensko vozilo;TRANSPORTER  
128;2526;9.4;1;VOLKSWAGEN;AXEMNX1-N300SGAM6A5005V;MULTIVAN / 2.5 / TDI 4M;Nemcija;DEU;osebni avtomobil;184;vecnamensko vozilo;MULTIVAN 
128;2519;9.4;1;VOLKSWAGEN;MD50AXEX1-300NAM6A50516V0GE;MULTIVAN / 2.5 / TDI 4M;Nemcija;DEU;osebni avtomobil;184;vecnamensko vozilo;MULTIVAN 
128;2496;9.4;1;VOLKSWAGEN;AXEMX1-300AM6A505V;MULTIVAN / 2.5;Nemcija;DEU;osebni avtomobil;184;limuzina;MULTIVAN 
128;2374;9.4;1;VOLKSWAGEN;MD50BPCX1-300NAM6A50516V7GG;MULTIVAN / 2.5 / TDI 4M;Nemcija;DEU;osebni avtomobil;184;vecnamensko vozilo;MULTIVAN 
128;2300;9.4;1;VOLKSWAGEN;ND50AXEX1-LS300AM6A505U20GE;TRANSPORTER / 2.5 / TDI 4M;Nemcija;DEU;osebni avtomobil;184;vecnamensko vozilo;TRANSPORTER 
128;2270;9.4;1;VOLKSWAGEN;ND50AXEX1-LS300AM6A505U20GE;CARAVELLE / 2.5 / TDI 4M;Nemcija;DEU;osebni avtomobil;184;vecnamensko vozilo;CARAVELLE 
128;2195;9.4;1;VOLKSWAGEN;AXEBNX1-N300SGAM6A5005U3002SR;SHUTTLE / 2.5 / TDI 4M;Nemcija;DEU;osebni avtomobil;184;vecnamensko vozilo;SHUTTLE 
128;1330;9.5;0;AUDI;89;80 / 2.8 / I;Nemcija;DEU;osebni avtomobil;220;limuzina;80
128;2342;9.5;1;VOLKSWAGEN;ACBPEX11-AA6AA69D055161BSN7GG;TOUAREG / 2.5 / TDI AUT.;Nemcija;DEU;osebni avtomobil;189;karavan;TOUAREG 
128;2342;9.5;1;VOLKSWAGEN;ACBPEX11-AA6AA69D055161BAN7GG;TOUAREG / 2.5 / TDI AUT.;Nemcija;DEU;osebni avtomobil;183;karavan;TOUAREG 
128;1455;9.6;0;AUDI;89;80 / CABRIO 2.8 /;Nemcija;DEU;osebni avtomobil;222;kabriolet;80
128;2549;9.7;1;VOLKSWAGEN;MD50BPCX0-300NFA69K10167GG;MULTIVAN / 2.5 / TDI AUT.;Nemcija;DEU;osebni avtomobil;183;vozilo za invalidski vozicek;MULTIVAN 
128;2460;9.7;1;VOLKSWAGEN;MD50BPCX0-N300NFA69K10177GG;MULTIVAN / 2.5 / TDI AUT.;Nemcija;DEU;osebni avtomobil;183;vecnamensko vozilo;MULTIVAN 
128;2389;9.7;1;VOLKSWAGEN;MD50BPCX0-N300NFA69K10167GG;MULTIVAN / 2.5 / TDI AUT.;Nemcija;DEU;osebni avtomobil;183;vecnamensko vozilo;MULTIVAN 
128;2274;9.7;1;VOLKSWAGEN;MD50BPCX0-300NFA69K10167GG;MULTIVAN / 2.5 / TDI AUT.;Nemcija;DEU;osebni avtomobil;183;vecnamensko vozilo;MULTIVAN 
128;2418;9.8;1;VOLKSWAGEN;ACBACX11-AM6AM68D017161BSV0GE;TOUAREG / 2.5;Nemcija;DEU;osebni avtomobil;189;limuzina;TOUAREG 
128;2414;9.8;1;VOLKSWAGEN;ACBACX11-AM6AM68D017161BAV0GE;TOUAREG / 2.5 / TDI;Nemcija;DEU;osebni avtomobil;184;karavan;TOUAREG 
128;2403;9.8;1;VOLKSWAGEN;ACBACX11-AM6AM68D017161BAV0GE;TOUAREG / 2.5;Nemcija;DEU;osebni avtomobil;184;limuzina;TOUAREG 
128;2389;9.8;1;VOLKSWAGEN;7LACBACX11-AM6AM68D017161BAV0GE;TOUAREG / 2.5 / TDI;Nemcija;DEU;osebni avtomobil;184;karavan;TOUAREG 
128;2382;9.8;1;VOLKSWAGEN;7LSEBACX11-SGAM68D012161BA;TOUAREG / 2.5 / TDI;Nemcija;DEU;osebni avtomobil;184;karavan;TOUAREG 
128;2371;9.8;1;VOLKSWAGEN;7L ACBACX11-AM6AM68D017161BSV0GE;VOLKSWAGEN / TOUAREG / 2.5 /TDI;Nemcija;DEU;osebni avtomobil;189;limuzina;VOLKSWAGEN 
128;2345;9.8;1;VOLKSWAGEN;7L ACBACX11-AM6AM68D017161BSV0GE;TOUAREG / 2.5;Nemcija;DEU;osebni avtomobil;189;limuzina;TOUAREG 
128;2314;9.8;1;VOLKSWAGEN;7L-BAC;TOUAREG / 2.5;Nemcija;DEU;osebni avtomobil;184;vecnamensko vozilo;TOUAREG 
128;2269;9.8;1;VOLKSWAGEN;7L;TOUAREG / 2.5 / TDI;Nemcija;DEU;osebni avtomobil;189;karavan;TOUAREG 
128;2269;9.8;1;VOLKSWAGEN;ACBACX11-AM6AM68D017161BEU0GE;TOUAREG / 2.5 / TDI;Nemcija;DEU;osebni avtomobil;184;karavan;TOUAREG 
128;2269;9.8;1;VOLKSWAGEN;7L-BAC;TOUAREG / 2.5;Nemcija;DEU;osebni avtomobil;184;limuzina;TOUAREG 
128.5;1410;4.3;1;ALFA ROMEO;940FXV1120G;GIULIETTA / 2.0 / JTD;Italija;ITA;osebni avtomobil;219;vecnamensko vozilo;GIULIETTA 
128.5;1410;4.4;1;ALFA ROMEO;940FXV1120D;GIULIETTA / 2.0 / JTD AUT.;Italija;ITA;osebni avtomobil;219;vecnamensko vozilo;GIULIETTA 
129;1485;4.5;1;MAZDA;62267W0;MAZDA 6 / CD175 /;Japonska ;JPN;osebni avtomobil;223;limuzina;MAZDA 6 
129;1621;4.6;1;MAZDA;GH69287W0;MAZDA 6 / KARAVAN 2.2 / D;Japonska ;JPN;osebni avtomobil;221;karavan;MAZDA 6 
129;1602;4.6;1;MAZDA;69267W0;MAZDA 6 / KARAVAN / CD175;Japonska ;JPN;osebni avtomobil;221;karavan;MAZDA 6 
129;1587;4.6;1;MAZDA;GH69267W0;MAZDA 6 / KARAVAN 2.2 / D;Japonska ;JPN;osebni avtomobil;221;karavan;MAZDA 6 
129;1512;4.6;1;MAZDA;69262W0;MAZDA 6 / KARAVAN 2.2 / D HP;Japonska ;JPN;osebni avtomobil;221;karavan;MAZDA 6 
129;1613;4.8;1;MAZDA;62287W0;MAZDA 6 / CD175 / AT;Japonska ;JPN;osebni avtomobil;216;limuzina;MAZDA 6 
129;1578;4.8;1;MAZDA;GJ62282;MAZDA 6 / 2.2 / D HP AT;Japonska ;JPN;osebni avtomobil;216;limuzina;MAZDA 6 
129;1621;4.9;1;MAZDA;69287W0;MAZDA 6 / KARAVAN / CD175 / AT;Japonska ;JPN;osebni avtomobil;215;karavan;MAZDA 6 
129;1597;4.9;1;MAZDA;GH692-82W0;MAZDA 6 / KARAVAN 2.2 / D AUT.;Japonska ;JPN;osebni avtomobil;215;karavan;MAZDA 6 
129;1551;4.9;1;MAZDA;GJ69282;MAZDA 6 / KARAVAN 2.2 / D HP AT;Japonska ;JPN;osebni avtomobil;215;karavan;MAZDA 6 
129;1550;4.9;1;MAZDA;GH692-82W0;MAZDA 6 / KARAVAN 2.2 / D AUT.;Japonska ;JPN;osebni avtomobil;210;karavan;MAZDA 6 
129;1522;4.9;1;MAZDA;69282W0;MAZDA 6 / KARAVAN 2.2 / D HP AT;Japonska ;JPN;osebni avtomobil;215;karavan;MAZDA 6 
129;1500;4.9;1;MAZDA;GH69287W0;MAZDA 6 / 2.2 / D AUT.;Japonska ;JPN;osebni avtomobil;211;karavan;MAZDA 6 
129;1663;5.2;1;MAZDA;N9260E;CX-5 / 2.2 / D HP AWD;Japonska ;JPN;osebni avtomobil;207;karavan;CX-5 
129;1610;5.2;1;MAZDA;N9260E;CX-5 / CD175 / AWD;Japonska ;JPN;osebni avtomobil;207;karavan;CX-5 
129;1676;5.4;1;MAZDA;F9287W0;MAZDA 6 / KARAVAN / CD175 / AWD / AT;Japonska ;JPN;osebni avtomobil;209;karavan;MAZDA 6 
129;1595;5.4;1;MAZDA;GW260W0;CX-5 / CD175 / AWD;Japonska ;JPN;osebni avtomobil;208;karavan;CX-5 
129;1570;5.4;1;MAZDA;F9287W00;MAZDA 6 / KARAVAN / CD175 / AWD / AT;Japonska ;JPN;osebni avtomobil;209;karavan;MAZDA 6 
129;1445;5.5;1;AUDI;LBMM_F1-FM62Q008R8P60T47GG;A3 / 2.0 / TDI;Nemcija;DEU;osebni avtomobil;215;vozilo z dviûnimi vrati zadaj;A3 
129;1703;5.5;1;MAZDA;GHN9280E;CX-5 / 2.2 / D;Japonska ;JPN;osebni avtomobil;204;karavan;CX-5 
129;1686;5.5;1;MAZDA;GHN9280E;CX-5;Japonska ;JPN;osebni avtomobil;204;karavan;CX-5
129;1686;5.5;1;MAZDA;N9280E;CX-5 / 2.2 / D HP AWD AT;Japonska ;JPN;osebni avtomobil;204;karavan;CX-5 
129;1630;5.5;1;MAZDA;GHN9280E;CX-5 / 2.2 / D HP AWD AT;Japonska ;JPN;osebni avtomobil;204;karavan;CX-5 
129;1615;5.5;1;MAZDA;N9280E;CX-5 / CD175 / AWD AT;Japonska ;JPN;osebni avtomobil;204;karavan;CX-5 
129;1610;5.8;1;MAZDA;GW2A0W0;CX-5 / CD175 / AWD AT;Japonska ;JPN;osebni avtomobil;206;karavan;CX-5 
129;1611;5.9;1;VOLVO;AS7241;S80 / 2.4 / TD;ävedska;SWE;osebni avtomobil;220;limuzina;S80 
129;1615;6.2;1;FORD;BA7-Q4BA1G5K;MONDEO / 2.2 / TDCI;Nemcija;DEU;osebni avtomobil;218;karavan;MONDEO 
129;1599;6.2;1;FORD;BA7-Q4BA1E5KHBPU;MONDEO / 2.2 / TDCI;Nemcija;DEU;osebni avtomobil;223;vozilo z dviûnimi vrati zadaj;MONDEO 
129;1460;6.6;1;ALFA ROMEO;932AXF0064;156 / 2.4 / JTD;Italija;ITA;osebni avtomobil;225;limuzina;156
129;1385;6.6;1;ALFA ROMEO;932AXF0064B;156 / 2.4 / JTD;Italija;ITA;osebni avtomobil;225;limuzina;156
129;1802;6.6;1;FORD;WA6Q4WA-1S7KKARG;S-MAX / 2.2 / TDCi ;Nemcija;DEU;osebni avtomobil;212;vecnamensko vozilo;S-MAX 
129;1629;6.6;1;VOLVO;AS7240;S80 / 2.4 / TD AUT.;ävedska;SWE;osebni avtomobil;230;limuzina;S80 
129;1629;6.6;1;VOLVO;AS72-40;S80 / 2.4 / TD AUT.;ävedska;SWE;osebni avtomobil;210;limuzina;S80 
129;1510;6.7;1;ALFA ROMEO;932BXF00-65C;156 / SW 2.4 / JTD;Italija;ITA;osebni avtomobil;225;karavan;156
129;1435;6.7;1;ALFA ROMEO;932BXF0065C;156 / SW 2.4 / JTD;Italija;ITA;osebni avtomobil;225;karavan;156
129;1840;6.7;1;FORD;WA6Q4WA-1M7KKARG;GALAXY / 2.2 / TDCi ;Nemcija;DEU;osebni avtomobil;208;vecnamensko vozilo;GALAXY 
129;1690;6.8;1;VOLVO;BW7240;V70 / 2.4 / TD AUT.;ävedska;SWE;osebni avtomobil;210;karavan;V70 
129;1742;6.9;1;VOLVO;DZ7240;XC60 / 2.4 / TD AUT.;ävedska;SWE;osebni avtomobil;205;karavan;XC60 
129;1679;7.2;0;TOYOTA;XA5(EU.M)/MXAA54(N)/MXAA54L-ANXMBW(1E);RAV4 / 2.0 / 4WD CVT;Japonska ;JPN;osebni avtomobil;190;karavan;RAV4 
129;1666;7.3;0;SUBARU;BS9-C4L;LEGACY / OUTBACK 2.5 / i CVT AWD;Japonska ;JPN;osebni avtomobil;198;karavan;LEGACY 
129;1615;7.5;1;ALFA ROMEO;936AXC00-18;166 / 2.4 / JTD;Italija;ITA;osebni avtomobil;222;limuzina;166
129;1510;7.5;1;ALFA ROMEO;932BXF00-65C;156 / SW 2.4 / JTD;Italija;ITA;osebni avtomobil;225;karavan;156
129;1540;8.3;0;SAAB;YS3FF5S-M601;9-3 / ESTATE 2.0;ävedska;SWE;osebni avtomobil;215;karavan;09-Mar
129;1435;8.3;0;SAAB;YS3FF4S-M5 03;9-3 / 2.0;ävedska;SWE;osebni avtomobil;225;limuzina;09-Mar
129;1683;8.6;0;SUBARU;BS9-C8L;LEGACY / OUTBACK 2.5 / i-S CVT AWD;Japonska ;JPN;osebni avtomobil;198;karavan;LEGACY 
129;1682;8.6;0;SUBARU;BS9-C8L;OUTBACK / 2.5 / i-S CVT AWD;Japonska ;JPN;osebni avtomobil;198;karavan;OUTBACK 
129;1666;8.6;0;SUBARU;BS9-C4L;OUTBACK / 2.5 / i CVT AWD;Japonska ;JPN;osebni avtomobil;198;karavan;OUTBACK 
129;1895;8.8;1;LANCIA;841AXH11-06B;THESIS / 2.4 / JTD;Italija;ITA;osebni avtomobil;220;limuzina;THESIS 
129;1570;8.8;0;OPEL;BC11-1A14BNBSKH25;VECTRA / CAR. 2.0 / 16V TURBO;Nemcija;DEU;osebni avtomobil;222;karavan;VECTRA 
129;1685;8.9;0;SAAB;F7S-M501;9-3 / CV 2.0 / T;ävedska;SWE;osebni avtomobil;220;kabriolet;09-Mar
130;1605;10.3;0;MERCEDES BENZ;U062F0-TAAAA500;E / 240 / AUT.;Nemcija;DEU;osebni avtomobil;233;limuzina;E 
130;1605;10.3;0;MERCEDES BENZ;211.061-U062K0TAAAA50;E / 240 / AUT.;Nemcija;DEU;osebni avtomobil;228;limuzina;E 
130;1805;10.5;0;CHRYSLER;LXAB3R-4;300C / 2.7 / AUT.;Zdruûene drûave;USA;osebni avtomobil;209;limuzina;300C 
130;1940;11.2;1;DODGE;KJ-DGJC9;NITRO / 2.8;Zdruûene drûave;USA;osebni avtomobil;182;karavan;NITRO 
130;2595;11.3;1;LAND ROVER;LMAMC-014;RANGE ROVER / 3.0 / TD6 AUT.;Zdruûeno kraljestvo;GBR;osebni avtomobil;179;karavan;RANGE ROVER 
130;1570;13.6;0;JEEP;AN9S;WRANGLER / 4.0;Zdruûene drûave;USA;osebni avtomobil;174;vecnamensko vozilo;WRANGLER 
130;1525;4.1;1;MERCEDES BENZ;23S2P2-MZBA1522;CLA / 220 / d AUT.;Nemcija;DEU;osebni avtomobil;232;limuzina;CLA 
130;1505;4.1;1;MERCEDES BENZ;M2S2P2-MZBCA501;B / 220 / d AUT.;Nemcija;DEU;osebni avtomobil;224;karavan;B 
130;1505;4.1;1;MERCEDES BENZ;M2S2P2-MZBCB523;B / 220 / CDI AUT.;Nemcija;DEU;osebni avtomobil;210;karavan;B 
130;1485;4.1;1;MERCEDES BENZ;12S2P2-MZAAA502;A / 220 / d AUT.;Nemcija;DEU;osebni avtomobil;224;karavan;A 
130;1555;4.2;1;MERCEDES BENZ;22S2P2-MZAAA502;CLA / 220 / d AUT.;Nemcija;DEU;osebni avtomobil;228;karavan;CLA 
130;1535;4.2;1;MERCEDES BENZ;27S2P2-MZAZ1501;GLA / 220 / d AUT.;Nemcija;DEU;osebni avtomobil;220;karavan;GLA 
130;1525;4.2;1;MERCEDES BENZ;23S2P2-MZAAB543;CLA / 220 / CDI AUT.;Nemcija;DEU;osebni avtomobil;232;limuzina;CLA 
130;1485;4.2;1;MERCEDES BENZ;12S2P2-MZAA1504;A / 220 / d AUT.;Nemcija;DEU;osebni avtomobil;224;karavan;A 
130;1555;4.3;1;MERCEDES BENZ;22S2P2-MZBA1574;CLA / 220 / d AUT.;Nemcija;DEU;osebni avtomobil;228;karavan;CLA 
130;1573;4.3;1;VOLVO;MV5551;V40 / 2.0 / TD;ävedska;SWE;osebni avtomobil;220;vecnamensko vozilo;V40 
130;1484;4.4;1;VOLVO;MZ5551;V40 Cross Country / 2.0 / TD;ävedska;SWE;osebni avtomobil;210;vecnamensko vozilo;V40 Cross Country 
130;1590;4.6;1;AUDI;SCGLCF1-FM6B1002RB8T1S47MGEM1;A5 / 2.0 / TDI;Nemcija;DEU;osebni avtomobil;228;vozilo z dviûnimi vrati zadaj;A5 
130;1555;4.6;1;AUDI;LCGLCF1-FM6B1002RB8KBS57MGEM1;A4 / 2.0 / TDI;Nemcija;DEU;osebni avtomobil;230;limuzina;A4 
130;1545;4.6;1;AUDI;CCGLCF1-FM6B1002RB8T1S47MGEM1;A5 / 2.0 / TDI;Nemcija;DEU;osebni avtomobil;230;kupe;A5 
130;1565;4.6;1;VOLKSWAGEN;AACFGCX0-FM6FM6FB001ST7MJVR24O;CC / 2.0 / TDI;Nemcija;DEU;osebni avtomobil;227;limuzina;CC 
130;1534;4.6;1;VOLKSWAGEN;AACFGCX0-FM6FM6FB001STP17MJSNVR2O;PASSAT / 2.0 / TDI;Nemcija;DEU;osebni avtomobil;227;limuzina;PASSAT 
130;1590;4.7;1;AUDI;SCGLCF1-FM6B1002RB8TAS57MGEM1;A5 / 2.0 / TDI;Nemcija;DEU;osebni avtomobil;228;vozilo z dviûnimi vrati zadaj;A5 
130;1570;4.7;1;AUDI;CCGLCF1-FAV8W001RB8T1S47MJEM1;A5 / 2.0 / TDI AUT.;Nemcija;DEU;osebni avtomobil;225;kupe;A5 
130;1545;4.7;1;AUDI;CCGLCF1-FM6B1002RB8T1S47MGEM1;A5 / 2.0 / TDI;Nemcija;DEU;osebni avtomobil;230;kupe;A5 
130;1450;4.7;1;BMW;UD91-5A;120 / / d;Nemcija;DEU;osebni avtomobil;228;karavan;120
130;1445;4.7;1;BMW;UR31-5H000;120 / COUPE / d;Nemcija;DEU;osebni avtomobil;228;kupe;120
130;1558;4.7;1;VOLKSWAGEN;ACCFGCX0-FM6FM6FB001STP07MJSNVR2O;PASSAT / VARIANT 2.0 / TDI;Nemcija;DEU;osebni avtomobil;224;karavan;PASSAT 
130;1730;4.8;1;AUDI;KCGLCF1-FM6B1002RB8T1S47MGEM1;A5 CABRIOLET / 2.0 / TDI;Nemcija;DEU;osebni avtomobil;222;kabriolet;A5 CABRIOLET 
130;1615;4.8;1;AUDI;SCGLCF1-FAV8W001RB8TAS47MJEM1;A5 / 2.0 / TDI AUT.;Nemcija;DEU;osebni avtomobil;225;vozilo z dviûnimi vrati zadaj;A5 
130;1610;4.8;1;AUDI;ACGLCF1-FM6B1002RB8K2S57MGEM1;A4 AVANT / 2.0 / TDI;Nemcija;DEU;osebni avtomobil;222;karavan;A4 AVANT 
130;1595;4.8;1;AUDI;LCGLCF1-FAV8W001RB8K2S57MGEM1;A4 / 2.0 / TDI AUT.;Nemcija;DEU;osebni avtomobil;222;limuzina;A4 
130;1505;4.8;1;BMW;WD11-AA;320 / / d;Nemcija;DEU;osebni avtomobil;232;kupe;320
130;1505;4.8;1;BMW;PN31-5A;320 / / d;Nemcija;DEU;osebni avtomobil;230;limuzina;320
130;1450;4.8;1;BMW;UD91-5A;120 / / d;Nemcija;DEU;osebni avtomobil;228;karavan;120
130;1450;4.8;1;BMW;UR31-AA;120 / COUPE / D;Nemcija;DEU;osebni avtomobil;228;kupe;120
130;1440;4.8;1;BMW;UB51-AA;120 / / d;Nemcija;DEU;osebni avtomobil;228;karavan;120
130;1615;4.8;1;MERCEDES BENZ;22S2P1-MZBA1522;CLA / 220 / d 4-MATIC AUT.;Nemcija;DEU;osebni avtomobil;225;karavan;CLA 
130;1595;4.8;1;MERCEDES BENZ;27S2P1-MZAA1501;GLA / 220 / d 4-MATIC AUT.;Nemcija;DEU;osebni avtomobil;215;karavan;GLA 
130;1585;4.8;1;MERCEDES BENZ;23S2P1-MZBA1502;CLA / 220 / d 4-MATIC AUT.;Nemcija;DEU;osebni avtomobil;230;limuzina;CLA 
130;1580;4.8;1;MERCEDES BENZ;23S2P1-MZAAA522;CLA / 220 / d 4-MATIC AUT.;Nemcija;DEU;osebni avtomobil;230;limuzina;CLA 
130;1545;4.8;1;MERCEDES BENZ;12S2P1-MZAA1502;A / 220 / d 4MATIC;Nemcija;DEU;osebni avtomobil;220;karavan;A 
130;1573;4.8;1;VOLKSWAGEN;AACFGCX0-FM6FM6FB001ST7MQVR25O;CC / 2.0 / TDI;Nemcija;DEU;osebni avtomobil;227;limuzina;CC 
130;1730;4.9;1;AUDI;KCGLCF1-FM6B1002RB8T1S47MJEM1;A5 CABRIOLET / 2.0 / TDI;Nemcija;DEU;osebni avtomobil;222;kabriolet;A5 CABRIOLET 
130;1650;4.9;1;AUDI;LCGLCF1-FM6B1011R4G617MGEM2;A6 / 2.0 / TDI;Nemcija;DEU;osebni avtomobil;228;limuzina;A6 
130;1650;4.9;1;AUDI;ACGLCF1-FAV8W001RB8K2S57MJEM1;A4 AVANT / 2.0 / TDI AUT.;Nemcija;DEU;osebni avtomobil;211;karavan;A4 AVANT 
130;1580;4.9;1;BMW;VU51-AA;320 / TOURING / d;Nemcija;DEU;osebni avtomobil;228;karavan;320
130;1495;4.9;1;BMW;WD11-AA;320 / / d;Nemcija;DEU;osebni avtomobil;232;kupe;320
130;1450;4.9;1;BMW;UD91-AA;120 / / d;Nemcija;DEU;osebni avtomobil;228;karavan;120
130;1450;4.9;1;BMW;UD91-AA;120 / / d;Nemcija;DEU;osebni avtomobil;226;karavan;120
130;1440;4.9;1;BMW;UB51-AA;120 / / d;Nemcija;DEU;osebni avtomobil;228;karavan;120
130;1420;4.9;1;BMW;WD-11;320 / COUPE / D;Nemcija;DEU;osebni avtomobil;232;kupe;320
130;1575;4.9;1;OPEL;ZJEHZR-C2B000;GRANDLAND X / 2.0 / CDTI AUT.;Nemcija;DEU;osebni avtomobil;214;vecnamensko vozilo;GRANDLAND X 
130;1557;4.9;1;PEUGEOT;MJEHZR-S2B000;5008 / 2.0 / HDI AUT.;Francija;FRA;osebni avtomobil;215;vecnamensko vozilo;5008
130;1725;5.1;1;AUDI;ACGLCF1-FAVAW008R4G60S57MGEM2;A6 / AVANT 2.0 / TDI AUT.;Nemcija;DEU;osebni avtomobil;216;karavan;A6 
130;1725;5.1;1;AUDI;ACGLCF1-FAVAW008R4G60S57MGEM2;A6 / AVANT 2.0 / TDI AUT.;Nemcija;DEU;osebni avtomobil;216;vozilo za posebne namene;A6 
130;1670;5.1;1;AUDI;SCGLCQ1-QM6B2003RB8TAS57MJEM1;A5 / 2.0 / TDI Q;Nemcija;DEU;osebni avtomobil;223;vozilo z dviûnimi vrati zadaj;A5 
130;1660;5.1;1;AUDI;SCGLCQ1-QM6B2003RB8T1S47MGEM1;A5 / 2.0 / TDI Q;Nemcija;DEU;osebni avtomobil;223;vozilo z dviûnimi vrati zadaj;A5 
130;1635;5.1;1;AUDI;LCGLCQ1-QM6B2003RB8K2S57MJEM1;A4 / 2.0 / TDI Q;Nemcija;DEU;osebni avtomobil;228;limuzina;A4 
130;1610;5.1;1;AUDI;CCGLCQ1-QM6B2003RB8TAS47MGEM1;A5 / 2.0 / TDI Q;Nemcija;DEU;osebni avtomobil;228;kupe;A5 
130;1585;5.1;1;BMW;NX31-AA;520 / / d;Nemcija;DEU;osebni avtomobil;231;limuzina;520
130;1585;5.1;1;BMW;UM71-AA;120 / CABRIO / d;Nemcija;DEU;osebni avtomobil;222;kabriolet;120
130;1590;5.1;1;VOLKSWAGEN;AACFGCX0-FD6FD62E018ST7MJVR25O;CC / 2.0 / TDI AUT.;Nemcija;DEU;osebni avtomobil;224;limuzina;CC 
130;1614;5.1;1;VOLVO;MW5051;V50 / 2.0 / TD;ävedska;SWE;osebni avtomobil;220;vecnamensko vozilo;V50 
130;1451;5.1;1;VOLVO;MK5051;C30 / 2.0 / TD;ävedska;SWE;osebni avtomobil;220;kupe;C30 
130;1590;5.2;1;VOLKSWAGEN;AACFGCX0-FD6FD62E018ST7MJVR25O;CC / 2.0 / TDI AUT.;Nemcija;DEU;osebni avtomobil;224;limuzina;CC 
130;1582;5.2;1;VOLKSWAGEN;AACFGCX0-FD6FD62E018ST7MQVR24O;CC / 2.0 / TDI AUT.;Nemcija;DEU;osebni avtomobil;224;limuzina;CC 
130;1580;5.2;1;VOLKSWAGEN;ACCFGCX0-FD6FD62E018STP07MJSNVR2O;PASSAT / VARIANT 2.0 / TDI AUT.;Nemcija;DEU;osebni avtomobil;220;karavan;PASSAT 
130;1597;5.2;1;VOLVO;MV5550;V40 / 2.0 / TD AUT.;ävedska;SWE;osebni avtomobil;215;vecnamensko vozilo;V40 
130;1700;5.3;1;AUDI;SCGLCQ1-QD7B5027RB8T1S47MJEM1;A5 / 2.0 / TDI Q AUT.;Nemcija;DEU;osebni avtomobil;222;vozilo z dviûnimi vrati zadaj;A5 
130;1675;5.3;1;AUDI;ACGLCQ1-QM6B2003RB8K2S57MJEM1;A4 AVANT / 2.0 / TDI Q;Nemcija;DEU;osebni avtomobil;222;karavan;A4 AVANT 
130;1670;5.3;1;AUDI;LCGLCQ1-QD7B5027RB8K2S57MGEM1;A4 / 2.0 / TDI Q AUT.;Nemcija;DEU;osebni avtomobil;225;limuzina;A4 
130;1650;5.3;1;AUDI;CCGLCQ1-QD7B5027RB8TAS47MJEM1;A5 / 2.0 / TDI Q AUT.;Nemcija;DEU;osebni avtomobil;225;kupe;A5 
130;1730;5.3;1;BMW;WM31-AA;320 / CABRIO / d;Nemcija;DEU;osebni avtomobil;223;kabriolet;320
130;1675;5.3;1;BMW;PX31-AA;520 / TOURING / d;Nemcija;DEU;osebni avtomobil;224;karavan;520
130;1565;5.3;1;BMW;VN31-5Q;X1 / SDRIVE 20 / D;Nemcija;DEU;osebni avtomobil;218;karavan;X1 
130;1565;5.3;1;BMW;VN31-5A;X1 / sDrive 20 / d;Nemcija;DEU;osebni avtomobil;205;karavan;X1 
130;1450;5.3;1;BMW;UD91-5B;120 / / d AUT.;Nemcija;DEU;osebni avtomobil;226;karavan;120
130;1450;5.3;1;BMW;UR31-5B;120 / COUPE / d AUT.;Nemcija;DEU;osebni avtomobil;226;kupe;120
130;1600;5.4;1;BMW;PP71-AA;320 / / d xDrive;Nemcija;DEU;osebni avtomobil;224;limuzina;320
130;1520;5.4;1;BMW;PN31-5B;320 / / d AUT.;Nemcija;DEU;osebni avtomobil;228;limuzina;320
130;1455;5.4;1;BMW;UR31-5B;120 / COUPE / d AUT.;Nemcija;DEU;osebni avtomobil;226;kupe;120
130;1455;5.4;1;BMW;UD91-AL;120 / / d AUT.;Nemcija;DEU;osebni avtomobil;226;karavan;120
130;1445;5.4;1;BMW;VG91-AB;320 / / D AUT.;Nemcija;DEU;osebni avtomobil;228;limuzina;320
130;1615;5.4;1;PEUGEOT;FJEHZR-R2B000;508 / 2.0 BREAK / HDI AUT.;Francija;FRA;osebni avtomobil;231;karavan;508
130;1715;5.5;1;AUDI;ACGLCQ1-QD7B5027RB8K2S57MJEM1;A4 AVANT / 2.0 / TDI Q AUT.;Nemcija;DEU;osebni avtomobil;218;karavan;A4 AVANT 
130;1520;5.5;1;BMW;WD11-AB;320 / / d AUT.;Nemcija;DEU;osebni avtomobil;230;kupe;320
130;1495;5.5;1;BMW;WD11-01;320 / / d;Nemcija;DEU;osebni avtomobil;232;kupe;320
130;1615;5.5;1;LEXUS;ALE20L-AEFLYW(2K);LEXUS IS220d / 2.2 / D;Japonska ;JPN;osebni avtomobil;220;limuzina;LEXUS IS220d 
130;1652;5.5;1;PEUGEOT;FHEHZR-C2F000;508 / 2.0 / HDI AUT.;Francija;FRA;osebni avtomobil;235;vozilo z dviûnimi vrati zadaj;508
130;1768;5.5;1;RENAULT;RZGHH2AKX5E2S00A10;KOLEOS / 2.0 / DCI AUT.;Francija;FRA;osebni avtomobil;202;karavan;KOLEOS 
130;1650;5.6;1;AUDI;XCFGCQ1-QM6A6011R8U617MJEM1;Q3 / 2.0 / TDI Q;Nemcija;DEU;osebni avtomobil;215;karavan;Q3 
130;1665;5.6;1;BMW;UW71-AA;320 / TOURING / d xDrive;Nemcija;DEU;osebni avtomobil;222;karavan;320
130;1595;5.6;1;BMW;NX31-AB;520 / / d AUT.;Nemcija;DEU;osebni avtomobil;229;limuzina;520
130;1595;5.6;1;BMW;UX31-5B;320 / TOURING / d AUT.;Nemcija;DEU;osebni avtomobil;226;karavan;320
130;1520;5.6;1;BMW;PN31-5B;320 / / d AUT.;Nemcija;DEU;osebni avtomobil;228;limuzina;320
130;1415;5.6;1;BMW;WD-11;320 / D;Nemcija;DEU;osebni avtomobil;201;kupe;320
130;1615;5.6;1;LEXUS;ALE20L-AEFLYW(1H);LEXUS IS220d / 2.2 / D;Japonska ;JPN;osebni avtomobil;220;limuzina;LEXUS IS220d 
130;1652;5.6;1;PEUGEOT;FHEHZR-C2F000;508 / 2.0 / HDI AUT.;Francija;FRA;osebni avtomobil;235;vozilo z dviûnimi vrati zadaj;508
130;1817;5.6;1;RENAULT;RZGHH4AK65E2V00A10;KOLEOS / 2.0 / DCI 4x4;Francija;FRA;osebni avtomobil;202;karavan;KOLEOS 
130;1688;5.6;1;VOLKSWAGEN;ACCFGCX1-AD7AD7BH003NDSTVR27MJO;TIGUAN / 2.0 / TDI 4M AUT.;Nemcija;DEU;osebni avtomobil;200;karavan;TIGUAN 
130;1650;5.6;1;VOLKSWAGEN;AACFGCX1-AD6AD62E083STP07MJSNVR2O;PASSAT / 2.0 / TDI 4M AUT.;Nemcija;DEU;osebni avtomobil;220;limuzina;PASSAT 
130;1650;5.6;1;VOLKSWAGEN;AACFGCX1-AD6AD62E083STP07MJSNVR2O;PASSAT / 2.0 / TDI 4M AUT.;Nemcija;DEU;osebni avtomobil;220;vozilo za posebne namene;PASSAT 
130;1520;5.7;1;BMW;WD11-5B;320 / / d AUT.;Nemcija;DEU;osebni avtomobil;230;kupe;320
130;1505;5.7;1;BMW;VU-51;320 / D;Nemcija;DEU;osebni avtomobil;223;karavan;320
130;1950;5.7;1;CITROEN;VEAHHW-N2B00L;JUMPY SPACE TOURER / 2.0 / HDI L2;Francija;FRA;osebni avtomobil;170;vecnamensko vozilo;JUMPY SPACE TOURER 
130;1610;5.7;1;DS;JJEHZR-C2B000;DS7 / CROSSBACK 2.0 / HDI AUT.;Francija;FRA;osebni avtomobil;218;karavan;DS7 
130;1950;5.7;1;PEUGEOT;VEAHHW-N2B00L;EXPERT TRAVELLER / 2.0 / HDI L2;Francija;FRA;osebni avtomobil;170;vecnamensko vozilo;EXPERT TRAVELLER 
130;1926;5.7;1;PEUGEOT;VEAHHW-N2B00K;EXPERT TRAVELLER / 2.0 / HDI L1;Francija;FRA;osebni avtomobil;170;vecnamensko vozilo;EXPERT TRAVELLER 
130;1674;5.7;1;PEUGEOT;FHEHZR-C2B000;508 / 2.0 / HDI AUT.;Francija;FRA;osebni avtomobil;235;vozilo z dviûnimi vrati zadaj;508
130;1950;5.7;1;TOYOTA;VEAHHW-N2B00L(1E);PROACE / 2.0 / D AUT;Francija;FRA;osebni avtomobil;170;vecnamensko vozilo;PROACE 
130;1691;5.7;1;VOLKSWAGEN;AACFGCX1-AD6AD62E083ST7MJVR25O;CC / 2.0 / TDI 4M AUT.;Nemcija;DEU;osebni avtomobil;220;limuzina;CC 
130;1683;5.7;1;VOLKSWAGEN;AACFGCX1-AD6AD62E083ST7MJVR24O;CC / 2.0 / TDI 4M AUT.;Nemcija;DEU;osebni avtomobil;220;limuzina;CC 
130;1672;5.7;1;VOLKSWAGEN;ACCFGCX1-AD6AD62E083STP27MQSNVR2M;PASSAT / VARIANT 2.0 / TDI 4M AUT.;Nemcija;DEU;osebni avtomobil;217;karavan;PASSAT 
130;1639;5.7;1;VOLKSWAGEN;CFJBAF-FD6FD62E0187MJS7N1VR0SO;TOURAN / 2.0 / TDI AUT.;Nemcija;DEU;osebni avtomobil;214;vecnamensko vozilo;TOURAN 
130;1598;5.7;1;VOLKSWAGEN;CFJBAC-FD6FD62E0187MJS5N1VR0SO;TOURAN / 2.0 / TDI AUT.;Nemcija;DEU;osebni avtomobil;214;karavan;TOURAN 
130;1705;5.8;1;AUDI;HCGLCQ1-QM6B2007RB8H1S57MGEM1;A4 ALLROAD QUATTRO / 2.0 / TDI;Nemcija;DEU;osebni avtomobil;215;karavan;A4 ALLROAD QUATTRO 
130;1745;5.8;1;BMW;WM31-AB;320 / CABRIO / d AUT.;Nemcija;DEU;osebni avtomobil;223;kabriolet;320
130;1695;5.8;1;BMW;PX31-5B;520 / TOURING / D AUT.;Nemcija;DEU;osebni avtomobil;224;karavan;520
130;1650;5.8;1;BMW;VP31-5Q;X1 / XDRIVE 20 / D;Nemcija;DEU;osebni avtomobil;213;karavan;X1 
130;1650;5.8;1;BMW;VP31-5A;X1 / xDrive 20 / d;Nemcija;DEU;osebni avtomobil;205;karavan;X1 
130;1595;5.8;1;BMW;UX31-5B;320 / TOURING / D AUT.;Nemcija;DEU;osebni avtomobil;226;karavan;320
130;1690;5.8;1;MITSUBISHI;CB311-ALBAA6A5AAAJ;OUTLANDER / 2.2 DID / 2WD;Japonska ;JPN;osebni avtomobil;200;karavan;OUTLANDER 
130;1796;5.8;1;NISSAN;T32EE02;X-TRAIL / 2.0 / 4x4;Japonska ;JPN;osebni avtomobil;204;vecnamensko vozilo;X-TRAIL 
130;1730;5.8;1;NISSAN;T32EE72;X-TRAIL / 2.0 / DCI 4x4;Japonska ;JPN;osebni avtomobil;204;vecnamensko vozilo;X-TRAIL 
130;1725;5.8;1;NISSAN;T32-E02;X-TRAIL / 2.0 / 4x4;Japonska ;JPN;osebni avtomobil;204;vecnamensko vozilo;X-TRAIL 
130;1705;5.8;1;NISSAN;T32DD72;X-TRAIL / 2.0 / DCI AUT.;Japonska ;JPN;osebni avtomobil;199;vecnamensko vozilo;X-TRAIL 
130;1700;5.8;1;NISSAN;T32EE02;X-TRAIL / 2.0 / DCI 4x4;Japonska ;JPN;osebni avtomobil;204;vecnamensko vozilo;X-TRAIL 
130;1727;5.8;1;PEUGEOT;MJEHZU-S2P300;5008 / 2.0 / HDI AUT.;Francija;FRA;osebni avtomobil;215;vecnamensko vozilo;5008
130;1726;5.8;1;PEUGEOT;MJEHZU-S2P500;5008 / 2.0 / HDI AUT.;Francija;FRA;osebni avtomobil;215;vecnamensko vozilo;5008
130;1700;5.8;1;PEUGEOT;FHEHZR-C2K200;508 / 2.0 / HDI AUT.;Francija;FRA;osebni avtomobil;235;vozilo z dviûnimi vrati zadaj;508
130;1680;5.8;1;PEUGEOT;FHEHZR-C2B000;508 / 2.0 / HDI AUT.;Francija;FRA;osebni avtomobil;235;vozilo z dviûnimi vrati zadaj;508
130;1663;5.8;1;PEUGEOT;FJEHZR-R2B000;508 / 2.0 BREAK / HDI AUT.;Francija;FRA;osebni avtomobil;231;karavan;508
130;1653;5.8;1;PEUGEOT;FJEHZR-R2K200;508 / 2.0 BREAK / HDI AUT.;Francija;FRA;osebni avtomobil;231;karavan;508
130;1605;5.8;1;TOYOTA;AUR-10L;COROLLA / VERSO / 2.2 D4D;Turcija;TUR;osebni avtomobil;205;vecnamensko vozilo;COROLLA 
130;1851;5.8;1;VOLKSWAGEN;CFGCX0AF-FM6FM6A60057MJ7VR2VWM;SHARAN / 2.0 / TDI;Nemcija;DEU;osebni avtomobil;208;vecnamensko vozilo;SHARAN 
130;1800;5.8;1;VOLKSWAGEN;CFGCX0AC-FM6FM6A60057MJ5VR2VWO;SHARAN / 2.0 / TDI;Nemcija;DEU;osebni avtomobil;208;karavan;SHARAN 
130;1678;5.8;1;VOLKSWAGEN;ACCFGCX1-AM6AM6A6010NDSTVR27MJO;TIGUAN / 2.0 / TDI 4M;Nemcija;DEU;osebni avtomobil;202;karavan;TIGUAN 
130;1519;5.8;1;VOLVO;MW5050;V50 / 2.0 / TD AUT.;ävedska;SWE;osebni avtomobil;215;vecnamensko vozilo;V50 
130;1830;5.9;1;AUDI;XCGLCQ1-QM6B2023R8R727MGEM1;Q5 / 2.0 / TDI Q;Nemcija;DEU;osebni avtomobil;204;karavan;Q5 
130;1660;5.9;1;AUDI;XCFGCQ1-QD7BH003R8U6A7MQEM1;Q3 / 2.0 / TDI Q AUT.;Nemcija;DEU;osebni avtomobil;212;karavan;Q3 
130;1615;5.9;1;BMW;PP71-AB;320 / / d xDrive AUT.;Nemcija;DEU;osebni avtomobil;222;limuzina;320
130;1605;5.9;1;BMW;WC11-AB;320 / / d xDrive AUT.;Nemcija;DEU;osebni avtomobil;224;kupe;320
130;1575;5.9;1;BMW;VN31-5A0V0;X1 / sDrive 20 / d AUT.;Nemcija;DEU;osebni avtomobil;218;karavan;X1 
130;1575;5.9;1;BMW;VN31-5A000;X1 / sDrive 20 / d AUT.;Nemcija;DEU;osebni avtomobil;205;karavan;X1 
130;2004;5.9;1;CITROEN;VEAHHW-N2B00N;JUMPY SPACE TOURER / 2.0 / HDI L3;Francija;FRA;osebni avtomobil;170;vecnamensko vozilo;JUMPY SPACE TOURER 
130;2004;5.9;1;PEUGEOT;VEAHHW-N2B00N;EXPERT TRAVELLER / 2.0 / HDI L3;Francija;FRA;osebni avtomobil;170;vecnamensko vozilo;EXPERT TRAVELLER 
130;2002;5.9;1;PEUGEOT;VEAHHW-P2B00N;EXPERT TRAVELLER / 2.0 / HDI L3;Francija;FRA;osebni avtomobil;170;vecnamensko vozilo;EXPERT TRAVELLER 
130;1765;5.9;1;PEUGEOT;MJEHZU-S2P300;5008 / 2.0 / HDI AUT.;Francija;FRA;osebni avtomobil;215;vecnamensko vozilo;5008
130;1711;5.9;1;PEUGEOT;FJEHZR-R2K200;508 / 2.0 BREAK / HDI AUT.;Francija;FRA;osebni avtomobil;231;karavan;508
130;1688;5.9;1;PEUGEOT;FJEHZR-R2B000;508 / 2.0 BREAK / HDI AUT.;Francija;FRA;osebni avtomobil;231;karavan;508
130;1897;5.9;1;RENAULT;RZGHH4AKX5E2S00A10;KOLEOS / 2.0 / DCI AUT. 4x4;Francija;FRA;osebni avtomobil;201;karavan;KOLEOS 
130;1590;5.9;1;TOYOTA;ADT271L-AEFGXW(1A);AVENSIS / 2.2 / D;Zdruûeno kraljestvo;GBR;osebni avtomobil;220;limuzina;AVENSIS 
130;1855;5.9;1;VOLKSWAGEN;CFGCX0AF-FD6FD62E0297MJ7VR2VWO;SHARAN / 2.0 / TDI AUT.;Nemcija;DEU;osebni avtomobil;205;vecnamensko vozilo;SHARAN 
130;1804;5.9;1;VOLKSWAGEN;CFGCX0AC-FD6FD62E0297MJ5VR2VWO;SHARAN / 2.0 / TDI AUT.;Nemcija;DEU;osebni avtomobil;205;karavan;SHARAN 
130;1726;5.9;1;VOLKSWAGEN;ACCFGCX1-AD6AD62E086STP37MJCNVR2O;PASSAT / ALLTRACK 2.0 / TDI 4M AUT.;Nemcija;DEU;osebni avtomobil;210;karavan;PASSAT 
130;1688;5.9;1;VOLKSWAGEN;ACCFGCX1-AD7AD7BH003NDSTVR27MJO;TIGUAN / 2.0 / TDI 4M AUT.;Nemcija;DEU;osebni avtomobil;200;karavan;TIGUAN 
130;1895;6.1;1;AUDI;XCGLCQ1-QD7B5035R8R727MJEM1G;Q5 / 2.0 / TDI Q AUT.;Nemcija;DEU;osebni avtomobil;200;karavan;Q5 
130;1847;6.1;1;NISSAN;T32EE04;X-TRAIL / 2.0 / AUT. 4x4;Japonska ;JPN;osebni avtomobil;196;vecnamensko vozilo;X-TRAIL 
130;1830;6.1;1;NISSAN;T32EE78;X-TRAIL / 2.0 / DCI AUT. 4x4;Japonska ;JPN;osebni avtomobil;196;vecnamensko vozilo;X-TRAIL 
130;1815;6.1;1;NISSAN;T32EE04;X-TRAIL / 2.0 / DCI AUT. 4x4;Japonska ;JPN;osebni avtomobil;196;vecnamensko vozilo;X-TRAIL 
130;1778;6.1;1;NISSAN;T32EE74;X-TRAIL / 2.0 / DCI AUT. 4x4;Japonska ;JPN;osebni avtomobil;196;vecnamensko vozilo;X-TRAIL 
130;1535;6.1;1;TOYOTA;ADT251L-AEFQXW(1H);AVENSIS / 2.2 / D;Zdruûeno kraljestvo;GBR;osebni avtomobil;220;limuzina;AVENSIS 
130;1530;6.1;1;TOYOTA;ADT251L-AEFEXW(1E);AVENSIS / 2.2 / D;Zdruûeno kraljestvo;GBR;osebni avtomobil;220;limuzina;AVENSIS 
130;1660;6.2;1;BMW;VP31-5A0V0;X1 / XDRIVE 20 / D AUT.;Nemcija;DEU;osebni avtomobil;213;karavan;X1 
130;1660;6.2;1;BMW;VP31-5B;X1 / xDrive 20 / d AUT.;Nemcija;DEU;osebni avtomobil;205;karavan;X1 
130;2116;6.2;1;CITROEN;VEAHHW-M2B00N;JUMPY SPACE TOURER / 2.0 / HDI L3;Francija;FRA;osebni avtomobil;170;vecnamensko vozilo;JUMPY SPACE TOURER 
130;1699;6.2;1;CITROEN;AJEHZR-C2B000;C5 AIRCROSS / 2.0 / HDI AUT.;Francija;FRA;osebni avtomobil;211;vecnamensko vozilo;C5 AIRCROSS 
130;1669;6.2;1;CITROEN;AJEHZR-C22C00;C5 AIRCROSS / 2.0 / HDI AUT.;Francija;FRA;osebni avtomobil;211;vecnamensko vozilo;C5 AIRCROSS 
130;1720;6.2;1;MITSUBISHI;CB221-AMBAA6A5AAAJ;OUTLANDER / 2.2 DID / 4WD;Japonska ;JPN;osebni avtomobil;200;karavan;OUTLANDER 
130;1575;6.2;1;OPEL;ZJEHZR-C2K200;GRANDLAND X / 2.0 / CDTI AUT.;Nemcija;DEU;osebni avtomobil;215;vecnamensko vozilo;GRANDLAND X 
130;1676;6.2;1;PEUGEOT;MJEHZR-S2K200;5008 / 2.0 / HDI AUT.;Francija;FRA;osebni avtomobil;215;vecnamensko vozilo;5008
130;2100;6.2;1;TOYOTA;VEAHHW-L2B00N(1D);PROACE / 2.0 / D AUT;Francija;FRA;osebni avtomobil;170;vecnamensko vozilo;PROACE 
130;1565;6.2;1;TOYOTA;ADT251L-AWFQXW(1J);AVENSIS / COMBI 2.2 / D;Zdruûeno kraljestvo;GBR;osebni avtomobil;220;karavan;AVENSIS 
130;1560;6.2;1;TOYOTA;ADT251L-AWFEXW(1E);AVENSIS / COMBI 2.2 / D;Zdruûeno kraljestvo;GBR;osebni avtomobil;220;karavan;AVENSIS 
130;1510;6.2;1;TOYOTA;ADE157L-DHFNXW(1A);AURIS / 2.2 / D;Turcija;TUR;osebni avtomobil;210;vozilo z dviûnimi vrati zadaj;AURIS 
130;1682;6.3;1;CITROEN;AJEHZR-C22100;C5 AIRCROSS / 2.0 / HDI AUT.;Francija;FRA;osebni avtomobil;211;vecnamensko vozilo;C5 AIRCROSS 
130;1662;6.3;1;CITROEN;AJEHZR-C2F000;C5 AIRCROSS / 2.0 / HDI AUT.;Francija;FRA;osebni avtomobil;211;vecnamensko vozilo;C5 AIRCROSS 
130;1660;6.3;1;LEXUS;ALE20L-AEFLYW(1D);LEXUS IS220d / 2.2 / D;Japonska ;JPN;osebni avtomobil;220;limuzina;LEXUS IS220d 
130;1620;6.3;1;MERCEDES BENZ;211-K;E / 270 / CDI;Nemcija;DEU;osebni avtomobil;216;limuzina;E 
130;1780;6.3;1;MITSUBISHI;CB221-ABACA6A7AAAJ;OUTLANDER / 2.2 DID / 4WD;Japonska ;JPN;osebni avtomobil;200;karavan;OUTLANDER 
130;1725;6.3;1;MITSUBISHI;CB221-AMBAA6A5AAAJ;OUTLANDER / 2.2 DID / 4WD;Japonska ;JPN;osebni avtomobil;200;karavan;OUTLANDER 
130;1739;6.3;1;PEUGEOT;MJEHZR-S2K200;5008 / 2.0 / HDI AUT.;Francija;FRA;osebni avtomobil;215;vecnamensko vozilo;5008
130;1704;6.3;1;PEUGEOT;MJEHZR-S2K000;5008 / 2.0 / HDI AUT.;Francija;FRA;osebni avtomobil;215;vecnamensko vozilo;5008
130;1965;6.3;1;VOLKSWAGEN;DLUBX1AF-AD7AD7BH0034BFN7VW1CB;SHARAN / 2.0 / TDI 4M AUT.;Nemcija;DEU;osebni avtomobil;208;vecnamensko vozilo;SHARAN 
130;1895;6.4;1;AUDI;XCGLCQ1-QD7B5035R8R727MKEM1G;Q5 / 2.0 / TDI Q AUT.;Nemcija;DEU;osebni avtomobil;200;karavan;Q5 
130;1681;6.4;1;CITROEN;AJEHZR-C2F000;C5 AIRCROSS / 2.0 / HDI AUT.;Francija;FRA;osebni avtomobil;211;vecnamensko vozilo;C5 AIRCROSS 
130;1660;6.4;1;PEUGEOT;MJEHZR-C2B000;3008 / 2.0 / HDI AUT.;Francija;FRA;osebni avtomobil;215;vecnamensko vozilo;3008
130;1844;6.4;1;RENAULT;RZGHH4AKXSA0200000;KOLEOS / 2.0 / DCI AUT. 4x4;Francija;FRA;osebni avtomobil;204;karavan;KOLEOS 
130;1755;6.4;1;VOLVO;MC5050;C70 / 2.0 / TD. AUT.;ävedska;SWE;osebni avtomobil;220;kabriolet;C70 
130;1815;6.5;1;BMW;PE11-AJ;X3 / 2.0 / d;Nemcija;DEU;osebni avtomobil;206;karavan;X3 
130;1740;6.5;1;BMW;PE-11;X3 / 2.0 / D;Nemcija;DEU;osebni avtomobil;206;vozilo z dviûnimi vrati zadaj;X3 
130;1719;6.5;1;DS;JJEHZR-C2B002;DS7 / CROSSBACK 2.0 / HDI AUT.;Francija;FRA;osebni avtomobil;218;karavan;DS7 
130;1577;6.5;0;KIA;QLEF5P21-D711Z1;SPORTAGE / 1.6 / T / AUT.;Slovaöka;SVK;osebni avtomobil;201;vecnamensko vozilo;SPORTAGE 
130;1695;6.5;1;MERCEDES BENZ;211U016F0-SFAAA500;E / 270;Nemcija;DEU;osebni avtomobil;228;limuzina;E 
130;1665;6.5;1;MERCEDES BENZ;211;E / 270 / CDI;Nemcija;DEU;osebni avtomobil;230;limuzina;E 
130;1780;6.5;1;MITSUBISHI;CB221-ABACA6A7AAAJ;OUTLANDER / 2.2 DID / 4WD;Japonska ;JPN;osebni avtomobil;200;karavan;OUTLANDER 
130;1575;6.5;1;OPEL;ZJEHZR-C2B000;GRANDLAND X / 2.0 / CDTI AUT.;Nemcija;DEU;osebni avtomobil;214;vecnamensko vozilo;GRANDLAND X 
130;1726;6.5;1;PEUGEOT;MJEHZR-S2B000;5008 / 2.0 / HDI AUT.;Francija;FRA;osebni avtomobil;215;vecnamensko vozilo;5008
130;1671;6.5;1;PEUGEOT;MJEHZR-C2B000;3008 / 2.0 / HDI AUT.;Francija;FRA;osebni avtomobil;215;vecnamensko vozilo;3008
130;1770;6.6;1;DS;JJEHZR-C2B002;DS7 / CROSSBACK 2.0 / HDI AUT.;Francija;FRA;osebni avtomobil;218;karavan;DS7 
130;1701;6.6;0;HYUNDAI;F5P21-D711Z1;TUCSON / 1.6 / T-GDI DCT;Ceöka republika;CZE;osebni avtomobil;201;vecnamensko vozilo;TUCSON 
130;1744;6.6;1;PEUGEOT;MJEHZR-S2B000;5008 / 2.0 / HDI AUT.;Francija;FRA;osebni avtomobil;215;vecnamensko vozilo;5008
130;1670;6.6;1;TOYOTA;ALA30L-AWFGXW(2A);RAV 4 / 2.2 / D;Japonska ;JPN;osebni avtomobil;200;vecnamensko vozilo;RAV 4 
130;1590;6.6;1;TOYOTA;AUR10L-GWFEXW(1F);COROLLA VERSO / 2.2 / D;Turcija;TUR;osebni avtomobil;205;karavan;COROLLA VERSO 
130;1585;6.6;1;TOYOTA;AUR10L-GWFEXW(1D);COROLLA VERSO / 2.2 / D;Turcija;TUR;osebni avtomobil;205;karavan;COROLLA VERSO 
130;1585;6.6;1;TOYOTA;AUR10L-GWFEXW(1D);COROLLA / VERSO 2.2;Turcija;TUR;osebni avtomobil;205;karavan;COROLLA 
130;1825;6.7;1;BMW;PE11-5B;X3 / xDrive 20 / d AUT.;Nemcija;DEU;osebni avtomobil;205;karavan;X3 
130;1685;6.7;1;BMW;NJ-51;525;Nemcija;DEU;osebni avtomobil;230;karavan;525
130;1675;6.7;1;BMW;NJ-51;525 / D;Nemcija;DEU;osebni avtomobil;230;karavan;525
130;1670;6.7;1;BMW;NC-51;525 / D;Nemcija;DEU;osebni avtomobil;230;limuzina;525
130;1660;6.7;1;BMW;560LNC51-31;525 / D;Nemcija;DEU;osebni avtomobil;230;limuzina;525
130;1660;6.7;1;BMW;NC51-31;BMW / 525 / / d;Nemcija;DEU;osebni avtomobil;230;limuzina;BMW 
130;1585;6.7;1;BMW;NC-51;525;Nemcija;DEU;osebni avtomobil;230;limuzina;525
130;1585;6.7;1;BMW;560L NC51 01;525 / / d;Nemcija;DEU;osebni avtomobil;225;limuzina;525
130;1637;6.7;0;HYUNDAI;F5P21-D711Z1;TUCSON / 1.6 / T-GDI DCT;Ceöka republika;CZE;osebni avtomobil;201;vecnamensko vozilo;TUCSON 
130;1570;6.7;0;HYUNDAI;F5P24-D71C11;KONA/ 1.6 / T-GDI DCT 4WD;Koreja. republika;KOR;osebni avtomobil;205;vecnamensko vozilo;KONA
130;1695;6.7;1;TOYOTA;ALA30L-BWFGXW(3J);RAV 4 / 2.2 / D;Japonska ;JPN;osebni avtomobil;200;vecnamensko vozilo;RAV 4 
130;1675;6.7;1;TOYOTA;ALA30L-BWFGXW(4J);RAV 4 / 2.2 / D;Japonska ;JPN;osebni avtomobil;200;vecnamensko vozilo;RAV 4 
130;1720;6.8;1;MERCEDES BENZ;211;E / 280 / CDI;Nemcija;DEU;osebni avtomobil;228;limuzina;E 
130;1695;6.8;1;MERCEDES BENZ;211U016F0-SFAAA500;E / 270 / CDI AUT.;Nemcija;DEU;osebni avtomobil;228;limuzina;E 
130;1695;6.8;1;MERCEDES BENZ;211U016F0-SFAAA500;E 270 / CDI;Nemcija;DEU;osebni avtomobil;228;limuzina;E 270 
130;1695;6.8;1;MERCEDES BENZ;211U016F0-SFAAA500;E / 270;Nemcija;DEU;osebni avtomobil;225;limuzina;E 
130;1620;6.8;1;MERCEDES BENZ;211-U016F0SFAAA500;E / 270 / CDI AUT.;Nemcija;DEU;osebni avtomobil;230;limuzina;E 
130;2003;6.8;1;TOYOTA;VEEHZ7-N2N20L(1R);PROACE / 2.0 / D AUT;Francija;FRA;osebni avtomobil;185;vecnamensko vozilo;PROACE 
130;1610;6.8;1;TOYOTA;AUR10L-GRFEXW(1G);COROLLA VERSO / 2.2 / D;Turcija;TUR;osebni avtomobil;205;vecnamensko vozilo;COROLLA VERSO 
130;1605;6.8;1;TOYOTA;AUR10L-GRFEXW(1D);COROLLA VERSO / 2.2 / D;Turcija;TUR;osebni avtomobil;205;vecnamensko vozilo;COROLLA VERSO 
130;1605;6.8;1;TOYOTA;AUR10L-GRFEXW(1D);COROLLA / VERSO 2.2;Turcija;TUR;osebni avtomobil;205;vecnamensko vozilo;COROLLA 
130;1670;6.9;1;BMW;560L 796004;525 // D AUT.;Nemcija;DEU;osebni avtomobil;223;limuzina;525
130;1660;6.9;1;BMW;560LNC51-01;525 / D;Nemcija;DEU;osebni avtomobil;230;limuzina;525
130;1647;6.9;0;HYUNDAI;F5P21-D711Z1;TUCSON / 1.6 / T-GDI DCT;Ceöka republika;CZE;osebni avtomobil;201;vecnamensko vozilo;TUCSON 
130;1655;6.9;1;LEXUS;ALE20L-AEFSYW(1E);LEXUS IS220d / 2.2 / D;Japonska ;JPN;osebni avtomobil;220;limuzina;LEXUS IS220d 
130;1635;6.9;1;LEXUS;ALE20L-AEFSYW(1F);LEXUS IS220d / 2.2 / D;Japonska ;JPN;osebni avtomobil;220;limuzina;LEXUS IS220d 
130;1855;6.9;1;MERCEDES BENZ;211K;E / 270 / CDI;Nemcija;DEU;osebni avtomobil;220;karavan;E 
130;1815;6.9;1;VOLKSWAGEN;DLUBX0AC-FD6FD62E0324BFN5VW1CA;SHARAN / 2.0 / TDI AUT.;Nemcija;DEU;osebni avtomobil;210;karavan;SHARAN 
130;1830;7.1;1;MERCEDES BENZ;211KU216F0-KFAAA50;E / 270 T / CDI AUT.;Nemcija;DEU;osebni avtomobil;223;karavan;E 
130;2077;7.1;1;PEUGEOT;VEEHZ7-N2N20L;EXPERT TRAVELLER / 2.0 / AUT.HDI L2;Francija;FRA;osebni avtomobil;185;vecnamensko vozilo;EXPERT TRAVELLER 
130;2060;7.1;1;PEUGEOT;VEEHZ7-N2N20N;EXPERT TRAVELLER / 2.0 / AUT. HDI L3;Francija;FRA;osebni avtomobil;185;vecnamensko vozilo;EXPERT TRAVELLER 
130;1949;7.1;1;PEUGEOT;VEEHZ8-N2200N;EXPERT TRAVELLER / 2.0 / AUT. HDI L3;Francija;FRA;osebni avtomobil;185;vecnamensko vozilo;EXPERT TRAVELLER 
130;1855;7.2;1;BMW;PY71-AB;530 / TOURING / d xDrive AUT.;Nemcija;DEU;osebni avtomobil;233;karavan;530
130;1750;7.2;1;BMW;560-L;525 / D;Nemcija;DEU;osebni avtomobil;225;karavan;525
130;2026;7.2;1;CITROEN;VEEHZ8-N2200L;JUMPY SPACE TOURER / 2.0 / HDI L2;Francija;FRA;osebni avtomobil;185;vecnamensko vozilo;JUMPY SPACE TOURER 
130;1637;7.2;0;KIA;QLEF5P24-D721Z1;SPORTAGE / 1.6 / T / AWD / AUT.;Slovaöka;SVK;osebni avtomobil;201;vecnamensko vozilo;SPORTAGE 
130;1545;7.2;0;KIA;QLEF5P21-M621Z1;SPORTAGE / 1.6 / T;Slovaöka;SVK;osebni avtomobil;205;vecnamensko vozilo;SPORTAGE 
130;1855;7.2;1;MERCEDES BENZ;U216F0-SEAAA500;E / 270 T / CDI AUT.;Nemcija;DEU;osebni avtomobil;220;karavan;E 
130;2080;7.2;1;PEUGEOT;VEEHZ8-N2200N;EXPERT TRAVELLER / 2.0 / AUT. HDI L3;Francija;FRA;osebni avtomobil;185;vozilo z dostopom za invalidski vozicek;EXPERT TRAVELLER 
130;1998;7.2;1;PEUGEOT;VEEHZ8-N2200L;EXPERT TRAVELLER / 2.0 / AUT. HDI L2;Francija;FRA;osebni avtomobil;185;vecnamensko vozilo;EXPERT TRAVELLER 
130;2250;7.2;1;TOYOTA;J15TM/GDJ155(MC)/GDJ155L-GJFEYW(1F);LAND CRUISER / 2.8 / D;Japonska ;JPN;osebni avtomobil;175;karavan;LAND CRUISER 
130;2190;7.2;1;TOYOTA;J15TM/GDJ155(MC)/GDJ155L-GJTEYW(1F);LAND CRUISER / 2.8 / D;Japonska ;JPN;osebni avtomobil;175;karavan;LAND CRUISER 
130;2101;7.3;1;CITROEN;VEEHZ8-N2200L;JUMPY SPACE TOURER / 2.0 / AUT. HDI L2;Francija;FRA;osebni avtomobil;185;vecnamensko vozilo;JUMPY SPACE TOURER 
130;2049;7.3;1;CITROEN;VEEHZ8-N2200N;JUMPY SPACE TOURER / 2.0 / AUT. HDI L3;Francija;FRA;osebni avtomobil;185;vecnamensko vozilo;JUMPY SPACE TOURER 
130;1716;7.3;0;HYUNDAI;F5P24-D721Z1;TUCSON / 1.6 / T-GDI DCT 4WD;Ceöka republika;CZE;osebni avtomobil;201;vecnamensko vozilo;TUCSON 
130;1674;7.3;0;HYUNDAI;F5P41-M65ZZ1;TUCSON / 1.6 / T-GDI;Ceöka republika;CZE;osebni avtomobil;205;vecnamensko vozilo;TUCSON 
130;1442;7.3;0;HYUNDAI;F5P21-D73A11;KONA/ 1.6 / T-GDI DCT;Koreja. republika;KOR;osebni avtomobil;210;vecnamensko vozilo;KONA
130;1720;7.3;1;MERCEDES BENZ;U023K0-SBAAA500;E / 280 / CDI AUT.;Nemcija;DEU;osebni avtomobil;228;limuzina;E 
130;1645;7.3;1;MERCEDES BENZ;211-J023K0-SBAAA500;E / 280 / CDI;Nemcija;DEU;osebni avtomobil;228;limuzina;E 
130;1630;7.3;1;OPEL;Z-C-SW;VECTRA / 3.0 / CDTI;Nemcija;DEU;osebni avtomobil;222;karavan;VECTRA 
130;2077;7.3;1;PEUGEOT;VEEHZ8-N2200L;EXPERT TRAVELLER / 2.0 / AUT. HDI L2;Francija;FRA;osebni avtomobil;185;vecnamensko vozilo;EXPERT TRAVELLER 
130;2071;7.3;1;TOYOTA;VEEHZ8-N2200L(1N);PROACE / 2.0 / D AUT;Francija;FRA;osebni avtomobil;185;vecnamensko vozilo;PROACE 
130;2063;7.3;1;TOYOTA;VEEHZ8-N2200L(1G);PROACE / 2.0 / D AUT;Francija;FRA;osebni avtomobil;185;vecnamensko vozilo;PROACE 
130;2062;7.3;1;TOYOTA;VEEHZ8-N2200L(1M);PROACE / 2.0 / D AUT;Francija;FRA;osebni avtomobil;185;vecnamensko vozilo;PROACE 
130;2110;7.4;1;CITROEN;VEEHZ8-N2200N;JUMPY SPACE TOURER / 2.0 / HDI L3;Francija;FRA;osebni avtomobil;185;vecnamensko vozilo;JUMPY SPACE TOURER 
130;1695;7.4;1;LEXUS;ALE20L-AEFSYW(1D);LEXUS IS220d / 2.2 / D;Japonska ;JPN;osebni avtomobil;215;limuzina;LEXUS IS220d 
130;1660;7.4;1;LEXUS;ALE20L-AEFSYW(1D);IS 220 / 2.2 / D;Japonska ;JPN;osebni avtomobil;220;limuzina;IS 220 
130;1720;7.4;1;MERCEDES BENZ;211U023K0-SBAAA50;E / 280 / CDI AUT.;Nemcija;DEU;osebni avtomobil;228;limuzina;E 
130;2174;7.4;1;PEUGEOT;VEEHZ8-L2200L;EXPERT TRAVELLER / 2.0 / AUT. HDI L2;Francija;FRA;osebni avtomobil;185;vecnamensko vozilo;EXPERT TRAVELLER 
130;2098;7.4;1;PEUGEOT;VEEHZ8-N2200L;EXPERT TRAVELLER / 2.0 / AUT. HDI L2;Francija;FRA;osebni avtomobil;185;vecnamensko vozilo;EXPERT TRAVELLER 
130;1818;7.4;1;RENAULT;RZGHH2AKXSA0100000;KOLEOS / 2.0 / DCI AUT.;Francija;FRA;osebni avtomobil;205;karavan;KOLEOS 
130;1965;7.4;1;SEAT;DLUBX1AF-AD7AD7BH0034BFN7SE1CB;ALHAMBRA / 2.0 / TDI 4WD AUT.;äpanija;ESP;osebni avtomobil;208;vecnamensko vozilo;ALHAMBRA 
130;1915;7.4;1;SEAT;DLUBX1AC-AD7AD7BH0037CPN5SE1CB;ALHAMBRA / 2.0 / TDI 4WD AUT.;äpanija;ESP;osebni avtomobil;208;karavan;ALHAMBRA 
130;2500;7.4;1;TOYOTA;J15TM/GDJ150(MF)/GDJ150L-GKTEYW(EH);LAND CRUISER / 2.8 / D AUT.;Japonska ;JPN;osebni avtomobil;175;vecnamensko vozilo;LAND CRUISER 
130;2455;7.4;1;TOYOTA;J15TM/GDJ150(MF)/GDJ150L-GKFEYW(EH);LAND CRUISER / 2.8 / D;Japonska ;JPN;osebni avtomobil;175;vecnamensko vozilo;LAND CRUISER 
130;2450;7.4;1;TOYOTA;J15TM/GDJ150(MF)/GDJ150L-GKTEYW(9F);LAND CRUISER / 2.8 / D AUT.;Japonska ;JPN;osebni avtomobil;175;vecnamensko vozilo;LAND CRUISER 
130;2385;7.4;1;TOYOTA;J15TM/GDJ150(MC)/GDJ150L-GKTEYW(DH);LAND CRUISER / 2.8 / D AUT.;Japonska ;JPN;osebni avtomobil;175;karavan;LAND CRUISER 
130;2205;7.4;1;TOYOTA;J15TM/GDJ150(MC)/GDJ150L-GKTEYW(3G);LAND CRUISER / 2.8 / D AUT.;Japonska ;JPN;osebni avtomobil;175;karavan;LAND CRUISER 
130;2089;7.4;1;TOYOTA;VEEHZ7-N2F20M(1R);PROACE / 2.0 / D AUT;Francija;FRA;osebni avtomobil;170;vecnamensko vozilo;PROACE 
130;2188;7.5;1;CITROEN;VEEHZ8-L2200N;JUMPY SPACE TOURER / 2.0 / AUT. HDI L3;Francija;FRA;osebni avtomobil;185;vecnamensko vozilo;JUMPY SPACE TOURER 
130;2179;7.5;1;CITROEN;VEEHZ8-M2200N;JUMPY SPACE TOURER / 2.0 / AUT. HDI L3;Francija;FRA;osebni avtomobil;185;vecnamensko vozilo;JUMPY SPACE TOURER 
130;1796;7.5;0;HYUNDAI;F5P24-D721Z1;TUCSON / 1.6 / T-GDI DCT 4WD;Ceöka republika;CZE;osebni avtomobil;201;vecnamensko vozilo;TUCSON 
130;1759;7.5;0;HYUNDAI;F5P44-D71ZZ1;TUCSON / 1.6 / T-GDI DCT 4WD;Ceöka republika;CZE;osebni avtomobil;201;vecnamensko vozilo;TUCSON 
130;1609;7.5;0;KIA;QLEF5P44-D71ZZ1;SPORTAGE / 1.6 / T AWD DCT;Slovaöka;SVK;osebni avtomobil;201;vecnamensko vozilo;SPORTAGE 
130;1577;7.5;0;KIA;QLEF5P21-D711Z1;SPORTAGE / 1.6 / T / AUT.;Slovaöka;SVK;osebni avtomobil;201;vecnamensko vozilo;SPORTAGE 
130;2062;7.5;1;PEUGEOT;VEEHZ8-N2K00L;EXPERT TRAVELLER / 2.0 / AUT. HDI L2;Francija;FRA;osebni avtomobil;185;vecnamensko vozilo;EXPERT TRAVELLER 
130;2003;7.5;1;SEAT;DLUBX1AF-AD7AD7BH0034BFN7SE1CB;ALHAMBRA / 2.0 / TDI 4WD AUT.;äpanija;ESP;osebni avtomobil;208;vecnamensko vozilo;ALHAMBRA 
130;1965;7.5;1;SEAT;DLUBX1AF-AD7AD7BH0037CPN7SE1CB;ALHAMBRA / 2.0 / TDI 4WD AUT.;äpanija;ESP;osebni avtomobil;208;vecnamensko vozilo;ALHAMBRA 
130;2192;7.5;1;TOYOTA;VEEHZ8-M2F00L(1L);PROACE / 2.0 / D AUT;Francija;FRA;osebni avtomobil;185;vecnamensko vozilo;PROACE 
130;1965;7.5;1;VOLKSWAGEN;DLUBX1AF-AD7AD7BH0037CPN7VW1CB;SHARAN / 2.0 / TDI 4M AUT.;Nemcija;DEU;osebni avtomobil;208;vecnamensko vozilo;SHARAN 
130;1915;7.5;1;VOLKSWAGEN;DLUBX1AC-AD7AD7BH0034BFN5VW1CB;SHARAN / 2.0 / TDI 4M AUT.;Nemcija;DEU;osebni avtomobil;208;karavan;SHARAN 
130;2185;7.6;1;CITROEN;YBPMRB/9F;JUMPER / KOMBI 33 3.0 / HDi L2H2;Francija;FRA;osebni avtomobil;166;vecnamensko vozilo;JUMPER 
130;1545;7.6;0;KIA;QLEF5P21-M621Z1;SPORTAGE / 1.6 / T;Slovaöka;SVK;osebni avtomobil;205;vecnamensko vozilo;SPORTAGE 
130;1855;7.6;1;MERCEDES BENZ;211KU216F0-SEAAA512;E / 270 T / CDI AUT.;Nemcija;DEU;osebni avtomobil;220;karavan;E 
130;2632;7.6;1;PEUGEOT;YBPMRB/9F;BOXER / KOMBI 33 3.0 / HDi L2H2;Francija;FRA;osebni avtomobil;171;vozilo za posebne namene;BOXER 
130;2600;7.6;1;PEUGEOT;YBPMRB/9F;BOXER / KOMBI 33 3.0 / HDi L2H2;Francija;FRA;osebni avtomobil;166;vozilo za posebne namene;BOXER 
130;2227;7.6;1;TOYOTA;VEEHZ8-M2F00N(1H);PROACE / 2.0 / D AUT;Francija;FRA;osebni avtomobil;185;vecnamensko vozilo;PROACE 
130;1702;7.7;0;HYUNDAI;F5P24-M621Z1;TUCSON / 1.6 / T-GDI 4WD;Ceöka republika;CZE;osebni avtomobil;202;vecnamensko vozilo;TUCSON 
130;1638;7.7;0;HYUNDAI;F5P21-D711Z1;TUCSON / 1.6 / T-GDI DCT;Ceöka republika;CZE;osebni avtomobil;201;vecnamensko vozilo;TUCSON 
130;1720;7.7;1;MERCEDES BENZ;211/U023K0/SGAAA512;E / 280 / CDI;Nemcija;DEU;osebni avtomobil;228;limuzina;E 
130;1670;7.8;1;BMW;560L-NC51-32;525 / D;Nemcija;DEU;osebni avtomobil;227;limuzina;525
130;1693;7.8;0;HYUNDAI;F5P21-D711Z1;TUCSON / 1.6 / T-GDI DCT;Ceöka republika;CZE;osebni avtomobil;201;vecnamensko vozilo;TUCSON 
130;1860;7.8;1;RENAULT;RZGHH4AKXSA0200000;KOLEOS / 2.0 / DCI AUT. 4x4;Francija;FRA;osebni avtomobil;204;karavan;KOLEOS 
130;1670;7.9;1;BMW;560LNC51-;525 / D AUT.;Nemcija;DEU;osebni avtomobil;227;limuzina;525
130;1624;7.9;0;HYUNDAI;F5P21-M621Z1;TUCSON / 1.6 / T-GDI;Ceöka republika;CZE;osebni avtomobil;205;vecnamensko vozilo;TUCSON 
130;1545;7.9;0;KIA;QLEF5P21-M621Z1;SPORTAGE / 1.6 / T;Slovaöka;SVK;osebni avtomobil;205;vecnamensko vozilo;SPORTAGE 
130;1630;7.9;1;MERCEDES BENZ;210.025-J025A0-TGAA250;E / 300 / TURBODIESEL AUT.;Nemcija;DEU;osebni avtomobil;220;limuzina;E 
130;1555;7.9;1;MERCEDES BENZ;210 J025A0TGAA250;E / 300 / TURBODIESEL AUT.;Nemcija;DEU;osebni avtomobil;220;limuzina;E 
130;1760;8.1;1;BMW;NJ51-02;525 / TOURING / d AUT.;Nemcija;DEU;osebni avtomobil;222;karavan;525
130;1648;8.1;0;HYUNDAI;F5P21-M621Z1;TUCSON / 1.6 / T-GDI;Ceöka republika;CZE;osebni avtomobil;205;vecnamensko vozilo;TUCSON 
130;1345;8.2;0;BMW;Z85BU11-01;Z4 / 2.5 / I;Nemcija;DEU;osebni avtomobil;229;kabriolet;Z4 
130;1509;8.2;0;HYUNDAI;F5P24-D71A11;KONA/ 1.6 / T-GDI DCT 4WD;Koreja. republika;KOR;osebni avtomobil;205;vecnamensko vozilo;KONA
130;1716;8.3;0;HYUNDAI;F5P24-D721Z1;TUCSON / 1.6 / T-GDI DCT 4WD;Ceöka republika;CZE;osebni avtomobil;201;vecnamensko vozilo;TUCSON 
130;1543;8.3;0;HYUNDAI;F5P24-D71A11;KONA/ 1.6 / T-GDI DCT 4WD;Koreja. republika;KOR;osebni avtomobil;205;vecnamensko vozilo;KONA
130;1412;8.4;0;CITROEN;LARFKC/IF;C4 / 2.0 / i 16V;Francija;FRA;osebni avtomobil;227;vozilo z dviûnimi vrati zadaj;C4 
130;1895;8.4;1;JEEP;JKJVHE9-94HX2A;WRANGLER / 2.8 / TD;Zdruûene drûave;USA;osebni avtomobil;172;kabriolet;WRANGLER 
130;1760;8.5;1;BMW;560L NJ51-01;525 / TOURING / D;Nemcija;DEU;osebni avtomobil;222;karavan;525
130;1685;8.5;1;BMW;NJ-51;525 / D;Nemcija;DEU;osebni avtomobil;225;karavan;525
130;1545;8.5;0;BMW;NE31-01;523 / / i;Nemcija;DEU;osebni avtomobil;235;limuzina;523
130;1685;8.5;0;HYUNDAI;F5P24-M621Z1;TUCSON / 1.6 / T-GDI 4WD;Ceöka republika;CZE;osebni avtomobil;202;vecnamensko vozilo;TUCSON 
130;2010;8.6;1;DODGE;KJDGHC9-85;NITRO / 2.8 / TD;Zdruûene drûave;USA;osebni avtomobil;180;karavan;NITRO 
130;1950;8.6;1;DODGE;KJDGHC9-95HX1A;NITRO / 2.8 / TD;Zdruûene drûave;USA;osebni avtomobil;180;karavan;NITRO 
130;1930;8.6;1;DODGE;KJDG2C9-75;NITRO / 2.8 / TD;Zdruûene drûave;USA;osebni avtomobil;180;karavan;NITRO 
130;2060;8.6;1;JEEP;JKJXHF9-95HX2A;WRANGLER UNLIMITED / 2.8 / TD;Zdruûene drûave;USA;osebni avtomobil;172;vecnamensko vozilo;WRANGLER UNLIMITED 
130;1159;8.6;0;PEUGEOT;2CRFKA/IF;206 / 2.0 i / 16V;Francija;FRA;osebni avtomobil;225;vozilo z dviûnimi vrati zadaj;206
130;1159;8.6;0;PEUGEOT;2CRFKA;206 / 2.0 i / 16V;Francija;FRA;osebni avtomobil;220;vozilo z dviûnimi vrati zadaj;206
130;1810;8.7;1;RENAULT;BJRJ0B;VEL SATIS / 3.0 / V6 DCI 24V AUT.;Francija;FRA;osebni avtomobil;210;vozilo z dviûnimi vrati zadaj;VEL SATIS 
130;1565;8.8;0;PEUGEOT;3BRFKC;307 / CABRIOLET 2.0 / i;Francija;FRA;osebni avtomobil;225;kabriolet;307
130;2850;8.9;1;PEUGEOT;YDPMFC/LYL;BOXER 3.0 / HDI FG435 L4H3;Francija;FRA;osebni avtomobil;155;vecnamensko vozilo;BOXER 3.0 
130;2776;8.9;1;PEUGEOT;YDPMFC/HYL1;BOXER 3.0 / HDI FG435 L4H2;Francija;FRA;osebni avtomobil;160;vecnamensko vozilo;BOXER 3.0 
130;1637;8.93;0;HYUNDAI;F5P24-D721Z1;TUCSON / 1.6 / T-GDI DCT 4WD;Ceöka republika;CZE;osebni avtomobil;201;vecnamensko vozilo;TUCSON 
130;1761;9.1;0;JEEP;KLJEZC4-J5HN1A;CHEROKEE / 2.4 / CA FWD;Zdruûene drûave;USA;osebni avtomobil;196;karavan;CHEROKEE 
130;1695;9.1;1;LEXUS;ALE20L-AEFSYW(1C);LEXUS IS220d / 2.2 / D;Japonska ;JPN;osebni avtomobil;215;limuzina;LEXUS IS220d 
130;2364;9.1;1;TOYOTA;J15TM/GDJ150(MF)/GDJ150L-GKFEYW(FL);LAND CRUISER / 2.8 / D;Japonska ;JPN;osebni avtomobil;175;vecnamensko vozilo;LAND CRUISER 
130;1320;9.2;0;MERCEDES BENZ;201.034;190 / E 2.3-16 /;Nemcija;DEU;osebni avtomobil;225;limuzina;190
130;1575;9.3;0;BMW;NE71-32;530 / / I AUT.;Nemcija;DEU;osebni avtomobil;250;limuzina;530
130;1565;9.3;0;BMW;560LNE31-32;523 / I AUT.;Nemcija;DEU;osebni avtomobil;232;limuzina;523
130;2015;9.4;1;DODGE;KJDGJC9-76;NITRO / 2.8 / TD AUT.;Zdruûene drûave;USA;osebni avtomobil;182;karavan;NITRO 
130;2060;9.4;1;JEEP;KKJEJC9-85;CHEROKEE / 2.8 / TD AUT.;Zdruûene drûave;USA;osebni avtomobil;179;karavan;CHEROKEE 
130;1965;9.5;1;RENAULT;JK0JBB;ESPACE / 3.0 / V6 DCI AUT.;Francija;FRA;osebni avtomobil;205;vecnamensko vozilo;ESPACE 
130;1700;9.6;0;AUDI;ABDWF1-FAVJG0R4F600GG;A6 / AVANT 2.4 / V-AUT.;Nemcija;DEU;osebni avtomobil;221;karavan;A6 
130;1630;9.6;0;AUDI;LBDWF1-FAVJG0R4F600GG;A6 / 2.4 / V-AUT.;Nemcija;DEU;osebni avtomobil;226;limuzina;A6 
130;1535;9.6;0;SUBARU;SGT-510;FORESTER / 2.0 T / AWD AUT.;Japonska ;JPN;osebni avtomobil;195;karavan;FORESTER 
130;1670;9.7;0;AUDI;4F;A6 / 2.4 / I;Nemcija;DEU;osebni avtomobil;226;karavan;A6 
130;1600;9.7;0;AUDI;LBDWF1-FM6XF0R4F600GG;A6 / 2.4 /;Nemcija;DEU;osebni avtomobil;231;limuzina;A6 
130;1925;9.7;1;JEEP;JKJVEE9-94HD1A;WRANGLER / 2.8 / TD AUT.;Zdruûene drûave;USA;osebni avtomobil;172;kabriolet;WRANGLER 
130;2005;9.7;1;RENAULT;JK0JDB;ESPACE / 3.0 / V6 DCI AUT.;Francija;FRA;osebni avtomobil;205;vecnamensko vozilo;ESPACE 
130;2297;9.7;1;TOYOTA;J15TM/GDJ150(MC)/GDJ150L-GKTEYW(BM);LAND CRUISER / 2.8 / D AUT.;Japonska ;JPN;osebni avtomobil;175;karavan;LAND CRUISER 
130;1490;9.8;0;BMW;NE-31;523 / I;Nemcija;DEU;osebni avtomobil;230;limuzina;523
130;1817;9.9;0;AUDI;ABDWF1-FAVJG0R4F600GGQ;A 6 / AVANT 2.4;Nemcija;DEU;osebni avtomobil;221;karavan;A 6 
130;1790;9.9;0;AUDI;4FABDWF1-FAVJG0R4F600GGQ;A6 / AVANT 2.4 / V-AUT.;Nemcija;DEU;osebni avtomobil;221;karavan;A6 
130;1730;9.9;0;AUDI;LBDWF1-FM6XF0R4F60P;A6 / 2.4 /;Nemcija;DEU;osebni avtomobil;231;limuzina;A6 
130;1727;9.9;0;AUDI;LBDWF1-FM6XF0R4F600GGP;A6 / 2.4 /;Nemcija;DEU;osebni avtomobil;231;limuzina;A6 
130;1711;9.9;0;AUDI;LBDWF1-FM6XF0R4F60P;A 6 / 2.4;Nemcija;DEU;osebni avtomobil;231;limuzina;A 6 
130;1705;9.9;0;AUDI;LBDWF1-FM6XF0R4F600GGP;A 6 / 2.4;Nemcija;DEU;osebni avtomobil;231;limuzina;A 6 
130;1689;9.9;0;AUDI;4F-BDW;A6 / 2.4 /;Nemcija;DEU;osebni avtomobil;231;limuzina;A6 
130;1640;9.9;0;AUDI;4F LBDWF1-FM6XF0R4F60P;AUDI / A6 / 2.4 /;Nemcija;DEU;osebni avtomobil;231;limuzina;AUDI 
130;1630;9.9;0;AUDI;4F LBDWF1-FM6XF0R4F60P;A 6 / 2.4;Nemcija;DEU;osebni avtomobil;231;limuzina;A 6 
130;1600;9.9;0;AUDI;4F;A6 / 2.4;Nemcija;DEU;osebni avtomobil;231;limuzina;A6 
130;2075;9.9;1;JEEP;JKJXEF9-95HX3A;WRANGLER UNLIMITED / 2.8 / TD AUT.;Zdruûene drûave;USA;osebni avtomobil;172;vecnamensko vozilo;WRANGLER UNLIMITED 
130;1950;9.9;1;JEEP;JKJVHE9-51;WRANGLER / 2.8 / TD;Zdruûene drûave;USA;osebni avtomobil;180;kabriolet;WRANGLER 
130;1895;9.9;1;JEEP;JKJVHE9-94HX1A;WRANGLER / 2.8 / TD;Zdruûene drûave;USA;osebni avtomobil;172;kabriolet;WRANGLER 
130;1880;9.9;1;JEEP;JKJVHE9-50;WRANGLER / 2.8 / TD;Zdruûene drûave;USA;osebni avtomobil;180;kabriolet;WRANGLER 
130.5;1597;5.5;1;RENAULT;DTD1G6;LAGUNA / COUPE 2.0 / DCI;Francija;FRA;osebni avtomobil;223;kupe;LAGUNA 
130.5;1505;5.6;1;RENAULT;KTD1G6;LAGUNA / GRANDTOUR 2.0 / DCI;Francija;FRA;osebni avtomobil;217;karavan;LAGUNA 
130.7;1588;6.2;1;RENAULT;BTDN06;LAGUNA / 2.0 / DCI;Francija;FRA;osebni avtomobil;218;vozilo z dviûnimi vrati zadaj;LAGUNA 
130.7;1638;6.3;1;RENAULT;KTDN06;LAGUNA / GRANDTOUR 2.0 / DCI;Francija;FRA;osebni avtomobil;213;karavan;LAGUNA 
130.7;1614;6.5;1;RENAULT;BTDE06;LAGUNA / 2.0 / DCI;Francija;FRA;osebni avtomobil;218;vozilo z dviûnimi vrati zadaj;LAGUNA 
130.7;1614;6.5;1;RENAULT;DTDE06;LAGUNA / COUPE 2.0 / DCI;Francija;FRA;osebni avtomobil;218;kupe;LAGUNA 
130.7;1638;6.7;1;RENAULT;KTDE06;LAGUNA / GRANDTOUR 2.0 / DCI;Francija;FRA;osebni avtomobil;213;karavan;LAGUNA 
130.7;1563;6.7;1;RENAULT;KTDE06;LAGUNA / GRANDTOUR 2.0 / DCI;Francija;FRA;osebni avtomobil;208;karavan;LAGUNA 
131;1755;14.1;0;TOYOTA;VZJ90L-GJMNKW(2);LAND CRUISER 95 / 3.4 / V6 AU;Japonska ;JPN;osebni avtomobil;180;karavan;LAND CRUISER 95 
131;1788;5.5;0;LEXUS;XZ1L(EU.M)/AXZH10(E)/AXZH10L-AEXGBW(2C);LEXUS ES300h / 2.5 / e-CVT;Japonska ;JPN;osebni avtomobil;180;limuzina;LEXUS ES300h 
131;1707;5.5;0;TOYOTA;XV7(EU.M)/AXVH71(E)/AXVH71L-AEXDBW(1B);CAMRY / 2.5 / HIBRID;Japonska ;JPN;osebni avtomobil;180;limuzina;CAMRY 
131;1755;5.6;0;TOYOTA;XA5(EU.M)/AXAH54(N)/AXAH54L-ANXMBW(1C);RAV4 / 2.5 / 4WD HIBRID;Japonska ;JPN;osebni avtomobil;180;karavan;RAV4 
131;1720;5.6;0;TOYOTA;XV7(EU.M)/AXVH71(E)/AXVH71L-AEXDBW(1A);CAMRY / 2.5 / HIBRID;Japonska ;JPN;osebni avtomobil;180;limuzina;CAMRY 
131;1701;5.6;0;TOYOTA;XA5(EU.M)/AXAH52(N)/AXAH52L-ANXMBW(2A);RAV4 / 2.5 / HIBRID;Japonska ;JPN;osebni avtomobil;180;karavan;RAV4 
131;1700;5.6;0;TOYOTA;XA5(EU.M)/AXAH52(N)/AXAH52L-ANXMBW(1A);RAV4 / 2.5 / HIBRID;Japonska ;JPN;osebni avtomobil;180;karavan;RAV4 
131;1691;5.6;0;TOYOTA;XA5(EU.M)/AXAH52(N)/AXAH52L-ANXMBW(1C);RAV4 / 2.5 / HIBRID;Japonska ;JPN;osebni avtomobil;180;karavan;RAV4 
131;1758;5.7;0;TOYOTA;XA5(EU.M)/AXAH54(N)/AXAH54L-ANXMBW(1E);RAV4 / 2.5 / 4WD HIBRID;Japonska ;JPN;osebni avtomobil;180;karavan;RAV4 
131;1755;5.7;0;TOYOTA;XA5(EU.M)/AXAH54(N)/AXAH54L-ANXMBW(1C);RAV4 / 2.5 / 4WD HIBRID;Japonska ;JPN;osebni avtomobil;180;karavan;RAV4 
131;1743;5.7;0;TOYOTA;XA5(EU.M)/AXAH54(N)/AXAH54L-ANXMBW(1B);RAV4 / 2.5 / 4WD HIBRID;Japonska ;JPN;osebni avtomobil;180;karavan;RAV4 
131;1718;5.7;0;TOYOTA;XA5(EU.M)/AXAH52(N)/AXAH52L-ANXGBW(1A);RAV4 / 2.5 / HIBRID;Japonska ;JPN;osebni avtomobil;180;karavan;RAV4 
131;1717;5.7;0;TOYOTA;XA5(EU.M)/AXAH52(N)/AXAH52L-ANXGBW(1C);RAV4 / 2.5 / HIBRID;Japonska ;JPN;osebni avtomobil;180;karavan;RAV4 
131;1715;5.7;0;TOYOTA;XA5(EU.M)/AXAH52(N)/AXAH52L-ANXGBW(1B);RAV4 / 2.5 / HIBRID;Japonska ;JPN;osebni avtomobil;180;karavan;RAV4 
131;1708;5.7;0;TOYOTA;XA5(EU.M)/AXAH52(N)/AXAH52L-ANXMBW(2A);RAV4 / 2.5 / HIBRID;Japonska ;JPN;osebni avtomobil;180;karavan;RAV4 
131;1703;5.7;0;TOYOTA;XA5(EU.M)/AXAH52(N)/AXAH52L-ANXMBW(2B);RAV4 / 2.5 / HIBRID;Japonska ;JPN;osebni avtomobil;180;karavan;RAV4 
131;1700;5.7;0;TOYOTA;XA5(EU.M)/AXAH52(N)/AXAH52L-ANXMBW(1E);RAV4 / 2.5 / HIBRID;Japonska ;JPN;osebni avtomobil;180;karavan;RAV4 
131;1799;5.8;0;LEXUS;XZ1L(EU.M)/AXZH10(E)/AXZH10L-AEXGBW(1A);LEXUS ES300h / 2.5 / e-CVT;Japonska ;JPN;osebni avtomobil;180;limuzina;LEXUS ES300h 
131;1505;5.8;1;RENAULT;KTD106;LAGUNA / GRANDTOUR 2.0 / DCI;Francija;FRA;osebni avtomobil;217;karavan;LAGUNA 
131;1772;5.8;0;TOYOTA;XA5(EU.M)/AXAH54(N)/AXAH54L-ANXGBW(1C);RAV4 / 2.5 / 4WD HIBRID;Japonska ;JPN;osebni avtomobil;180;karavan;RAV4 
131;1770;5.8;0;TOYOTA;XA5(EU.M)/AXAH54(N)/AXAH54L-ANXGBW(1B);RAV4 / 2.5 / 4WD HIBRID;Japonska ;JPN;osebni avtomobil;180;karavan;RAV4 
131;1763;5.8;0;TOYOTA;XA5(EU.M)/AXAH54(N)/AXAH54L-ANXMBW(2B);RAV4 / 2.5 / 4WD HIBRID;Japonska ;JPN;osebni avtomobil;180;karavan;RAV4 
131;1759;5.8;0;TOYOTA;XA5(EU.M)/AXAH54(N)/AXAH54L-ANXMBW(1B);RAV4 / 2.5 / 4WD HIBRID;Japonska ;JPN;osebni avtomobil;180;karavan;RAV4 
131;1753;5.8;0;TOYOTA;XA5(EU.M)/AXAH54(N)/AXAH54L-ANXMBW(1E);RAV4 / 2.5 / 4WD HIBRID;Japonska ;JPN;osebni avtomobil;180;karavan;RAV4 
131;1736;5.8;0;TOYOTA;XA5(EU.M)/AXAL52(N)/AXAL52L-ANXGBW(1E);RAV4 / 2.5 / HIBRID;Japonska ;JPN;osebni avtomobil;180;karavan;RAV4 
131;1704;5.8;0;TOYOTA;XA5(EU.M)/AXAL52(N)/AXAL52L-ANXMBW(2E);RAV4 / 2.5 / HIBRID;Japonska ;JPN;osebni avtomobil;180;karavan;RAV4 
131;1766;5.9;0;TOYOTA;XA5(EU.M)/AXAL54(N)/AXAL54L-ANXGBW(1E);RAV4 / 2.5 / 4WD HIBRID;Japonska ;JPN;osebni avtomobil;180;karavan;RAV4 
131;1300;6.1;0;MINI;51DH-IAW40000;COOPER S / / AUT.;Nemcija;DEU;osebni avtomobil;235;vozilo z dviûnimi vrati zadaj;COOPER S 
131;1295;6.2;0;MINI;XR51-IAW400L0;COOPER S / / AUT.;Nemcija;DEU;osebni avtomobil;235;vozilo z dviûnimi vrati zadaj;COOPER S 
131;1275;6.6;0;MINI;XR51-IHW400L0;COOPER S / /;Nemcija;DEU;osebni avtomobil;235;vozilo z dviûnimi vrati zadaj;COOPER S 
131;1645;7.1;0;MINI;81BR-IAW500LT;COUNTRYMAN COOPER S ALL4 / / AUT.;Nemcija;DEU;osebni avtomobil;222;karavan;COUNTRYMAN COOPER S ALL4 
131;1110;8.1;0;RENAULT;CB220F;CLIO / 2.0 / 16 V;Francija;FRA;osebni avtomobil;222;vozilo z dviûnimi vrati zadaj;CLIO 
131.5;1110;8.1;0;RENAULT;CB220F;CLIO / 2.0 / 16V;Francija;FRA;osebni avtomobil;222;vozilo z dviûnimi vrati zadaj;CLIO 
132;1520;4.2;1;ALFA ROMEO;952AFA25;GIULIA / 2.2 / MULTIJET CA;Italija;ITA;osebni avtomobil;230;limuzina;GIULIA 
132;1449;4.2;1;ALFA ROMEO;952AFM25;GIULIA / 2.2 / MULTIJET;Italija;ITA;osebni avtomobil;230;limuzina;GIULIA 
132;1601;4.2;1;FORD;BA7-T8CD1FX-5CEACEPY;MONDEO / 2.0 / TDCI 132 M6;Nemcija;DEU;osebni avtomobil;220;karavan;MONDEO 
132;1618;4.2;1;JAGUAR;JA-C510;XE / 2.0d / 180 AUT.;Zdruûeno kraljestvo;GBR;osebni avtomobil;228;limuzina;XE 
132;1574;4.2;1;JAGUAR;JA-C-510;JAGUAR XE / 2.0D / I4 RWD AUT.;Zdruûeno kraljestvo;GBR;osebni avtomobil;228;limuzina;JAGUAR XE 
132;1713;4.3;1;JAGUAR;JB-X260-D506;JAGUAR XF / 2.0 iD4 / 132 / AUT.;Zdruûeno kraljestvo;GBR;osebni avtomobil;229;limuzina;JAGUAR XF 
132;1584;4.4;1;FORD;BA7-T8CC1E-5CFAPR;MONDEO / 2.0 / TDCI 132 M6;Nemcija;DEU;osebni avtomobil;225;vozilo z dviûnimi vrati zadaj;MONDEO 
132;1602;4.5;1;FORD;BA7-T8CC1FX-5CFANBPY;MONDEO / 2.0 / TDCI 132 M6;Nemcija;DEU;osebni avtomobil;220;karavan;MONDEO 
132;1584;4.5;1;FORD;BA7-T8CC1E-5CFBPR;MONDEO / 2.0 / TDCI 132 M6;Nemcija;DEU;osebni avtomobil;225;vozilo z dviûnimi vrati zadaj;MONDEO 
132;1395;4.5;0;MAZDA;6HH6GW00;MAZDA 3 / HB / X180;Japonska ;JPN;osebni avtomobil;216;vozilo z dviûnimi vrati zadaj;MAZDA 3 
132;1607;4.6;1;FORD;BA7-T8CC1E-5EJANAPR;MONDEO / 2.0 / TDCI 132 A6;Nemcija;DEU;osebni avtomobil;223;vozilo z dviûnimi vrati zadaj;MONDEO 
132;1443;4.6;0;MAZDA;6WH6CW00;CX-30 / X180;Japonska ;JPN;osebni avtomobil;204;karavan;CX-30 
132;1679;4.7;1;ALFA ROMEO;949AXC1A5;STELVIO / 2.2 / JTDM CA RWD SW;Italija;ITA;osebni avtomobil;210;karavan;STELVIO 
132;1610;4.7;1;ALFA ROMEO;952AFA45MC;GIULIA / 2.2 / MULTIJET CA Q4;Italija;ITA;osebni avtomobil;230;limuzina;GIULIA 
132;1734;4.8;1;ALFA ROMEO;949AXE2A5;STELVIO / 2.2 / JTDM CA AWD SW;Italija;ITA;osebni avtomobil;210;karavan;STELVIO 
132;1615;4.8;1;FORD;BA7-T8CC1FX-5EJANAPY;MONDEO / 2.0 / TDCI 132 A6;Nemcija;DEU;osebni avtomobil;218;karavan;MONDEO 
132;1607;4.8;1;FORD;BA7-T8CC1EX-5EJAZN00PBR;MONDEO / 2.0 / TDCI 132 A6;Nemcija;DEU;osebni avtomobil;223;vozilo z dviûnimi vrati zadaj;MONDEO 
132;1605;4.8;1;FORD;BA7-T8CC1D-5EJBPP;MONDEO / 2.0 / TDCI 132 A6;Nemcija;DEU;osebni avtomobil;223;limuzina;MONDEO 
132;1589;4.8;1;FORD;BA7-T8CC1E-5EJAPR;MONDEO / 2.0 / TDCI 132 A6;Nemcija;DEU;osebni avtomobil;223;vozilo z dviûnimi vrati zadaj;MONDEO 
132;1615;4.9;1;FORD;BA7-T8CC1F-5EJAPY;MONDEO / 2.0 / TDCI 132 A6;Nemcija;DEU;osebni avtomobil;218;karavan;MONDEO 
132;1609;4.9;1;FORD;BA7T8CC1F-5EJAPY;MONDEO / 2.0 / TDCI 132 A6;Nemcija;DEU;osebni avtomobil;218;karavan;MONDEO 
132;1607;4.9;1;FORD;BA7-T8CC1E-5EJBPR;MONDEO / 2.0 / TDCI 132 A6;Nemcija;DEU;osebni avtomobil;223;vozilo z dviûnimi vrati zadaj;MONDEO 
132;1808;4.9;1;JAGUAR;JBF-502;JAGUAR XF / 2.0 / iD4 AWD AUT.;Zdruûeno kraljestvo;GBR;osebni avtomobil;222;limuzina;JAGUAR XF 
132;1528;4.9;0;MAZDA;FWH6CW00;CX-30 / X180 / AWD;Japonska ;JPN;osebni avtomobil;204;karavan;CX-30 
132;1585;4.9;1;SAAB;YS3FF4DAA-M6F01;9-3 / 1.9 / BTIDS;ävedska;SWE;osebni avtomobil;230;limuzina;09-Mar
132;1757;5.1;1;FORD;WA6-T8CH1KX-7CBAAFRV;GALAXY / 2.0 / TDCI 132 M6;Nemcija;DEU;osebni avtomobil;208;karavan;GALAXY 
132;1835;5.1;1;LAND ROVER;LVS5DA2F-F5T3;RANGE ROVER EVOQUE / 2.0 / TD4 4WD AUT.;Zdruûeno kraljestvo;GBR;osebni avtomobil;195;karavan;RANGE ROVER EVOQUE 
132;1785;5.1;1;LAND ROVER;LVS5DA2F-F5T1;RANGE ROVER EVOQUE / 2.0 / SW TD4180 4WD AUT.;Zdruûeno kraljestvo;GBR;osebni avtomobil;195;karavan;RANGE ROVER EVOQUE 
132;1746;5.1;1;LAND ROVER;LVS5DA2F-F5T2;RANGE ROVER EVOQUE / 2.0 / SW TD4180 4WD AUT.;Zdruûeno kraljestvo;GBR;osebni avtomobil;200;karavan;RANGE ROVER EVOQUE 
132;1665;5.1;1;SAAB;YS3FF5DXA-M6F01;9-3 / 1.9 / BTIDS;ävedska;SWE;osebni avtomobil;225;karavan;09-Mar
132;1855;5.2;1;FORD;BA7-T8CC4EX-5FJANAQY;MONDEO / 2.0 / TDCI 132 AWD;Nemcija;DEU;osebni avtomobil;221;vozilo z dviûnimi vrati zadaj;MONDEO 
132;1760;5.2;1;FORD;WA6-T8CJ1KX-7GCAUARV;GALAXY / 2.0 / TDCi 132 A6;Nemcija;DEU;osebni avtomobil;205;karavan;GALAXY 
132;1734;5.2;1;FORD;WA6-T8CJ1JX-7GCANFQK;S-MAX / 2.0 / TDCi 132 A6;Nemcija;DEU;osebni avtomobil;208;karavan;S-MAX 
132;1716;5.2;1;FORD;DM2-T8MA4AX-5VUAZA00Q1D;KUGA / 2.0 / TDCI 132 A6 4x4;Nemcija;DEU;osebni avtomobil;200;vecnamensko vozilo;KUGA 
132;1702;5.2;1;FORD;DM2-T8MA4AX-5QVAZA00Q1E;KUGA / 2.0 / TDCI 132 M6 4x4;Nemcija;DEU;osebni avtomobil;202;vecnamensko vozilo;KUGA 
132;1874;5.2;1;JAGUAR;DC-C502;F-PACE / 2.0d / I4d AWD;Zdruûeno kraljestvo;GBR;osebni avtomobil;208;karavan;F-PACE 
132;1466;5.2;0;MAZDA;6WHACW00;CX-30 / X180 / AT;Japonska ;JPN;osebni avtomobil;204;karavan;CX-30 
132;1426;5.2;0;MAZDA;6SHAGW02;MAZDA 3 / SDN / X180 / AT;Japonska ;JPN;osebni avtomobil;216;limuzina;MAZDA 3 
132;1760;5.3;1;FORD;WA6-T8CJ1KX-7GCANFRV;GALAXY / 2.0 / TDCI 132 A6;Nemcija;DEU;osebni avtomobil;205;karavan;GALAXY 
132;1703;5.3;1;FORD;BA7-T8CC4F-5FJAQY;MONDEO / 2.0 / TDCI 132 AWD;Nemcija;DEU;osebni avtomobil;216;karavan;MONDEO 
132;1683;5.3;1;FORD;BA7-T8CC4EX-5FJAZN00QBY;MONDEO / 2.0 / TDCI 132 AWD A6;Nemcija;DEU;osebni avtomobil;221;vozilo z dviûnimi vrati zadaj;MONDEO 
132;1682;5.3;1;FORD;BA7-T8CC4D-5FJANBQW;MONDEO / 2.0 / TDCI 132 AWD;Nemcija;DEU;osebni avtomobil;221;limuzina;MONDEO 
132;1882;5.3;1;JAGUAR;DC-C501;F-PACE / 2.0d / I4d AWD AUT.;Zdruûeno kraljestvo;GBR;osebni avtomobil;208;karavan;F-PACE 
132;1855;5.3;1;LAND ROVER;LCS5CD2F-A5A1;DISCOVERY SPORT / 2.0 / TD4180 AUT.;Zdruûeno kraljestvo;GBR;osebni avtomobil;188;karavan;DISCOVERY SPORT 
132;1846;5.3;1;LAND ROVER;LCS5CD2F-A5A4;DISCOVERY SPORT / 2.0 / TD4 4WD AUT.;Zdruûeno kraljestvo;GBR;osebni avtomobil;200;karavan;DISCOVERY SPORT 
132;1846;5.3;1;LAND ROVER;LCS5CD2F-A5A3;DISCOVERY SPORT / 2.0 / TD4180 4WD AUT.;Zdruûeno kraljestvo;GBR;osebni avtomobil;188;karavan;DISCOVERY SPORT 
132;1424;5.3;0;MAZDA;6HHAGW00;MAZDA 3 / HB / X180 / AT;Japonska ;JPN;osebni avtomobil;216;vozilo z dviûnimi vrati zadaj;MAZDA 3 
132;1760;5.4;1;FORD;WA6-T8CJ1KX-7GCAAARV;GALAXY / 2.0 / TDCi 132 A6;Nemcija;DEU;osebni avtomobil;205;karavan;GALAXY 
132;1734;5.4;1;FORD;WA6-T8CJ1JX-7GCAAFQK;S-MAX / 2.0 / TDCi 132 A6;Nemcija;DEU;osebni avtomobil;208;karavan;S-MAX 
132;1716;5.4;1;FORD;DM2-T8MA2A-5VU1QD;KUGA / 2.0 / TDCI 132 A6 4x4;Nemcija;DEU;osebni avtomobil;200;vecnamensko vozilo;KUGA 
132;1703;5.4;1;FORD;BA7-T8CC4F-5FJBQY;MONDEO / 2.0 / TDCI 132 AWD;Nemcija;DEU;osebni avtomobil;216;karavan;MONDEO 
132;1900;5.4;1;LAND ROVER;LYS5AA2F-A5A1;RANGE ROVER VELAR / 2.0 / D180 AWD AUT.;Zdruûeno kraljestvo;GBR;osebni avtomobil;193;karavan;RANGE ROVER VELAR 
132;1620;5.4;1;MAZDA;GHA9A6;MAZDA 6 / KARAVAN 2.2 / D HP;Japonska ;JPN;osebni avtomobil;216;karavan;MAZDA 6 
132;1555;5.4;1;MAZDA;GHA4A6;MAZDA 6 / 2.2 / D HP;Japonska ;JPN;osebni avtomobil;218;vozilo z dviûnimi vrati zadaj;MAZDA 6 
132;1760;5.5;1;FORD;WA6-T8CJ1KX-7GCAAFRV;GALAXY / 2.0 / TDCi 132 A6;Nemcija;DEU;osebni avtomobil;205;karavan;GALAXY 
132;1948;5.5;1;LAND ROVER;LZ-S5AB2L-A5DCA;RANGE ROVER EVOQUE / 2.0 / TD4 MHEV 4WD AUT.;Zdruûeno kraljestvo;GBR;osebni avtomobil;205;karavan;RANGE ROVER EVOQUE 
132;1655;5.5;1;SAAB;YS3FF5PFC-M6 01;9-3 / ESTATE 1.9 / TTID;ävedska;SWE;osebni avtomobil;220;karavan;09-Mar
132;1325;5.6;0;AUDI;ACJSAF1-FD7AM006R8V617MMEM1;A3 / 1.8 / TFSI AUT.;Nemcija;DEU;osebni avtomobil;232;karavan;A3 
132;1645;5.6;1;HONDA;CU33-14;ACCORD / 2.2 / i-DTEC;Japonska ;JPN;osebni avtomobil;220;limuzina;ACCORD 
132;1904;5.6;1;JAGUAR;DF-B-510;E-PACE / 2.0 / IL4d AWD AUT.;Zdruûeno kraljestvo;GBR;osebni avtomobil;205;karavan;E-PACE 
132;1736;5.6;1;JAGUAR;JA-D-505B;JAGUAR XE / 2.0d / I4 AWD AUT.;Zdruûeno kraljestvo;GBR;osebni avtomobil;225;limuzina;JAGUAR XE 
132;2007;5.6;1;LAND ROVER;LC-S5CD2L-A5OAA;DISCOVERY SPORT / 2.0 / 4WD AUT.;Zdruûeno kraljestvo;GBR;osebni avtomobil;202;karavan;DISCOVERY SPORT 
132;1546;5.6;0;MAZDA;FWHACW00;CX-30 / X180 / AWD AT;Japonska ;JPN;osebni avtomobil;204;karavan;CX-30 
132;1628;5.6;1;SAAB;YS3FF4P-M6 01;9-3 / 1.9 / TTID;ävedska;SWE;osebni avtomobil;225;limuzina;09-Mar
132;1742;5.7;1;HONDA;CW33-12;ACCORD TOURER / 2.2 / i-DTEC;Japonska ;JPN;osebni avtomobil;217;vecnamensko vozilo;ACCORD TOURER 
132;1882;5.7;1;JAGUAR;DC-C-505A1;F-PACE / 2.0 / I4d AWD AUT.;Zdruûeno kraljestvo;GBR;osebni avtomobil;208;karavan;F-PACE 
132;2037;5.7;1;LAND ROVER;LVX2DA2F-F4C1;RANGE ROVER EVOQUE / 2.0 / TD4180 4WD AUT.;Zdruûeno kraljestvo;GBR;osebni avtomobil;195;kabriolet;RANGE ROVER EVOQUE 
132;1327;5.7;0;SEAT;BCJSAX0-FD7SFD7CW0017MMML;LEON / 1.8 / TSI AUT.;äpanija;ESP;osebni avtomobil;224;karavan;LEON 
132;1335;5.7;0;äKODA;AACJSAX0-NFD7FD7CW001STML7;OCTAVIA / 1.8 / TSI AUT.;Ceöka republika;CZE;osebni avtomobil;231;limuzina;OCTAVIA 
132;1480;5.7;0;VOLKSWAGEN;AACJSAX0-FD7FD7CW005SV7MMVR261;PASSAT / 1.8 / TSI AUT.;Nemcija;DEU;osebni avtomobil;232;limuzina;PASSAT 
132;1165;5.8;0;ABARTH;312AXF1107KN;500 / 1.4 / 16V TURBO C DUALLOGIC;Italija;ITA;osebni avtomobil;225;vozilo z dviûnimi vrati zadaj;500
132;1355;5.8;0;AUDI;SCJSAF1-FD7CW005P8V077MMEM1;A3 / 1.8 / TFSI AUT.;Nemcija;DEU;osebni avtomobil;235;vozilo z dviûnimi vrati zadaj;A3 
132;1311;5.8;0;AUDI;CCJSAF1-FM6FM62S031P8J027MMEM1;TT / COUPE 1.8 / TFSI;Madûarska;HUN;osebni avtomobil;241;kupe;TT 
132;1305;5.8;0;AUDI;CCJSAF1-FD7FD7CW005P8J037MMEM1K1;TT / COUPE 1.8 / TFSI AUT.;Nemcija;DEU;osebni avtomobil;241;kupe;TT 
132;2075;5.8;1;FORD;WA6-T8CJ4JX-7HCAAFRW;S-MAX / 2.0 / TDCi 132 A6 AWD;Nemcija;DEU;osebni avtomobil;206;karavan;S-MAX 
132;1912;5.8;1;FORD;SBF-T8CM4YX-5DEANASA;EDGE / 2.0 / TDCI 132;Nemcija;DEU;osebni avtomobil;200;karavan;EDGE 
132;1841;5.8;1;FORD;WA6-T8CJ4KX-7HCANARZ;GALAXY / 2.0 / TDCi 132 A6 AWD;Nemcija;DEU;osebni avtomobil;203;karavan;GALAXY 
132;1809;5.8;1;FORD;WA6-T8CJ4JX-5HCANFRW;S-MAX / 2.0 / TDCi 132 A6 AWD;Nemcija;DEU;osebni avtomobil;206;karavan;S-MAX 
132;1743;5.8;1;FORD;BA7-T8CP1FX-5EJAZNAANTY;MONDEO / 2.0 / TDCI 132 A6;Nemcija;DEU;osebni avtomobil;218;karavan;MONDEO 
132;1680;5.8;1;HONDA;CU32-12;ACCORD / 2.2 / i-DTEC;Japonska ;JPN;osebni avtomobil;220;limuzina;ACCORD 
132;1808;5.8;1;JAGUAR;JB-F-505B;JAGUAR XF / 2.0 / iD4 AWD AUT.;Zdruûeno kraljestvo;GBR;osebni avtomobil;222;limuzina;JAGUAR XF 
132;1678;5.8;1;JAGUAR;JA-C-516A;JAGUAR XE / 2.0d / I4 RWD AUT.;Zdruûeno kraljestvo;GBR;osebni avtomobil;228;limuzina;JAGUAR XE 
132;1768;5.8;1;SAAB;YS3FF7P-M6 01;9-3 / CV 1.9 / TTID;ävedska;SWE;osebni avtomobil;220;kabriolet;09-Mar
132;1675;5.8;1;SAAB;YS3FF5P-M6 01;9-3 / ESTATE 1.9 / TTID;ävedska;SWE;osebni avtomobil;220;karavan;09-Mar
132;1605;5.8;1;SAAB;YS3F5P-M6 01;9-3 / ESTATE 1.9 / TTID;ävedska;SWE;osebni avtomobil;220;karavan;09-Mar
132;1372;5.8;0;SEAT;FCJSAX0V-FD7SFD7CW0057MMMLO571;LEON ST / 1.8 / TSI AUT.;äpanija;ESP;osebni avtomobil;224;karavan;LEON ST 
132;1505;5.8;0;äKODA;ACCJSAX01-NFD7FD7CW005ST627;SUPERB / COMBI 1.8 / TSI AUT.;Ceöka republika;CZE;osebni avtomobil;230;karavan;SUPERB 
132;1505;5.8;0;VOLKSWAGEN;ACCJSAX0-FD7FD7CW005SV7MMVR261;PASSAT / VARIANT 1.8 / TSI AUT.;Nemcija;DEU;osebni avtomobil;230;karavan;PASSAT 
132;1335;5.9;0;AUDI;SCJSAF1-FM62S031P8V067MMEM1;A3 / 1.8 / TFSI;Nemcija;DEU;osebni avtomobil;235;vozilo z dviûnimi vrati zadaj;A3 
132;1305;5.9;0;AUDI;CCJSAF1-FD7FD7CW005P8J047MMEM1K1;TT / COUPE 1.8 / TFSI AUT.;Madûarska;HUN;osebni avtomobil;241;kupe;TT 
132;1912;5.9;1;FORD;SBF-T8CM4YX-5DEAABSA;EDGE / 2.0 / TDCI 132;Nemcija;DEU;osebni avtomobil;200;karavan;EDGE 
132;1443;5.9;0;MAZDA;6WH6CW00;CX-30 / X180;Japonska ;JPN;osebni avtomobil;204;karavan;CX-30 
132;1310;5.9;0;SEAT;BCJSAX0-FM6SFM62S0317MMML;LEON / 1.8 / TSI;äpanija;ESP;osebni avtomobil;226;karavan;LEON 
132;1485;5.9;0;äKODA;ACCJSCX01-NFM6FM62Q030ST617;SUPERB / COMBI 1.8 / TSI;Ceöka republika;CZE;osebni avtomobil;230;karavan;SUPERB 
132;1465;5.9;0;äKODA;AACJSCX01-NFM6FM62Q030V2627;SUPERB / 1.8 / TSI;Ceöka republika;CZE;osebni avtomobil;232;limuzina;SUPERB 
132;1320;5.9;0;äKODA;AACJSAX0-NFM6FM62S031STMLN677;OCTAVIA / 1.8 / TSI;Ceöka republika;CZE;osebni avtomobil;231;limuzina;OCTAVIA 
132;1504;5.9;0;VOLKSWAGEN;ACCJSCX0-FM6FM62Q030SV7MMVR261;PASSAT / VARIANT 1.8 / TSI;Nemcija;DEU;osebni avtomobil;230;karavan;PASSAT 
132;1480;5.9;0;VOLKSWAGEN;AACJSAX0-FD7FD7CW005SV7MMVR261;PASSAT / 1.8 / TSI AUT.;Nemcija;DEU;osebni avtomobil;232;limuzina;PASSAT 
132;1468;5.9;0;VOLKSWAGEN;AACJSCX0-FM6FM62Q030SV7MMVR262;PASSAT / 1.8 / TSI;Nemcija;DEU;osebni avtomobil;232;limuzina;PASSAT 
132;1269;5.9;0;VOLKSWAGEN;ABCAVE-FD7FD7AM015LLSVR07MQ;POLO / 1.4 / TSI AUT.;Nemcija;DEU;osebni avtomobil;229;vozilo z dviûnimi vrati zadaj;POLO 
132;1375;6.1;0;AUDI;RCJSAF1-FM62S031P8J047MMEM1;TT / ROADSTER 1.8 / TFSI;Madûarska;HUN;osebni avtomobil;237;kabriolet;TT 
132;1904;6.1;1;JAGUAR;DF-B-532B;JAGUAR E-PACE / 2.0 / IL4d AWD AUT.;Zdruûeno kraljestvo;GBR;osebni avtomobil;205;karavan;JAGUAR E-PACE 
132;1882;6.1;1;JAGUAR;DC-C-504B;F-PACE / 2.0 / I4d AWD AUT.;Zdruûeno kraljestvo;GBR;osebni avtomobil;208;karavan;F-PACE 
132;1485;6.1;0;äKODA;AACJSCX01-NFM6FM62Q030STN627;SUPERB / 1.8 / TSI;Ceöka republika;CZE;osebni avtomobil;232;limuzina;SUPERB 
132;1541;6.1;0;VOLKSWAGEN;CJSAAC-FD7FD7CW0057MMS50VR261;TOURAN / 1.8 / TSI AUT.;Nemcija;DEU;osebni avtomobil;218;karavan;TOURAN 
132;1364;6.1;0;VOLKSWAGEN;ADCULA-FM6FM62Q0377MMVR2N1LL62;SCIROCCO / 2.0 / TSI;Nemcija;DEU;osebni avtomobil;227;kupe;SCIROCCO 
132;1318;6.2;0;äKODA;ABCTHEX01-NFD7FD7AM01515N0;FABIA / 1.4 / TSI AUT.;Ceöka republika;CZE;osebni avtomobil;224;vozilo z dviûnimi vrati zadaj;FABIA 
132;1465;6.2;1;VOLVO;MK8651;C30 / 2.4 / TD;ävedska;SWE;osebni avtomobil;225;kupe;C30 
132;1516;6.3;1;VOLVO;MW8651;V50 / 2.4 / TD;ävedska;SWE;osebni avtomobil;225;karavan;V50 
132;1640;6.4;0;AUDI;LCDNBF1-FAVAW016R4G71S57MGEM2;A6 / 2.0 / TFSI AUT.;Nemcija;DEU;osebni avtomobil;226;limuzina;A6 
132;1505;6.4;0;AUDI;CCDNBF1-FM6B1004R8T927MGEM1;A5 / 2.0 / TFSI;Nemcija;DEU;osebni avtomobil;236;kupe;A5 
132;1259;6.4;0;SEAT;SCCAVEX0-AGNFD7AM0157MGGI;IBIZA / 1.4 / TSI AUT.;äpanija;ESP;osebni avtomobil;225;vecnamensko vozilo;IBIZA 
132;1615;6.5;0;AUDI;LCDNBF1-FM6B1007R4G60S57MGEM2;A6 / 2.0 / TFSI;Nemcija;DEU;osebni avtomobil;232;limuzina;A6 
132;1615;6.5;0;AUDI;XCULBQ1-QD7QD7BH002P8U027MMEM1K1;Q3 / 2.0 / TFSI Q AUT.;Nemcija;DEU;osebni avtomobil;217;karavan;Q3 
132;1445;6.5;0;AUDI;SCJSBQ1-QD6D9004R8V617MMEM1;A3 / 1.8 / TFSI Q AUT.;Nemcija;DEU;osebni avtomobil;228;vozilo z dviûnimi vrati zadaj;A3 
132;1861;6.5;1;FORD;BA7-T8CP1FX-5EJAZNAANTY;MONDEO / 2.0 / TDCI 132 A6;Nemcija;DEU;osebni avtomobil;218;karavan;MONDEO 
132;1722;6.5;1;FORD;BA7-T8CP1EX-5EJAZNAANTR;MONDEO / 2.0 / TDCI 132 A6;Nemcija;DEU;osebni avtomobil;223;vozilo z dviûnimi vrati zadaj;MONDEO 
132;1540;6.5;0;VOLKSWAGEN;VACCJSBX1-AD6AD6D9004C7MMON1ML69VR2;GOLF / ALLTRACK 1.8 / TSI AUT. 4M;Nemcija;DEU;osebni avtomobil;217;karavan;GOLF 
132;1840;6.6;1;AUDI;4B;A6 / 2.5 / TDI / QUATTRO;Nemcija;DEU;osebni avtomobil;217;karavan;A6 
132;1680;6.6;0;AUDI;ACDNBF1-FM6B1007R4G60S57MGEM2;A6 / AVANT 2.0 / TFSI;Nemcija;DEU;osebni avtomobil;224;karavan;A6 
132;1495;6.6;0;AUDI;CCDNBF1-FM6B1004R8T607MG;A5 / 2.0 / TFSI;Nemcija;DEU;osebni avtomobil;236;kupe;A5 
132;1470;6.6;0;AUDI;LCJSBQ1-QD6D9004R8V627MMEM1;A3 / 1.8 / TFSI Q AUT.;Nemcija;DEU;osebni avtomobil;235;limuzina;A3 
132;1690;6.6;1;SAAB;YS3FF5P-A6 02;9-3 / ESTATE 1.9 / TTID AUT.;ävedska;SWE;osebni avtomobil;215;karavan;09-Mar
132;1522;6.6;0;äKODA;ACCJSBX1-SAD6AD6D9004SCMLN667;OCTAVIA / COMBI 1.8 / TSI 4x4 AUT.;Ceöka republika;CZE;osebni avtomobil;216;karavan;OCTAVIA 
132;1770;6.7;1;AUDI;4F;A6 / 2.7 / TDI;Nemcija;DEU;osebni avtomobil;225;karavan;A6 
132;1640;6.7;1;SAAB;YS3FF4P-A6 01;9-3 / 1.9 / TTID AUT.;ävedska;SWE;osebni avtomobil;220;limuzina;09-Mar
132;1450;6.7;0;äKODA;ACCJSBX1-NAD6AD6D9004STML7;OCTAVIA / COMBI 1.8 / TSI 4x4 AUT.;Ceöka republika;CZE;osebni avtomobil;227;karavan;OCTAVIA 
132;1537;6.7;0;VOLKSWAGEN;VACCJSBX1-AD6AD6D9004C7MMON1ML69VR2;GOLF / ALLTRACK 1.8 / TSI 4M AUT.;Nemcija;DEU;osebni avtomobil;217;karavan;GOLF 
132;1725;6.8;1;AUDI;4B;A 6 / 2.5;Nemcija;DEU;osebni avtomobil;219;karavan;A 6 
132;1705;6.8;1;AUDI;8EABPPF1-FAVJC0R8E607GG;A4 / AVANT 2.7 / TDI V-AUT.;Nemcija;DEU;osebni avtomobil;217;karavan;A4 
132;1700;6.8;1;AUDI;LBPPF1-FM62B0R4F600GGP;A6 / 2.7 / TDI;Nemcija;DEU;osebni avtomobil;230;limuzina;A6 
132;1675;6.8;1;AUDI;8E ABPPF1 FM6AC0R8E607GG;A4 / AVANT 2.7 / TDI;Nemcija;DEU;osebni avtomobil;224;karavan;A4 
132;1645;6.8;1;AUDI;8ELBPPF1-FAVJC0R8E607GG;A4 / 2.7 / TDI AUT;Nemcija;DEU;osebni avtomobil;230;limuzina;A4 
132;1615;6.8;1;AUDI;8E-LBPPF1FM6AC0R8E607GGP;A4 / 2.7 / TDI;Nemcija;DEU;osebni avtomobil;230;limuzina;A4 
132;1904;6.8;1;FORD;DM2-T8MC4AX-5QVAZ6AHQ1E;KUGA / 2.0 / TDCI 132 M6 4x4 S;Nemcija;DEU;osebni avtomobil;202;vecnamensko vozilo;KUGA 
132;1503;6.8;0;OPEL;CAECA12-BA1J1JBTB5;ASTRA / 1.6 / TURBO;Nemcija;DEU;osebni avtomobil;221;vecnamensko vozilo;ASTRA 
132;1490;6.8;0;OPEL;BJ11-1A05A8ANEKE5;ASTRA / 1.6 / 16V TURBO;Nemcija;DEU;osebni avtomobil;221;vecnamensko vozilo;ASTRA 
132;1700;6.9;1;AUDI;LBPPF1-FM6200R4F600GG;A6 / 2.7 / TDI;Nemcija;DEU;osebni avtomobil;230;limuzina;A6 
132;1708;6.9;1;SAAB;YS3FF5P-A6 01;9-3 / ESTATE 1.9 / TTID AUT.;ävedska;SWE;osebni avtomobil;215;karavan;09-Mar
132;1479;6.9;1;VOLVO;MK7749;C30 / D5 / TD AUT.;ävedska;SWE;osebni avtomobil;220;kupe;C30 
132;1477;6.9;1;VOLVO;MK7759;C30 / 2.4 / TD AUT.;ävedska;SWE;osebni avtomobil;220;kupe;C30 
132;1929;7.1;1;AUDI;4FABPPF1-FM6200R4F600GGR;A6 / AVANT 2.7 / TDI;Nemcija;DEU;osebni avtomobil;225;karavan;A6 
132;1908;7.1;1;AUDI;ABPPF1-FM6200R4F600GGR;A 6 / AVANT 2.7;Nemcija;DEU;osebni avtomobil;225;karavan;A 6 
132;1876;7.1;1;AUDI;ABPPF1-FM6200R4F600GGR;A6 / AVANT 2.7 / TDI;Nemcija;DEU;osebni avtomobil;225;karavan;A6 
132;1858;7.1;1;AUDI;LBPPF1-FM6200R4F600GGR;A6 / 2.7 / TDI;Nemcija;DEU;osebni avtomobil;230;limuzina;A6 
132;1832;7.1;1;AUDI;LBPPF1-FM6200R4F607GGQ;A6 / 2.7 / TDI;Nemcija;DEU;osebni avtomobil;230;limuzina;A6 
132;1816;7.1;1;AUDI;4FLBPPF1-FM6200R4F607GGQ;A6 / 2.7 / TDI;Nemcija;DEU;osebni avtomobil;230;limuzina;A6 
132;1770;7.1;1;AUDI;ABPPF1-FM6200R4F600GG;A6 / AVANT 2.7 / TDI;Nemcija;DEU;osebni avtomobil;255;karavan;A6 
132;1770;7.1;1;AUDI;4F;A6 / 2.7 / TDI;Nemcija;DEU;osebni avtomobil;225;karavan;A6 
132;1770;7.1;1;AUDI;4F;A 6 / AVANT 2.7;Nemcija;DEU;osebni avtomobil;225;karavan;A 6 
132;1715;7.1;1;AUDI;4F LBPPF1FM6200R4F607GGQ;A6 / 2.7 / TDI;Nemcija;DEU;osebni avtomobil;230;limuzina;A6 
132;1700;7.1;1;AUDI;4F-BPP;A 6 / 2.7;Nemcija;DEU;osebni avtomobil;230;limuzina;A 6 
132;1540;7.1;0;AUDI;LCDNBF1-FAVW0030R8K617MG;A4 / 2.0 / TFSI V-AUT.;Nemcija;DEU;osebni avtomobil;226;limuzina;A4 
132;1615;7.1;0;VOLKSWAGEN;ACCZPAX1-NAM6AM62Q040KN4NVR27MM61;TIGUAN / 2.0 / TSI 4M;Nemcija;DEU;osebni avtomobil;210;karavan;TIGUAN 
132;1947;7.2;1;AUDI;4FABPPF1-FM6200R4F807GGR;A6 / AVANT 2.7 / TDI;Nemcija;DEU;osebni avtomobil;225;karavan;A6 
132;1904;7.2;1;AUDI;ABPPF1-FM6200R4F607GGR;A6 / AVANT 2.7 / TDI;Nemcija;DEU;osebni avtomobil;225;karavan;A6 
132;1858;7.2;1;AUDI;ABPPF1-FM6200R4F607GGR;A6 / 2.7 / TDI;Nemcija;DEU;osebni avtomobil;225;karavan;A6 
132;1800;7.2;1;AUDI;4F ABPPPF1;A6 / AVANT 2.7 / TDI;Nemcija;DEU;osebni avtomobil;225;karavan;A6 
132;1770;7.2;1;AUDI;ABPPF1-FM6200R4F607GG;A6 / AVANT 2.7 / TDI;Nemcija;DEU;osebni avtomobil;225;karavan;A6 
132;1730;7.2;1;AUDI;LBPPF1-FAVJC0R4F600GG;A6 / 2.7 / TDI V-AUT.;Nemcija;DEU;osebni avtomobil;225;limuzina;A6 
132;1600;7.2;0;AUDI;SCDNBF1-FAVW0030R8S607MGEM0;A5 / 2.0 / TFSI V-AUT.;Nemcija;DEU;osebni avtomobil;222;vozilo z dviûnimi vrati zadaj;A5 
132;1815;7.2;1;FORD;DM2-T8MC4AX-5VUAZ6AAQ1D;KUGA / 2.0 / TDCI 132 A6 4x4 S;Nemcija;DEU;osebni avtomobil;200;vecnamensko vozilo;KUGA 
132;1904;7.2;1;JAGUAR;DF-D-508A;JAGUAR E-PACE / 2.0 / IL4d AWD AUT.;Zdruûeno kraljestvo;GBR;osebni avtomobil;205;karavan;JAGUAR E-PACE 
132;1550;7.2;0;OPEL;BAECA11-BA3J3JNWA5;ASTRA / GTC 1.6 / 16V TURBO;Nemcija;DEU;osebni avtomobil;220;vozilo z dviûnimi vrati zadaj;ASTRA 
132;1758;7.2;1;VOLKSWAGEN;3BG;PASSAT / 2.5 / TDI / 4.MOTION;Nemcija;DEU;osebni avtomobil;223;karavan;PASSAT 
132;1730;7.3;1;AUDI;LBPPF1-FAVJC0R4F807GG;A6 / 2.7 / TDI V-AUT.;Nemcija;DEU;osebni avtomobil;225;limuzina;A6 
132;1882;7.3;1;JAGUAR;DC-C-504A;F-PACE / 2.0 / I4d AWD AUT.;Zdruûeno kraljestvo;GBR;osebni avtomobil;208;karavan;F-PACE 
132;1503;7.3;0;OPEL;BJ11-1A06A9ARMDE5;ASTRA / 1.6 / 16V TURBO AUT.;Nemcija;DEU;osebni avtomobil;221;vecnamensko vozilo;ASTRA 
132;2219;7.3;1;VOLKSWAGEN;MCFCA308X0-LNFM6500717NVR27MJG0S;MULTIVAN / 2.0 / TDI;Nemcija;DEU;osebni avtomobil;191;karavan;MULTIVAN 
132;2169;7.3;1;VOLKSWAGEN;MCFCA300X0-NNFM6500717NVR27MJG0S;MULTIVAN / 2.0 / TDI;Nemcija;DEU;osebni avtomobil;191;karavan;MULTIVAN 
132;1645;7.3;0;VOLKSWAGEN;ACCZPAX1-AD7AD7DL004GN5N3NVR27MM61;TIGUAN / 2.0 / TSI 4M AUT.;Nemcija;DEU;osebni avtomobil;210;karavan;TIGUAN 
132;1759;7.3;1;VOLVO;MC77-49;C70 / CABRIO 2.4 / D5 AUT.;ävedska;SWE;osebni avtomobil;225;kabriolet;C70 
132;1837;7.4;1;AUDI;LBPPF1-FAVJC0R4F607GGQ;A6 / 2.7 / TDI V-AUT.;Nemcija;DEU;osebni avtomobil;225;limuzina;A6 
132;1659;7.4;1;AUDI;8E LBAUQ1-QM63A0R8E71P;A 4 / 2.5;Nemcija;DEU;osebni avtomobil;226;limuzina;A 4 
132;1695;7.4;0;äKODA;ACCZPAX1-NAD7AD7DL0040NS5N618;KODIAQ / 2.0 / TSI 4x4 AUT.;Ceöka republika;CZE;osebni avtomobil;207;karavan;KODIAQ 
132;1645;7.4;0;VOLKSWAGEN;ACCZPAX1-AD7AD7DL004GN5R4NVR27MM63;TIGUAN / 2.0 / TSI 4M AUT.;Nemcija;DEU;osebni avtomobil;210;karavan;TIGUAN 
132;1645;7.4;0;VOLKSWAGEN;ACCZPAX1-NAD7AD7DL004GN3NVR27MM61;TIGUAN / 2.0 / TSI 4M AUT.;Nemcija;DEU;osebni avtomobil;208;karavan;TIGUAN 
132;1810;7.5;1;AUDI;4B;A6 / 2.5 / TDI;Nemcija;DEU;osebni avtomobil;217;karavan;A6 
132;1800;7.5;1;AUDI;4F ABPPPF1;A6 / AVANT 2.7 / TDI;Nemcija;DEU;osebni avtomobil;220;karavan;A6 
132;1725;7.5;1;AUDI;4F-ABPPF1;A6 / AVANT 2.7 / TDI AUT.;Nemcija;DEU;osebni avtomobil;223;karavan;A6 
132;1904;7.5;1;JAGUAR;DF-B-531A;JAGUAR E-PACE / 2.0 / IL4d AWD AUT.;Zdruûeno kraljestvo;GBR;osebni avtomobil;205;karavan;JAGUAR E-PACE 
132;1925;7.6;1;AUDI;4F;A6 / 2.7 / TDI;Nemcija;DEU;osebni avtomobil;220;karavan;A6 
132;1800;7.6;1;AUDI;4FABPPF1-FAVJC0R4F607GG;A6 / AVANT 2.7 / TDI V-AUT.;Nemcija;DEU;osebni avtomobil;220;karavan;A6 
132;1795;7.6;1;AUDI;ABAUQ1-QM63A0R8E60Q;A4 / AVANT 2.5 / TDI Q;Nemcija;DEU;osebni avtomobil;223;karavan;A4 
132;1725;7.6;1;AUDI;8E-BDH;A4 / AVANT 2.5 / TDI Q;Nemcija;DEU;osebni avtomobil;223;karavan;A4 
132;1720;7.6;1;AUDI;8E-BAU;A4 / 2.5 / TDI;Nemcija;DEU;osebni avtomobil;217;karavan;A4 
132;1634;7.6;1;AUDI;8E;A4 / 2.5 / TDI  QUATTRO;Nemcija;DEU;osebni avtomobil;226;limuzina;A4 
132;1395;7.6;0;RENAULT;DZ0K06;MEGANE / COUPE 2.0 / 16V;Francija;FRA;osebni avtomobil;230;kupe;MEGANE 
132;2300;7.6;1;VOLKSWAGEN;MCFCA300X0-NNFD7BT0117TVR27MJG0S;MULTIVAN / 2.0 / TDI AUT.;Nemcija;DEU;osebni avtomobil;191;karavan;MULTIVAN 
132;2181;7.6;1;VOLKSWAGEN;MCFCA300X0-NNFD7BT0117NVR27MJG0S;MULTIVAN / 2.0 / TDI AUT.;Nemcija;DEU;osebni avtomobil;191;karavan;MULTIVAN 
132;2169;7.6;1;VOLKSWAGEN;300MCFCAX0-G0VR0NNNFM65007177MG;MULTIVAN / 2.0 / TDI;Nemcija;DEU;osebni avtomobil;191;karavan;MULTIVAN 
132;2128;7.6;1;VOLKSWAGEN;KCFCA300X0-LNFM6500717NVR07MGG0;CARAVELLE / 2.0 / TDI;Nemcija;DEU;osebni avtomobil;191;vecnamensko vozilo;CARAVELLE 
132;1976;7.6;1;VOLKSWAGEN;GCFCA300X0-LNFM6500716VVR07MJG0S;TRANSPORTER / 2.0 / TDI;Nemcija;DEU;osebni avtomobil;191;vecnamensko vozilo;TRANSPORTER 
132;1120;7.7;0;ABARTH;312AXF1A16KH;500 / 1.4 / 595 COMPETIZIONE;Italija;ITA;osebni avtomobil;225;vozilo z dviûnimi vrati zadaj;500
132;1715;7.7;1;AUDI;AAKEQ1-QM6EAMR8E60Q;A4 / AVANT 2.5 / TDI Q;Nemcija;DEU;osebni avtomobil;222;karavan;A4 
132;1815;7.7;1;FORD;DM2-T8MC4AX-5VUAZ6AAQ1D;KUGA / 2.0 / TDCI 132 A6 4x4 S;Nemcija;DEU;osebni avtomobil;200;vecnamensko vozilo;KUGA 
132;1583;7.7;0;OPEL;DB11-1A19D5BPDHM5;INSIGNIA / 1.6 / 16V TURBO;Nemcija;DEU;osebni avtomobil;225;vecnamensko vozilo;INSIGNIA 
132;1570;7.7;0;OPEL;BB11-1A18D4BNDHL5;INSIGNIA / 1.6 / 16V TURBO;Nemcija;DEU;osebni avtomobil;225;limuzina;INSIGNIA 
132;1335;7.7;0;OPEL;KU11-1A20AX3GBH5;ASTRA / 1.6 / 16V TURBO;Nemcija;DEU;osebni avtomobil;223;kupe;ASTRA 
132;1775;7.7;0;VOLKSWAGEN;ACDGVAX1-AD7AD7DL004GL7G5NVR27MM61;TIGUAN / 2.0 / TSI 4M AUT.;Nemcija;DEU;osebni avtomobil;208;karavan;TIGUAN 
132;1130;7.8;0;ABARTH;312AXF1107KT;500 / 1.4 / 595 COMPETIZIONE CA;Italija;ITA;osebni avtomobil;225;vozilo z dviûnimi vrati zadaj;500
132;1665;7.8;1;AUDI;LAKEQ1-QM6EAMR8E60P;A4 / 2.5 / TDI Q;Nemcija;DEU;osebni avtomobil;225;limuzina;A4 
132;2169;7.8;1;VOLKSWAGEN;MCFCA300X0-NNFM6500717NVR07MGG0S;MULTIVAN / 2.0 / TDI;Nemcija;DEU;osebni avtomobil;191;karavan;MULTIVAN 
132;2154;7.8;1;VOLKSWAGEN;SCFCA300X0-NAFM6500717NVR07MGG0S;CALIFORNIA BEACH / 2.0 / TDI;Nemcija;DEU;osebni avtomobil;191;karavan;CALIFORNIA BEACH 
132;2064;7.8;1;VOLKSWAGEN;KCFCA320X0-NNFM6500717NVR07MJG0S;CARAVELLE / 2.0 / TDI;Nemcija;DEU;osebni avtomobil;191;vozilo za posebne namene;CARAVELLE 
132;1306;7.8;0;VOLKSWAGEN;1J-AGU;GOLF / 1.8 / T;Nemcija;DEU;osebni avtomobil;229;vozilo z dviûnimi vrati zadaj;GOLF 
132;1790;7.9;1;AUDI;8E-AKE;A 4 / AVANT 2.5;Nemcija;DEU;osebni avtomobil;222;karavan;A 4 
132;1790;7.9;1;AUDI;AAKEQ1-QM6EAMR8E60Q;A4 / AVANT 2.5 / TDi Q;Nemcija;DEU;osebni avtomobil;222;karavan;A4 
132;1720;7.9;1;AUDI;8E;A4 / 2.5 / TDI / QUATTRO;Nemcija;DEU;osebni avtomobil;222;karavan;A4 
132;1660;7.9;0;OPEL;FB11-1A20D6BRDHK5;INSIGNIA / CAR. 1.6 / 16V TURBO;Nemcija;DEU;osebni avtomobil;220;karavan;INSIGNIA 
132;2271;7.9;1;VOLKSWAGEN;MCFCA308X1-NNAM6500517TVR27MJG0S;MULTIVAN / 2.0 / TDI 4M;Nemcija;DEU;osebni avtomobil;188;karavan;MULTIVAN 
132;2181;7.9;1;VOLKSWAGEN;MCFCA300X0-NNFD7BT0117NVR07MGG0;MULTIVAN / 2.0 / TDI AUT.;Nemcija;DEU;osebni avtomobil;191;karavan;MULTIVAN 
132;2280;8.1;1;AUDI;4B-AKE;A 6 / 2.5;Nemcija;DEU;osebni avtomobil;221;karavan;A 6 
132;1840;8.1;1;AUDI;4B-AKE;A 6 / 2.5;Nemcija;DEU;osebni avtomobil;217;karavan;A 6 
132;1805;8.1;1;AUDI;4B-AKE;A 6 / AVANT 2.5;Nemcija;DEU;osebni avtomobil;221;karavan;A 6 
132;1805;8.1;1;AUDI;4B-AKE;A6 / AVANT 2.5 / TDI Q;Nemcija;DEU;osebni avtomobil;221;karavan;A6 
132;1795;8.1;1;AUDI;AAKEQ1-QM6EAMR99R;A6 / AVANT 2.5 / TDi Q;Nemcija;DEU;osebni avtomobil;221;karavan;A6 
132;1795;8.1;0;AUDI;XCDNBQ1-QM6B2017R8R707MGEM1;Q5 / 2.0 / TFSI Q;Nemcija;DEU;osebni avtomobil;210;karavan;Q5 
132;1785;8.1;1;AUDI;4B-AKE;A 6 / 2.5;Nemcija;DEU;osebni avtomobil;219;limuzina;A 6 
132;1683;8.1;1;AUDI;4B;A6 / 2.5 / TDI QUATTRO;Nemcija;DEU;osebni avtomobil;223;limuzina;A6 
132;1676;8.1;1;AUDI;AAKEF1-FA5VAAR92Q;A6 / AVANT 2.5 / TDi AUT.;Nemcija;DEU;osebni avtomobil;219;karavan;A6 
132;1350;8.1;0;AUDI;8NCAJQF1-FM52J036R92M;TT / COUPE 1.8 / T;Madûarska;HUN;osebni avtomobil;228;kupe;TT 
132;1305;8.1;0;AUDI;CAUQF1-FM52J036R8N60S4M;TT / COUPE 1.8 / T;Nemcija;DEU;osebni avtomobil;228;kupe;TT 
132;2231;8.1;1;VOLKSWAGEN;MCFCA308X0-LNFD7BT0117NVR07MGG0;MULTIVAN / 2.0 / TDI AUT.;Nemcija;DEU;osebni avtomobil;191;karavan;MULTIVAN 
132;2181;8.1;1;VOLKSWAGEN;MCFCA300X0-NNFD7BT0117NVR07MQG0S;MULTIVAN / 2.0 / TDI AUT.;Nemcija;DEU;osebni avtomobil;191;karavan;MULTIVAN 
132;2140;8.1;1;VOLKSWAGEN;KCFCA300X0-LNFD7BT0117NVR07MGG0S;CARAVELLE / 2.0 / TDI AUT.;Nemcija;DEU;osebni avtomobil;191;vecnamensko vozilo;CARAVELLE 
132;2076;8.1;1;VOLKSWAGEN;KCFCA300X0-NNFD7BT0117NVR07MGG0;CARAVELLE / 2.0 / TDI AUT.;Nemcija;DEU;osebni avtomobil;191;vecnamensko vozilo;CARAVELLE 
132;2026;8.1;1;VOLKSWAGEN;GCFCA300X1-NNAD7BT0116NVR27MJG0S;TRANSPORTER / 2.0 / TDI 4M AUT.;Nemcija;DEU;osebni avtomobil;188;vecnamensko vozilo;TRANSPORTER 
132;1785;8.2;1;AUDI;4BAAKEF1-FA5VAAR920;A 6 / 2.5;Nemcija;DEU;osebni avtomobil;219;karavan;A 6 
132;1725;8.2;1;AUDI;4B-AKE;A 6 / AVANT 2.5;Nemcija;DEU;osebni avtomobil;219;karavan;A 6 
132;1695;8.2;1;AUDI;4B-AKE;A6 / AVANT 2.5 / TDI AUT.;Nemcija;DEU;osebni avtomobil;219;karavan;A6 
132;2415;8.2;1;VOLKSWAGEN;GCFCA320X1-LNAM6500517NVR07MQG0S;TRANSPORTER / 2.0 / TDI 4M;Nemcija;DEU;osebni avtomobil;188;vozilo za posebne namene;TRANSPORTER 
132;2150;8.2;1;VOLKSWAGEN;GCFCA320X1-LNAM6500517NVR07MJG0S;TRANSPORTER / 2.0 / TDI 4M;Nemcija;DEU;osebni avtomobil;188;vozilo za posebne namene;TRANSPORTER 
132;2075;8.2;1;VOLKSWAGEN;GCFCA308X1-LNAM6500517VVR07MJG0S;TRANSPORTER / 2.0 / TDI 4M;Nemcija;DEU;osebni avtomobil;188;vecnamensko vozilo;TRANSPORTER 
132;2006;8.2;1;VOLKSWAGEN;GCFCA300X1-NNAM6500516VVR07MQG0S;TRANSPORTER / 2.0 / TDI 4M;Nemcija;DEU;osebni avtomobil;188;vecnamensko vozilo;TRANSPORTER 
132;1922;8.3;1;AUDI;4FLBPPQ1-QA6LA0R4F600GGR;A6 / 2.7 / TDI Q AUT.;Nemcija;DEU;osebni avtomobil;228;limuzina;A6 
132;1830;8.3;1;AUDI;LBPPQ1-QA6LA0R4F600GG;A6 / 2.7 / TDI Q AUT.;Nemcija;DEU;osebni avtomobil;228;limuzina;A6 
132;2353;8.3;1;VOLKSWAGEN;MCFCA308X1-LNAD7BT0117NVR27MJG0S;MULTIVAN / 2.0 / TDI 4M AUT.;Nemcija;DEU;osebni avtomobil;188;karavan;MULTIVAN 
132;2284;8.3;1;VOLKSWAGEN;MCFCA308X1-NNAD7BT0117TVR27MJG0S;MULTIVAN / 2.0 / TDI 4M AUT.;Nemcija;DEU;osebni avtomobil;188;karavan;MULTIVAN 
132;1980;8.4;1;AUDI;4FABPPQ1-QA6LA0R4F600GGS;A6 / AVANT 2.7 / TDI Q AUT.;Nemcija;DEU;osebni avtomobil;223;karavan;A6 
132;1933;8.4;1;AUDI;4FLBPPQ1-QA6LA0R4F607GGR;A6 / 2.7 / TDI Q AUT.;Nemcija;DEU;osebni avtomobil;228;limuzina;A6 
132;1920;8.4;1;AUDI;LBPPQ1-QA6LA0R4F600GGS;A6 / 2.7 / TDI Q AUT.;Nemcija;DEU;osebni avtomobil;228;limuzina;A6 
132;1890;8.4;1;AUDI;ABPPQ1-QA6LA0R4F907GGR;A6 / AVANT 2.7 / TDI Q AUT.;Nemcija;DEU;osebni avtomobil;223;karavan;A6 
132;1830;8.4;1;AUDI;4F-LBPPQ1/QA6LA0R4F607GG;A6 / 2.7 / TDI Quattro;Nemcija;DEU;osebni avtomobil;228;limuzina;A6 
132;1797;8.4;1;AUDI;8EABAUQ1-QA5VABR8E60Q;A4 / AVANT 2.5 / TDI Q AUT.;Nemcija;DEU;osebni avtomobil;220;karavan;A4 
132;2271;8.4;1;VOLKSWAGEN;MCFCA308X1-NNAM6500517NVR07MJG0S;MULTIVAN / 2.0 / TDI 4M;Nemcija;DEU;osebni avtomobil;188;karavan;MULTIVAN 
132;2249;8.4;1;VOLKSWAGEN;KCFCA320X1-LNAM6500517NVR07MJG0S;CARAVELLE / 2.0 / TDI 4M;Nemcija;DEU;osebni avtomobil;188;vozilo za posebne namene;CARAVELLE 
132;2185;8.4;1;VOLKSWAGEN;KCFCA300X1-NNAM6500517NVR07MJG0S;CARAVELLE / 2.0 / TDI 4M;Nemcija;DEU;osebni avtomobil;188;vozilo za posebne namene;CARAVELLE 
132;2185;8.4;1;VOLKSWAGEN;KCFCA300X1-NNAM6500517NVR07MGG0S;CARAVELLE / 2.0 / TDI 4M;Nemcija;DEU;osebni avtomobil;188;vecnamensko vozilo;CARAVELLE 
132;1995;8.5;1;AUDI;ABPPQ1-QA6LA0R4F607GGS;A6 / AVANT 2.7 / TDI Q AUT.;Nemcija;DEU;osebni avtomobil;223;karavan;A6 
132;1890;8.5;1;AUDI;ABPPQ1-QA6LA0R4F807GG;A6 / AVANT 2.7 / TDI Q AUT.;Nemcija;DEU;osebni avtomobil;223;karavan;A6 
132;1755;8.5;1;AUDI;8E-AKE;A4 / 2.5 / TDI AUT.;Nemcija;DEU;osebni avtomobil;225;karavan;A4 
132;1520;8.5;0;AUDI;B5;A4 / 1.8 /;Nemcija;DEU;osebni avtomobil;205;karavan;A4 
132;1355;8.5;0;AUDI;8N;TT COUPE / 1.8;Madûarska;HUN;osebni avtomobil;228;kupe;TT COUPE 
132;1250;8.5;1;AUDI;4D;A8 / 2.5 / TDI AUT.;Nemcija;DEU;osebni avtomobil;224;limuzina;A8 
132;1840;8.5;1;VOLKSWAGEN;3BG-MVW88H4EK746;PASSAT / 2.5 / TDI / 4.MOTION;Nemcija;DEU;osebni avtomobil;218;karavan;PASSAT 
132;1950;8.6;1;AUDI;HBPPQ1-QA6L00R4FH00GG;A6 / ALLROAD QUATTRO 2.7 / TDI AUT.;Nemcija;DEU;osebni avtomobil;215;karavan;A6 
132;1890;8.6;1;AUDI;ABPPQ1-QA6LA0R4F607GG;A6 / AVANT 2.7 / TDI Q AUT.;Nemcija;DEU;osebni avtomobil;223;karavan;A6 
132;1848;8.6;1;VOLKSWAGEN;SEBAUX11-AGQA51V062NR0GZ;PASSAT / VAR. 2.5 / TDI AUT. 4M;Nemcija;DEU;osebni avtomobil;218;karavan;PASSAT 
132;1950;8.7;1;AUDI;4F HBPPQ1 QA6L00R4FH07GG;A6 / ALLROAD QUATTRO 2.7 / TDI AUT.;Nemcija;DEU;osebni avtomobil;215;karavan;A6 
132;1897;8.7;1;AUDI;ABAUQ1-QA5VABR99R;A6 / AVANT 2.5 / TDI Q AUT.;Nemcija;DEU;osebni avtomobil;217;karavan;A6 
132;1875;8.7;1;AUDI;4F-BPP;A6 / 2.7 / TDI;Nemcija;DEU;osebni avtomobil;215;karavan;A6 
132;1840;8.7;1;AUDI;4B-BAU;A6 / AVANT 2.5 / TDI Q AUT.;Nemcija;DEU;osebni avtomobil;217;karavan;A6 
132;1785;8.7;1;AUDI;LBAUQ1-QA5VABR95R;A6 / 2.5 / TDI Q AUT.;Nemcija;DEU;osebni avtomobil;219;limuzina;A6 
132;1925;8.8;1;AUDI;4B;A 6 / 2.5;Nemcija;DEU;osebni avtomobil;205;karavan;A 6 
132;2353;8.8;1;VOLKSWAGEN;MCFCA308X1-LNAD7BT0117NVR07MGG0S;MULTIVAN / 2.0 / TDI 4M AUT.;Nemcija;DEU;osebni avtomobil;188;karavan;MULTIVAN 
132;2284;8.8;1;VOLKSWAGEN;MCFCA308X1-NNAD7BT0117NVR07MQG0S;MULTIVAN / 2.0 / TDI 4M AUT.;Nemcija;DEU;osebni avtomobil;188;karavan;MULTIVAN 
132;2262;8.8;1;VOLKSWAGEN;KCFCA320X1-LNAD7BT0117NVR07MGG0;CARAVELLE / 2.0 / TDI AUT. 4M;Nemcija;DEU;osebni avtomobil;188;vecnamensko vozilo;CARAVELLE 
132;1850;8.9;1;AUDI;4BLAKEQ1-QA5VABR92Q;A6 / 2.5 / TDI Q AUT.;Nemcija;DEU;osebni avtomobil;219;limuzina;A6 
132;1533;8.9;0;VOLVO;RS4942;S60 / 2.0 / T;ävedska;SWE;osebni avtomobil;225;limuzina;S60 
132;1315;9.2;0;AUDI;8N-AJQ;TT / 1.8 / T;Madûarska;HUN;osebni avtomobil;222;kupe;TT 
132;1450;9.4;0;OPEL;MONZA-A2;MONZA / 3.0 / E;Nemcija;DEU;osebni avtomobil;215;kupe;MONZA 
132;1912;9.5;1;AUDI;4B HBAUQ1-QA5VACR70S;AUDI / ALLROAD / 2.5 / TDI Q AUT.;Nemcija;DEU;osebni avtomobil;205;karavan;AUDI 
132;1984;9.6;1;AUDI;HAKEQ1-QA5VACR70S;ALLROAD / 2.5 / TDI Q AUT.;Nemcija;DEU;osebni avtomobil;205;karavan;ALLROAD 
132;1925;9.6;1;AUDI;HAKEQ1-QA5VACR70R;ALLROAD / 2.5 / TDI Q AUT.;Nemcija;DEU;osebni avtomobil;205;karavan;ALLROAD 
132;1925;9.6;1;AUDI;4B-AKE;A6 2.5 / TDI ALLROAD Q AUT. /;Nemcija;DEU;osebni avtomobil;205;karavan;A6 2.5 
132;1900;9.6;1;AUDI;4B-AKE;ALLROAD / 2.5 / TDI Q AUT.;Nemcija;DEU;osebni avtomobil;205;karavan;ALLROAD 
132;1995;9.7;1;AUDI;HAKEQ1-QA5VACR70S;ALLROAD / 2.5 / TDI Q AUT.;Nemcija;DEU;osebni avtomobil;205;karavan;ALLROAD 
132;1987;9.7;1;AUDI;4BHAKEQ1-QA5VACR70S;ALLROAD / 2.5 / TDI Q AUT.;Nemcija;DEU;osebni avtomobil;205;karavan;ALLROAD 
132.2;1674;5.6;0;HYUNDAI;NX4e-F5P41-A61B14;TUCSON / 1.6 / T-GDI HEV AUT.;Ceöka republika;CZE;osebni avtomobil;193;vecnamensko vozilo;TUCSON 
132.2;1667;5.6;0;HYUNDAI;F5P41-A61B14;TUCSON / 1.6 / T-GDI HEV AUT.;Ceöka republika;CZE;osebni avtomobil;193;vecnamensko vozilo;TUCSON 
132.2;1699;5.7;0;HYUNDAI;F5P41-A61B14;TUCSON / 1.6 / T-GDI HEV AUT.;Ceöka republika;CZE;osebni avtomobil;193;vecnamensko vozilo;TUCSON 
132.2;1978;7.3;0;HYUNDAI;A5P22-A62B14;SANTA FE / 1.6 / T-GDI HEV AUT. 4WD;Koreja. republika;KOR;osebni avtomobil;187;karavan;SANTA FE 
132.4;1764;7.1;0;HYUNDAI;F5P34-D71A14;TUCSON / 1.6 / T-GDI HP DCT 4WD 48V;Ceöka republika;CZE;osebni avtomobil;201;vecnamensko vozilo;TUCSON 
132.4;1726;7.1;0;HYUNDAI;NX4e-F5P34-D71A14;TUCSON / 1.6 / T-GDI HP DCT 4WD 48V;Ceöka republika;CZE;osebni avtomobil;201;vecnamensko vozilo;TUCSON 
133;1571;3.8;1;VOLVO;FW7381;V60 / 2.0 / TD;ävedska;SWE;osebni avtomobil;225;karavan;V60 
133;1550;3.8;1;VOLVO;FS73C1;S60 / 2.0 / TD;ävedska;SWE;osebni avtomobil;230;limuzina;S60 
133;1685;3.9;1;VOLVO;FW73C1;V60 / 2.0 / TD;ävedska;SWE;osebni avtomobil;225;karavan;V60 
133;1500;4.1;1;PEUGEOT;LJAHWW-R2B000;308 / BREAK 2.0 / HDI AUT.;Francija;FRA;osebni avtomobil;218;vecnamensko vozilo;308
133;1695;4.2;0;LEXUS;XE2(a)/AVE30(E)/AVE30L-AEXEHW(1R);LEXUS IS300h / 2.5 / CVT;Japonska ;JPN;osebni avtomobil;200;limuzina;LEXUS IS300h 
133;1760;4.2;1;PEUGEOT;8EAHWT/1S;508 / BREAK 2.0 / HDI AUT.;Francija;FRA;osebni avtomobil;226;karavan;508
133;1744;4.2;1;PEUGEOT;8DAHWT/S;508 / 2.0 / HDI AUT.;Francija;FRA;osebni avtomobil;230;limuzina;508
133;1500;4.2;1;PEUGEOT;LJAHWW-R2B000;308 / BREAK 2.0 / HDI AUT.;Francija;FRA;osebni avtomobil;218;vecnamensko vozilo;308
133;1781;4.2;1;VOLVO;BW7381;V70 / 2.0 / TD;ävedska;SWE;osebni avtomobil;220;karavan;V70 
133;1744;4.2;1;VOLVO;FW738D;V60 / 2.0 / TD AUT.;ävedska;SWE;osebni avtomobil;225;karavan;V60 
133;1570;4.2;1;VOLVO;FS73CD;S60 / 2.0 / TD AUT.;ävedska;SWE;osebni avtomobil;230;limuzina;S60 
133;1615;4.3;1;DS;KFAHWT/2S;DS5 / 2.0 / HDI AUT.;Francija;FRA;osebni avtomobil;220;vecnamensko vozilo;DS5 
133;1695;4.3;0;LEXUS;AVE30L-AEXEHW(1L);LEXUS IS300h / 2.5 / CVT;Japonska ;JPN;osebni avtomobil;200;limuzina;LEXUS IS300h 
133;1781;4.3;1;VOLVO;BW73C1;V70 / 2.0 / TD;ävedska;SWE;osebni avtomobil;220;karavan;V70 
133;1744;4.3;1;VOLVO;FW73CD;V60 / 2.0 / TD AUT.;ävedska;SWE;osebni avtomobil;225;karavan;V60 
133;1671;4.3;1;VOLVO;BBW73-BW73C1;V70 / 2.0 / TD;ävedska;SWE;osebni avtomobil;220;karavan;V70 
133;1730;4.4;1;CITROEN;RWAHWT/S;C5 III / TOURER 2.0 / Hdi AUT.;Francija;FRA;osebni avtomobil;219;karavan;C5 III 
133;1695;4.4;1;CITROEN;RDAHWT/S;C5 III / 2.0 / Hdi AUT.;Francija;FRA;osebni avtomobil;222;limuzina;C5 III 
133;1615;4.4;1;CITROEN;KFAHWT/2S;DS5 / 2.0 / HDI AUT.;Francija;FRA;osebni avtomobil;220;vecnamensko vozilo;DS5 
133;1615;4.4;1;DS;KFAHWT/S;DS5 / 2.0 / HDI AUT.;Francija;FRA;osebni avtomobil;220;vecnamensko vozilo;DS5 
133;1765;4.4;0;LEXUS;AVE30L-AEXLHW(2L);LEXUS IS300h / 2.5 / CVT;Japonska ;JPN;osebni avtomobil;200;limuzina;LEXUS IS300h 
133;1695;4.4;1;PEUGEOT;8EAHWT/1S;508 / BREAK 2.0 / HDI AUT.;Francija;FRA;osebni avtomobil;226;karavan;508
133;1695;4.4;1;PEUGEOT;8EAHWT/S;508 / BREAK 2.0 / HDI AUT.;Francija;FRA;osebni avtomobil;226;vozilo za posebne namene;508
133;1615;4.4;1;PEUGEOT;8DAHWT/S;508 / 2.0 / HDI AUT.;Francija;FRA;osebni avtomobil;230;limuzina;508
133;1740;4.4;1;VOLVO;BBZ73-BZ73C1;XC 70/ 2.0 / TD;ävedska;SWE;osebni avtomobil;210;karavan;XC 70
133;1615;4.5;1;CITROEN;KFAHWT/S;DS5 / 2.0 / HDI AUT.;Francija;FRA;osebni avtomobil;220;vecnamensko vozilo;DS5 
133;1695;4.5;1;PEUGEOT;8EAHWT/S;508 / BREAK 2.0 / HDI AUT.;Francija;FRA;osebni avtomobil;226;karavan;508
133;1854;4.5;1;VOLVO;BW738D;V70 / 2.0 / TD AUT.;ävedska;SWE;osebni avtomobil;220;karavan;V70 
133;1854;4.5;1;VOLVO;DZ73C1;XC60 / 2.0 / TD;ävedska;SWE;osebni avtomobil;210;karavan;XC60 
133;1854;4.5;1;VOLVO;BZ73C1;XC70 / 2.0 / TD;ävedska;SWE;osebni avtomobil;210;karavan;XC70 
133;1785;4.5;1;VOLVO;AS73CD;S80 / 2.0 / TD AUT.;ävedska;SWE;osebni avtomobil;225;limuzina;S80 
133;1680;4.5;1;VOLVO;BW73CD;V70 / 2.0 / TD AUT.;ävedska;SWE;osebni avtomobil;220;karavan;V70 
133;1765;4.6;0;LEXUS;XE2(a)/AVE30(E)/AVE30L-AEXLHW(3S);LEXUS IS300h / 2.5 / CVT;Japonska ;JPN;osebni avtomobil;200;limuzina;LEXUS IS300h 
133;1755;4.6;0;LEXUS;XE2(a)/AVE30(E)/AVE30L-AEXLHW(3P);LEXUS IS300h / 2.5 / CVT;Japonska ;JPN;osebni avtomobil;200;limuzina;LEXUS IS300h 
133;1695;4.6;0;LEXUS;XE2(a)/AVE30(E)/AVE30L-AEXLHW(3Q);LEXUS IS300h / 2.5 / CVT;Japonska ;JPN;osebni avtomobil;200;limuzina;LEXUS IS300h 
133;1790;4.6;1;PEUGEOT;8UAHWT/S;508 / BREAK 2.0 / HDI AUT.;Francija;FRA;osebni avtomobil;220;vecnamensko vozilo;508
133;1695;4.6;1;PEUGEOT;8EAHWT/S;508 / BREAK 2.0 / HDI AUT.;Francija;FRA;osebni avtomobil;226;karavan;508
133;1639;4.6;1;VOLVO;AAS73-AS73CD;S80 / 2.0 / TD AUT.;ävedska;SWE;osebni avtomobil;225;limuzina;S80 
133;1805;4.7;0;LEXUS;AWL10L-BEXEHW(1K);GS300H / 2.5 / CVT;Japonska ;JPN;osebni avtomobil;190;limuzina;GS300H 
133;1765;4.7;0;LEXUS;AVE30L-AEXLHW(3L);LEXUS IS300h / 2.5 / CVT;Japonska ;JPN;osebni avtomobil;200;limuzina;LEXUS IS300h 
133;1844;4.7;1;VOLVO;DZ73CD;XC60 / 2.0 / TD AUT.;ävedska;SWE;osebni avtomobil;210;karavan;XC60 
133;1695;4.7;1;VOLVO;BBW73-BW73CD;V70 / 2.0 / TD AUT.;ävedska;SWE;osebni avtomobil;220;karavan;V70 
133;1701;4.8;1;PEUGEOT;MJAHWW-S2B000;5008 / 2.0 / HDI AUT.;Francija;FRA;osebni avtomobil;211;vecnamensko vozilo;5008
133;1701;4.8;1;PEUGEOT;MJAHWW-S2B000;5008 / 2.0 / HDI AUT.;Francija;FRA;osebni avtomobil;208;vecnamensko vozilo;5008
133;1640;4.8;1;PEUGEOT;MJAHWW-C2B000;3008 / 2.0 / HDI AUT.;Francija;FRA;osebni avtomobil;211;vecnamensko vozilo;3008
133;1640;4.8;1;PEUGEOT;MJAHWW-C2B000;3008 / 2.0 / HDI AUT.;Francija;FRA;osebni avtomobil;207;vecnamensko vozilo;3008
133;1764;4.8;1;VOLVO;BBZ73-BZ73CD;XC 70/ 2.0 / TD AUT.;ävedska;SWE;osebni avtomobil;220;karavan;XC 70
133;1615;4.9;1;CITROEN;KFAHWT/S;DS5 / 2.0 / HDI AUT.;Francija;FRA;osebni avtomobil;220;vecnamensko vozilo;DS5 
133;1615;4.9;1;DS;KFAHWT/S;DS5 / 2.0 / HDI AUT.;Francija;FRA;osebni avtomobil;220;vecnamensko vozilo;DS5 
133;1827;4.9;0;LEXUS;HS19(a)/AWL10(E)/AWL10L-BEXQHW(3M);GS300h / 2.5 / CVT;Japonska ;JPN;osebni avtomobil;190;limuzina;GS300h 
133;1821;4.9;0;LEXUS;AWL10L-BEXQHW(3L);GS300h / 2.5 / CVT;Japonska ;JPN;osebni avtomobil;190;limuzina;GS300h 
133;1872;4.9;1;VOLVO;BZ73CD;XC70 / 2.0 / TD AUT.;ävedska;SWE;osebni avtomobil;210;karavan;XC70 
133;1797;5.2;1;VOLVO;BBZ81-BZ81C4;XC 70/ 2.4 / TD AWD;ävedska;SWE;osebni avtomobil;205;karavan;XC 70
133;1797;5.2;1;VOLVO;BBZ81-BZ81C4;XC 70 / 2.4 / TD AWD;ävedska;SWE;osebni avtomobil;205;karavan;XC 70 
133;1902;5.3;1;VOLVO;BZ81A4;XC70 / 2.4 / TD AWD;ävedska;SWE;osebni avtomobil;205;karavan;XC70 
133;1886;5.3;1;VOLVO;DZ81A4;XC60 / 2.4 / TD AWD;ävedska;SWE;osebni avtomobil;200;karavan;XC60 
133;1718;5.7;0;LEXUS;XE2(a)/AVE30(E)/AVE30L-AEXEHW(2W);LEXUS IS300H / 2.5 / e-CVT;Japonska ;JPN;osebni avtomobil;200;limuzina;LEXUS IS300H 
133;1794;5.8;1;VOLVO;BBZ81-BZ81C6;XC 70/ 2.4 / TD AUT. AWD;ävedska;SWE;osebni avtomobil;200;karavan;XC 70
133;1756;5.9;0;LEXUS;XE2(a)/AVE30(E)/AVE30L-AEXLHW(1U);LEXUS IS300H / 2.5 / e-CVT;Japonska ;JPN;osebni avtomobil;200;limuzina;LEXUS IS300H 
133;1872;6.2;1;VOLVO;BW8156;V70 / 2.4 / TD AWD. AUT.;ävedska;SWE;osebni avtomobil;210;karavan;V70 
133;1917;6.4;1;VOLVO;BZ8156;XC70 / 2.4 / TD AWD AUT.;ävedska;SWE;osebni avtomobil;200;karavan;XC70 
133;1904;6.4;1;VOLVO;DZ8156;XC60 / 2.4 / TD AWD AUT.;ävedska;SWE;osebni avtomobil;195;karavan;XC60 
133;1792;6.4;1;VOLVO;DZ8156;XC60/2.4/TD AWD AUT.;ävedska;SWE;osebni avtomobil;195;karavan;XC60
133;1537;6.6;0;PEUGEOT;F35GFT-C1F100;508 / 1.6 / AUT.;Francija;FRA;osebni avtomobil;225;vozilo z dviûnimi vrati zadaj;508
133;1505;6.8;0;PEUGEOT;M45GFR-S1B000;5008 / 1.6 / AUT.;Francija;FRA;osebni avtomobil;218;vecnamensko vozilo;5008
133;1591;7.1;0;PEUGEOT;F35GFR-C1B000;508 / 1.6 / AUT.;Francija;FRA;osebni avtomobil;230;vozilo z dviûnimi vrati zadaj;508
133;1480;7.3;0;OPEL;Z45GFR-C1K000;GRANDLAND X / 1.6 / TURBO AUT.;Nemcija;DEU;osebni avtomobil;220;vecnamensko vozilo;GRANDLAND X 
133;1532;7.3;0;PEUGEOT;M45GFR-C1K000;3008 / 1.6 / AUT.;Francija;FRA;osebni avtomobil;219;vecnamensko vozilo;3008
133;1543;7.4;0;CITROEN;A45GFR-C1B000;C5 AIRCROSS / 1.6 / AUT.;Francija;FRA;osebni avtomobil;216;vecnamensko vozilo;C5 AIRCROSS 
133;1595;7.4;0;DS;J45GFU-C1D100;DS7 / CROSSBACK 1.6 / AUT.;Francija;FRA;osebni avtomobil;220;karavan;DS7 
133;1623;7.4;0;PEUGEOT;M45GFR-S1U000;5008 / 1.6 / AUT.;Francija;FRA;osebni avtomobil;218;vecnamensko vozilo;5008
133;1552;7.5;0;CITROEN;A45GFR-C1F000;C5 AIRCROSS / 1.6 / AUT.;Francija;FRA;osebni avtomobil;216;vecnamensko vozilo;C5 AIRCROSS 
133;1623;7.6;0;CITROEN;3A5GFR/S;C4 SPACETOURER / 1.6 AUT.;Francija;FRA;osebni avtomobil;210;vecnamensko vozilo;C4 SPACETOURER 
133;1596;7.6;0;CITROEN;A45GFR-C1F000;C5 AIRCROSS / 1.6 / AUT.;Francija;FRA;osebni avtomobil;216;vecnamensko vozilo;C5 AIRCROSS 
133;1480;7.6;0;OPEL;Z45GFR-C1B000;GRANDLAND X / 1.6 / TURBO AUT.;Nemcija;DEU;osebni avtomobil;220;vecnamensko vozilo;GRANDLAND X 
133;1608;7.7;0;PEUGEOT;M45GFR-S1B000;5008 / 1.6 / AUT.;Francija;FRA;osebni avtomobil;218;vecnamensko vozilo;5008
133;1590;7.7;0;PEUGEOT;M45GFR-C1B000;3008 / 1.6 / AUT.;Francija;FRA;osebni avtomobil;219;vecnamensko vozilo;3008
133;1599;7.8;0;DS;J45GFR-C1B000;DS7 / CROSSBACK 1.6 / AUT.;Francija;FRA;osebni avtomobil;220;karavan;DS7 
133;1810;8.7;1;RENAULT;BJRS0C;VEL SATIS / 3.0 / V6 DCI 24V AUT.;Francija;FRA;osebni avtomobil;212;vozilo z dviûnimi vrati zadaj;VEL SATIS 
133;1970;9.4;1;RENAULT;JK0E-BC;ESPACE / 3.0 / V6 DCI AUT.;Francija;FRA;osebni avtomobil;210;vecnamensko vozilo;ESPACE 
133;1925;9.4;1;RENAULT;JK0EAC;ESPACE / 3.0 / V6 DCI AUT.;Francija;FRA;osebni avtomobil;210;vecnamensko vozilo;ESPACE 
133.8;1369;6.2;0;FORD;DEH-Y1DA1NX-5YNBZ6ACNBP;FOCUS 1.5 / EB 133.8 B6;Nemcija;DEU;osebni avtomobil;222;vozilo z dviûnimi vrati zadaj;FOCUS 1.5 
133.8;1445;6.5;0;FORD;DEH-Y1DA1PX-51CBF6AQLCY;FOCUS 1.5 / EB 133.8 A8 Active;Nemcija;DEU;osebni avtomobil;209;karavan;FOCUS 1.5 
133.8;1369;6.5;0;FORD;DEH-Y1DA1NX-5YNBM6ACNAP;FOCUS 1.5 / EB 133.8 B6;Nemcija;DEU;osebni avtomobil;213;vozilo z dviûnimi vrati zadaj;FOCUS 1.5 
134;1325;5.5;0;FORD;DYB-M9DG15X-5CDBBAMC;FOCUS / 1.5 / EB 134 B6 S;Nemcija;DEU;osebni avtomobil;222;vozilo z dviûnimi vrati zadaj;FOCUS 
134;1350;5.6;0;FORD;DYB-M9DG16X-5CDBBAMC;FOCUS / 1.5 / Ecoboost 134 M6 S;Nemcija;DEU;osebni avtomobil;222;karavan;FOCUS 
134;1413;5.6;0;HONDA;FC FK702-3;CIVIC / 1.5 /;Japonska ;JPN;osebni avtomobil;220;vozilo z dviûnimi vrati zadaj;CIVIC 
134;1350;5.7;0;HONDA;FC FC101-1;CIVIC / 1.5 /;Zdruûeno kraljestvo;GBR;osebni avtomobil;210;limuzina;CIVIC 
134;1418;5.8;0;HONDA;FC FK701-4;CIVIC / 1.5 /;Japonska ;JPN;osebni avtomobil;220;vozilo z dviûnimi vrati zadaj;CIVIC 
134;1413;5.8;0;HONDA;FC FK701-5;CIVIC / 1.5 /;Japonska ;JPN;osebni avtomobil;220;vozilo z dviûnimi vrati zadaj;CIVIC 
134;1406;5.8;0;HONDA;FC FC101-8;CIVIC / 1.5 / CVT;Japonska ;JPN;osebni avtomobil;200;limuzina;CIVIC 
134;1389;5.8;0;HONDA;FC FC101-7;CIVIC / 1.5 / CVT;Japonska ;JPN;osebni avtomobil;200;limuzina;CIVIC 
134;1379;5.8;0;HONDA;FC FC101-4;CIVIC / 1.5 /;Japonska ;JPN;osebni avtomobil;210;limuzina;CIVIC 
134;1361;5.8;0;HONDA;FC FC101-3;CIVIC / 1.5 /;Japonska ;JPN;osebni avtomobil;210;limuzina;CIVIC 
134;1350;5.8;0;HONDA;FK FC102-1;CIVIC / 1.5 / GRAND;Japonska ;JPN;osebni avtomobil;210;limuzina;CIVIC 
134;1163;5.9;0;FORD;JA8-JTJB1C-5FDFBX;FIESTA / 1.6 / ST;Nemcija;DEU;osebni avtomobil;223;vozilo z dviûnimi vrati zadaj;FIESTA 
134;1361;5.9;0;HONDA;FK FC102-1;CIVIC / 1.5 / GRAND;Japonska ;JPN;osebni avtomobil;210;limuzina;CIVIC 
134;1446;6.1;0;HONDA;FC FK701-12;CIVIC / 1.5 / CVT;Japonska ;JPN;osebni avtomobil;200;vozilo z dviûnimi vrati zadaj;CIVIC 
134;1413;6.1;0;HONDA;FK FK704-1;CIVIC / 1.5 /;Japonska ;JPN;osebni avtomobil;220;vozilo z dviûnimi vrati zadaj;CIVIC 
134;1379;6.1;0;HONDA;FK FK705-1;CIVIC / 1.5 /;Japonska ;JPN;osebni avtomobil;220;vozilo z dviûnimi vrati zadaj;CIVIC 
134;1333;6.2;0;FORD;DYBJTDA1K-5CDAMC;FOCUS / 1.6 / SCTi Ecoboost 134 M6;Nemcija;DEU;osebni avtomobil;222;vozilo z dviûnimi vrati zadaj;FOCUS 
134;1389;6.4;0;HONDA;FK FC102-3;CIVIC / 1.5 / CVT / GRAND;Japonska ;JPN;osebni avtomobil;200;limuzina;CIVIC 
134;1406;6.5;0;HONDA;FK FC102-4;CIVIC / 1.5 / CVT / GRAND;Japonska ;JPN;osebni avtomobil;200;limuzina;CIVIC 
134;1413;6.6;0;HONDA;FK FK705-2;CIVIC / 1.5 / CVT;Japonska ;JPN;osebni avtomobil;200;vozilo za posebne namene;CIVIC 
134;1413;6.6;0;HONDA;FK FK705-2;CIVIC / 1.5 / CVT;Japonska ;JPN;osebni avtomobil;200;vozilo z dviûnimi vrati zadaj;CIVIC 
134;1446;6.7;0;HONDA;FK FK704-2;CIVIC / 1.5 / CVT;Japonska ;JPN;osebni avtomobil;200;vozilo z dviûnimi vrati zadaj;CIVIC 
134;1413;6.7;0;HONDA;RU105-1;HR-V / 1.5 / TURBO;Japonska ;JPN;osebni avtomobil;215;vecnamensko vozilo;HR-V 
134;1496;6.9;0;FORD;DXAJTDA1H-7CGCNF;Grand C-MAX / 7 / 1.6 / SCTi Ecoboost 180 M6;Nemcija;DEU;osebni avtomobil;215;vecnamensko vozilo;Grand C-MAX 
134;1451;7.1;0;HONDA;RU103-2;HR-V / 1.5 / CVT / TURBO;Japonska ;JPN;osebni avtomobil;200;vecnamensko vozilo;HR-V 
134;1686;7.5;0;FORD;DM2-M9MD4AX-5CEBB1QF;KUGA / 1.5 / Ecoboost GTDI 134 A6 4x4;Nemcija;DEU;osebni avtomobil;200;vecnamensko vozilo;KUGA 
134;1682;7.7;0;FORD;DM2JTMA2A-5VBAQF;KUGA / 1.6 / SCTi Ecoboost 134 A6 4x4;Nemcija;DEU;osebni avtomobil;200;vecnamensko vozilo;KUGA 
135;1395;4.1;1;AUDI;LCUNAF1-FM6FB001R8V627MMEM1;A3 / 2.0 / TDI;Nemcija;DEU;osebni avtomobil;241;limuzina;A3 
135;1395;4.2;1;AUDI;SCUNAF1-FM6FB001R8V617MMEM1;A3 / 2.0 / TDI;Nemcija;DEU;osebni avtomobil;234;vozilo z dviûnimi vrati zadaj;A3 
135;1450;4.2;1;BMW;1C31-5A150000;120 / / d AUT.;Nemcija;DEU;osebni avtomobil;228;karavan;120
135;1435;4.2;1;BMW;1E31-5A105;120 / / D AUT.;Nemcija;DEU;osebni avtomobil;228;karavan;120
135;1370;4.2;1;SEAT;BCUPAX0-FM6SFM6FB0017MJML;LEON / 2.0 / TDI;äpanija;ESP;osebni avtomobil;228;karavan;LEON 
135;1350;4.2;1;SEAT;CCUPAX0-FM6SFM6FB0017MJML;LEON SC / 2.0 / TDI;äpanija;ESP;osebni avtomobil;228;karavan;LEON SC 
135;1395;4.2;1;VOLKSWAGEN;GAC4CUNAX0-FM6FM6FB001S7MMON1ML00VR2;GOLF / 2.0 / TDI;Nemcija;DEU;osebni avtomobil;230;karavan;GOLF 
135;1395;4.2;1;VOLKSWAGEN;GAC4CUNAX0-FM6FM6FB001S7MMON1ML71VR2;GOLF / 2.0 / TDI;Nemcija;DEU;osebni avtomobil;230;vozilo za posebne namene;GOLF 
135;1377;4.2;1;VOLKSWAGEN;GAC2CUNAX0-FM6FM6FB001S7MMON1ML71VR2;GOLF / 2.0 / TDI;Nemcija;DEU;osebni avtomobil;230;karavan;GOLF 
135;1390;4.3;1;AUDI;SCUNAF1-FM6FB001P8V077MMEM1;A3 / 2.0 / TDI;Nemcija;DEU;osebni avtomobil;234;vozilo z dviûnimi vrati zadaj;A3 
135;1430;4.3;1;BMW;1C31-5H150000;120 / / d;Nemcija;DEU;osebni avtomobil;228;karavan;120
135;1415;4.3;1;SEAT;FCUPAX0V-FM6SFM6FB0017MJMLO5;LEON ST / 2.0 / TDI;äpanija;ESP;osebni avtomobil;228;karavan;LEON ST 
135;1340;4.4;1;AUDI;CCUNAF1-FM6FB001R8J037MMEM2;TT / COUPE 2.0 / TDI;Nemcija;DEU;osebni avtomobil;241;kupe;TT 
135;1505;4.4;1;BMW;3D31-5A100;320 / / d AUT.;Nemcija;DEU;osebni avtomobil;230;limuzina;320
135;1465;4.4;1;BMW;1H11-6A240000;220 / COUPE / D AUT.;Nemcija;DEU;osebni avtomobil;230;kupe;220
135;1450;4.4;1;BMW;1C31-5A250000;120 / / d AUT.;Nemcija;DEU;osebni avtomobil;228;karavan;120
135;1440;4.4;1;BMW;1C31-A1;120 / / d AUT.;Nemcija;DEU;osebni avtomobil;228;karavan;120
135;1453;4.4;1;äKODA;AACUNAX0-RFM6FM6FB001V2ML647;OCTAVIA / 2.0 / TDI;Ceöka republika;CZE;osebni avtomobil;232;limuzina;OCTAVIA 
135;1445;4.4;1;äKODA;AACUNAX0-RFM6FM6FB001V2MLN647;OCTAVIA / 2.0 / TDI;Ceöka republika;CZE;osebni avtomobil;232;limuzina;OCTAVIA 
135;1475;4.4;1;VOLKSWAGEN;VACCUNAX0-FM6FM6FB001N7MMON1ML68VR2;GOLF / VARIANT 2.0 / TDI;Nemcija;DEU;osebni avtomobil;231;karavan;GOLF 
135;1395;4.4;1;VOLKSWAGEN;GAC4CUNAX0-FM6FM6FB001S7MMON1ML83VR2;GOLF / 2.0 / GTD;Nemcija;DEU;osebni avtomobil;230;karavan;GOLF 
135;1340;4.5;1;AUDI;CCUNAF1-FM6FB001P8J047MMEM1;TT / COUPE 2.0 / TDI;Madûarska;HUN;osebni avtomobil;241;kupe;TT 
135;1705;4.5;1;BMW;5C31-6A150000;520 / / d AUT.;Nemcija;DEU;osebni avtomobil;231;limuzina;520
135;1695;4.5;1;BMW;5C31-6H150000;520 / / d;Nemcija;DEU;osebni avtomobil;234;limuzina;520
135;1695;4.5;1;BMW;FW91-5H000;520 / / d;Nemcija;DEU;osebni avtomobil;231;limuzina;520
135;1505;4.5;1;BMW;3D31-5A200;320 / / d AUT.;Nemcija;DEU;osebni avtomobil;230;limuzina;320
135;1495;4.5;1;BMW;3D31-5H100;320 / / D;Nemcija;DEU;osebni avtomobil;235;limuzina;320
135;1440;4.5;1;BMW;1C31-5A200;120 / / d AUT.;Nemcija;DEU;osebni avtomobil;228;karavan;120
135;1430;4.5;1;BMW;1C31-5H250000;120 / / d;Nemcija;DEU;osebni avtomobil;228;karavan;120
135;1420;4.5;1;BMW;1C31-H1;120 / / d;Nemcija;DEU;osebni avtomobil;228;karavan;120
135;1415;4.5;1;SEAT;FCUNAX0V-FM6SFM6FB0017MMMLO571;LEON ST / 2.0 / TDI;äpanija;ESP;osebni avtomobil;228;karavan;LEON ST 
135;1370;4.5;1;SEAT;BCUNAX0V-FM6SFM6FB0017MMMLO571;LEON / 2.0 / TDI;äpanija;ESP;osebni avtomobil;228;karavan;LEON 
135;1475;4.5;1;äKODA;ACCUNAX0-RFM6FM6FB001V2ML647;OCTAVIA / COMBI 2.0 / TDI;Ceöka republika;CZE;osebni avtomobil;230;karavan;OCTAVIA 
135;1467;4.5;1;äKODA;ACCUNAX0-RFM6FM6FB001V2MLN647;OCTAVIA / COMBI 2.0 / TDI;Ceöka republika;CZE;osebni avtomobil;230;karavan;OCTAVIA 
135;1417;4.5;1;VOLKSWAGEN;GAC4DGCAX0-FM6FM6FB001S7MMON1ML82VR2N;GOLF / 2.0 / TDI;Nemcija;DEU;osebni avtomobil;231;karavan;GOLF 
135;1395;4.5;1;VOLKSWAGEN;GAC2CUNAX0-FD6FD6D9002S7MMON1ML00VR2;GOLF / 2.0 / TDI AUT.;Nemcija;DEU;osebni avtomobil;228;karavan;GOLF 
135;1600;4.6;1;BMW;4B51-6A150000;420 / d AUT.;Nemcija;DEU;osebni avtomobil;231;limuzina;420
135;1595;4.6;1;BMW;3D51-5A150000;320 / / d xDrive AUT.;Nemcija;DEU;osebni avtomobil;228;limuzina;320
135;1575;4.6;1;BMW;3K31-5A100;320 / TOURING / d AUT.;Nemcija;DEU;osebni avtomobil;226;karavan;320
135;1545;4.6;1;BMW;3P11-6A140000;420 / COUPE / d AUT.;Nemcija;DEU;osebni avtomobil;232;kupe;420
135;1505;4.6;1;BMW;3D31-6A350000;320 / / d AUT.;Nemcija;DEU;osebni avtomobil;230;limuzina;320
135;1495;4.6;1;BMW;3D31-5H200;320 / / d;Nemcija;DEU;osebni avtomobil;235;limuzina;320
135;1420;4.6;1;BMW;1C31-H2;120 / / d;Nemcija;DEU;osebni avtomobil;228;karavan;120
135;1415;4.6;1;SEAT;FCUNAX0V-FM6SFM6FB0017MMMLO571;LEON ST / 2.0 / TDI;äpanija;ESP;osebni avtomobil;228;karavan;LEON ST 
135;1390;4.6;1;SEAT;BCUNAX0V-FD6SFD6D90027MMMLO571;LEON / 2.0 / TDI AUT.;äpanija;ESP;osebni avtomobil;226;karavan;LEON 
135;1370;4.6;1;SEAT;CCUNAX0V-FD6SFD6D90027MMMLM571;LEON SC / 2.0 / TDI AUT.;äpanija;ESP;osebni avtomobil;226;karavan;LEON SC 
135;1487;4.6;1;äKODA;ACCUPAX0-NFM6FM6FB001V2ML7;OCTAVIA / COMBI 2.0 / TDI;Ceöka republika;CZE;osebni avtomobil;230;karavan;OCTAVIA 
135;1460;4.6;1;äKODA;AACUPAX0-NFM6FM6FB001V2ML7;OCTAVIA / 2.0 / TDI;Ceöka republika;CZE;osebni avtomobil;232;limuzina;OCTAVIA 
135;1438;4.6;1;VOLKSWAGEN;GAC4DGCAX0-FD7FD7GC002S7MMON1ML82VR2;GOLF / 2.0 / TDI AUT.;Nemcija;DEU;osebni avtomobil;230;karavan;GOLF 
135;1429;4.6;1;VOLKSWAGEN;GAC4CUNAX0-FD6FD6D9002S7MMMN1ML71VR2;GOLF / 2.0 / TDI AUT.;Nemcija;DEU;osebni avtomobil;228;karavan;GOLF 
135;1495;4.7;1;AUDI;SCUNAQ1-QD6D9003R8V617MMEM1;A3 / 2.0 / TDI Q AUT.;Nemcija;DEU;osebni avtomobil;230;vozilo z dviûnimi vrati zadaj;A3 
135;1465;4.7;1;AUDI;ACUNAQ1-QD6D9003R8V617MMEM1;A3 / 2.0 / TDI Q AUT.;Nemcija;DEU;osebni avtomobil;230;karavan;A3 
135;1340;4.7;1;AUDI;CCUNAF1-FM6FM6FB001P8J047MMEM1;TT / COUPE 2.0 / TDI;Madûarska;HUN;osebni avtomobil;241;kupe;TT 
135;1705;4.7;1;BMW;5C31-6A250000;520 / / d AUT.;Nemcija;DEU;osebni avtomobil;231;limuzina;520
135;1700;4.7;1;BMW;FW11-5A100;520 / / d AUT.;Nemcija;DEU;osebni avtomobil;225;limuzina;520
135;1615;4.7;1;BMW;3P31-6A140000;420 / COUPE / d xDrive AUT.;Nemcija;DEU;osebni avtomobil;229;kupe;420
135;1600;4.7;1;BMW;4B51-6A250000;420/ d AUT.;Nemcija;DEU;osebni avtomobil;231;limuzina;420
135;1595;4.7;1;BMW;3D51-5A100;320 / / d xDrive AUT.;Nemcija;DEU;osebni avtomobil;228;limuzina;320
135;1585;4.7;1;BMW;3D51-5H150000;320 / / d xDrive;Nemcija;DEU;osebni avtomobil;233;limuzina;320
135;1585;4.7;1;BMW;3K31-5A150000;320 / TOURING / d AUT.;Nemcija;DEU;osebni avtomobil;226;karavan;320
135;1575;4.7;1;BMW;3K31-5A200;320 / TOURING / d AUT.;Nemcija;DEU;osebni avtomobil;226;karavan;320
135;1570;4.7;1;BMW;3K31-5H150000;320 / TOURING / d;Nemcija;DEU;osebni avtomobil;230;karavan;320
135;1565;4.7;1;BMW;3K31-5H100;320 / TOURING / d;Nemcija;DEU;osebni avtomobil;230;karavan;320
135;1540;4.7;1;BMW;3P11-6A240000;420 / COUPE / d AUT.;Nemcija;DEU;osebni avtomobil;232;kupe;420
135;1525;4.7;1;BMW;3P11-6H140000;420 / COUPE / D;Nemcija;DEU;osebni avtomobil;240;kupe;420
135;1505;4.7;1;BMW;1B51-5H150000;120 / / d xDrive;Nemcija;DEU;osebni avtomobil;225;karavan;120
135;1495;4.7;1;BMW;KK31-5A;320 / / d;Nemcija;DEU;osebni avtomobil;237;kupe;320
135;1495;4.7;1;BMW;PP11-5A;320 / / d;Nemcija;DEU;osebni avtomobil;235;limuzina;320
135;1473;4.7;1;äKODA;AACUNAX0-RFD6FD6D9002V2ML647;OCTAVIA / 2.0 / TDI AUT.;Ceöka republika;CZE;osebni avtomobil;230;limuzina;OCTAVIA 
135;1465;4.7;1;äKODA;AACUNAX0-RFD6FD6D9002V2MLN647;OCTAVIA / 2.0 / TDI AUT.;Ceöka republika;CZE;osebni avtomobil;230;limuzina;OCTAVIA 
135;1466;4.7;1;VOLKSWAGEN;VACDGCAX0-FM6FM6FB001N7MMON1ML68VR2;GOLF / VARIANT 2.0 / TDI;Nemcija;DEU;osebni avtomobil;231;karavan;GOLF 
135;1438;4.7;1;VOLKSWAGEN;GAC4DGCAX0-FD7FD7GC002S7MMON1ML83VR2N;GOLF / 2.0 / TDI AUT.;Nemcija;DEU;osebni avtomobil;230;karavan;GOLF 
135;1429;4.7;1;VOLKSWAGEN;GAC4CUNAX0-FD6FD6D9002S7MMON1ML00VR2;GOLF / 2.0 / TDI AUT.;Nemcija;DEU;osebni avtomobil;228;karavan;GOLF 
135;1417;4.7;1;VOLKSWAGEN;GAC4DGCAX0-FM6FM6FB001S7MMON1ML83VR2N;GOLF / 2.0 / TDI;Nemcija;DEU;osebni avtomobil;231;karavan;GOLF 
135;1500;4.8;1;AUDI;SCUNAQ1-QD6QD6D9003P8V327MMEM1K1;A3 / 2.0 / TDI Q AUT.;Nemcija;DEU;osebni avtomobil;230;vozilo z dviûnimi vrati zadaj;A3 
135;1495;4.8;1;AUDI;SCUNAQ1-QD6D9003P8V067MMEM1;A3 / 2.0 / TDI Q AUT.;Nemcija;DEU;osebni avtomobil;230;vozilo z dviûnimi vrati zadaj;A3 
135;1470;4.8;1;AUDI;ACUNAQ1-QD6D9010R8V617MMEM1;A3 / 2.0 / TDI Q AUT.;Nemcija;DEU;osebni avtomobil;230;karavan;A3 
135;1765;4.8;1;BMW;3U11-6A140000;420 / CABRIO / D AUT.;Nemcija;DEU;osebni avtomobil;228;kabriolet;420
135;1700;4.8;1;BMW;FW11-5A200;520 / / d AUT.;Nemcija;DEU;osebni avtomobil;225;limuzina;520
135;1695;4.8;1;BMW;FW11-5H100;520 / / d;Nemcija;DEU;osebni avtomobil;227;limuzina;520
135;1675;4.8;1;BMW;4B71-6A150000;420 / D XDRIVE AUT.;Nemcija;DEU;osebni avtomobil;229;limuzina;420
135;1595;4.8;1;BMW;3D51-5A200;320 / / d xDrive AUT.;Nemcija;DEU;osebni avtomobil;228;limuzina;320
135;1585;4.8;1;BMW;3D51-5H100;320 / / d xDrive;Nemcija;DEU;osebni avtomobil;233;limuzina;320
135;1585;4.8;1;BMW;3K31-6A350000;320 / TOURING / D AUT.;Nemcija;DEU;osebni avtomobil;226;karavan;320
135;1580;4.8;1;BMW;UY11-5A;320 / TOURING / d;Nemcija;DEU;osebni avtomobil;233;karavan;320
135;1580;4.8;1;BMW;UY11-5A;320 / TOURING / d;Nemcija;DEU;osebni avtomobil;231;karavan;320
135;1570;4.8;1;BMW;3K31-5H250000;320 / TOURING / d;Nemcija;DEU;osebni avtomobil;230;karavan;320
135;1565;4.8;1;BMW;3K31-5H200;320 / TOURING / d;Nemcija;DEU;osebni avtomobil;230;karavan;320
135;1525;4.8;1;BMW;3P11-6H240000;420 / COUPE / d;Nemcija;DEU;osebni avtomobil;240;kupe;420
135;1505;4.8;1;BMW;1B51-5H250000;120 / / d xDrive;Nemcija;DEU;osebni avtomobil;225;karavan;120
135;1500;4.8;1;BMW;1B51-5H200;120 / / d xDrive;Nemcija;DEU;osebni avtomobil;225;karavan;120
135;1675;4.8;1;MAZDA;6926BW01;MAZDA 6 / KARAVAN / CD184;Japonska ;JPN;osebni avtomobil;225;karavan;MAZDA 6 
135;1435;4.8;1;SEAT;FCUNAX0V-FD6SFD6D90027MMMLM571;LEON ST / 2.0 / TDI AUT.;äpanija;ESP;osebni avtomobil;226;karavan;LEON ST 
135;1435;4.8;1;SEAT;FCUNAX0V-FD6SFD6D90027MMMLO571;LEON ST / 2.0 / TDI AUT.;äpanija;ESP;osebni avtomobil;226;vozilo za posebne namene;LEON ST 
135;1495;4.8;1;äKODA;ACCUNAX0-RFD6FD6D9002V2ML647;OCTAVIA / COMBI 2.0 / TDI AUT.;Ceöka republika;CZE;osebni avtomobil;228;karavan;OCTAVIA 
135;1487;4.8;1;äKODA;ACCUNAX0-RFD6FD6D9002V2MLN647;OCTAVIA / COMBI 2.0 / TDI AUT.;Ceöka republika;CZE;osebni avtomobil;228;karavan;OCTAVIA 
135;1495;4.8;1;VOLKSWAGEN;VACCUNAX0-FD6FD6D9002N7MMON1ML68VR2;GOLF / VARIANT 2.0 / TDI AUT.;Nemcija;DEU;osebni avtomobil;229;karavan;GOLF 
135;1492;4.8;1;VOLKSWAGEN;VACDGCAX0-FD7FD7GC002N7MMON1ML68VR2;GOLF / VARIANT 2.0 / TDI AUT.;Nemcija;DEU;osebni avtomobil;230;karavan;GOLF 
135;1429;4.8;1;VOLKSWAGEN;GAC4CUNAX0-FD6FD6D9002S7MMMN1ML83VR2;GOLF / 2.0 / TDI AUT.;Nemcija;DEU;osebni avtomobil;228;karavan;GOLF 
135;1418;4.8;1;VOLKSWAGEN;ADCUWA-FD6FD62E0327MMVR2N1LL62;SCIROCCO / 2.0 / TDI AUT.;Nemcija;DEU;osebni avtomobil;228;kupe;SCIROCCO 
135;1505;4.9;1;AUDI;LCUNAQ1-QD6D9003P8V147MMEM1;A3 / 2.0 / TDI Q AUT.;Nemcija;DEU;osebni avtomobil;237;limuzina;A3 
135;1500;4.9;1;AUDI;SCUNAQ1-QD6D9010R8V617MMEM1;A3 / 2.0 / TDI Q AUT.;Nemcija;DEU;osebni avtomobil;230;vozilo z dviûnimi vrati zadaj;A3 
135;1495;4.9;1;AUDI;SCUNAQ1-QD6D9003R8V617MMEM1;A3 / 2.0 / TDI Q AUT.;Nemcija;DEU;osebni avtomobil;230;vozilo z dviûnimi vrati zadaj;A3 
135;1810;4.9;1;BMW;5J31-6A150000;520 / TOURING / d AUT.;Nemcija;DEU;osebni avtomobil;224;karavan;520
135;1810;4.9;1;BMW;5J31-6A150000;520 / TOURING / d AUT.;Nemcija;DEU;osebni avtomobil;214;karavan;520
135;1805;4.9;1;BMW;5B91-6A150000;520 / / d xDrive AUT.;Nemcija;DEU;osebni avtomobil;228;limuzina;520
135;1800;4.9;1;BMW;5J31-6H150000;520 / TOURING / d;Nemcija;DEU;osebni avtomobil;227;karavan;520
135;1790;4.9;1;BMW;MX11-5A100;520 / TOURING / d AUT.;Nemcija;DEU;osebni avtomobil;220;karavan;520
135;1790;4.9;1;BMW;MX11-5A100;520 / TOURING / d AUT.;Nemcija;DEU;osebni avtomobil;220;vozilo za posebne namene;520
135;1785;4.9;1;BMW;MX11-5H100;520 / TOURING / D;Nemcija;DEU;osebni avtomobil;222;karavan;520
135;1705;4.9;1;BMW;5C31-6A350000;520 / / d AUT.;Nemcija;DEU;osebni avtomobil;231;limuzina;520
135;1700;4.9;1;BMW;FW11-5A300;520 / / d AUT.;Nemcija;DEU;osebni avtomobil;225;limuzina;520
135;1695;4.9;1;BMW;FW11-5A;520 / / d;Nemcija;DEU;osebni avtomobil;227;limuzina;520
135;1660;4.9;1;BMW;4B71-6H150000;420 / D XDRIVE;Nemcija;DEU;osebni avtomobil;234;limuzina;420
135;1660;4.9;1;BMW;3K51-5A150000;320 / TOURING / d xDrive AUT.;Nemcija;DEU;osebni avtomobil;222;karavan;320
135;1650;4.9;1;BMW;3K51-5H150000;320 / TOURING / d xDrive;Nemcija;DEU;osebni avtomobil;228;karavan;320
135;1650;4.9;1;BMW;3Y31-6A100;320 / GT / d AUT.;Nemcija;DEU;osebni avtomobil;226;limuzina;320
135;1640;4.9;1;BMW;3Y31-6H150000;320 / GT / d;Nemcija;DEU;osebni avtomobil;230;limuzina;320
135;1615;4.9;1;BMW;3P31-6A240000;420 / COUPE / d xDrive AUT.;Nemcija;DEU;osebni avtomobil;229;kupe;420
135;1585;4.9;1;BMW;3D51-5H200;320 / / d xDrive;Nemcija;DEU;osebni avtomobil;233;limuzina;320
135;1565;4.9;1;BMW;VN91-5H000;X1 / sDrive 20 / d;Nemcija;DEU;osebni avtomobil;205;karavan;X1 
135;1632;4.9;1;SEAT;XCUNAX1V-AD6SAD6D90037MMMLM573;LEON X-PERIENCE / 2.0 / TDI 4WD AUT.;äpanija;ESP;osebni avtomobil;224;karavan;LEON X-PERIENCE 
135;1529;4.9;1;SEAT;XCUNAX1-AD6SAD6D90037MMMLO;LEON X-PERIENCE / 2.0 / TDI AUT.4WD;äpanija;ESP;osebni avtomobil;224;karavan;LEON X-PERIENCE 
135;1487;4.9;1;äKODA;ACCUNAX0-RFD6FD6D9002V2MLN647;OCTAVIA / COMBI 2.0 / TDI AUT.;Ceöka republika;CZE;osebni avtomobil;228;karavan;OCTAVIA 
135;1485;4.9;1;äKODA;ACCUNAX1-NAD6AD6D9003STMLN677;OCTAVIA / COMBI 2.0 / TDI 4x4 AUT.;Ceöka republika;CZE;osebni avtomobil;226;karavan;OCTAVIA 
135;1465;4.9;1;äKODA;AACUNAX0-RFD6FD6D9002V2MLN647;OCTAVIA / 2.0 / TDI AUT.;Ceöka republika;CZE;osebni avtomobil;230;limuzina;OCTAVIA 
135;1584;4.9;1;VOLKSWAGEN;VACCUNAX1-AD6AD6D9003C7MMON1ML69VR2;GOLF / VARIANT 2.0 / TDI 4M AUT.;Nemcija;DEU;osebni avtomobil;219;karavan;GOLF 
135;1438;4.9;1;VOLKSWAGEN;GAC4DGCAX0-FD7FD7GC002S7MMMN1ML83VR2;GOLF / 2.0 / TDI AUT.;Nemcija;DEU;osebni avtomobil;230;karavan;GOLF 
135;1810;5.1;1;BMW;5J31-6A250000;520 / TOURING / D AUT.;Nemcija;DEU;osebni avtomobil;224;karavan;520
135;1805;5.1;1;BMW;5B91-6A250000;520 / / d xDrive AUT.;Nemcija;DEU;osebni avtomobil;228;limuzina;520
135;1800;5.1;1;BMW;5J31-6H250000;520 / TOURING / d;Nemcija;DEU;osebni avtomobil;227;karavan;520
135;1790;5.1;1;BMW;MX11-5A200;520 / TOURING / d AUT.;Nemcija;DEU;osebni avtomobil;220;karavan;520
135;1785;5.1;1;BMW;MX11-5A;520 / TOURING / d;Nemcija;DEU;osebni avtomobil;222;karavan;520
135;1730;5.1;1;BMW;DY31-5A;320 / CABRIO / d;Nemcija;DEU;osebni avtomobil;228;kabriolet;320
135;1725;5.1;1;BMW;3Y51-6A150000;320 / GT / d xDrive AUT.;Nemcija;DEU;osebni avtomobil;225;limuzina;320
135;1715;5.1;1;BMW;3Y51-6H150000;320 / GT / d xDrive;Nemcija;DEU;osebni avtomobil;230;limuzina;320
135;1660;5.1;1;BMW;3K51-5A250000;320 / TOURING / d xDrive AUT.;Nemcija;DEU;osebni avtomobil;222;karavan;320
135;1650;5.1;1;BMW;3K51-5H250000;320 / TOURING / d xDrive;Nemcija;DEU;osebni avtomobil;228;karavan;320
135;1700;5.1;1;MAZDA;6928BW01;MAZDA 6 / KARAVAN / CD184 / AT;Japonska ;JPN;osebni avtomobil;219;karavan;MAZDA 6 
135;1690;5.1;1;MAZDA;6928BW00;MAZDA 6 / KARAVAN / CD184 / AT;Japonska ;JPN;osebni avtomobil;219;karavan;MAZDA 6 
135;1670;5.1;1;MAZDA;6228BW00;MAZDA 6 / CD184 / AT;Japonska ;JPN;osebni avtomobil;220;limuzina;MAZDA 6 
135;1572;5.1;1;äKODA;ACCUNAX1-RAD6AD6D9003V2MLN647;OCTAVIA / COMBI 2.0 / TDI 4x4 AUT.;Ceöka republika;CZE;osebni avtomobil;224;karavan;OCTAVIA 
135;1559;5.1;1;äKODA;ACCUNAX1-SAD6AD6D9003SCML7;OCTAVIA / COMBI 2.0 / TDI 4X4 AUT.;Ceöka republika;CZE;osebni avtomobil;219;karavan;OCTAVIA 
135;1700;5.2;1;AUDI;XDFUAQ1-QD7BH003P8U057MMEM1;Q3 / 2.0 / TDI Q AUT.;Nemcija;DEU;osebni avtomobil;219;karavan;Q3 
135;1915;5.2;1;BMW;5J51-6A150000;520 / TOURING / d xDrive AUT.;Nemcija;DEU;osebni avtomobil;218;karavan;520
135;1790;5.2;1;BMW;MX11-5A300;520 / TOURING / d AUT.;Nemcija;DEU;osebni avtomobil;220;karavan;520
135;1700;5.2;1;BMW;FW11-5B;520 / / d AUT.;Nemcija;DEU;osebni avtomobil;225;limuzina;520
135;1600;5.2;1;BMW;PP31-5A;320 / / d xDrive;Nemcija;DEU;osebni avtomobil;230;limuzina;320
135;1590;5.2;1;BMW;KH31-5A;320 / / d xDrive;Nemcija;DEU;osebni avtomobil;232;kupe;320
135;1576;5.2;1;VOLKSWAGEN;VACDGCAX1-AD7AD7GC002C7MMON1ML69VR2;GOLF / ALLTRACK 2.0 / TDI 4M AUT.;Nemcija;DEU;osebni avtomobil;219;karavan;GOLF 
135;1700;5.3;1;AUDI;XCUWAQ1-QD7BH003P8U057MMEM1;Q3 / 2.0 / TDI Q AUT.;Nemcija;DEU;osebni avtomobil;219;karavan;Q3 
135;1955;5.3;1;BMW;5N21-5A050000;520 / GT / d AUT.;Nemcija;DEU;osebni avtomobil;215;limuzina;520
135;1950;5.3;1;BMW;XC01-5A000;520 / GT / d AUT.;Nemcija;DEU;osebni avtomobil;213;limuzina;520
135;1810;5.3;1;BMW;5J31-6A350000;520 / TOURING / d AUT.;Nemcija;DEU;osebni avtomobil;224;karavan;520
135;1805;5.3;1;BMW;5B91-6A350000;520 / / d xDrive AUT.;Nemcija;DEU;osebni avtomobil;228;limuzina;520
135;1790;5.3;1;BMW;MX11-5B;520 / TOURING / D AUT.;Nemcija;DEU;osebni avtomobil;220;karavan;520
135;1665;5.3;1;BMW;UY31-5A;320 / TOURING / d xDrive;Nemcija;DEU;osebni avtomobil;228;karavan;320
135;1525;5.3;0;BMW;8A11-6A150000;320 / / i AUT.;Nemcija;DEU;osebni avtomobil;235;limuzina;320
135;1505;5.3;1;BMW;KK31-5B;320 / / d AUT.;Nemcija;DEU;osebni avtomobil;235;kupe;320
135;1505;5.3;1;BMW;PP11-5B;320 / / d AUT.;Nemcija;DEU;osebni avtomobil;233;limuzina;320
135;1465;5.3;0;MERCEDES BENZ;R034P0-NZAA1521;C / 200 / AUT.;Nemcija;DEU;osebni avtomobil;235;limuzina;C 
135;1450;5.3;0;MERCEDES BENZ;R034P0-BZAA1521;C / 200 /;Nemcija;DEU;osebni avtomobil;237;limuzina;C 
135;1845;5.3;1;SEAT;DFMAX0AF-FD6FD62E0327MMN7VR2SE64;ALHAMBRA / 2.0 / TDI AUT.;äpanija;ESP;osebni avtomobil;213;vecnamensko vozilo;ALHAMBRA 
135;1841;5.3;1;SEAT;DFMAX0AF-FM6FM6A60037MMN7VR2SE63;ALHAMBRA / 2.0 / TDI;äpanija;ESP;osebni avtomobil;215;vecnamensko vozilo;ALHAMBRA 
135;1804;5.3;1;SEAT;DFMAX0AC-FD6FD62E0327MMN5VR2SE64;ALHAMBRA / 2.0 / TDI AUT.;äpanija;ESP;osebni avtomobil;213;karavan;ALHAMBRA 
135;1845;5.3;1;VOLKSWAGEN;DFMAX0AF-FD6FD62E0327MMN7VR2VW64;SHARAN / 2.0 / TDI AUT.;Nemcija;DEU;osebni avtomobil;213;vecnamensko vozilo;SHARAN 
135;1841;5.3;1;VOLKSWAGEN;DFMAX0AF-FM6FM6A60037MMN7VR2VW63;SHARAN / 2.0 / TDI;Nemcija;DEU;osebni avtomobil;215;vecnamensko vozilo;SHARAN 
135;1804;5.3;1;VOLKSWAGEN;DFMAX0AC-FD6FD62E0327MMN5VR2VW64;SHARAN / 2.0 / TDI AUT.;Nemcija;DEU;osebni avtomobil;213;karavan;SHARAN 
135;1800;5.3;1;VOLKSWAGEN;DFMAX0AC-FM6FM6A60037MMN5VR2VW64;SHARAN / 2.0 / TDI;Nemcija;DEU;osebni avtomobil;215;karavan;SHARAN 
135;1700;5.4;1;AUDI;XCUWAQ1-QD7BH003P8U067MMEM1;Q3 / 2.0 / TDI Q AUT.;Nemcija;DEU;osebni avtomobil;219;karavan;Q3 
135;1915;5.4;1;BMW;5J51-6A250000;520 / TOURING / d xDrive AUT.;Nemcija;DEU;osebni avtomobil;218;karavan;520
135;1660;5.4;1;BMW;VP91-5A0V0;X1 / xDrive 20 / d AUT.;Nemcija;DEU;osebni avtomobil;213;karavan;X1 
135;1660;5.4;1;BMW;VP91-5A000;X1 / xDrive 20 / d AUT.;Nemcija;DEU;osebni avtomobil;205;karavan;X1 
135;1595;5.4;1;BMW;UY11-5B;320 / TOURING / d AUT.;Nemcija;DEU;osebni avtomobil;231;karavan;320
135;1595;5.4;1;BMW;UY11-5B;320 / TOURING / d AUT.;Nemcija;DEU;osebni avtomobil;224;karavan;320
135;1535;5.4;0;BMW;5F31-DAW500B0;320 / / i AUT.;Nemcija;DEU;osebni avtomobil;235;limuzina;320
135;1529;5.4;1;SEAT;XCUNAX1V-AD6SAD6D90037MMMLM573;LEON X-PERIENCE / 2.0 / TDI 4WD AUT.;äpanija;ESP;osebni avtomobil;224;karavan;LEON X-PERIENCE 
135;1845;5.4;1;VOLKSWAGEN;DFMAX0AF-FD6FD62E0327MMN7VR2VW64;SHARAN / 2.0 / TDI AUT.;Nemcija;DEU;osebni avtomobil;213;vecnamensko vozilo;SHARAN 
135;1804;5.4;1;VOLKSWAGEN;DFMAX0AC-FD6FD62E0327MMN5VR2VW64;SHARAN / 2.0 / TDI AUT.;Nemcija;DEU;osebni avtomobil;213;karavan;SHARAN 
135;1700;5.5;1;AUDI;XDFUAQ1-QD7QD7BH003P8U077MMEM1K1;Q3 / 2.0 / TDI Q AUT.;Nemcija;DEU;osebni avtomobil;219;karavan;Q3 
135;1990;5.5;1;BMW;5N21-6A050000;520 / GT / d AUT.;Nemcija;DEU;osebni avtomobil;215;limuzina;520
135;1650;5.5;1;BMW;VP91-5H0V0;X1 / xDrive 20 / d;Nemcija;DEU;osebni avtomobil;215;karavan;X1 
135;1650;5.5;1;BMW;VP91-5H000;X1 / xDrive 20 / d;Nemcija;DEU;osebni avtomobil;205;karavan;X1 
135;1615;5.5;0;BMW;4H31-6A150000;420 / / i AUT.;Nemcija;DEU;osebni avtomobil;236;limuzina;420
135;1455;5.5;0;BMW;1S11-6A150000;120 / / i AUT.;Nemcija;DEU;osebni avtomobil;225;karavan;120
135;1763;5.5;1;MAZDA;GW2AEW0;CX-5 / CD184 / AWD AT;Japonska ;JPN;osebni avtomobil;208;karavan;CX-5 
135;1495;5.5;0;MERCEDES BENZ;R234P0-BZAA1521;C / 200 T /;Nemcija;DEU;osebni avtomobil;235;karavan;C 
135;1680;5.6;1;AUDI;XDFUAQ1-QM6A6011P8U077MMEM1;Q3 / 2.0 / TDI Q;Nemcija;DEU;osebni avtomobil;219;karavan;Q3 
135;1990;5.6;1;BMW;5N21-6A250000;520 / GT / d AUT.;Nemcija;DEU;osebni avtomobil;215;limuzina;520
135;1915;5.6;1;BMW;5J51-6A350000;520 / TOURING / d xDrive AUT.;Nemcija;DEU;osebni avtomobil;218;karavan;520
135;1800;5.6;1;BMW;WY31-5A000;X3 / xDrive 20 / d AUT.;Nemcija;DEU;osebni avtomobil;210;karavan;X3 
135;1790;5.6;1;BMW;WY31-5H000;X3 / xDrive 20 / d;Nemcija;DEU;osebni avtomobil;210;karavan;X3 
135;1745;5.6;1;BMW;DY31-5B;320 / CABRIO / d AUT.;Nemcija;DEU;osebni avtomobil;226;kabriolet;320
135;1465;5.6;0;MERCEDES BENZ;R034P0-CZAA1521;C / 200 / AUT.;Nemcija;DEU;osebni avtomobil;237;limuzina;C 
135;1478;5.6;1;äKODA;AADJGAX0-RFD7FD7GC0027CPV2MLN1E7A;OCTAVIA / 2.0 / TDI AUT.;Ceöka republika;CZE;osebni avtomobil;233;limuzina;OCTAVIA 
135;1990;5.7;1;BMW;5N21-6A350000;520 / GT / d AUT.;Nemcija;DEU;osebni avtomobil;215;limuzina;520
135;1660;5.7;1;BMW;VP91-5A000;X1 / xDrive 20 / d AUT.;Nemcija;DEU;osebni avtomobil;205;karavan;X1 
135;1615;5.7;1;BMW;PP31-5B;320 / / d xDrive AUT.;Nemcija;DEU;osebni avtomobil;228;limuzina;320
135;1605;5.7;1;BMW;KH31-5B;320 / / d xDrive AUT.;Nemcija;DEU;osebni avtomobil;230;kupe;320
135;1525;5.7;0;MERCEDES BENZ;R334P0-NZAA1412;C / 200 / AUT.;Nemcija;DEU;osebni avtomobil;235;kupe;C 
135;1505;5.7;1;äKODA;ACDJGAX0-RFD7FD7GC0027CPV2MLN1C7A;OCTAVIA / COMBI 2.0 / TDI AUT.;Ceöka republika;CZE;osebni avtomobil;226;karavan;OCTAVIA 
135;1500;5.7;1;äKODA;ACDJGAX0-RFD7FD7GC0027CPV2MLN1E7A;OCTAVIA / COMBI 2.0 / TDI AUT.;Ceöka republika;CZE;osebni avtomobil;226;karavan;OCTAVIA 
135;1923;5.7;1;VOLKSWAGEN;DFMAX1AC-AD7AD7BH0037MMN5VR2VW63;SHARAN / 2.0 / TDI 4M AUT.;Nemcija;DEU;osebni avtomobil;211;karavan;SHARAN 
135;1727;5.7;1;VOLKSWAGEN;ACCUWAX1-AD7AD7BH003NDVIVR27MM63;TIGUAN / 2.0 / TDI 4M AUT.;Nemcija;DEU;osebni avtomobil;204;karavan;TIGUAN 
135;1680;5.8;1;BMW;UY31-5B;320 / TOURING / D XDRIVE AUT.;Nemcija;DEU;osebni avtomobil;226;vozilo za posebne namene;320
135;1680;5.8;1;BMW;UY31-5B;320 / TOURING / d xDrive AUT.;Nemcija;DEU;osebni avtomobil;226;karavan;320
135;1680;5.8;1;BMW;UY31-5B;320 / TOURING / D XDRIVE AUT.;Nemcija;DEU;osebni avtomobil;221;karavan;320
135;1615;5.8;0;BMW;4H31-6A250000;420 / i AUT.;Nemcija;DEU;osebni avtomobil;236;limuzina;420
135;1615;5.8;0;BMW;5P31-DAW500K0;320 / / i xDrive AUT.;Nemcija;DEU;osebni avtomobil;230;limuzina;320
135;1570;5.8;0;BMW;4S31-6A240000;420 / COUPE / i AUT.;Nemcija;DEU;osebni avtomobil;236;kupe;420
135;1525;5.8;0;BMW;8A11-6A350000;320 / / i AUT.;Nemcija;DEU;osebni avtomobil;235;limuzina;320
135;1455;5.8;0;BMW;1S11-6A250000;120 / / i AUT.;Nemcija;DEU;osebni avtomobil;225;karavan;120
135;1495;5.8;0;MERCEDES BENZ;R234P0-BZAA1574;C / 200 T /;Nemcija;DEU;osebni avtomobil;235;karavan;C 
135;1240;5.8;0;MINI;SX31-5J;COOPER S COUPE / /;Nemcija;DEU;osebni avtomobil;230;kupe;COOPER S COUPE 
135;1215;5.8;0;MINI;SV31-5J;COOPER S / /;Nemcija;DEU;osebni avtomobil;228;vozilo z dviûnimi vrati zadaj;COOPER S 
135;1974;5.8;1;SEAT;DFMAX1AF-AD7AD7BH0037MMN7VR2SE63;ALHAMBRA / 2.0 / TDI 4M AUT.;äpanija;ESP;osebni avtomobil;211;vecnamensko vozilo;ALHAMBRA 
135;1923;5.8;1;SEAT;DFMAX1AC-AD7AD7BH0037MMN5VR2SE64;ALHAMBRA / 2.0 / TDI 4M AUT.;äpanija;ESP;osebni avtomobil;211;karavan;ALHAMBRA 
135;1505;5.8;1;äKODA;ACDJGAX0-RFD7FD7GC0027CPV2MLN1E7A;OCTAVIA / COMBI 2.0 / TDI AUT.;Ceöka republika;CZE;osebni avtomobil;226;karavan;OCTAVIA 
135;1974;5.8;1;VOLKSWAGEN;DFMAX1AF-AD7AD7BH0037MMN7VR2VW63;SHARAN / 2.0 / TDI 4M AUT.;Nemcija;DEU;osebni avtomobil;211;vecnamensko vozilo;SHARAN 
135;1923;5.8;1;VOLKSWAGEN;DFMAX1AC-AD7AD7BH0037MMN5VR2VW64;SHARAN / 2.0 / TDI 4M AUT.;Nemcija;DEU;osebni avtomobil;211;karavan;SHARAN 
135;1595;5.9;0;BMW;8G31-6A350000;320/ TOURING / i AUT.;Nemcija;DEU;osebni avtomobil;228;karavan;320
135;1480;5.9;0;BMW;2H51-6A240000;220 / COUPE / i AUT.;Nemcija;DEU;osebni avtomobil;230;kupe;220
135;1455;5.9;0;BMW;1S11-6A350000;120 / / i AUT.;Nemcija;DEU;osebni avtomobil;225;karavan;120
135;1445;5.9;0;BMW;1J11-6A240000;220 / COUPE / i AUT.;Nemcija;DEU;osebni avtomobil;230;kupe;220
135;1550;5.9;1;HYUNDAI;F5D11-M62BZ1;ix35 / 2.0 / CRDi;Ceöka republika;CZE;osebni avtomobil;195;vecnamensko vozilo;ix35 
135;1280;5.9;0;MINI;ZG31-5J;COOPER S CLUBMAN / / ;Nemcija;DEU;osebni avtomobil;227;karavan;COOPER S CLUBMAN 
135;1974;5.9;1;SEAT;DFMAX1AF-AD7AD7BH0037MMN7VR2SE64;ALHAMBRA / 2.0 / TDI 4M AUT.;äpanija;ESP;osebni avtomobil;211;vecnamensko vozilo;ALHAMBRA 
135;1505;5.9;1;äKODA;ACDJGAX0-RFD7FD7GC0027CPV2MLN1E7A;OCTAVIA / COMBI 2.0 / TDI AUT.;Ceöka republika;CZE;osebni avtomobil;226;karavan;OCTAVIA 
135;1974;5.9;1;VOLKSWAGEN;DFMAX1AFAD7-AD7BH0037MMN7VR2VW64;SHARAN / 2.0 / TDI 4M AUT.;Nemcija;DEU;osebni avtomobil;211;vecnamensko vozilo;SHARAN 
135;1475;6.1;0;BMW;3B11-6H150000;320 / / i;Nemcija;DEU;osebni avtomobil;235;limuzina;320
135;1445;6.1;0;BMW;1S11-6H350000;120 / / I;Nemcija;DEU;osebni avtomobil;230;karavan;120
135;1600;6.1;1;HYUNDAI;F5D14-M63BZ1;ix35 / 2.0 / CRDi 4WD;Slovaöka;SVK;osebni avtomobil;194;vecnamensko vozilo;ix35 
135;1684;6.1;1;KIA;SLSF5D14-M62BZ1;SPORTAGE / 2.0 / TD;Slovaöka;SVK;osebni avtomobil;194;vecnamensko vozilo;SPORTAGE 
135;1735;6.1;0;MERCEDES BENZ;J234P0-NZCCB501;E / 200 T /;Nemcija;DEU;osebni avtomobil;225;karavan;E 
135;1655;6.1;0;MERCEDES BENZ;L334P0-NZAAB414;E / 200 / AUT.;Nemcija;DEU;osebni avtomobil;240;kupe;E 
135;1615;6.1;0;MERCEDES BENZ;L334P0-NZAA1414;E / 200 / AUT.;Nemcija;DEU;osebni avtomobil;240;kupe;E 
135;1470;6.1;0;MERCEDES BENZ;K4S8M0-NZAAA200;SLK / 200 / AUT.;Nemcija;DEU;osebni avtomobil;237;kabriolet;SLK 
135;1385;6.1;0;MINI;ZC31-5H05C;COOPER S COUNTRYMAN / /;Nemcija;DEU;osebni avtomobil;215;karavan;COOPER S COUNTRYMAN 
135;1551;6.1;1;äKODA;AADJGAX1-RAD7AD7GC0027CPV2MLN1C7A;OCTAVIA / 2.0 / TDI 4x4 AUT.;Ceöka republika;CZE;osebni avtomobil;228;limuzina;OCTAVIA 
135;1539;6.1;1;äKODA;ACDJGAX1-NAD7AD7GC0024BFSTMLN1B7A;OCTAVIA / COMBI 2.0 / TDI 4x4 AUT.;Ceöka republika;CZE;osebni avtomobil;221;karavan;OCTAVIA 
135;1710;6.2;0;BMW;JT91-DAW500N0;520 / TOURING / i AUT.;Nemcija;DEU;osebni avtomobil;225;karavan;520
135;1705;6.2;0;MERCEDES BENZ;U234P0-CZAA051X;E / 200 T / AUT.;Nemcija;DEU;osebni avtomobil;231;karavan;E 
135;1583;6.2;1;äKODA;ACDJGAX1-RAD7AD7GC0024BFV2MLN1B8A;OCTAVIA / COMBI 2.0 / TDI 4x4 AUT.;Ceöka republika;CZE;osebni avtomobil;218;karavan;OCTAVIA 
135;1475;6.3;0;BMW;3B11-5H200;320 / / i;Nemcija;DEU;osebni avtomobil;235;limuzina;320
135;1470;6.3;0;MERCEDES BENZ;K4S8M0-NZAAA211;SLK / 200 / AUT.;Nemcija;DEU;osebni avtomobil;237;kabriolet;SLK 
135;1573;6.3;1;äKODA;ACDJGAX1-RAD7AD7GC0027CPV2MLN1E7B;OCTAVIA / COMBI 2.0 / TDI 4x4 AUT.;Ceöka republika;CZE;osebni avtomobil;218;karavan;OCTAVIA 
135;1600;6.4;0;BMW;11AP-IAW400K0;420 / COUPE / i AUT.;Nemcija;DEU;osebni avtomobil;240;kupe;420
135;1570;6.4;0;BMW;5F31-IAW500K0;320 / / i AUT.;Nemcija;DEU;osebni avtomobil;235;limuzina;320
135;1555;6.4;0;BMW;4A11-6H150000;420 / I;Nemcija;DEU;osebni avtomobil;236;limuzina;420
135;1993;6.4;1;CHEVROLET;CW72-128D;CAPTIVA / 2.2 / DT 16V;Koreja. republika;KOR;osebni avtomobil;200;karavan;CAPTIVA 
135;1953;6.4;1;CHEVROLET;CM72-228D;CAPTIVA / 2.2 / DT 16V;Koreja. republika;KOR;osebni avtomobil;200;vecnamensko vozilo;CAPTIVA 
135;1505;6.4;0;MERCEDES BENZ;H0S8M0-NZABA500;C / 200 / AUT.;Nemcija;DEU;osebni avtomobil;235;limuzina;C 
135;1435;6.4;0;MERCEDES BENZ;K4S8M0-JZAAA200;SLK / 200 /;Nemcija;DEU;osebni avtomobil;240;kabriolet;SLK 
135;1685;6.5;0;BMW;8G51-6A350000;320 / TOURING / i xDrive AUT.;Nemcija;DEU;osebni avtomobil;223;karavan;320
135;1570;6.5;0;BMW;5F31-IAW500K0;320 / / i AUT.;Nemcija;DEU;osebni avtomobil;235;limuzina;320
135;1545;6.5;0;MERCEDES BENZ;R034P1-NLAA1514;C / 200 / 4MATIC;Nemcija;DEU;osebni avtomobil;229;limuzina;C 
135;1505;6.5;0;MERCEDES BENZ;M24NP1-MZAAB500;B / 220 / 4-MATIC AUT.;Nemcija;DEU;osebni avtomobil;225;karavan;B 
135;1470;6.5;0;MERCEDES BENZ;K4S8M0-NZAAA212;SLK / 200 / AUT.;Nemcija;DEU;osebni avtomobil;237;kabriolet;SLK 
135;1608;6.5;1;äKODA;ACDJGAX1-SAD7AD7GC0024BFSCMLN1C8A;OCTAVIA / COMBI 2.0 / TDI 4x4 AUT.;Ceöka republika;CZE;osebni avtomobil;215;karavan;OCTAVIA 
135;1583;6.5;1;äKODA;ACDJGAX1-RAD7AD7GC0024BFV2MLN1E8B;OCTAVIA / COMBI 2.0 / TDI 4x4 AUT.;Ceöka republika;CZE;osebni avtomobil;218;karavan;OCTAVIA 
135;2033;6.6;1;CHEVROLET;CW72-128A;CAPTIVA / 2.2 / DT 16V;Koreja. republika;KOR;osebni avtomobil;200;karavan;CAPTIVA 
135;1705;6.6;0;MERCEDES BENZ;U234P0-CZAA05B2;E / 200 T / AUT.;Nemcija;DEU;osebni avtomobil;231;karavan;E 
135;1505;6.6;0;MERCEDES BENZ;274NP1-MZAA1502;GLA / 220 / 4-MATIC AUT.;Nemcija;DEU;osebni avtomobil;230;karavan;GLA 
135;1505;6.6;0;MERCEDES BENZ;M24NP1-MZAAB522;B / 220 / 4-MATIC AUT.;Nemcija;DEU;osebni avtomobil;225;karavan;B 
135;1500;6.6;0;MERCEDES BENZ;H0S8M0-JZBBA500;C / 200 /;Nemcija;DEU;osebni avtomobil;237;limuzina;C 
135;1330;6.6;0;MINI;ZP31-5A0C0;COOPER S CABRIO / / AUT.;Nemcija;DEU;osebni avtomobil;220;kabriolet;COOPER S CABRIO 
135;1911;6.6;1;OPEL;BH11-1A14ACBFJB5;ANTARA / 2.2 / DT 16V;Nemcija;DEU;osebni avtomobil;200;karavan;ANTARA 
135;1583;6.6;1;äKODA;ACDJGAX1-RAD7AD7GC0024BFV2MLN1E8B;OCTAVIA / COMBI 2.0 / TDI 4x4 AUT.;Ceöka republika;CZE;osebni avtomobil;218;karavan;OCTAVIA 
135;1750;6.7;0;BMW;8X51-DAW500L0;320 / GT / i xDrive AUT.;Nemcija;DEU;osebni avtomobil;224;limuzina;320
135;1685;6.7;0;BMW;8G51-6AW50000;320 / TOURING / i xDrive AUT.;Nemcija;DEU;osebni avtomobil;223;karavan;320
135;1595;6.7;1;BMW;AL91-01;330 / / d;Nemcija;DEU;osebni avtomobil;227;limuzina;330
135;1585;6.7;0;MERCEDES BENZ;L3S8M0-NZAAA401;E / 200 / AUT.;Nemcija;DEU;osebni avtomobil;237;kupe;E 
135;1550;6.7;0;MERCEDES BENZ;224NP1-MZBA1502;CLA / 220 / 4-MATIC AUT.;Nemcija;DEU;osebni avtomobil;235;karavan;CLA 
135;1505;6.7;0;MERCEDES BENZ;M24NP1-MZBA1522;B / 220 / 4-MATIC AUT.;Nemcija;DEU;osebni avtomobil;225;karavan;B 
135;1455;6.7;0;MINI;ZC51-5J;COOPER S COUNTRYMAN / / ALL4;Nemcija;DEU;osebni avtomobil;210;karavan;COOPER S COUNTRYMAN 
135;1941;6.7;1;OPEL;BH11-1A14ACBFMB5;ANTARA / 2.2 / DT 16V;Nemcija;DEU;osebni avtomobil;200;karavan;ANTARA 
135;1750;6.8;0;BMW;8X51-DAW500L0;320 / GT / i xDrive AUT.;Nemcija;DEU;osebni avtomobil;224;limuzina;320
135;1635;6.8;0;BMW;5P31-IAW500K0;320 / / i xDrive AUT.;Nemcija;DEU;osebni avtomobil;230;limuzina;320
135;1615;6.8;0;BMW;5P31-DAW500T0;320 / / i xDrive AUT.;Nemcija;DEU;osebni avtomobil;230;limuzina;320
135;1495;6.8;0;BMW;LL31-5A000;Z4 / CABRIO 20 / i sDrive AUT.;Nemcija;DEU;osebni avtomobil;232;kabriolet;Z4 
135;1470;6.8;0;BMW;LL31-6H000;Z4 / CABRIO 20 / i sDrive;Nemcija;DEU;osebni avtomobil;235;kabriolet;Z4 
135;1545;6.8;0;MERCEDES BENZ;R032P1-CLAA1521;C / 200 / 4MATIC;Nemcija;DEU;osebni avtomobil;234;limuzina;C 
135;1435;6.8;0;MERCEDES BENZ;K4S8M0-JZAAA212;SLK / 200 /;Nemcija;DEU;osebni avtomobil;240;kabriolet;SLK 
135;1921;6.8;1;RENAULT;RZGHH4ANXUC2200000;KOLEOS / 2.0 / DCI AUT. 4x4;Francija;FRA;osebni avtomobil;198;karavan;KOLEOS 
135;1615;6.9;0;BMW;5P31-DAW500K0;320 / / i xDrive AUT.;Nemcija;DEU;osebni avtomobil;230;limuzina;320
135;1953;6.9;1;CHEVROLET;CW72-128D;CAPTIVA / 2.2 / DT 16V;Koreja. republika;KOR;osebni avtomobil;200;karavan;CAPTIVA 
135;1676;6.9;1;HYUNDAI;F5D14-A62AZ1;ix35 / 2.0 / CRDi AUT. 4WD;Ceöka republika;CZE;osebni avtomobil;195;vecnamensko vozilo;ix35 
135;1105;6.9;0;MAZDA;6E76DW1;MAZDA MX-5 / G184 /;Japonska ;JPN;osebni avtomobil;219;kabriolet;MAZDA MX-5 
135;1755;6.9;0;MERCEDES BENZ;T434P0-CZAA1401;E / 200 / AUT.;Nemcija;DEU;osebni avtomobil;234;kabriolet;E 
135;1605;6.9;0;MERCEDES BENZ;R232P1-CLAA1501;C / 200 T / 4-MATIC AUT.;Nemcija;DEU;osebni avtomobil;229;karavan;C 
135;1595;6.9;0;MERCEDES BENZ;R332P1-CLAZ1402;C / 200 / 4-MATIC AUT.;Nemcija;DEU;osebni avtomobil;229;kupe;C 
135;1505;6.9;0;MERCEDES BENZ;R077T0-CZAA052A;C / 200 / AUT.;Nemcija;DEU;osebni avtomobil;239;limuzina;C 
135;1685;6.9;1;OPEL;BM11-2A18BHBVLMN5;VECTRA / CAR. 3.0 / DT V6;Nemcija;DEU;osebni avtomobil;225;karavan;VECTRA 
135;1737;7.1;1;HYUNDAI;F5D14-A62AZ1;ix35 / 2.0 / CRDi AUT. 4WD;Ceöka republika;CZE;osebni avtomobil;195;vecnamensko vozilo;ix35 
135;1787;7.1;1;KIA;SLSF5D14-A62AZ1;SPORTAGE / 2.0 / TD AUT.;Slovaöka;SVK;osebni avtomobil;195;vecnamensko vozilo;SPORTAGE 
135;1560;7.1;0;MERCEDES BENZ;L3S8M0-JZAAA401;E / 200 / ;Nemcija;DEU;osebni avtomobil;240;kupe;E 
135;1410;7.1;0;MINI;ZC31-5A05C;COOPER S COUNTRYMAN / / AUT.;Nemcija;DEU;osebni avtomobil;210;karavan;COOPER S COUNTRYMAN 
135;1810;7.2;0;BMW;XW11-6A250000;X4 / xDrive 20 / i AUT.;Nemcija;DEU;osebni avtomobil;212;limuzina;X4 
135;1810;7.2;0;BMW;WX31-6A250000;X3 / xDrive 20 / i AUT.;Nemcija;DEU;osebni avtomobil;210;karavan;X3 
135;1645;7.2;0;BMW;6K31-DAW500B0;320 / TOURING / I AUT.;Nemcija;DEU;osebni avtomobil;230;karavan;320
135;1787;7.2;1;HYUNDAI;F5D14-A62BZ1;ix35 / 2.0 / CRDi AUT. 4WD;Slovaöka;SVK;osebni avtomobil;195;vecnamensko vozilo;ix35 
135;1760;7.2;1;KIA;SLSF5D14-A62BZ1;SPORTAGE / 2.0 / TD AUT.;Slovaöka;SVK;osebni avtomobil;195;vecnamensko vozilo;SPORTAGE 
135;1728;7.2;1;KIA;SLSF5D14-A62BZ1;SPORTAGE / 2.0 / TD AUT.;Slovaöka;SVK;osebni avtomobil;195;limuzina;SPORTAGE 
135;1685;7.2;0;MERCEDES BENZ;L4S8M0-JZAAA401;E / 200 /;Nemcija;DEU;osebni avtomobil;236;kabriolet;E 
135;1733;7.2;1;OPEL;HM11-2A27BHBCMSH5;SIGNUM / 3.0 / DT V6 AUT.;Nemcija;DEU;osebni avtomobil;219;vozilo z dviûnimi vrati zadaj;SIGNUM 
135;1790;7.3;0;BMW;TR51-CAW500B0;X3 / xDrive20 / i AUT.;Nemcija;DEU;osebni avtomobil;210;karavan;X3 
135;1560;7.3;0;MERCEDES BENZ;L3S8M0-JZAAA401;E / 200 / CGI;Nemcija;DEU;osebni avtomobil;240;kupe;E 
135;1515;7.3;0;MERCEDES BENZ;274NT1-MZAA150A;GLA / 220 / 4-MATIC AUT.;Nemcija;DEU;osebni avtomobil;230;karavan;GLA 
135;1505;7.4;0;MERCEDES BENZ;M24NT1-MZBA150A;B / 220 / 4-MATIC AUT.;Nemcija;DEU;osebni avtomobil;225;karavan;B 
135;1780;7.5;0;BMW;WX31-5A000;X3 / xDrive 20 / i AUT.;Nemcija;DEU;osebni avtomobil;210;karavan;X3 
135;1570;7.5;0;BMW;4S31-DAW40000;420 / COUPE / i AUT.;Nemcija;DEU;osebni avtomobil;236;kupe;420
135;1770;7.5;0;MERCEDES BENZ;U232P1-CZAC05B2;E / 200 T / 4 MATIC AUT.;Nemcija;DEU;osebni avtomobil;228;karavan;E 
135;1615;7.5;0;MERCEDES BENZ;J048M0-TZAAA500;E / 200 / CGI AUT.;Nemcija;DEU;osebni avtomobil;230;limuzina;E 
135;1620;7.6;1;BMW;346XEV91-01;330;Nemcija;DEU;osebni avtomobil;224;limuzina;330
135;1505;7.6;0;MERCEDES BENZ;H048M0-TZAAA502;C / 200 / CGI AUT.;Nemcija;DEU;osebni avtomobil;232;limuzina;C 
135;1490;7.6;0;MERCEDES BENZ;H041K0-LZAAA500;C / 200 / KOMP.;Nemcija;DEU;osebni avtomobil;235;limuzina;C 
135;2058;7.7;1;CHEVROLET;CW72-128B;CAPTIVA / 2.2 / DT 16V AUT.;Koreja. republika;KOR;osebni avtomobil;191;karavan;CAPTIVA 
135;1560;7.7;0;MERCEDES BENZ;L348M0-TZAAA401;E / 200 / CGI AUT.;Nemcija;DEU;osebni avtomobil;237;kupe;E 
135;1695;7.8;1;BMW;AP91-01;330 / TOURING / xd;Nemcija;DEU;osebni avtomobil;224;karavan;330
135;1695;7.8;1;BMW;346XEP71;330 / XD;Nemcija;DEU;osebni avtomobil;221;karavan;330
135;1560;7.8;0;MERCEDES BENZ;L348M0-TZAAA402;E / 200 / CGI AUT.;Nemcija;DEU;osebni avtomobil;237;kupe;E 
135;1490;7.8;0;MERCEDES BENZ;H041K0-LZAAA501;C / 200 / KOMP.;Nemcija;DEU;osebni avtomobil;235;limuzina;C 
135;1390;7.8;0;MERCEDES BENZ;W441K0-LZAAA211;SLK / 200 / KOMP.;Nemcija;DEU;osebni avtomobil;236;kabriolet;SLK 
135;1936;7.8;1;OPEL;BH11-1A15ADBEKB5;ANTARA / 2.2 / DT 16V AUT.;Nemcija;DEU;osebni avtomobil;191;karavan;ANTARA 
135;1810;7.9;0;BMW;TY11-IAW500L0;X3 / xDrive20 / i AUT.;Nemcija;DEU;osebni avtomobil;215;karavan;X3 
135;1675;7.9;0;BMW;8X31-DAW50000;320 / GT / i AUT.;Nemcija;DEU;osebni avtomobil;229;limuzina;320
135;2018;7.9;1;CHEVROLET;CW72-128B;CAPTIVA / 2.2 / DT 16V AUT.;Koreja. republika;KOR;osebni avtomobil;191;karavan;CAPTIVA 
135;1735;7.9;0;MERCEDES BENZ;J248M0-TZAAB500;E / 200 T / CGI AUT.;Nemcija;DEU;osebni avtomobil;222;karavan;E 
135;1490;7.9;0;MERCEDES BENZ;H041K0-LZAAA500;C / 200 / KOMP.;Nemcija;DEU;osebni avtomobil;235;limuzina;C 
135;1390;7.9;0;MERCEDES BENZ;W441K0-LZAAA212;SLK / 200 / KOMP.;Nemcija;DEU;osebni avtomobil;236;kabriolet;SLK 
135;1735;7.9;0;SUZUKI;HT;GRAND / VITARA  XL-7 / 2.7;Japonska ;JPN;osebni avtomobil;183;limuzina;GRAND 
135;1700;8.1;1;BMW;346LEL91-02;330 / TOURING / D AUT.;Nemcija;DEU;osebni avtomobil;225;karavan;330
135;1555;8.1;0;MERCEDES BENZ;H241K0-TZAAA500;C / 200 T / KOMP. AUT.;Nemcija;DEU;osebni avtomobil;225;karavan;C 
135;1490;8.1;0;MERCEDES BENZ;H041K0-LZAAA501;C / 200 / KOMP.;Nemcija;DEU;osebni avtomobil;235;limuzina;C 
135;1515;8.2;0;MERCEDES BENZ;274NT1-MZAA150A;GLA / 220 / 4-MATIC AUT.;Nemcija;DEU;osebni avtomobil;230;karavan;GLA 
135;1505;8.2;0;MERCEDES BENZ;H041K0-TZAAA511;C / 200 / KOMP. AUT.;Nemcija;DEU;osebni avtomobil;230;limuzina;C 
135;1415;8.2;0;MERCEDES BENZ;W441K0-TZAAA222;SLK / 200 / KOMP. AUT.;Nemcija;DEU;osebni avtomobil;232;kabriolet;SLK 
135;1575;8.3;1;BMW;DL81;530 / / d AUT.;Nemcija;DEU;osebni avtomobil;225;limuzina;530
135;1555;8.3;0;MERCEDES BENZ;H241K0-TZAAA501;C / 200 T / KOMP. AUT.;Nemcija;DEU;osebni avtomobil;225;karavan;C 
135;1805;8.4;0;BMW;TY15-DAW500B0;X3 / xDrive20 / i AUT.;Nemcija;DEU;osebni avtomobil;215;karavan;X3 
135;1750;8.4;0;BMW;8X51-DAW500L0;320 / GT / i xDrive AUT.;Nemcija;DEU;osebni avtomobil;224;limuzina;320
135;1770;8.5;1;BMW;5DDP81-01;530 / TOURING / D AUT.;Nemcija;DEU;osebni avtomobil;222;karavan;530
135;1685;8.5;0;BMW;8G51-DAW50000;320 / TOURING / i xDrive AUT.;Nemcija;DEU;osebni avtomobil;223;karavan;320
135;2180;8.6;1;BMW;X53;X5 / 3.0 / D;Nemcija;DEU;osebni avtomobil;200;vecnamensko vozilo;X5 
135;2170;8.7;1;BMW;FA71;X5 / 3.0 / D AUT.;Nemcija;DEU;osebni avtomobil;200;vecnamensko vozilo;X5 
135;2155;8.7;1;BMW;FA71-03;X5 / 3.0 / d;Nemcija;DEU;osebni avtomobil;200;vecnamensko vozilo;X5 
135;2155;8.7;1;BMW;X53FA81-03;X 5 / 3.0;Nemcija;DEU;osebni avtomobil;200;limuzina;X 5 
135;1580;8.7;0;MERCEDES BENZ;209T341K0-TZAAA401;CLK / 200 / KOMP. AUT.;Nemcija;DEU;osebni avtomobil;236;kupe;CLK 
135;1795;9.3;0;BMW;UJ11-DAW500B0;X4 / xDrive20 / i AUT.;Nemcija;DEU;osebni avtomobil;215;limuzina;X4 
135;1790;9.4;0;BMW;TR55-DAW500MA;X3 / xDrive20 / i AUT.;Nemcija;DEU;osebni avtomobil;210;karavan;X3 
135;1590;9.4;0;MERCEDES BENZ;T441K0-LIAAA411;CLK CABRIO / 200 / KOMP.;Nemcija;DEU;osebni avtomobil;208;kabriolet;CLK CABRIO 
135;1795;9.5;0;BMW;UJ11-DAW500B0;X4 / xDrive20 / i AUT.;Nemcija;DEU;osebni avtomobil;215;limuzina;X4 
135;2190;9.7;1;BMW;FA71-04;X5 / 3.0 / d AUT.;Nemcija;DEU;osebni avtomobil;200;vecnamensko vozilo;X5 
135;2170;9.7;1;BMW;X53FA71-04;X 5 / 3.0;Nemcija;DEU;osebni avtomobil;200;limuzina;X 5 
135;2170;9.7;1;BMW;X53FA71-04;X5 / 3.0 / D AUT.;Nemcija;DEU;osebni avtomobil;200;limuzina;X5 
135;2150;9.7;1;BMW;X53;X5 / 3.0 / D;Nemcija;DEU;osebni avtomobil;200;limuzina;X5 
135;2095;9.7;1;BMW;X53-FA71-04;X5 / 3.0 / d  AUT.;Nemcija;DEU;osebni avtomobil;210;limuzina;X5 
135;2095;9.7;1;BMW;FA71-04;X 5 / 3.0;Nemcija;DEU;osebni avtomobil;200;limuzina;X 5 
135;2095;9.7;1;BMW;FA71-04;X5 / 3.0 / d AUT.;Nemcija;DEU;osebni avtomobil;200;vozilo za posebne namene;X5 
136;2086;10.5;1;VOLVO;CM-71;XC / 90;ävedska;SWE;osebni avtomobil;190;vecnamensko vozilo;XC 
136;1560;15.5;0;MERCEDES BENZ;107;280 / SL / AUT.;Nemcija;DEU;osebni avtomobil;207;kabriolet;280
136;1610;17.5;0;MERCEDES BENZ;116.024;280 / SE;Nemcija;DEU;osebni avtomobil;200;limuzina;280
136;1488;4.2;1;FORD;DYB-T8DA16-5NH5NF;FOCUS / 2.0 / TDCI 136 M6;Nemcija;DEU;osebni avtomobil;218;karavan;FOCUS 
136;1487;4.2;1;FORD;DYB-T8DA16X-5NHAC5NF;FOCUS / 2.0 / TDCI 136 M6 S;Nemcija;DEU;osebni avtomobil;218;karavan;FOCUS 
136;1463;4.2;1;FORD;DYB-T8DA15X-5NHAC5NF;FOCUS / 2.0 / TDCI 136 M6 S;Nemcija;DEU;osebni avtomobil;218;vozilo z dviûnimi vrati zadaj;FOCUS 
136;1503;4.6;1;FORD;DYB-T8DA16-5SJ5NF;FOCUS / 2.0 / TDCI 136 A6;Nemcija;DEU;osebni avtomobil;216;karavan;FOCUS 
136;1817;5.6;1;HYUNDAI;F5D44-A811Z1;TUCSON / 2.0 / CRDi AUT. 4WD 48V;Ceöka republika;CZE;osebni avtomobil;201;vecnamensko vozilo;TUCSON 
136;1953;5.6;1;JEEP;KLJETCU-G5LE1A;CHEROKEE / 2.2 / CA AWD;Zdruûene drûave;USA;osebni avtomobil;204;karavan;CHEROKEE 
136;1570;5.6;1;MAZDA;GH14A6;MAZDA 6 / 2.2 / D HP;Japonska ;JPN;osebni avtomobil;218;vozilo z dviûnimi vrati zadaj;MAZDA 6 
136;1530;5.6;1;MAZDA;GH12A6;MAZDA 6 / 2.2 / D HP;Japonska ;JPN;osebni avtomobil;218;limuzina;MAZDA 6 
136;1470;5.6;1;MAZDA;BLA4A6;MAZDA 3 / 2.2 / D HP;Japonska ;JPN;osebni avtomobil;213;vozilo z dviûnimi vrati zadaj;MAZDA 3 
136;1020;5.6;0;PEUGEOT;CA5FS0;208 / 1.6 / I 16V;Francija;FRA;osebni avtomobil;190;vozilo za posebne namene;208
136;1833;5.7;1;HYUNDAI;F5D34-A811Z1;TUCSON / 2.0 / CRDi AUT. 4WD;Ceöka republika;CZE;osebni avtomobil;201;vecnamensko vozilo;TUCSON 
136;1585;5.7;1;MAZDA;GH19A6;MAZDA 6 / KARAVAN 2.2 / D HP;Japonska ;JPN;osebni avtomobil;216;karavan;MAZDA 6 
136;1265;5.9;0;AUDI;ACTHGF1-FD7AM015R8X72LLS47MJEM0AN;A1 / 1.4 / TFSI AUT.;Nemcija;DEU;osebni avtomobil;227;karavan;A1 
136;1836;5.9;1;HYUNDAI;F5D34-A811Z1;TUCSON / 2.0 / CRDi AUT. 4WD;Ceöka republika;CZE;osebni avtomobil;201;vecnamensko vozilo;TUCSON 
136;1781;5.9;1;HYUNDAI;F5D14-M62ZZ1;TUCSON / 2.0 / CRDi 4WD;Ceöka republika;CZE;osebni avtomobil;201;vecnamensko vozilo;TUCSON 
136;1662;5.9;1;KIA;QLEF5D14-M62ZZ1;SPORTAGE / 2.0 / TD AWD;Slovaöka;SVK;osebni avtomobil;201;vecnamensko vozilo;SPORTAGE 
136;2284;6.2;1;FORD;FAC-BCFA1TBX-S9WJASADCAHTC;TOURNEO CUSTOM / 2.0 / 17'' 136 H1L1 320;Nemcija;DEU;osebni avtomobil;180;vecnamensko vozilo;TOURNEO CUSTOM 
136;1460;6.2;0;SAAB;AB-DX75NX-1;900 / SE;ävedska;SWE;osebni avtomobil;230;kabriolet;900
136;1775;6.3;1;KIA;QLEF5D14-A63ZZ1;SPORTAGE / 2.0 / TD AWD AUT.;Slovaöka;SVK;osebni avtomobil;201;vecnamensko vozilo;SPORTAGE 
136;1642;6.4;1;VOLVO;AS7141;S80 / 2.4 / TD;ävedska;SWE;osebni avtomobil;230;limuzina;S80 
136;1631;6.4;1;VOLVO;AS7141;S80 / 2.4 / TD;ävedska;SWE;osebni avtomobil;225;limuzina;S80 
136;1846;6.5;1;HYUNDAI;F5D14-A63ZZ1;TUCSON / 2.0 / CRDi AUT. 4WD;Ceöka republika;CZE;osebni avtomobil;201;vecnamensko vozilo;TUCSON 
136;1704;6.5;1;VOLVO;BW7141;V70 / 2.4 / TD;ävedska;SWE;osebni avtomobil;225;karavan;V70 
136;2045;6.6;0;TOYOTA;XA5P(EU.M)/AXAP54(N)/AXAP54L-ANXGBW(1A);RAV4 / 2.5 / 4WD PlugIn HIBRID;Japonska ;JPN;osebni avtomobil;180;karavan;RAV4 
136;1578;6.6;1;VOLVO;RS7141;S60 / 2.4 / TD;ävedska;SWE;osebni avtomobil;230;limuzina;S60 
136;2378;6.7;1;FORD;FAC-BCFA1TBX-S9AGCSADCAFGE;TOU. CUSTOM 17'/2.0 EB H1L2 136 320 A6;Nemcija;DEU;osebni avtomobil;180;vecnamensko vozilo;TOU. CUSTOM 17'
136;1686;6.7;1;VOLVO;BW7141;V70 / 2.4 / TD;ävedska;SWE;osebni avtomobil;225;karavan;V70 
136;1636;6.8;1;VOLVO;SW7141;V70 / 2.4 / TD;ävedska;SWE;osebni avtomobil;225;karavan;V70 
136;1875;6.9;1;HYUNDAI;F5D44-A811Z1;TUCSON / 2.0 / CRDi AUT. 4WD 48V;Ceöka republika;CZE;osebni avtomobil;201;vecnamensko vozilo;TUCSON 
136;1795;7.1;1;HYUNDAI;F5D34-A811Z1;TUCSON / 2.0 / CRDi AUT. 4WD;Ceöka republika;CZE;osebni avtomobil;201;vecnamensko vozilo;TUCSON 
136;1767;7.2;1;VOLVO;BW7144;V70 / 2.4 / TD AWD;ävedska;SWE;osebni avtomobil;220;karavan;V70 
136;1806;7.3;1;VOLVO;BZ7144;XC70 / 2.4 / TD AWD;ävedska;SWE;osebni avtomobil;210;karavan;XC70 
136;1743;7.3;1;VOLVO;SW71-44;V70 / 2.4 / TD AWD;ävedska;SWE;osebni avtomobil;215;karavan;V70 
136;1662;7.3;1;VOLVO;AS71;S80 / 2.4 / TD5 AUT.;ävedska;SWE;osebni avtomobil;225;limuzina;S80 
136;1662;7.3;1;VOLVO;AS7140;S80 / 2.4 / TD AUT.;ävedska;SWE;osebni avtomobil;220;limuzina;S80 
136;1660;7.3;1;VOLVO;AS7140;S80 / 2.4 / TD AUT.;ävedska;SWE;osebni avtomobil;225;limuzina;S80 
136;1647;7.3;1;VOLVO;AS7140;S / 80 / 2.4 / D5;ävedska;SWE;osebni avtomobil;225;limuzina;S 
136;1647;7.3;1;VOLVO;AS71-40;S80 / 2.4 / TD5 AUT.;ävedska;SWE;osebni avtomobil;220;limuzina;S80 
136;1715;7.4;1;VOLVO;BW7140;V70 / 2.4 / TD AUT.;ävedska;SWE;osebni avtomobil;215;karavan;V70 
136;1707;7.4;1;VOLVO;BW71-40;V70 / 2.4 / TD AUT.;ävedska;SWE;osebni avtomobil;215;karavan;V70 
136;1615;7.5;1;ALFA ROMEO;936AXG00 22;166 / 2.4 / M-JET;Italija;ITA;osebni avtomobil;222;limuzina;166
136;1801;7.5;1;VOLVO;DZ7144;XC60 / 2.4 / TD AWD;ävedska;SWE;osebni avtomobil;205;karavan;XC60 
136;1801;7.5;1;VOLVO;DZ7144;XC60 / 2.4 / TD AWD;ävedska;SWE;osebni avtomobil;205;vozilo za posebne namene;XC60 
136;1801;7.5;1;VOLVO;DZ7144;XC / 60 / 2.4 / TD AWD;ävedska;SWE;osebni avtomobil;205;karavan;XC 
136;1702;7.5;1;VOLVO;BW7140;V70 / 2.4 / TD AUT.;ävedska;SWE;osebni avtomobil;215;karavan;V70 
136;1594;7.5;1;VOLVO;RS71-40;S60 / 2.4 / TD AUT.;ävedska;SWE;osebni avtomobil;230;limuzina;S60 
136;1594;7.5;1;VOLVO;RS7140;S60 / 2.4 / TD AUT.;ävedska;SWE;osebni avtomobil;225;limuzina;S60 
136;1594;7.5;1;VOLVO;RS7140;S 60 / 2.4;ävedska;SWE;osebni avtomobil;225;limuzina;S 60 
136;2357;7.6;1;FORD;FAC-BCFC1TBX-S9WRCSAEDAWYE;TOURNEO CUSTOM / 2.0 / 17'' mHEV 136 H1L2 320 M6;Nemcija;DEU;osebni avtomobil;180;vecnamensko vozilo;TOURNEO CUSTOM 
136;2311;7.6;1;FORD;FAC-BCFC1TBX-S9WRASAEDAWYC;TOURNEO CUSTOM / 2.0 / 17'' mHEV 136 H1L1 320 M6;Nemcija;DEU;osebni avtomobil;180;vecnamensko vozilo;TOURNEO CUSTOM 
136;1776;7.6;1;VOLVO;SZ71-44;XC70 / 2.4 / TD AWD;ävedska;SWE;osebni avtomobil;210;karavan;XC70 
136;1702;7.7;1;VOLVO;BW7140;V70 / 2.4 / TD AUT.;ävedska;SWE;osebni avtomobil;215;karavan;V70 
136;2168;7.8;1;KIA;MBF7D11-M52AZ1;CARNIVAL / 2.9 / D;Koreja. republika;KOR;osebni avtomobil;197;vecnamensko vozilo;CARNIVAL 
136;1734;7.8;1;VOLVO;AS7146;S80 / 2.4 / TD AWD AUT.;ävedska;SWE;osebni avtomobil;215;limuzina;S80 
136;2357;7.9;1;FORD;FAC-BCFC1TBX-S9WJCSABCAFSE;TOU. CUSTOM 17'/2.0 EB mHEV H1L2 136 320;Nemcija;DEU;osebni avtomobil;180;vecnamensko vozilo;TOU. CUSTOM 17'
136;2311;7.9;1;FORD;FAC-BCFC1TBX-S9WJASABCAFSC;TOU. CUSTOM 17'/2.0 EB mHEV H1L1 136 320;Nemcija;DEU;osebni avtomobil;180;vecnamensko vozilo;TOU. CUSTOM 17'
136;2311;7.9;1;FORD;FAC-BCFC1TBX-S9WJASAEDAFSC;TOURNEO CUSTOM / 2.0 / 17'' mHEV 136 H1L1 320 M6;Nemcija;DEU;osebni avtomobil;180;vecnamensko vozilo;TOURNEO CUSTOM 
136;2168;7.9;1;KIA;MBF7D11-M52AZ1;CARNIVAL / 2.9 / D;Koreja. republika;KOR;osebni avtomobil;197;vecnamensko vozilo;CARNIVAL 
136;1785;7.9;1;VOLVO;BW7146;V70 / 2.4 / TD AWD AUT.;ävedska;SWE;osebni avtomobil;210;karavan;V70 
136;1652;7.9;1;VOLVO;SW71-40;V70 / 2.4 / D5 AUT.;ävedska;SWE;osebni avtomobil;220;karavan;V70 
136;1577;7.9;1;VOLVO;SW-7140;V70 / 2.4 / D5;ävedska;SWE;osebni avtomobil;220;karavan;V70 
136;2330;8.1;1;FORD;FAC-BCFA1TBX-S9WJCSADCAHTC;TOURNEO CUSTOM / 2.0 / 17'' 136 H1L2 320 M6;Nemcija;DEU;osebni avtomobil;180;vecnamensko vozilo;TOURNEO CUSTOM 
136;1779;8.1;1;VOLVO;BW71-46;V70 / 2.4 / TD AWD AUT.;ävedska;SWE;osebni avtomobil;210;karavan;V70 
136;2161;8.2;1;FORD;FAC-BCFA1EBX-M9AGCSAFCAWWD;TRANSIT CUSTOM / 2.0 / K 136 H1L2 340 A6;Nemcija;DEU;osebni avtomobil;175;vozilo za posebne namene;TRANSIT CUSTOM 
136;2161;8.2;1;FORD;FAC-BCFA1EBX-M9AGCSAFCAWWD;TRANSIT CUSTOM / 2.0 / K 136 H1L2 340 A6;Nemcija;DEU;osebni avtomobil;175;vecnamensko vozilo;TRANSIT CUSTOM 
136;2065;8.2;1;VOLVO;CM71-44;XC90 / 2.4 / TD5 AWD;ävedska;SWE;osebni avtomobil;195;vecnamensko vozilo;XC90 
136;2065;8.2;1;VOLVO;CM-7144;XC / 90 / 2.4  TD AWD;ävedska;SWE;osebni avtomobil;195;vecnamensko vozilo;XC 
136;1990;8.2;1;VOLVO;CM7144;XC90 / 2.4 / TD AWD;ävedska;SWE;osebni avtomobil;195;vecnamensko vozilo;XC90 
136;2129;8.3;1;VOLVO;CZ7144;XC90 / 2.4 / TD AWD;ävedska;SWE;osebni avtomobil;195;vecnamensko vozilo;XC90 
136;2118;8.3;1;VOLVO;CZ71-44;XC90 / 2.4 / TD AWD;ävedska;SWE;osebni avtomobil;195;vecnamensko vozilo;XC90 
136;1834;8.3;1;VOLVO;BZ7146;XC70 / 2.4 / TD AWD AUT.;ävedska;SWE;osebni avtomobil;205;karavan;XC70 
136;1816;8.3;1;VOLVO;DZ7146;XC60 / 2.4 / TD AWD AUT.;ävedska;SWE;osebni avtomobil;200;karavan;XC60 
136;1761;8.3;1;VOLVO;SW7146;V70 / 2.4 / TD AWD AUT.;ävedska;SWE;osebni avtomobil;210;karavan;V70 
136;2378;8.4;1;FORD;FAC-BCFA1TBX-S9AGCSADCAWWE;TOURNEO CUSTOM / 2.0 / 17'' 136 H1L2 320 A6;Nemcija;DEU;osebni avtomobil;180;vecnamensko vozilo;TOURNEO CUSTOM 
136;2144;8.5;1;VOLVO;CZ7146;XC90 / 2.4 / TD AWD AUT.;ävedska;SWE;osebni avtomobil;190;vecnamensko vozilo;XC90 
136;1794;8.5;1;VOLVO;SZ7146;XC70 / 2.4 / TD AWD AUT.;ävedska;SWE;osebni avtomobil;205;karavan;XC70 
136;2587;8.6;1;FORD;FAC-BCFA1TBX-S9AGASADCAFGE;TOU. CUSTOM 17''/2.0 EB H1L1 136 320 A6;Nemcija;DEU;osebni avtomobil;180;vozilo z dostopom za invalidski vozicek;TOU. CUSTOM 17''
136;2463;8.6;1;FORD;FAC-BCFA1DSX-S8AGASADCAFGE;TOURNEO CUSTOM / 2.0 / 136 SPL1 320 A6;Nemcija;DEU;osebni avtomobil;180;vecnamensko vozilo;TOURNEO CUSTOM 
136;2378;8.6;1;FORD;FAC-BCFA1TBX-S9AGCSADCAFGE;TOURNEO CUSTOM / 2.0 / 17'' 136 H1L2 320 A6;Nemcija;DEU;osebni avtomobil;180;vecnamensko vozilo;TOURNEO CUSTOM 
136;2332;8.6;1;FORD;FAC-BCFA1TBX-S9AGASADCAFGE;TOURNEO CUSTOM / 2.0 / 17'' 136 H1L1 320 A6;Nemcija;DEU;osebni avtomobil;180;vecnamensko vozilo;TOURNEO CUSTOM 
136;2488;8.7;1;FORD;FAC-BCFA1TBX-S9AGCSADCAFGE;TOU. CUSTOM 17''/2.0 EB H1L2 136 320 A6;Nemcija;DEU;osebni avtomobil;180;vozilo za posebne namene;TOU. CUSTOM 17''
136;2378;8.7;1;FORD;FAC-BCFA1TBX-S9AGCSADCAFGE;TOURNEO CUSTOM / 2.0 / 17'' 136 H1L2 320 A6;Nemcija;DEU;osebni avtomobil;180;vecnamensko vozilo;TOURNEO CUSTOM 
136;2378;8.7;1;FORD;FAC-BCFA1TBX-S9AGCSADCAFGE;TOURNOE CUSTOM 17'/2.0 EB H1L2 136 320 A6;Nemcija;DEU;osebni avtomobil;180;vecnamensko vozilo;TOURNOE CUSTOM 17'
136;2378;8.7;1;FORD;FAC-BCFA1TBX-S9AGCSADCAFGE;TOU. CUSTOM 17'/2.0 EB H1L2 136 320 A6;Nemcija;DEU;osebni avtomobil;180;vecnamensko vozilo;TOU. CUSTOM 17'
136;2189;8.7;1;KIA;MBF7D11-A51AZ1;CARNIVAL / 2.9 / D AUT.;Koreja. republika;KOR;osebni avtomobil;194;vecnamensko vozilo;CARNIVAL 
136;1895;8.8;1;LANCIA;841AXN1110;THESIS / 2.4 / JTD 20V AUT.;Italija;ITA;osebni avtomobil;206;limuzina;THESIS 
136;2080;9.01;1;VOLVO;CM7146;XC / 90;ävedska;SWE;osebni avtomobil;190;vecnamensko vozilo;XC 
136;2080;9.01;1;VOLVO;CM7146;XC90 / 2.4 / D5 AUT.;ävedska;SWE;osebni avtomobil;190;vecnamensko vozilo;XC90 
136;2005;9.01;1;VOLVO;CM7146;XC90 / 2.4 / TD AWD AUT.;ävedska;SWE;osebni avtomobil;190;vecnamensko vozilo;XC90 
136;1620;9.1;0;SAAB;YS3EE5E-M5 02;9-5 / ESTATE 2.3 / LPT;ävedska;SWE;osebni avtomobil;225;karavan;09-May
136;2150;9.1;1;VOLVO;CT71-46;XC90 / 2.4 / TD AWD AUT.;ävedska;SWE;osebni avtomobil;190;vecnamensko vozilo;XC90 
136;2144;9.1;1;VOLVO;CZ-7146;XC / 90;ävedska;SWE;osebni avtomobil;190;vecnamensko vozilo;XC 
136;2080;9.1;1;VOLVO;CM7146;XC / 90;ävedska;SWE;osebni avtomobil;190;vecnamensko vozilo;XC 
136;1605;9.4;0;ALFA ROMEO;939EXB1B19;SPIDER / 2.2 / JTS;Italija;ITA;osebni avtomobil;222;kabriolet;SPIDER 
136;1565;9.4;0;ALFA ROMEO;939AXB1B03;159 / 2.2 / JTS;Italija;ITA;osebni avtomobil;222;limuzina;159
136;1545;9.4;0;ALFA ROMEO;939DXB1B07;BRERA / 2.2 / JTS;Italija;ITA;osebni avtomobil;222;kupe;BRERA 
136;1450;9.4;0;ALFA ROMEO;939-EXB1B;SPIDER / 2.2 / JTS;Italija;ITA;osebni avtomobil;222;kabriolet;SPIDER 
136;1615;9.5;0;ALFA ROMEO;939BXB1B11;159 / SW 2.2 / JTS;Italija;ITA;osebni avtomobil;222;karavan;159
136;1409;9.5;0;HONDA;BB815;PRELUDE / 2.2i /  VTEC;Japonska ;JPN;osebni avtomobil;228;kupe;PRELUDE 
136;1315;9.5;0;HONDA;BB-1;PRELUDE / 2.2 / VTEC;Japonska ;JPN;osebni avtomobil;228;kupe;PRELUDE 
137;1443;5.6;0;MAZDA;6WH6CW0CA;CX-30 / X186;Japonska ;JPN;osebni avtomobil;204;karavan;CX-30 
137;1466;6.1;0;MAZDA;6WHACW0AA;CX-30 / X186 / AT;Japonska ;JPN;osebni avtomobil;204;karavan;CX-30 
137;1546;6.6;0;MAZDA;FWHACW0AA;CX-30 / X186 / AWD AT;Japonska ;JPN;osebni avtomobil;204;karavan;CX-30 
138;1645;9.7;0;MERCEDES BENZ;126.024;300 / SE;Nemcija;DEU;osebni avtomobil;210;limuzina;300
139.5;1505;5.7;1;LANCIA;844AXE1A04B;DELTA / 1.9 / JTD;Italija;ITA;osebni avtomobil;222;vecnamensko vozilo;DELTA 
140;2718;10.2;1;LAND ROVER;LAAA1-084;DISCOVERY 3 / 2.7 / d V6 AUT.;Zdruûeno kraljestvo;GBR;osebni avtomobil;180;karavan;DISCOVERY 3 
140;2669;10.2;1;LAND ROVER;LSAA1-024;RANGE ROVER / 2.7;Zdruûeno kraljestvo;GBR;osebni avtomobil;193;limuzina;RANGE ROVER 
140;2669;10.2;1;LAND ROVER;LSAA1-024;RANGE ROVER SPORT / 2.7 / V6 AUT.;Zdruûeno kraljestvo;GBR;osebni avtomobil;193;karavan;RANGE ROVER SPORT 
140;2669;10.2;1;LAND ROVER;LSAA1-024;RANGE ROVER / 2.7;Zdruûeno kraljestvo;GBR;osebni avtomobil;193;karavan;RANGE ROVER 
140;2536;10.2;1;LAND ROVER;LAAA1-034;DISCOVERY 3 / 2.7 / D V6 AUT.;Zdruûeno kraljestvo;GBR;osebni avtomobil;180;karavan;DISCOVERY 3 
140;2536;10.2;1;LAND ROVER;LA-AA1;DISCOVERY / 2.7;Zdruûeno kraljestvo;GBR;osebni avtomobil;180;karavan;DISCOVERY 
140;2718;10.4;1;LAND ROVER;LAAA1-014;DISCOVERY / 2.7;Zdruûeno kraljestvo;GBR;osebni avtomobil;180;limuzina;DISCOVERY 
140;2718;10.4;1;LAND ROVER;LAAA1-044;DISCOVERY 3 / 2.7 / d V6 AUT.;Zdruûeno kraljestvo;GBR;osebni avtomobil;180;karavan;DISCOVERY 3 
140;2590;10.4;1;LAND ROVER;LAAA1-044;DISCOVERY 3 / 2.7 / TDV6 AUT.;Zdruûeno kraljestvo;GBR;osebni avtomobil;180;karavan;DISCOVERY 3 
140;2494;10.4;1;LAND ROVER;LAAA1-057;DISCOVERY 3 / 2.7 TDV6;Zdruûeno kraljestvo;GBR;osebni avtomobil;180;karavan;DISCOVERY 3 
140;1578;3.3;1;VOLVO;MVA851;V40 / 2.0 / TD;ävedska;SWE;osebni avtomobil;190;vecnamensko vozilo;V40 
140;1578;3.7;1;VOLVO;MMVA8-MVA851;V40 / 2.0 / TD;ävedska;SWE;osebni avtomobil;190;vecnamensko vozilo;V40 
140;1584;3.8;1;VOLVO;FFWA8-FWA881;V 60 / 2.0 / TD;ävedska;SWE;osebni avtomobil;225;karavan;V 60 
140;1464;3.8;1;VOLVO;MMVA8-MVA8L1;V 40 / 2.0 / TD;ävedska;SWE;osebni avtomobil;230;vecnamensko vozilo;V 40 
140;1464;3.8;1;VOLVO;MMVA8-MVA8L1;V40 / 2.0 / TD;ävedska;SWE;osebni avtomobil;230;vecnamensko vozilo;V40 
140;1505;3.9;1;AUDI;L2DETAF1-FM6FM6CS005P8W09S57MMEM2;A4 / 2.0 / TDI;Nemcija;DEU;osebni avtomobil;210;limuzina;A4 
140;1485;3.9;1;BMW;2G71-6A240000;220 / COUPE / d AUT.;Nemcija;DEU;osebni avtomobil;230;kupe;220
140;1465;3.9;1;BMW;1S71-6A150000;120 / / d AUT.;Nemcija;DEU;osebni avtomobil;228;karavan;120
140;1636;3.9;1;VOLVO;FFSA8-FSA8C1;S60 / 2.0 / TD;ävedska;SWE;osebni avtomobil;230;limuzina;S60 
140;1547;3.9;1;VOLVO;FFSA8-FSA8C1;S 60 / 2.0 / TD;ävedska;SWE;osebni avtomobil;230;limuzina;S 60 
140;1605;4.1;1;AUDI;A2DETAF1-FD7FD7CK006P8W09S57MMEM2;A4 AVANT / 2.0 / TDI AUT.;Nemcija;DEU;osebni avtomobil;210;karavan;A4 AVANT 
140;1555;4.1;1;AUDI;L2DETAF1-FD7FD7CK006P8W10S57MMEM1;A4 / 2.0 / TDI AUT.;Nemcija;DEU;osebni avtomobil;237;limuzina;A4 
140;1705;4.1;1;BMW;5E51-6A150000;520 / / d AUT.;Nemcija;DEU;osebni avtomobil;233;limuzina;520
140;1635;4.1;1;BMW;JC31-CA1500LD;520 / / d AUT.;Nemcija;DEU;osebni avtomobil;235;limuzina;520
140;1605;4.1;1;BMW;8H91-6A150000;320 / TOURING / D AUT.;Nemcija;DEU;osebni avtomobil;226;karavan;320
140;1485;4.1;1;BMW;2G71-6A240000;220 / COUPE / d AUT.;Nemcija;DEU;osebni avtomobil;230;kupe;220
140;1465;4.1;1;BMW;1S71-6A250000;120 / / d AUT.;Nemcija;DEU;osebni avtomobil;228;karavan;120
140;1450;4.1;1;BMW;1S71-6H150000;120 / / d;Nemcija;DEU;osebni avtomobil;228;karavan;120
140;1505;4.1;1;äKODA;AADFCAX01-NFM6FM6FB003STN617;SUPERB / 2.0 / TDI;Ceöka republika;CZE;osebni avtomobil;237;limuzina;SUPERB 
140;1505;4.1;1;VOLKSWAGEN;AADFCAX0-FM6FM6FB003SV7MMVR261;PASSAT / 2.0 / TDI;Nemcija;DEU;osebni avtomobil;237;limuzina;PASSAT 
140;1580;4.1;1;VOLVO;FFSA8-FSA88D;S60 / 2.0 / TD;ävedska;SWE;osebni avtomobil;230;limuzina;S60 
140;1836;4.2;1;AUDI;LCNHAF1-FD7CK001P4G03S57MMEM2;A6 / 2.0 / TDI AUT.;Nemcija;DEU;osebni avtomobil;232;limuzina;A6 
140;1735;4.2;1;AUDI;LDDDAF1-FD7FD7CK001P4G03S57MMEM2K0;A6 / 2.0 / TDI AUT.;Nemcija;DEU;osebni avtomobil;232;limuzina;A6 
140;1605;4.2;1;AUDI;A2DETAF1-FD7CK006P8W10S57MMEM1;A4 AVANT / 2.0 / TDI AUT.;Nemcija;DEU;osebni avtomobil;231;karavan;A4 AVANT 
140;1595;4.2;1;AUDI;S2DETAF1-FD7FD7CK006P8W33S47MMEM1;A5 / 2.0 / TDI AUT.;Nemcija;DEU;osebni avtomobil;235;vozilo z dviûnimi vrati zadaj;A5 
140;1555;4.2;1;AUDI;L2DETAF1-FD7FD7CK006P8W12S57MMEM1K1;A4 / 2.0 / TDI AUT.;Nemcija;DEU;osebni avtomobil;237;limuzina;A4 
140;1530;4.2;1;BMW;5V51-DAW50000;320 / / d AUT.;Nemcija;DEU;osebni avtomobil;243;limuzina;320
140;1525;4.2;1;BMW;8C51-6A250000;320 / / d AUT.;Nemcija;DEU;osebni avtomobil;230;limuzina;320
140;1525;4.2;1;äKODA;ACDFCAX01-NFM6FM6FB003STN627;SUPERB / COMBI 2.0 / TDI;Ceöka republika;CZE;osebni avtomobil;235;karavan;SUPERB 
140;1590;4.2;1;VOLKSWAGEN;ACDFCAX0-FM6FM6FB003SV7MMVR261;PASSAT / VARIANT 2.0 / TDI;Nemcija;DEU;osebni avtomobil;235;karavan;PASSAT 
140;1505;4.2;1;VOLKSWAGEN;AADFCAX0-FM6FM6FB003SV7MMVR261;PASSAT / 2.0 / TDI;Nemcija;DEU;osebni avtomobil;237;limuzina;PASSAT 
140;1638;4.2;1;VOLVO;FFZA8-FZA8C1;V 60 Cross Country / 2.0 / TD;ävedska;SWE;osebni avtomobil;210;karavan;V 60 Cross Country 
140;1615;4.2;1;VOLVO;MVA8LD;V40 / 2.0 / TD AUT.;ävedska;SWE;osebni avtomobil;230;vecnamensko vozilo;V40 
140;1486;4.2;1;VOLVO;MMVA8-MVA8LD;V 40 / 2.0 / TD AUT.;ävedska;SWE;osebni avtomobil;230;vecnamensko vozilo;V 40 
140;1735;4.3;1;AUDI;LCNHAF1-FD7CK001P4G04S57MMEM2;A6 / 2.0 / TDI AUT.;Nemcija;DEU;osebni avtomobil;232;limuzina;A6 
140;1605;4.3;1;AUDI;A2DETAF1-FD7FD7CK006P8W12S57MMEM1K1;A4 AVANT / 2.0 / TDI AUT.;Nemcija;DEU;osebni avtomobil;231;karavan;A4 AVANT 
140;1595;4.3;1;AUDI;S2DETAF1-FD7FD7CK006P8W34S57MMEM1;A5 / 2.0 / TDI AUT.;Nemcija;DEU;osebni avtomobil;235;vozilo z dviûnimi vrati zadaj;A5 
140;1595;4.3;1;AUDI;S2DETAF1-FD7FD7CK006P8W42S57MMEM2;A5 / 2.0 / TDI AUT.;Nemcija;DEU;osebni avtomobil;210;vozilo z dviûnimi vrati zadaj;A5 
140;1565;4.3;1;AUDI;C2DETAF1-FD7FD7CK006P8W35S47MMEM1K1;A5 / 2.0 / TDI AUT.;Nemcija;DEU;osebni avtomobil;238;kupe;A5 
140;1525;4.3;1;AUDI;L2DETAF1-FM6FM6CS004P8W10S57MMEM1K1;A4 / 2.0 / TDI;Nemcija;DEU;osebni avtomobil;240;limuzina;A4 
140;1735;4.3;1;BMW;JM71-CA1500L0;520 / TOURING / d AUT.;Nemcija;DEU;osebni avtomobil;225;karavan;520
140;1705;4.3;1;BMW;5E51-6A250000;520 / / d AUT.;Nemcija;DEU;osebni avtomobil;233;limuzina;520
140;1695;4.3;1;BMW;5E51-6H150000;520 / / d;Nemcija;DEU;osebni avtomobil;236;limuzina;520
140;1670;4.3;1;BMW;8T31-6A1500L0;320 / GT / d AUT.;Nemcija;DEU;osebni avtomobil;226;limuzina;320
140;1635;4.3;1;BMW;JC31-CA2500N0;520 / / d AUT.;Nemcija;DEU;osebni avtomobil;235;limuzina;520
140;1615;4.3;1;BMW;4E91-6A250000;420 / d AUT.;Nemcija;DEU;osebni avtomobil;231;limuzina;420
140;1605;4.3;1;BMW;8H91-6A250000;320 / TOURING / d AUT.;Nemcija;DEU;osebni avtomobil;226;karavan;320
140;1585;4.3;1;BMW;8H91-6H150000;320 / TOURING / d;Nemcija;DEU;osebni avtomobil;230;karavan;320
140;1575;4.3;1;BMW;4P71-6A240000;420 / COUPE / d AUT.;Nemcija;DEU;osebni avtomobil;232;kupe;420
140;1505;4.3;1;BMW;2C31-6A1500C0;220 / / d ACTIVE TOURER AUT.;Nemcija;DEU;osebni avtomobil;225;karavan;220
140;1465;4.3;1;BMW;1S71-6A350000;120 / / d AUT.;Nemcija;DEU;osebni avtomobil;228;karavan;120
140;1450;4.3;1;BMW;1S71-6H250000;120 / / d;Nemcija;DEU;osebni avtomobil;228;karavan;120
140;1445;4.3;1;BMW;1W71-6H240000;120 / / D;Nemcija;DEU;osebni avtomobil;228;karavan;120
140;1590;4.3;1;VOLKSWAGEN;ACDFCAX0-FM6FM6FB003SV7MMVR262;PASSAT / VARIANT 2.0 / TDI;Nemcija;DEU;osebni avtomobil;235;karavan;PASSAT 
140;1603;4.3;1;VOLVO;FFWA8-FWA88D;V 60 / 2.0 / TD AUT.;ävedska;SWE;osebni avtomobil;225;karavan;V 60 
140;1603;4.3;1;VOLVO;FFWA8-FWA88D;V 60 / 2.0 / TD AUT.;ävedska;SWE;osebni avtomobil;210;karavan;V 60 
140;1578;4.3;1;VOLVO;FFSA8-FSA8CD;S 60 / 2.0 / TD AUT.;ävedska;SWE;osebni avtomobil;230;limuzina;S 60 
140;1493;4.3;1;VOLVO;MMZA8-MZA8LD;V 40 Cross Country / 2.0 / TD AUT.;ävedska;SWE;osebni avtomobil;210;vecnamensko vozilo;V 40 Cross Country 
140;1493;4.3;1;VOLVO;MMZA8-MZA8LD;V40 Cross Country / 2.0 / TD AUT.;ävedska;SWE;osebni avtomobil;210;vecnamensko vozilo;V40 Cross Country 
140;1888;4.4;1;AUDI;ACNHAF1-FD7CK001P4G03S57MMEM2;A6 / AVANT 2.0 / TDI AUT.;Nemcija;DEU;osebni avtomobil;226;karavan;A6 
140;1844;4.4;1;AUDI;ADDDAF1-FD7FD7CK001P4G03S57MMEM2;A6 / AVANT 2.0 / TDI AUT.;Nemcija;DEU;osebni avtomobil;226;karavan;A6 
140;1797;4.4;1;AUDI;LCNHAF1-FM6CS002P4G03S57MMEM2;A6 / 2.0 / TDI;Nemcija;DEU;osebni avtomobil;232;limuzina;A6 
140;1735;4.4;1;AUDI;LCNHAF1-FD7CK001P4G06S57MMEM2;A6 / 2.0 / TDI AUT.;Nemcija;DEU;osebni avtomobil;232;limuzina;A6 
140;1658;4.4;1;AUDI;S2DETAF1-FM6FM6CS007P8W34S47MMEM1;A5 / 2.0 / TDI;Nemcija;DEU;osebni avtomobil;235;vozilo z dviûnimi vrati zadaj;A5 
140;1650;4.4;1;AUDI;L2DETAQ1-QD7CL002P8W11S57MMEM1;A4 / 2.0 / TDI Q AUT.;Nemcija;DEU;osebni avtomobil;235;limuzina;A4 
140;1605;4.4;1;AUDI;A2DETAF1-FD7CK006P8W13S57MMEM1;A4 AVANT / 2.0 / TDI AUT.;Nemcija;DEU;osebni avtomobil;231;karavan;A4 AVANT 
140;1595;4.4;1;AUDI;S2DETAF1-FD7FD7CK006P8W35S57MMEM1;A5 / 2.0 / TDI AUT.;Nemcija;DEU;osebni avtomobil;235;vozilo z dviûnimi vrati zadaj;A5 
140;1590;4.4;1;AUDI;A2DETAF1-FM6FM6CS007P8W10S57MMEM1;A4 AVANT / 2.0 / TDI;Nemcija;DEU;osebni avtomobil;235;karavan;A4 AVANT 
140;1575;4.4;1;AUDI;S2DETAF1-FM6FM6CS007P8W34S57MMEM1;A5 / 2.0 / TDI;Nemcija;DEU;osebni avtomobil;235;vozilo z dviûnimi vrati zadaj;A5 
140;1535;4.4;1;AUDI;C2DETAF1-FM6FM6CS007P8W34S47MMEM1K1;A5 / 2.0 / TDI;Nemcija;DEU;osebni avtomobil;210;kupe;A5 
140;1525;4.4;1;AUDI;L2DETAF1-FM6FM6CS004P8W12S57MMEM1K1;A4 / 2.0 / TDI;Nemcija;DEU;osebni avtomobil;240;limuzina;A4 
140;1780;4.4;1;BMW;31DW-DAW5000M;520 / / d xDrive AUT.;Nemcija;DEU;osebni avtomobil;232;limuzina;520
140;1660;4.4;1;BMW;6L51-DAW500T0;320 / TOURING / d AUT.;Nemcija;DEU;osebni avtomobil;229;karavan;320
140;1635;4.4;1;BMW;4P91-6A140000;420 / COUPE / d xDrive AUT.;Nemcija;DEU;osebni avtomobil;230;kupe;420
140;1630;4.4;1;BMW;2L71-6A340000;220 / CABRIO / d AUT.;Nemcija;DEU;osebni avtomobil;225;kabriolet;220
140;1615;4.4;1;BMW;JC31-CH2500M0;520 / / d;Nemcija;DEU;osebni avtomobil;238;limuzina;520
140;1570;4.4;1;BMW;2E71-6A1500C0;220 / / D GRAN TOURER AUT.;Nemcija;DEU;osebni avtomobil;220;karavan;220
140;1530;4.4;1;BMW;5V51-DAW50000;320 / / d AUT.;Nemcija;DEU;osebni avtomobil;243;limuzina;320
140;1525;4.4;1;BMW;8C51-6A350000;320 / / d AUT.;Nemcija;DEU;osebni avtomobil;230;limuzina;320
140;1505;4.4;1;BMW;2C31-6A2500C0;220 / / d ACTIVE TOURER AUT.;Nemcija;DEU;osebni avtomobil;225;karavan;220
140;1480;4.4;1;BMW;2C31-6H1500C0;220 / / D ACTIVE TOURER;Nemcija;DEU;osebni avtomobil;227;karavan;220
140;1480;4.4;1;MINI;LR51-6A2500C0;CLUBMAN COOPER SD / / AUT.;Nemcija;DEU;osebni avtomobil;225;karavan;CLUBMAN COOPER SD 
140;1580;4.4;1;äKODA;ACDFCAX01-NFM6FM6FB003STN627;SUPERB / COMBI 2.0 / TDI;Ceöka republika;CZE;osebni avtomobil;235;karavan;SUPERB 
140;1720;4.4;1;VOLVO;PPSA8-PSA8BD;S 90 / 2.0 / TD AUT.;ävedska;SWE;osebni avtomobil;230;limuzina;S 90 
140;1700;4.4;1;VOLVO;PPSA8-PSA8B1;S 90 / 2.0 / TD;ävedska;SWE;osebni avtomobil;230;limuzina;S 90 
140;1608;4.4;1;VOLVO;FFWA8-FWA8CD;V60 / 2.0 / TD AUT.;Italija;ITA;osebni avtomobil;225;karavan;V60 
140;1608;4.4;1;VOLVO;FFWA8-FWA8CD;V 60 / 2.0 / TD AUT.;ävedska;SWE;osebni avtomobil;225;karavan;V 60 
140;1655;4.47;1;BMW;8H91-6AW50000;320 / TOURING / D AUT.;Nemcija;DEU;osebni avtomobil;226;karavan;320
140;1906;4.5;1;AUDI;ADDDAF1-FD7FD7CK001P4G04S57MMEM2;A6 / AVANT 2.0 / TDI AUT.;Nemcija;DEU;osebni avtomobil;226;karavan;A6 
140;1800;4.5;1;AUDI;ACNHAF1-FD7CK001P4G04S57MMEM2;A6 / AVANT 2.0 / TDI AUT.;Nemcija;DEU;osebni avtomobil;226;karavan;A6 
140;1773;4.5;1;AUDI;A2DETAQ1-QD7QD7CL002P8W10S57MMEM1K1;A4 AVANT / 2.0 / TDI Q AUT.;Nemcija;DEU;osebni avtomobil;230;karavan;A4 AVANT 
140;1765;4.5;1;AUDI;ACNHAF1-FM6CS002P4G02S57MMEM2;A6 / AVANT 2.0 / TDI;Nemcija;DEU;osebni avtomobil;226;karavan;A6 
140;1754;4.5;1;AUDI;A2DETAQ1-QD7CL002P8W10S57MMEM1;A4 AVANT / 2.0 / TDI Q AUT.;Nemcija;DEU;osebni avtomobil;230;karavan;A4 AVANT 
140;1700;4.5;1;AUDI;LCNHAF1-FM6CS002R4G60S57MMEM2;A6 / 2.0 / TDI;Nemcija;DEU;osebni avtomobil;232;limuzina;A6 
140;1690;4.5;1;AUDI;A2DETAQ1-QD7QD7CL002P8W10S57MMEM1;A4 AVANT / 2.0 / TDI Q AUT.;Nemcija;DEU;osebni avtomobil;230;karavan;A4 AVANT 
140;1690;4.5;1;AUDI;A2DETAQ1-QD7QD7CL002P8W10S57MMEM1K1;A4 AVANT 2.0 / TDI Q AUT.;Nemcija;DEU;osebni avtomobil;230;karavan;A4 AVANT 2.0 
140;1680;4.5;1;AUDI;SCNHAF1-FAV8W001RB8T1S47MMEM1;A5 / 2.0 / TDI AUT.;Nemcija;DEU;osebni avtomobil;230;vozilo z dviûnimi vrati zadaj;A5 
140;1675;4.5;1;AUDI;S2DETAQ1-QD7QD7CL002P8W33S57MMEM1;A5 / 2.0 / TDI Q AUT.;Nemcija;DEU;osebni avtomobil;235;vozilo z dviûnimi vrati zadaj;A5 
140;1650;4.5;1;AUDI;L2DETAQ1-QD7QD7CL002P8W12S57MMEM1;A4 / 2.0 / TDI Q AUT.;Nemcija;DEU;osebni avtomobil;235;limuzina;A4 
140;1650;4.5;1;AUDI;LCNHAF1-FAV8W001PB827S57MMEM1;A4 / 2.0 / TDI AUT.;Nemcija;DEU;osebni avtomobil;230;limuzina;A4 
140;1615;4.5;1;AUDI;LCNHAF1-FM6B1002PB827S57MMEM1;A4 / 2.0 / TDI;Nemcija;DEU;osebni avtomobil;240;limuzina;A4 
140;1590;4.5;1;AUDI;A2DETAF1-FM6FM6CS004P8W12S57MMEM1K1;A4 AVANT / 2.0 / TDI;Nemcija;DEU;osebni avtomobil;235;karavan;A4 AVANT 
140;1525;4.5;1;AUDI;L2DETAF1-FM6FM6CS007P8W13S57MMEM1K1;A4 / 2.0 / TDI;Nemcija;DEU;osebni avtomobil;240;limuzina;A4 
140;1810;4.5;1;BMW;5L31-6A150000;520 / TOURING / d AUT.;Nemcija;DEU;osebni avtomobil;226;karavan;520
140;1805;4.5;1;BMW;5E71-6A150000;520 / / d xDrive AUT.;Nemcija;DEU;osebni avtomobil;230;limuzina;520
140;1765;4.5;1;BMW;31DZ-IAA500B0;320 / TOURING / d xDrive AUT.;Nemcija;DEU;osebni avtomobil;225;karavan;320
140;1735;4.5;1;BMW;JM71-CA2500MD;520 / TOURING / d AUT.;Nemcija;DEU;osebni avtomobil;225;karavan;520
140;1735;4.5;1;BMW;8Y91-6A150000;320 / GT / d xDrive AUT.;Nemcija;DEU;osebni avtomobil;225;limuzina;320
140;1705;4.5;1;BMW;5E51-6A350000;520 / / d AUT.;Nemcija;DEU;osebni avtomobil;233;limuzina;520
140;1695;4.5;1;BMW;5E51-6H250000;520 / / D;Nemcija;DEU;osebni avtomobil;236;limuzina;520
140;1695;4.5;1;BMW;JC51-CA1500L0;520 / / d xDrive AUT.;Nemcija;DEU;osebni avtomobil;232;limuzina;520
140;1690;4.5;1;BMW;4F11-6A150000;420 / d xDrive AUT.;Nemcija;DEU;osebni avtomobil;230;limuzina;420
140;1680;4.5;1;BMW;8J11-6A150000;320 / TOURING / d xDrive AUT.;Nemcija;DEU;osebni avtomobil;222;karavan;320
140;1670;4.5;1;BMW;JF31-DAW500L0;520 / / d AUT.;Nemcija;DEU;osebni avtomobil;235;limuzina;520
140;1670;4.5;1;BMW;8T31-6A2500L0;320 / GT / D AUT.;Nemcija;DEU;osebni avtomobil;226;limuzina;320
140;1655;4.5;1;BMW;8H91-6AW50000;320 / TOURING / d AUT.;Nemcija;DEU;osebni avtomobil;226;karavan;320
140;1615;4.5;1;BMW;4X31-DAW400B0;420 / COUPE / d AUT.;Nemcija;DEU;osebni avtomobil;232;kupe;420
140;1615;4.5;1;BMW;2E71-6A1700C0;220 / / d GRAN TOURER AUT.;Nemcija;DEU;osebni avtomobil;220;karavan;220
140;1610;4.5;1;BMW;8C91-6A250000;320 / / d xDrive AUT.;Nemcija;DEU;osebni avtomobil;228;limuzina;320
140;1605;4.5;1;BMW;8H91-6A350700;320 / TOURING / d AUT.;Nemcija;DEU;osebni avtomobil;226;karavan;320
140;1595;4.5;1;BMW;4E91-6H250000;420 / d;Nemcija;DEU;osebni avtomobil;240;limuzina;420
140;1585;4.5;1;BMW;8H91-6H250000;320 / TOURING / d;Nemcija;DEU;osebni avtomobil;230;karavan;320
140;1565;4.5;1;BMW;2U31-6A240000;220 / COUPE / d xDrive AUT.;Nemcija;DEU;osebni avtomobil;225;kupe;220
140;1530;4.5;1;BMW;1T11-6A250000;120 / / D XDRIVE AUT.;Nemcija;DEU;osebni avtomobil;222;karavan;120
140;1525;4.5;1;BMW;1X11-6A250700;120 / / d xDrive AUT.;Nemcija;DEU;osebni avtomobil;222;karavan;120
140;1450;4.5;1;BMW;1S71-6H350000;120 / / d;Nemcija;DEU;osebni avtomobil;228;karavan;120
140;1573;4.5;1;äKODA;AADFHAX01-NFD7FD7GC0047CNSTN1C7A;SUPERB / 2.0 / TDI AUT.;Ceöka republika;CZE;osebni avtomobil;234;limuzina;SUPERB 
140;1555;4.5;1;äKODA;AADFCAX01-NFD6FD6D9002STN617;SUPERB / 2.0 / TDI AUT.;Ceöka republika;CZE;osebni avtomobil;235;limuzina;SUPERB 
140;1549;4.5;1;VOLKSWAGEN;AADFCAX0-FD6FD6D9002SH7MMVR261;PASSAT / 2.0 / TDI AUT.;Nemcija;DEU;osebni avtomobil;235;limuzina;PASSAT 
140;1879;4.5;1;VOLVO;PPWA8-PWA8BD;V 90 / 2.0 / TD AUT.;ävedska;SWE;osebni avtomobil;225;karavan;V 90 
140;1854;4.5;1;VOLVO;DDZA8-DZA8C1;XC 60 / 2.0 / TD;ävedska;SWE;osebni avtomobil;210;karavan;XC 60 
140;1854;4.5;1;VOLVO;DDZA8-DZA8C1;XC60 / 2.0 / TD;ävedska;SWE;osebni avtomobil;210;karavan;XC60 
140;1841;4.5;1;VOLVO;PPWA8-PWA8B1;V 90 / 2.0 / TD;ävedska;SWE;osebni avtomobil;225;karavan;V 90 
140;1752;4.5;1;VOLVO;ZZWA8-ZWA8VD0;V60 / 2.0 / TD / AUT. FWD;ävedska;SWE;osebni avtomobil;220;karavan;V60 
140;1800;4.6;1;AUDI;ACNHAF1-FD7CK001R4G71S57MMEM2;A6 / AVANT 2.0 / TDI AUT.;Nemcija;DEU;osebni avtomobil;226;karavan;A6 
140;1765;4.6;1;AUDI;ACNHAF1-FM6CS002P4G03S57MMEM2;A6 / AVANT 2.0 / TDI;Nemcija;DEU;osebni avtomobil;226;karavan;A6 
140;1690;4.6;1;AUDI;A2DETAQ1-QD7QD7CL002P8W12S57MMEM1K1;A4 AVANT / 2.0 / TDI Q AUT.;Nemcija;DEU;osebni avtomobil;230;karavan;A4 AVANT 
140;1675;4.6;1;AUDI;S2DETAQ1-QD7QD7CL002P8W34S57MMEM1;A5 / 2.0 / TDI Q AUT.;Nemcija;DEU;osebni avtomobil;235;vozilo z dviûnimi vrati zadaj;A5 
140;1665;4.6;1;AUDI;A2DETAQ1-QM6QM6CX001P8W10S57MMEM1;A4 AVANT / 2.0 / TDI Q;Nemcija;DEU;osebni avtomobil;234;karavan;A4 AVANT 
140;1655;4.6;1;AUDI;SCNHAF1-FM6B1002RB8T1S57MMEM1;A5 / 2.0 / TDI;Nemcija;DEU;osebni avtomobil;238;vozilo z dviûnimi vrati zadaj;A5 
140;1590;4.6;1;AUDI;A2DETAF1-FM6FM6CS007P8W13S57MMEM1;A4 AVANT / 2.0 / TDI;Nemcija;DEU;osebni avtomobil;235;karavan;A4 AVANT 
140;1800;4.6;1;BMW;5L31-6H150000;520 / TOURING / D;Nemcija;DEU;osebni avtomobil;229;karavan;520
140;1690;4.6;1;BMW;31AE-DAW500L0;X1 / xDrive20 / d AUT.;Nemcija;DEU;osebni avtomobil;219;karavan;X1 
140;1670;4.6;1;BMW;JF31-DAW50000;520 / / d AUT.;Nemcija;DEU;osebni avtomobil;235;limuzina;520
140;1670;4.6;1;BMW;8T31-6A350000;320 / GT / d AUT.;Nemcija;DEU;osebni avtomobil;226;limuzina;320
140;1655;4.6;1;BMW;8Y71-6H150000;320 / GT / D;Nemcija;DEU;osebni avtomobil;230;limuzina;320
140;1615;4.6;1;BMW;5V71-DAW50000;320 / / d xDrive AUT.;Nemcija;DEU;osebni avtomobil;233;limuzina;320
140;1585;4.6;1;BMW;8C51-6AW50000;320 / / d AUT.;Nemcija;DEU;osebni avtomobil;230;limuzina;320
140;1585;4.6;1;BMW;2C51-6A1500C0;220 / / d xDrive ACTIVE TOURER AUT.;Nemcija;DEU;osebni avtomobil;223;karavan;220
140;1505;4.6;1;BMW;1S71-6AW50700;120 / / d AUT.;Nemcija;DEU;osebni avtomobil;228;karavan;120
140;1460;4.6;1;MINI;LR51-6H2500C0;CLUBMAN COOPER SD /;Nemcija;DEU;osebni avtomobil;225;karavan;CLUBMAN COOPER SD 
140;1610;4.6;1;äKODA;ACDFHAX01-NFD7FD7GC004STN617;SUPERB / COMBI 2.0 / TDI AUT.;Ceöka republika;CZE;osebni avtomobil;232;karavan;SUPERB 
140;1580;4.6;1;äKODA;ACDFHAX01-NFM6FM6FB003STN627;SUPERB / COMBI 2.0 / TDI;Ceöka republika;CZE;osebni avtomobil;235;karavan;SUPERB 
140;1575;4.6;1;äKODA;ACDFCAX01-NFD6FD6D9002STN627;SUPERB / COMBI 2.0 / TDI AUT.;Ceöka republika;CZE;osebni avtomobil;233;karavan;SUPERB 
140;1555;4.6;1;äKODA;AADFHAX01-NFM6FM6FB003STN627;SUPERB / 2.0 / TDI;Ceöka republika;CZE;osebni avtomobil;237;limuzina;SUPERB 
140;1555;4.6;1;äKODA;AADFCAX01-NFD6FD6D9002ST627;SUPERB / 2.0 / TDI AUT.;Ceöka republika;CZE;osebni avtomobil;235;limuzina;SUPERB 
140;1625;4.6;1;VOLKSWAGEN;ABDFHAX0-FM6FM6FB003V7MVVR263;ARTEON / 2.0 / TDI;Nemcija;DEU;osebni avtomobil;240;vozilo z dviûnimi vrati zadaj;ARTEON 
140;1615;4.6;1;VOLKSWAGEN;DFHAAC-FD6FD6D90027MMS50VR261;TOURAN / 2.0 / TDI AUT.;Nemcija;DEU;osebni avtomobil;220;karavan;TOURAN 
140;1591;4.6;1;VOLKSWAGEN;ACDFHAX0-FD7FD7GC004SV7MVVR261;PASSAT / VARIANT 2.0 / TDI AUT.;Nemcija;DEU;osebni avtomobil;227;karavan;PASSAT 
140;1587;4.6;1;VOLKSWAGEN;ACDDAAX0-FD6FD6D9002SH7MMVR261;PASSAT / VARIANT 2.0 / TDI AUT.;Nemcija;DEU;osebni avtomobil;233;karavan;PASSAT 
140;1581;4.6;1;VOLKSWAGEN;ACDDAAX0-FD6FD6D9002SV7MMVR261;PASSAT / VARIANT 2.0 / TDI AUT.;Nemcija;DEU;osebni avtomobil;233;karavan;PASSAT 
140;1549;4.6;1;VOLKSWAGEN;AADFCAX0-FD6FD6D9002SV7MMVR262;PASSAT / 2.0 / TDI AUT.;Nemcija;DEU;osebni avtomobil;235;limuzina;PASSAT 
140;1733;4.6;1;VOLVO;PPSA8-PSA8UD0;S90 / 2.0 / TD AUT. FWD;ävedska;SWE;osebni avtomobil;230;limuzina;S90 
140;1733;4.6;1;VOLVO;PPSA8-PSA8VD0;S90 / 2.0 / TD AUT. FWD;ävedska;SWE;osebni avtomobil;180;limuzina;S90 
140;1665;4.6;1;VOLVO;FFZA8-FZA8CD;V 60 CROSS COUNTRY / 2.0 / TD AUT.;ävedska;SWE;osebni avtomobil;210;karavan;V 60 CROSS COUNTRY 
140;1665;4.6;1;VOLVO;FFZA8-FZA8CD;V60 Cross Country / 2.0 / TD AUT.;ävedska;SWE;osebni avtomobil;210;karavan;V60 Cross Country 
140;1820;4.7;1;AUDI;KCNHAF1-FAV8W001RB8T1S47MMEM1;A5 CABRIOLET / 2.0 / TDI AUT.;Nemcija;DEU;osebni avtomobil;226;kabriolet;A5 CABRIOLET 
140;1800;4.7;1;AUDI;ACNHAF1-FD7CK001P4G04S57MMEM2;A6 / AVANT 2.0 / TDI AUT.;Nemcija;DEU;osebni avtomobil;226;karavan;A6 
140;1705;4.7;1;AUDI;ACNHAF1-FAV8W001RB8K2S57MMEM1;A4 AVANT / 2.0 / TDI AUT.;Nemcija;DEU;osebni avtomobil;222;karavan;A4 AVANT 
140;1690;4.7;1;AUDI;A2DETAQ1-QD7QD7CL002P8W13S57MMEM1;A4 AVANT / 2.0 / TDI Q AUT.;Nemcija;DEU;osebni avtomobil;230;karavan;A4 AVANT 
140;1675;4.7;1;AUDI;S2DETAQ1-QD7QD7CL002P8W35S57MMEM1;A5 / 2.0 / TDI Q AUT.;Nemcija;DEU;osebni avtomobil;235;vozilo z dviûnimi vrati zadaj;A5 
140;1670;4.7;1;AUDI;ACNHAF1-FM6B1002RB8KBS57MMEM1;A4 AVANT / 2.0 / TDI;Nemcija;DEU;osebni avtomobil;232;karavan;A4 AVANT 
140;1810;4.7;1;BMW;5L31-6A250000;520 / TOURING / D AUT.;Nemcija;DEU;osebni avtomobil;226;karavan;520
140;1805;4.7;1;BMW;5E71-6A250000;520 / / d xDrive AUT.;Nemcija;DEU;osebni avtomobil;230;limuzina;520
140;1790;4.7;1;BMW;8S11-6A240700;420 / CABRIO / d AUT.;Nemcija;DEU;osebni avtomobil;228;kabriolet;420
140;1760;4.7;1;BMW;JP31-DAW50000;520 / TOURING / d AUT.;Nemcija;DEU;osebni avtomobil;225;karavan;520
140;1735;4.7;1;BMW;8Y91-6A250000;320 / GT / d xDrive AUT.;Nemcija;DEU;osebni avtomobil;225;limuzina;320
140;1735;4.7;1;BMW;6L71-DAW500K0;320 / TOURING / d xDrive AUT.;Nemcija;DEU;osebni avtomobil;225;karavan;320
140;1735;4.7;1;BMW;JM71-CAW50000;520 / TOURING / d AUT.;Nemcija;DEU;osebni avtomobil;225;karavan;520
140;1730;4.7;1;BMW;JM71-CH2500M0;520 / TOURING / d;Nemcija;DEU;osebni avtomobil;230;karavan;520
140;1725;4.7;1;BMW;JF51-DAW500N0;520 / / d xDrive AUT.;Nemcija;DEU;osebni avtomobil;232;limuzina;520
140;1695;4.7;1;BMW;JC51-CA25000D;520 / / d xDrive AUT.;Nemcija;DEU;osebni avtomobil;232;limuzina;520
140;1695;4.7;1;BMW;31AE-IAW500L0;X1 / xDrive20 / d AUT.;Nemcija;DEU;osebni avtomobil;219;karavan;X1 
140;1690;4.7;1;BMW;31AE-DAW500L0;X1 / xDrive20 / d AUT.;Nemcija;DEU;osebni avtomobil;219;karavan;X1 
140;1680;4.7;1;BMW;8J11-6A250000;320 / TOURING / d xDrive AUT.;Nemcija;DEU;osebni avtomobil;222;karavan;320
140;1675;4.7;1;BMW;YL11-DAW500L0;X2 / xDrive 20 / d AUT.;Nemcija;DEU;osebni avtomobil;221;karavan;X2 
140;1655;4.7;1;BMW;8Y71-6H250000;320 / GT / d;Nemcija;DEU;osebni avtomobil;230;limuzina;320
140;1635;4.7;1;BMW;JC31-CAW50000;520 / / D AUT.;Nemcija;DEU;osebni avtomobil;235;limuzina;520
140;1635;4.7;1;BMW;4P91-6A240000;420 / COUPE / d xDrive AUT.;Nemcija;DEU;osebni avtomobil;230;kupe;420
140;1585;4.7;1;BMW;8H91-6H350000;320 / TOURING / d;Nemcija;DEU;osebni avtomobil;230;karavan;320
140;1530;4.7;1;BMW;1T11-6A350000;120 / / d xDrive AUT.;Nemcija;DEU;osebni avtomobil;222;karavan;120
140;1610;4.7;1;äKODA;ACDFHAX01-NFD7FD7GC004STN627;SUPERB / COMBI 2.0 / TDI AUT.;Ceöka republika;CZE;osebni avtomobil;232;karavan;SUPERB 
140;1600;4.7;1;äKODA;ACDFCAX01-NFD6FD6D9002STN627;SUPERB / COMBI 2.0 / TDI AUT.;Ceöka republika;CZE;osebni avtomobil;233;karavan;SUPERB 
140;1585;4.7;1;äKODA;AADFHAX01-NFD7FD7GC004STN627;SUPERB / 2.0 / TDI AUT.;Ceöka republika;CZE;osebni avtomobil;234;limuzina;SUPERB 
140;1575;4.7;1;äKODA;AADFCAX01-NFD6FD6D9002STN627;SUPERB / 2.0 / TDI AUT.;Ceöka republika;CZE;osebni avtomobil;235;limuzina;SUPERB 
140;1656;4.7;1;VOLKSWAGEN;DFHAAF-FD6FD6D90027MMS72VR264;TOURAN / 2.0 / TDI AUT.;Nemcija;DEU;osebni avtomobil;220;vecnamensko vozilo;TOURAN 
140;1651;4.7;1;VOLKSWAGEN;ABDFHAX0-FD7FD7GC004V7MVVR263;ARTEON / 2.0 / TDI AUT.;Nemcija;DEU;osebni avtomobil;238;vozilo z dviûnimi vrati zadaj;ARTEON 
140;1615;4.7;1;VOLKSWAGEN;DFHAAC-FD6FD6D90027MMS50VR261;TOURAN / 2.0 / TDI AUT.;Nemcija;DEU;osebni avtomobil;220;karavan;TOURAN 
140;1591;4.7;1;VOLKSWAGEN;ACDFHAX0-FD7FD7GC004SV7MVVR262;PASSAT / VARIANT 2.0 / TDI AUT.;Nemcija;DEU;osebni avtomobil;227;karavan;PASSAT 
140;1865;4.7;1;VOLVO;DDZA8-DZA8CD;XC 60 / 2.0 / TD AUT.;ävedska;SWE;osebni avtomobil;210;karavan;XC 60 
140;1791;4.7;1;VOLVO;PPSA8-PSA8BC;S 90 / 2.0 / TD AUT. AWD;ävedska;SWE;osebni avtomobil;230;limuzina;S 90 
140;1752;4.7;1;VOLVO;ZZWA8-ZWA8TD0;V60 / 2.0 / TD / AUT. FWD;ävedska;SWE;osebni avtomobil;220;karavan;V60 
140;1739;4.7;1;VOLVO;ZZWA8-ZWA8TD;V60 / 2.0 / TD / AUT . FWD;ävedska;SWE;osebni avtomobil;220;karavan;V60 
140;1733;4.7;1;VOLVO;PPSA8-PSA8TD;S90 / 2.0 / TD / AUT. FWD;ävedska;SWE;osebni avtomobil;230;limuzina;S90 
140;1728;4.7;1;VOLVO;DDZA8-DZA8CD;XC60 / 2.0 / TD AUT.;ävedska;SWE;osebni avtomobil;210;karavan;XC60 
140;1675;4.71;1;BMW;YL11-DAW500L0;X2 / xDrive 20 / d AUT.;Nemcija;DEU;osebni avtomobil;221;karavan;X2 
140;1845;4.8;1;AUDI;XCNHAF1-FD7CK007P8R077MMEM1N;Q5 / 2.0 / TDI AUT.;Nemcija;DEU;osebni avtomobil;211;karavan;Q5 
140;1680;4.8;1;AUDI;SCNHAF1-FAV8W001PB812S57MMEM1;A5 / 2.0 / TDI AUT.;Nemcija;DEU;osebni avtomobil;230;vozilo z dviûnimi vrati zadaj;A5 
140;1665;4.8;1;AUDI;A2DETAQ1-QM6QM6CX001P8W12S57MMEM1;A4 AVANT / 2.0 / TDI Q;Nemcija;DEU;osebni avtomobil;234;karavan;A4 AVANT 
140;1655;4.8;1;AUDI;SCNHAF1-FM6B1002PB812S57MMEM1;A5 / 2.0 / TDI;Nemcija;DEU;osebni avtomobil;238;vozilo z dviûnimi vrati zadaj;A5 
140;1945;4.8;1;BMW;5L51-6A150000;520 / TOURING / D XDRIVE AUT.;Nemcija;DEU;osebni avtomobil;220;karavan;520
140;1800;4.8;1;BMW;5L31-6H250000;520 / TOURING / d;Nemcija;DEU;osebni avtomobil;229;karavan;520
140;1760;4.8;1;BMW;JP31-DAW500L0;520 / TOURING / D AUT.;Nemcija;DEU;osebni avtomobil;225;karavan;520
140;1750;4.8;1;BMW;31BL-IAA500L0;520 / / d AUT.;Nemcija;DEU;osebni avtomobil;235;limuzina;520
140;1735;4.8;1;BMW;8T51-6A350000;320 / GT / D XDRIVE AUT.;Nemcija;DEU;osebni avtomobil;225;limuzina;320
140;1725;4.8;1;BMW;JF51-DAW500N0;520 / / d xDrive AUT.;Nemcija;DEU;osebni avtomobil;232;limuzina;520
140;1695;4.8;1;BMW;31AE-IAW500L0;X1 / xDrive20 / d AUT.;Nemcija;DEU;osebni avtomobil;219;karavan;X1 
140;1690;4.8;1;BMW;4F11-6A250000;420 / d xDrive AUT.;Nemcija;DEU;osebni avtomobil;230;limuzina;420
140;1690;4.8;1;BMW;JJ11-DAW50000;X1 / xDrive20 / d AUT.;Nemcija;DEU;osebni avtomobil;219;karavan;X1 
140;1690;4.8;1;BMW;6X51-CAW50000;220 / GRAN TOURER / d xDrive AUT.;Nemcija;DEU;osebni avtomobil;218;karavan;220
140;1675;4.8;1;BMW;YL11-CA250000;X2 / xDrive 20 / d AUT.;Nemcija;DEU;osebni avtomobil;221;karavan;X2 
140;1615;4.8;1;BMW;5V71-DAW50000;320 / / D XDRIVE AUT.;Nemcija;DEU;osebni avtomobil;233;limuzina;320
140;1615;4.8;1;BMW;HU31-6H1500C0;X1 / xDrive 20 / d;Nemcija;DEU;osebni avtomobil;220;karavan;X1 
140;1585;4.8;1;BMW;2C51-6A2500C0;220 / / d xDrive ACTIVE TOURER AUT.;Nemcija;DEU;osebni avtomobil;223;karavan;220
140;1656;4.8;1;VOLKSWAGEN;DFHAAF-FD6FD6D90027MMS72VR264;TOURAN / 2.0 / TDI AUT.;Nemcija;DEU;osebni avtomobil;220;vecnamensko vozilo;TOURAN 
140;1759;4.8;1;VOLVO;PPWA8-PWA8UD0;V90 / 2.0 / TD / AUT. FWD;ävedska;SWE;osebni avtomobil;225;karavan;V90 
140;1932;4.9;1;AUDI;LCNHAQ1-QD7QD7B5027P4G03S57MMEM2K1;A6 / 2.0 / TDI Q AUT.;Nemcija;DEU;osebni avtomobil;230;limuzina;A6 
140;1845;4.9;1;AUDI;LCNHAQ1-QD7B5027P4G03S57MMEM2;A6 / 2.0 / TDI Q AUT.;Nemcija;DEU;osebni avtomobil;230;limuzina;A6 
140;1845;4.9;1;AUDI;XDETAQ1-QD7AD7CJ002PFY037MMEM1FS;Q5 / 2.0 / TDI Q AUT.;Nemcija;DEU;osebni avtomobil;218;karavan;Q5 
140;1845;4.9;1;AUDI;XCNHAF1-FD7CK007P8R087MMEM1N;Q5 / 2.0 / TDI AUT.;Nemcija;DEU;osebni avtomobil;211;karavan;Q5 
140;1820;4.9;1;AUDI;LDDDAQ1-QD7QD7B5027P4G04S57MMEM2;A6 / 2.0 / TDI Q AUT.;Nemcija;DEU;osebni avtomobil;232;limuzina;A6 
140;1820;4.9;1;AUDI;LCNHAQ1-QD7QD7B5027P4G04S57MMEM2K0;A6 / 2.0 / TDI Q AUT.;Nemcija;DEU;osebni avtomobil;230;limuzina;A6 
140;1805;4.9;1;AUDI;B8 H2DETAQ1-QD7QD7CL002P8W39S57MMEM1;A4 ALLROAD QUATTRO /;Nemcija;DEU;osebni avtomobil;220;karavan;A4 ALLROAD QUATTRO 
140;1725;4.9;1;AUDI;SCNHAQ1-QM6B2003PB811S57MMEM1;A5 / 2.0 / TDI Q;Nemcija;DEU;osebni avtomobil;235;vozilo z dviûnimi vrati zadaj;A5 
140;1715;4.9;1;AUDI;H2DETAQ1-QD7QD7CL002P8W39S57MMEM1;A4 ALLROAD QUATTRO / 2.0 / TDI AUT.;Nemcija;DEU;osebni avtomobil;220;karavan;A4 ALLROAD QUATTRO 
140;1665;4.9;1;AUDI;CCNHAQ1-QM6B2003RB8T1S47MMEM1;A5 / 2.0 / TDI Q;Nemcija;DEU;osebni avtomobil;235;kupe;A5 
140;1555;4.9;1;AUDI;XDFHAQ1-QD7AD7GC005PGA077MMEM1HA0;Q2 / 2.0 / TDI Q AUT.;Nemcija;DEU;osebni avtomobil;218;karavan;Q2 
140;1820;4.9;1;BMW;WZ51-6A150000;X3 / XDRIVE 20 / D AUT.;Nemcija;DEU;osebni avtomobil;210;karavan;X3 
140;1810;4.9;1;BMW;5L31-6A350000;520 / TOURING / D AUT.;Nemcija;DEU;osebni avtomobil;226;karavan;520
140;1810;4.9;1;BMW;JM91-CA1500L0;520 / TOURING / d xDrive AUT.;Nemcija;DEU;osebni avtomobil;222;karavan;520
140;1805;4.9;1;BMW;5E71-6A350000;520 / / d xDrive AUT.;Nemcija;DEU;osebni avtomobil;230;limuzina;520
140;1750;4.9;1;BMW;31BL-IAA500L0;520 / / d AUT.;Nemcija;DEU;osebni avtomobil;235;limuzina;520
140;1695;4.9;1;BMW;JC51-CAW500N0;520 / / d xDrive AUT.;Nemcija;DEU;osebni avtomobil;232;limuzina;520
140;1690;4.9;1;BMW;2D71-6A1700C0;220 / / D XDRIVE GRAN TOURER AUT.;Nemcija;DEU;osebni avtomobil;218;karavan;220
140;1680;4.9;1;BMW;8J11-6A350000;320 / TOURING / d xDrive AUT.;Nemcija;DEU;osebni avtomobil;222;karavan;320
140;1670;4.9;1;BMW;4F11-6H250000;420 / d xDrive;Nemcija;DEU;osebni avtomobil;235;limuzina;420
140;1670;4.9;1;BMW;4F11-6H250000;420 / D XDRIVE;Nemcija;DEU;osebni avtomobil;234;limuzina;420
140;1655;4.9;1;BMW;8J11-6H250000;320 / TOURING / D XDRIVE;Nemcija;DEU;osebni avtomobil;228;karavan;320
140;1625;4.9;1;BMW;HU31-6A1500C0;X1 / xDrive 20 / d AUT.;Nemcija;DEU;osebni avtomobil;219;karavan;X1 
140;1585;4.9;1;BMW;2C51-6A2500C0;220 / / d xDrive ACTIVE TOURER AUT.;Nemcija;DEU;osebni avtomobil;222;karavan;220
140;1525;4.9;1;BMW;5V51-DHW50000;320 / / d;Nemcija;DEU;osebni avtomobil;245;limuzina;320
140;1560;4.9;1;MERCEDES BENZ;F2CLA-331ET2-HZAA050A;CLA / 220 / AUT.;Nemcija;DEU;osebni avtomobil;244;limuzina;CLA 
140;1615;4.9;1;äKODA;AADFCAX11-NAD6AD6D9003ST617;SUPERB / 2.0 / TDI 4x4 AUT.;Ceöka republika;CZE;osebni avtomobil;230;limuzina;SUPERB 
140;1614;4.9;1;VOLKSWAGEN;AADFCAX1-AD6AD6D9003SV7MMVR261;PASSAT / 2.0 / TDI 4M AUT.;Nemcija;DEU;osebni avtomobil;230;limuzina;PASSAT 
140;1809;4.9;1;VOLVO;PPWA8-PWA8BC;V 90 / 2.0 / TD AUT. AWD;ävedska;SWE;osebni avtomobil;225;karavan;V 90 
140;1791;4.9;1;VOLVO;UUZA8-UZA8VD0;XC60 / 2.0 / TD / AUT. FWD;ävedska;SWE;osebni avtomobil;205;karavan;XC60 
140;1825;4.99;1;BMW;JP51-DAW50000;520 / TOURING / d xDrive AUT.;Nemcija;DEU;osebni avtomobil;222;karavan;520
140;1981;5.1;1;AUDI;ACNHAQ1-QD7QD7B5027P4G03S57MMEM2K1;A6 / AVANT 2.0 / TDI Q AUT.;Nemcija;DEU;osebni avtomobil;224;karavan;A6 
140;1975;5.1;1;AUDI;ACNHAQ1-QD7QD7B5027P4G03S57MMEM2K0;A6 / AVANT 2.0 / TDI Q AUT.;Nemcija;DEU;osebni avtomobil;224;karavan;A6 
140;1968;5.1;1;AUDI;ACNHAQ1-QD7B5027P4G03S57MMEM2;A6 / AVANT 2.0 / TDI Q AUT.;Nemcija;DEU;osebni avtomobil;224;karavan;A6 
140;1885;5.1;1;AUDI;ADDDAQ1-QD7QD7B5027P4G04S57MMEM2;A6 / AVANT 2.0 / TDI Q AUT.;Nemcija;DEU;osebni avtomobil;226;karavan;A6 
140;1845;5.1;1;AUDI;XDETAQ1-QD7AD7CJ002PFY067MMEM1FS;Q5 / 2.0 / TDI Q AUT.;Nemcija;DEU;osebni avtomobil;218;karavan;Q5 
140;1760;5.1;1;AUDI;SCNHAQ1-QD7B5027RB8TAS57MMEM1;A5 / 2.0 / TDI Q AUT.;Nemcija;DEU;osebni avtomobil;232;vozilo z dviûnimi vrati zadaj;A5 
140;1730;5.1;1;AUDI;ACNHAQ1-QM6B2003RB8K2S57MMEM1;A4 AVANT / 2.0 / TDI Q;Nemcija;DEU;osebni avtomobil;229;karavan;A4 AVANT 
140;1915;5.1;1;BMW;5L51-6A150000;520 / TOURING / D XDRIVE AUT.;Nemcija;DEU;osebni avtomobil;220;karavan;520
140;1810;5.1;1;BMW;JM91-CA2500N0;520 / / d xDrive AUT.;Nemcija;DEU;osebni avtomobil;222;karavan;520
140;1805;5.1;1;BMW;5E71-6A350000;520 / / d xDrive AUT.;Nemcija;DEU;osebni avtomobil;230;limuzina;520
140;1805;5.1;1;BMW;WZ51-6H150000;X3 / xDrive 20 / d;Nemcija;DEU;osebni avtomobil;210;karavan;X3 
140;1745;5.1;1;BMW;21AS-IAA400B0;420 / COUPE / d xDrive AUT.;Nemcija;DEU;osebni avtomobil;238;kupe;420
140;1720;5.1;1;BMW;8T51-6H350000;320 / GT / d xDrive;Nemcija;DEU;osebni avtomobil;230;limuzina;320
140;1695;5.1;1;BMW;31DY-IAA500K0;320 / / d xDrive AUT.;Nemcija;DEU;osebni avtomobil;233;limuzina;320
140;1690;5.1;1;BMW;2D71-6A2700C0;220 / / d xDrive GRAN TOURER AUT.;Nemcija;DEU;osebni avtomobil;218;karavan;220
140;1655;5.1;1;BMW;8H91-6AW50000;320 / TOURING // d AUT.;Nemcija;DEU;osebni avtomobil;226;karavan;320
140;1640;5.1;1;BMW;2D71-6A2500C0;220 / / d xDrive GRAN TOURER AUT.;Nemcija;DEU;osebni avtomobil;218;karavan;220
140;1625;5.1;1;BMW;HU31-6A2500C0;X1 / XDRIVE 20 / D AUT.;Nemcija;DEU;osebni avtomobil;219;karavan;X1 
140;1610;5.1;1;BMW;YU51-CA2500L0;COUNTRYMAN COOPER SD ALL4 / AUT.;Nemcija;DEU;osebni avtomobil;218;karavan;COUNTRYMAN COOPER SD ALL4 
140;1530;5.1;1;BMW;5V51-DAW50000;320 / / d AUT.;Nemcija;DEU;osebni avtomobil;243;limuzina;320
140;1525;5.1;1;BMW;5V51-DHW50700;320 / / d;Nemcija;DEU;osebni avtomobil;245;limuzina;320
140;1752;5.1;1;FORD;BA7-YMCC1FX-5SLAZNAE1BY;MONDEO 2.0 / EcoBlue 140 A8;Nemcija;DEU;osebni avtomobil;218;karavan;MONDEO 2.0 
140;1765;5.1;1;äKODA;ACDFCAX11-NAD6AD6D9003ST627;SUPERB / COMBI 2.0 / TDI 4x4 AUT.;Ceöka republika;CZE;osebni avtomobil;228;karavan;SUPERB 
140;1685;5.1;1;äKODA;ACDFHAX11-NAD7AD7GC005S1N617;SUPERB / COMBI 2.0 / TDI 4x4 AUT.;Ceöka republika;CZE;osebni avtomobil;226;karavan;SUPERB 
140;1660;5.1;1;äKODA;AADFHAX11-NAD7AD7GC005STN617;SUPERB / 2.0 / TDI 4x4 AUT.;Ceöka republika;CZE;osebni avtomobil;229;limuzina;SUPERB 
140;1635;5.1;1;äKODA;ACDFCAX11-NAD6AD6D9003STN627;SUPERB / COMBI 2.0 / TDI 4x4 AUT.;Ceöka republika;CZE;osebni avtomobil;228;karavan;SUPERB 
140;1795;5.1;1;VOLKSWAGEN;ACDFCAX1-AD6AD6D9014CH7MMVR269;PASSAT / ALLTRACK 2.0 / TDI 4M AUT.;Nemcija;DEU;osebni avtomobil;220;karavan;PASSAT 
140;1778;5.1;1;VOLKSWAGEN;ACDDAAX1-AD6AD6D9003SH7MMVR261;PASSAT / VARIANT 2.0 / TDI 4M AUT.;Nemcija;DEU;osebni avtomobil;228;karavan;PASSAT 
140;1765;5.1;1;VOLKSWAGEN;ACDFCAX1-AD6AD6D9003SH7MMVR261;PASSAT / VARIANT 2.0 / TDI 4M AUT.;Nemcija;DEU;osebni avtomobil;228;karavan;PASSAT 
140;1745;5.1;1;VOLKSWAGEN;ACDFCAX1-AD6AD6D9003SV7MMVR261;PASSAT / VARIANT 2.0 / TDI 4M AUT.;Nemcija;DEU;osebni avtomobil;228;karavan;PASSAT 
140;1734;5.1;1;VOLKSWAGEN;ABDFHAX1-AD7AD7GC005H7MVVR262;ARTEON / 2.0 / TDI 4M AUT.;Nemcija;DEU;osebni avtomobil;233;vozilo z dviûnimi vrati zadaj;ARTEON 
140;1725;5.1;1;VOLKSWAGEN;ABDFHAX1-AD7AD7GC005V7MVVR262;ARTEON / 2.0 / TDI 4M AUT.;Nemcija;DEU;osebni avtomobil;233;vozilo z dviûnimi vrati zadaj;ARTEON 
140;1705;5.1;1;VOLKSWAGEN;ACDFCAX1-AD6AD6D9014CV7MMVR269;PASSAT / ALLTRACK 2.0 / TDI 4M AUT.;Nemcija;DEU;osebni avtomobil;220;karavan;PASSAT 
140;1678;5.1;1;VOLKSWAGEN;ACDFHAX1-AD7AD7GC005SV7MVVR261;PASSAT / VARIANT 2.0 / TDI 4M AUT.;Nemcija;DEU;osebni avtomobil;222;karavan;PASSAT 
140;1591;5.1;1;VOLKSWAGEN;ACDFHAX0-FD7FD7GC004SV7CNVR21CA;PASSAT / VARIANT 2.0 / TDI AUT.;Nemcija;DEU;osebni avtomobil;227;karavan;PASSAT 
140;1862;5.1;1;VOLVO;ZZZA8-ZZA8VC0;V60 Cross Country / 2.0 / TD / AUT. AWD;ävedska;SWE;osebni avtomobil;210;karavan;V60 Cross Country 
140;1836;5.1;1;VOLVO;UUZA8-UZA88C;XC 60 / 2.0 / TD AUT. AWD;ävedska;SWE;osebni avtomobil;205;karavan;XC 60 
140;1823;5.1;1;VOLVO;PPZA8-PZA8B4;V 90 Cross Country / 2.0 / TD AWD;ävedska;SWE;osebni avtomobil;210;karavan;V 90 Cross Country 
140;1735;5.1;1;VOLVO;XXZA6-XZA6BC;XC 40 / 2.0 / TD AUT. AWD;ävedska;SWE;osebni avtomobil;210;karavan;XC 40 
140;1825;5.18;1;BMW;JP51-DAW500N0;520 / TOURING / d xDrive AUT.;Nemcija;DEU;osebni avtomobil;222;karavan;520
140;1885;5.2;1;AUDI;ADDDAQ1-QD7QD7B5027P4G03S57MMEM2;A6 / AVANT 2.0 / TDI Q AUT.;Nemcija;DEU;osebni avtomobil;226;karavan;A6 
140;1885;5.2;1;AUDI;ACNHAQ1-QD7QD7B5027P4G13S57MMEM2K1;A6 / AVANT 2.0 / TDI Q AUT.;Nemcija;DEU;osebni avtomobil;224;karavan;A6 
140;1845;5.2;1;AUDI;XDETAQ1-QD7AD7CJ002PFY077MMEM1FL;Q5 / 2.0 / TDI Q AUT.;Nemcija;DEU;osebni avtomobil;218;karavan;Q5 
140;1820;5.2;1;AUDI;KCNHAF1-FAV8W001PB822S47MMEM1;A5 CABRIOLET / 2.0 / TDI AUT.;Nemcija;DEU;osebni avtomobil;226;kabriolet;A5 CABRIOLET 
140;1775;5.2;1;AUDI;ACNHAQ1-QD7B5027PB827S57MMEM1;A4 AVANT / 2.0 / TDI Q AUT.;Nemcija;DEU;osebni avtomobil;230;karavan;A4 AVANT 
140;1670;5.2;1;AUDI;ACNHAF1-FM6B1002PB806S57MMEM1;A4 AVANT / 2.0 / TDI;Nemcija;DEU;osebni avtomobil;232;karavan;A4 AVANT 
140;1915;5.2;1;BMW;5L51-6A350000;520 / TOURING / d xDrive AUT.;Nemcija;DEU;osebni avtomobil;220;karavan;520
140;1825;5.2;1;BMW;TX31-CA2500BA;X3 / xDrive 20 / d AUT.;Nemcija;DEU;osebni avtomobil;213;karavan;X3 
140;1825;5.2;1;BMW;XX11-6A250000;X4 / xDrive 20 / d AUT.;Nemcija;DEU;osebni avtomobil;212;limuzina;X4 
140;1820;5.2;1;BMW;XX11-6A25000A;X4 / xDrive 20 / d AUT.;Nemcija;DEU;osebni avtomobil;212;limuzina;X4 
140;1820;5.2;1;BMW;WZ51-6A250000;X3 / xDrive 20 / d AUT.;Nemcija;DEU;osebni avtomobil;210;karavan;X3 
140;1810;5.2;1;BMW;51BL-IAA50000;520 / / d xDrive AUT.;Nemcija;DEU;osebni avtomobil;232;limuzina;520
140;1810;5.2;1;BMW;JM91-CAW50000;520 / TOURING / d xDrive AUT.;Nemcija;DEU;osebni avtomobil;222;karavan;520
140;1805;5.2;1;BMW;WZ51-6H150000;X3 / xDrive 20 / d;Nemcija;DEU;osebni avtomobil;210;karavan;X3 
140;1745;5.2;1;BMW;21AS-IAA407B0;420 / COUPE / d xDrive AUT.;Nemcija;DEU;osebni avtomobil;238;kupe;420
140;1735;5.2;1;BMW;4K51-6AW50000;420 / / d xDrive AUT.;Nemcija;DEU;osebni avtomobil;230;limuzina;420
140;1695;5.2;1;BMW;31DY-IAA500K0;320 / / d xDrive AUT.;Nemcija;DEU;osebni avtomobil;233;limuzina;320
140;1685;5.2;1;BMW;4X51-6AW40700;420 / COUPE / d xDrive AUT.;Nemcija;DEU;osebni avtomobil;230;kupe;420
140;1580;5.2;1;BMW;51AM-DAW500LS;220 / GRAN COUPE / d AUT.;Nemcija;DEU;osebni avtomobil;235;limuzina;220
140;1525;5.2;1;BMW;7N31-IAW500MS;120 / / d AUT.;Nemcija;DEU;osebni avtomobil;231;vozilo z dviûnimi vrati zadaj;120
140;1565;5.2;1;MERCEDES BENZ;O01ET2-HZAZ150A;B / 220 / d AUT.;Nemcija;DEU;osebni avtomobil;234;karavan;B 
140;1685;5.2;1;äKODA;ACDFHAX11-NAD7AD7GC005STN627;SUPERB / COMBI 2.0 / TDI 4x4 AUT.;Ceöka republika;CZE;osebni avtomobil;226;karavan;SUPERB 
140;1710;5.2;1;VOLKSWAGEN;ACDFHAX1-AD7AD7GC005CV7CNVR21CA;PASSAT / VARIANT 2.0 / TDI 4M AUT.;Nemcija;DEU;osebni avtomobil;214;karavan;PASSAT 
140;1705;5.2;1;VOLKSWAGEN;ACDFCAX1-AD6AD6D9014CV7MMVR270;PASSAT / ALLTRACK 2.0 / TDI 4M AUT.;Nemcija;DEU;osebni avtomobil;220;karavan;PASSAT 
140;1678;5.2;1;VOLKSWAGEN;ACDFHAX1-AD7AD7GC005SV7MVVR262;PASSAT / VARIANT 2.0 / TDI 4M AUT.;Nemcija;DEU;osebni avtomobil;222;karavan;PASSAT 
140;1952;5.2;1;VOLVO;LLFA8-LFA8BD;XC90 / 2.0 / TD / AUT. FWD;ävedska;SWE;osebni avtomobil;205;vecnamensko vozilo;XC90 
140;1949;5.2;1;VOLVO;LLFA8-LFA8BD;XC90 / 2.0 / TD AUT.;ävedska;SWE;osebni avtomobil;205;vecnamensko vozilo;XC90 
140;1949;5.2;1;VOLVO;LLFA8-LFA8BD;XC 90 / 2.0 / TD AUT.;ävedska;SWE;osebni avtomobil;205;vecnamensko vozilo;XC 90 
140;1943;5.2;1;VOLVO;PPZA8-PZA8BC;V 90 Cross Country / 2.0 / TD AUT. AWD;ävedska;SWE;osebni avtomobil;210;karavan;V 90 Cross Country 
140;1926;5.2;1;VOLVO;LLCA8-LCA8BD;XC90 / 2.0 / TD AUT.;ävedska;SWE;osebni avtomobil;205;vecnamensko vozilo;XC90 
140;1926;5.2;1;VOLVO;LLCA8-LCA8BD;XC 90 / 2.0 / TD AUT.;ävedska;SWE;osebni avtomobil;205;vecnamensko vozilo;XC 90 
140;1836;5.2;1;VOLVO;UUZA8-UZA8BC;XC 60 / 2.0 / TD AUT. AWD;ävedska;SWE;osebni avtomobil;205;karavan;XC 60 
140;1825;5.2;1;VOLVO;PPZA8-PZA8B4;V 90 Cross Country / 2.0 / TD AWD;ävedska;SWE;osebni avtomobil;210;karavan;V 90 Cross Country 
140;1787;5.2;1;VOLVO;DDZA5-DZA5C4;XC 60 / 2.4 / TD AWD;ävedska;SWE;osebni avtomobil;205;karavan;XC 60 
140;1781;5.2;1;VOLVO;DDZA5-DZA5C4;XC60 / 2.4 / TD AWD;ävedska;SWE;osebni avtomobil;205;karavan;XC60 
140;1730;5.3;1;AUDI;ACNHAQ1-QM6B2003PB803S57MMEM1;A4 AVANT / 2.0 / TDI Q;Nemcija;DEU;osebni avtomobil;229;karavan;A4 AVANT 
140;1725;5.3;1;AUDI;SCNHAQ1-QM6QM6B2003PB817S47MMEM1K1;A5 / 2.0 / TDI Q;Nemcija;DEU;osebni avtomobil;235;vozilo z dviûnimi vrati zadaj;A5 
140;1565;5.3;0;AUDI;L2CVKBF1-FD7FD7CK003P8W07S57MMEM1;A4 / 2.0 / TFSI AUT.;Nemcija;DEU;osebni avtomobil;240;limuzina;A4 
140;1535;5.3;0;AUDI;A2CVKBF1-FD7FD7CK003P8W05S57MMEM1K1;A4 AVANT / 2.0 / TFSI AUT.;Nemcija;DEU;osebni avtomobil;238;karavan;A4 AVANT 
140;1915;5.3;1;BMW;5L51-6A250000;520 / TOURING / d xDrive AUT.;Nemcija;DEU;osebni avtomobil;220;karavan;520
140;1825;5.3;1;BMW;TX35-CAW500BA;X3 / xDrive20 / d AUT.;Nemcija;DEU;osebni avtomobil;213;karavan;X3 
140;1820;5.3;1;BMW;XX11-6A350000;X4 / xDrive 20 / d AUT.;Nemcija;DEU;osebni avtomobil;212;limuzina;X4 
140;1820;5.3;1;BMW;WZ51-6A350000;X3 / xDrive 20 / d AUT.;Nemcija;DEU;osebni avtomobil;210;karavan;X3 
140;1815;5.3;1;BMW;VJ11-CAW500B0;X4 / xDrive20 / d AUT.;Nemcija;DEU;osebni avtomobil;213;limuzina;X4 
140;1810;5.3;1;BMW;51BL-IAA50000;520 / / d xDrive AUT.;Nemcija;DEU;osebni avtomobil;232;limuzina;520
140;1810;5.3;1;BMW;JM91-CA350000;520 / / d xDrive AUT.;Nemcija;DEU;osebni avtomobil;222;karavan;520
140;1790;5.3;1;BMW;8T51-6AW500L0;320 / GT / d xDrive AUT.;Nemcija;DEU;osebni avtomobil;225;limuzina;320
140;1765;5.3;1;BMW;31DZ-IAA500B0;320 / TOURING / d xDrive AUT.;Nemcija;DEU;osebni avtomobil;225;karavan;320
140;1725;5.3;1;BMW;8J11-6AW50000;320 / TOURING / d xDrive AUT.;Nemcija;DEU;osebni avtomobil;222;karavan;320
140;1640;5.3;1;BMW;71AM-IAW500L0;220 / GRAN COUPE / d xDrive AUT.;Nemcija;DEU;osebni avtomobil;234;limuzina;220
140;1530;5.3;1;BMW;5V51-DAW50000;320 / / D AUT.;Nemcija;DEU;osebni avtomobil;243;limuzina;320
140;1589;5.3;1;SEAT;XDFHAX1-AD7SAD7GC0057MMML64;ATECA / 2.0 / TDI 4WD AUT.;äpanija;ESP;osebni avtomobil;212;karavan;ATECA 
140;1680;5.3;1;äKODA;ACDFCAX11-NAD6AD6D9003STN627;SUPERB / COMBI 2.0 / TDI 4x4 AUT.;Ceöka republika;CZE;osebni avtomobil;228;karavan;SUPERB 
140;1655;5.3;1;äKODA;AADFCAX11-NAD6AD6D9003STN627;SUPERB / 2.0 / TDI 4x4 AUT.;Ceöka republika;CZE;osebni avtomobil;230;limuzina;SUPERB 
140;1716;5.3;1;VOLKSWAGEN;ACDFHAX1-AD7AD7GC005CH7MVVR269;PASSAT / ALLTRACK 2.0 / TDI 4M AUT.;Nemcija;DEU;osebni avtomobil;214;karavan;PASSAT 
140;1710;5.3;1;VOLKSWAGEN;ACDFHAX1-AD7AD7GC005CV7MVVR269;PASSAT / ALLTRACK 2.0 / TDI 4M AUT.;Nemcija;DEU;osebni avtomobil;214;karavan;PASSAT 
140;1866;5.3;1;VOLVO;PPZA8-PZA8UC0;V90 Cross Country / 2.0 / TD / AUT. AWD;ävedska;SWE;osebni avtomobil;210;karavan;V90 Cross Country 
140;1815;5.3;1;VOLVO;UUZA8-UZA8V4;XC 60 / 2.0 / TD AWD;ävedska;SWE;osebni avtomobil;205;karavan;XC 60 
140;1825;5.32;1;BMW;TX35-CAW500BA;X3 / xDrive20 / d AUT.;Nemcija;DEU;osebni avtomobil;213;karavan;X3 
140;1790;5.35;1;BMW;8T51-6AW500L0;320 / GT / D XDRIVE AUT.;Nemcija;DEU;osebni avtomobil;225;limuzina;320
140;1760;5.4;1;AUDI;SCNHAQ1-QD7B5027PB812S57MMEM1;A5 / 2.0 / TDI Q AUT.;Nemcija;DEU;osebni avtomobil;232;vozilo z dviûnimi vrati zadaj;A5 
140;1480;5.4;0;AUDI;L2CVKBF1-FD7FD7CK003P8W08S57MMEM1K1;A4 / 2.0 / TFSI AUT.;Nemcija;DEU;osebni avtomobil;240;limuzina;A4 
140;1820;5.4;1;BMW;XX11-6A350000;X4 / XDRIVE 20 / D AUT.;Nemcija;DEU;osebni avtomobil;212;limuzina;X4 
140;1820;5.4;1;BMW;WZ51-6A350000;X3 / xDrive 20 / d AUT.;Nemcija;DEU;osebni avtomobil;210;karavan;X3 
140;1805;5.4;1;BMW;XX11-6H250000;X4 / xDrive 20 / d;Nemcija;DEU;osebni avtomobil;212;limuzina;X4 
140;1805;5.4;1;BMW;WZ51-6H250000;X3 / xDrive 20 / d;Nemcija;DEU;osebni avtomobil;210;karavan;X3 
140;1765;5.4;1;BMW;31DZ-IAA500B0;320 / TOURING / d xDrive AUT.;Nemcija;DEU;osebni avtomobil;225;karavan;320
140;1590;5.4;1;BMW;7N51-DAW500RS;120 / / d xDrive AUT.;Nemcija;DEU;osebni avtomobil;230;vozilo z dviûnimi vrati zadaj;120
140;1530;5.4;1;BMW;5V51-DAW50000;320 / / d AUT.;Nemcija;DEU;osebni avtomobil;243;limuzina;320
140;1983;5.4;1;JAGUAR;CC9-X250-H502;JAGUAR XF / 2.2L / I4D DIESEL;Zdruûeno kraljestvo;GBR;osebni avtomobil;225;limuzina;JAGUAR XF 
140;1810;5.4;1;JAGUAR;CC9-X250-H502;JAGUAR XF / 2.2L /I4D DIESEL;Zdruûeno kraljestvo;GBR;osebni avtomobil;225;limuzina;JAGUAR XF 
140;1716;5.4;1;VOLKSWAGEN;ACDFHAX1-AD7AD7GC005CH7MVVR270;PASSAT / ALLTRACK 2.0 / TDI 4M AUT.;Nemcija;DEU;osebni avtomobil;214;karavan;PASSAT 
140;1710;5.4;1;VOLKSWAGEN;ACDFHAX1-AD7AD7GC005CV7MVVR270;PASSAT / ALLTRACK 2.0 / TDI 4M AUT.;Nemcija;DEU;osebni avtomobil;214;karavan;PASSAT 
140;1862;5.4;1;VOLVO;ZZZA8-ZZA8TC0;V60 Cross Country / 2.0 / TD / AUT. AWD;ävedska;SWE;osebni avtomobil;210;karavan;V60 Cross Country 
140;1854;5.4;1;VOLVO;ZZZA8-ZZA8TC0;V60 Cross Country / 2.0 / TD / AUT. AWD;ävedska;SWE;osebni avtomobil;180;karavan;V60 Cross Country 
140;1668;5.4;1;VOLVO;FFSA5-FSA5C6;S60 / 2.4 / TD AUT. AWD;ävedska;SWE;osebni avtomobil;230;limuzina;S60 
140;1845;5.5;1;AUDI;ACNHAQ1-QD7B5027PB803S57MMEM1;A4 AVANT / 2.0 / TDI Q AUT.;Nemcija;DEU;osebni avtomobil;230;karavan;A4 AVANT 
140;1845;5.5;1;AUDI;XDETAQ1-QD7AD7CJ002RT11C197CPAEM1FS;Q5 / 2.0 / TDI Q AUT.;Nemcija;DEU;osebni avtomobil;220;karavan;Q5 
140;1845;5.5;1;AUDI;XDETAQ1-QD7AD7CJ002PFY077MMEM1FS;Q5 / 2.0 / TDI Q AUT.;Nemcija;DEU;osebni avtomobil;218;karavan;Q5 
140;1730;5.5;1;AUDI;ACNHAQ1-QM6B2003PB806S57MMEM1;A4 AVANT / 2.0 / TDI Q;Nemcija;DEU;osebni avtomobil;229;karavan;A4 AVANT 
140;1595;5.5;1;AUDI;S2DETAF1-FD7FD7CK006RT171E18S57CPBEM1;A5 / 2.0 / TDI AUT.;Nemcija;DEU;osebni avtomobil;241;vozilo z dviûnimi vrati zadaj;A5 
140;1915;5.5;1;BMW;51BN-IAA50000;520 / TOURING / d xDrive AUT.;Nemcija;DEU;osebni avtomobil;222;karavan;520
140;1825;5.5;1;BMW;TX31-CAW500B0;X3 / xDrive20 / d AUT.;Nemcija;DEU;osebni avtomobil;213;karavan;X3 
140;1805;5.5;1;BMW;XX11-6H350000;X4 / XDRIVE 20 / D;Nemcija;DEU;osebni avtomobil;212;limuzina;X4 
140;1765;5.5;1;BMW;31DZ-IAA500B0;320 / TOURING / d xDrive AUT.;Nemcija;DEU;osebni avtomobil;225;karavan;320
140;1715;5.5;1;BMW;6L71-DAW500K0;320 / TOURING / d xDrive AUT.;Nemcija;DEU;osebni avtomobil;225;karavan;320
140;1660;5.5;1;BMW;6L51-DAW500B0;320 / TOURING / d AUT.;Nemcija;DEU;osebni avtomobil;229;karavan;320
140;1615;5.5;1;BMW;YK91-DAW500L0;X2 / sDrive 20 / d AUT.;Nemcija;DEU;osebni avtomobil;224;karavan;X2 
140;1530;5.5;1;BMW;5V51-DAW50000;320 / / d AUT.;Nemcija;DEU;osebni avtomobil;243;limuzina;320
140;1739;5.5;1;FORD;BA7-YMCC1EX-5SLACNAE1BW;MONDEO 2.0 EcoBlue / 140 A8;Nemcija;DEU;osebni avtomobil;223;vozilo z dviûnimi vrati zadaj;MONDEO 2.0 EcoBlue 
140;1589;5.5;1;SEAT;XDFHAX1-AD7SAD7GC0057MMML64;ATECA / 2.0 / TDI 4WD AUT.;äpanija;ESP;osebni avtomobil;212;karavan;ATECA 
140;1547;5.5;1;VOLKSWAGEN;AADFHAX0-FD7FD7GC004SV7CNVR21CA;PASSAT / 2.0 / TDI AUT.;Nemcija;DEU;osebni avtomobil;229;limuzina;PASSAT 
140;1870;5.5;1;VOLVO;UUZA8-UZA8VC0;XC60 / 2.0 / TD / AUT. AWD;ävedska;SWE;osebni avtomobil;205;karavan;XC60 
140;1866;5.5;1;VOLVO;UUZA8-UZA8VC;XC 60 / 2.0 / TD AUT. AWD;ävedska;SWE;osebni avtomobil;205;karavan;XC 60 
140;1739;5.5;1;VOLVO;ZZWA8-ZWA8VD0;V60 / 2.0 / TD / AUT. FWD;ävedska;SWE;osebni avtomobil;220;karavan;V60 
140;1713;5.5;1;VOLVO;FFWA5-FWA5C6;V60 / 2.4 / TD AUT. AWD;ävedska;SWE;osebni avtomobil;225;karavan;V60 
140;1709;5.5;1;VOLVO;FFWA5-FWA5C6;V 60 / 2.4 / TD AUT. AWD;ävedska;SWE;osebni avtomobil;225;karavan;V 60 
140;1895;5.6;1;AUDI;XCNHAQ1-QM6QM6B2023P8R017MMEM1GK1;Q5 / 2.0 / TDI Q;Nemcija;DEU;osebni avtomobil;210;karavan;Q5 
140;1856;5.6;1;AUDI;HCNHAQ1-QD7B5042RB8H1S57MMEM1;A4 ALLROAD QUATTRO / 2.0 / TDI AUT.;Nemcija;DEU;osebni avtomobil;215;karavan;A4 ALLROAD QUATTRO 
140;1805;5.6;1;AUDI;HCNHAQ1-QD7B5042PB809S57MMEM1;A4 ALLROAD QUATTRO / 2.0 / TDI AUT.;Nemcija;DEU;osebni avtomobil;215;karavan;A4 ALLROAD QUATTRO 
140;1765;5.6;1;AUDI;HCNHAQ1-QM6B2007RB8H1S57MMEM1;A4 ALLROAD QUATTRO / 2.0 / TDI;Nemcija;DEU;osebni avtomobil;223;karavan;A4 ALLROAD QUATTRO 
140;1760;5.6;1;AUDI;SCNHAQ1-QD7B5027PB817S47MMEM1;A5 / 2.0 / TDI Q AUT.;Nemcija;DEU;osebni avtomobil;232;vozilo z dviûnimi vrati zadaj;A5 
140;1595;5.6;1;AUDI;S2DETAF1-FD7FD7CK006RT171E18S47CPBEM1;A5 / 2.0 / TDI AUT.;Nemcija;DEU;osebni avtomobil;241;vozilo z dviûnimi vrati zadaj;A5 
140;1555;5.6;1;AUDI;L2DETAF1-FD7FD7CK006RT071E18S57CPBEM1;A4 / 2.0 / TDI AUT.;Nemcija;DEU;osebni avtomobil;241;limuzina;A4 
140;1505;5.6;0;AUDI;A2CVKBF1-FM6DJ005P8W05S57MMEM1;A4 AVANT / 2.0 / TFSI;Nemcija;DEU;osebni avtomobil;236;karavan;A4 AVANT 
140;1455;5.6;0;AUDI;L2CVKBF1-FM6FM6DJ011P8W05S57MMEM1;A4 / 2.0 / TFSI;Nemcija;DEU;osebni avtomobil;240;limuzina;A4 
140;1815;5.6;1;BMW;VJ11-CAW500B0;X4 / xDrive20 / d AUT.;Nemcija;DEU;osebni avtomobil;213;limuzina;X4 
140;1735;5.6;1;BMW;6L71-DAW500B0;320 / TOURING / d xDrive AUT.;Nemcija;DEU;osebni avtomobil;225;karavan;320
140;1715;5.6;1;BMW;6L71-DAW500T0;320 / TOURING / d xDrive AUT.;Nemcija;DEU;osebni avtomobil;225;karavan;320
140;1675;5.6;1;BMW;6L51-DAW500K0;320 / TOURING / D AUT.;Nemcija;DEU;osebni avtomobil;229;karavan;320
140;1615;5.6;1;BMW;5V71-DAW50000;320 / / d xDrive AUT.;Nemcija;DEU;osebni avtomobil;233;limuzina;320
140;1655;5.6;1;VOLKSWAGEN;ABDFHAX0-FD7FD7GC004V4BFVR21AOA;ARTEON / 2.0 / TDI AUT.;Nemcija;DEU;osebni avtomobil;238;vozilo z dviûnimi vrati zadaj;ARTEON 
140;1651;5.6;1;VOLKSWAGEN;ABDFHAX0-FD7FD7GC004V7CNVR21COA;ARTEON / 2.0 / TDI AUT.;Nemcija;DEU;osebni avtomobil;238;vozilo z dviûnimi vrati zadaj;ARTEON 
140;1547;5.6;1;VOLKSWAGEN;AADFHAX0-FD7FD7GC004SV7CNVR21CA;PASSAT / 2.0 / TDI AUT.;Nemcija;DEU;osebni avtomobil;229;limuzina;PASSAT 
140;1870;5.6;1;VOLVO;UUZA8-UZA8UC0;XC60 / 2.0 / TD / AUT. AWD;ävedska;SWE;osebni avtomobil;205;karavan;XC60 
140;1866;5.6;1;VOLVO;PPZA8-PZA8TC0;V90 Cross Country / 2.0 / TD AUT. AWD;ävedska;SWE;osebni avtomobil;210;karavan;V90 Cross Country 
140;1866;5.6;1;VOLVO;UUZA8-UZA8UC;XC 60 / 2.0 / TD AUT. AWD;ävedska;SWE;osebni avtomobil;205;karavan;XC 60 
140;1965;5.7;1;AUDI;HCZVFQ1-QD7QD7B5027P4G07S57MMEM2K1;A6 ALLROAD QUATTRO / 3.0 / TDI AUT.;Nemcija;DEU;osebni avtomobil;221;karavan;A6 ALLROAD QUATTRO 
140;1955;5.7;1;AUDI;XCNHAQ1-QM6B2023P8R027MMEM1G;Q5 / 2.0 / TDI Q;Nemcija;DEU;osebni avtomobil;210;karavan;Q5 
140;1935;5.7;1;AUDI;XCNHAQ1-QD7QD7B5035P8R017MMEM1GK1;Q5 / 2.0 / TDI Q AUT.;Nemcija;DEU;osebni avtomobil;210;karavan;Q5 
140;1925;5.7;1;AUDI;XCNHAQ1-QD7B5035R8R727MMEM1G;Q5 / 2.0 / TDI Q AUT.;Nemcija;DEU;osebni avtomobil;210;karavan;Q5 
140;1890;5.7;1;AUDI;XCNHAQ1-QM6B2023R8R727MMEM1G;Q5 / 2.0 / TDI Q;Nemcija;DEU;osebni avtomobil;210;karavan;Q5 
140;1850;5.7;1;AUDI;KCNHAQ1-QM6QM6B2003PB817S47MMEM1K1;A5 CABRIOLET / 2.0 / TDI Q;Nemcija;DEU;osebni avtomobil;231;kabriolet;A5 CABRIOLET 
140;1775;5.7;1;AUDI;ACNHAQ1-QD7B5027PB806S57MMEM1;A4 AVANT / 2.0 / TDI Q AUT.;Nemcija;DEU;osebni avtomobil;230;karavan;A4 AVANT 
140;1645;5.7;0;AUDI;LCYGAF1-FD7FD7CK002P4G03S57MMEM2K1;A6 / 1.8 / TFSI AUT.;Nemcija;DEU;osebni avtomobil;233;limuzina;A6 
140;1605;5.7;1;AUDI;A2DETAF1-FD7FD7CK006RT071E18S57CPBEM1;A4 / AVANT 2.0 / TDI AUT.;Nemcija;DEU;osebni avtomobil;231;karavan;A4 
140;1595;5.7;1;AUDI;S2DETAF1-FD7FD7CK006RT181E20S44BFBEM10;A5 / 2.0 / TDI AUT.;Nemcija;DEU;osebni avtomobil;241;vozilo z dviûnimi vrati zadaj;A5 
140;1550;5.7;0;AUDI;S2DEMAF1-FD7FD7CK003P8W36S47MVEM1;A5 / 2.0 / TFSI AUT.;Nemcija;DEU;osebni avtomobil;239;vozilo z dviûnimi vrati zadaj;A5 
140;1735;5.7;1;BMW;6L71-DAW500K0;320 / TOURING / d xDrive AUT.;Nemcija;DEU;osebni avtomobil;225;karavan;320
140;1715;5.7;1;BMW;6L71-DAW500T0;320 / TOURING / d xDrive AUT.;Nemcija;DEU;osebni avtomobil;225;karavan;320
140;1690;5.7;1;BMW;31AE-DAW500L0;X1 / xDrive20 / d AUT.;Nemcija;DEU;osebni avtomobil;219;karavan;X1 
140;1675;5.7;1;BMW;YL11-DAW500L0;X2 / xDrive 20 / d AUT.;Nemcija;DEU;osebni avtomobil;221;karavan;X2 
140;1630;5.7;1;BMW;6X31-DAW50000;220 / GRAN TOURER / d AUT.;Nemcija;DEU;osebni avtomobil;220;karavan;220
140;1615;5.7;1;BMW;5V71-DAW50000;320 / / d xDrive AUT.;Nemcija;DEU;osebni avtomobil;233;limuzina;320
140;1615;5.7;1;BMW;YK91-IAW500M0;X2 / sDrive 20 / d AUT.;Nemcija;DEU;osebni avtomobil;224;karavan;X2 
140;1752;5.7;1;FORD;BA7-YMCC1FX-5SLACNAZSBY;MONDEO / 2.0 / EcoBlue / 140 A8;Nemcija;DEU;osebni avtomobil;218;karavan;MONDEO 
140;1840;5.7;1;LAND ROVER;S5FU2F-B5T2;RANGE ROVER EVOQUE / / SW HP 4WD;Zdruûeno kraljestvo;GBR;osebni avtomobil;200;karavan;RANGE ROVER EVOQUE 
140;1825;5.7;1;LAND ROVER;S5FU2F-B5T2;RANGE ROVER EVOQUE / / SW SD4 4WD;Zdruûeno kraljestvo;GBR;osebni avtomobil;200;karavan;RANGE ROVER EVOQUE 
140;1795;5.7;1;äKODA;ACDFHAX1-NAD7AD7DL0035NS7N617;KODIAQ / 2.0 / TDI 4x4 AUT.;Ceöka republika;CZE;osebni avtomobil;209;karavan;KODIAQ 
140;1752;5.7;1;äKODA;ACDFHAX1-NAD7AD7DL0030NS5N617;KODIAQ / 2.0 / TDI 4x4 AUT.;Ceöka republika;CZE;osebni avtomobil;210;karavan;KODIAQ 
140;1573;5.7;1;äKODA;AADFHAX01-NFD7FD7GC0047CNSTN1C7A;SUPERB / 2.0 / TDI AUT.;Ceöka republika;CZE;osebni avtomobil;234;limuzina;SUPERB 
140;1735;5.7;1;VOLKSWAGEN;ACDFHAX1-AD7AD7DL003GN5R5NVR27MM63;TIGUAN / 2.0 / TDI 4M AUT.;Nemcija;DEU;osebni avtomobil;212;karavan;TIGUAN 
140;1723;5.7;1;VOLKSWAGEN;ACDFHAX1-NAD7AD7DL003GN4NVR27MM61;TIGUAN / 2.0 / TDI 4M AUT.;Nemcija;DEU;osebni avtomobil;212;karavan;TIGUAN 
140;1651;5.7;1;VOLKSWAGEN;ABDFHAX0-FD7FD7GC004V7CNVR21CMA;ARTEON / 2.0 / TDI AUT.;Nemcija;DEU;osebni avtomobil;238;vozilo z dviûnimi vrati zadaj;ARTEON 
140;1591;5.7;1;VOLKSWAGEN;ACDFHAX0-FD7FD7GC004SV7CNVR21CA;PASSAT / VARIANT 2.0 / TDI AUT.;Nemcija;DEU;osebni avtomobil;227;karavan;PASSAT 
140;1560;5.7;1;VOLKSWAGEN;AADFHAX0-FD7FD7GC004SV4BFVR21CA;PASSAT / 2.0 / TDI AUT.;Nemcija;DEU;osebni avtomobil;236;limuzina;PASSAT 
140;1921;5.7;1;VOLVO;DDZA5-DZA5C6;XC 60 / 2.4 / TD AUT. AWD;ävedska;SWE;osebni avtomobil;200;karavan;XC 60 
140;1836;5.7;1;VOLVO;FFZA5-FZA5C6;V60 Cross Country / 2.4 / TD AUT. AWD;ävedska;SWE;osebni avtomobil;205;karavan;V60 Cross Country 
140;1823;5.7;1;VOLVO;FFZA5-FZA5C6;V 60 CROSS COUNTRY / 2.4 / TD AUT. AWD;ävedska;SWE;osebni avtomobil;205;karavan;V 60 CROSS COUNTRY 
140;1801;5.7;1;VOLVO;DZA5C6;XC60 / 2.4 / TD AUT. AWD;ävedska;SWE;osebni avtomobil;200;karavan;XC60 
140;1762;5.7;1;VOLVO;FFZA5-FZA5C6;V60 Cross Country / 2.4 / TD AUT. AWD;ävedska;SWE;osebni avtomobil;210;karavan;V60 Cross Country 
140;1739;5.7;1;VOLVO;ZZWA8-ZWA8UD0;V60 / 2.0 / TD / AUT. FWD;ävedska;SWE;osebni avtomobil;220;karavan;V60 
140;1729;5.7;1;VOLVO;FFHA5-FHA5C6;S 60 Cross Country / 2.4 / TD AUT. AWD;ävedska;SWE;osebni avtomobil;210;limuzina;S 60 Cross Country 
140;1729;5.7;1;VOLVO;FFZA5-FZA5C6;V 60 CROSS COUNTRY / 2.4 / TD AUT. AWD;ävedska;SWE;osebni avtomobil;205;vozilo za posebne namene;V 60 CROSS COUNTRY 
140;1695;5.7;1;VOLVO;FFHA5-FHA5C6;S60 Cross Country / 2.4 / TD AUT. AWD;ävedska;SWE;osebni avtomobil;210;limuzina;S60 Cross Country 
140;1825;5.73;1;BMW;TX35-CAW500MA;X3 / XDRIVE20 / D AUT.;Nemcija;DEU;osebni avtomobil;213;karavan;X3 
140;1935;5.8;1;AUDI;XCNHAQ1-QD7QD7B5035P8R027MMEM1GK1;Q5 / 2.0 / TDI Q AUT.;Nemcija;DEU;osebni avtomobil;210;karavan;Q5 
140;1895;5.8;1;AUDI;XCNHAQ1-QM6B2023P8R047MMEM1G;Q5 / 2.0 / TDI Q;Nemcija;DEU;osebni avtomobil;210;karavan;Q5 
140;1735;5.8;1;BMW;6L71-DAW500K0;320 / TOURING / d xDrive AUT.;Nemcija;DEU;osebni avtomobil;225;karavan;320
140;1725;5.8;1;BMW;JF51-DAW500L0;520 / / d xDrive AUT.;Nemcija;DEU;osebni avtomobil;232;limuzina;520
140;1695;5.8;1;BMW;31AE-IAW500L0;X1 / xDrive20 / d AUT.;Nemcija;DEU;osebni avtomobil;219;karavan;X1 
140;1680;5.8;1;BMW;YL11-IAW500M0;X2 / xDrive 20 / d AUT.;Nemcija;DEU;osebni avtomobil;221;karavan;X2 
140;1675;5.8;1;BMW;YL11-CAW50000;X2 / xDrive 20 / d AUT.;Nemcija;DEU;osebni avtomobil;221;karavan;X2 
140;1615;5.8;1;BMW;5V71-DAW50000;320 / / d xDrive AUT.;Nemcija;DEU;osebni avtomobil;233;limuzina;320
140;1505;5.8;1;BMW;1S71-6AW50700;120 / / d AUT.;Nemcija;DEU;osebni avtomobil;228;karavan;120
140;2012;5.8;1;MERCEDES BENZ;KOA8L310N-3FKR7S29BE;VITO TOURER / 119 / CDI AUT.;Nemcija;DEU;osebni avtomobil;206;vecnamensko vozilo;VITO TOURER 
140;1595;5.8;1;äKODA;ACDFHAX01-NFD7FD7GC0047CNSTN1C7A;SUPERB / COMBI 2.0 / TDI AUT.;Ceöka republika;CZE;osebni avtomobil;224;karavan;SUPERB 
140;1655;5.8;1;VOLKSWAGEN;ABDFHAX0-FD7FD7GC004V4BFVR21COA;ARTEON / 2.0 / TDI AUT.;Nemcija;DEU;osebni avtomobil;238;vozilo z dviûnimi vrati zadaj;ARTEON 
140;1591;5.8;1;VOLKSWAGEN;ACDFHAX0-FD7FD7GC004SV7CNVR21CA;PASSAT / VARIANT 2.0 / TDI AUT.;Nemcija;DEU;osebni avtomobil;227;karavan;PASSAT 
140;1870;5.8;1;VOLVO;UUZA8-UZA8TC;XC60 / 2.0 / TD / AUT. AWD;ävedska;SWE;osebni avtomobil;205;karavan;XC60 
140;1540;5.8;0;VOLVO;FFS41-FS41L0;S60 / 2.0 / T AUT.;ävedska;SWE;osebni avtomobil;230;limuzina;S60 
140;1820;5.9;1;ALFA ROMEO;949AXU2ANBAA2B;STELVIO / 2.2 / JTDM CA AWD SW;Italija;ITA;osebni avtomobil;215;karavan;STELVIO 
140;1935;5.9;1;AUDI;XCNHAQ1-QD7B5035P8R047MMEM1G;Q5 / 2.0 / TDI Q AUT.;Nemcija;DEU;osebni avtomobil;210;karavan;Q5 
140;1895;5.9;1;AUDI;XCNHAQ1-QM6B2023P8R057MMEM1G;Q5 / 2.0 / TDI Q;Nemcija;DEU;osebni avtomobil;210;karavan;Q5 
140;1460;5.9;0;AUDI;SCZPBQ1-QD7QD7GC003P8V347MMEM1K1;A3 / 2.0 / TFSI Q AUT.;Nemcija;DEU;osebni avtomobil;236;vozilo z dviûnimi vrati zadaj;A3 
140;1675;5.9;1;BMW;YL11-CAW50000;X2 / xDrive 20 / d AUT.;Nemcija;DEU;osebni avtomobil;221;karavan;X2 
140;1670;5.9;1;BMW;JF31-DAW50000;520 / / d AUT.;Nemcija;DEU;osebni avtomobil;235;limuzina;520
140;1615;5.9;1;BMW;5V71-DAW50000;320 / / d xDrive AUT.;Nemcija;DEU;osebni avtomobil;233;limuzina;320
140;1665;5.9;1;MINI;YY91-DAW500L0;COUNTRYMAN COOPER SD ALL4 / / AUT.;Nemcija;DEU;osebni avtomobil;218;karavan;COUNTRYMAN COOPER SD ALL4 
140;1611;5.9;1;äKODA;ACDFHAX01-NFD7FD7GC0044BFSTN1C6A;SUPERB / COMBI 2.0 / TDI AUT.;Ceöka republika;CZE;osebni avtomobil;230;karavan;SUPERB 
140;1595;5.9;1;äKODA;ACDFHAX01-NFD7FD7GC0047CNSTN1C7A;SUPERB / COMBI 2.0 / TDI AUT.;Ceöka republika;CZE;osebni avtomobil;224;karavan;SUPERB 
140;1589;5.9;1;äKODA;AADFHAX01-NFD7FD7GC0044BFSTN1C8A;SUPERB / 2.0 / TDI AUT.;Ceöka republika;CZE;osebni avtomobil;240;limuzina;SUPERB 
140;1589;5.9;1;äKODA;AADFHAX01-NFD7FD7GC0044BFSTN1C8A;SUPERB / 2.0 / TDI AUT.;Ceöka republika;CZE;osebni avtomobil;239;limuzina;SUPERB 
140;1845;5.9;1;VOLKSWAGEN;ACDFHAX1-AD7AD7DL003GL7N6NVR27MM61;TIGUAN / 2.0 / TDI 4M AUT.;Nemcija;DEU;osebni avtomobil;210;karavan;TIGUAN 
140;1805;5.9;1;VOLKSWAGEN;ACDFHAX1-AD7AD7DL003GL5N6NVR27MM61;TIGUAN / 2.0 / TDI 4M AUT.;Nemcija;DEU;osebni avtomobil;210;karavan;TIGUAN 
140;1655;5.9;1;VOLKSWAGEN;ABDFHAX0-FD7FD7GC004V4BFVR21CMA;ARTEON / 2.0 / TDI AUT.;Nemcija;DEU;osebni avtomobil;238;vozilo z dviûnimi vrati zadaj;ARTEON 
140;1649;5.9;1;VOLKSWAGEN;ACDFHAX0-FD7FD7GC004SV4BFVR21CA0A;PASSAT / VARIANT 2.0 / TDI AUT.;Nemcija;DEU;osebni avtomobil;232;karavan;PASSAT 
140;1600;5.9;1;VOLKSWAGEN;ACDFHAX0-FD7FD7GC004SV4BFVR21CA;PASSAT / VARIANT 2.0 / TDI AUT.;Nemcija;DEU;osebni avtomobil;232;karavan;PASSAT 
140;1695;6.1;0;AUDI;8W;A4 / 2.0 / TFSI Q AUT.;Nemcija;DEU;osebni avtomobil;209;limuzina;A4 
140;1690;6.1;1;AUDI;A2DETAQ1-QD7QD7CL002RT071C17S57CPAEM1;A4 / AVANT 2.0 / TDI Q AUT.;Nemcija;DEU;osebni avtomobil;230;karavan;A4 
140;1680;6.1;1;AUDI;S2DETAQ1-QD7QD7CL002RT171E18S57CPBEM1;A5 / 2.0 / TDI Q AUT.;Nemcija;DEU;osebni avtomobil;235;vozilo z dviûnimi vrati zadaj;A5 
140;1925;6.1;1;BMW;4M91-IAV500B0;X4 / xDrive20 / d AUT.;Nemcija;DEU;osebni avtomobil;213;limuzina;X4 
140;1910;6.1;1;BMW;31BG-IAV500BA;X3 / xDrive20 / d AUT.;Nemcija;DEU;osebni avtomobil;213;karavan;X3 
140;1825;6.1;1;BMW;JP51-DAW50000;520 / TOURING / d xDrive AUT.;Nemcija;DEU;osebni avtomobil;222;karavan;520
140;1760;6.1;1;BMW;JP31-DAW50000;520 / TOURING / d AUT.;Nemcija;DEU;osebni avtomobil;225;karavan;520
140;1735;6.1;1;BMW;4K51-DAW50000;420 / / d xDrive AUT.;Nemcija;DEU;osebni avtomobil;230;limuzina;420
140;1735;6.1;1;BMW;JM71-CAW500N0;520 / TOURING / d AUT.;Nemcija;DEU;osebni avtomobil;225;karavan;520
140;1725;6.1;1;BMW;JF51-DAW50000;520 / / d xDrive AUT.;Nemcija;DEU;osebni avtomobil;232;limuzina;520
140;1725;6.1;1;BMW;8T31-6AW50000;320 / GT / d AUT.;Nemcija;DEU;osebni avtomobil;226;limuzina;320
140;1665;6.1;1;BMW;4K31-6AW50700;420 / / d AUT.;Nemcija;DEU;osebni avtomobil;231;limuzina;420
140;1635;6.1;1;BMW;JC31-CAW500L0;520 / / d AUT.;Nemcija;DEU;osebni avtomobil;235;limuzina;520
140;1735;6.1;1;FORD;DFK-YMDA4FX-531AF6APZAE;KUGA / 2.0 / EcoBlue 140 A8 4x4;Nemcija;DEU;osebni avtomobil;208;vecnamensko vozilo;KUGA 
140;1844;6.1;1;LAND ROVER;LCS5AB2F-A5A1;DISCOVERY SPORT / 2.2 / SD4 AUT.;Zdruûeno kraljestvo;GBR;osebni avtomobil;188;karavan;DISCOVERY SPORT 
140;1844;6.1;1;LAND ROVER;LCS5AB2F-A5A1;DISCOVERY SPORT / 2.2 / SD4 AUT.;Zdruûeno kraljestvo;GBR;osebni avtomobil;180;karavan;DISCOVERY SPORT 
140;1834;6.1;1;LAND ROVER;LCS5AB2F-M5A1;DISCOVERY SPORT / 2.2 / SD4;Zdruûeno kraljestvo;GBR;osebni avtomobil;188;karavan;DISCOVERY SPORT 
140;1650;6.1;1;MINI;YY91-DAW50000;COUNTRYMAN COOPER SD ALL4 / / AUT.;Nemcija;DEU;osebni avtomobil;218;karavan;COUNTRYMAN COOPER SD ALL4 
140;1611;6.1;1;äKODA;ACDFHAX01-NFD7FD7GC0044BFSTN1C8A;SUPERB / COMBI 2.0 / TDI AUT.;Ceöka republika;CZE;osebni avtomobil;230;karavan;SUPERB 
140;1725;6.1;1;VOLKSWAGEN;ACDFHAX1-AD7AD7GC005CV4BFVR21AA;PASSAT / VARIANT 2.0 / TDI 4M AUT.;Nemcija;DEU;osebni avtomobil;223;karavan;PASSAT 
140;1635;6.1;1;VOLKSWAGEN;AADFHAX1-AD7AD7GC005SV4BFVR21CA;PASSAT / 2.0 / TDI 4M AUT.;Nemcija;DEU;osebni avtomobil;231;limuzina;PASSAT 
140;1791;6.1;1;VOLVO;UUZA8-UZA8VD0;XC60 / 2.0 / TD / AUT. FWD;ävedska;SWE;osebni avtomobil;205;karavan;XC60 
140;1759;6.1;1;VOLVO;PPWA8-PWA8TD;V90 / 2.0 / TD / AUT. FWD;ävedska;SWE;osebni avtomobil;225;karavan;V90 
140;1735;6.2;1;ALFA ROMEO;949AXN1A5DG;STELVIO / 2.2 / JTDM CA RWD SW;Italija;ITA;osebni avtomobil;210;karavan;STELVIO 
140;1795;6.2;1;AUDI;ACANAF1-FM6A2003R4F60S57MG;A6 / AVANT 2.7 / TDI;Nemcija;DEU;osebni avtomobil;228;karavan;A6 
140;1710;6.2;1;AUDI;LCANAF1-FM6A2003R4F60S57MG;A6 / 2.7 / TDI;Nemcija;DEU;osebni avtomobil;232;limuzina;A6 
140;1695;6.2;1;AUDI;ACGKAF1-FM6B3002R8K617MGEM0;A4 AVANT / 2.7 / TDI;Nemcija;DEU;osebni avtomobil;230;karavan;A4 AVANT 
140;1680;6.2;1;AUDI;S2DETAQ1-QD7QD7CL002RT171E18S57CPBEM1;A5 / 2.0 / TDI Q AUT.;Nemcija;DEU;osebni avtomobil;235;vozilo z dviûnimi vrati zadaj;A5 
140;1845;6.2;1;BMW;VJ91-DAW500L0;X4 / xDrive20 / d AUT.;Nemcija;DEU;osebni avtomobil;213;limuzina;X4 
140;1725;6.2;1;BMW;JF51-DAW500N0;520 / / d xDrive AUT.;Nemcija;DEU;osebni avtomobil;232;limuzina;520
140;1725;6.2;1;BMW;8T31-6AW50000;320 / GT / D AUT.;Nemcija;DEU;osebni avtomobil;226;limuzina;320
140;1665;6.2;1;äKODA;AADFHAX11-NAD7AD7GC0054BFSTN1C6A;SUPERB / 2.0 / TDI 4x4 AUT.;Ceöka republika;CZE;osebni avtomobil;232;limuzina;SUPERB 
140;1655;6.2;1;äKODA;AADFHAX11-NAD7AD7GC0057CNSTN1C7A;SUPERB / 2.0 / TDI 4x4 AUT.;Ceöka republika;CZE;osebni avtomobil;228;limuzina;SUPERB 
140;1725;6.2;1;VOLKSWAGEN;ACDFHAX1-AD7AD7GC005CV4BFVR21AA00;PASSAT / VARIANT 2.0 / TDI 4M AUT.;Nemcija;DEU;osebni avtomobil;223;karavan;PASSAT 
140;1637;6.2;1;VOLKSWAGEN;AADFHAX1-AD7AD7GC005SV7CNVR21CA;PASSAT / 2.0 / TDI 4M AUT.;Nemcija;DEU;osebni avtomobil;224;limuzina;PASSAT 
140;1635;6.2;1;VOLKSWAGEN;AADFHAX1-AD7AD7GC005SV4BFVR21CA;PASSAT / 2.0 / TDI 4M AUT.;Nemcija;DEU;osebni avtomobil;231;limuzina;PASSAT 
140;1690;6.3;1;AUDI;A2DETAQ1-QD7QD7CL002RT071E18S57CPBEM1;A4 / AVANT 2.0 / TDI Q AUT.;Nemcija;DEU;osebni avtomobil;230;karavan;A4 
140;1680;6.3;1;AUDI;S2DETAQ1-QD7QD7CL002RT171E19S57CPBEM1;A5 / 2.0 / TDI Q AUT.;Nemcija;DEU;osebni avtomobil;235;vozilo z dviûnimi vrati zadaj;A5 
140;1560;6.3;0;AUDI;S2DLVAF1-FD7FD7CK003RT171E18S57CSAEM1;A5 / 2.0 / TFSI AUT.;Nemcija;DEU;osebni avtomobil;241;vozilo z dviûnimi vrati zadaj;A5 
140;1845;6.3;1;BMW;UZ35-DAW500M0;X3 / xDrive20 / d AUT.;Nemcija;DEU;osebni avtomobil;213;karavan;X3 
140;1845;6.3;1;BMW;VJ91-DAW500B0;X4 / xDrive20 / d AUT.;Nemcija;DEU;osebni avtomobil;213;limuzina;X4 
140;1840;6.3;1;BMW;JX21-DAW500L0;620 / GT / d AUT.;Nemcija;DEU;osebni avtomobil;220;limuzina;620
140;1825;6.3;1;BMW;JP51-DAW500L0;520 / TOURING / d xDrive AUT.;Nemcija;DEU;osebni avtomobil;222;karavan;520
140;1810;6.3;1;MERCEDES BENZ;OX1ET1-JZAZ178A;GLB / 220 d 4-MATIC / AUT.;Nemcija;DEU;osebni avtomobil;217;karavan;GLB 
140;1735;6.3;1;MERCEDES BENZ;OX1ET1-JZAA178A;GLB / 220 d / 4-MATIC AUT.;Nemcija;DEU;osebni avtomobil;217;karavan;GLB 
140;1655;6.3;1;äKODA;AADFHAX11-NAD7AD7GC0057CNSTN1C7A;SUPERB / 2.0 / TDI 4x4 AUT.;Ceöka republika;CZE;osebni avtomobil;228;limuzina;SUPERB 
140;1730;6.3;1;VOLKSWAGEN;ABDFHAX1-AD7AD7GC005V4BFVR21COB;ARTEON / 2.0 / TDI 4M AUT.;Nemcija;DEU;osebni avtomobil;233;vozilo z dviûnimi vrati zadaj;ARTEON 
140;1725;6.3;1;VOLKSWAGEN;ABDFHAX1-AD7AD7GC005V7CNVR21CMA;ARTEON / 2.0 / TDI 4M AUT.;Nemcija;DEU;osebni avtomobil;233;vozilo z dviûnimi vrati zadaj;ARTEON 
140;1690;6.3;1;VOLKSWAGEN;ACDFHAX1-AD7AD7GC005SV4BFVR21CB;PASSAT / VARIANT 2.0 / TDI 4M AUT.;Nemcija;DEU;osebni avtomobil;225;karavan;PASSAT 
140;1637;6.3;1;VOLKSWAGEN;AADFHAX1-AD7AD7GC005SV7CNVR21CA;PASSAT / 2.0 / TDI 4M AUT.;Nemcija;DEU;osebni avtomobil;224;limuzina;PASSAT 
140;1820;6.4;1;ALFA ROMEO;949AXM2A5CDG;STELVIO / 2.2 / JTDM CA AWD SW;Italija;ITA;osebni avtomobil;210;karavan;STELVIO 
140;1735;6.4;1;AUDI;LCANAF1-FAVAN001R4F70S57MG;A6 / 2.7 / TDI V-AUT.;Nemcija;DEU;osebni avtomobil;227;limuzina;A6 
140;1700;6.4;1;AUDI;A2DETAQ1-QD7QD7CL002RT081E19S54BFBEM1;A4 / AVANT 2.0 / TDI Q AUT.;Nemcija;DEU;osebni avtomobil;230;karavan;A4 
140;1670;6.4;1;AUDI;LCGKAF1-FAVW0010R8K617MB;A4 / 2.7 / TDI V-AUT.;Nemcija;DEU;osebni avtomobil;226;limuzina;A4 
140;1650;6.4;1;AUDI;CCGKAF1-FAVW0010R8T907MGEM0;A5 / 2.7 / TDI V-AUT.;Nemcija;DEU;osebni avtomobil;232;kupe;A5 
140;1845;6.4;1;BMW;UZ35-DAW500B0;X3 / xDrive20 / d AUT.;Nemcija;DEU;osebni avtomobil;213;karavan;X3 
140;1845;6.4;1;BMW;VJ91-DAW500BA;X4 / xDrive20 / d AUT.;Nemcija;DEU;osebni avtomobil;213;limuzina;X4 
140;1825;6.4;1;BMW;JP51-DAW5000M;520 / TOURING / d xDrive AUT.;Nemcija;DEU;osebni avtomobil;222;karavan;520
140;1790;6.4;1;BMW;8T51-6AW500L0;320 / GT / D XDRIVE AUT.;Nemcija;DEU;osebni avtomobil;225;limuzina;320
140;1735;6.4;1;BMW;4K51-6AW50000;420 / / d xDrive AUT.;Nemcija;DEU;osebni avtomobil;230;limuzina;420
140;2152;6.4;1;FORD;WA6-BCCC1KX-7KEAZNADZF3;GALAXY 2.0 / EcoBlue 140 A8;Nemcija;DEU;osebni avtomobil;204;karavan;GALAXY 2.0 
140;1905;6.4;1;FORD;WA6-BCCC1JX-5KEACNAZMF1;S-MAX / 2.0 / EcoBlue 140 A8;Nemcija;DEU;osebni avtomobil;208;karavan;S-MAX 
140;1905;6.4;1;FORD;WA6-BCCC1JX-7KEAZNADZF1;S-MAX 2.0 / EcoBlue 140 A8;Nemcija;DEU;osebni avtomobil;208;karavan;S-MAX 2.0 
140;1905;6.4;1;FORD;WA6-BCCC1JX-5KEAANADZF1;S-MAX 2.0 EcoBlue 140 A8;Nemcija;DEU;osebni avtomobil;208;karavan;S-MAX 2.0 EcoBlue 140 A8
140;1795;6.4;1;LAND ROVER;J3FU2F-D5T2;RANGE ROVER EVOQUE / / COUPE HP 4WD AUT.;Zdruûeno kraljestvo;GBR;osebni avtomobil;195;kupe;RANGE ROVER EVOQUE 
140;1450;6.4;0;MERCEDES BENZ;X245T2-GZAA152A;A / 220 / AUT.;Nemcija;DEU;osebni avtomobil;240;karavan;A 
140;1465;6.4;0;MINI;ZC51-6H1500C0;COOPER S COUNTRYMAN / / ALL4;Nemcija;DEU;osebni avtomobil;215;karavan;COOPER S COUNTRYMAN 
140;1687;6.4;1;äKODA;ACDFHAX11-NAD7AD7GC0054BFSTN1B8B;SUPERB / COMBI 2.0 / TDI 4x4 AUT.;Ceöka republika;CZE;osebni avtomobil;223;karavan;SUPERB 
140;1665;6.4;1;äKODA;AADFHAX11-NAD7AD7GC0054BFSTN1C8B;SUPERB / 2.0 / TDI 4x4 AUT.;Ceöka republika;CZE;osebni avtomobil;232;limuzina;SUPERB 
140;1725;6.4;1;VOLKSWAGEN;ACDFHAX1-AD7AD7GC005CV4BFVR21CB00;PASSAT / VARIANT 2.0 / TDI 4M AUT.;Nemcija;DEU;osebni avtomobil;223;karavan;PASSAT 
140;1678;6.4;1;VOLKSWAGEN;ACDFHAX1-AD7AD7GC005SV7CNVR21CA;PASSAT / VARIANT 2.0 / TDI 4M AUT.;Nemcija;DEU;osebni avtomobil;222;karavan;PASSAT 
140;1520;6.4;0;VOLVO;MMZ57-MZ57LC;V 40 CROSS COUNTRY / 2.0 / T AUT. AWD;ävedska;SWE;osebni avtomobil;210;vecnamensko vozilo;V 40 CROSS COUNTRY 
140;1860;6.5;1;AUDI;KCGKAF1-FAVW0010R8F607MGEM0;A5 CABRIOLET / 2.7 / TDI V-AUT.;Nemcija;DEU;osebni avtomobil;222;kabriolet;A5 CABRIOLET 
140;1810;6.5;1;AUDI;ACANAF1-FAVAN001R4F60S57MG;A6 / AVANT 2.7 / TDI V-AUT.;Nemcija;DEU;osebni avtomobil;223;karavan;A6 
140;1715;6.5;1;AUDI;SCGKAF1-FAVW0010R8S607MGEM0;A5 / 2.7 / TDI V-AUT.;Nemcija;DEU;osebni avtomobil;224;vozilo z dviûnimi vrati zadaj;A5 
140;1925;6.5;1;BMW;4M91-IAV500B0;X4 / xDrive20 / d AUT.;Nemcija;DEU;osebni avtomobil;213;limuzina;X4 
140;1845;6.5;1;BMW;UZ31-DAW500BA;X3 / xDrive20 / d AUT.;Nemcija;DEU;osebni avtomobil;213;karavan;X3 
140;1840;6.5;1;BMW;JX21-DAW50000;620 / GT / d AUT.;Nemcija;DEU;osebni avtomobil;220;vozilo za posebne namene;620
140;1825;6.5;1;BMW;JP51-DAW50000;520 / TOURING / d xDrive AUT.;Nemcija;DEU;osebni avtomobil;222;karavan;520
140;1790;6.5;1;BMW;8T51-6AW500L0;320 / GT / D XDRIVE AUT.;Nemcija;DEU;osebni avtomobil;225;limuzina;320
140;1735;6.5;1;BMW;4K51-6AW50000;420 / / d xDrive AUT.;Nemcija;DEU;osebni avtomobil;230;limuzina;420
140;1725;6.5;1;BMW;8J11-6AW50000;320 / TOURING / d xDrive AUT.;Nemcija;DEU;osebni avtomobil;222;karavan;320
140;1935;6.5;1;FORD;WA6-BCCC1KX-7KEAANADZF3;GALAXY / 2.0 / EcoBlue 140 A8;Nemcija;DEU;osebni avtomobil;204;karavan;GALAXY 
140;1905;6.5;1;FORD;WA6-BCCC1JX-5KEAZNADZF1;S-MAX 2.0 / EcoBlue 140 A8;Nemcija;DEU;osebni avtomobil;208;karavan;S-MAX 2.0 
140;1840;6.5;1;LAND ROVER;S5FU2F-D5T2;RANGE ROVER EVOQUE / / SW SD4 4WD AUT.;Zdruûeno kraljestvo;GBR;osebni avtomobil;195;karavan;RANGE ROVER EVOQUE 
140;1750;6.5;1;LAND ROVER;LVS5FU2F-D5T2;RANGE ROVER EVOQUE / / SW SD4 4WD AUT.;Zdruûeno kraljestvo;GBR;osebni avtomobil;195;karavan;RANGE ROVER EVOQUE 
140;2052;6.5;1;MERCEDES BENZ;KOA83310N-1FKV7S38BE;VITO TOURER / 119 / CDI AUT.;Nemcija;DEU;osebni avtomobil;199;vecnamensko vozilo;VITO TOURER 
140;2012;6.5;1;MERCEDES BENZ;KOA8L310NXX-2FKU2X38BEXX;VITO TOURER / 119 CDI AUT.;Nemcija;DEU;osebni avtomobil;206;vecnamensko vozilo;VITO TOURER 
140;1469;6.5;0;NISSAN;F15-C03;JUKE / 1.6 / 16V 4x4 AUT.;Zdruûeno kraljestvo;GBR;osebni avtomobil;200;vecnamensko vozilo;JUKE 
140;1687;6.5;1;äKODA;ACDFHAX11-NAD7AD7GC0054BFSTN1C8B;SUPERB / COMBI 2.0 / TDI 4x4 AUT.;Ceöka republika;CZE;osebni avtomobil;223;karavan;SUPERB 
140;1665;6.5;1;äKODA;AADFHAX11-NAD7AD7GC0054BFSTN1C8B;SUPERB / 2.0 / TDI 4x4 AUT.;Ceöka republika;CZE;osebni avtomobil;232;limuzina;SUPERB 
140;1734;6.5;1;VOLKSWAGEN;ABDFHAX1-AD7AD7GC005H7CNVR21CMA;ARTEON / 2.0 / TDI 4M AUT.;Nemcija;DEU;osebni avtomobil;233;vozilo z dviûnimi vrati zadaj;ARTEON 
140;1710;6.5;1;VOLKSWAGEN;ACDFHAX1-AD7AD7GC005CV7CNVR21CA;PASSAT / VARIANT 2.0 / TDI 4M AUT.;Nemcija;DEU;osebni avtomobil;214;karavan;PASSAT 
140;1697;6.5;1;VOLKSWAGEN;ACDFHAX1-AD7AD7GC005SV4BFVR21CB00;PASSAT / VARIANT 2.0 / TDI 4M AUT.;Nemcija;DEU;osebni avtomobil;225;karavan;PASSAT 
140;1690;6.5;1;VOLKSWAGEN;ACDFHAX1-AD7AD7GC005SV4BFVR21CB;PASSAT / VARIANT 2.0 / TDI 4M AUT.;Nemcija;DEU;osebni avtomobil;225;karavan;PASSAT 
140;1678;6.5;1;VOLKSWAGEN;ACDFHAX1-AD7AD7GC005SV7CNVR21CA;PASSAT / VARIANT 2.0 / TDI 4M AUT.;Nemcija;DEU;osebni avtomobil;222;karavan;PASSAT 
140;1759;6.5;1;VOLVO;PPWA8-PWA8UD0;V90 / 2.0 / TD AUT. FWD;ävedska;SWE;osebni avtomobil;225;karavan;V90 
140;1670;6.6;1;AUDI;LCAMAF1-FAVW0010R8K61;A4 / 2.7 / TDI V-AUT.;Nemcija;DEU;osebni avtomobil;226;limuzina;A4 
140;1845;6.6;1;BMW;UZ35-DAW500B0;X3 / xDrive20 / d AUT.;Nemcija;DEU;osebni avtomobil;213;karavan;X3 
140;1835;6.6;1;BMW;UZ31-DAW500MA;X3 / xDrive20 / d AUT.;Nemcija;DEU;osebni avtomobil;213;karavan;X3 
140;1790;6.6;1;BMW;8T51-6AW50000;320 / GT / d xDrive AUT.;Nemcija;DEU;osebni avtomobil;225;limuzina;320
140;1935;6.6;1;FORD;WA6-BCCC1KX-7KEACNADZF3;GALAXY 2.0 EcoBlue 140 A8;Nemcija;DEU;osebni avtomobil;204;karavan;GALAXY 2.0 EcoBlue 140 A8
140;1935;6.6;1;FORD;WA6-BCCC1KX-7KEAZNADZF3;GALAXY 2.0 / EcoBlue 140 A8;Nemcija;DEU;osebni avtomobil;204;karavan;GALAXY 2.0 
140;1905;6.6;1;FORD;WA6-BCCC1JX-5KEAZNADZF1;S-MAX 2.0 / EcoBlue 140 A8;Nemcija;DEU;osebni avtomobil;208;karavan;S-MAX 2.0 
140;2575;6.6;1;MERCEDES BENZ;KOA83305N-3FKT7T38BE;VITO TOURER / 119 / BLUETEC AUT.;Nemcija;DEU;osebni avtomobil;199;vozilo za posebne namene;VITO TOURER 
140;2185;6.6;1;MERCEDES BENZ;KLA83305N-1FKT7T28BE;V / 250 / BLUETEC AUT.;Nemcija;DEU;osebni avtomobil;199;vecnamensko vozilo;V 
140;2185;6.6;1;MERCEDES BENZ;KLA83310N-1FKU7T37BE;V / 250 / d AUT.;Nemcija;DEU;osebni avtomobil;199;karavan;V 
140;2077;6.6;1;MERCEDES BENZ;KOA83310N-2FKR7T27BE;V / 250 d / 4 Matic / Marco Polo;Nemcija;DEU;osebni avtomobil;199;vecnamensko vozilo;V 
140;2012;6.6;1;MERCEDES BENZ;KOA8L310NXX-2FKR2X28BEXX;VITO TOURER 119 CDI AUT.;Nemcija;DEU;osebni avtomobil;206;vecnamensko vozilo;VITO TOURER 119 CDI AUT.
140;1987;6.6;1;MERCEDES BENZ;KOA8L310NXX-1FKR2X28BEXX;VITO TOURER / 119 CDI AUT.;Nemcija;DEU;osebni avtomobil;206;vecnamensko vozilo;VITO TOURER 
140;1687;6.6;1;äKODA;ACDFHAX11-NAD7AD7GC0054BFSTS1C8B;SUPERB / COMBI 2.0 / TDI 4x4 AUT.;Ceöka republika;CZE;osebni avtomobil;223;karavan;SUPERB 
140;1677;6.6;1;äKODA;ACDFHAX11-NAD7AD7GC0057CNSTN1C7A;SUPERB / COMBI 2.0 / TDI 4x4 AUT.;Ceöka republika;CZE;osebni avtomobil;221;karavan;SUPERB 
140;1716;6.6;1;VOLKSWAGEN;ACDFHAX1-AD7AD7GC005CH7CNVR21CA;PASSAT / VARIANT 2.0 / TDI 4M AUT.;Nemcija;DEU;osebni avtomobil;214;karavan;PASSAT 
140;1710;6.6;1;VOLKSWAGEN;ACDFHAX1-AD7AD7GC005CV7CNVR21CA;PASSAT / VARIANT 2.0 / TDI 4M AUT.;Nemcija;DEU;osebni avtomobil;214;karavan;PASSAT 
140;1678;6.6;1;VOLKSWAGEN;ACDFHAX1-AD7AD7GC005SV7CNVR21CA;PASSAT / VARIANT 2.0 / TDI 4M AUT.;Nemcija;DEU;osebni avtomobil;222;karavan;PASSAT 
140;1827;6.6;1;VOLVO;PPWA8-PWA8UC0;V90 / 2.0 / TD AUT. AWD;ävedska;SWE;osebni avtomobil;225;karavan;V90 
140;1677;6.6;0;VOLVO;ZZSAK-ZSAKVD0;S60 / 2.0 / T / AUT. FWD;ävedska;SWE;osebni avtomobil;220;limuzina;S60 
140;1648;6.6;0;VOLVO;XXZAC-XZACVD0;XC40 / 2.0 / T / AUT. FWD;ävedska;SWE;osebni avtomobil;210;karavan;XC40 
140;1650;6.7;1;AUDI;CCAMAF1-FAVW0010R8T60;A5 / 2.7 / TDI V-AUT.;Nemcija;DEU;osebni avtomobil;232;kupe;A5 
140;1845;6.7;1;BMW;UZ31-DAW500BA;X3 / xDrive20 / d AUT.;Nemcija;DEU;osebni avtomobil;213;karavan;X3 
140;1815;6.7;1;BMW;8T51-DAW500B0;320 / GT / d xDrive AUT.;Nemcija;DEU;osebni avtomobil;225;limuzina;320
140;1905;6.7;1;FORD;WA6-BCCC1JX-5KEAZNADZF1;S-MAX 2.0 / EcoBlue 140 A8;Nemcija;DEU;osebni avtomobil;208;karavan;S-MAX 2.0 
140;2502;6.7;1;MERCEDES BENZ;MKA83310N-2FKV7V24BE;V / 250 / MARCO POLO / 4MATIC / d AUT.;Nemcija;DEU;osebni avtomobil;199;karavan;V 
140;2235;6.7;1;MERCEDES BENZ;KLA83305N-3FKU7U37BE;V / 250 / BLUETEC AUT.;Nemcija;DEU;osebni avtomobil;199;karavan;V 
140;2235;6.7;1;MERCEDES BENZ;KLA83310N-3FKT7U28BE;V / 250 / d AUT.;Nemcija;DEU;osebni avtomobil;199;vecnamensko vozilo;V 
140;2210;6.7;1;MERCEDES BENZ;KLA83305N-2FKU7U38BE;V / 250 / BLUETEC AUT.;Nemcija;DEU;osebni avtomobil;199;vecnamensko vozilo;V 
140;2210;6.7;1;MERCEDES BENZ;KLA83310N-2FKU7U27BE;V / 250 / d AUT.;Nemcija;DEU;osebni avtomobil;199;karavan;V 
140;2186;6.7;1;MERCEDES BENZ;KLA83310N-2FKV7U37BE;V / 250 / d AUT.;Nemcija;DEU;osebni avtomobil;199;karavan;V 
140;1772;6.7;1;äKODA;ACDFHAX1-NAD7AD7DL0034BF0NS5N1A8A;KODIAQ / 2.0 / TDI 4x4 AUT.;Ceöka republika;CZE;osebni avtomobil;210;karavan;KODIAQ 
140;1687;6.7;1;äKODA;ACDFHAX11-NAD7AD7GC0054BFSTN1C8B;SUPERB / COMBI 2.0 / TDI 4x4 AUT.;Ceöka republika;CZE;osebni avtomobil;223;karavan;SUPERB 
140;1677;6.7;1;äKODA;ACDFHAX11-NAD7AD7GC0057CNSTN1C7A;SUPERB / COMBI 2.0 / TDI 4x4 AUT.;Ceöka republika;CZE;osebni avtomobil;221;karavan;SUPERB 
140;1610;6.7;1;äKODA;ACDFHAX1-NAD7AD7GC0054BF163N1C8A;KAROQ / 2.0 / TDI 4x4 AUT.;Ceöka republika;CZE;osebni avtomobil;211;karavan;KAROQ 
140;1495;6.7;0;VOLKSWAGEN;CZPBX1AC4-AD7AD7GC0077MV62;T-ROC / 2.0 / TSI 4M AUT.;Nemcija;DEU;osebni avtomobil;216;karavan;T-ROC 
140;1677;6.7;0;VOLVO;ZZSAK-ZSAKUD0;S60 / 2.0 / T / AUT. FWD;ävedska;SWE;osebni avtomobil;220;limuzina;S60 
140;1690;6.8;1;AUDI;A2DETAQ1-QD7QD7CL002RT071E18S57CPBEM1;A4 / AVANT 2.0 / TDI Q AUT.;Nemcija;DEU;osebni avtomobil;230;karavan;A4 
140;1530;6.8;0;AUDI;L2DLVAF1-FD7FD7CK003RT011B18S54BFAEM10;A4 / 2.0 / TFSI AUT.;Nemcija;DEU;osebni avtomobil;210;limuzina;A4 
140;1905;6.8;1;BMW;JX41-DAW500L0;620 / GT / d xDrive AUT.;Nemcija;DEU;osebni avtomobil;218;limuzina;620
140;1845;6.8;1;BMW;VJ91-DAW500B0;X4 / xDrive20 / d AUT.;Nemcija;DEU;osebni avtomobil;213;limuzina;X4 
140;1835;6.8;1;BMW;UZ35-DAW500M0;X3 / xDrive20 / d AUT.;Nemcija;DEU;osebni avtomobil;213;karavan;X3 
140;1825;6.8;1;BMW;TX35-CAW500L0;X3 / xDrive20 / d AUT.;Nemcija;DEU;osebni avtomobil;213;karavan;X3 
140;1810;6.8;1;BMW;JM91-CAW500N0;520 / TOURING / d xDrive AUT.;Nemcija;DEU;osebni avtomobil;222;karavan;520
140;1984;6.8;1;FORD;WA6-BCCC4JX-7NEAZNAD1F4;S-MAX 2.0 / EcoBlue 140 A8 AWD;Nemcija;DEU;osebni avtomobil;206;karavan;S-MAX 2.0 
140;2170;6.8;1;MERCEDES BENZ;KLA8L310NXX-3FKT2X28BEXX;V / 250 / d AUT.;Nemcija;DEU;osebni avtomobil;206;vecnamensko vozilo;V 
140;2145;6.8;1;MERCEDES BENZ;KLA8L310NXX-2FKV2X37BEXX;V / 250 / d AUT.;Nemcija;DEU;osebni avtomobil;206;karavan;V 
140;1772;6.8;1;äKODA;ACDFHAX1-NAD7AD7DL0034BF0GS5N1A8A;KODIAQ / 2.0 / TDI 4x4 AUT.;Ceöka republika;CZE;osebni avtomobil;210;karavan;KODIAQ 
140;1610;6.8;1;äKODA;ACDFHAX1-NAD7AD7GC0054BF165S1C7A;KAROQ / 2.0 / TDI 4x4 AUT.;Ceöka republika;CZE;osebni avtomobil;211;karavan;KAROQ 
140;1495;6.8;0;VOLKSWAGEN;CZPBX1AC4-AD7AD7GC0077MV63;T-ROC / 2.0 / TSI 4M AUT.;Nemcija;DEU;osebni avtomobil;216;karavan;T-ROC 
140;1866;6.8;1;VOLVO;PPZA8-PZA8TC0;V90 Cross Country / 2.0 / TD AUT. AWD;ävedska;SWE;osebni avtomobil;210;karavan;V90 Cross Country 
140;1845;6.9;1;AUDI;XDETAQ1-QD7AD7CJ002RT51C204BFAEM1FS;Q5 / 2.0 / TDI Q AUT.;Nemcija;DEU;osebni avtomobil;220;karavan;Q5 
140;1845;6.9;1;BMW;VJ91-DAW500B0;X4 / xDrive20 / d AUT.;Nemcija;DEU;osebni avtomobil;213;limuzina;X4 
140;1835;6.9;1;BMW;UZ35-DAW500BA;X3 / xDrive20 / d AUT.;Nemcija;DEU;osebni avtomobil;213;karavan;X3 
140;1825;6.9;1;BMW;TX31-CAW500BA;X3 / xDrive20 / d AUT.;Nemcija;DEU;osebni avtomobil;213;karavan;X3 
140;1815;6.9;1;BMW;VJ11-CAW500B0;X4 / xDrive20 / d AUT.;Nemcija;DEU;osebni avtomobil;213;limuzina;X4 
140;1984;6.9;1;FORD;WA6-BCCC4JX-5NEAZNAD1F4;S-MAX 2.0 / EcoBlue 140 A8 AWD;Nemcija;DEU;osebni avtomobil;206;karavan;S-MAX 2.0 
140;1715;6.9;1;MERCEDES BENZ;211U02AK0-KBBBA500;E / 280 / CDI;Nemcija;DEU;osebni avtomobil;241;limuzina;E 
140;1695;6.9;1;MERCEDES BENZ;U02AL0-KBAAA500;E / 280 / CDI;Nemcija;DEU;osebni avtomobil;241;limuzina;E 
140;1325;6.9;0;NISSAN;F15-B01;JUKE / 1.6 / 16V;Zdruûeno kraljestvo;GBR;osebni avtomobil;215;vecnamensko vozilo;JUKE 
140;1874;6.9;1;RENAULT;RZGHH4ANXTA1200000;KOLEOS / 2.0 / DCI AUT. 4x4;Francija;FRA;osebni avtomobil;198;karavan;KOLEOS 
140;1815;6.9;1;äKODA;ACDFHAX1-NAD7AD7DL0034BF5NS7N1A8A;KODIAQ / 2.0 / TDI 4x4 AUT.;Ceöka republika;CZE;osebni avtomobil;209;karavan;KODIAQ 
140;1772;6.9;1;äKODA;ACDFHAX1-NAD7AD7DL0034BF0GS5V1B8A;KODIAQ / 2.0 / TDI 4x4 AUT.;Ceöka republika;CZE;osebni avtomobil;210;karavan;KODIAQ 
140;1740;6.9;1;VOLKSWAGEN;ACDFHAX1-AD7AD7DL003N5R4NVR24BF1BSAC;TIGUAN / 2.0 / TDI 4M AUT.;Nemcija;DEU;osebni avtomobil;212;karavan;TIGUAN 
140;1870;6.9;1;VOLVO;UUZA8-UZA8VC0;XC60 / 2.0 / TD / AUT. AWD;ävedska;SWE;osebni avtomobil;205;karavan;XC60 
140;1866;6.9;1;VOLVO;UUZA8-UZA8VC;XC 60 / 2.0 / TD AUT. AWD;ävedska;SWE;osebni avtomobil;205;karavan;XC 60 
140;1717;6.9;0;VOLVO;XXZAC-XZACVC0;XC40 / 2.0 / T / AUT. AWD;ävedska;SWE;osebni avtomobil;210;karavan;XC40 
140;1905;7.1;1;AUDI;ACANCQ1-QA69L162R4F60S57MG;A6 / AVANT 2.7 / TDI Q AUT.;Nemcija;DEU;osebni avtomobil;226;karavan;A6 
140;1845;7.1;1;AUDI;LCANCQ1-QA69L162R4F80S57MG;A6 / 2.7 / TDI Q AUT.;Nemcija;DEU;osebni avtomobil;230;limuzina;A6 
140;1845;7.1;1;AUDI;XDETAQ1-QD7AD7CJ002RT51C184BFAEM1FL;Q5 / 2.0 / TDI Q AUT.;Nemcija;DEU;osebni avtomobil;220;karavan;Q5 
140;1840;7.1;1;AUDI;LCANCQ1-QA69L162R4F60S57MG;A6 / 2.7 / TDI Q AUT.;Nemcija;DEU;osebni avtomobil;230;limuzina;A6 
140;1770;7.1;1;AUDI;XDFHAQ1-QD7AD7DL003RT21B184BFAHA5EM1B;Q3 / 2.0 / TDI Q AUT.;Nemcija;DEU;osebni avtomobil;221;karavan;Q3 
140;1770;7.1;1;AUDI;SDFHAQ1-QD7AD7DL003RT51B184BFAHA4EM1B;Q3 / SPORTBACK 2.0 / TDI Q AUT.;Nemcija;DEU;osebni avtomobil;217;vozilo z dviûnimi vrati zadaj;Q3 
140;1825;7.1;1;BMW;TX35-CAW500B0;X3 / xDrive20 / d AUT.;Nemcija;DEU;osebni avtomobil;213;karavan;X3 
140;1815;7.1;1;BMW;VJ11-CAW500B0;X4 / xDrive20 / d AUT.;Nemcija;DEU;osebni avtomobil;213;limuzina;X4 
140;2185;7.1;1;MERCEDES BENZ;164-120;ML / 280 / CDI;Nemcija;DEU;osebni avtomobil;215;vecnamensko vozilo;ML 
140;2110;7.1;1;MERCEDES BENZ;B22AK1-NKAAA500;ML / 280 / CDI;Nemcija;DEU;osebni avtomobil;205;karavan;ML 
140;1818;7.1;1;äKODA;ACDFHAX1-NAD7AD7DL0037CP5NS7V1B7B;KODIAQ / 2.0 / TDI 4x4 AUT.;Ceöka republika;CZE;osebni avtomobil;209;karavan;KODIAQ 
140;1815;7.1;1;äKODA;ACDFHAX1-NAD7AD7DL0034BF5NS7V1B8B;KODIAQ / 2.0 / TDI 4x4 AUT.;Ceöka republika;CZE;osebni avtomobil;209;karavan;KODIAQ 
140;1775;7.1;1;äKODA;ACDFHAX1-NAD7AD7DL0037CP0NS5N1C7B;KODIAQ / 2.0 / TDI 4x4 AUT.;Ceöka republika;CZE;osebni avtomobil;210;karavan;KODIAQ 
140;1772;7.1;1;äKODA;ACDFHAX1-NAD7AD7DL0034BF0NS5V1C7B;KODIAQ / 2.0 / TDI 4x4 AUT.;Ceöka republika;CZE;osebni avtomobil;210;karavan;KODIAQ 
140;2177;7.1;0;TOYOTA;XU7(EU.M)/AXUH78(R)/AXUH78L-ARXGHW(1A);HIGHLANDER / 2.5 / 4WD HIBRID;Zdruûene drûave;USA;osebni avtomobil;180;karavan;HIGHLANDER 
140;1845;7.1;1;VOLKSWAGEN;ACDFHAX1-AD7AD7DL003L7R5NVR24BF1BSBC;TIGUAN / 2.0 / TDI 4M AUT.;Nemcija;DEU;osebni avtomobil;210;karavan;TIGUAN 
140;1805;7.1;1;VOLKSWAGEN;ACDFHAX1-AD7AD7DL003L5R6NVR24BF1BSBC;TIGUAN / 2.0 / TDI 4M AUT.;Nemcija;DEU;osebni avtomobil;210;karavan;TIGUAN 
140;1755;7.1;1;VOLKSWAGEN;ACDFHAX1-AD7AD7DL003N5N4TVR27CP1CSB;TIGUAN / 2.0 / TDI 4M AUT.;Nemcija;DEU;osebni avtomobil;212;karavan;TIGUAN 
140;1740;7.1;1;VOLKSWAGEN;ACDFHAX1-AD7AD7DL003N5R4NVR24BF1CSB;TIGUAN / 2.0 / TDI 4M AUT.;Nemcija;DEU;osebni avtomobil;212;karavan;TIGUAN 
140;1866;7.1;1;VOLVO;UUZA8-UZA8UC;XC 60 / 2.0 / TD AUT. AWD;ävedska;SWE;osebni avtomobil;205;karavan;XC 60 
140;1845;7.2;1;AUDI;XDETAQ1-QD7AD7CJ002RT11C177CPAEM1FS;Q5 / 2.0 / TDI Q AUT.;Nemcija;DEU;osebni avtomobil;220;karavan;Q5 
140;1560;7.2;0;AUDI;S2DLVAF1-FD7FD7CK003RT171E19S54BFBEM1;A5 / 2.0 / TFSI AUT.;Nemcija;DEU;osebni avtomobil;241;vozilo z dviûnimi vrati zadaj;A5 
140;2117;7.2;1;LANCIA;L2YAM-C5LD1A;THEMA / 3.0 / MULTIJET;Zdruûene drûave;USA;osebni avtomobil;232;limuzina;THEMA 
140;1740;7.2;1;MERCEDES BENZ;U02AK0-NBBBA500;E / 280 / CDI AUT.;Nemcija;DEU;osebni avtomobil;238;limuzina;E 
140;1720;7.2;1;MERCEDES BENZ;211U02AL0-NBAAA500;E / 280 / CDI AUT.;Nemcija;DEU;osebni avtomobil;238;limuzina;E 
140;1490;7.2;0;MERCEDES BENZ;3345T2-GZAA150A;CLA / 220 / AUT.;Nemcija;DEU;osebni avtomobil;241;limuzina;CLA 
140;1845;7.2;1;SEAT;XDFHAX1-AD7AD7DL0037CPML761CB;TARRACO / 2.0 / TDI 4WD AUT.;äpanija;ESP;osebni avtomobil;210;karavan;TARRACO 
140;1384;7.2;0;SEAT;FDKZAX0V-FD7SFD7GC0037CSMLO51EA;LEON ST / 2.0 / TSI AUT.;äpanija;ESP;osebni avtomobil;232;karavan;LEON ST 
140;1818;7.2;1;äKODA;ACDFHAX1-NAD7AD7DL0037CP5NS7N1C7B;KODIAQ / 2.0 / TDI 4x4 AUT.;Ceöka republika;CZE;osebni avtomobil;209;karavan;KODIAQ 
140;1775;7.2;1;äKODA;ACDFHAX1-NAD7AD7DL0037CP0GS5V1C7B;KODIAQ / 2.0 / TDI 4x4 AUT.;Ceöka republika;CZE;osebni avtomobil;210;karavan;KODIAQ 
140;1772;7.2;1;äKODA;ACDFHAX1-NAD7AD7DL0034BF0NS5V1C7B;KODIAQ / 2.0 / TDI 4x4 AUT.;Ceöka republika;CZE;osebni avtomobil;210;karavan;KODIAQ 
140;1559;7.2;0;äKODA;ACDNNAX01-NFD7FD7GC0064BISTN1C8B;SUPERB / COMBI 2.0 / TSI AUT.;Ceöka republika;CZE;osebni avtomobil;231;karavan;SUPERB 
140;1805;7.2;1;VOLKSWAGEN;ACDFHAX1-AD7AD7DL003L5R5NVR24BF1CSB;TIGUAN / 2.0 / TDI 4M AUT.;Nemcija;DEU;osebni avtomobil;210;karavan;TIGUAN 
140;1790;7.2;1;VOLKSWAGEN;ACDFHAX1-AD7AD7DL003L5R5NVR27CP1CSB;TIGUAN / 2.0 / TDI 4M AUT.;Nemcija;DEU;osebni avtomobil;210;karavan;TIGUAN 
140;1755;7.2;1;VOLKSWAGEN;ACDFHAX1-AD7AD7DL003N5R5NVR27CP1CSB;TIGUAN / 2.0 / TDI 4M AUT.;Nemcija;DEU;osebni avtomobil;212;karavan;TIGUAN 
140;1740;7.2;1;VOLKSWAGEN;ACDFHAX1-AD7AD7DL003N5R5NVR24BF1CSB;TIGUAN / 2.0 / TDI 4M AUT.;Nemcija;DEU;osebni avtomobil;212;karavan;TIGUAN 
140;1870;7.2;1;VOLVO;UUZA8-UZA8UC0;XC60 / 2.0 / TD / AUT. FWD;ävedska;SWE;osebni avtomobil;205;karavan;XC60 
140;1845;7.3;1;AUDI;XDETAQ1-QD7AD7CJ002RT51C184BFAEM1FS;Q5 / 2.0 / TDI Q AUT.;Nemcija;DEU;osebni avtomobil;220;karavan;Q5 
140;1770;7.3;1;AUDI;SDFHAQ1-QD7AD7DL003RT51C194BFAHA5EM1B;Q3 / SPORTBACK 2.0 / TDI Q AUT.;Nemcija;DEU;osebni avtomobil;217;vozilo z dviûnimi vrati zadaj;Q3 
140;1816;7.3;1;SEAT;XDFHAX1-AD7AD7DL0037CPML551CB;TARRACO / 2.0 / TDI 4WD AUT.;äpanija;ESP;osebni avtomobil;210;karavan;TARRACO 
140;1818;7.3;1;äKODA;ACDFHAX1-NAD7AD7DL0037CP6NS7V1C7B;KODIAQ / 2.0 / TDI 4x4 AUT.;Ceöka republika;CZE;osebni avtomobil;209;karavan;KODIAQ 
140;1815;7.3;1;äKODA;ACDFHAX1-NAD7AD7DL0034BF6NS7V1C7B;KODIAQ / 2.0 / TDI 4x4 AUT.;Ceöka republika;CZE;osebni avtomobil;209;karavan;KODIAQ 
140;1775;7.3;1;äKODA;ACDFHAX1-NAD7AD7DL0037CP0GS5S1C7B;KODIAQ / 2.0 / TDI 4x4 AUT.;Ceöka republika;CZE;osebni avtomobil;210;karavan;KODIAQ 
140;1805;7.3;1;VOLKSWAGEN;ACDFHAX1-AD7AD7DL003L5R6NVR24BF1CSB;TIGUAN / 2.0 / TDI 4M AUT.;Nemcija;DEU;osebni avtomobil;210;karavan;TIGUAN 
140;1845;7.4;1;AUDI;XDETAQ1-QD7AD7CJ002RT51C204BFAEM1FL;Q5 / 2.0 / TDI Q AUT.;Nemcija;DEU;osebni avtomobil;220;karavan;Q5 
140;1845;7.4;1;MERCEDES BENZ;U22AK0-KZBBA511;E / 280 T / CDI;Nemcija;DEU;osebni avtomobil;231;karavan;E 
140;1520;7.4;0;MERCEDES BENZ;X045T1-GZAA050A;A / 220 / 4-MATIC AUT.;Nemcija;DEU;osebni avtomobil;237;limuzina;A 
140;1845;7.4;1;SEAT;XDFHAX1-AD7AD7DL0037CPML761CB;TARRACO / 2.0 / TDI 4WD AUT.;äpanija;ESP;osebni avtomobil;210;karavan;TARRACO 
140;1816;7.4;1;SEAT;XDFHAX1-AD7AD7DL0034BFML561CB;TARRACO / 2.0 / TDI 4WD AUT.;äpanija;ESP;osebni avtomobil;210;karavan;TARRACO 
140;1677;7.4;0;VOLVO;ZZSAK-ZSAKUD0;S60 / 2.0 / T / AUT. FWD;ävedska;SWE;osebni avtomobil;220;limuzina;S60 
140;1945;7.5;1;AUDI;HCANCQ1-QA69L161R4FH0S57MG;A6 / ALLROAD QUATTRO 2.7 / TDI V-AUT.;Nemcija;DEU;osebni avtomobil;218;karavan;A6 
140;1845;7.5;1;AUDI;XDETAQ1-QD7AD7CJ002RT51C204BFAEM1FS0;Q5 / 2.0 / TDI Q AUT.;Nemcija;DEU;osebni avtomobil;220;karavan;Q5 
140;1770;7.5;1;AUDI;XDFHAQ1-QD7AD7DL003RT31C207CPBHA5EM1;Q3 / 2.0 / TDI Q AUT.;Nemcija;DEU;osebni avtomobil;221;karavan;Q3 
140;1585;7.5;0;AUDI;A2DLVAF1-FD7FD7CK003RT031E19S54BFBEM1;A4 / AVANT 2.0 / TFSI AUT.;Nemcija;DEU;osebni avtomobil;238;karavan;A4 
140;2235;7.5;1;MERCEDES BENZ;KLA83320NXX-3FKR2X28BEXX;V / 250 / d AUT.;Nemcija;DEU;osebni avtomobil;199;vecnamensko vozilo;V 
140;2210;7.5;1;MERCEDES BENZ;KLA83320NXX-2FKV2X28BEXX;V / 250 / d AUT.;Nemcija;DEU;osebni avtomobil;199;vecnamensko vozilo;V 
140;2210;7.5;1;MERCEDES BENZ;KLA83320NXX-2FKV2X37BEXX;V / 250 / d AUT.;Nemcija;DEU;osebni avtomobil;199;karavan;V 
140;2185;7.5;1;MERCEDES BENZ;KLA83310NXX-1FKV2X26BEXX;V / 250 / d AUT.;Nemcija;DEU;osebni avtomobil;199;karavan;V 
140;1740;7.5;1;MERCEDES BENZ;U02AK0-NZBBA511;E / 280 / CDI AUT.;Nemcija;DEU;osebni avtomobil;238;limuzina;E 
140;1550;7.5;0;MERCEDES BENZ;O045T1-GZAA150A;B / 220 / 4-MATIC / AUT.;Nemcija;DEU;osebni avtomobil;234;karavan;B 
140;2177;7.6;1;MERCEDES BENZ;KLU6L310NXX-3GJU4X28BEXX;V / 250 / d AUT.;Nemcija;DEU;osebni avtomobil;204;vecnamensko vozilo;V 
140;1870;7.6;1;MERCEDES BENZ;U22AK0-NCBBA500;E / 280 T / CDI AUT.;Nemcija;DEU;osebni avtomobil;230;karavan;E 
140;1455;7.6;0;NISSAN;F15-C01;JUKE / 1.6 / 16V 4x4 AUT.;Zdruûeno kraljestvo;GBR;osebni avtomobil;200;vecnamensko vozilo;JUKE 
140;2067;7.7;1;MERCEDES BENZ;KOU6L320VXX-3GJR4X29BEXX;VITO TOURER / 119 / CDI AUT.;Nemcija;DEU;osebni avtomobil;202;vecnamensko vozilo;VITO TOURER 
140;2177;7.8;1;MERCEDES BENZ;KLU6L310NXX-3GJT4X27BEXX;V / 250 / d AUT.;Nemcija;DEU;osebni avtomobil;204;karavan;V 
140;1815;7.8;1;MERCEDES BENZ;U02AK1-SBAAA500;E / 280 / 4-MATIC CDI AUT.;Nemcija;DEU;osebni avtomobil;234;limuzina;E 
140;1600;7.8;0;VOLKSWAGEN;ABDKZAX0-FD7FD7GC006V4BFVR21COB;ARTEON / 2.0 / TSI AUT.;Nemcija;DEU;osebni avtomobil;239;vozilo z dviûnimi vrati zadaj;ARTEON 
140;1570;7.8;0;VOLKSWAGEN;ACDKZAX0-FD7FD7GC006SV4BFVR21BB;PASSAT / VARIANT 2.0 / TSI AUT.;Nemcija;DEU;osebni avtomobil;232;karavan;PASSAT 
140;1415;7.9;0;MERCEDES BENZ;124.030;300 / E;Nemcija;DEU;osebni avtomobil;230;limuzina;300
140;2170;7.9;1;TOYOTA;KDJ155L-GJAEYW(1E);LAND CRUISER / 3.0 / D AUT.;Japonska ;JPN;osebni avtomobil;175;karavan;LAND CRUISER 
140;2070;7.9;1;TOYOTA;KDJ155L-GJAEYW(2B);LAND CRUISER / 3.0 / D AUT.;Japonska ;JPN;osebni avtomobil;175;karavan;LAND CRUISER 
140;1570;7.9;0;VOLKSWAGEN;ACDKZAX0-FD7FD7GC006SV4BFVR21CB;PASSAT / VARIANT 2.0 / TSI AUT.;Nemcija;DEU;osebni avtomobil;232;karavan;PASSAT 
140;1870;8.1;1;MERCEDES BENZ;U22AK0-NZBBA511;E / 280 T / CDI AUT.;Nemcija;DEU;osebni avtomobil;230;karavan;E 
140;2420;8.1;1;TOYOTA;KDJ150L-GKAEYW(4C);LAND CRUISER / 3.0 / D AUT.;Japonska ;JPN;osebni avtomobil;175;vecnamensko vozilo;LAND CRUISER 
140;2225;8.1;1;TOYOTA;KDJ150L-GKAEYW(WB);LAND CRUISER / 3.0 / D AUT.;Japonska ;JPN;osebni avtomobil;175;karavan;LAND CRUISER 
140;2060;8.1;1;TOYOTA;KDJ155L-GJFEYW(2B);LAND CRUISER / 3.0 / D;Japonska ;JPN;osebni avtomobil;175;karavan;LAND CRUISER 
140;1710;8.1;0;VOLVO;XXZAC-XZACVC0;XC40 / 2.0 / T / AUT. AWD;ävedska;SWE;osebni avtomobil;210;karavan;XC40 
140;2287;8.2;1;TOYOTA;KDJ150L-GKFEYW(VB);LAND CRUISER / 3.0 / D;Japonska ;JPN;osebni avtomobil;175;karavan;LAND CRUISER 
140;2170;8.2;1;TOYOTA;KDJ150L-GKFEYW(3B);LAND CRUISER / 3.0 / D;Japonska ;JPN;osebni avtomobil;175;karavan;LAND CRUISER 
140;1495;8.2;0;VOLKSWAGEN;DKZAX1AC4-AD7AD7GC0074BF1CANN;T-ROC / 2.0 / TSI 4M AUT.;Nemcija;DEU;osebni avtomobil;216;karavan;T-ROC 
140;2779;8.3;1;MERCEDES BENZ;K2NE1350BXX-RF1AAWX9B0XX;SPRINTER / 319 / CDI AUT.;Nemcija;DEU;osebni avtomobil;160;vecnamensko vozilo;SPRINTER 
140;2730;8.3;1;MERCEDES BENZ;K2NE1350BXX-QF1BAWA9B0XX;SPRINTER / 319 / CDI AUT.;Nemcija;DEU;osebni avtomobil;160;vecnamensko vozilo;SPRINTER 
140;2230;8.3;1;MERCEDES BENZ;KLU63320NXX-2GJV4X37BEXX;V / 250 / d AUT.;Nemcija;DEU;osebni avtomobil;199;karavan;V 
140;2230;8.3;1;MERCEDES BENZ;KLU63320NXX-2GJS4X28BEXX;V / 250 / d AUT.;Nemcija;DEU;osebni avtomobil;199;vozilo za posebne namene;V 
140;2220;8.3;1;MERCEDES BENZ;KLU63310NXX-2GJT4X26BEXX;V / 250 / d AUT.;Nemcija;DEU;osebni avtomobil;198;karavan;V 
140;2100;8.3;1;MERCEDES BENZ;KOU63310NXX-2GJV4X28BEXX;VITO TOURER / 119 / CDI AUT.;Nemcija;DEU;osebni avtomobil;199;vecnamensko vozilo;VITO TOURER 
140;1746;8.3;0;äKODA;ACDNNAX1-NAD7AD7GC0064BI4NS7S1B2B;KODIAQ / 2.0 / TSI 4x4 AUT.;Ceöka republika;CZE;osebni avtomobil;212;karavan;KODIAQ 
140;1703;8.3;0;äKODA;ACDKZAX1-NAD7AD7GC0064BF0NS5N1A8A;KODIAQ / 2.0 / TSI 4x4 AUT.;Ceöka republika;CZE;osebni avtomobil;212;karavan;KODIAQ 
140;1495;8.3;0;VOLKSWAGEN;DKZAX1AC4-AD7AD7GC0077CS1CA;T-ROC / 2.0 / TSI 4M AUT.;Nemcija;DEU;osebni avtomobil;216;karavan;T-ROC 
140;1505;8.4;0;AUDI;XDKZAQ1-QD7AD7GC007RT21E197CSAEM1HA0;Q2 / 2.0 / TFSI Q AUT.;Nemcija;DEU;osebni avtomobil;228;karavan;Q2 
140;2045;8.4;1;MERCEDES BENZ;MXU63305NXX-1GJR4X35BEXX;VITO MIXTO 119 CDI AUT.;Nemcija;DEU;osebni avtomobil;196;karavan;VITO MIXTO 119 CDI AUT.
140;1708;8.4;0;äKODA;ACDKZAX1-NAD7AD7GC0064BF0NS5N1A8A;KODIAQ / 2.0 / TSI 4x4 AUT.;Ceöka republika;CZE;osebni avtomobil;211;karavan;KODIAQ 
140;2260;8.5;1;NISSAN;R51-D01;PATHFINDER / 2.5 /;äpanija;ESP;osebni avtomobil;186;vozilo za posebne namene;PATHFINDER 
140;2185;8.5;1;NISSAN;R51-G01;PATHFINDER / 2.5 /;äpanija;ESP;osebni avtomobil;186;vecnamensko vozilo;PATHFINDER 
140;2185;8.5;1;NISSAN;R51-G01;PATHFINDER / 2.5 /;äpanija;ESP;osebni avtomobil;186;vozilo za posebne namene;PATHFINDER 
140;2165;8.5;1;NISSAN;R51-D01;PATHFINDER / 2.5 /;äpanija;ESP;osebni avtomobil;186;vecnamensko vozilo;PATHFINDER 
140;2035;8.5;1;NISSAN;D40CVN-6M;NAVARA 2.5 / DCI 4x4;äpanija;ESP;osebni avtomobil;180;vozilo za posebne namene;NAVARA 2.5 
140;1555;8.5;0;äKODA;ACDKZAX1-NAD7AD7GC0074BF164N1C8A;KAROQ / 2.0 / TSI 4x4 AUT.;Ceöka republika;CZE;osebni avtomobil;213;karavan;KAROQ 
140;2230;8.6;1;MERCEDES BENZ;KLU63320NXX-2GJV4X38BEXX;V / 250 / d AUT.;Nemcija;DEU;osebni avtomobil;198;vecnamensko vozilo;V 
140;2220;8.6;1;MERCEDES BENZ;KLU63310NXX-2GJV4X26BEXX;V / 250 / d AUT.;Nemcija;DEU;osebni avtomobil;198;karavan;V 
140;1775;8.7;0;AUDI;ACCDAQ1-QM62X005R4F60S57MG;A6 / AVANT 2.8 / FSI Q;Nemcija;DEU;osebni avtomobil;232;karavan;A6 
140;1695;8.7;0;AUDI;XDKTCQ1-QD7AD7DL004RT21B187CSAHA4EM1;Q3 / 2.0 / TFSI Q AUT.;Nemcija;DEU;osebni avtomobil;220;karavan;Q3 
140;1540;8.7;0;AUDI;8E ABEXF1-FM6EBDR8E71O;A 4 / AVANT 1.8;Nemcija;DEU;osebni avtomobil;232;karavan;A 4 
140;2574;8.7;1;MERCEDES BENZ;KOU63320VXX-3GJR4X39BEXX;VITO TOURER / 119 / CDI AUT.;Nemcija;DEU;osebni avtomobil;196;vozilo za posebne namene;VITO TOURER 
140;2185;8.7;1;NISSAN;R51-D03;PATHFINDER / 2.5 /;äpanija;ESP;osebni avtomobil;186;vecnamensko vozilo;PATHFINDER 
140;1708;8.7;0;äKODA;ACDKZAX1-NAD7AD7GC0064BF0NS5V1B8B;KODIAQ / 2.0 / TSI 4x4 AUT.;Ceöka republika;CZE;osebni avtomobil;211;karavan;KODIAQ 
140;1703;8.7;0;äKODA;ACDKZAX1-NAD7AD7GC0064BF0NS5V1B8B;KODIAQ / 2.0 / TSI 4x4 AUT.;Ceöka republika;CZE;osebni avtomobil;212;karavan;KODIAQ 
140;1680;8.7;0;VOLKSWAGEN;ACDKZAX1-AD7AD7GC006N5R4NVR24BF1BSAC;TIGUAN / 2.0 / TSI 4M AUT.;Nemcija;DEU;osebni avtomobil;214;karavan;TIGUAN 
140;1695;8.8;0;AUDI;XDKTCQ1-QD7AD7DL004RT21B184BFAHA5EM1;Q3 / 2.0 / TFSI Q AUT.;Nemcija;DEU;osebni avtomobil;220;karavan;Q3 
140;1200;8.8;0;HONDA;DC231;INTEGRA / 1.8 / TYPE-R;Japonska ;JPN;osebni avtomobil;233;kupe;INTEGRA 
140;1711;8.8;0;äKODA;ACDKZAX1-NAD7AD7GC0067CS0NS5N1C7B;KODIAQ / 2.0 / TSI 4x4 AUT.;Ceöka republika;CZE;osebni avtomobil;211;karavan;KODIAQ 
140;2185;8.9;1;MERCEDES BENZ;B22AK1-NZAAA501;ML / 300 / 4-MATIC CDI AUT.;Nemcija;DEU;osebni avtomobil;205;karavan;ML 
140;1711;8.9;0;äKODA;ACDKZAX1-NAD7AD7GC0067CS0NS5N1C7B;KODIAQ / 2.0 / TSI 4x4 AUT.;Ceöka republika;CZE;osebni avtomobil;211;karavan;KODIAQ 
140;1780;8.9;0;VOLKSWAGEN;ACDNLAX1-AD7AD7GC006L7R5NVR24BF1BSA;TIGUAN / 2.0 / TSI 4M AUT.;Nemcija;DEU;osebni avtomobil;212;karavan;TIGUAN 
140;1754;9.1;0;äKODA;ACDKZAX1-NAD7AD7GC0067CS6NS7N1C7B;KODIAQ / 2.0 / TSI 4x4 AUT.;Ceöka republika;CZE;osebni avtomobil;210;karavan;KODIAQ 
140;1740;9.1;0;VOLKSWAGEN;ACDNLAX1-AD7AD7GC006L5R5NVR24BF1CSB;TIGUAN / 2.0 / TSI 4M AUT.;Nemcija;DEU;osebni avtomobil;212;karavan;TIGUAN 
140;1695;9.1;0;VOLKSWAGEN;ACDKZAX1-AD7AD7GC006N5R5NVR27CS1CSB;TIGUAN / 2.0 / TSI 4M AUT.;Nemcija;DEU;osebni avtomobil;214;karavan;TIGUAN 
140;1680;9.1;0;VOLKSWAGEN;ACDKZAX1-AD7AD7GC006N5R4NVR24BF1CSB;TIGUAN / 2.0 / TSI 4M AUT.;Nemcija;DEU;osebni avtomobil;214;karavan;TIGUAN 
140;1773;9.2;0;SEAT;XDKZAX1-AD7AD7GC0064BFML551CB;TARRACO / 2.0 / TSI 4WD AUT.;äpanija;ESP;osebni avtomobil;211;karavan;TARRACO 
140;2165;9.3;1;MERCEDES BENZ;MB251-022AK0NZEEA701;R / 280 / 4-MATIC CDI AUT.;Nemcija;DEU;osebni avtomobil;222;karavan;R 
140;2385;9.3;1;MITSUBISHI;V9523-BKCDB5B7CAAA;PAJERO / 3.2 /DID/4X4/ AUT.;Japonska ;JPN;osebni avtomobil;180;karavan;PAJERO 
140;1600;9.4;0;AUDI;LBEXQ1-QM6EBCR8E60O;A4 / 1.8 / T Q;Nemcija;DEU;osebni avtomobil;234;limuzina;A4 
140;1535;9.4;0;HONDA;CL91-5;ACCORD / 2.4 / AUT.;Japonska ;JPN;osebni avtomobil;227;limuzina;ACCORD 
140;1458;9.4;0;HONDA;CL91-3;ACCORD / 2.4;Japonska ;JPN;osebni avtomobil;227;limuzina;ACCORD 
140;2708;9.4;1;LAND ROVER;LAAA1-044;DISCOVERY / 2.7;Zdruûeno kraljestvo;GBR;osebni avtomobil;180;limuzina;DISCOVERY 
140;2708;9.4;1;LAND ROVER;LAAA1-088;DISCOVERY 3 / 2.7 / D V6;Zdruûeno kraljestvo;GBR;osebni avtomobil;180;karavan;DISCOVERY 3 
140;2185;9.4;1;MERCEDES BENZ;164B220K1-NKAAA500;ML / 320 / CDI 4-MATIC AUT.;Nemcija;DEU;osebni avtomobil;215;karavan;ML 
140;2185;9.4;1;MERCEDES BENZ;164-B22AK1-NKAAA500;ML / 280 / CDI;Nemcija;DEU;osebni avtomobil;205;karavan;ML 
140;2290;9.5;1;MERCEDES BENZ;O22AK1-NZEEA701;R / 300 / 4-MATIC CDI AUT.;Nemcija;DEU;osebni avtomobil;215;karavan;R 
140;2220;9.5;1;MERCEDES BENZ;O22AK1-N2AAA601;R / 280 / 4 MATIC CDI AUT.;Nemcija;DEU;osebni avtomobil;210;karavan;R 
140;2185;9.5;1;MERCEDES BENZ;164B22AK1-NKAAA501;ML / 280 / CDI AUT.;Nemcija;DEU;osebni avtomobil;205;karavan;ML 
140;2185;9.6;1;MERCEDES BENZ;164B22AK1-NKAAA501;ML / 280 / CDI AUT.;Nemcija;DEU;osebni avtomobil;205;karavan;ML 
141;1605;10.3;0;BMW;5DDT41-21;525 / I AUT.;Nemcija;DEU;osebni avtomobil;232;limuzina;525
141;1315;10.6;0;MAZDA;SE17N2;RX-8;Japonska ;JPN;osebni avtomobil;223;limuzina;RX-8
141;1315;10.6;0;MAZDA;SE17N2;MAZDA RX-8 / LP /;Japonska ;JPN;osebni avtomobil;223;limuzina;MAZDA RX-8 
141;1430;11.8;0;ALFA ROMEO;932A1100 26E;156 / 2.5 / 6V;Italija;ITA;osebni avtomobil;230;limuzina;156
141;1250;5.4;0;MINI;XM71-6A2400C0;COOPER S / / AUT.;Nemcija;DEU;osebni avtomobil;233;vozilo z dviûnimi vrati zadaj;COOPER S 
141;1280;5.6;0;VOLKSWAGEN;ABDAJB-FD7FD7CW006S0VR27MM65;POLO / 1.8 / TSI AUT.;Nemcija;DEU;osebni avtomobil;236;vozilo z dviûnimi vrati zadaj;POLO 
141;1235;5.7;0;MINI;XM71-6H140000;COOPER S / /;Nemcija;DEU;osebni avtomobil;235;vozilo z dviûnimi vrati zadaj;COOPER S 
141;1535;5.8;0;BMW;YH31-DAW500L0;X2 / sDrive 20 / i AUT.;Nemcija;DEU;osebni avtomobil;227;karavan;X2 
141;1235;5.8;0;MINI;XM71-6H2400C0;COOPER S / /;Nemcija;DEU;osebni avtomobil;235;vozilo z dviûnimi vrati zadaj;COOPER S 
141;1535;5.9;0;BMW;YH31-CA2500L0;X2 / sDrive 20 / i AUT.;Nemcija;DEU;osebni avtomobil;227;karavan;X2 
141;1270;6.1;0;MINI;XR52-6H2407CW;COOPER S / /;Nemcija;DEU;osebni avtomobil;235;vozilo z dviûnimi vrati zadaj;COOPER S 
141;1615;6.2;0;BMW;YH51-CA2500L0;X2 / xDrive 20 / i AUT.;Nemcija;DEU;osebni avtomobil;224;karavan;X2 
141;1615;6.3;0;BMW;HS91-6A1500C0;X1 / xDrive 20 / i AUT.;Nemcija;DEU;osebni avtomobil;223;karavan;X1 
141;1500;6.3;0;MAZDA;62387W0;MAZDA 6 / G192 / AT;Japonska ;JPN;osebni avtomobil;223;limuzina;MAZDA 6 
141;1340;6.3;0;MINI;XU91-DAW500S0;COOPER S / / AUT.;Nemcija;DEU;osebni avtomobil;235;karavan;COOPER S 
141;1556;6.4;0;MAZDA;69387W0;MAZDA 6 / KARAVAN / G192 / AT;Japonska ;JPN;osebni avtomobil;220;karavan;MAZDA 6 
141;1450;6.4;0;MAZDA;59382W0;MAZDA 6 / KARAVAN 2.5 / i AT;Japonska ;JPN;osebni avtomobil;220;karavan;MAZDA 6 
141;1535;6.4;0;MINI;LU31-6A2500C0;CLUBMAN COOPER S ALL4 / / AUT.;Nemcija;DEU;osebni avtomobil;225;karavan;CLUBMAN COOPER S ALL4 
141;1525;6.5;0;MINI;YW71-DHW500L0;COUNTRYMAN COOPER S / /;Nemcija;DEU;osebni avtomobil;225;karavan;COUNTRYMAN COOPER S 
141;1270;6.5;0;MINI;XR51-DHW400L0;COOPER S / /;Nemcija;DEU;osebni avtomobil;235;vozilo z dviûnimi vrati zadaj;COOPER S 
141;1295;6.8;0;MINI;XR51-DAW400L0;COOPER S / / AUT.;Nemcija;DEU;osebni avtomobil;235;vozilo z dviûnimi vrati zadaj;COOPER S 
141;1390;7.1;0;MINI;WJ51-DAW400L0;COOPER CABRIO S / / AUT.;Nemcija;DEU;osebni avtomobil;230;kabriolet;COOPER CABRIO S 
141;1295;7.1;0;MINI;XR51-DAW400L0;COOPER S / / AUT.;Nemcija;DEU;osebni avtomobil;235;vozilo z dviûnimi vrati zadaj;COOPER S 
141;1550;7.2;0;MAZDA;N9382E;CX-5 / G192 / AWD AT;Japonska ;JPN;osebni avtomobil;194;karavan;CX-5 
141;1625;7.3;0;BMW;YH51-DAW500LT;X2 / xDrive 20 / i AUT.;Nemcija;DEU;osebni avtomobil;224;karavan;X2 
141;1278;7.3;0;OPEL;FT11-1A12C650HCK5;CORSA / 1.6 / 16V TURBO;Nemcija;DEU;osebni avtomobil;225;vecnamensko vozilo;CORSA 
141;1300;7.8;0;BMW;256 S / 2;325 / i  CABRIO;Nemcija;DEU;osebni avtomobil;218;kabriolet;325
141;1630;7.8;0;MINI;YX11-DAW500LT;COUNTRYMAN COOPER S ALL4 / / AUT.;Nemcija;DEU;osebni avtomobil;222;karavan;COUNTRYMAN COOPER S ALL4 
141;1260;7.9;0;BMW;BT-31;Z / 4;Zdruûene drûave;USA;osebni avtomobil;224;kabriolet;Z 
141;1278;7.9;0;OPEL;EG11-1A12C64HCK5;CORSA / 1.6 / 16V TURBO;Nemcija;DEU;osebni avtomobil;225;vecnamensko vozilo;CORSA 
141;1292;8.2;0;MINI;XP7C-F56;COOPER S / /;Nemcija;DEU;osebni avtomobil;233;vozilo z dviûnimi vrati zadaj;COOPER S 
141;1445;8.4;0;BMW;3B;325 / I;Nemcija;DEU;osebni avtomobil;233;kupe;325
141;860;8.8;0;LOTUS;111-R;ELISE / 111-R /;Zdruûeno kraljestvo;GBR;osebni avtomobil;241;kabriolet;ELISE 
141;1495;8.9;0;BMW;346C-BD31;325 / COUPE / i;Nemcija;DEU;osebni avtomobil;240;kupe;325
141;1335;8.9;0;BMW;Z85BT31-31;Z4 / 2.5 / I;Nemcija;DEU;osebni avtomobil;235;kabriolet;Z4 
141;1260;8.9;0;BMW;BT31-31;Z4 / 2.5 / i;Zdruûene drûave;USA;osebni avtomobil;235;kabriolet;Z4 
141;1500;9.2;0;BMW;346C;325 / XI;Nemcija;DEU;osebni avtomobil;233;limuzina;325
141;1325;9.2;0;MERCEDES BENZ;170.445-K445A0EBAA221;SLK / 200 / KOMP.;Nemcija;DEU;osebni avtomobil;230;kabriolet;SLK 
141;1565;9.4;0;BMW;NA51-31;525 / / i;Nemcija;DEU;osebni avtomobil;238;limuzina;525
141;1395;9.5;0;MERCEDES BENZ;208L345A0-EBAA240;CLK / 200 / KOMP.;Nemcija;DEU;osebni avtomobil;233;kupe;CLK 
141;1640;9.6;0;BMW;346RBW31-31;325 / CABRIO / I;Nemcija;DEU;osebni avtomobil;234;kabriolet;325
141;1465;9.8;0;MERCEDES BENZ;H23BB0ECAA50;C / 200 T / KOMP.;Nemcija;DEU;osebni avtomobil;226;karavan;C 
141;1575;9.9;0;BMW;5/D;525 / I;Nemcija;DEU;osebni avtomobil;233;limuzina;525
142;1250;10.1;0;MERCEDES BENZ;170;SLK / 230 / KOMPRESOR;Nemcija;DEU;osebni avtomobil;231;kabriolet;SLK 
142;1805;10.5;0;CHRYSLER;LX-AB3R-2;300 / C;Zdruûene drûave;USA;osebni avtomobil;209;limuzina;300
142;1805;10.5;0;CHRYSLER;LXAB3R-1;300C / 2.7 / AUT.;Zdruûene drûave;USA;osebni avtomobil;209;limuzina;300C 
142;1709;10.7;0;VOLKSWAGEN;STAMXX11-SGQM51A034SP0GG;PASSAT / 2.8 / 4M;Nemcija;DEU;osebni avtomobil;238;limuzina;PASSAT 
142;1805;11.1;0;BMW;7-G;728 / I A;Nemcija;DEU;osebni avtomobil;225;limuzina;728
142;1815;11.1;0;CHRYSLER;LXAB3G-L;300 C / 2.7 / AUT.;Zdruûene drûave;USA;osebni avtomobil;219;limuzina;300 C 
142;1663;11.1;0;VOLKSWAGEN;3BG STAMXX11-AGQA51V019NQ0GG;PASSAT / 2.8;Nemcija;DEU;osebni avtomobil;233;limuzina;PASSAT 
142;1710;7.1;1;BMW;5DDL81-01;530 / D AUT.;Nemcija;DEU;osebni avtomobil;230;limuzina;530
142;1700;7.1;1;BMW;5DDL71-01;530;Nemcija;DEU;osebni avtomobil;230;limuzina;530
142;1635;7.1;1;BMW;DL-81;530 / D;Nemcija;DEU;osebni avtomobil;225;limuzina;530
142;1669;7.1;0;HONDA;RW201-3;CR-V / 1.5 / 4WD / CVT;Japonska ;JPN;osebni avtomobil;200;vecnamensko vozilo;CR-V 
142;1810;7.3;1;BMW;5-D;530 / D;Nemcija;DEU;osebni avtomobil;227;karavan;530
142;1735;7.3;1;BMW;DP71-01;530 / TOURING / d;Nemcija;DEU;osebni avtomobil;222;karavan;530
142;1710;7.4;1;BMW;5-D;530 / DA;Nemcija;DEU;osebni avtomobil;230;limuzina;530
142;1610;7.4;1;BMW;5-D;530;Nemcija;DEU;osebni avtomobil;230;limuzina;530
142;1405;7.5;0;MERCEDES BENZ;245.234;B / 200 / TURBO AUT.;Nemcija;DEU;osebni avtomobil;218;karavan;B 
142;1820;7.6;1;BMW;5-D;530 / D;Nemcija;DEU;osebni avtomobil;227;karavan;530
142;1820;7.8;1;BMW;5-D;530 / D;Nemcija;DEU;osebni avtomobil;227;karavan;530
142;1340;7.9;0;MERCEDES BENZ;X23JK2-FZAAA500;A / 200 / TURBO AUT.;Nemcija;DEU;osebni avtomobil;220;karavan;A 
142;1405;8.1;0;MERCEDES BENZ;Y23JK2-FZAAA500;B / 200 / TURBO AUT.;Nemcija;DEU;osebni avtomobil;218;karavan;B 
142;1370;8.1;0;MERCEDES BENZ;245Y23JK2-PWAAA501;B 200 TURBO /;Nemcija;DEU;osebni avtomobil;225;vozilo z dviûnimi vrati zadaj;B 200 TURBO 
142;1405;8.2;0;MERCEDES BENZ;Y23JK2-FZAAA501;B / 200 / TURBO AUT.;Nemcija;DEU;osebni avtomobil;218;karavan;B 
142;1710;8.3;1;BMW;5-D;530 / D;Nemcija;DEU;osebni avtomobil;230;limuzina;530
142;1635;8.3;1;BMW;DL81-01;530 / / d AUT.;Nemcija;DEU;osebni avtomobil;230;limuzina;530
142;1635;8.3;1;BMW;5-D;530;Nemcija;DEU;osebni avtomobil;227;limuzina;530
142;1900;8.5;1;BMW;DP-71;530 / D;Nemcija;DEU;osebni avtomobil;235;karavan;530
142;1820;8.5;1;BMW;5DDP81-01;530 / TOURING / D AUT.;Nemcija;DEU;osebni avtomobil;227;karavan;530
142;1745;8.5;1;BMW;5DDP81-01;530 / TOURING / d;Nemcija;DEU;osebni avtomobil;227;karavan;530
142;1688;8.5;0;HONDA;RW202-3;CR-V / 1.5 / 4WD / CVT;Japonska ;JPN;osebni avtomobil;200;vecnamensko vozilo;CR-V 
142;1738;8.6;0;HONDA;RW202-3;CR-V / 1.5 / 4WD / CVT;Japonska ;JPN;osebni avtomobil;200;vecnamensko vozilo;CR-V 
142;1905;8.7;1;BMW;GE61-01;730 / / d AUT.;Nemcija;DEU;osebni avtomobil;220;limuzina;730
142;1688;8.7;0;HONDA;RW201-3;CR-V / 1.5 / 4WD / CVT;Japonska ;JPN;osebni avtomobil;200;vecnamensko vozilo;CR-V 
142;1738;8.9;0;HONDA;RW201-3;CR-V / 1.5 / 4WD / CVT;Japonska ;JPN;osebni avtomobil;200;vecnamensko vozilo;CR-V 
142;1470;9.1;0;BMW;BM51-01;328 / Ci;Nemcija;DEU;osebni avtomobil;242;kupe;328
142;1465;9.1;0;BMW;346CBM51-11;328 / COUPE / I;Nemcija;DEU;osebni avtomobil;242;kupe;328
142;1350;9.3;0;MERCEDES BENZ;170.447;SLK / 230 / KOMP. AUT.;Nemcija;DEU;osebni avtomobil;227;kabriolet;SLK 
142;1375;9.4;0;BMW;RCCK51;Z 3 / 2.8;Nemcija;DEU;osebni avtomobil;231;kupe;Z 3 
142;1350;9.5;0;MERCEDES BENZ;170K447A0-TCAA220;SLK / 230 / KOMP. AUT.;Nemcija;DEU;osebni avtomobil;227;kabriolet;SLK 
142;1325;9.5;0;MERCEDES BENZ;170K447C0-EBAA22;SLK / 230 / KOMP.;Nemcija;DEU;osebni avtomobil;231;kabriolet;SLK 
142;1425;9.8;0;MERCEDES BENZ;208L347C0ECAA240;CLK / 230 / KOMP.;Nemcija;DEU;osebni avtomobil;231;kupe;CLK 
142;1425;9.9;0;MERCEDES BENZ;208;CLK / 230 / KOMPRESOR;Nemcija;DEU;osebni avtomobil;234;kupe;CLK 
143;2017;12.6;0;KIA;JCW321-53433;SORENTO / 3.5 / AUT.;Koreja. republika;KOR;osebni avtomobil;192;vecnamensko vozilo;SORENTO 
143;1700;3.9;1;MERCEDES BENZ;U014P0-CZAZ150X;E / 220 / d AUT.;Nemcija;DEU;osebni avtomobil;240;limuzina;E 
143;1680;3.9;1;MERCEDES BENZ;U014P0-CZAA151X;E / 220 / d AUT.;Nemcija;DEU;osebni avtomobil;240;limuzina;E 
143;1680;3.9;1;MERCEDES BENZ;U014P0-CZAA151X;E / 220 / d AUT.;Nemcija;DEU;osebni avtomobil;240;vozilo za posebne namene;E 
143;1780;4.2;1;MERCEDES BENZ;U214P0-CZAA151X;E / 220 T / d AUT.;Nemcija;DEU;osebni avtomobil;235;karavan;E 
143;1735;4.2;1;MERCEDES BENZ;T314P0-CZAA1401;E / 220 / d AUT.;Nemcija;DEU;osebni avtomobil;242;kupe;E 
143;1780;4.3;1;MERCEDES BENZ;U214P0-CZAA1511;E / 220 T / d AUT.;Nemcija;DEU;osebni avtomobil;235;karavan;E 
143;1700;4.3;1;MERCEDES BENZ;U014P0-CZAB15A2;E / 220 / d AUT.;Nemcija;DEU;osebni avtomobil;240;limuzina;E 
143;1680;4.3;1;MERCEDES BENZ;U014P0-CZAA15B2-;E / 220 / d AUT.;Nemcija;DEU;osebni avtomobil;240;limuzina;E 
143;1585;4.4;1;MERCEDES BENZ;R014T0-CZAA152A;C / 220 / d AUT.;Nemcija;DEU;osebni avtomobil;240;limuzina;C 
143;1830;4.5;1;MERCEDES BENZ;T414P0-CZAA1401;E / 220 / d AUT.;Nemcija;DEU;osebni avtomobil;237;kabriolet;E 
143;1735;4.5;1;MERCEDES BENZ;U014P1-CZAC151X;E / 220 / d 4-MATIC AUT.;Nemcija;DEU;osebni avtomobil;239;limuzina;E 
143;1785;4.6;1;MERCEDES BENZ;U214P0-CZAA15A2;E / 220 T / d AUT.;Nemcija;DEU;osebni avtomobil;235;karavan;E 
143;1780;4.6;1;MERCEDES BENZ;U214P0-CZAC15B2;E / 220 T / d AUT.;Nemcija;DEU;osebni avtomobil;235;karavan;E 
143;1735;4.6;1;MERCEDES BENZ;T314P0-CZAA14A2-;E / 220 / d AUT.;Nemcija;DEU;osebni avtomobil;242;kupe;E 
143;1735;4.6;1;MERCEDES BENZ;U014P1-CZAC1511;E / 220 / d 4-MATIC AUT.;Nemcija;DEU;osebni avtomobil;239;limuzina;E 
143;1585;4.6;1;MERCEDES BENZ;R014T0-CZAA152A-;C / 220 / d AUT.;Nemcija;DEU;osebni avtomobil;240;limuzina;C 
143;1790;4.7;1;MERCEDES BENZ;T314T0-CZAB14AA;E / 220 / d AUT.;Nemcija;DEU;osebni avtomobil;242;kupe;E 
143;1735;4.7;1;MERCEDES BENZ;U014P1-CZAA1511;E / 220 / d 4-MATIC AUT.;Nemcija;DEU;osebni avtomobil;239;limuzina;E 
143;1800;4.8;1;MERCEDES BENZ;E314T0-CZAA151A;CLS / 220 / d AUT.;Nemcija;DEU;osebni avtomobil;237;limuzina;CLS 
143;1725;4.8;1;MERCEDES BENZ;U014T0-CZAA15FA;E / 220 / d AUT.;Nemcija;DEU;osebni avtomobil;240;limuzina;E 
143;1715;4.8;1;MERCEDES BENZ;U014T0-CZAA15AA;E / 220 / d AUT.;Nemcija;DEU;osebni avtomobil;240;limuzina;E 
143;1645;4.8;1;MERCEDES BENZ;R214T0-CZAA152A;C / 220 T / d AUT.;Nemcija;DEU;osebni avtomobil;233;karavan;C 
143;1585;4.8;1;MERCEDES BENZ;204-R014T0-CZAA152A;C / 220 / d AUT.;Nemcija;DEU;osebni avtomobil;240;limuzina;C 
143;1895;4.9;1;MERCEDES BENZ;T414P0-CZAA14A2;E / 220 / d AUT.;Nemcija;DEU;osebni avtomobil;237;kabriolet;E 
143;1830;4.9;1;MERCEDES BENZ;T414P0-CZAA1402;E / 220 / d AUT.;Nemcija;DEU;osebni avtomobil;237;kabriolet;E 
143;1755;4.9;1;MERCEDES BENZ;U014P1-CZAC15A2;E / 220 / d 4-MATIC AUT.;Nemcija;DEU;osebni avtomobil;239;limuzina;E 
143;1735;4.9;1;MERCEDES BENZ;U014P1-CZAA1512-;E / 220 / d 4-MATIC AUT.;Nemcija;DEU;osebni avtomobil;239;limuzina;E 
143;1705;4.9;1;MERCEDES BENZ;R314T1-CLAA147A;C / 220 / d 4-MATIC AUT.;Nemcija;DEU;osebni avtomobil;233;kupe;C 
143;1665;4.9;1;MERCEDES BENZ;R014T1-CLAA157A;C / 220 / d 4-MATIC AUT.;Nemcija;DEU;osebni avtomobil;233;limuzina;C 
143;1815;5.1;1;MERCEDES BENZ;U214T0-CZAA151A;E / 220 / d AUT.;Nemcija;DEU;osebni avtomobil;235;karavan;E 
143;1795;5.1;1;MERCEDES BENZ;U014T1-CZAA15AA;E / 220 / d 4-MATIC AUT.;Nemcija;DEU;osebni avtomobil;239;limuzina;E 
143;1775;5.1;1;MERCEDES BENZ;U014T1-CZAA150B;E / 220 / d 4-MATIC AUT.;Nemcija;DEU;osebni avtomobil;239;limuzina;E 
143;1645;5.1;1;MERCEDES BENZ;R214T0-CZAZ157A;C / 220 T / d AUT.;Nemcija;DEU;osebni avtomobil;233;karavan;C 
143;1900;5.2;1;MERCEDES BENZ;U214P1-CZAC15X3;E / 220 T / d 4 MATIC AUT.;Nemcija;DEU;osebni avtomobil;233;karavan;E 
143;1900;5.2;1;MERCEDES BENZ;U214P1-CZAA15X3;E / 220 T / d 4 MATIC AUT.;Nemcija;DEU;osebni avtomobil;231;karavan;E 
143;1900;5.2;1;MERCEDES BENZ;U214P1-CZAA15X3;E / 220 T / d 4 MATIC AUT. ALL TERRAIN;Nemcija;DEU;osebni avtomobil;231;vozilo za posebne namene;E 
143;1840;5.2;1;MERCEDES BENZ;U214P1-CZAC15A2;E / 220 T / d 4 MATIC AUT.;Nemcija;DEU;osebni avtomobil;233;karavan;E 
143;1785;5.2;1;MERCEDES BENZ;R414T0-CZAA147B;C / 220 / d AUT.;Nemcija;DEU;osebni avtomobil;233;kabriolet;C 
143;1665;5.2;1;MERCEDES BENZ;R014T1-CLAA152A;C / 220 / d 4-MATIC AUT.;Nemcija;DEU;osebni avtomobil;233;limuzina;C 
143;2060;5.3;1;MERCEDES BENZ;U01IT0-CZAA050A;E / 300 / de AUT. HYBRID;Nemcija;DEU;osebni avtomobil;250;limuzina;E 
143;1900;5.3;1;MERCEDES BENZ;T414P1-CZAA14A2;E / 220 / d 4-MATIC AUT.;Nemcija;DEU;osebni avtomobil;234;kabriolet;E 
143;1900;5.3;1;MERCEDES BENZ;U214P1-CZAA15X4;E / 220 T / d 4 MATIC AUT.;Nemcija;DEU;osebni avtomobil;231;karavan;E 
143;1875;5.3;1;MERCEDES BENZ;U214T1-CZAA150B;E / 220 T / d 4 MATIC AUT.;Nemcija;DEU;osebni avtomobil;233;karavan;E 
143;1855;5.3;1;MERCEDES BENZ;T314T1-CZAA14AA;E / 220 / d 4-MATIC AUT.;Nemcija;DEU;osebni avtomobil;239;kupe;E 
143;1805;5.3;1;MERCEDES BENZ;T314P1-CZAA14A2;E / 220 / d 4-MATIC AUT.;Nemcija;DEU;osebni avtomobil;239;kupe;E 
143;1790;5.3;1;MERCEDES BENZ;T414T0-CZAA14AA;E / 220 / d AUT.;Nemcija;DEU;osebni avtomobil;237;kupe;E 
143;1585;5.4;1;MERCEDES BENZ;R014T0-CZAA052A;C / 220 / d AUT.;Nemcija;DEU;osebni avtomobil;240;limuzina;C 
143;1715;5.5;1;MERCEDES BENZ;U014T0-CZAA152B;E / 220 / d AUT.;Nemcija;DEU;osebni avtomobil;240;limuzina;E 
143;1585;5.5;1;MERCEDES BENZ;R014T0-CZAA157A;C / 220 / d AUT.;Nemcija;DEU;osebni avtomobil;240;limuzina;C 
143;1945;5.6;1;MERCEDES BENZ;U214T1-CZAC15XA;E / 220 T / d 4 MATIC AUT. All Terrain;Nemcija;DEU;osebni avtomobil;231;karavan;E 
143;1810;5.6;1;MERCEDES BENZ;U014T1-CZAA150A;E / 220 / d 4-MATIC AUT.;Nemcija;DEU;osebni avtomobil;232;limuzina;E 
143;1790;5.6;1;MERCEDES BENZ;T314T0-CZAA140B;E / 220 / D AUT.;Nemcija;DEU;osebni avtomobil;242;kupe;E 
143;1650;5.6;1;MERCEDES BENZ;R314T0-CZAA147B;C / 220 / d AUT.;Nemcija;DEU;osebni avtomobil;240;kupe;C 
143;1645;5.6;1;MERCEDES BENZ;R214T0-CZAZ152A;C / 220 T / D AUT.;Nemcija;DEU;osebni avtomobil;233;karavan;C 
143;1585;5.6;1;MERCEDES BENZ;R014T0-CZAA152A;C / 220 / d AUT.;Nemcija;DEU;osebni avtomobil;240;limuzina;C 
143;1953;5.6;1;OPEL;ECHFC12-BA2S4FM3A7;ZAFIRA / 2.0 / DTI 16V;Nemcija;DEU;osebni avtomobil;218;vecnamensko vozilo;ZAFIRA 
143;1733;5.6;1;OPEL;EAHFC12-BA2R5FM3A5;ZAFIRA / 2.0 / DTI 16V;Nemcija;DEU;osebni avtomobil;218;karavan;ZAFIRA 
143;1810;5.7;1;MERCEDES BENZ;U014T1-CZAA156A;E / 220 / d 4-MATIC AUT.;Nemcija;DEU;osebni avtomobil;232;limuzina;E 
143;1715;5.7;1;MERCEDES BENZ;U014T0-CZAA15AA;E / 220 / d AUT.;Nemcija;DEU;osebni avtomobil;240;limuzina;E 
143;1645;5.7;1;MERCEDES BENZ;R214T0-CZAA152A;C / 220 T / d AUT.;Nemcija;DEU;osebni avtomobil;233;karavan;C 
143;2140;5.8;1;MERCEDES BENZ;U21IT0-CZAC050A;E / 300 / de AUT. HYBRID;Nemcija;DEU;osebni avtomobil;250;karavan;E 
143;2060;5.8;1;MERCEDES BENZ;U01IT0-CZAA05GA;E / 300 / de AUT.;Nemcija;DEU;osebni avtomobil;250;limuzina;E 
143;1910;5.8;1;MERCEDES BENZ;U214T1-CZAA150A;E / 220 T / d 4 MATIC AUT.;Nemcija;DEU;osebni avtomobil;226;karavan;E 
143;1775;5.8;1;MERCEDES BENZ;U014T1-CZAA15AA;E / 220 / d 4-MATIC AUT.;Nemcija;DEU;osebni avtomobil;239;limuzina;E 
143;1615;5.8;1;MERCEDES BENZ;R214T0-CZAA157B;C / 220 T / d AUT.;Nemcija;DEU;osebni avtomobil;233;karavan;C 
143;1835;5.9;1;MERCEDES BENZ;R714T1-CZAA050B;GLC / 220 d / 4-MATIC AUT.;Nemcija;DEU;osebni avtomobil;215;karavan;GLC 
143;1815;5.9;1;MERCEDES BENZ;U214T0-CZAA150A;E / 220 T / D AUT.;Nemcija;DEU;osebni avtomobil;235;karavan;E 
143;1775;6.1;1;MERCEDES BENZ;U014T1-CZAA150A;E / 220 / d 4-MATIC AUT.;Nemcija;DEU;osebni avtomobil;239;limuzina;E 
143;1715;6.1;1;MERCEDES BENZ;U014T0-CZAA15AA;E / 220 / d AUT.;Nemcija;DEU;osebni avtomobil;240;limuzina;E 
143;1665;6.1;1;MERCEDES BENZ;R014T1-CLAA150A;C / 220 / d 4-MATIC AUT.;Nemcija;DEU;osebni avtomobil;233;limuzina;C 
143;1835;6.2;1;MERCEDES BENZ;R714T1-CZAC150A;GLC / 220 d / 4-MATIC AUT.;Nemcija;DEU;osebni avtomobil;215;karavan;GLC 
143;1790;6.2;1;MERCEDES BENZ;T314T0-CZAA14AA;E / 220 / d AUT.;Nemcija;DEU;osebni avtomobil;242;kupe;E 
143;1715;6.2;1;MERCEDES BENZ;U014T0-CZAA15AA;E / 220 / D AUT.;Nemcija;DEU;osebni avtomobil;240;limuzina;E 
143;1835;6.3;1;MERCEDES BENZ;R714T1-CZAA052A;GLC / 220 d / 4-MATIC AUT.;Nemcija;DEU;osebni avtomobil;215;karavan;GLC 
143;1790;6.3;1;MERCEDES BENZ;T314T0-CZAA14AA;E / 220 / d AUT.;Nemcija;DEU;osebni avtomobil;242;kupe;E 
143;1775;6.3;1;MERCEDES BENZ;U014T1-CZAC15AA;E / 220 / d 4-MATIC AUT.;Nemcija;DEU;osebni avtomobil;239;limuzina;E 
143;1720;6.3;1;MERCEDES BENZ;R214T1-CLAA157A-;C / 220 T / d 4-MATIC AUT.;Nemcija;DEU;osebni avtomobil;228;karavan;C 
143;1715;6.3;1;MERCEDES BENZ;U014T0-CZAA15AA;E / 220 / d AUT.;Nemcija;DEU;osebni avtomobil;240;limuzina;E 
143;1965;6.4;1;MERCEDES BENZ;U214T1-CZAA15XC;E / 220 T / d 4 MATIC AUT. All Terain;Nemcija;DEU;osebni avtomobil;221;karavan;E 
143;1875;6.4;1;MERCEDES BENZ;U214T1-CZAA150B;E / 220 T / d 4 MATIC AUT.;Nemcija;DEU;osebni avtomobil;233;karavan;E 
143;1855;6.4;1;MERCEDES BENZ;T314T1-CZAA14AA;E / 220 / d 4-MATIC AUT.;Nemcija;DEU;osebni avtomobil;239;kupe;E 
143;1835;6.4;1;MERCEDES BENZ;R714T1-CZAA152A;GLC / 220 D / 4-MATIC AUT.;Nemcija;DEU;osebni avtomobil;215;karavan;GLC 
143;1775;6.4;1;MERCEDES BENZ;U014T1-CZAC15AA-;E / 220 / d 4-MATIC AUT.;Nemcija;DEU;osebni avtomobil;239;limuzina;E 
143;1845;6.5;1;MERCEDES BENZ;R814T1-CZAA051A;GLC / 220 d / 4-MATIC AUT.;Nemcija;DEU;osebni avtomobil;217;vozilo z dviûnimi vrati zadaj;GLC 
143;1720;6.5;1;MERCEDES BENZ;R214T1-CLAA152A-;C / 220 T / d 4-MATIC AUT.;Nemcija;DEU;osebni avtomobil;228;karavan;C 
143;1845;6.6;1;MERCEDES BENZ;R814T1-CZAC151A;GLC / 220 d / 4-MATIC AUT.;Nemcija;DEU;osebni avtomobil;217;vozilo z dviûnimi vrati zadaj;GLC 
143;1835;6.6;1;MERCEDES BENZ;R714T1-CZAC150A;GLC / 220 d / 4-MATIC AUT.;Nemcija;DEU;osebni avtomobil;215;karavan;GLC 
143;1815;6.6;1;MERCEDES BENZ;U214T0-CZAA15AA;E / 220 / d AUT.;Nemcija;DEU;osebni avtomobil;235;karavan;E 
143;1572;6.7;0;MAZDA;62M8BW00;MAZDA 6 / G194 / AT;Japonska ;JPN;osebni avtomobil;228;limuzina;MAZDA 6 
143;1845;6.7;1;MERCEDES BENZ;R814T1-CZAC151A;GLC / 220 d / 4-MATIC AUT.;Nemcija;DEU;osebni avtomobil;217;vozilo z dviûnimi vrati zadaj;GLC 
143;1590;6.8;0;MAZDA;69M8BW00;MAZDA 6 / KARAVAN / G194 / AT;Japonska ;JPN;osebni avtomobil;223;karavan;MAZDA 6 
143;1688;7.1;0;MAZDA;GWMA2W0;CX-5 / G194 / AWD AT;Japonska ;JPN;osebni avtomobil;195;karavan;CX-5 
143;1587;7.1;0;MAZDA;6WMACW0;CX-5 / G194 / AT;Japonska ;JPN;osebni avtomobil;195;karavan;CX-5 
143;1958;7.2;1;JEEP;KL JEZCU-K5HD1A;CHEROKEE / 2.2 / CA FWD;Zdruûene drûave;USA;osebni avtomobil;205;karavan;CHEROKEE 
143;1663;7.2;0;MAZDA;GWMAFW0;CX-5 / G194 / AWD AT;Japonska ;JPN;osebni avtomobil;195;karavan;CX-5 
143;1630;7.3;0;MAZDA;GWLA0I0;CX-5 / G194 / AWD AT;Japonska ;JPN;osebni avtomobil;194;karavan;CX-5 
143;2106;7.6;1;JEEP;KL JETCU-K5HD1A;CHEROKEE / 2.2 / CA AWD;Zdruûene drûave;USA;osebni avtomobil;202;karavan;CHEROKEE 
143;2106;7.7;1;JEEP;KL JETCU-K5HD1A;CHEROKEE / 2.2 / CA AWD;Zdruûene drûave;USA;osebni avtomobil;202;karavan;CHEROKEE 
143;2138;8.9;1;JEEP;KLJEVCU-K5HD1A;CHEROKEE / 2.2 / CA 4WD OVERLAND;Zdruûene drûave;USA;osebni avtomobil;200;karavan;CHEROKEE 
143.1;1816;4.9;1;OPEL;DAHFC12-BA1R2FMSC5;INSIGNIA / 2.0 / DT 16V;Nemcija;DEU;osebni avtomobil;225;karavan;INSIGNIA 
143.1;1953;5.6;1;OPEL;FN21-6A17H4DIEBL5;INSIGNIA / CAR. 2.0 / DT 16V AWD;Nemcija;DEU;osebni avtomobil;223;karavan;INSIGNIA 
143.1;1701;5.6;1;OPEL;CAHFA12-BA1N4BGDA5;INSIGNIA / 2.0 / DT 16V AUT.;Nemcija;DEU;osebni avtomobil;230;vecnamensko vozilo;INSIGNIA 
143.1;1843;6.6;1;OPEL;FN21-3A17H5BWHJL5;INSIGNIA / CAR. 2.0 / DT 16V AUT.;Nemcija;DEU;osebni avtomobil;220;karavan;INSIGNIA 
143.1;1843;6.6;1;OPEL;DJHFA23-BC1T2BGDA5;INSIGNIA / 2.0 / DT 16V AWD AUT.;Nemcija;DEU;osebni avtomobil;210;karavan;INSIGNIA 
144;1644;4.9;1;VOLVO;FS88A1;S60 / 2.0 / TD;ävedska;SWE;osebni avtomobil;220;limuzina;S60 
144;1816;5.3;1;VOLVO;DZ31A1;XC60 / 2.0 / TD;ävedska;SWE;osebni avtomobil;195;karavan;XC60 
145;1480;10.1;0;MERCEDES BENZ;202.089-H263A0ECAA250;C / 280 T /;Nemcija;DEU;osebni avtomobil;230;karavan;C 
145;1968;4.5;1;VOLVO;UUZK5-UZK5VC0;XC60 / 2.0 / TD / AUT. AWD;ävedska;SWE;osebni avtomobil;180;karavan;XC60 
145;1580;4.9;1;BMW;UX31-5V;320 / TOURING / d;Nemcija;DEU;osebni avtomobil;238;karavan;320
145;1950;5.4;1;VOLVO;UUZK5-UZK5VC0;XC60 / 2.0 / TD / AUT. AWD;ävedska;SWE;osebni avtomobil;205;karavan;XC60 
145;1968;5.5;1;VOLVO;UUZK5-UZK5VC0;XC60 / 2.0 / TD / AUT. AWD;ävedska;SWE;osebni avtomobil;180;karavan;XC60 
145;1968;5.6;1;VOLVO;UUZK5-UZK5UC0;XC60 / 2.0 / TD / AUT. AWD;ävedska;SWE;osebni avtomobil;180;karavan;XC60 
145;1950;5.6;1;VOLVO;UUZK5-UZK5UC0;XC60 / 2.0 / TD / AUT. AWD;ävedska;SWE;osebni avtomobil;205;karavan;XC60 
145;1924;5.7;1;HYUNDAI;C5D14-M62AZ1;SANTA FE / 2.2 / CRDi 4WD;Koreja. republika;KOR;osebni avtomobil;190;karavan;SANTA FE 
145;1803;5.7;1;VOLVO;ZZWK5-ZWK5VD0;V60 / 2.0 / TD / AUT. FWD;ävedska;SWE;osebni avtomobil;180;karavan;V60 
145;1843;6.1;1;HYUNDAI;C5D14-M62BZ1;SANTA FE / 2.2 / CRDi 4WD;Koreja. republika;KOR;osebni avtomobil;190;karavan;SANTA FE 
145;1655;6.2;1;BMW;560-L NX51;525 / D;Nemcija;DEU;osebni avtomobil;237;limuzina;525
145;1610;6.2;1;BMW;PN51-AB;325 / / d AUT.;Nemcija;DEU;osebni avtomobil;233;limuzina;325
145;1950;6.2;1;VOLVO;UUZK5-UZK5VC0;XC60 / 2.0 / TD / AUT. AWD;ävedska;SWE;osebni avtomobil;205;karavan;XC60 
145;1967;6.3;1;VOLVO;UUZK5-UZK5VC0;XC60 / 2.0 / TD / AUT. AWD;ävedska;SWE;osebni avtomobil;180;karavan;XC60 
145;1735;6.4;1;BMW;PX51-AA;525 / TOURING / d;Nemcija;DEU;osebni avtomobil;232;karavan;525
145;1610;6.4;1;BMW;VC51-AB;325 / / d AUT.;Nemcija;DEU;osebni avtomobil;233;limuzina;325
145;1600;6.4;1;BMW;WD31-AB;325 / / d AUT.;Nemcija;DEU;osebni avtomobil;236;kupe;325
145;1600;6.4;1;BMW;VC51-01;325 / / d;Nemcija;DEU;osebni avtomobil;235;limuzina;325
145;1968;6.4;1;VOLVO;UUZK5-UZK5VC0;XC60 / 2.0 / TD / AUT. AWD;ävedska;SWE;osebni avtomobil;180;karavan;XC60 
145;1675;6.5;1;BMW;VU71-AB;325 / TOURING / d AUT.;Nemcija;DEU;osebni avtomobil;231;karavan;325
145;1670;6.5;1;BMW;NX51-AB;525 / / d AUT.;Nemcija;DEU;osebni avtomobil;235;limuzina;525
145;1830;6.5;1;KIA;XMF7D11-M62AZ1;SORENTO / 2.2 / D;Koreja. republika;KOR;osebni avtomobil;190;vecnamensko vozilo;SORENTO 
145;1967;6.5;1;VOLVO;UUZK5-UZK5VC0;XC60 / 2.0 / TD / AUT. AWD;ävedska;SWE;osebni avtomobil;180;karavan;XC60 
145;1768;6.5;0;VOLVO;XXZK9-XZK9VC0;XC40 / 2.0 / T / AUT. AWD;ävedska;SWE;osebni avtomobil;180;karavan;XC40 
145;1765;6.6;1;BMW;PX51-AB;525 / TOURING / D AUT.;Nemcija;DEU;osebni avtomobil;232;karavan;525
145;1665;6.6;1;BMW;VU71-01;325 / TOURING / d;Nemcija;DEU;osebni avtomobil;248;karavan;325
145;1665;6.6;1;BMW;VU71-01;325 / TOURING / d;Nemcija;DEU;osebni avtomobil;233;karavan;325
145;1919;6.6;1;KIA;XMF5D14-M62AZ1;SORENTO / 2.2 / D;Koreja. republika;KOR;osebni avtomobil;190;vecnamensko vozilo;SORENTO 
145;1745;6.7;1;BMW;560XNY51-AA;525 / XD;Nemcija;DEU;osebni avtomobil;232;limuzina;525
145;1495;6.7;1;BMW;NX-51;525 / D;Nemcija;DEU;osebni avtomobil;227;limuzina;525
145;1963;6.7;1;HYUNDAI;C5D14-A62AZ1;SANTA FE / 2.2 / CRDi AUT. 4WD;Koreja. republika;KOR;osebni avtomobil;190;karavan;SANTA FE 
145;1903;6.7;1;KIA;XMF7D14-M62AZ1;SORENTO / 2.2 / D;Koreja. republika;KOR;osebni avtomobil;190;vecnamensko vozilo;SORENTO 
145;2043;6.8;1;HYUNDAI;C5D14-A62BZ1;SANTA FE / 2.2 / CRDi AUT. 4WD;Koreja. republika;KOR;osebni avtomobil;190;karavan;SANTA FE 
145;1995;6.8;1;HYUNDAI;C5D64-M62AZ1;SANTA FE / 2.2 / CRDi 4WD;Koreja. republika;KOR;osebni avtomobil;190;karavan;SANTA FE 
145;1869;6.8;0;VOLVO;UUZK9-UZK9VD0;XC60 / 2.0 / T / AUT. FWD;ävedska;SWE;osebni avtomobil;180;karavan;XC60 
145;1845;6.9;1;BMW;PY51-AA;525 / TOURING / d xDrive;Nemcija;DEU;osebni avtomobil;228;karavan;525
145;1755;6.9;1;BMW;NY51-AB;525 / / xd AUT.;Nemcija;DEU;osebni avtomobil;230;limuzina;525
145;1495;7.1;0;BMW;HF11-IHW200B0;Z4 / ROADSTER 20 / i sDrive;Nemcija;DEU;osebni avtomobil;241;kabriolet;Z4 
145;2021;7.2;1;HYUNDAI;C5D64-A62AZ1;SANTA FE / 2.2 / CRDi AUT. 4WD;Koreja. republika;KOR;osebni avtomobil;190;karavan;SANTA FE 
145;1711;7.3;0;VOLVO;XXZK9-XZK9VD0;XC40 / 2.0 / T / AUT. FWD;ävedska;SWE;osebni avtomobil;180;karavan;XC40 
145;1972;7.4;1;HYUNDAI;F7D64-A62AZ1;SANTA FE / 2.2 / crdi AUT. 4WD;Koreja. republika;KOR;osebni avtomobil;190;vecnamensko vozilo;SANTA FE 
145;1929;7.4;1;KIA;XMF5D14-A62AZ1;SORENTO / 2.2 / D AUT.;Koreja. republika;KOR;osebni avtomobil;190;vecnamensko vozilo;SORENTO 
145;1885;7.4;1;KIA;XMF5D14-A62AZ1;SORENTO / 2.2 / D AUT.;Koreja. republika;KOR;osebni avtomobil;190;karavan;SORENTO 
145;1810;7.4;1;KIA;XMF5D14-A62AZ1;SORENTO / 2.2 / D;Koreja. republika;KOR;osebni avtomobil;190;karavan;SORENTO 
145;2131;7.6;1;HYUNDAI;L7D14-A62BZ1;GRAND SANTA FE / 2.2 / CRDI AUT. 4WD;Koreja. republika;KOR;osebni avtomobil;200;karavan;GRAND SANTA FE 
145;1977;7.6;1;HYUNDAI;L6D14-A62BZ1;GRAND SANTA FE / 2.2 / CRDi AUT. 4WD;Koreja. republika;KOR;osebni avtomobil;200;karavan;GRAND SANTA FE 
145;1869;7.6;0;VOLVO;UUZK9-UZK9VD0;XC60 / 2.0 / T / AUT. FWD;ävedska;SWE;osebni avtomobil;180;karavan;XC60 
145;1790;7.7;0;MERCEDES BENZ;T38KT0-CZAB04AC;E / 200;Nemcija;DEU;osebni avtomobil;237;kupe;E 
145;1768;7.8;0;VOLVO;XXZK9-XZK9VC0;XC40 / 2.0 / T / AUT. AWD;ävedska;SWE;osebni avtomobil;180;karavan;XC40 
145;1845;8.1;0;MERCEDES BENZ;U28KT1-CZAC050B;E / 200 T / 4-MATIC AUT.;Nemcija;DEU;osebni avtomobil;225;karavan;E 
145;1820;8.2;0;MERCEDES BENZ;R88KT1-CZAA050B;GLC / 200 / 4-MATIC AUT. HYBRID;Nemcija;DEU;osebni avtomobil;216;karavan;GLC 
145;1820;8.2;0;MERCEDES BENZ;R88KT1-CZAA050B;GLC / 200 / 4-MATIC AUT. HYBRID;Nemcija;DEU;osebni avtomobil;216;vozilo z dviûnimi vrati zadaj;GLC 
145;1800;8.2;0;MERCEDES BENZ;R78KT1-CZAC050B;GLC / 200 / 4-MATIC AUT. HYBRID;Nemcija;DEU;osebni avtomobil;215;karavan;GLC 
145;1800;8.3;0;MERCEDES BENZ;R78KT1-CZAA050D;GLC / 200 / 4-MATIC AUT. HYBRID;Nemcija;DEU;osebni avtomobil;215;karavan;GLC 
145;1800;8.4;0;MERCEDES BENZ;R78KT1-CZAA050A;GLC / 200 / 4-MATIC AUT. HYBRID;Nemcija;DEU;osebni avtomobil;215;karavan;GLC 
145;1335;8.4;0;RENAULT;CR1N06;CLIO / 2.0 / 16V;Francija;FRA;osebni avtomobil;215;vozilo z dviûnimi vrati zadaj;CLIO 
145;1045;8.4;0;RENAULT;CR1N06;CLIO / 2.0 / 16V;Francija;FRA;osebni avtomobil;223;vozilo za posebne namene;CLIO 
145;1820;8.6;0;MERCEDES BENZ;R88KT1-CZAA051D;GLC / 200 / 4-MATIC AUT. HYBRID;Nemcija;DEU;osebni avtomobil;216;vozilo z dviûnimi vrati zadaj;GLC 
145;1805;8.6;0;MERCEDES BENZ;T38KT1-CZAA04AA;E / 200 / 4-MATIC AUT.;Nemcija;DEU;osebni avtomobil;231;kupe;E 
145;1820;8.8;0;MERCEDES BENZ;R88KT1-CZAA051A;GLC / 200 / 4-MATIC AUT. HYBRID;Nemcija;DEU;osebni avtomobil;216;vozilo z dviûnimi vrati zadaj;GLC 
145;1335;8.9;0;RENAULT;CR1N06;CLIO / 2.0 / 16V;Francija;FRA;osebni avtomobil;223;vozilo z dviûnimi vrati zadaj;CLIO 
145;1335;8.9;0;RENAULT;CR1N06;CLIO / 2.0 / 16V;Francija;FRA;osebni avtomobil;215;vozilo z dviûnimi vrati zadaj;CLIO 
145;1385;9.7;0;MERCEDES BENZ;170K449K0-LCAAA20;SLK / 230 / KOMP.;Nemcija;DEU;osebni avtomobil;240;kabriolet;SLK 
145;1530;9.8;0;MERCEDES BENZ;203.747-R849G0TBAAA40;C / COUPE 230 / KOMP. AUT.;Nemcija;DEU;osebni avtomobil;237;kupe;C 
145;1425;9.8;0;MERCEDES BENZ;203CLR849F0-LBABA40;C / 230 / KOMP.;Nemcija;DEU;osebni avtomobil;237;vozilo z dviûnimi vrati zadaj;C 
145;1405;9.8;0;MERCEDES BENZ;170;SLK / 230 / KOMPRESOR;Nemcija;DEU;osebni avtomobil;237;kabriolet;SLK 
146;2093;8.3;1;VOLKSWAGEN;MCXEC300X0-NNFD7BT0117TVR24BF2A72A;MULTIVAN / 2.0 / TDI AUT.;Nemcija;DEU;osebni avtomobil;200;karavan;MULTIVAN 
146;2195;8.8;1;VOLKSWAGEN;MCXEC308X1-NNAD7BT0117TVR24BF2A72A;MULTIVAN / 2.0 / TDI 4M AUT.;Nemcija;DEU;osebni avtomobil;197;karavan;MULTIVAN 
146;3215;8.9;1;VOLKSWAGEN;GCXEC320X1-LNAD7AD7BT00117NVR24BF2A91A;TRANSPORTER / 2.0 / TDI 4M AUT.;Nemcija;DEU;osebni avtomobil;197;vozilo za posebne namene;TRANSPORTER 
146;2105;9.5;1;VOLKSWAGEN;GCXEC320X1-LNAD7BT0117NVR27CSL2B91A;TRANSPORTER / 2.0 / TDI 4M AUT.;Nemcija;DEU;osebni avtomobil;197;vecnamensko vozilo;TRANSPORTER 
146.1;1733;5.9;1;OPEL;DN11-1A09G5CXHJM5;INSIGNIA / 2.0 / DT 16V AUT.;Nemcija;DEU;osebni avtomobil;229;vecnamensko vozilo;INSIGNIA 
147;1615;10.3;0;JAGUAR;CCXRAB2-5FFFH;S TYPE / 2.5;Zdruûeno kraljestvo;GBR;osebni avtomobil;225;limuzina;S TYPE 
147;1641;10.4;0;VOLVO;SW58-K3;V 70 / 2.4;ävedska;SWE;osebni avtomobil;225;karavan;V 70 
147;1700;4.9;1;BMW;FW11-5A300;520 / / d AUT.;Nemcija;DEU;osebni avtomobil;229;limuzina;520
147;1983;5.1;1;JAGUAR;CC9-X250-H505;JAGUAR XF / 2.2 / i4Td / ECO;Zdruûeno kraljestvo;GBR;osebni avtomobil;225;limuzina;JAGUAR XF 
147;1528;5.1;1;äKODA;ACDTUAX0-RFD7FD7GC0044BIML4N1B5A;OCTAVIA RS / COMBI 2.0 / TDI AUT.;Ceöka republika;CZE;osebni avtomobil;245;karavan;OCTAVIA RS 
147;2062;5.2;1;JAGUAR;CC9-X250-L507;JAGUAR XF SPORTBRAKE / 2.2L / I4D;Zdruûeno kraljestvo;GBR;osebni avtomobil;214;karavan;JAGUAR XF SPORTBRAKE 
147;1953;5.2;1;JAGUAR;CC9-X250-L507;JAGUAR XF SPORTBRAKE / 2.2 / SB i4 Td;Zdruûeno kraljestvo;GBR;osebni avtomobil;214;karavan;JAGUAR XF SPORTBRAKE 
147;1953;5.2;1;JAGUAR;CC9-L507;JAGUAR XF / 2.2 / AUT.;Zdruûeno kraljestvo;GBR;osebni avtomobil;214;karavan;JAGUAR XF 
147;1894;5.2;1;JAGUAR;CC9-X250-H507;JAGUAR XF / 2.2L / I4D;Zdruûeno kraljestvo;GBR;osebni avtomobil;225;limuzina;JAGUAR XF 
147;1328;5.2;0;VOLKSWAGEN;1K-AXX;GOLF / 2.0 / GTI;Nemcija;DEU;osebni avtomobil;235;vozilo z dviûnimi vrati zadaj;GOLF 
147;1687;5.3;1;VOLKSWAGEN;ABDTUAX0-FD7FD7GC004V4BINVR21AOA0;ARTEON / 2.0 / TDI AUT.;Nemcija;DEU;osebni avtomobil;237;vozilo z dviûnimi vrati zadaj;ARTEON 
147;1687;5.3;1;VOLKSWAGEN;ACDTUAX0-FD7FD7GC004V4BINVR21AOA0;ARTEON / 2.0 / TDI AUT.;Nemcija;DEU;osebni avtomobil;233;karavan;ARTEON 
147;1648;5.3;1;VOLKSWAGEN;ABDTUAX0-FD7FD7GC004V4BIVR21AOA0;ARTEON / 2.0 / TDI AUT.;Nemcija;DEU;osebni avtomobil;237;vozilo z dviûnimi vrati zadaj;ARTEON 
147;1646;5.4;1;VOLKSWAGEN;AADTUAX0-FD7FD7GC004SV4BIVR21CA0J;PASSAT / 2.0 / TDI AUT.;Nemcija;DEU;osebni avtomobil;237;limuzina;PASSAT 
147;1554;5.4;1;VOLKSWAGEN;AADTUAX0-FD7FD7GC004SV4BIVR21CA0G;PASSAT / 2.0 / TDI AUT.;Nemcija;DEU;osebni avtomobil;237;limuzina;PASSAT 
147;1953;5.6;1;JEEP;KLJETCU-G5HE1A;CHEROKEE / 2.2 / CA AWD;Zdruûene drûave;USA;osebni avtomobil;204;karavan;CHEROKEE 
147;1724;5.6;1;RENAULT;RFDKH2ALATA0210000;TALISMAN GRANDTOUR / 2.0 / DCI AUT.;Francija;FRA;osebni avtomobil;234;karavan;TALISMAN GRANDTOUR 
147;1704;5.6;1;äKODA;AADTUAX01-NFD7FD7GC0044BISTN1C8B;SUPERB / 2.0 / TDI AUT.;Ceöka republika;CZE;osebni avtomobil;243;limuzina;SUPERB 
147;1602;5.6;1;äKODA;AADTUAX1-RAD7AD7GC0054BIML4N1B9A;OCTAVIA RS / 2.0 / TDI 4x4 AUT.;Ceöka republika;CZE;osebni avtomobil;243;limuzina;OCTAVIA RS 
147;1701;5.6;1;VOLKSWAGEN;ACDTUAX0-FD7FD7GC004V4BIVR21CMB0;ARTEON / 2.0 / TDI AUT.;Nemcija;DEU;osebni avtomobil;233;karavan;ARTEON 
147;1650;5.6;1;VOLKSWAGEN;ACDTUAX0-FD7FD7GC004V4BIVR21COB0;ARTEON / 2.0 / TDI AUT.;Nemcija;DEU;osebni avtomobil;233;karavan;ARTEON 
147;1647;5.6;1;VOLKSWAGEN;ACDTUAX0-FD7FD7GC004SV4BIVR21CB0I;PASSAT / VARIANT 2.0 / TDI AUT.;Nemcija;DEU;osebni avtomobil;233;karavan;PASSAT 
147;1870;5.6;1;VOLVO;UUZA8-UZA8UCP;XC60 / 2.0 / TD / AUT. AWD;ävedska;SWE;osebni avtomobil;205;karavan;XC60 
147;1980;5.7;1;HYUNDAI;C5D14-M62AZ1;SANTA FE / 2.2 / CRDi 4WD;Koreja. republika;KOR;osebni avtomobil;203;karavan;SANTA FE 
147;1931;5.7;1;HYUNDAI;C5D14-M62AZ1;SANTA FE / 2.2 / CRDi 4WD;Koreja. republika;KOR;osebni avtomobil;203;vozilo za posebne namene;SANTA FE 
147;1953;5.7;1;JEEP;JETCU-F5HD1A;CHEROKEE / 2.2 / CA AWD;Zdruûene drûave;USA;osebni avtomobil;204;karavan;CHEROKEE 
147;1896;5.7;1;KIA;UMC5D24-M62AZ1;SORENTO / 2.2 / TD AWD;Koreja. republika;KOR;osebni avtomobil;205;karavan;SORENTO 
147;1789;5.7;1;RENAULT;RFDLH4ALATA1L10000;TALISMAN / 2.0 / DCI AUT.;Francija;FRA;osebni avtomobil;224;limuzina;TALISMAN 
147;1675;5.7;1;äKODA;ACDTUAX01-NFD7FD7GC0044BISTN1C2B;SUPERB / COMBI 2.0 / TDI AUT.;Ceöka republika;CZE;osebni avtomobil;234;karavan;SUPERB 
147;1743;5.7;1;VOLKSWAGEN;ACDTUAX0-FD7FD7GC004V4BINVR21CMB0;ARTEON / 2.0 / TDI AUT.;Nemcija;DEU;osebni avtomobil;233;karavan;ARTEON 
147;1822;5.8;1;RENAULT;RFDLH4ALATA1L10000;TALISMAN / 2.0 / DCI AUT.;Francija;FRA;osebni avtomobil;224;limuzina;TALISMAN 
147;1617;5.8;0;RENAULT;RFDLF4MVB61A210000;TALISMAN / 1.6 / 16V AUT.;Francija;FRA;osebni avtomobil;237;limuzina;TALISMAN 
147;1716;5.8;1;äKODA;ACDTUAX01-NFD7FD7GC0044BISTN1C2B;SUPERB / COMBI 2.0 / TDI AUT.;Ceöka republika;CZE;osebni avtomobil;234;karavan;SUPERB 
147;1762;5.8;1;VOLKSWAGEN;ACDTUAX1-AD7AD7GC005V4BINVR21AOA0;ARTEON / 2.0 / TDI 4M AUT.;Nemcija;DEU;osebni avtomobil;230;karavan;ARTEON 
147;1235;5.9;0;PEUGEOT;CA5FU8;208 / 1.6 / i 16V;Francija;FRA;osebni avtomobil;230;vozilo z dviûnimi vrati zadaj;208
147;1820;5.9;1;RENAULT;RFDKH4ALATA1L10000;TALISMAN GRANDTOUR / 2.0 / DCI AUT.;Francija;FRA;osebni avtomobil;224;karavan;TALISMAN GRANDTOUR 
147;1770;5.9;1;RENAULT;RFDLH4ALATA0210000;TALISMAN / 2.0 / DCI AUT.;Francija;FRA;osebni avtomobil;234;limuzina;TALISMAN 
147;1279;5.9;0;RENAULT;5RA63D;CLIO / 1.6 / 16V T. AUT.;Francija;FRA;osebni avtomobil;235;vozilo z dviûnimi vrati zadaj;CLIO 
147;1743;5.9;1;äKODA;AADTUAX11-NAD7AD7GC0054BISTN1B8A;SUPERB / 2.0 / TDI 4x4 AUT.;Ceöka republika;CZE;osebni avtomobil;238;limuzina;SUPERB 
147;1634;5.9;1;VOLKSWAGEN;AADTUAX1-AD7AD7GC005SV4BIVR21CA00;PASSAT / 2.0 / TDI 4M AUT.;Nemcija;DEU;osebni avtomobil;234;limuzina;PASSAT 
147;1355;5.9;0;VOLKSWAGEN;ABCZPC-FD6FD6D9011S0VR27MM64;POLO / 2.0 / TSI AUT.;Nemcija;DEU;osebni avtomobil;237;vozilo z dviûnimi vrati zadaj;POLO 
147;1580;6.1;1;ALFA ROMEO;939BXD1B 13;159 / SW 2.4 /JTDM;Italija;ITA;osebni avtomobil;208;karavan;159
147;1985;6.1;1;JEEP;KLJEVCU-G5HE1A;CHEROKEE / 2.2 / CA 4WD;Zdruûene drûave;USA;osebni avtomobil;203;karavan;CHEROKEE 
147;1896;6.1;1;KIA;UMC5D24-M62BZ1;SORENTO / 2.2 / D;Koreja. republika;KOR;osebni avtomobil;200;karavan;SORENTO 
147;1846;6.1;1;RENAULT;RFDKH4ALATA2D10000;TALISMAN GRANDTOUR / 2.0 / DCI AUT.;Francija;FRA;osebni avtomobil;234;karavan;TALISMAN GRANDTOUR 
147;1842;6.1;1;RENAULT;RFDKH4ALATA0210000;TALISMAN GRANDTOUR / 2.0 / DCI AUT.;Francija;FRA;osebni avtomobil;234;karavan;TALISMAN GRANDTOUR 
147;1674;6.1;1;äKODA;ACDTUAX11-NAD7AD7GC0054BISTN1B8B;SUPERB / COMBI 2.0 / TDI 4x4 AUT.;Ceöka republika;CZE;osebni avtomobil;229;karavan;SUPERB 
147;1800;6.1;1;VOLKSWAGEN;ACDTUAX1-AD7AD7GC005V4BINVR21COB0;ARTEON / 2.0 / TDI 4M AUT.;Nemcija;DEU;osebni avtomobil;230;karavan;ARTEON 
147;1726;6.1;1;VOLKSWAGEN;ACDTUAX1-AD7AD7GC005V4BIVR21CMB0;ARTEON / 2.0 / TDI 4M AUT.;Nemcija;DEU;osebni avtomobil;230;karavan;ARTEON 
147;1673;6.1;1;VOLKSWAGEN;ACDTUAX1-AD7AD7GC005SV4BIVR21CBAG;PASSAT / VARIANT 2.0 / TDI 4M AUT.;Nemcija;DEU;osebni avtomobil;230;karavan;PASSAT 
147;2046;6.2;1;HYUNDAI;A5D32-A81A11;SANTA FE / 2.2 / CRDi AUT. 4WD;Koreja. republika;KOR;osebni avtomobil;205;karavan;SANTA FE 
147;1425;6.2;0;OPEL;DA0FAAB12-BK2H2ACEK5;ASTRA / ST 1.6 / TURBO AUT.;Nemcija;DEU;osebni avtomobil;235;karavan;ASTRA 
147;1393;6.2;0;OPEL;DA0FAAB12-BK2H1JAMK5;ASTRA / ST 1.6 / TURBO;Nemcija;DEU;osebni avtomobil;235;karavan;ASTRA 
147;1876;6.2;0;RENAULT;RFCJE4MEBA00105000;ESPACE / 1.6 / 16V AUT.;Francija;FRA;osebni avtomobil;211;vozilo z dviûnimi vrati zadaj;ESPACE 
147;1721;6.2;0;RENAULT;RFCJE4MEBA00005000;ESPACE / 1.6 / 16V AUT.;Francija;FRA;osebni avtomobil;211;vozilo z dviûnimi vrati zadaj;ESPACE 
147;1684;6.2;0;RENAULT;RFCJE2MEBA00005000;ESPACE / 1.6 / 16V AUT.;Francija;FRA;osebni avtomobil;211;vozilo z dviûnimi vrati zadaj;ESPACE 
147;1674;6.2;1;äKODA;ACDTUAX11-NAD7AD7GC0054BISTN1C8B;SUPERB / COMBI 2.0 / TDI 4x4 AUT.;Ceöka republika;CZE;osebni avtomobil;229;karavan;SUPERB 
147;1709;6.2;1;VOLKSWAGEN;ACDTUAX1-AD7AD7GC005CV4BIVR21CB0G;PASSAT / VARIANT 2.0 / TDI 4M AUT.;Nemcija;DEU;osebni avtomobil;228;karavan;PASSAT 
147;2010;6.3;1;HYUNDAI;A5D32-A81A11;SANTA FE / 2.2 / CRDi AUT. 4WD;Koreja. republika;KOR;osebni avtomobil;205;karavan;SANTA FE 
147;1279;6.3;0;RENAULT;5R4M0E;CLIO / 1.6 / 16V T. AUT.;Francija;FRA;osebni avtomobil;225;vozilo z dviûnimi vrati zadaj;CLIO 
147;1845;6.3;1;äKODA;ACDTUAX11-NAD7AD7GC0054BISTS1C8B;SUPERB / COMBI 2.0 / TDI 4x4 AUT.;Ceöka republika;CZE;osebni avtomobil;227;karavan;SUPERB 
147;1674;6.3;1;äKODA;ACDTUAX11-NAD7AD7GC0054BISTS1C2B;SUPERB / COMBI 2.0 / TDI 4x4 AUT.;Ceöka republika;CZE;osebni avtomobil;229;karavan;SUPERB 
147;1735;6.4;1;AUDI;SDTUAQ1-QD7AD7GC010RT51B174BIAHA4EM1AD0;Q3 / SPORTBACK 2.0 / TDI Q AUT.;Nemcija;DEU;osebni avtomobil;224;vozilo z dviûnimi vrati zadaj;Q3 
147;1391;6.4;0;CITROEN;NX5FU8;DS4 / 1.6 / i;Francija;FRA;osebni avtomobil;235;vozilo z dviûnimi vrati zadaj;DS4 
147;1803;6.4;1;äKODA;ACDTUAX1-NAD7AD7GC0104BI0NS5N1A2A;KODIAQ / 2.0 / TDI 4x4 AUT.;Ceöka republika;CZE;osebni avtomobil;213;karavan;KODIAQ 
147;1709;6.4;1;VOLKSWAGEN;ACDTUAX1-AD7AD7GC005CV4BIVR21CB00;PASSAT / VARIANT 2.0 / TDI 4M AUT.;Nemcija;DEU;osebni avtomobil;228;karavan;PASSAT 
147;1615;6.5;1;FORD;BA7KNBA1G-5FCBP6;MONDEO / 2.2 / TDCI AWF 200;Nemcija;DEU;osebni avtomobil;215;karavan;MONDEO 
147;1924;6.5;1;RENAULT;RFCJD4ALATA1905000;ESPACE / 2.0 / DCI AUT.;Francija;FRA;osebni avtomobil;213;vozilo z dviûnimi vrati zadaj;ESPACE 
147;1780;6.5;1;SEAT;XDTUAX1-AD7MAD7GC0104BIML541BAB;TARRACO / 2.0 / TDI 4WD AUT.;äpanija;ESP;osebni avtomobil;212;karavan;TARRACO 
147;1845;6.5;1;äKODA;ACDTUAX1-NAD7AD7GC0104BI5NS7N1A2A;KODIAQ / 2.0 / TDI 4x4 AUT.;Ceöka republika;CZE;osebni avtomobil;212;karavan;KODIAQ 
147;1734;6.6;1;FORD;WA6KNWA-1S7KKAQG;S-MAX / 2.2 / TDCI 147;Nemcija;DEU;osebni avtomobil;220;vecnamensko vozilo;S-MAX 
147;1280;6.6;0;FORD;JHH-YZJA1JX-5FHPLNA1HCT;FIESTA / 1.5 / 147 DRAGON ST S 5 vr B6;Nemcija;DEU;osebni avtomobil;230;vozilo z dviûnimi vrati zadaj;FIESTA 
147;2040;6.6;1;HYUNDAI;C5D14-A62BZ1;SANTA FE / 2.2 / CRDi AUT. 4WD;Koreja. republika;KOR;osebni avtomobil;203;karavan;SANTA FE 
147;2107;6.6;1;KIA;UMC7D24-A63BZ1;SORENTO / 2.2 / D AUT.;Koreja. republika;KOR;osebni avtomobil;200;karavan;SORENTO 
147;1953;6.6;1;KIA;UMC7D24-A63BZ1;SORENTO / 2.2 / TD AUT. AWD;Koreja. republika;KOR;osebni avtomobil;205;karavan;SORENTO 
147;1917;6.6;1;KIA;UMC5D24-A63BZ1;SORENTO / 2.2 / TD AUT. AWD;Koreja. republika;KOR;osebni avtomobil;205;karavan;SORENTO 
147;1917;6.6;1;KIA;UMC5D24-A63BZ1;SORENTO / 2.2 / D AUT.;Koreja. republika;KOR;osebni avtomobil;200;karavan;SORENTO 
147;1503;6.6;0;OPEL;BAEMC12-BA3J3JBWA5;ASTRA / GTC 1.6 / 16V TURBO;Nemcija;DEU;osebni avtomobil;230;vozilo z dviûnimi vrati zadaj;ASTRA 
147;1990;6.6;1;RENAULT;RFCJD4ALATA1907000;ESPACE / 2.0 / DCI AUT.;Francija;FRA;osebni avtomobil;213;vozilo z dviûnimi vrati zadaj;ESPACE 
147;1884;6.6;1;SEAT;XDTUAX1-AD7MAD7GC0104BIML561BBB;TARRACO / 2.0 / TDI 4WD AUT.;äpanija;ESP;osebni avtomobil;210;karavan;TARRACO 
147;1746;6.6;1;äKODA;ACDTUAX1-NAD7AD7GC0104BI0NS5V1B8A;KODIAQ / 2.0 / TDI 4x4 AUT.;Ceöka republika;CZE;osebni avtomobil;213;karavan;KODIAQ 
147;1842;6.6;1;VOLKSWAGEN;ACDTUAX1-AD7AD7GC010N5T5NVR24BI1BSA0M1GIS;TIGUAN / 2.0 / TDI 4M AUT.;Nemcija;DEU;osebni avtomobil;216;karavan;TIGUAN 
147;1833;6.6;1;VOLKSWAGEN;ACDTUAX1-AD7AD7GC010N5T5TVR24BI1BSA0M1IS;TIGUAN / 2.0 / TDI 4M AUT.;Nemcija;DEU;osebni avtomobil;216;karavan;TIGUAN 
147;1792;6.6;1;VOLKSWAGEN;ACDTUAX1-AD7AD7GC010N5T4NVR24BI1BSA0M1GIS;TIGUAN / 2.0 / TDI 4M AUT.;Nemcija;DEU;osebni avtomobil;216;karavan;TIGUAN 
147;1779;6.6;1;VOLKSWAGEN;ACDTUAX1-AD7AD7GC010N5T4TVR24BI1BSA0M1IS;TIGUAN / 2.0 / TDI 4M AUT.;Nemcija;DEU;osebni avtomobil;216;karavan;TIGUAN 
147;1715;6.6;1;VOLKSWAGEN;ACDTUAX1-AD7AD7GC010N5T5NVR24BI1BSA0M1GG;TIGUAN / 2.0 / TDI 4M AUT.;Nemcija;DEU;osebni avtomobil;216;karavan;TIGUAN 
147;1795;6.7;1;AUDI;SDTUAQ1-QD7AD7GC010RT51C194BIAHA5EM1CD0;Q3 / SPORTBACK 2.0 / TDI Q AUT.;Nemcija;DEU;osebni avtomobil;224;vozilo z dviûnimi vrati zadaj;Q3 
147;1794;6.7;1;AUDI;SDTUAQ1-QD7AD7GC010RT61C204BIBHA5EM1BD0;Q3 / SPORTBACK 2.0 / TDI Q AUT.;Nemcija;DEU;osebni avtomobil;224;vozilo z dviûnimi vrati zadaj;Q3 
147;1735;6.7;1;AUDI;SDTUAQ1-QD7AD7GC010RT61C914BIBHA5EM1CD0;Q3 / SPORTBACK 2.0 / TDI Q AUT.;Nemcija;DEU;osebni avtomobil;224;vozilo z dviûnimi vrati zadaj;Q3 
147;1505;6.7;0;CITROEN;KF5FU8;DS5 / 1.6 / i;Francija;FRA;osebni avtomobil;235;vecnamensko vozilo;DS5 
147;1953;6.7;1;KIA;UMC7D24-A63BZ1;SORENTO / 2.2 / D AUT.;Koreja. republika;KOR;osebni avtomobil;200;karavan;SORENTO 
147;1917;6.7;1;KIA;UMC5D24-A63BZ1;SORENTO / 2.2 / D AUT.;Koreja. republika;KOR;osebni avtomobil;200;karavan;SORENTO 
147;1372;6.7;0;PEUGEOT;4J5FU8;RCZ / 1.6 / TURBO i 16V;Francija;FRA;osebni avtomobil;235;kupe;RCZ 
147;2008;6.7;1;RENAULT;RFCJD4ALATA1927000;ESPACE / 2.0 / DCI AUT.;Francija;FRA;osebni avtomobil;213;vozilo z dviûnimi vrati zadaj;ESPACE 
147;1875;6.7;1;äKODA;ACDTUAX1-NAD7AD7GC0104BI5NS7V1B2B;KODIAQ / 2.0 / TDI 4x4 AUT.;Ceöka republika;CZE;osebni avtomobil;212;karavan;KODIAQ 
147;1789;6.7;1;äKODA;ACDTUAX1-NAD7AD7GC0104BI5NS7N1B2B;KODIAQ / 2.0 / TDI 4x4 AUT.;Ceöka republika;CZE;osebni avtomobil;212;karavan;KODIAQ 
147;1746;6.7;1;äKODA;ACDTUAX1-NAD7AD7GC0104BI0GS5V1B8B;KODIAQ / 2.0 / TDI 4x4 AUT.;Ceöka republika;CZE;osebni avtomobil;213;karavan;KODIAQ 
147;1715;6.7;1;VOLKSWAGEN;ACDTUAX1-AD7AD7GC010N5T5NVR24BI1BSB0M1GJS;TIGUAN / 2.0 / TDI 4M AUT.;Nemcija;DEU;osebni avtomobil;216;karavan;TIGUAN 
147;1705;6.8;1;ALFA ROMEO;939AXD1B02;159 / 2.4 / M-JET;Italija;ITA;osebni avtomobil;228;limuzina;159
147;1675;6.8;1;ALFA ROMEO;939DXD1B-18;BRERA / 2.4 / JTD;Italija;ITA;osebni avtomobil;228;kupe;BRERA 
147;1610;6.8;1;ALFA ROMEO;939AXD1B-02;159 / 2.4 / M-JET;Italija;ITA;osebni avtomobil;228;limuzina;159
147;1840;6.8;1;FORD;WA6KNWA-1M7KKARG;GALAXY / 2.2 / TDCi 147;Nemcija;DEU;osebni avtomobil;215;vecnamensko vozilo;GALAXY 
147;1338;6.8;0;HONDA;EP3-1-1;CIVIC / 2.0 / TYPE-R;Zdruûeno kraljestvo;GBR;osebni avtomobil;235;vozilo z dviûnimi vrati zadaj;CIVIC 
147;1200;6.8;0;HONDA;EP-3-1-1;CIVIC / 2.0;Zdruûeno kraljestvo;GBR;osebni avtomobil;235;vozilo z dviûnimi vrati zadaj;CIVIC 
147;1733;6.8;0;OPEL;HAEMC12-BA3P3JBWB4;CASCADA / CABRIO 1.6 / 16V TURBO;Nemcija;DEU;osebni avtomobil;235;kabriolet;CASCADA 
147;1921;6.8;1;VOLKSWAGEN;ACDTUAX1-AD7AD7GC010L5T6NVR24BI1BSBCM10;TIGUAN / 2.0 / TDI 4M AUT.;Nemcija;DEU;osebni avtomobil;213;karavan;TIGUAN 
147;1788;6.8;1;VOLKSWAGEN;ACDTUAX1-AD7AD7GC010L5T6NVR24BI1BSBCM1G;TIGUAN / 2.0 / TDI 4M AUT.;Nemcija;DEU;osebni avtomobil;213;karavan;TIGUAN 
147;1372;6.9;0;PEUGEOT;4J5FU8;RCZ / 1.6 / TURBO i 16V;Francija;FRA;osebni avtomobil;235;kupe;RCZ 
147;1335;7.1;0;AUDI;SDKZCF1-FD6FD6D9011RT31C187CSAEM1;A1 / 2.0 / TFSI AUT.;Nemcija;DEU;osebni avtomobil;235;vozilo z dviûnimi vrati zadaj;A1 
147;1875;7.1;1;FORD;WA6KNWA-1S7FCAQG;S-MAX / 2.2 / TDCi AWF 147;Nemcija;DEU;osebni avtomobil;212;vecnamensko vozilo;S-MAX 
147;1841;7.1;1;FORD;WA6KNWA-1M7FCARG;GALAXY / 2.2 / TDCi AWF 147;Nemcija;DEU;osebni avtomobil;210;vecnamensko vozilo;GALAXY 
147;2013;7.1;1;JEEP;JKJVHE9-F4HD2A;WRANGLER / 2.8 / CRD;Zdruûene drûave;USA;osebni avtomobil;172;vecnamensko vozilo;WRANGLER 
147;1945;7.1;1;JEEP;JVHE9-C4HD2A;WRANGLER / 2.8 / CRD;Zdruûene drûave;USA;osebni avtomobil;172;kabriolet;WRANGLER 
147;1337;7.1;0;TOYOTA;ZN6-CLE7(7E);TOYOTA Z / GT86 2.0 / AUT.;Japonska ;JPN;osebni avtomobil;210;kupe;TOYOTA Z 
147;1725;7.2;1;FIAT;194AXD1205B;CROMA / 2.4 20V / JTD CA;Italija;ITA;osebni avtomobil;216;vecnamensko vozilo;CROMA 
147;2046;7.2;1;HYUNDAI;A5D32-A81A11;SANTA FE / 2.2 / CRDi AUT. 4WD;Koreja. republika;KOR;osebni avtomobil;205;karavan;SANTA FE 
147;1733;7.2;0;OPEL;EAENC12-BA2N4JBWJ7;ZAFIRA / TOURER 1.6 / TURBO;Nemcija;DEU;osebni avtomobil;220;vecnamensko vozilo;ZAFIRA 
147;1522;7.2;0;OPEL;CA053CB12-BA1ZAMACE25;INSIGNIA GRAND SPORT / 1.6 / TURBO AUT.;Nemcija;DEU;osebni avtomobil;232;vozilo z dviûnimi vrati zadaj;INSIGNIA GRAND SPORT 
147;1355;7.2;0;VOLKSWAGEN;ABDKZC-FD6FD6D9011S0VR27CS1EA;POLO / 2.0 / GTI AUT.;Nemcija;DEU;osebni avtomobil;238;vozilo z dviûnimi vrati zadaj;POLO 
147;1350;7.2;0;VOLKSWAGEN;ABDKZC-FD6FD6D9011S0VR24BF1EA0;POLO / 2.0 / GTI AUT.;Nemcija;DEU;osebni avtomobil;238;vozilo z dviûnimi vrati zadaj;POLO 
147;1355;7.3;0;VOLKSWAGEN;ABDKZC-FD6FD6D9011S0VR27CS1EA;POLO / 2.0 / GTI AUT.;Nemcija;DEU;osebni avtomobil;238;vozilo z dviûnimi vrati zadaj;POLO 
147;1465;7.5;0;äKODA;ACCCZAX01-NFM6FM62Q011;OCTAVIA / COMBI RS /;Ceöka republika;CZE;osebni avtomobil;239;karavan;OCTAVIA 
147;1455;7.5;0;äKODA;ACCCZAX01-NFM6FM62Q011;OCTAVIA / COMBI 2.0 /;Ceöka republika;CZE;osebni avtomobil;239;karavan;OCTAVIA 
147;1560;7.6;0;AUDI;KCAWBF1-FD62E016R8P600GG;A3 / CABRIOLET 2.0 / TFSI D-AUT.;Nemcija;DEU;osebni avtomobil;231;kabriolet;A3 
147;2126;7.6;1;HYUNDAI;L7D14-A62BZ1;GRAND SANTA FE / 2.2 / CRDi AUT. 4WD;Koreja. republika;KOR;osebni avtomobil;200;karavan;GRAND SANTA FE 
147;1393;7.6;0;VOLKSWAGEN;ADCAWB-FD6FD62E0160GGS1;SCIROCCO / 2.0 / TSI AUT.;Nemcija;DEU;osebni avtomobil;233;kupe;SCIROCCO 
147;1373;7.6;0;VOLKSWAGEN;ADCAWB-FM6FM62Q0110GGS1;SCIROCCO / 2.0 / TSI;Nemcija;DEU;osebni avtomobil;235;kupe;SCIROCCO 
147;1435;7.7;0;AUDI;CCCZAQ1-QD62E074R8J907MB;TT / COUPE 2.0 / Q TFSI D-AUT.;Madûarska;HUN;osebni avtomobil;226;kupe;TT 
147;1355;7.7;0;AUDI;8JCBWAF1-FM62Q019R8J60;TT / COUPE 2.0 / TFSI;Madûarska;HUN;osebni avtomobil;240;kupe;TT 
147;1355;7.7;0;AUDI;CBWAF1-FD62E016R8J60;TT / COUPE 2.0 / TFSI D-AUT.;Nemcija;DEU;osebni avtomobil;240;kupe;TT 
147;1335;7.7;0;AUDI;CBWAF1-FM62Q019R8J60;TT / COUPE 2.0 / TFSI;Madûarska;HUN;osebni avtomobil;240;kupe;TT 
147;1335;7.7;0;AUDI;CBWAF1-FM62Q019R8J90;TT / COUPE 2.0 / TFSI;Nemcija;DEU;osebni avtomobil;240;kupe;TT 
147;1260;7.7;0;AUDI;8J;TT / 2.0 / FSI;Madûarska;HUN;osebni avtomobil;240;kupe;TT 
147;1455;7.7;0;äKODA;AACCZAX01-NFD6FD62E0160;OCTAVIA / 2.0 / AUT.;Ceöka republika;CZE;osebni avtomobil;240;limuzina;OCTAVIA 
147;1439;7.7;0;VOLKSWAGEN;ABCCZAX0-FD6FD62E016N7MQVIVR0;BEETLE / 2.0 / TSI AUT.;Nemcija;DEU;osebni avtomobil;223;vozilo z dviûnimi vrati zadaj;BEETLE 
147;1570;7.8;0;AUDI;LBGBF1-FM6XE0R8E600GGO;A4 / 2.0 / TFSI;Nemcija;DEU;osebni avtomobil;241;limuzina;A4 
147;1554;7.8;0;AUDI;LBGBF1-FM6XE0R8E600GGO;A 4 / 2.0;Nemcija;DEU;osebni avtomobil;241;limuzina;A 4 
147;1390;7.8;0;AUDI;RBWAF1-FD62E016R8J60;TT / ROADSTER 2.0 / TFSI D-AUT.;Nemcija;DEU;osebni avtomobil;237;kabriolet;TT 
147;1370;7.8;0;AUDI;RBWAF1-FM62Q019R8J60;TT / ROADSTER 2.0 / TFSI;Nemcija;DEU;osebni avtomobil;237;kabriolet;TT 
147;1370;7.8;0;AUDI;RBWAF1-FM62Q019R8J900GG;TT / ROADSTER 2.0 / TFSI;Madûarska;HUN;osebni avtomobil;237;kabriolet;TT 
147;1505;7.8;0;LANCIA;844AXH1209B;DELTA / 1.8 / TURBO;Italija;ITA;osebni avtomobil;230;vecnamensko vozilo;DELTA 
147;1327;7.8;0;TOYOTA;ZN/ZN6/ZN6-FLE8(JJ);TOYOTA / GT86 2.0 /;Japonska ;JPN;osebni avtomobil;226;kupe;TOYOTA 
147;1318;7.8;0;TOYOTA;ZN/ZN6/ZN6-ELE8(7H);TOYOTA / GT86 2.0 /;Japonska ;JPN;osebni avtomobil;226;kupe;TOYOTA 
147;1316;7.8;0;TOYOTA;ZN/ZN6/ZN6-DLE8(7F);TOYOTA Z / GT86 2.0 /;Japonska ;JPN;osebni avtomobil;226;kupe;TOYOTA Z 
147;1305;7.8;0;TOYOTA;ZN6-ALE8(7A);TOYOTA Z / GT86 2.0 /;Japonska ;JPN;osebni avtomobil;226;kupe;TOYOTA Z 
147;2041;7.9;1;JEEP;JEJC9-C5HD1A;CHEROKEE / 2.8 / TD AUT.;Zdruûene drûave;USA;osebni avtomobil;190;karavan;CHEROKEE 
147;1493;7.9;0;SEAT;AFBWAX01-SGFM62Q019N0GG;LEON / 2.0 / TFSI;äpanija;ESP;osebni avtomobil;221;vecnamensko vozilo;LEON 
147;1444;7.9;0;SEAT;AFBWAX01-AGFD62E0160GG;LEON / 2.0 / TFSI AUT.;äpanija;ESP;osebni avtomobil;229;vecnamensko vozilo;LEON 
147;1490;7.9;0;äKODA;ACBWAX01-NFM6FM62Q011;OCTAVIA / COMBI RS /;Ceöka republika;CZE;osebni avtomobil;238;karavan;OCTAVIA 
147;1475;7.9;0;äKODA;AABWAX01-NFM6FM62Q011;OCTAVIA / RS /;Ceöka republika;CZE;osebni avtomobil;240;limuzina;OCTAVIA 
147;1515;7.9;0;VOLKSWAGEN;AACAWBX0-FM6FM62Q011ST0GG;PASSAT CC / 2.0 / TFSI;Nemcija;DEU;osebni avtomobil;237;limuzina;PASSAT CC 
147;1497;7.9;0;VOLKSWAGEN;ABBWAX0-FA6FA62E016N20GGS1;GOLF / 2.0 / GTI TFSI AUT.;Nemcija;DEU;osebni avtomobil;233;vozilo z dviûnimi vrati zadaj;GOLF 
147;1476;7.9;0;VOLKSWAGEN;ABAXXX0-FA6FA62E016N20GGS1;GOLF / 2.0 / FSI T AUT.;Nemcija;DEU;osebni avtomobil;233;vozilo z dviûnimi vrati zadaj;GOLF 
147;1458;7.9;0;VOLKSWAGEN;1K-AXX;GOLF / 2.0 / GTI AUT.;Nemcija;DEU;osebni avtomobil;233;vozilo z dviûnimi vrati zadaj;GOLF 
147;1422;7.9;0;VOLKSWAGEN;ABAXXX0-FA6FA62E016N20GGS1;GOLF / 2.0 / GTI TFSI AUT.;Nemcija;DEU;osebni avtomobil;233;vozilo z dviûnimi vrati zadaj;GOLF 
147;1422;7.9;0;VOLKSWAGEN;ACBWAX0-FA6FA62E016N0GGS1;GOLF / 2.0 / GTI TFSI AUT.;Nemcija;DEU;osebni avtomobil;233;karavan;GOLF 
147;1775;8.1;1;ALFA ROMEO;939BXD12-26;159 / SW 2.4 / M-JET CA;Italija;ITA;osebni avtomobil;222;karavan;159
147;1505;8.1;0;ALFA ROMEO;939DXN1B56;BRERA / 1.8 / TBI;Italija;ITA;osebni avtomobil;235;kupe;BRERA 
147;1887;8.1;0;JAGUAR;DF-A-518B;JAGUAR E-PACE / 2.0 / IL4 AWD AUT.;Zdruûeno kraljestvo;GBR;osebni avtomobil;216;karavan;JAGUAR E-PACE 
147;2075;8.1;1;JEEP;JVJE9-F4HD2A;WRANGLER / 2.8 / CRD CA;Zdruûene drûave;USA;osebni avtomobil;172;vecnamensko vozilo;WRANGLER 
147;2385;8.1;1;MITSUBISHI;V9521-BJCDA5B7CAAA;PAJERO / 3.2 / MONTERO;Japonska ;JPN;osebni avtomobil;180;karavan;PAJERO 
147;1510;8.1;0;VOLKSWAGEN;ABAXXX0-FM6FM62Q011O40GGS1;GOLF / 2.0;Nemcija;DEU;osebni avtomobil;235;vozilo z dviûnimi vrati zadaj;GOLF 
147;1439;8.1;0;VOLKSWAGEN;1K;GOLF / 2.0 / GTI TFSI;Nemcija;DEU;osebni avtomobil;235;vozilo z dviûnimi vrati zadaj;GOLF 
147;1408;8.1;0;VOLKSWAGEN;1K;GOLF / 2.0 / GTI;Nemcija;DEU;osebni avtomobil;235;vozilo z dviûnimi vrati zadaj;GOLF 
147;1611;8.2;0;VOLKSWAGEN;BWAAE-FM6VIFM62Q0110GG;EOS / 2.0 / TFSI;Nemcija;DEU;osebni avtomobil;232;kabriolet;EOS 
147;2212;8.2;1;VOLVO;CT3056;XC90 / 2.4 / TD AWD AUT.;ävedska;SWE;osebni avtomobil;205;vecnamensko vozilo;XC90 
147;2196;8.2;1;VOLVO;CZ3056;XC90 / 2.4 / TD AWD AUT.;ävedska;SWE;osebni avtomobil;205;vecnamensko vozilo;XC90 
147;1555;8.3;0;ALFA ROMEO;939BXN1B53;159 / SW 1.8 / TURBO;Italija;ITA;osebni avtomobil;233;karavan;159
147;1675;8.3;0;AUDI;KBWEF1-FM6XE0R8H71;A4 / CABRIOLET 2.0 / TFSI;Nemcija;DEU;osebni avtomobil;238;kabriolet;A4 
147;2128;8.3;1;JEEP;JXHF9-B5HD3A;WRANGLER UNLIMITED / 2.8 / CRD;Zdruûene drûave;USA;osebni avtomobil;172;vecnamensko vozilo;WRANGLER UNLIMITED 
147;2073;8.3;1;JEEP;JKJXJF9-B5HD2A;WRANGLER UNLIMITED / 2.8 / TD AUT.;Zdruûene drûave;USA;osebni avtomobil;172;vecnamensko vozilo;WRANGLER UNLIMITED 
147;1632;8.3;0;VOLKSWAGEN;ACBWAX0-FM6FM62Q011STP0GG;PASSAT / VARIANT 2.0 / TFSI;Nemcija;DEU;osebni avtomobil;232;karavan;PASSAT 
147;2207;8.3;1;VOLVO;CT3056;XC90 / 2.4 / TD AWD AUT.;ävedska;SWE;osebni avtomobil;205;vecnamensko vozilo;XC90 
147;2192;8.3;1;VOLVO;CZ3056;XC90 / 2.4 / TD AWD AUT.;ävedska;SWE;osebni avtomobil;205;vecnamensko vozilo;XC90 
147;1705;8.4;0;AUDI;KBWEF1-FAVJ00R8H71;A4 / CABRIOLET 2.0 / TFSI V-AUT.;Nemcija;DEU;osebni avtomobil;233;kabriolet;A4 
147;1215;8.4;0;MINI;RE31-31;COOPER S / /;Nemcija;DEU;osebni avtomobil;218;vozilo z dviûnimi vrati zadaj;COOPER S 
147;1633;8.4;0;VOLKSWAGEN;BWAAE-FM6STFM62Q0110GGP;EOS / 2.0 / TFSI;Nemcija;DEU;osebni avtomobil;232;kabriolet;EOS 
147;2385;8.5;1;MITSUBISHI;V9522-BKCDB5A7BPAA;PAJERO / 3.2 / LWB AVT;Japonska ;JPN;osebni avtomobil;180;vecnamensko vozilo;PAJERO 
147;2385;8.5;1;MITSUBISHI;V9521-BKCDB5B7CAAG;PAJERO / 3.2 / LB AUT.;Japonska ;JPN;osebni avtomobil;180;karavan;PAJERO 
147;2340;8.5;1;MITSUBISHI;V9621-BNCDB5B6C;PAJERO / 3.2 / GL DID LWB;Japonska ;JPN;osebni avtomobil;180;karavan;PAJERO 
147;1817;8.5;0;VOLKSWAGEN;CCZAX0AF-FD6FD62E0277MG6VR0VW;SHARAN / 2.0 / TSI AUT.;Nemcija;DEU;osebni avtomobil;218;vecnamensko vozilo;SHARAN 
147;1653;8.5;0;VOLKSWAGEN;ACCCZAX1-AM6AM6A6003NDSTVR07MG;TIGUAN / 2.0 / TSI 4M;Nemcija;DEU;osebni avtomobil;210;karavan;TIGUAN 
147;1493;8.7;0;VOLKSWAGEN;AABVYX0-FA6FA69G076S10GG;PASSAT / 2.0 / FSI AUT.;Nemcija;DEU;osebni avtomobil;208;limuzina;PASSAT 
147;1615;8.8;0;AUDI;ABWEQ1-QM6XE0R8E710GG;A4 / AVANT 2.0 / TFSI Q;Nemcija;DEU;osebni avtomobil;233;karavan;A4 
147;1565;8.8;0;AUDI;LBWEQ1-QM6XE0R8E710GG;A4 / 2.0 / TFSI Q;Nemcija;DEU;osebni avtomobil;238;limuzina;A4 
147;2193;8.8;1;JEEP;JKJXJF9-D5HD3A;WRANGLER UNLIMITED / 2.8 / CRD CA;Avstrija;AUT;osebni avtomobil;172;vecnamensko vozilo;WRANGLER UNLIMITED 
147;1530;8.9;0;AUDI;LAXXF1;A3 / 2.0 / FSIT;Nemcija;DEU;osebni avtomobil;234;vozilo z dviûnimi vrati zadaj;A3 
147;1270;8.9;0;HONDA;EP3;CIVIC / 2.0 / TYPE-R;Zdruûeno kraljestvo;GBR;osebni avtomobil;235;vozilo z dviûnimi vrati zadaj;CIVIC 
147;2073;9.1;1;JEEP;JKJXJF9-G5H63A;WRANGLER UNLIMITED / 2.8 / CRD CA;Zdruûene drûave;USA;osebni avtomobil;172;vecnamensko vozilo;WRANGLER UNLIMITED 
147;1260;9.2;0;AUDI;8J-BWA;TT / 2.0 / TFSI;Madûarska;HUN;osebni avtomobil;250;kabriolet;TT 
147;1260;9.2;0;AUDI;8J-BWA;TT / 2.0 / TFSI;Madûarska;HUN;osebni avtomobil;250;kupe;TT 
147;2340;9.2;1;MITSUBISHI;V9922-BNCDB5B7C;PAJERO / 3.2 / GLS DID LWB;Japonska ;JPN;osebni avtomobil;180;vecnamensko vozilo;PAJERO 
147;1696;9.5;0;AUDI;LBWEQ1-QA6LC0R8E600GGP;A4 / 2.0 / TFSI Q AUT.;Nemcija;DEU;osebni avtomobil;235;limuzina;A4 
147;1660;9.5;0;AUDI;ABWEQ1-QA6LC0R8E710GG;A4 / AVANT 2.0 / TFSI Q AUT.;Nemcija;DEU;osebni avtomobil;230;karavan;A4 
147;2121;9.5;1;JEEP;JKJTLFU-L5H73A;WRANGLER UNLIMITED / 2.2 / L ECODIESEL;Zdruûene drûave;USA;osebni avtomobil;180;vecnamensko vozilo;WRANGLER UNLIMITED 
147;1658;9.5;0;VOLVO;BW5651;V70 / 2.5 / T;ävedska;SWE;osebni avtomobil;210;karavan;V70 
147;2121;9.7;1;JEEP;JKJTLFU-L5H73A;WRANGLER UNLIMITED / 2.2 / L ECODIESEL;Zdruûene drûave;USA;osebni avtomobil;159;vecnamensko vozilo;WRANGLER UNLIMITED 
147.5;1279;8.2;0;RENAULT;CRK806;CLIO / 2.0 / 16V;Francija;FRA;osebni avtomobil;225;vozilo z dviûnimi vrati zadaj;CLIO 
147.5;1279;8.3;0;RENAULT;CRJN06;CLIO / 2.0 / 16V;Francija;FRA;osebni avtomobil;224;vozilo z dviûnimi vrati zadaj;CLIO 
148;1658;8.6;0;HONDA;CU21-4;ACCORD / 2.4 / AUT.;Japonska ;JPN;osebni avtomobil;227;limuzina;ACCORD 
148;1658;8.7;0;HONDA;CU22-7;ACCORD / 2.4 / AUT.;Japonska ;JPN;osebni avtomobil;227;limuzina;ACCORD 
148;1619;8.7;0;HONDA;CU22-6;ACCORD / 2.4 / AUT.;Japonska ;JPN;osebni avtomobil;227;limuzina;ACCORD 
148;1626;8.8;0;HONDA;CU21-2;ACCORD / 2.4 /;Japonska ;JPN;osebni avtomobil;227;limuzina;ACCORD 
148;1723;9.1;0;HONDA;CW22-7;ACCORD TOURER / 2.4 / AUT.;Japonska ;JPN;osebni avtomobil;222;vecnamensko vozilo;ACCORD TOURER 
148;1400;9.1;0;HONDA;FN21-1;CIVIC / 2.0 / TYPE-R;Zdruûeno kraljestvo;GBR;osebni avtomobil;235;vozilo z dviûnimi vrati zadaj;CIVIC 
148;1735;9.3;0;ALFA ROMEO;949AXF2A5BDG;STELVIO / 2.0 / TURBO CA AWD SW;Italija;ITA;osebni avtomobil;215;karavan;STELVIO 
148;1670;9.9;0;MITSUBISHI;CUOW;OUTLANDER / 2.0 / TURBO;Japonska ;JPN;osebni avtomobil;220;karavan;OUTLANDER 
149;1475;10.1;0;DODGE;-;STRATUS / COUPE 3.0 / V6 AUT.;Zdruûene drûave;USA;osebni avtomobil;206;kupe;STRATUS 
149;1425;10.2;0;CHRYSLER;JRLB6U-4;SEBRING / 2.7 / AUT;Zdruûene drûave;USA;osebni avtomobil;216;limuzina;SEBRING 
149;1359;16.7;0;FORD;289;MUSTANG / 4.7 V8 / AUT.;Zdruûene drûave;USA;osebni avtomobil;190;kupe;MUSTANG 
149;1584;7.6;0;FORD;BA7-TNCD1FX-5GBBZN00PBW;MONDEO / 2.0 / EB 149 A6;Nemcija;DEU;osebni avtomobil;227;karavan;MONDEO 
149;1545;7.9;0;VOLVO;FS4451;S60 / 2.0 / T;ävedska;SWE;osebni avtomobil;230;limuzina;S60 
149;1676;8.1;0;FORD;WA6TNWA-1S7NAAQL;S-MAX / 2.0 / 149 EcoBoost A6;Nemcija;DEU;osebni avtomobil;221;vecnamensko vozilo;S-MAX 
149;1545;8.1;0;VOLVO;FS4451;S60 / 2.0 / T;ävedska;SWE;osebni avtomobil;230;limuzina;S60 
150;2585;10.6;1;TOYOTA;J10HDJ100L-GNAEZW;LAND CRUISER 100 / 4.2 / D AUT.;Japonska ;JPN;osebni avtomobil;180;karavan;LAND CRUISER 100 
150;2585;10.6;1;TOYOTA;HDJ100L-GNAEZW(2G);LAND CRUISER 100 / 4.2 / D AUT.;Japonska ;JPN;osebni avtomobil;180;vecnamensko vozilo;LAND CRUISER 100 
150;2510;10.6;1;TOYOTA;HDJ100L-GNAEZW(2F);LAND CRUISER 100 / 4.2 / D AUT.;Japonska ;JPN;osebni avtomobil;170;karavan;LAND CRUISER 100 
150;1437;10.9;0;VOLKSWAGEN;SCAUEX11-SGQM62M001021NN;GOLF / V6 / 4M;Nemcija;DEU;osebni avtomobil;195;vozilo z dviûnimi vrati zadaj;GOLF 
150;1847;11.6;0;VOLKSWAGEN;AYLX1AFA8C-AM6QM62N0120GGR;SHARAN / V6 / 4M;Nemcija;DEU;osebni avtomobil;214;vecnamensko vozilo;SHARAN 
150;1473;11.8;0;VOLKSWAGEN;1J;GOLF / 2.8  I / 4MOTION;Nemcija;DEU;osebni avtomobil;235;vozilo z dviûnimi vrati zadaj;GOLF 
150;2525;12.6;1;TOYOTA;HDJ100L-GNPEZW;LAND CRUISER 100 / 4.2 / TD AUT.;Japonska ;JPN;osebni avtomobil;175;limuzina;LAND CRUISER 100 
150;1715;3.6;1;MERCEDES BENZ;R005P0-NZAA0521;C / 300 / HYBRID AUT.;Nemcija;DEU;osebni avtomobil;244;limuzina;C 
150;1765;3.8;1;MERCEDES BENZ;R205P0-NZAA0501;C / 300 / HYBRID;Nemcija;DEU;osebni avtomobil;238;karavan;C 
150;1845;4.1;1;MERCEDES BENZ;J00UM0-NZCCB501;E / 300 / BLUETEC HYBRID AUT;Nemcija;DEU;osebni avtomobil;242;limuzina;E 
150;1955;4.3;1;MERCEDES BENZ;J20UM0-NLCCB501;E / 300 / BLUETEC HYBRID AUT.;Nemcija;DEU;osebni avtomobil;232;karavan;E 
150;1845;4.3;1;MERCEDES BENZ;J00UM0-NZAAA501;E / 300 / BLUETEC  HYBRID AUT;Nemcija;DEU;osebni avtomobil;242;limuzina;E 
150;1645;4.3;1;MERCEDES BENZ;R304P0-CZAA0412;C / 250 / D AUT.;Nemcija;DEU;osebni avtomobil;247;kupe;C 
150;1845;4.4;1;AUDI;ADFBAQ1-QD7AD7CJ003RT031B18S57CPBEM1H56;A6 / AVANT 2.0 / TDI Q AUT.;Nemcija;DEU;osebni avtomobil;241;karavan;A6 
150;2015;4.4;1;MERCEDES BENZ;P005P0-NZAAB500;S / 300 / BLUETEC HYBRID AUT.;Nemcija;DEU;osebni avtomobil;240;limuzina;S 
150;1645;4.4;1;MERCEDES BENZ;R304P0-CZAA0401;C / 250 / d AUT.;Nemcija;DEU;osebni avtomobil;247;kupe;C 
150;1605;4.4;1;MERCEDES BENZ;K404P0-CZAAB212;SLK / 250 / D AUT.;Nemcija;DEU;osebni avtomobil;245;kabriolet;SLK 
150;1595;4.4;1;MERCEDES BENZ;R004P0-NZAAB573;C / 250 / BLUETEC AUT.;Nemcija;DEU;osebni avtomobil;247;limuzina;C 
150;1845;4.5;1;AUDI;ADFBAQ1-QD7AD7CJ003RT031B19S57CPBEM1H56;A6 / AVANT 2.0 / TDI Q AUT.;Nemcija;DEU;osebni avtomobil;241;karavan;A6 
150;1720;4.5;1;AUDI;LDFBAF1-FD7FD7CK0011BS57CPAEM1H36;A6 / 2.0 / TDI AUT.;Nemcija;DEU;osebni avtomobil;246;limuzina;A6 
150;1660;4.5;1;MERCEDES BENZ;R204P0-NZAAB501;C / 250 d / AUT.;Nemcija;DEU;osebni avtomobil;241;karavan;C 
150;2035;4.6;1;MERCEDES BENZ;P105P0-NZAA2502;S / 300 / BLUETEC Hybrid;Nemcija;DEU;osebni avtomobil;240;limuzina;S 
150;1800;4.6;1;MERCEDES BENZ;J004P0-CZCCB500;E / 250 / /  BLUETEC  AUT.;Nemcija;DEU;osebni avtomobil;245;limuzina;E 
150;1735;4.6;1;MERCEDES BENZ;L304P0-CZAAB412;E / 250 / BLUETEC AUT.;Nemcija;DEU;osebni avtomobil;250;kupe;E 
150;1660;4.6;1;MERCEDES BENZ;R204P0-NZAAB521;C / 250 T / BLUETEC AUT.;Nemcija;DEU;osebni avtomobil;241;karavan;C 
150;1595;4.6;1;MERCEDES BENZ;R004P0-CZAA0532;C / 250 / d AUT.;Nemcija;DEU;osebni avtomobil;250;limuzina;C 
150;1785;4.7;1;AUDI;ADFBAF1-FD7FD7CK0011BS57CPAEM1H46;A6 / AVANT 2.0 / TDI AUT.;Nemcija;DEU;osebni avtomobil;241;karavan;A6 
150;1815;4.7;1;MERCEDES BENZ;G304P0-CZCA0404;CLS / 250 / d AUT.;Nemcija;DEU;osebni avtomobil;242;limuzina;CLS 
150;1710;4.7;1;MERCEDES BENZ;R204P1-CLAZ0521-;C / 250 T / d 4-MATIC AUT.;Nemcija;DEU;osebni avtomobil;237;karavan;C 
150;1660;4.7;1;MERCEDES BENZ;R204P0-NZAAB574;C / 250 T / BLUETEC AUT.;Nemcija;DEU;osebni avtomobil;241;karavan;C 
150;1915;4.8;1;MERCEDES BENZ;J204P0-CZCCB504;E / 250 T / BLUETEC;Nemcija;DEU;osebni avtomobil;236;karavan;E 
150;1685;4.8;1;MERCEDES BENZ;R304P1-CLAZ0474;C / 250 / d 4-MATIC AUT.;Nemcija;DEU;osebni avtomobil;241;kupe;C 
150;1660;4.8;1;MERCEDES BENZ;R204P0-CZAA0572;C / 250 D;Nemcija;DEU;osebni avtomobil;245;karavan;C 
150;1660;4.8;1;MERCEDES BENZ;R004P1-CLAA0572;C / 250 / d 4-MATIC AUT.;Nemcija;DEU;osebni avtomobil;242;limuzina;C 
150;1660;4.8;1;MERCEDES BENZ;R204P0-NZAAB572;C / 250 T / D AUT.;Nemcija;DEU;osebni avtomobil;241;karavan;C 
150;1660;4.8;1;MERCEDES BENZ;R004P1-NLAAB531;C / 250 / BLUETEC 4- MATIC AUT.;Nemcija;DEU;osebni avtomobil;240;limuzina;C 
150;1785;4.9;1;AUDI;ADFBAF1-FD7FD7CK001RT031B18S57CPAEM1H46;A6 / AVANT 2.0 / TDI AUT.;Nemcija;DEU;osebni avtomobil;241;karavan;A6 
150;1720;4.9;1;AUDI;LDFBAF1-FD7FD7CK001RT031B18S57CPAEM1H36;A6 / 2.0 / TDI AUT.;Nemcija;DEU;osebni avtomobil;246;limuzina;A6 
150;1695;4.9;1;AUDI;SCLABF1-FAVAW012RB8TCS47MGEM1;A5 / 3.0 / TDI AUT.;Nemcija;DEU;osebni avtomobil;235;vozilo z dviûnimi vrati zadaj;A5 
150;1640;4.9;1;AUDI;CCLABF1-FAVAW012RB8T2S47MGEM1;A5 / 3.0 / TDI AUT.;Nemcija;DEU;osebni avtomobil;235;kupe;A5 
150;1885;4.9;1;MERCEDES BENZ;G204P0-CZCC0504;CLS / 250 // d AUT.;Nemcija;DEU;osebni avtomobil;235;karavan;CLS 
150;1845;4.9;1;MERCEDES BENZ;L4SBM0-NZBBB411;E / 250 / CDI AUT.;Nemcija;DEU;osebni avtomobil;243;kabriolet;E 
150;1775;4.9;1;MERCEDES BENZ;J0SBM0-NZCCB501;E / 250 / CDI AUT.;Nemcija;DEU;osebni avtomobil;242;limuzina;E 
150;1770;4.9;1;MERCEDES BENZ;R404P0-CZAA0472;C / 250 / d AUT.;Nemcija;DEU;osebni avtomobil;243;kabriolet;C 
150;1735;4.9;1;MERCEDES BENZ;L304P0-IZAAB412;E / 250 BLUETEC;Nemcija;DEU;osebni avtomobil;250;kupe;E 
150;1735;4.9;1;MERCEDES BENZ;L3SBM0-NZBBB412;E / 250 / CDI AUT.;Nemcija;DEU;osebni avtomobil;247;kupe;E 
150;1735;4.9;1;MERCEDES BENZ;J0SBM0-NZAAA500;E / 250 / CDI AUT.;Nemcija;DEU;osebni avtomobil;242;limuzina;E 
150;1710;4.9;1;MERCEDES BENZ;R204P1-CLAA0572;C / 250 T / d 4-MATIC AUT.;Nemcija;DEU;osebni avtomobil;237;karavan;C 
150;1675;4.9;1;MERCEDES BENZ;H2SBM0-IZAAA500;C / 250 T / CDI;Nemcija;DEU;osebni avtomobil;238;karavan;C 
150;1660;4.9;1;MERCEDES BENZ;R204P0-NZAA0574;C / 250 T / d AUT.;Nemcija;DEU;osebni avtomobil;241;karavan;C 
150;1770;5.1;1;AUDI;SCLABF1-FAVAW008R4G70S47MGEM2;A7 / 3.0 / TDI AUT.;Nemcija;DEU;osebni avtomobil;235;vozilo z dviûnimi vrati zadaj;A7 
150;1720;5.1;1;AUDI;LCLABF1-FAVAW008R4G60S57MGEM2;A6 / 3.0 / TDI AUT.;Nemcija;DEU;osebni avtomobil;240;limuzina;A6 
150;1715;5.1;1;AUDI;ACLABF1-FAVAW012RB8K3S57MJEM1;A4 AVANT / 3.0 / TDI AUT.;Nemcija;DEU;osebni avtomobil;230;karavan;A4 AVANT 
150;1670;5.1;1;AUDI;SCLABF1-FM6B1010RB8T2S47MJEM1;A5 / 3.0 / TDI;Nemcija;DEU;osebni avtomobil;240;vozilo z dviûnimi vrati zadaj;A5 
150;1875;5.1;1;MERCEDES BENZ;J004P1-NZCCB500;E / 250 / BLUETEC 4-MATIC AUT.;Nemcija;DEU;osebni avtomobil;238;limuzina;E 
150;1785;5.1;1;MERCEDES BENZ;G3S3M0-NZAAB400;CLS / 250 / CDI AUT.;Nemcija;DEU;osebni avtomobil;242;limuzina;CLS 
150;1710;5.1;1;MERCEDES BENZ;R204P1-NLAAB573;C / 250 T / BLUETEC 4-MATIC AUT.;Nemcija;DEU;osebni avtomobil;235;karavan;C 
150;1695;5.1;1;MERCEDES BENZ;L303M0-IZAAA400;E / 250 / CDI;Nemcija;DEU;osebni avtomobil;250;kupe;E 
150;1675;5.1;1;MERCEDES BENZ;H2S3M0-NZAAA500;C / 250 T / CDI AUT.;Nemcija;DEU;osebni avtomobil;237;karavan;C 
150;1660;5.1;1;MERCEDES BENZ;H3S3M0-NZAAA402;C / 250 / CDI AUT.;Nemcija;DEU;osebni avtomobil;240;kupe;C 
150;1615;5.1;1;MERCEDES BENZ;H003M0-IZBBA500;C / 250 / CDI;Nemcija;DEU;osebni avtomobil;240;limuzina;C 
150;1780;5.2;1;AUDI;ACLABF1-FAVAW008R4G61S57MJEM2;A6 / AVANT 3.0 / TDI AUT.;Nemcija;DEU;osebni avtomobil;230;karavan;A6 
150;1720;5.2;1;AUDI;LCLABF1-FAVAW008R4G607MGEM2;A6 / 3.0 / TDI AUT.;Nemcija;DEU;osebni avtomobil;240;limuzina;A6 
150;1720;5.2;1;AUDI;LCLABF1-FAVAW008R4G607MGEM2;A6 / 3.0 / TDI AUT.;Nemcija;DEU;osebni avtomobil;240;vozilo za posebne namene;A6 
150;1681;5.2;1;AUDI;L2DTPAF1-FD7FD7CK006RT011B18S54BIAEM1CD1;A4 / 2.0 / TDI AUT.;Nemcija;DEU;osebni avtomobil;210;limuzina;A4 
150;1495;5.2;1;BMW;UH11-A5;123 / / d;Nemcija;DEU;osebni avtomobil;238;karavan;123
150;1485;5.2;1;BMW;UK11-AA;123 / / d;Nemcija;DEU;osebni avtomobil;238;karavan;123
150;1905;5.2;1;MERCEDES BENZ;J204P0-IZCCB504;E / 250 / BLUETEC;Nemcija;DEU;osebni avtomobil;232;karavan;E 
150;1785;5.2;1;MERCEDES BENZ;G3S3M0-NZAAB401;CLS / 250 / CDI AUT.;Nemcija;DEU;osebni avtomobil;242;limuzina;CLS 
150;1710;5.2;1;MERCEDES BENZ;R204P1-NLAAB572;C / 250 T / d 4-MATIC AUT.;Nemcija;DEU;osebni avtomobil;235;karavan;C 
150;1675;5.2;1;MERCEDES BENZ;H2S3M0-NZAAA502;C / 250 T / CDI AUT.;Nemcija;DEU;osebni avtomobil;237;karavan;C 
150;1645;5.2;1;MERCEDES BENZ;H003M0-IZAAA500;C / 250 / CDI;Nemcija;DEU;osebni avtomobil;246;limuzina;C 
150;1785;5.3;1;AUDI;ADFBAF1-FD7FD7CK001RT031B18S57CPAEM1H46;A6 / AVANT 2.0 / TDI AUT.;Nemcija;DEU;osebni avtomobil;241;karavan;A6 
150;1766;5.3;1;AUDI;A2DTPAQ1-QD7AD7CJ003RT011B17S54BIAEM10D1;A4 / AVANT 2.0 / TDI Q AUT.;Nemcija;DEU;osebni avtomobil;210;karavan;A4 
150;1765;5.3;1;AUDI;ACLABF1-FM6B1009R4G60S57MJEM2;A6 / AVANT 3.0 / TDI;Nemcija;DEU;osebni avtomobil;232;karavan;A6 
150;1700;5.3;1;AUDI;LCLABF1-FM6B1009R4G61S57MJEM2;A6 / 3.0 / TDI;Nemcija;DEU;osebni avtomobil;242;limuzina;A6 
150;1955;5.3;1;MERCEDES BENZ;J204P1-NZCCB500;E / 250 T / BLUETEC 4-MATIC AUT.;Nemcija;DEU;osebni avtomobil;230;karavan;E 
150;1875;5.3;1;MERCEDES BENZ;J004F1-NZCCB541;E / 250 / BLUETEC 4-MATIC AUT.;Nemcija;DEU;osebni avtomobil;238;limuzina;E 
150;1875;5.3;1;MERCEDES BENZ;G304P1-NZCCB404;CLS / 250 / d 4-MATIC AUT.;Nemcija;DEU;osebni avtomobil;236;limuzina;CLS 
150;1865;5.3;1;MERCEDES BENZ;G2SBM0-NZAAA500;CLS / 250 / CDI AUT.;Nemcija;DEU;osebni avtomobil;235;karavan;CLS 
150;1785;5.3;1;MERCEDES BENZ;G3SBM0-NZAAA402;CLS / 250 / CDI AUT.;Nemcija;DEU;osebni avtomobil;242;limuzina;CLS 
150;1735;5.3;1;MERCEDES BENZ;J0S3M0-NZAAA502;E / 250 / CDI AUT.;Nemcija;DEU;osebni avtomobil;242;limuzina;E 
150;1735;5.3;1;MERCEDES BENZ;J003M0-IZAAA500;E / 250 / CDI;Nemcija;DEU;osebni avtomobil;240;limuzina;E 
150;1700;5.3;1;MERCEDES BENZ;L3S3M0-IZAAA422;E / 250 / CDI;Nemcija;DEU;osebni avtomobil;250;kupe;E 
150;1675;5.3;1;MERCEDES BENZ;H2S3M0-NZAAA573;C / 250 T / CDI AUT.;Nemcija;DEU;osebni avtomobil;237;karavan;C 
150;1615;5.3;1;MERCEDES BENZ;H0SBM0-IZAAA573;C / 250 / CDI;Nemcija;DEU;osebni avtomobil;240;limuzina;C 
150;1615;5.3;1;PEUGEOT;8D4HLA;508 / 2.2 / HDI AUT.;Francija;FRA;osebni avtomobil;234;limuzina;508
150;1715;5.4;1;AUDI;LDTPAF1-FD7FD7CK001RT031B17S54BIAEM1H36FSD1;A6 / 2.0 / TDI AUT.;Nemcija;DEU;osebni avtomobil;246;limuzina;A6 
150;2075;5.4;1;MERCEDES BENZ;A204P0-CZCAC503;GLE / 250 / d AUT.;Nemcija;DEU;osebni avtomobil;210;karavan;GLE 
150;1955;5.4;1;MERCEDES BENZ;J204P1-NZCC0504;E / 250 T / BLUETEC 4-MATIC AUT.;Nemcija;DEU;osebni avtomobil;230;karavan;E 
150;1845;5.4;1;MERCEDES BENZ;J0SBM1-NZCCB500;E / 250 / 4-MATIC CDI AUT.;Nemcija;DEU;osebni avtomobil;238;limuzina;E 
150;1845;5.4;1;MERCEDES BENZ;R804P1-CZAA0514;GLC / 250 d / 4-MATIC AUT.;Nemcija;DEU;osebni avtomobil;222;vozilo z dviûnimi vrati zadaj;GLC 
150;1845;5.4;1;MERCEDES BENZ;R704P1-CZAA0502;GLC / 250 d / 4-MATIC AUT.;Nemcija;DEU;osebni avtomobil;222;karavan;GLC 
150;1695;5.4;1;MERCEDES BENZ;L303M0-IZAAA401;E / 250 / CDI;Nemcija;DEU;osebni avtomobil;250;kupe;E 
150;1675;5.4;1;MERCEDES BENZ;H0S3M1-NZABA500;C / 250 / CDI 4-MATIC AUT.;Nemcija;DEU;osebni avtomobil;240;limuzina;C 
150;1615;5.4;1;MERCEDES BENZ;H003M0-IZBBA502;C / 250 / CDI;Nemcija;DEU;osebni avtomobil;240;limuzina;C 
150;1720;5.5;1;AUDI;LDFBAF1-FD7FD7CK001RT031B18S54BFAEM1H360FS;A6 / 2.0 / TDI AUT.;Nemcija;DEU;osebni avtomobil;246;limuzina;A6 
150;1885;5.5;1;MERCEDES BENZ;J2SBM0-NZCCB502;E / 250 T / CDI;Nemcija;DEU;osebni avtomobil;232;karavan;E 
150;1845;5.5;1;MERCEDES BENZ;J2SBM0-NZAAB502;E / 250 / CDI;Nemcija;DEU;osebni avtomobil;232;karavan;E 
150;1845;5.5;1;MERCEDES BENZ;R704P1-CZAZ0534;GLC / 250 d / 4-MATIC;Nemcija;DEU;osebni avtomobil;222;karavan;GLC 
150;1735;5.5;1;MERCEDES BENZ;H2S3M1-NZAAA500;C / 250 T / CDI 4-MATIC AUT.;Nemcija;DEU;osebni avtomobil;235;karavan;C 
150;1675;5.5;1;MERCEDES BENZ;H0S3M1-NZABA502;C / 250 / CDI 4-MATIC AUT.;Nemcija;DEU;osebni avtomobil;240;limuzina;C 
150;1675;5.5;1;MERCEDES BENZ;H203M0-IZAAA501;C / 250 T / CDI;Nemcija;DEU;osebni avtomobil;238;karavan;C 
150;1735;5.5;1;PEUGEOT;8E4HLA;508 / BREAK 2.2 / HDI AUT.;Francija;FRA;osebni avtomobil;232;karavan;508
150;1868;5.6;1;AUDI;LDTPAQ1-QD7AD7CJ003031B19S54BIAEM1H46FSD1;A6 / 2.0 / TDI Q AUT.;Nemcija;DEU;osebni avtomobil;246;limuzina;A6 
150;1792;5.6;1;AUDI;S2DTPAQ1-QD7AD7CJ003RT171E19S54BIAEM10D1;A5 / 2.0 / TDI Q AUT.;Nemcija;DEU;osebni avtomobil;242;vozilo z dviûnimi vrati zadaj;A5 
150;1780;5.6;1;AUDI;LDTPAQ1-QD7AD7CJ003RT031B18S54BIAEM1H46FSD1;A6 / 2.0 / TDI Q AUT.;Nemcija;DEU;osebni avtomobil;246;limuzina;A6 
150;1720;5.6;1;AUDI;LDFBAF1-FD7FD7CK0011BS57CPAEM1H36;A6 / 2.0 / TDI AUT.;Nemcija;DEU;osebni avtomobil;246;limuzina;A6 
150;1495;5.6;1;BMW;UH11-AL;123 / / D AUT.;Nemcija;DEU;osebni avtomobil;236;karavan;123
150;1955;5.6;1;MERCEDES BENZ;J204P1-NZCCB504;E / 250 T / BLUETEC 4-MATIC AUT.;Nemcija;DEU;osebni avtomobil;230;karavan;E 
150;1955;5.6;1;MERCEDES BENZ;G204P1-NZCCB500;CLS / 250 / D 4-MATIC AUT.;Nemcija;DEU;osebni avtomobil;229;karavan;CLS 
150;1840;5.6;1;MERCEDES BENZ;J0S3M1-NZBAB500;E / 250 / 4-MATIC CDI AUT.;Nemcija;DEU;osebni avtomobil;238;limuzina;E 
150;1859;5.7;1;AUDI;ADTPAF1-FD7FD7CK001RT031B19S54BIAEM1H46FSD1;A6 / AVANT 2.0 / TDI AUT.;Nemcija;DEU;osebni avtomobil;241;karavan;A6 
150;1795;5.7;1;AUDI;LCLAAQ1-QD7B5027R4G71S57MGEM2;A6 / 3.0 / TDI Q AUT.;Nemcija;DEU;osebni avtomobil;240;limuzina;A6 
150;1785;5.7;1;AUDI;S2DTPAQ1-QD7AD7CJ003RT181E20S54BIBEM10D1;A5 / 2.0 / TDI Q AUT.;Nemcija;DEU;osebni avtomobil;242;vozilo z dviûnimi vrati zadaj;A5 
150;1785;5.7;1;AUDI;ADFBAF1-FD7FD7CK001RT031B17S54BFAEM1H460FS;A6 / AVANT 2.0 / TDI AUT.;Nemcija;DEU;osebni avtomobil;241;karavan;A6 
150;1775;5.7;1;AUDI;SDFBAF1-FD7FD7CK001RT061B19S57CPAEM1H46;A7 / 2.0 / TDI AUT.;Nemcija;DEU;osebni avtomobil;245;vozilo z dviûnimi vrati zadaj;A7 
150;1720;5.7;1;AUDI;LDFBAF1-FD7FD7CK0011BS57CPAEM1H36;A6 / 2.0 / TDI AUT.;Nemcija;DEU;osebni avtomobil;246;limuzina;A6 
150;1540;5.7;1;BMW;ED91-31;330 / / D;Nemcija;DEU;osebni avtomobil;227;limuzina;330
150;2165;5.7;1;MERCEDES BENZ;A204P1-CZCAC5D3;GLE / 250 / d 4-MATIC AUT.;Nemcija;DEU;osebni avtomobil;210;karavan;GLE 
150;2160;5.7;1;MERCEDES BENZ;A204P1-CZCCA503;GLE / 250 / d 4-MATIC AUT.;Nemcija;DEU;osebni avtomobil;210;karavan;GLE 
150;2045;5.7;1;MERCEDES BENZ;I1S3M0-NZAAB500;S / 250 / CDI AUT.;Nemcija;DEU;osebni avtomobil;240;limuzina;S 
150;1970;5.7;1;MERCEDES BENZ;I0S3M0-NZAAA500;S / 250 / CDI AUT.;Nemcija;DEU;osebni avtomobil;240;limuzina;S 
150;1955;5.7;1;MERCEDES BENZ;J2SBM1-NZCCB500;E / 250 T / 4-MATIC CDI AUT.;Nemcija;DEU;osebni avtomobil;230;karavan;E 
150;1955;5.7;1;MERCEDES BENZ;G204P1-NZCCB524;CLS / 250 / d 4-MATIC AUT.;Nemcija;DEU;osebni avtomobil;229;karavan;CLS 
150;1845;5.7;1;MERCEDES BENZ;J0SBM1-NZCCB501;E / 250 / 4-MATIC CDI AUT.;Nemcija;DEU;osebni avtomobil;238;limuzina;E 
150;1810;5.7;1;MERCEDES BENZ;MB211K-V226F0SFAAA512;E / 320 / CDI AUT.;Nemcija;DEU;osebni avtomobil;234;karavan;E 
150;1735;5.7;1;MERCEDES BENZ;H2S3M1-NZAAA502;C / 250 T / CDI 4-MATIC AUT.;Nemcija;DEU;osebni avtomobil;235;karavan;C 
150;1615;5.7;1;PEUGEOT;8D4HLA;508 / 2.2 / HDI AUT.;Francija;FRA;osebni avtomobil;234;limuzina;508
150;1931;5.8;1;AUDI;ADTPAQ1-QD7AD7CJ003RT031B19S54BIBEM1H560FS0;A6 / AVANT 2.0 / TDI Q AUT.;Nemcija;DEU;osebni avtomobil;241;karavan;A6 
150;1865;5.8;1;AUDI;ACLAAQ1-QD7B5027R4G60S57MJEM2;A6 / AVANT 3.0 / TDI Q AUT.;Nemcija;DEU;osebni avtomobil;230;karavan;A6 
150;1860;5.8;1;AUDI;SCLAAQ1-QD7B5027R4G70S57MGEM2;A7 / 3.0 / TDI Q AUT.;Nemcija;DEU;osebni avtomobil;235;vozilo z dviûnimi vrati zadaj;A7 
150;1785;5.8;1;AUDI;ADFBAF1-FD7FD7CK001RT031B17S57CPAEM1H46;A6 / AVANT 2.0 / TDI AUT.;Nemcija;DEU;osebni avtomobil;241;karavan;A6 
150;1775;5.8;1;AUDI;SDFBAF1-FD7FD7CK0011BS57CPAEM1H46;A7 / 2.0 / TDI AUT.;Nemcija;DEU;osebni avtomobil;245;vozilo z dviûnimi vrati zadaj;A7 
150;1720;5.8;1;AUDI;H2DTPAQ1-QD7AD7CJ003RT141E18S54BIBEM10D1;A4 ALLROAD QUATTRO / 2.0 / TDI Q AUT.;Nemcija;DEU;osebni avtomobil;232;karavan;A4 ALLROAD QUATTRO 
150;1665;5.8;1;BMW;UX91-5A;325 / TOURING / d;Nemcija;DEU;osebni avtomobil;240;karavan;325
150;2160;5.8;1;MERCEDES BENZ;A204P1-NZAAB500;ML / 250 / BLUETEC 4-MATIC AUT.;Nemcija;DEU;osebni avtomobil;210;karavan;ML 
150;2150;5.8;1;MERCEDES BENZ;A204P1-NZAAD500;ML / 250 / BLUETEC 4-MATIC AUT.;Nemcija;DEU;osebni avtomobil;210;karavan;ML 
150;1840;5.8;1;MERCEDES BENZ;J0S3M1-NZBAA501;E / 250 / 4-MATIC CDI AUT.;Nemcija;DEU;osebni avtomobil;238;limuzina;E 
150;1735;5.8;1;MERCEDES BENZ;J003M0-SZAAA500;E / 250 / CDI AUT.;Nemcija;DEU;osebni avtomobil;240;limuzina;E 
150;1910;5.9;1;AUDI;ADTPAF1-FD7FD7CK001031C20S54BIBEM1H46FSD1;A6 / AVANT 2.0 / TDI AUT.;Nemcija;DEU;osebni avtomobil;241;karavan;A6 
150;1887;5.9;1;AUDI;ADFBAF1-FD7FD7CK0011BS57CPAEM1H46;A6 / AVANT 2.0 / TDI AUT.;Nemcija;DEU;osebni avtomobil;241;karavan;A6 
150;1780;5.9;1;AUDI;LDFBAQ1-QD7AD7CJ003RT031B17S57CPAEM1H46;A6 / 2.0 / TDI Q AUT.;Nemcija;DEU;osebni avtomobil;246;limuzina;A6 
150;1720;5.9;1;AUDI;LDFBAF1-FD7FD7CK001RT031C20S54BFAEM1H360FS;A6 / 2.0 / TDI AUT.;Nemcija;DEU;osebni avtomobil;246;limuzina;A6 
150;1720;5.9;1;AUDI;H2DTPAQ1-QD7AD7CJ003RT141E18S54BIBEM10D1;A4 ALLROAD QUATTRO / 2.0 / TDI Q AUT.;Nemcija;DEU;osebni avtomobil;232;karavan;A4 ALLROAD QUATTRO 
150;1735;5.9;1;CITROEN;RD4HLA;C5 III / 2.2 / Hdi AUT.;Francija;FRA;osebni avtomobil;230;limuzina;C5 III 
150;2170;5.9;1;MERCEDES BENZ;A204P1-CZCAA504;GLE / 250 / d 4-MATIC AUT.;Nemcija;DEU;osebni avtomobil;210;karavan;GLE 
150;2165;5.9;1;MERCEDES BENZ;A204P1-CZCAC5D2;GLE / 250 / d 4-MATIC AUT.;Nemcija;DEU;osebni avtomobil;210;karavan;GLE 
150;2165;5.9;1;MERCEDES BENZ;A204P1-CZCAC5D2;GLE / 250 / d 4-MATIC AUT.;Nemcija;DEU;osebni avtomobil;210;vozilo za posebne namene;GLE 
150;2160;5.9;1;MERCEDES BENZ;A204P1-CZCCA504;GLE / 250 / d 4-MATIC AUT.;Nemcija;DEU;osebni avtomobil;210;karavan;GLE 
150;2150;5.9;1;MERCEDES BENZ;A204P1-CZCCC5D2;GLE / 250 / d 4-MATIC AUT.;Nemcija;DEU;osebni avtomobil;210;karavan;GLE 
150;2076;5.9;1;MERCEDES BENZ;J2SBM1-NZCCB501;E / 250 T / 4-MATIC CDI AUT.;Nemcija;DEU;osebni avtomobil;230;karavan;E 
150;1875;5.9;1;MERCEDES BENZ;R804P1-CZAA053A;GLC / 250 d / 4-MATIC AUT.;Nemcija;DEU;osebni avtomobil;222;vozilo z dviûnimi vrati zadaj;GLC 
150;1855;5.9;1;MERCEDES BENZ;R704P1-CZAA050A;GLC / 250 d / 4-MATIC AUT.;Nemcija;DEU;osebni avtomobil;222;karavan;GLC 
150;1735;5.9;1;MERCEDES BENZ;J003M0-SZAAA501;E / 250 / CDI AUT.;Nemcija;DEU;osebni avtomobil;240;limuzina;E 
150;1690;5.9;1;MERCEDES BENZ;L303M0-SZAAA401;E / 250 / CDI AUT.;Nemcija;DEU;osebni avtomobil;247;kupe;E 
150;1735;5.9;1;PEUGEOT;8E4HLA;508 / BREAK 2.2 / HDI AUT.;Francija;FRA;osebni avtomobil;232;karavan;508
150;1930;6.1;1;AUDI;HCLAAQ1-QD7B5042R4GH1S57MJEM2;A6 ALLROAD QUATTRO / 3.0 / TDI AUT.;Nemcija;DEU;osebni avtomobil;223;karavan;A6 ALLROAD QUATTRO 
150;1845;6.1;1;AUDI;ADFBAQ1-QD7AD7CJ003RT031B19S57CPBEM1H56;A6 / AVANT 2.0 / TDI Q AUT.;Nemcija;DEU;osebni avtomobil;241;karavan;A6 
150;1780;6.1;1;AUDI;LDFBAQ1-QD7AD7CJ003RT031C20S57CPBEM1H46;A6 / 2.0 / TDI Q AUT.;Nemcija;DEU;osebni avtomobil;246;limuzina;A6 
150;1780;6.1;1;BMW;FW31-5B;525 / / d AUT.;Nemcija;DEU;osebni avtomobil;236;limuzina;525
150;1842;6.1;1;CITROEN;RW4HLA;C5 III / TOURER 2.2 / Hdi AUT.;Francija;FRA;osebni avtomobil;225;karavan;C5 III 
150;2160;6.1;1;MERCEDES BENZ;A204P1-NZAAB501;ML / 250 / BLUETEC 4-MATIC AUT.;Nemcija;DEU;osebni avtomobil;210;karavan;ML 
150;2150;6.1;1;MERCEDES BENZ;A204P1-NZAAD501;ML / 250 / BLUETEC 4-MATIC AUT.;Nemcija;DEU;osebni avtomobil;210;karavan;ML 
150;1940;6.1;1;MERCEDES BENZ;J2S3M1-NZAAA501;E / 250 T / 4-MATIC CDI AUT.;Nemcija;DEU;osebni avtomobil;232;karavan;E 
150;1940;6.1;1;MERCEDES BENZ;J2S3M1-NZAAA501;E / 250 T / 4-MATIC CDI AUT.;Nemcija;DEU;osebni avtomobil;230;karavan;E 
150;1925;6.1;1;MERCEDES BENZ;H704P1-NZAAB500;GLK / 250 BLUETEC / 4-MATIC AUT.;Nemcija;DEU;osebni avtomobil;210;karavan;GLK 
150;1735;6.1;1;MERCEDES BENZ;J003M0-SZAAA501;E / 250 / CDI AUT.;Nemcija;DEU;osebni avtomobil;240;limuzina;E 
150;1675;6.1;1;MERCEDES BENZ;H203M0-SZAAA500;C / 250 T / CDI AUT.;Nemcija;DEU;osebni avtomobil;237;karavan;C 
150;1845;6.2;1;AUDI;ADFBAQ1-QD7AD7CJ003RT031B18S57CPBEM1H56;A6 / AVANT 2.0 / TDI Q AUT.;Nemcija;DEU;osebni avtomobil;241;karavan;A6 
150;1845;6.2;1;BMW;MX31-5B;525 / TOURING / d AUT.;Nemcija;DEU;osebni avtomobil;230;karavan;525
150;1765;6.2;1;BMW;FW31-5A;525 / / d;Nemcija;DEU;osebni avtomobil;236;limuzina;525
150;1680;6.2;1;BMW;UX91-5B;325 / TOURING / d AUT.;Nemcija;DEU;osebni avtomobil;238;karavan;325
150;1438;6.2;0;KIA;CDBAP41-D73F11;PROCEED / 1.6 / T / AUT.;Slovaöka;SVK;osebni avtomobil;225;vozilo z dviûnimi vrati zadaj;PROCEED 
150;1417;6.2;0;KIA;CDBCP41-D75H11;XCEED / 1.6 / T / AUT.;Slovaöka;SVK;osebni avtomobil;220;vozilo z dviûnimi vrati zadaj;XCEED 
150;1413;6.2;0;KIA;CDBBP41-D73F11;CEED / 1.6 / T / AUT.;Slovaöka;SVK;osebni avtomobil;225;vozilo z dviûnimi vrati zadaj;CEED 
150;2160;6.2;1;MERCEDES BENZ;A204P1-NZAAB524;ML / 250 / BLUETEC 4-MATIC AUT.;Nemcija;DEU;osebni avtomobil;210;karavan;ML 
150;2150;6.2;1;MERCEDES BENZ;A204P1-NZAAD522;ML / 250 / BLUETEC 4-MATIC AUT.;Nemcija;DEU;osebni avtomobil;210;karavan;ML 
150;1925;6.2;1;MERCEDES BENZ;H704P1-NZAAA501;GLK / 250 CDI / BLUETEC 4-MATIC AUT.;Nemcija;DEU;osebni avtomobil;210;karavan;GLK 
150;1875;6.2;1;MERCEDES BENZ;R804P1-CZAA051A;GLC / 250 d / 4-MATIC AUT.;Nemcija;DEU;osebni avtomobil;222;vozilo z dviûnimi vrati zadaj;GLC 
150;1855;6.2;1;MERCEDES BENZ;R704P1-CZAA053A;GLC / 250 d / 4-MATIC AUT.;Nemcija;DEU;osebni avtomobil;222;karavan;GLC 
150;1845;6.2;1;MERCEDES BENZ;J203M0-SZAAA502;E / 250 T / CDI AUT.;Nemcija;DEU;osebni avtomobil;230;karavan;E 
150;1735;6.2;1;MERCEDES BENZ;J003M0-SZAAA502;E / 250 / CDI AUT.;Nemcija;DEU;osebni avtomobil;240;limuzina;E 
150;2002;6.2;1;VOLKSWAGEN;GCXEB308X0-LNFD7BT0117NVR27MMG02L64281;TRANSPORTER / 2.0 / TDI AUT.;Nemcija;DEU;osebni avtomobil;203;vecnamensko vozilo;TRANSPORTER 
150;1880;6.3;1;AUDI;XDTPAQ1-QD7AD7CJ002RT51B184BIAEM1FSD1;Q5 / 2.0 / TDI Q AUT.;Nemcija;DEU;osebni avtomobil;222;karavan;Q5 
150;1845;6.3;1;AUDI;ADFBAQ1-QD7AD7CJ003RT031C20S54BFBEM1H560FS;A6 / AVANT 2.0 / TDI Q AUT.;Nemcija;DEU;osebni avtomobil;241;karavan;A6 
150;1835;6.3;1;AUDI;SDFBAQ1-QD7AD7CJ003RT061C21S54BFBEM1H560FS;A7 / 2.0 / TDI Q AUT.;Nemcija;DEU;osebni avtomobil;245;vozilo z dviûnimi vrati zadaj;A7 
150;1670;6.3;1;BMW;VP51-5S;X1 / X DRIVE 23 / D AUT.;Nemcija;DEU;osebni avtomobil;223;karavan;X1 
150;1670;6.3;1;BMW;VP51-5B;X1 / xDrive 23 / d AUT.;Nemcija;DEU;osebni avtomobil;205;karavan;X1 
150;2160;6.3;1;MERCEDES BENZ;A204P1-NZAAB501;ML / 250 / BLUETEC 4-MATIC AUT.;Nemcija;DEU;osebni avtomobil;210;karavan;ML 
150;2150;6.3;1;MERCEDES BENZ;A204P1-NZAAD501;ML / 250 / BLUETEC 4-MATIC AUT.;Nemcija;DEU;osebni avtomobil;210;karavan;ML 
150;2150;6.3;1;MERCEDES BENZ;A204P1-NZAAC501;ML / 250 / BLUETEC 4-MATIC AUT.;Nemcija;DEU;osebni avtomobil;210;vozilo za posebne namene;ML 
150;1820;6.3;1;MERCEDES BENZ;J003M1-NZAAB500;E / 250 / 4-MATIC CDI AUT.;Nemcija;DEU;osebni avtomobil;238;limuzina;E 
150;2093;6.3;1;VOLKSWAGEN;MCXEB308X0-NNFD7BT0117NVR27MMG02L64272;MULTIVAN / 2.0 / TDI AUT.;Nemcija;DEU;osebni avtomobil;203;karavan;MULTIVAN 
150;1971;6.4;1;AUDI;XDTPAQ1-QD7AD7CJ002RT51B184BIAEM1FSD1;Q5 / 2.0 / TDI Q AUT.;Nemcija;DEU;osebni avtomobil;222;karavan;Q5 
150;1845;6.4;1;AUDI;ADFBAQ1-QD7AD7CJ003RT031C20S57CPBEM1H56;A6 / AVANT 2.0 / TDI Q AUT.;Nemcija;DEU;osebni avtomobil;241;karavan;A6 
150;1830;6.4;1;BMW;DY51-5B;325 / CABRIO / d AUT.;Nemcija;DEU;osebni avtomobil;236;kabriolet;325
150;1690;6.4;1;MERCEDES BENZ;L303M0-SZAAA412;E / 250 / CDI AUT.;Nemcija;DEU;osebni avtomobil;247;kupe;E 
150;2043;6.4;1;VOLKSWAGEN;GCXEB308X1-NNAD7BT0117NVR27MMG02L64291;TRANSPORTER / 2.0 / TDI 4M AUT.;Nemcija;DEU;osebni avtomobil;199;vecnamensko vozilo;TRANSPORTER 
150;1855;6.44;1;MERCEDES BENZ;R704P1-CZAA053A;GLC / 250 d / 4-MATIC AUT.;Nemcija;DEU;osebni avtomobil;222;karavan;GLC 
150;1949;6.5;1;AUDI;SDTPAQ1-QD7AD7CJ002RT51C194BIBEM1FSD1C;Q5 SPORTBACK / 2.0 / TDI Q AUT.;Nemcija;DEU;osebni avtomobil;222;vozilo z dviûnimi vrati zadaj;Q5 SPORTBACK 
150;1880;6.5;1;AUDI;XDTPAQ1-QD7AD7CJ002RT51C194BIAEM1FSD1;Q5 / 2.0 / TDI Q AUT.;Nemcija;DEU;osebni avtomobil;222;karavan;Q5 
150;1991;6.5;1;JAGUAR;DC-HTBDC0-50CB010;F-PACE / 2.0 / D200 MHEV AWD AUT.;Zdruûeno kraljestvo;GBR;osebni avtomobil;210;karavan;F-PACE 
150;1417;6.5;0;KIA;CDBCP41-D75H11;XCEED / 1.6 / T / AUT.;Slovaöka;SVK;osebni avtomobil;220;vozilo z dviûnimi vrati zadaj;XCEED 
150;2160;6.5;1;MERCEDES BENZ;A204P1-NZAAB532;ML / 250 / BLUETEC 4-MATIC AUT.;Nemcija;DEU;osebni avtomobil;210;karavan;ML 
150;2150;6.5;1;MERCEDES BENZ;A204P1-NZAAC502;ML / 250 / BLUETEC 4-MATIC AUT.;Nemcija;DEU;osebni avtomobil;210;karavan;ML 
150;1925;6.5;1;MERCEDES BENZ;H704P1-NZAAA504;GLK / 250 CDI / BLUETEC 4-MATIC AUT.;Nemcija;DEU;osebni avtomobil;210;karavan;GLK 
150;1880;6.5;1;MERCEDES BENZ;H7S3M1-NZBBA503;GLK / 250 CDI / 4-MATIC AUT.;Nemcija;DEU;osebni avtomobil;213;karavan;GLK 
150;1675;6.5;1;MERCEDES BENZ;H003M1-NZABA501;C / 250 / CDI 4-MATIC AUT.;Nemcija;DEU;osebni avtomobil;240;limuzina;C 
150;2380;6.5;1;VOLKSWAGEN;GCXEB320X1-NNAD7BT0117NVR27MMG02L66391;TRANSPORTER / 2.0 / TDI 4M AUT.;Nemcija;DEU;osebni avtomobil;199;vozilo za posebne namene;TRANSPORTER 
150;2105;6.5;1;VOLKSWAGEN;GCXEB320X1-LNAD7BT0117NVR27MMG02L66391;TRANSPORTER / 2.0 / TDI 4M AUT.;Nemcija;DEU;osebni avtomobil;199;vecnamensko vozilo;TRANSPORTER 
150;1977;6.6;1;AUDI;SDTPAQ1-QD7AD7CJ002RT51C204BIBEM1FLD1C;Q5 SPORTBACK / 2.0 / TDI Q AUT.;Nemcija;DEU;osebni avtomobil;222;vozilo z dviûnimi vrati zadaj;Q5 SPORTBACK 
150;1880;6.6;1;AUDI;XDTPAQ1-QD7AD7CJ002RT51C194BIBEM1FLD1;Q5 / 2.0 / TDI Q AUT.;Nemcija;DEU;osebni avtomobil;222;karavan;Q5 
150;1615;6.6;1;BMW;BV91-01;330 / COUPE / d;Nemcija;DEU;osebni avtomobil;242;kupe;330
150;1989;6.6;1;JAGUAR;DF-HTDDD0-50CA010;JAGUAR E-PACE / 2.0 / D200 MHEV AWD AUT.;Zdruûeno kraljestvo;GBR;osebni avtomobil;205;karavan;JAGUAR E-PACE 
150;1992;6.6;1;LAND ROVER;LZ-HTFDD0-50CA020;RANGE ROVER EVOQUE / 2.0 / D200 MHEV AWD AUT.;Zdruûeno kraljestvo;GBR;osebni avtomobil;213;karavan;RANGE ROVER EVOQUE 
150;1930;6.6;1;MERCEDES BENZ;J203M1-NZAAA500;E / 250 T / 4-MATIC CDI AUT.;Nemcija;DEU;osebni avtomobil;230;karavan;E 
150;1500;6.6;0;MERCEDES BENZ;K4S7M0-NZAAA221;SLK / 250 / AUT.;Nemcija;DEU;osebni avtomobil;243;kabriolet;SLK 
150;2265;6.6;1;VOLKSWAGEN;MCXEB308X1-LNAD7BT0117VVR27MMG02L64272;MULTIVAN / 2.0 / TDI 4M AUT.;Nemcija;DEU;osebni avtomobil;199;karavan;MULTIVAN 
150;2195;6.6;1;VOLKSWAGEN;MCXEB308X1-NNAD7BT0117TVR27MMG02L64272;MULTIVAN / 2.0 / TDI 4M AUT.;Nemcija;DEU;osebni avtomobil;199;karavan;MULTIVAN 
150;2185;6.6;1;VOLKSWAGEN;ACCVWAX1-AA8AA8C8017NVR67MMM;TOUAREG / 3.0 / TDI AUT.;Nemcija;DEU;osebni avtomobil;206;karavan;TOUAREG 
150;2045;6.7;1;AUDI;SDTPAQ1-QD7AD7CJ002RT51C204BIBEM1FLD1;Q5 SPORTBACK / 2.0 / TDI Q AUT.;Nemcija;DEU;osebni avtomobil;222;vozilo z dviûnimi vrati zadaj;Q5 SPORTBACK 
150;1880;6.7;1;AUDI;XDTPAQ1-QD7AD7CJ002RT21C214BIBEM1FLD1;Q5 / 2.0 / TDI Q AUT.;Nemcija;DEU;osebni avtomobil;222;karavan;Q5 
150;1845;6.7;1;MERCEDES BENZ;H703M1-NZAAA500;GLK / 250 CDI / 4-MATIC AUT.;Nemcija;DEU;osebni avtomobil;213;karavan;GLK 
150;1820;6.7;1;MERCEDES BENZ;J003M1-NZAAB401;E / 250 / 4-MATIC CDI AUT.;Nemcija;DEU;osebni avtomobil;238;limuzina;E 
150;2453;6.7;1;VOLKSWAGEN;SCXEB308X1-NAAD7BT0117NVR27MMG03L64272;CALIFORNIA BEACH / 2.0 / TDI 4M AUT.;Nemcija;DEU;osebni avtomobil;195;karavan;CALIFORNIA BEACH 
150;2185;6.7;1;VOLKSWAGEN;ACCVWAX1-AA8AA8C8017BVR67MM62;TOUAREG / 3.0 / TDI AUT.;Nemcija;DEU;osebni avtomobil;206;karavan;TOUAREG 
150;2092;6.7;1;VOLKSWAGEN;GCXEB300X1-LNAM6501217NVR27MMG02L64281;TRANSPORTER / 2.0 / TDI 4M;Nemcija;DEU;osebni avtomobil;199;vecnamensko vozilo;TRANSPORTER 
150;2092;6.7;1;VOLKSWAGEN;GCXEB320X1-LNAM6501217NVR27MMG02L66391;TRANSPORTER / 2.0 / TDI 4M;Nemcija;DEU;osebni avtomobil;199;vozilo za posebne namene;TRANSPORTER 
150;2051;6.8;1;AUDI;SDTPAQ1-QD7AD7CJ002RT21C214BIBEM1FLD1C;Q5 SPORTBACK / 2.0 / TDI Q AUT.;Nemcija;DEU;osebni avtomobil;222;vozilo z dviûnimi vrati zadaj;Q5 SPORTBACK 
150;1845;6.8;1;AUDI;ADFBAQ1-QD7AD7CJ003RT031B19S57CPBEM1H56;A6 / AVANT 2.0 / TDI Q AUT.;Nemcija;DEU;osebni avtomobil;241;karavan;A6 
150;1690;6.8;1;BMW;EX91-01;330 / TOURING / d;Nemcija;DEU;osebni avtomobil;237;karavan;330
150;1438;6.8;0;KIA;CDBAP71-D73F12;PROCEED / 1.6 / T / AUT.;Slovaöka;SVK;osebni avtomobil;225;vozilo z dviûnimi vrati zadaj;PROCEED 
150;1413;6.8;0;KIA;CDB5P71-D73F12;CEED / 1.6 / T / AUT.;Slovaöka;SVK;osebni avtomobil;225;vozilo z dviûnimi vrati zadaj;CEED 
150;1735;6.8;1;MERCEDES BENZ;H203M1-NZAAA501;C / 250 T / CDI 4-MATIC AUT.;Nemcija;DEU;osebni avtomobil;235;karavan;C 
150;2195;6.8;1;VOLKSWAGEN;MCXEB308X1-NNAD7BT0117TVR27MMG02L64272;MULTIVAN / 2.0 / TDI 4M AUT.;Nemcija;DEU;osebni avtomobil;199;karavan;MULTIVAN 
150;1667;6.9;0;AUDI;S2DMSAF1-FD7FD7CK003RT181E20S54BIBEM10B1;A5 / 2.0 / TFSI AUT.;Nemcija;DEU;osebni avtomobil;244;vozilo z dviûnimi vrati zadaj;A5 
150;1615;6.9;1;BMW;346L;330 / D;Nemcija;DEU;osebni avtomobil;242;limuzina;330
150;1825;6.9;1;MERCEDES BENZ;J02CM0-NZAAA501;E / 300 / CDI AUT.;Nemcija;DEU;osebni avtomobil;240;limuzina;E 
150;1735;6.9;1;MERCEDES BENZ;211U026F0-SGAAA500;E / 320 / CDI AUT.;Nemcija;DEU;osebni avtomobil;243;limuzina;E 
150;1735;6.9;1;MERCEDES BENZ;U026F0-SGAAA500;E / 320 / CDI AUT.;Nemcija;DEU;osebni avtomobil;240;limuzina;E 
150;1940;6.9;1;VOLKSWAGEN;GCXEB300X0-NNFD7BT0117NVR27MMG02L64291;TRANSPORTER / 2.0 / TDI AUT.;Nemcija;DEU;osebni avtomobil;203;vecnamensko vozilo;TRANSPORTER 
150;1417;7.1;0;KIA;CDBCP71-D76H12;XCEED / 1.6 / T / AUT.;Slovaöka;SVK;osebni avtomobil;220;vozilo z dviûnimi vrati zadaj;XCEED 
150;2375;7.2;1;AUDI;XCJMAQ1-QA8C8022R4L907MJEM2S7FS;Q7 / 3.0 / TDI Q AUT.;Nemcija;DEU;osebni avtomobil;202;karavan;Q7 
150;2370;7.2;1;AUDI;XCJMAQ1-QA8C8022R4L807MGEM2S5FS;Q7 / 3.0 / TDI Q AUT.;Nemcija;DEU;osebni avtomobil;202;karavan;Q7 
150;2345;7.2;1;AUDI;XCJMAQ1-QA8C8022R4L807MJEM2S5FS;Q7 / 3.0 / TDI Q AUT.;Nemcija;DEU;osebni avtomobil;202;karavan;Q7 
150;1780;7.2;1;AUDI;8E;A4 / 3.0 / TDI / QUATTRO;Nemcija;DEU;osebni avtomobil;229;karavan;A4 
150;1925;7.2;1;MERCEDES BENZ;J22CM0-NZAAA501;E / 300 T / CDI AUT.;Nemcija;DEU;osebni avtomobil;230;karavan;E 
150;1885;7.2;1;MERCEDES BENZ;211K;E / 320 / CDI;Nemcija;DEU;osebni avtomobil;234;karavan;E 
150;1505;7.2;0;MERCEDES BENZ;H047M0-TZAAA500;C / 250 / CGI AUT.;Nemcija;DEU;osebni avtomobil;240;limuzina;C 
150;1885;7.3;1;MERCEDES BENZ;211KU226F0-SFAAA500;E / 320 T / CDI AUT.;Nemcija;DEU;osebni avtomobil;234;karavan;E 
150;1875;7.3;1;MERCEDES BENZ;R804P1-CZAA053A;GLC / 250 d / 4-MATIC AUT.;Nemcija;DEU;osebni avtomobil;222;vozilo z dviûnimi vrati zadaj;GLC 
150;1456;7.4;0;KIA;JDB5P61-M67GZ1;CEED / 1.6 /;Slovaöka;SVK;osebni avtomobil;230;vozilo z dviûnimi vrati zadaj;CEED 
150;1433;7.4;0;KIA;JDB3P61-M67GZ1;CEED / 1.6 /;Slovaöka;SVK;osebni avtomobil;230;vozilo z dviûnimi vrati zadaj;CEED 
150;2179;7.4;1;VOLKSWAGEN;ACCASDX1-AA8AA8C8017NVR67MGM;TOUAREG / 3.0 / TDI AUT.;Nemcija;DEU;osebni avtomobil;206;karavan;TOUAREG 
150;2225;7.5;1;VOLKSWAGEN;GCXEB320X1-LNAD7BT0117NVR27MMG02L66391;TRANSPORTER / 2.0 / TDI 4M AUT.;Nemcija;DEU;osebni avtomobil;199;vozilo za posebne namene;TRANSPORTER 
150;1725;7.6;0;BMW;FS11-5B;523 / / i AUT.;Nemcija;DEU;osebni avtomobil;234;limuzina;523
150;1700;7.6;0;BMW;FS11-5A;523 / / i;Nemcija;DEU;osebni avtomobil;238;limuzina;523
150;2195;7.6;1;VOLKSWAGEN;MCXEB308X1-NNAD7BT0117NVR27MMG02L64272;MULTIVAN / 2.0 / TDI 4M AUT.;Nemcija;DEU;osebni avtomobil;199;karavan;MULTIVAN 
150;1755;7.7;1;AUDI;LBKNQ1-QM63B0R8E600GGQ;A4 / 3.0 / TDI Q;Nemcija;DEU;osebni avtomobil;235;limuzina;A4 
150;1735;7.7;1;AUDI;8E;A4 / 3.0 / TDI / QUATTRO;Nemcija;DEU;osebni avtomobil;231;karavan;A4 
150;1615;7.7;1;BMW;BV91-31;330 / COUPE / d;Nemcija;DEU;osebni avtomobil;242;kupe;330
150;1925;7.7;1;MERCEDES BENZ;220-N026F0-SDBBA500;S / 320 / CDI AUT.;Nemcija;DEU;osebni avtomobil;235;limuzina;S 
150;1735;7.7;1;MERCEDES BENZ;211 U026K0-SBAAA511;E / 320 / CDI AUT.;Nemcija;DEU;osebni avtomobil;240;limuzina;E 
150;1575;7.8;0;MERCEDES BENZ;L347M0-TZAAA401;E / 250 / CGI AUT.;Nemcija;DEU;osebni avtomobil;247;kupe;E 
150;1700;7.9;1;BMW;346LEX91-02;330 / TOURING / D AUT.;Nemcija;DEU;osebni avtomobil;231;karavan;330
150;1925;7.9;1;MERCEDES BENZ;220N026K0-SDBBA500;S / 320 / CDI AUT.;Nemcija;DEU;osebni avtomobil;235;limuzina;S 
150;1850;7.9;1;MERCEDES BENZ;220-N026C0;S / 320 / CDI;Nemcija;DEU;osebni avtomobil;230;limuzina;S 
150;1570;8.2;0;RENAULT;KTBG06;LAGUNA / GRANDTOUR 2.0 / 16V T.;Francija;FRA;osebni avtomobil;228;karavan;LAGUNA 
150;1503;8.2;0;RENAULT;DTBG06;LAGUNA / COUPE 2.0 / 16V T.;Francija;FRA;osebni avtomobil;236;kupe;LAGUNA 
150;1816;8.3;1;AUDI;LBKNQ1-QA6LB0R8E600GGQ;A 4 / 3.0;Nemcija;DEU;osebni avtomobil;233;limuzina;A 4 
150;1730;8.3;1;AUDI;LBKNQ1-QA6LB0R8E607GGR;A4 / 3.0 / TDI Q AUT.;Nemcija;DEU;osebni avtomobil;233;limuzina;A4 
150;1784;8.4;1;AUDI;LBKNQ1-QA6LB0R8E600GGQ;A 4 / 3.0;Nemcija;DEU;osebni avtomobil;233;limuzina;A 4 
150;1780;8.4;1;AUDI;8E-BKN;A4 / AVANT 3.0 / TDI Q AUT.;Nemcija;DEU;osebni avtomobil;229;karavan;A4 
150;1925;8.4;1;BMW;X 83;X3 / 3.0 / D;Nemcija;DEU;osebni avtomobil;218;limuzina;X3 
150;1925;8.4;1;BMW;X83PB51-01;X3 / 3.0 / D;Nemcija;DEU;osebni avtomobil;210;limuzina;X3 
150;1925;8.4;1;BMW;PB51-01;X 3 / 3.0;Nemcija;DEU;osebni avtomobil;210;limuzina;X 3 
150;1850;8.4;1;BMW;PB51-01;X3 / 3.0 / d;Nemcija;DEU;osebni avtomobil;215;limuzina;X3 
150;1850;8.4;1;BMW;PB51-01;X3 / 3.0 /  D;Nemcija;DEU;osebni avtomobil;210;limuzina;X3 
150;1850;8.4;1;BMW;PB51-01;X3 / 3.0 / d;Nemcija;DEU;osebni avtomobil;210;vecnamensko vozilo;X3 
150;2185;8.4;1;MERCEDES BENZ;B22CM1-NZABA500;ML / 300 / 4-MATIC CDI AUT.;Nemcija;DEU;osebni avtomobil;210;karavan;ML 
150;1798;8.4;1;PEUGEOT;9UUHZJ;607 / 2.7 / TURBO HDI V6 AUT.;Francija;FRA;osebni avtomobil;230;limuzina;607
150;1480;8.5;0;BMW;LM31-5A;Z4 / CABRIO 23 / I SDRIVE;Nemcija;DEU;osebni avtomobil;242;kabriolet;Z4 
150;1877;8.5;1;CITROEN;RWUHZJ;C5 III / TOURER 2.7 / HDi V6 AUT.;Francija;FRA;osebni avtomobil;222;karavan;C5 III 
150;1841;8.5;1;CITROEN;RDUHZJ;C5 III / 2.7 / HDi V6 AUT.;Francija;FRA;osebni avtomobil;224;limuzina;C5 III 
150;1799;8.5;1;PEUGEOT;6JUHZJ;407 / COUPE 2.7 / HDI V6 AUT.;Francija;FRA;osebni avtomobil;230;kupe;407
150;1799;8.5;1;PEUGEOT;6JUHZJ;407 / COUPE 2.7;Francija;FRA;osebni avtomobil;225;kupe;407
150;1395;8.5;0;RENAULT;BGCTB6;LAGUNA / 2.0 / 16V T;Francija;FRA;osebni avtomobil;235;vozilo z dviûnimi vrati zadaj;LAGUNA 
150;1930;8.6;1;BMW;X83;X3 / 3.0 / D;Nemcija;DEU;osebni avtomobil;210;vecnamensko vozilo;X3 
150;1877;8.6;1;CITROEN;RWUHZJ;C5 III / TOURER 2.7 / HDi V6 AUT.;Francija;FRA;osebni avtomobil;222;karavan;C5 III 
150;1946;8.7;1;CITROEN;TDUHZJ;C6 / 2.7 V6 / HDi 24V AUT.;Francija;FRA;osebni avtomobil;230;limuzina;C6 
150;2185;8.7;1;MERCEDES BENZ;B22CM1-NZABA502;ML / 300 / 4-MATIC CDI AUT.;Nemcija;DEU;osebni avtomobil;210;karavan;ML 
150;1798;8.8;1;PEUGEOT;9UUHZJ;607 / 2.7 / HDI;Francija;FRA;osebni avtomobil;230;limuzina;607
150;1725;8.9;1;BMW;346X;330 / XD;Nemcija;DEU;osebni avtomobil;230;karavan;330
150;1725;8.9;1;BMW;EX71-02;330 / TOURING / xd AUT.;Nemcija;DEU;osebni avtomobil;225;karavan;330
150;1930;9.1;1;BMW;X83PB51;X3 / 3.0 / D AUT.;Nemcija;DEU;osebni avtomobil;215;limuzina;X3 
150;1930;9.1;1;BMW;PB51-02;X3 / 3.0 / D AUT.;Nemcija;DEU;osebni avtomobil;210;limuzina;X3 
150;1930;9.1;1;BMW;X83PB51-02;X 3 / 3.0;Nemcija;DEU;osebni avtomobil;210;limuzina;X 3 
150;1855;9.1;1;BMW;PB-51;X3 / 3.0 / D;Nemcija;DEU;osebni avtomobil;215;vecnamensko vozilo;X3 
150;1855;9.1;1;BMW;PB51-02;X3 / 3.0 / D  AUT.;Nemcija;DEU;osebni avtomobil;210;limuzina;X3 
150;1855;9.1;1;BMW;PB51-02;X 3 / 3.0;Nemcija;DEU;osebni avtomobil;210;limuzina;X 3 
150;1855;9.1;1;BMW;PB51-02;X3 / 3.0 / d AUT.;Nemcija;DEU;osebni avtomobil;210;vecnamensko vozilo;X3 
150;1855;9.1;1;BMW;PB51-02;BMW / X3 / 3.0 / d AUT.;Nemcija;DEU;osebni avtomobil;210;limuzina;BMW 
150;1560;9.1;0;MERCEDES BENZ;H052K0-NZAAA500;C / 230 / AUT.;Nemcija;DEU;osebni avtomobil;233;limuzina;C 
150;1540;9.1;0;MERCEDES BENZ;H052K0-LZAAA500;C / 230 /;Nemcija;DEU;osebni avtomobil;240;limuzina;C 
150;1480;9.2;0;BMW;LM31-01;Z4 / CABRIO 23 / i sDrive;Nemcija;DEU;osebni avtomobil;242;kabriolet;Z4 
150;2315;9.2;1;MERCEDES BENZ;ZL5HM-3F6C2F1;VIANO / 3.0 / CDI AUT.-2.94;Nemcija;DEU;osebni avtomobil;198;vecnamensko vozilo;VIANO 
150;2170;9.2;1;MERCEDES BENZ;ZL5HM-3F6C2D1;VIANO / 3.0 / CDI AUT.-2.94;Nemcija;DEU;osebni avtomobil;198;vecnamensko vozilo;VIANO 
150;2150;9.2;1;MERCEDES BENZ;ZL5HM-3F6B2B1;VIANO / 3.0 / CDI AUT.-2.94;Nemcija;DEU;osebni avtomobil;198;vecnamensko vozilo;VIANO 
150;2150;9.2;1;MERCEDES BENZ;ZL5HM-3F6B1B1;VIANO / 3.0 / CDI AUT.-2.77;Nemcija;DEU;osebni avtomobil;198;karavan;VIANO 
150;2100;9.2;1;MERCEDES BENZ;ZL5HL-3F6B2A1;VIANO / 3.0 / CDI AUT.-2.94;Nemcija;DEU;osebni avtomobil;198;vecnamensko vozilo;VIANO 
150;1840;9.2;1;MERCEDES BENZ;ZL5HL-3F6C2B1;VIVANO / 3.0 / CDI AUT. -2.94;Nemcija;DEU;osebni avtomobil;198;vecnamensko vozilo;VIVANO 
150;1840;9.2;1;MERCEDES BENZ;ZL5HL-3F6C2B1;VIANO / 3.0 / CDI AUT.-2.94;Nemcija;DEU;osebni avtomobil;198;vecnamensko vozilo;VIANO 
150;1815;9.2;1;MERCEDES BENZ;639ZL5HM-3F6C1B1;VIANO / 3.0 / CDI AUT.;Nemcija;DEU;osebni avtomobil;198;karavan;VIANO 
150;1815;9.2;1;MERCEDES BENZ;639ZK5HM-3F6B2B1;VITO / 120 CDI AUT.;Nemcija;DEU;osebni avtomobil;198;vecnamensko vozilo;VITO 
150;2340;9.2;0;VOLKSWAGEN;GCJKA320X1-LNAD7BT0117NVR27MMG03L66391;TRANSPORTER / 2.0 / TSI 4M AUT.;Nemcija;DEU;osebni avtomobil;198;vozilo za posebne namene;TRANSPORTER 
150;1530;9.3;0;MERCEDES BENZ;R052K0-LIAAA500;C / 230 /;Nemcija;DEU;osebni avtomobil;245;limuzina;C 
150;1680;9.4;0;MERCEDES BENZ;U052K0-NZAAA500;E / 230 / AUT.;Nemcija;DEU;osebni avtomobil;240;limuzina;E 
150;2316;9.5;1;TOYOTA;J15TM/GDJ150(MC)/GDJ150L-GKTEYW(1N);LAND CRUISER / 2.8 / D AUT.;Japonska ;JPN;osebni avtomobil;175;karavan;LAND CRUISER 
151;1607;12.2;0;FORD;-;MUSTANG / 4.0 / V6;Zdruûene drûave;USA;osebni avtomobil;195;kupe;MUSTANG 
151;1621;5.3;1;VOLVO;AS7051;S80 / 2.4 / TD;ävedska;SWE;osebni avtomobil;230;limuzina;S80 
151;1570;5.3;1;VOLVO;FS7051;S60 / 2.4 / TD.;ävedska;SWE;osebni avtomobil;230;limuzina;S60 
151;1822;5.4;1;VOLVO;BW7051;V70 / 2.4 / TD;ävedska;SWE;osebni avtomobil;225;karavan;V70 
151;1614;5.4;1;VOLVO;FW7051;V60 / 2.4 / TD.;ävedska;SWE;osebni avtomobil;230;karavan;V60 
151;1275;5.6;0;PEUGEOT;L35GTH-C1B000;308 / 1.6 / i;Francija;FRA;osebni avtomobil;235;vozilo z dviûnimi vrati zadaj;308
151;1390;5.8;0;PEUGEOT;L45GTH-R1B000;308 / BREAK 1.6 / i;Francija;FRA;osebni avtomobil;235;vecnamensko vozilo;308
151;1623;6.2;1;VOLVO;AS7051;S80 / 2.4 / TD;ävedska;SWE;osebni avtomobil;230;limuzina;S80 
151;1640;6.3;1;VOLVO;AS7050;S80 / 2.4 / TD AUT.;ävedska;SWE;osebni avtomobil;225;limuzina;S80 
151;1599;6.3;1;VOLVO;FS7050;S60 / 2.4 / TD AUT.;ävedska;SWE;osebni avtomobil;230;limuzina;S60 
151;1683;6.4;1;VOLVO;BW7050;V70 / 2.4 / TD AUT.;ävedska;SWE;osebni avtomobil;220;karavan;V70 
151;1635;6.4;1;VOLVO;FW7050;V60 / 2.4 / TD. AUT.;ävedska;SWE;osebni avtomobil;230;karavan;V60 
151;1645;6.7;1;VOLVO;AS7050;S80 / 2.4 / TD AUT.;ävedska;SWE;osebni avtomobil;225;limuzina;S80 
151;1641;6.7;1;VOLVO;AS7050;S80 / 2.4 / TD AUT.;ävedska;SWE;osebni avtomobil;230;limuzina;S80 
151;1793;6.9;1;VOLVO;DZ7044;XC60 / 2.4 / TD AWD;ävedska;SWE;osebni avtomobil;210;karavan;XC60 
151;1696;6.9;1;VOLVO;BW7050;V70 / 2.4 / TD AUT.;ävedska;SWE;osebni avtomobil;220;karavan;V70 
151;1813;7.2;1;VOLVO;BZ7056;XC70 / 2.4 / TD AWD AUT.;ävedska;SWE;osebni avtomobil;205;karavan;XC70 
151;1811;7.5;1;VOLVO;DZ7046;XC60 / 2.4 / TD AWD AUT.;ävedska;SWE;osebni avtomobil;205;karavan;XC60 
151;1773;7.5;1;VOLVO;BW7056;V70 / 2.4 / TD AWD AUT.;ävedska;SWE;osebni avtomobil;220;karavan;V70 
152;1540;10.1;0;RENAULT;KG4K-BB;LAGUNA / GRANDTOUR 3.0 / V6 24V AUT.;Francija;FRA;osebni avtomobil;232;karavan;LAGUNA 
152;1560;10.2;0;PEUGEOT;8XFX;406 / COUPE 3.0;Francija;FRA;osebni avtomobil;240;kupe;406
152;2057;13.7;0;FORD;U2-XS;EXPLORER / 4.0 / V6;Zdruûene drûave;USA;osebni avtomobil;171;limuzina;EXPLORER 
152;1240;6.4;0;CITROEN;SA5FD8;DS3 RACING / 1.6 / 16V TURBO;Francija;FRA;osebni avtomobil;235;vozilo z dviûnimi vrati zadaj;DS3 RACING 
152;1830;7.5;1;JAGUAR;CC9-X250-D501;JAGUAR XF / 2.7D / V6;Zdruûeno kraljestvo;GBR;osebni avtomobil;235;limuzina;JAGUAR XF 
152;1278;7.5;0;OPEL;BAEVA12-BX2G1JBWN5;CORSA / 1.6 / TURBO;Nemcija;DEU;osebni avtomobil;230;vecnamensko vozilo;CORSA 
152;1734;7.8;1;JAGUAR;CCXLAG2-5MMMS;S-TYPE / 2.7 / D V6 AUT.;Zdruûeno kraljestvo;GBR;osebni avtomobil;227;limuzina;S-TYPE 
152;1734;7.8;1;JAGUAR;CCXLAG2-5MMMS;S-TYPE / 2.7 / d V6 AUT.;Zdruûeno kraljestvo;GBR;osebni avtomobil;222;limuzina;S-TYPE 
152;1832;8.1;1;JAGUAR;N-3-E-503;XJ / 2.7 / V6;Zdruûeno kraljestvo;GBR;osebni avtomobil;222;limuzina;XJ 
152;1727;8.1;1;JAGUAR;N3E-3;XJ / 2.7 / D AUT.;Zdruûeno kraljestvo;GBR;osebni avtomobil;222;limuzina;XJ 
152;1755;8.9;1;JAGUAR;CC9-D5-01;XF / 2.7 / D;Zdruûeno kraljestvo;GBR;osebni avtomobil;235;limuzina;XF 
152;1480;9.6;0;CITROEN;DCX-FXC;C5 / 3.0 / V6;Francija;FRA;osebni avtomobil;226;limuzina;C5 
153;1635;11.4;0;LEXUS;GSE20L-AETLHW(1C);LEXUS IS250 / 2.5 / AUT. V6;Japonska ;JPN;osebni avtomobil;225;limuzina;LEXUS IS250 
153;1235;5.4;0;PEUGEOT;CA5GRM/S;208 / 1.6 / I 16V;Francija;FRA;osebni avtomobil;230;vozilo z dviûnimi vrati zadaj;208
153;1605;8.4;0;LEXUS;GSE20L-AETLHW(1J);LEXUS IS250 / 2.5 / AUT. V6;Japonska ;JPN;osebni avtomobil;225;limuzina;LEXUS IS250 
153;1605;8.9;0;LEXUS;GSE20L-AETLHW(1H);LEXUS IS250 / 2.5 / AUT. V6;Japonska ;JPN;osebni avtomobil;225;limuzina;LEXUS IS250 
153;1635;9.1;0;LEXUS;GSE20L-AETLHW(1D);LEXUS IS250 / 2.5 / AUT. V6;Japonska ;JPN;osebni avtomobil;225;limuzina;LEXUS IS250 
154;1718;10.2;0;VOLVO;SZ5953;XC70 / 2.5 / T AWD;ävedska;SWE;osebni avtomobil;210;karavan;XC70 
154;1742;11.1;0;VOLVO;SZ5957;XC70 / 2.4 / T AWD AUT.;ävedska;SWE;osebni avtomobil;200;karavan;XC70 
154;1610;4.7;1;ALFA ROMEO;952AHA45M;GIULIA / 2.2 / MULTIJET CA Q4;Italija;ITA;osebni avtomobil;235;limuzina;GIULIA 
154;1820;4.8;1;ALFA ROMEO;949AXL2A5BG;STELVIO / 2.2 / JTDM CA AWD SW;Italija;ITA;osebni avtomobil;215;karavan;STELVIO 
154;1734;4.8;1;ALFA ROMEO;949AXB2A5;STELVIO / 2.2 / JTDM CA AWD SW;Italija;ITA;osebni avtomobil;215;karavan;STELVIO 
154;1619;5.2;1;FORD;BA7-T9CA1F-5EJBQY;MONDEO / 2.0 / TDCI 154 A6;Nemcija;DEU;osebni avtomobil;228;karavan;MONDEO 
154;1766;5.5;1;FORD;WA6-T9CD1JX-5GCANFRQ;S-MAX / 2.0 / TDCi 154 A6;Nemcija;DEU;osebni avtomobil;218;karavan;S-MAX 
154;1949;5.8;1;FORD;SBF-T9CE4YX-5HDANASB;EDGE / 2.0 / TDCI 154;Nemcija;DEU;osebni avtomobil;211;karavan;EDGE 
154;1949;5.9;1;FORD;SBF-T9CE4YX-5HDANBSB;EDGE / 2.0 / TDCI 154;Nemcija;DEU;osebni avtomobil;211;karavan;EDGE 
154;1820;6.4;1;ALFA ROMEO;949AXL2A5DG;STELVIO / 2.2 / JTDM CA AWD SW;Italija;ITA;osebni avtomobil;215;karavan;STELVIO 
154;1820;6.5;1;ALFA ROMEO;949AXL2A5ADG;STELVIO / 2.2 / JTDM CA AWD SW;Italija;ITA;osebni avtomobil;215;karavan;STELVIO 
154;1705;6.8;1;ALFA ROMEO;939AXM1B39;159 / 2.4 / M-JET;Italija;ITA;osebni avtomobil;230;limuzina;159
154;1675;6.8;1;ALFA ROMEO;939DXM1B43;BRERA / 2.4 / M-JET;Italija;ITA;osebni avtomobil;230;kupe;BRERA 
154;1660;6.8;1;ALFA ROMEO;939AXM1B39B;159 / 2.4 / M-JET;Italija;ITA;osebni avtomobil;231;limuzina;159
154;1650;6.8;1;ALFA ROMEO;939DXM1B43B;BRERA / 2.4 / M-JET;Italija;ITA;osebni avtomobil;230;kupe;BRERA 
154;1710;6.9;1;ALFA ROMEO;939BXM1B40B;159 / SW 2.4 / M-JET;Italija;ITA;osebni avtomobil;229;karavan;159
154;1807;7.1;1;OPEL;DHFHBCB22-BA1ZAACAH15;INSIGNIA SPORTS TOURER / 2.0 / CDTI AWD AUT.;Nemcija;DEU;osebni avtomobil;231;karavan;INSIGNIA SPORTS TOURER 
154;1720;7.2;1;ALFA ROMEO;939AXM2B-35B;159 / 2.4 / M-JET;Italija;ITA;osebni avtomobil;227;limuzina;159
154;1770;7.4;1;ALFA ROMEO;939BXM2B36B;159 / SW 2.4 / M-JET 4x4;Italija;ITA;osebni avtomobil;225;karavan;159
154;1765;7.5;1;ALFA ROMEO;939AXM2B35;159 / 2.4 / M-JET;Italija;ITA;osebni avtomobil;226;limuzina;159
154;1815;7.6;1;ALFA ROMEO;939BXM2B36;159 / SW 2.4 / M-JET 4x4;Italija;ITA;osebni avtomobil;224;karavan;159
154;1722;7.6;1;OPEL;DF0HBCB22-BA1ZAACAH15;INSIGNIA SPORTS TOURER / 2.0 / CDTI AWD AUT.;Nemcija;DEU;osebni avtomobil;231;karavan;INSIGNIA SPORTS TOURER 
154;1722;7.7;1;OPEL;DF0HBCB22-BA1ZAACAH15;INSIGNIA SPORTS TOURER / 2.0 / CDTI AWD AUT.;Nemcija;DEU;osebni avtomobil;231;karavan;INSIGNIA SPORTS TOURER 
154;1807;7.8;1;OPEL;DHFHBCB22-BA1ZAACAH15;INSIGNIA SPORTS TOURER / 2.0 / CDTI AWD AUT.;Nemcija;DEU;osebni avtomobil;231;karavan;INSIGNIA SPORTS TOURER 
154;1807;7.9;1;OPEL;DGFHBCB22-BA1ZAACAH15;INSIGNIA SPORTS TOURER / 2.0 / CDTI AWD AUT.;Nemcija;DEU;osebni avtomobil;228;karavan;INSIGNIA SPORTS TOURER 
154;1772;7.9;1;OPEL;DF0HBCB22-BA1ZAACAH15;INSIGNIA SPORTS TOURER / 2.0 / CDTI AWD AUT.;Nemcija;DEU;osebni avtomobil;231;karavan;INSIGNIA SPORTS TOURER 
154;1807;8.1;1;OPEL;DGFHBCB22-BA1ZAACAH15;INSIGNIA COUNTRY TOURER / 2.0 / CDTI AWD AUT.;Nemcija;DEU;osebni avtomobil;228;karavan;INSIGNIA COUNTRY TOURER 
154;1710;8.1;0;SAAB;YS3FF5Y-M6A 03;9-3 / ESTATE 2.0 / TS XWD;ävedska;SWE;osebni avtomobil;230;karavan;09-Mar
154;1765;8.3;0;AUDI;LBDXF1-FAVJ10R4E70S50GG;A8 / 2.8 / FSI AUT.;Nemcija;DEU;osebni avtomobil;238;limuzina;A8 
154;1715;8.8;0;AUDI;ABDXF1-FAVJ00R4F600GG;A6 / AVANT 2.8 / FSI V-AUT.;Nemcija;DEU;osebni avtomobil;233;karavan;A6 
154;1455;9.2;0;AUDI;8LLAPYQ1-QM62M001R920;S3 / 1.8 / TURBO QUATTRO;Nemcija;DEU;osebni avtomobil;238;vozilo z dviûnimi vrati zadaj;S3 
154;1550;9.3;0;AUDI;LAMKQ1-QM6GS002R8L70T2O;S3 / 1.8 / T;Nemcija;DEU;osebni avtomobil;238;vozilo z dviûnimi vrati zadaj;S3 
154.5;1766;5.5;1;FORD;WA6-T9CD1JX-7GCAZN00RTQ;S-MAX / 2.0 / TDCi 154 A6;Nemcija;DEU;osebni avtomobil;218;karavan;S-MAX 
154.5;1779;5.6;1;FORD;WA6-T9CD1KX-7GCAZN00RFX;GALAXY / 2.0 / TDCI 154 A6;Nemcija;DEU;osebni avtomobil;214;karavan;GALAXY 
154.5;1949;5.9;1;FORD;SBF-T9CE4YX-5HDAZN00SBB;EDGE / 2.0 / TDCI 154 A6;Nemcija;DEU;osebni avtomobil;211;karavan;EDGE 
155;1230;10.1;0;SUBARU;GC8GL8D;IMPREZA / 2.0 / T 4WD;Japonska ;JPN;osebni avtomobil;220;limuzina;IMPREZA 
155;1687;10.2;0;PEUGEOT;6JXFVH;407 / COUPE 3.0 / V6;Francija;FRA;osebni avtomobil;241;kupe;407
155;2570;11.2;1;MERCEDES BENZ;C7BAM1-NZAAB500;G / 350 / BLUETEC AUT.;Nemcija;DEU;osebni avtomobil;170;karavan;G 
155;2350;11.2;1;MERCEDES BENZ;C4BAM1-NZAAA400;G / 350 / BLUETEC 4-MATIC AUT.;Nemcija;DEU;osebni avtomobil;170;kabriolet;G 
155;1830;4.7;1;AUDI;SCTCBF1-FD7CK004R4G70S57MMEM2;A7 / 3.0 / TDI AUT.;Nemcija;DEU;osebni avtomobil;239;vozilo z dviûnimi vrati zadaj;A7 
155;1795;5.1;1;BMW;XA11-5A1R0;525 / / d xDrive AUT.;Nemcija;DEU;osebni avtomobil;234;limuzina;525
155;1840;5.3;1;BMW;5C91-6A25R000;525 / / d xDrive AUT.;Nemcija;DEU;osebni avtomobil;238;limuzina;525
155;1895;5.4;1;BMW;XB91-5A1R0;525 / TOURING / D XDRIVE AUT.;Nemcija;DEU;osebni avtomobil;227;karavan;525
155;1965;5.5;1;AUDI;HCZVCQ1-QD7B5027P4G07S57MMEM2;A6 ALLROAD QUATTRO / 3.0 / TDI AUT.;Nemcija;DEU;osebni avtomobil;229;karavan;A6 ALLROAD QUATTRO 
155;1480;5.5;0;MERCEDES BENZ;234JP2-MZAAB543;CLA / 250 / AUT.;Nemcija;DEU;osebni avtomobil;240;limuzina;CLA 
155;1965;5.6;1;AUDI;HCRTFQ1-QD7B5027P4G07S57MMEM2;A6 ALLROAD QUATTRO / 3.0 / TDI AUT.;Nemcija;DEU;osebni avtomobil;225;karavan;A6 ALLROAD QUATTRO 
155;2115;5.6;1;BMW;LS01-6A25R000;X5 / xDrive 25 / d AUT.;Nemcija;DEU;osebni avtomobil;218;karavan;X5 
155;1950;5.6;1;BMW;YG41-5A05R000;730 / / Ld AUT.;Nemcija;DEU;osebni avtomobil;237;vozilo za posebne namene;730
155;1895;5.6;1;BMW;XB91-5A2R0;525 / TOURING / d xDrive AUT.;Nemcija;DEU;osebni avtomobil;227;karavan;525
155;1480;5.6;0;MERCEDES BENZ;R036P0-NZAA1572;C / 250 / AUT.;Nemcija;DEU;osebni avtomobil;250;limuzina;C 
155;1895;5.7;1;BMW;XB91-5A3R0;525 / TOURING / d xDrive AUT.;Nemcija;DEU;osebni avtomobil;227;karavan;525
155;1540;5.7;0;MERCEDES BENZ;R336P0-NZAA1472;C / 250 / AUT.;Nemcija;DEU;osebni avtomobil;250;kupe;C 
155;2115;5.9;1;BMW;KS21-6A25R00K;X5 / XDRIVE 25 / D AUT.;Nemcija;DEU;osebni avtomobil;218;karavan;X5 
155;1945;6.3;0;AUDI;LCHJAF1-FA8BW001R4H82S57MGEM0;A8 HYBRID / 2.0 / TFSI AUT.;Nemcija;DEU;osebni avtomobil;235;limuzina;A8 HYBRID 
155;1765;6.4;0;MERCEDES BENZ;L436P0-NZAAB411;E / 250 / AUT.;Nemcija;DEU;osebni avtomobil;245;kabriolet;E 
155;1615;6.5;1;ALFA ROMEO;952AMA45BG;GIULIA / 2.2 / MULTIJET CA Q4;Italija;ITA;osebni avtomobil;235;limuzina;GIULIA 
155;1540;6.6;0;MERCEDES BENZ;234KP1-MZAAB503;CLA / 250 / 4-MATIC AUT.;Nemcija;DEU;osebni avtomobil;240;limuzina;CLA 
155;1505;6.6;0;MERCEDES BENZ;274KP1-MZAAB502;GLA / 250 / 4-MATIC AUT.;Nemcija;DEU;osebni avtomobil;230;karavan;GLA 
155;1705;6.7;0;AUDI;KCDNCF1-FM6B1004R8F607MGEM1;A5 CABRIOLET / 2.0 / TFSI;Nemcija;DEU;osebni avtomobil;241;kabriolet;A5 CABRIOLET 
155;1845;6.8;1;JAGUAR;CC9-X250-G503;JAGUAR XF / 3.0L / V6 DIESEL;Zdruûeno kraljestvo;GBR;osebni avtomobil;240;limuzina;JAGUAR XF 
155;1985;6.9;0;AUDI;XCHJAQ1-QA8BW001R8R707MG;Q5 / 2.0 / TFSI HYBRID Q AUT.;Nemcija;DEU;osebni avtomobil;225;karavan;Q5 
155;1670;6.9;1;BMW;560LNC71-03;530 / D /;Nemcija;DEU;osebni avtomobil;242;limuzina;530
155;1785;6.9;0;MERCEDES BENZ;R833P1-CZAA1501;GLC / 250 / 4-MATIC AUT.;Nemcija;DEU;osebni avtomobil;222;vozilo z dviûnimi vrati zadaj;GLC 
155;1205;6.9;0;MINI;MF91-01;JOHN COOPER WORKS / /;Nemcija;DEU;osebni avtomobil;238;vozilo z dviûnimi vrati zadaj;JOHN COOPER WORKS 
155;2110;7.1;1;MERCEDES BENZ;164-B220K1;ML / 320 / CDI;Nemcija;DEU;osebni avtomobil;215;karavan;ML 
155;1735;7.1;0;MERCEDES BENZ;R733P1-CZAAB504;GLC / 250 / 4-MATIC AUT.;Nemcija;DEU;osebni avtomobil;222;karavan;GLC 
155;1225;7.1;0;MINI;MF93;JOHN COOPER WORKS / /;Nemcija;DEU;osebni avtomobil;238;vozilo z dviûnimi vrati zadaj;JOHN COOPER WORKS 
155;1215;7.1;0;MINI;SV91-5H000;JOHN COOPER WORKS / /;Nemcija;DEU;osebni avtomobil;238;vozilo z dviûnimi vrati zadaj;JOHN COOPER WORKS 
155;1435;7.2;0;AUDI;CCESAQ1-QD62E079R8J6A7MGEM1;TTS / COUPE 2.0 / Q TFSI D-AUT.;Nemcija;DEU;osebni avtomobil;243;kupe;TTS 
155;1435;7.2;0;AUDI;CCESAQ1-QD62E079R8J6A7MQEM1;TT / COUPE 2.0 / TFSI Q AUT.;Madûarska;HUN;osebni avtomobil;243;kupe;TT 
155;1435;7.2;0;AUDI;CCESAQ1-QD62E079R8J607MGEM1;TT / COUPE 2.0 / Q TFSI D-AUT.;Nemcija;DEU;osebni avtomobil;243;kupe;TT 
155;1735;7.2;1;MERCEDES BENZ;U0BAK0-NZAAA500;E / 300 / BLUTEC / AUT.;Nemcija;DEU;osebni avtomobil;245;limuzina;E 
155;1537;7.2;0;VOLKSWAGEN;AACCZBX0-FM6FM62Q030STP07MQSNVR4O;PASSAT / 2.0 / TSI;Nemcija;DEU;osebni avtomobil;240;limuzina;PASSAT 
155;1455;7.2;0;VOLKSWAGEN;AU-CXC-;GOLF / 2.0 / GTI AUT. US;Mehika;MEX;osebni avtomobil;201;karavan;GOLF 
155;1725;7.3;0;AUDI;HCDNCQ1-QD7B5046RB8H1S57MGEM1;A4 ALLROAD QUATTRO / 2.0 / TFSI AUT.;Nemcija;DEU;osebni avtomobil;230;karavan;A4 ALLROAD QUATTRO 
155;1575;7.3;0;AUDI;CCDNCQ1-QM6B2005R8T607MGEM1;A5 / 2.0 / TFSI Q;Nemcija;DEU;osebni avtomobil;246;kupe;A5 
155;1785;7.3;0;MERCEDES BENZ;R833P1-CZAA1514;GLC / 250 / 4-MATIC AUT.;Nemcija;DEU;osebni avtomobil;222;vozilo z dviûnimi vrati zadaj;GLC 
155;1521;7.3;0;VOLKSWAGEN;AACCZBX0-FM6FM62Q030VI7MJVR45O;CC / 2.0 / TSI;Nemcija;DEU;osebni avtomobil;242;limuzina;CC 
155;1393;7.3;0;VOLKSWAGEN;ACCCZBX0-FM6FM62Q011N7MGVI;GOLF / 2.0 / TSI;Nemcija;DEU;osebni avtomobil;240;karavan;GOLF 
155;1595;7.4;0;AUDI;LCDNCQ1-QM6B2005R8K617MB;A4 / 2.0 / TFSI Q;Nemcija;DEU;osebni avtomobil;246;limuzina;A4 
155;1480;7.4;0;AUDI;RCESAQ1-QD62E079R8J6A7MGEM1;TT / ROADSTER 2.0 / Q TFSI D-AUT.;Madûarska;HUN;osebni avtomobil;240;kabriolet;TT 
155;1414;7.4;0;VOLKSWAGEN;ACCCZBX0-FD6FD62E016N7MGVI;GOLF / 2.0 / TSI AUT.;Nemcija;DEU;osebni avtomobil;238;karavan;GOLF 
155;1735;7.5;1;MERCEDES BENZ;U0BAM0-NZAAA511;E / 300 / BLUTEC / AUT.;Nemcija;DEU;osebni avtomobil;245;limuzina;E 
155;1735;7.5;0;MERCEDES BENZ;R733T1-CZAA150A;GLC / 250 / 4-MATIC AUT.;Nemcija;DEU;osebni avtomobil;222;karavan;GLC 
155;1393;7.5;0;VOLKSWAGEN;ADCCZB-FD6FD62E0167MGVR0S1;SCIROCCO / 2.0 / TSI AUT.;Nemcija;DEU;osebni avtomobil;238;kupe;SCIROCCO 
155;1760;7.6;0;MERCEDES BENZ;R833T1-CZAA150A;GLC / 250 / 4-MATIC AUT.;Nemcija;DEU;osebni avtomobil;222;vozilo z dviûnimi vrati zadaj;GLC 
155;1735;7.6;0;MERCEDES BENZ;R733T1-CZAA150A;GLC / 250 / 4-MATIC AUT.;Nemcija;DEU;osebni avtomobil;222;karavan;GLC 
155;1640;7.7;0;AUDI;XCPSAQ1-QD7BH002R8U617MQEM1;Q3 / 2.0 / TFSI Q AUT.;Nemcija;DEU;osebni avtomobil;230;karavan;Q3 
155;2000;7.7;1;MERCEDES BENZ;I12BK0-NZAAA500;S / 320 / CDI AUT.;Nemcija;DEU;osebni avtomobil;241;limuzina;S 
155;1760;7.7;0;MERCEDES BENZ;R833T1-CZAA153A;GLC / 250 / 4-MATIC AUT.;Nemcija;DEU;osebni avtomobil;222;vozilo z dviûnimi vrati zadaj;GLC 
155;1680;7.8;0;AUDI;ACDNCQ1-QD7B5013R8K617MGEM0;A4 AVANT / 2.0 / TFSI Q AUT.;Nemcija;DEU;osebni avtomobil;237;karavan;A4 AVANT 
155;1582;7.9;0;VOLKSWAGEN;ACCCZBX0-FD6FD62E015STP07MGSNVR4O;PASSAT / VARIANT 2.0 / TSI AUT.;Nemcija;DEU;osebni avtomobil;233;karavan;PASSAT 
155;1725;8.1;0;AUDI;HCDNCQ1-QD7B5022R8KH77MGEM0;A4 ALLROAD QUATTRO / 2.0 / TFSI AUT.;Nemcija;DEU;osebni avtomobil;230;karavan;A4 ALLROAD QUATTRO 
155;2075;8.1;0;LEXUS;MHU38L-AWXGKW(1B);LEXUS RX400h / 3.3 / CVT V6;Japonska ;JPN;osebni avtomobil;200;vecnamensko vozilo;LEXUS RX400h 
155;2075;8.1;0;LEXUS;MHU38L-AWXGKW;RX 400 H / 3.3 / AUT.;Japonska ;JPN;osebni avtomobil;200;vecnamensko vozilo;RX 400 H 
155;2075;8.1;0;LEXUS;HXU3 (A);RX / 400 / H / 33 / CVT6V;Belgija;BEL;osebni avtomobil;200;vecnamensko vozilo;RX 
155;1945;8.3;1;CHRYSLER;LXVE8M-D1;300C / 3.0 / TD AUT.;Zdruûene drûave;USA;osebni avtomobil;227;vozilo z dviûnimi vrati zadaj;300C 
155;1934;8.4;1;AUDI;4FLBNGQ1-QA6LA0R4F60R;A6 / 3.0 / TDI;Nemcija;DEU;osebni avtomobil;237;limuzina;A6 
155;1900;8.4;1;AUDI;ABNGQ1-QA6LA0R4F900GG;A6 / AVANT 3.0 / TDI Q AUT.;Nemcija;DEU;osebni avtomobil;232;karavan;A6 
155;1785;8.4;0;AUDI;XCDNCQ1-QM6B2017R8R207MG;Q5 / 2.0 / TFSI Q;Nemcija;DEU;osebni avtomobil;222;karavan;Q5 
155;2030;8.4;0;MERCEDES BENZ;R74ST1-CZAC050B;GLC / 300 e / 4-MATIC AUT. HYBRID;Nemcija;DEU;osebni avtomobil;230;karavan;GLC 
155;2034;8.5;1;AUDI;4FABNGQ1-QA6LA0R4F600GGS;A6 / AVANT 3.0 / TDI Q AUT.;Nemcija;DEU;osebni avtomobil;231;karavan;A6 
155;1985;8.5;1;AUDI;ABNGQ1-QA6LA0R4F600GGS;A6 / AVANT 3.0 / TDI Q AUT.;Nemcija;DEU;osebni avtomobil;231;karavan;A6 
155;1830;8.5;0;AUDI;XCDNCQ1-QA8BK022R8R717MGEM9;Q5 / 2.0 / TFSI Q AUT.;Nemcija;DEU;osebni avtomobil;222;karavan;Q5 
155;1815;8.5;0;AUDI;XCDNCQ1-QD7B5017R8R707MG;Q5 / 2.0 / TFSI Q AUT.;Nemcija;DEU;osebni avtomobil;222;karavan;Q5 
155;2675;8.5;1;LAND ROVER;S4KQ2F-E5O1;DISCOVERY 4 / 3.0 / TD V6 AUT.8;Zdruûeno kraljestvo;GBR;osebni avtomobil;180;karavan;DISCOVERY 4 
155;1673;8.5;0;VOLKSWAGEN;ACCCZBX1-AM6AM6A6003NDSTVR07MJO;TIGUAN / 2.0 / TSI 4M;Nemcija;DEU;osebni avtomobil;215;karavan;TIGUAN 
155;1830;8.6;0;AUDI;XCDNCQ1-QD7B5017R8R717MGEM0;Q5 / 2.0 / TFSI Q AUT.;Nemcija;DEU;osebni avtomobil;222;karavan;Q5 
155;1689;8.6;0;VOLKSWAGEN;ACCCZBX1-AD7AD7BH002NDVIVR07MQM;TIGUAN / 2.0 / TSI 4M AUT.;Nemcija;DEU;osebni avtomobil;213;karavan;TIGUAN 
155;2650;9.3;1;LAND ROVER;S4KQ2F-D7O1;DISCOVERY 4 / 3.0 / TD V6 AUT.;Zdruûeno kraljestvo;GBR;osebni avtomobil;180;karavan;DISCOVERY 4 
155;2545;9.3;1;MERCEDES BENZ;B7BAP1-NZAAA711;GL / 350 / BLUETEC 4-MATIC  AUT.;Nemcija;DEU;osebni avtomobil;210;karavan;GL 
155;2180;9.4;1;BMW;FB71-28;X5 / 3.0 / d AUT.;Nemcija;DEU;osebni avtomobil;210;vecnamensko vozilo;X5 
155;2185;9.6;1;MERCEDES BENZ;B22BK1;ML / 320 / CDI 4MATIC;Nemcija;DEU;osebni avtomobil;210;karavan;ML 
155;1660;9.8;0;PEUGEOT;6DXFVJ;407 / 3.0 / V6 AUT.;Francija;FRA;osebni avtomobil;235;limuzina;407
155;1660;9.8;0;PEUGEOT;6DXFVJ;PEUGEOT / 407 / 3.0 / V6 AUT.;Francija;FRA;osebni avtomobil;235;limuzina;PEUGEOT 
158;1355;10.6;0;FORD;DBY;FOCUS / 2.0;Nemcija;DEU;osebni avtomobil;232;vozilo z dviûnimi vrati zadaj;FOCUS 
158;1720;4.6;1;VOLVO;AS83A1;S80 / 2.4 / TD;ävedska;SWE;osebni avtomobil;230;limuzina;S80 
158;1714;4.6;1;VOLVO;FW83A1;V60 / 2.4 / TD;ävedska;SWE;osebni avtomobil;230;karavan;V60 
158;1658;4.7;1;VOLVO;FS83A1;S60 / 2.4 / TD;ävedska;SWE;osebni avtomobil;230;limuzina;S60 
158;1693;4.8;1;VOLVO;BW83A1;V70 / 2.4 / TD;ävedska;SWE;osebni avtomobil;225;karavan;V70 
158;1724;4.9;1;VOLVO;FW83A1;V60 / 2.4 / TD.;ävedska;SWE;osebni avtomobil;230;karavan;V60 
158;1819;5.1;1;VOLVO;BW83A1;V70 / 2.4 / TD;ävedska;SWE;osebni avtomobil;225;karavan;V70 
158;1705;5.2;1;VOLKSWAGEN;ACDFCAX1-AD6AD6D9014CV7MMVR270;PASSAT / ALLTRACK 2.0 / TDI 4M AUT.;Nemcija;DEU;osebni avtomobil;233;karavan;PASSAT 
158;1919;5.3;1;VOLVO;BZ83A4;XC70 / 2.4 / TD AWD;ävedska;SWE;osebni avtomobil;210;karavan;XC70 
158;1909;5.3;1;VOLVO;DZ83A4;XC60 / 2.4 / TD AWD;ävedska;SWE;osebni avtomobil;210;karavan;XC60 
158;1806;5.6;1;VOLVO;BZ83A4;XC70 / 2.4 / TD AWD;ävedska;SWE;osebni avtomobil;210;karavan;XC70 
158;1921;5.7;1;VOLVO;DZ83A4;XC60 / 2.4 / TD AWD;ävedska;SWE;osebni avtomobil;210;karavan;XC60 
158;1691;5.9;1;VOLVO;FW8256;V60 / 2.4 / TD AWD AUT.;ävedska;SWE;osebni avtomobil;225;karavan;V60 
158;1683;5.9;1;VOLVO;FS8250;S60 / 2.4 / TD AUT.;ävedska;SWE;osebni avtomobil;230;limuzina;S60 
158;1749;6.1;1;VOLVO;AR8250;S80 / 2.4 / TD AUT.;ävedska;SWE;osebni avtomobil;225;limuzina;S80 
158;1733;6.1;1;VOLVO;AS8250;S80 / 2.4 / TD AUT.;ävedska;SWE;osebni avtomobil;225;limuzina;S80 
158;1816;6.2;1;VOLVO;BW8250;V70 / 2.4 / TD AUT.;ävedska;SWE;osebni avtomobil;220;karavan;V70 
158;1643;6.2;1;VOLVO;FW8250;V60 / 2.4 / TD AUT.;ävedska;SWE;osebni avtomobil;230;karavan;V60 
158;1932;6.4;1;VOLVO;BZ8256;XC70 / 2.4 / TD AWD AUT.;ävedska;SWE;osebni avtomobil;205;karavan;XC70 
158;1912;6.4;1;VOLVO;DZ8256;XC60 / 2.4 / TD AWD AUT.;ävedska;SWE;osebni avtomobil;205;karavan;XC60 
158;1813;6.4;1;VOLVO;FW8256;V60 / 2.4 / TD AWD AUT.;ävedska;SWE;osebni avtomobil;225;karavan;V60 
158;1718;6.4;1;VOLVO;AS8256;S80 / 2.4 / TD AWD AUT.;ävedska;SWE;osebni avtomobil;225;limuzina;S80 
158;1715;6.4;1;VOLVO;FW8256;V60 / 2.4 / TD AUT. AWD;ävedska;SWE;osebni avtomobil;225;karavan;V60 
158;1780;6.6;1;VOLVO;BW8256;V70 / 2.4 / TD AWD AUT.;ävedska;SWE;osebni avtomobil;220;karavan;V70 
158;1941;6.8;1;VOLVO;DZ8256;XC60 / 2.4 / TD AWD AUT.;ävedska;SWE;osebni avtomobil;205;karavan;XC60 
158;1936;6.8;1;VOLVO;BZ8256;XC70 / 2.4 / TD AWD AUT.;ävedska;SWE;osebni avtomobil;205;karavan;XC70 
160;1420;10.1;0;SUBARU;GF8LD3;IMPREZA / COMPACT 2.0 / TURBO 4WD;Japonska ;JPN;osebni avtomobil;229;karavan;IMPREZA 
160;1330;10.1;0;SUBARU;GCT-110;IMPREZA / 2.0;Japonska ;JPN;osebni avtomobil;231;limuzina;IMPREZA 
160;2260;10.2;1;JEEP;WHJCE8M-H2;GRAND CHEROKEE / 3.0 / TD AUT.;Zdruûene drûave;USA;osebni avtomobil;200;vecnamensko vozilo;GRAND CHEROKEE 
160;2210;10.2;1;JEEP;WH-JCE8M-H1;GRAND / CHEROKEE / 3.0 / TDI;Zdruûene drûave;USA;osebni avtomobil;200;limuzina;GRAND 
160;2210;10.2;1;JEEP;WHJCE8M;GRAND CHEROKEE / 3.0 / CRD;Zdruûene drûave;USA;osebni avtomobil;200;vecnamensko vozilo;GRAND CHEROKEE 
160;1605;10.2;0;MERCEDES BENZ;T365K0-TBAAA401;CLK / 320 / AUT.;Nemcija;DEU;osebni avtomobil;244;kupe;CLK 
160;1410;10.2;0;SUBARU;GGA-040;IMPREZA / WAGON WRX / AWD;Japonska ;JPN;osebni avtomobil;225;karavan;IMPREZA 
160;2210;10.3;1;JEEP;WHJCE8M-8H15;GRAND CHEROKEE / 3.0 / TD AUT.;Zdruûene drûave;USA;osebni avtomobil;200;vecnamensko vozilo;GRAND CHEROKEE 
160;1466;10.4;0;CHRYSLER;NC9L;CROSS FIRE / 3.2;Zdruûene drûave;USA;osebni avtomobil;250;kupe;CROSS FIRE 
160;1452;10.4;0;CHRYSLER;ZH;CROSS / FIRE / 3.2;Zdruûene drûave;USA;osebni avtomobil;250;kupe;CROSS 
160;2355;10.8;1;JEEP;WHJ3E8M-8H17;COMMANDER / 3.0 / TD AUT.;Zdruûene drûave;USA;osebni avtomobil;191;vecnamensko vozilo;COMMANDER 
160;2315;10.8;1;JEEP;WHJ3E8M-H1;COMMANDER / 3.0 / TD AUT.;Zdruûene drûave;USA;osebni avtomobil;191;vecnamensko vozilo;COMMANDER 
160;1835;4.5;1;AUDI;ACZVBF1-FD7CK004P4G03S57MMEM2;A6 / AVANT / 3.0 / TDI AUT.;Nemcija;DEU;osebni avtomobil;237;karavan;A6 
160;1835;4.6;1;AUDI;ACZVBF1-FD7FD7CK004P4G03S57MMEM2K1;A6 / AVANT 3.0 / TDI AUT.;Nemcija;DEU;osebni avtomobil;237;karavan;A6 
160;1830;4.7;1;AUDI;SCTCCF1-FD7CK004R4G7AS57MMEM2;A7 / 3.0 / TDI AUT.;Nemcija;DEU;osebni avtomobil;239;vozilo z dviûnimi vrati zadaj;A7 
160;1770;4.7;1;AUDI;LCTCCF1-FD7CK004P4G03S57MMEM2;A6 / 3.0 / TDI AUT.;Nemcija;DEU;osebni avtomobil;244;limuzina;A6 
160;1695;4.7;1;AUDI;L2CSWBQ1-QD7QD7CL002P8W14S57MMEM1;A4 / 3.0 / TDI Q AUT.;Nemcija;DEU;osebni avtomobil;250;limuzina;A4 
160;1680;4.7;1;AUDI;C2CSWBQ1-QD7QD7CL002P8W37S47MMEM1;A5 / 3.0 / TDI Q AUT.;Nemcija;DEU;osebni avtomobil;250;kupe;A5 
160;1835;4.8;1;AUDI;ACTCCF1-FD7CK004P4G03S57MMEM2;A6 / AVANT 3.0 / TDI AUT.;Nemcija;DEU;osebni avtomobil;234;karavan;A6 
160;1770;4.8;1;AUDI;LCTCCF1-FD7CK004P4G04S57MMEM2;A6 / 3.0 / TDI AUT.;Nemcija;DEU;osebni avtomobil;244;limuzina;A6 
160;1735;4.8;1;AUDI;A2CSWBQ1-QD7QD7CL002P8W14S57MMEM1K1;A4 AVANT / 3.0 / TDI Q AUT.;Nemcija;DEU;osebni avtomobil;245;karavan;A4 AVANT 
160;1715;4.8;1;AUDI;S2CSWBQ1-QD7QD7CL002P8W37S57MMEM1;A5 / 3.0 / TDI Q AUT.;Nemcija;DEU;osebni avtomobil;250;vozilo z dviûnimi vrati zadaj;A5 
160;1725;4.8;1;BMW;XA31-5A1E0;525 / / d AUT.;Nemcija;DEU;osebni avtomobil;239;limuzina;525
160;1635;4.8;1;BMW;3K71-5A050000;325 / TOURING / D AUT.;Nemcija;DEU;osebni avtomobil;238;karavan;325
160;1565;4.8;1;BMW;8F11-6A250000;325 / / d AUT.;Nemcija;DEU;osebni avtomobil;245;limuzina;325
160;1835;4.9;1;AUDI;ACTCCF1-FD7CK004P4G04S57MMEM2;A6 / AVANT 3.0 / TDI AUT.;Nemcija;DEU;osebni avtomobil;234;karavan;A6 
160;1735;4.9;1;AUDI;A2CSWBQ1-QD7QD7CL002P8W15S57MMEM1K1;A4 AVANT / 3.0 / TDI Q AUT.;Nemcija;DEU;osebni avtomobil;245;karavan;A4 AVANT 
160;1835;4.9;1;BMW;5J71-6A150000;525 / TOURING / d AUT.;Nemcija;DEU;osebni avtomobil;237;karavan;525
160;1725;4.9;1;BMW;5C71-6H150000;525 / / D;Nemcija;DEU;osebni avtomobil;248;limuzina;525
160;1725;4.9;1;BMW;XA31-5A2E0;525 / / d AUT.;Nemcija;DEU;osebni avtomobil;239;limuzina;525
160;1635;4.9;1;BMW;8K51-6A250800;325 / TOURING / d AUT.;Nemcija;DEU;osebni avtomobil;238;karavan;325
160;1550;4.9;1;BMW;3D71-5H050000;325 / / D;Nemcija;DEU;osebni avtomobil;245;limuzina;325
160;1460;4.9;1;BMW;1E71-5H006;125 / / d;Nemcija;DEU;osebni avtomobil;240;karavan;125
160;1905;5.1;1;AUDI;ACZVAQ1-QD7B5034P4G03S57MMEM2;A6 / AVANT / 3.0 / TDI Q AUT.;Nemcija;DEU;osebni avtomobil;237;karavan;A6 
160;1900;5.1;1;AUDI;SCZVAQ1-QD7QD7B5034P4G08S57MMEM2K1;A7 / 3.0 / TDI Q AUT.;Nemcija;DEU;osebni avtomobil;241;vozilo z dviûnimi vrati zadaj;A7 
160;1840;5.1;1;AUDI;LCRTEQ1-QD7B5034P4G03S57MMEM2;A6 / 3.0 / TDI Q AUT.;Nemcija;DEU;osebni avtomobil;244;limuzina;A6 
160;1840;5.1;1;AUDI;LCRTEQ1-QD7B5034P4G03S57MMEM2;A6 / 3.0 / TDI Q AUT.;Nemcija;DEU;osebni avtomobil;244;vozilo za posebne namene;A6 
160;1765;5.1;1;AUDI;H2CSWBQ1-QD7QD7CL006P8W39S57MMEM1;A4 ALLROAD QUATTRO / 3.0 / TDI AUT.;Nemcija;DEU;osebni avtomobil;231;karavan;A4 ALLROAD QUATTRO 
160;1840;5.1;1;BMW;5C91-6A150000;525 / / d xDrive AUT.;Nemcija;DEU;osebni avtomobil;240;limuzina;525
160;1835;5.1;1;BMW;5J71-6A250000;525 / TOURING / d AUT.;Nemcija;DEU;osebni avtomobil;237;karavan;525
160;1825;5.1;1;BMW;XB31-5A1E0;525 / TOURING / d AUT.;Nemcija;DEU;osebni avtomobil;233;karavan;525
160;1795;5.1;1;BMW;XA11-5A1E0;525 / / d xDrive AUT.;Nemcija;DEU;osebni avtomobil;234;limuzina;525
160;1725;5.1;1;BMW;5C71-6H250000;525 / / d;Nemcija;DEU;osebni avtomobil;248;limuzina;525
160;1690;5.1;1;BMW;3Y71-6A250000;325 / GT / d AUT.;Nemcija;DEU;osebni avtomobil;240;limuzina;325
160;1615;5.1;1;BMW;3K71-5H050000;325 / TOURING / d;Nemcija;DEU;osebni avtomobil;238;karavan;325
160;1905;5.2;1;AUDI;ACZVAQ1-QD7B5034P4G04S57MMEM2;A6 / AVANT 3.0 / TDI Q AUT.;Nemcija;DEU;osebni avtomobil;237;karavan;A6 
160;1900;5.2;1;AUDI;SCRTEQ1-QD7B5034R4G70S57MMEM2;A7 / 3.0 / TDI Q AUT.;Nemcija;DEU;osebni avtomobil;239;vozilo z dviûnimi vrati zadaj;A7 
160;1795;5.2;1;BMW;XA11-5A2E0;525 / / d xDrive AUT.;Nemcija;DEU;osebni avtomobil;234;limuzina;525
160;1720;5.2;1;BMW;XA31-5H2E0;525 / / d;Nemcija;DEU;osebni avtomobil;243;limuzina;525
160;1905;5.3;1;AUDI;ACZVAQ1-QD7B5034P4G13S57MMEM2;A6 / AVANT / 3.0 / TDI Q AUT.;Nemcija;DEU;osebni avtomobil;237;karavan;A6 
160;1905;5.3;1;AUDI;ACRTEQ1-QD7B5034P4G03S57MMEM2;A6 / AVANT 3.0 / TDI Q AUT.;Nemcija;DEU;osebni avtomobil;234;karavan;A6 
160;1900;5.3;1;AUDI;SCZVAQ1-QD7QD7B5034P4G09S47MMEM2K1;A7 / 3.0 / TDI Q AUT.;Nemcija;DEU;osebni avtomobil;241;vozilo z dviûnimi vrati zadaj;A7 
160;1840;5.3;1;BMW;5C91-6A250000;525 / / d xDrive AUT.;Nemcija;DEU;osebni avtomobil;240;limuzina;525
160;1835;5.3;1;BMW;5J71-6A350000;525 / TOURING / D AUT.;Nemcija;DEU;osebni avtomobil;237;karavan;525
160;1825;5.3;1;BMW;XB31-5A2E0;525 / TOURING / d AUT.;Nemcija;DEU;osebni avtomobil;233;karavan;525
160;1820;5.3;1;BMW;XB31-5H1E0;525 / TOURING / d;Nemcija;DEU;osebni avtomobil;236;karavan;525
160;1795;5.3;1;BMW;XA11-5A3E0;525 / / d xDrive AUT.;Nemcija;DEU;osebni avtomobil;234;limuzina;525
160;1720;5.3;1;BMW;XA31-5H300;525 / / d;Nemcija;DEU;osebni avtomobil;243;limuzina;525
160;1905;5.4;1;AUDI;ACRTEQ1-QD7B5034P4G06S57MMEM2;A6 / AVANT 3.0 / TDI Q AUT.;Nemcija;DEU;osebni avtomobil;234;karavan;A6 
160;1840;5.4;1;AUDI;LCZVAQ1-QD7QD7B5034P4G04S57MMEM2;A6 / 3.0 / TDI Q AUT.;Nemcija;DEU;osebni avtomobil;245;limuzina;A6 
160;1945;5.4;1;BMW;5J91-6A150000;525 / TOURING / d xDrive AUT.;Nemcija;DEU;osebni avtomobil;231;karavan;525
160;1895;5.4;1;BMW;XB91-5A1E0;525 / TOURING / d xDrive AUT.;Nemcija;DEU;osebni avtomobil;228;karavan;525
160;1840;5.4;1;BMW;5C91-6A350000;525 / / d xDrive AUT.;Nemcija;DEU;osebni avtomobil;240;limuzina;525
160;1825;5.4;1;BMW;XB31-5A3E0;525 / TOURING / d AUT.;Nemcija;DEU;osebni avtomobil;233;karavan;525
160;1820;5.4;1;BMW;XB31-5H2E0;525 / TOURING / D;Nemcija;DEU;osebni avtomobil;236;karavan;525
160;2070;5.5;1;AUDI;XCZZAQ2-QA8D5007P4L017MMEM1S5FL;Q7 / 3.0 / TDI Q AUT.;Nemcija;DEU;osebni avtomobil;216;karavan;Q7 
160;1965;5.5;1;AUDI;HCZVAQ1-QD7B5027P4G07S57MMEM2;A6 ALLROAD QUATTRO / 3.0 / TDI AUT.;Nemcija;DEU;osebni avtomobil;231;karavan;A6 ALLROAD QUATTRO 
160;1905;5.5;1;AUDI;ACZVAQ1-QD7QD7B5034P4G03S57MMEM2;A6 / AVANT 3.0 / TDI Q AUT.;Nemcija;DEU;osebni avtomobil;237;karavan;A6 
160;1670;5.5;1;BMW;VM71-5A0500V0;X1 / XDRIVE 25 /D AUT.;Nemcija;DEU;osebni avtomobil;228;karavan;X1 
160;2070;5.6;1;AUDI;XCZZAQ2-QA8QA8D5007P4L027MMEM1S5FL;Q7 / 3.0 / TDI Q AUT.;Nemcija;DEU;osebni avtomobil;216;karavan;Q7 
160;2033;5.6;1;AUDI;HCRTEQ1-QD7B5027P4G07S57MMEM2;A6 ALLROAD QUATTRO / 3.0 / TDI AUT.;Nemcija;DEU;osebni avtomobil;227;karavan;A6 ALLROAD QUATTRO 
160;1905;5.6;1;AUDI;ACZVAQ1-QD7QD7B5034P4G04S57MMEM2;A6 / AVANT 3.0 / TDI Q AUT.;Nemcija;DEU;osebni avtomobil;237;karavan;A6 
160;2070;5.6;1;BMW;KS01-6A150000;X5 / sDrive 25 / d AUT.;Nemcija;DEU;osebni avtomobil;220;karavan;X5 
160;1945;5.6;1;BMW;5J91-6A250000;525 / TOURING / d xDrive AUT.;Nemcija;DEU;osebni avtomobil;231;karavan;525
160;1895;5.6;1;BMW;XB91-5A2E0;525 / TOURING / d xDrive AUT.;Nemcija;DEU;osebni avtomobil;228;karavan;525
160;1825;5.6;1;BMW;5J71-6H350000;525 / TOURING / D;Nemcija;DEU;osebni avtomobil;240;karavan;525
160;1965;5.7;1;AUDI;HCZVAQ1-QD7QD7B5027P4G07S57MMEM2K1;A6 ALLROAD QUATTRO / 3.0 / TDI AUT.;Nemcija;DEU;osebni avtomobil;231;karavan;A6 ALLROAD QUATTRO 
160;1895;5.7;1;BMW;XB91-5A3E0;525 / TOURING / d xDrive AUT.;Nemcija;DEU;osebni avtomobil;228;karavan;525
160;2135;5.8;1;AUDI;XCZZAQ1-QA8QA8D5007P4L027MMEM1S7FL;Q7 / 3.0 / TDI Q AUT.;Nemcija;DEU;osebni avtomobil;216;karavan;Q7 
160;2115;5.8;1;BMW;KS21-6A15000K;X5 / XDRIVE 25 / D AUT.;Nemcija;DEU;osebni avtomobil;220;karavan;X5 
160;1945;5.8;1;BMW;5J91-6A350000;525 / TOURING / D XDRIVE AUT.;Nemcija;DEU;osebni avtomobil;231;karavan;525
160;2115;5.9;1;BMW;KS21-6A25000K;X5 / xDrive 25 / d AUT.;Nemcija;DEU;osebni avtomobil;220;karavan;X5 
160;1450;6.3;0;BMW;1A51-6A050700;125 / / i AUT.;Nemcija;DEU;osebni avtomobil;243;karavan;125
160;1420;6.6;0;BMW;1A51;125 / / i;Nemcija;DEU;osebni avtomobil;245;vozilo z dviûnimi vrati zadaj;125
160;1685;6.7;1;BMW;NC-71;530;Nemcija;DEU;osebni avtomobil;230;limuzina;530
160;1610;6.7;1;BMW;NC-71;530 / D;Nemcija;DEU;osebni avtomobil;243;limuzina;530
160;1610;6.7;1;BMW;NC-71;530 / D;Nemcija;DEU;osebni avtomobil;230;limuzina;530
160;1555;6.8;0;MERCEDES BENZ;234LP1-MZBA1575;CLA / 250 / 4MATIC;Nemcija;DEU;osebni avtomobil;250;limuzina;CLA 
160;1685;6.9;1;BMW;560L-NC71;530;Nemcija;DEU;osebni avtomobil;245;limuzina;530
160;1670;6.9;1;BMW;NC71-31;530;Nemcija;DEU;osebni avtomobil;245;limuzina;530
160;1610;6.9;1;BMW;560L;530 / D;Nemcija;DEU;osebni avtomobil;245;limuzina;530
160;1595;6.9;1;BMW;NC71-31;530 // D;Nemcija;DEU;osebni avtomobil;243;limuzina;530
160;1575;6.9;0;MERCEDES BENZ;224LP1-MZBA1575;CLA / 250 / 4-MATIC AUT.;Nemcija;DEU;osebni avtomobil;240;karavan;CLA 
160;1525;7.1;0;BMW;WE31-AB;325 / / i AUT.;Nemcija;DEU;osebni avtomobil;250;kupe;325
160;1505;7.1;0;BMW;VE31-AA;325 / / i;Nemcija;DEU;osebni avtomobil;250;limuzina;325
160;2065;7.1;0;MERCEDES BENZ;163-154;ML / 320;Nemcija;DEU;osebni avtomobil;183;vecnamensko vozilo;ML 
160;1760;7.2;1;BMW;560LNJ71-31;530 / TOURING / D;Nemcija;DEU;osebni avtomobil;242;karavan;530
160;1505;7.2;0;BMW;PH31-5A;325 / / i;Nemcija;DEU;osebni avtomobil;250;limuzina;325
160;1880;7.4;1;BMW;PD91-AJ;X3 / xDrive 30 / d;Nemcija;DEU;osebni avtomobil;210;karavan;X3 
160;1665;7.5;1;BMW;560L;530 // D AUT.;Nemcija;DEU;osebni avtomobil;248;limuzina;530
160;1775;7.6;1;BMW;560-L;530 / D;Nemcija;DEU;osebni avtomobil;240;karavan;530
160;1730;7.6;0;BMW;392CWN31AA;325I;Nemcija;DEU;osebni avtomobil;245;kabriolet;325I
160;1595;7.6;0;BMW;UT71-5B;325 / TOURING / i AUT.;Nemcija;DEU;osebni avtomobil;246;karavan;325
160;1885;7.7;1;BMW;X83PD91-AL;X3 / 3.0 / D AUT.;Nemcija;DEU;osebni avtomobil;210;karavan;X3 
160;1810;7.7;1;BMW;PD-91;X3 / 3.0 / D;Nemcija;DEU;osebni avtomobil;220;vozilo z dviûnimi vrati zadaj;X3 
160;1605;7.7;0;BMW;NU71-AB;525 / / i AUT.;Nemcija;DEU;osebni avtomobil;246;limuzina;525
160;1985;7.8;1;BMW;560L;530;Nemcija;DEU;osebni avtomobil;243;limuzina;530
160;1885;7.8;1;BMW;560LNC71-02;530;Nemcija;DEU;osebni avtomobil;243;limuzina;530
160;1760;7.8;0;BMW;WN31-AB;325 / CABRIO / i AUT.;Nemcija;DEU;osebni avtomobil;243;kabriolet;325
160;1760;7.8;1;BMW;560L;530 / D;Nemcija;DEU;osebni avtomobil;242;karavan;530
160;1685;7.8;1;BMW;560LNC71-02;530 / D AUT.;Nemcija;DEU;osebni avtomobil;243;limuzina;530
160;1670;7.8;1;BMW;560L;530 / D;Nemcija;DEU;osebni avtomobil;245;limuzina;530
160;1595;7.8;1;BMW;NC-71;530 / D;Nemcija;DEU;osebni avtomobil;243;limuzina;530
160;1880;7.9;1;BMW;PD91-01;X3 / 3.0 / d;Nemcija;DEU;osebni avtomobil;210;limuzina;X3 
160;1635;7.9;0;BMW;VE51-AB;325 / / xi AUT.;Nemcija;DEU;osebni avtomobil;242;limuzina;325
160;1615;7.9;0;BMW;VE51-AA;325 / / xi;Nemcija;DEU;osebni avtomobil;244;limuzina;325
160;1605;7.9;0;BMW;WE51-AA;325 / / i xDrive;Nemcija;DEU;osebni avtomobil;246;kupe;325
160;1505;7.9;0;MINI;XD11-5A05C;JOHN COOPER WORKS COUNTRYMAN / / AUT.;Nemcija;DEU;osebni avtomobil;223;karavan;JOHN COOPER WORKS COUNTRYMAN 
160;1760;8.1;0;BMW;WN31-02;325 / CABRIO / i AUT.;Nemcija;DEU;osebni avtomobil;243;kabriolet;325
160;1935;8.1;1;CHRYSLER;LXCNXAM-95HD2A;300C / 3.0 / TD AUT.;Zdruûene drûave;USA;osebni avtomobil;230;limuzina;300C 
160;1910;8.1;1;CHRYSLER;LXAE3D-H2;300C / 3.0 / TD AUT.;Zdruûene drûave;USA;osebni avtomobil;230;limuzina;300C 
160;1910;8.1;1;CHRYSLER;LXAE3D-H1;300 C / 3.0 / CRD AUT.;Zdruûene drûave;USA;osebni avtomobil;230;limuzina;300 C 
160;1945;8.3;1;CHRYSLER;LXVE8M;300C / 3.0 / TD AUT.;Zdruûene drûave;USA;osebni avtomobil;227;vozilo z dviûnimi vrati zadaj;300C 
160;1505;8.4;0;BMW;VB11-01;325 / / I;Nemcija;DEU;osebni avtomobil;245;limuzina;325
160;1495;8.4;0;BMW;WB31-01;325 / / i;Nemcija;DEU;osebni avtomobil;247;kupe;325
160;1360;8.4;0;BMW;BU31-01;Z4 / 2.5 / si;Nemcija;DEU;osebni avtomobil;240;kabriolet;Z4 
160;1975;8.5;1;BMW;765GM21-01;730 / / D AUT.;Nemcija;DEU;osebni avtomobil;235;limuzina;730
160;1900;8.5;1;BMW;GM-21;730 / D;Nemcija;DEU;osebni avtomobil;220;limuzina;730
160;2170;8.6;1;BMW;X53FB71-01;X5 / 3.0 / D;Nemcija;DEU;osebni avtomobil;210;limuzina;X5 
160;2170;8.6;1;BMW;FB71-01;X 5 / 3.0;Nemcija;DEU;osebni avtomobil;210;limuzina;X 5 
160;2170;8.6;1;BMW;FB71-05;X5 / 3.0 / D;Nemcija;DEU;osebni avtomobil;210;vecnamensko vozilo;X5 
160;1885;8.6;1;BMW;X83PD91-06;X3 / 3.0 / D AUT.;Nemcija;DEU;osebni avtomobil;220;limuzina;X3 
160;1885;8.6;1;BMW;X83PD51-02;X3 / 3.0 / D AUT.;Nemcija;DEU;osebni avtomobil;210;limuzina;X3 
160;1885;8.6;1;BMW;PD91-02;X3 / 3.0 / d AUT.;Nemcija;DEU;osebni avtomobil;210;karavan;X3 
160;1880;8.6;1;BMW;PD51-01;X 3 / 3.0;Nemcija;DEU;osebni avtomobil;210;limuzina;X 3 
160;1545;8.6;0;BMW;VS11-01;325 / TURING / i;Nemcija;DEU;osebni avtomobil;243;karavan;325
160;1550;8.7;0;BMW;NE51-01;525 / / I;Nemcija;DEU;osebni avtomobil;245;limuzina;525
160;2180;9.4;1;BMW;FB71-06;X 5 / 3.0;Nemcija;DEU;osebni avtomobil;210;limuzina;X 5 
160;2180;9.4;1;BMW;FB71-26;X5 / 3.0 / d AUT.;Nemcija;DEU;osebni avtomobil;210;vecnamensko vozilo;X5 
160;2180;9.4;1;BMW;X53FB71;X5 / 3.0 / D AUT.;Nemcija;DEU;osebni avtomobil;210;limuzina;X5 
160;2180;9.4;1;BMW;FB71-06;BMW / X5 / 3.0 / d AUT.;Nemcija;DEU;osebni avtomobil;210;limuzina;BMW 
160;2150;9.4;1;BMW;X53;X5 / 3.0 / D;Nemcija;DEU;osebni avtomobil;210;limuzina;X5 
160;2105;9.4;1;BMW;X53-FB71-07;X5 / 3.0 / D;Nemcija;DEU;osebni avtomobil;210;limuzina;X5 
160;1675;9.4;0;BMW;VT11-01;325 / TOURING / XI;Nemcija;DEU;osebni avtomobil;240;karavan;325
160;1570;9.4;0;BMW;NE51-32;525;Nemcija;DEU;osebni avtomobil;242;limuzina;525
160;1660;9.5;0;BMW;560LNL51-02;525 / TOURING / I AUT.;Nemcija;DEU;osebni avtomobil;237;karavan;525
160;1680;9.6;0;BMW;NF31-02;525 / / XI AUT.;Nemcija;DEU;osebni avtomobil;232;limuzina;525
160;1795;9.7;0;AUDI;4E-BBJ;A8 / 3.0 / L V-AUT.;Nemcija;DEU;osebni avtomobil;242;limuzina;A8 
160;2170;9.7;1;BMW;X35FB71-05;X5 / 3.0 / D;Nemcija;DEU;osebni avtomobil;210;limuzina;X5 
160;2105;9.7;1;BMW;FB-71;X5 / 3.0 / D;Nemcija;DEU;osebni avtomobil;200;vecnamensko vozilo;X5 
160;2105;9.7;1;BMW;FB-71;X 5 / 3.0;Nemcija;DEU;osebni avtomobil;200;limuzina;X 5 
160;2105;9.7;1;BMW;FB-71;X5 / 3.0 / D;Nemcija;DEU;osebni avtomobil;200;limuzina;X5 
160;2095;9.7;1;BMW;FB71-06;X5 / 3.0 / D;Nemcija;DEU;osebni avtomobil;200;limuzina;X5 
160;1615;9.7;0;BMW;VD11-01;325 / / XI;Nemcija;DEU;osebni avtomobil;242;limuzina;325
160;1635;9.9;0;BMW;VD11-02;325 / / Xi  AUT.;Nemcija;DEU;osebni avtomobil;236;limuzina;325
162;1385;10.1;0;FIAT;175AXD1A03;COUPE / 2.0 / TURBO 20V;Italija;ITA;osebni avtomobil;250;kupe;COUPE 
162;1842;11.4;0;AUDI;AASNQ1-QA5VE0R96Q;A6 / AVANT 3.0 /;Nemcija;DEU;osebni avtomobil;235;karavan;A6 
162;1199;5.2;0;RENAULT;7R400E;CLIO / 1.6 / 16V T. AUT.;Francija;FRA;osebni avtomobil;199;karavan;CLIO 
162;1906;5.7;1;VOLVO;DDZ97-DZ97C6;XC 60 / 2.4 / TD AUT. AWD;ävedska;SWE;osebni avtomobil;210;karavan;XC 60 
162;1801;5.7;1;VOLVO;DDZ97-DZ97C6;XC60 / 2.4 / TD AUT. AWD;ävedska;SWE;osebni avtomobil;210;karavan;XC60 
162;1813;5.8;1;VOLVO;BBZ97-BZ97C6;XC 70/ 2.0 / TD AUT. AWD;ävedska;SWE;osebni avtomobil;210;karavan;XC 70
162;1579;5.9;0;RENAULT;5R930D;CLIO / 1.6 / 16V T. AUT.;Francija;FRA;osebni avtomobil;235;vozilo z dviûnimi vrati zadaj;CLIO 
162;1505;6.2;0;äKODA;AACHHBX01-NFD6FD6D9011ST657;SUPERB / 2.0 / TSI AUT.;Ceöka republika;CZE;osebni avtomobil;245;limuzina;SUPERB 
162;1447;6.2;0;äKODA;ACCHHBX0-NFM6FM62Q037V2ML7;OCTAVIA / COMBI 2.0 / TSI;Ceöka republika;CZE;osebni avtomobil;244;karavan;OCTAVIA 
162;1442;6.2;0;äKODA;ACCHHBX0-RFM6FM62Q037V2ML647;OCTAVIA / COMBI 2.0 / TSI;Ceöka republika;CZE;osebni avtomobil;244;karavan;OCTAVIA 
162;1425;6.2;0;äKODA;AACHHBX0-NFM6FM62Q037V2ML7;OCTAVIA / 2.0 / TSI;Ceöka republika;CZE;osebni avtomobil;248;limuzina;OCTAVIA 
162;1420;6.2;0;äKODA;AACHHBX0-RFM6FM62Q037V2ML647;OCTAVIA / 2.0 / TSI;Ceöka republika;CZE;osebni avtomobil;248;limuzina;OCTAVIA 
162;1505;6.2;0;VOLKSWAGEN;AACXDAX0-FD6FD6D9011SV7MMVR266;PASSAT / 2.0 / TSI AUT.;Nemcija;DEU;osebni avtomobil;246;limuzina;PASSAT 
162;1525;6.3;0;äKODA;ACCHHBX01-NFD6FD6D9011ST657;SUPERB / COMBI 2.0 / TSI AUT.;Ceöka republika;CZE;osebni avtomobil;243;karavan;SUPERB 
162;1442;6.3;0;äKODA;ACCHHBX0-RFM6FM62Q037V2ML647;OCTAVIA / COMBI 2.0 / TSI;Ceöka republika;CZE;osebni avtomobil;244;karavan;OCTAVIA 
162;1505;6.3;0;VOLKSWAGEN;AACHHBX0-FD6FD6D9011SV7MMVR265;PASSAT / 2.0 / TSI AUT.;Nemcija;DEU;osebni avtomobil;246;limuzina;PASSAT 
162;1392;6.3;0;VOLKSWAGEN;GAC4CHHBX0-FD6FD6D9011S7MMON1ML71VR2;GOLF / 2.0 / TSI AUT.;Nemcija;DEU;osebni avtomobil;244;karavan;GOLF 
162;1370;6.3;0;VOLKSWAGEN;GAC2CXDAX0-FD6FD6D9011S7MMMN1ML71VR2;GOLF / 2.0 / TSI AUT.;Nemcija;DEU;osebni avtomobil;244;karavan;GOLF 
162;1467;6.4;0;äKODA;ACCHHBX0-NFD6FD6D9005V2ML7;OCTAVIA / COMBI 2.0 / TSI AUT.;Ceöka republika;CZE;osebni avtomobil;242;karavan;OCTAVIA 
162;1445;6.4;0;äKODA;AACHHBX0-NFD6FD6D9005V2ML7;OCTAVIA / 2.0 / TSI AUT.;Ceöka republika;CZE;osebni avtomobil;245;limuzina;OCTAVIA 
162;1550;6.4;0;VOLKSWAGEN;ACCXDAX0-FD6FD6D9011SV7MMVR265;PASSAT / VARIANT 2.0 / TSI AUT.;Nemcija;DEU;osebni avtomobil;244;karavan;PASSAT 
162;1392;6.4;0;VOLKSWAGEN;AC4CHHBX0-FD6FD6D9005S7MMOMLVR2;GOLF / 2.0 / TSI AUT.;Nemcija;DEU;osebni avtomobil;244;karavan;GOLF 
162;1370;6.4;0;VOLKSWAGEN;GAC2CHHBX0-FD6FD6D9005S7MMON1ML00VR2;GOLF / 2.0 / TSI AUT.;Nemcija;DEU;osebni avtomobil;244;karavan;GOLF 
162;1462;6.5;0;äKODA;ACCHHBX0-RFD6FD6D9011V2MLN647;OCTAVIA / COMBI 2.0 / TSI AUT.;Ceöka republika;CZE;osebni avtomobil;242;karavan;OCTAVIA 
162;1525;6.7;0;AUDI;8V;A3 / 2.0 / TFSI Q AUT.;Nemcija;DEU;osebni avtomobil;250;limuzina;A3 
162;1640;6.8;0;AUDI;XCULCQ1-QD7BH002P8U067MMEM1;Q3 / 2.0 / TFSI Q AUT.;Nemcija;DEU;osebni avtomobil;233;karavan;Q3 
162;1451;6.8;0;VOLKSWAGEN;ABCULCX0-FD6FD62E033LLN617MMVIVR2;BEETLE / 2.0 / TSI AUT.;Nemcija;DEU;osebni avtomobil;231;vozilo z dviûnimi vrati zadaj;BEETLE 
162;1677;6.9;0;VOLKSWAGEN;ACCHHBX1-AD7AD7DL004CH7MMVR270;PASSAT / ALLTRACK 2.0 / TSI 4M AUT.;Nemcija;DEU;osebni avtomobil;231;karavan;PASSAT 
162;1838;7.3;0;SEAT;DEDAX0AF-FD6FD62E0337MMN7VR2SE64;ALHAMBRA / 2.0 / TSI AUT.;äpanija;ESP;osebni avtomobil;226;vecnamensko vozilo;ALHAMBRA 
162;1838;7.3;0;VOLKSWAGEN;DEDAX0AFFD6-FD62E0337MMN7VR2VW64;SHARAN / 2.0 / TSI AUT.;Nemcija;DEU;osebni avtomobil;226;vecnamensko vozilo;SHARAN 
162;1790;7.3;0;VOLKSWAGEN;DEDAX0ACFD6-FD62E0337MMN5VR2VW64;SHARAN / 2.0 / TSI AUT.;Nemcija;DEU;osebni avtomobil;226;karavan;SHARAN 
162;1463;7.5;0;RENAULT;KZ1W0H;MEGANE / GRANDTOUR 2.0 / 16V;Francija;FRA;osebni avtomobil;240;karavan;MEGANE 
162;1669;7.7;0;VOLKSWAGEN;ACCHHBX1-AD7AD7DL004GN5R4NVR27MM63;TIGUAN / 2.0 / TSI 4M AUT.;Nemcija;DEU;osebni avtomobil;225;karavan;TIGUAN 
162;1669;7.8;0;VOLKSWAGEN;ACCHHBX1-AD7AD7DL004GN5R4NVR27MM63;TIGUAN / 2.0 / TSI 4M AUT.;Nemcija;DEU;osebni avtomobil;225;karavan;TIGUAN 
162;1725;8.9;0;OPEL;FE11-1A15C9BHBDM5;INSIGNIA / CAR. 2.0 / 16V TURBO;Nemcija;DEU;osebni avtomobil;236;karavan;INSIGNIA 
162;1613;8.9;0;OPEL;BE11-1A02A6APBDN5;INSIGNIA / 2.0 / 16V TURBO;Nemcija;DEU;osebni avtomobil;242;limuzina;INSIGNIA 
162;1931;9.1;0;OPEL;FE21-3AAGE4BJBDN5;INSIGNIA / CAR. 2.0 / 16V TURBO AWD;Nemcija;DEU;osebni avtomobil;234;vecnamensko vozilo;INSIGNIA 
162;1720;9.1;0;VOLVO;MC6851;C70 / T5 / 6p;ävedska;SWE;osebni avtomobil;240;kabriolet;C70 
162;1733;9.2;0;OPEL;BE21-2A09B1ASBDN5;INSIGNIA / 2.0 / 16V TURBO AWD;Nemcija;DEU;osebni avtomobil;240;limuzina;INSIGNIA 
162;1567;9.3;0;FORD;BA7-HUBA1E5D;MONDEO / 2.5 /;Nemcija;DEU;osebni avtomobil;245;vozilo z dviûnimi vrati zadaj;MONDEO 
162;1843;9.3;0;OPEL;FE21-2A12E4BJBDP5;INSIGNIA / CAR. 2.0 / 16V TURBO AWD;Nemcija;DEU;osebni avtomobil;234;vecnamensko vozilo;INSIGNIA 
162;1681;9.4;0;FORD;WA6HUWA-1S7DHAQF;S-MAX / 2.5 /;Nemcija;DEU;osebni avtomobil;230;vecnamensko vozilo;S-MAX 
162;1492;9.5;0;VOLVO;MW68-49;V50 / 2.5 / T5 AUT.;ävedska;SWE;osebni avtomobil;235;karavan;V50 
162;1450;9.6;0;AUDI;LASNF1-FM52FER8E610;A4 / 3.0 /;Nemcija;DEU;osebni avtomobil;245;limuzina;A4 
162;1670;9.6;0;OPEL;DE11-1A05C4AGCCP5;INSIGNIA / 2.0 / 16V TURBO AUT.;Nemcija;DEU;osebni avtomobil;240;vecnamensko vozilo;INSIGNIA 
162;1525;9.6;0;SAAB;YS3EE4A-M01;9-5 / 2.3 / T;ävedska;SWE;osebni avtomobil;235;limuzina;09-May
162;1733;9.7;0;OPEL;FE11-1A09C7BDCCL5;INSIGNIA / CAR. 2.0 / 16V TURBO AUT.;Nemcija;DEU;osebni avtomobil;234;karavan;INSIGNIA 
162;1685;9.8;0;AUDI;8HKASNF1-FAVJ00R8H61Q;A4 / CABRIOLET 3.0 / AUT.;Nemcija;DEU;osebni avtomobil;243;kabriolet;A4 
162;1785;9.8;0;OPEL;DE21-3A10B6AXCCN5;INSIGNIA / 2.0 / 16V TURBO AWD AUT.;Nemcija;DEU;osebni avtomobil;237;vecnamensko vozilo;INSIGNIA 
162;1843;9.9;0;OPEL;FE21-2A12D1BKCCN5;INSIGNIA / CAR. 2.0 / 16V TURBO AWD AUT.;Nemcija;DEU;osebni avtomobil;232;karavan;INSIGNIA 
162;1475;9.9;0;PORSCHE;986;BOXSTER / /;Nemcija;DEU;osebni avtomobil;250;kabriolet;BOXSTER 
165;1730;10.4;0;MERCEDES BENZ;U065K1-THAAA500;MERCEDES BENZ / E / 320 / 4-MATIC AUT.;Nemcija;DEU;osebni avtomobil;240;limuzina;MERCEDES BENZ 
165;2376;10.4;1;VOLKSWAGEN;ACBKSX11-AM6AM68D020171BSN7GG;TOUAREG / 3.0 / TDI;Nemcija;DEU;osebni avtomobil;212;karavan;TOUAREG 
165;2550;10.6;1;VOLKSWAGEN;7J;TOUAREG / 3.0 / TDI AUT.;Nemcija;DEU;osebni avtomobil;205;karavan;TOUAREG 
165;2519;10.6;1;VOLKSWAGEN;ACBKSX11-AM6AM68D019171BSV7GG;TOUAREG / 3.0 / TDI;Nemcija;DEU;osebni avtomobil;206;karavan;TOUAREG 
165;2396;10.7;1;VOLKSWAGEN;ACBKSX11-AA6AA69D066171BSN7GG;TOUAREG / 3.0 / TDI AUT.;Nemcija;DEU;osebni avtomobil;209;karavan;TOUAREG 
165;2396;10.7;1;VOLKSWAGEN;7L-BKS;TOUAREG / 3.0;Nemcija;DEU;osebni avtomobil;209;vecnamensko vozilo;TOUAREG 
165;2396;10.7;1;VOLKSWAGEN;ACBKSX11-AA6AA69D066171BAN7GG;TOUAREG / 3.0 / TDI AUT.;Nemcija;DEU;osebni avtomobil;202;karavan;TOUAREG 
165;2387;10.7;1;VOLKSWAGEN;ACBKSX;TOUAREG / 3.0 / TDI;Nemcija;DEU;osebni avtomobil;205;karavan;TOUAREG 
165;1870;10.8;0;MERCEDES BENZ;211KU265K1-THAAA500;E / 320 T / 4-MATIC AUT.;Nemcija;DEU;osebni avtomobil;229;karavan;E 
165;2588;10.9;1;VOLKSWAGEN;ACBKSX11-AA6AA69D052171BSW7GG;TOUAREG / 3.0 / TDI AUT.;Nemcija;DEU;osebni avtomobil;205;karavan;TOUAREG 
165;2581;10.9;1;VOLKSWAGEN;ACBKSX11-AA6AA69D05217N1BSV7GG;TOUAREG / 3.0 / TDI AUT.;Nemcija;DEU;osebni avtomobil;205;karavan;TOUAREG 
165;2566;10.9;1;VOLKSWAGEN;ACBKSX11-AA6AA69D052171BSV7GG;TOUAREG / 3.0 / TDI AUT.;Nemcija;DEU;osebni avtomobil;205;karavan;TOUAREG 
165;2522;10.9;1;VOLKSWAGEN;7L-BKS;TOUAREG / 3.0 / TDI AUT.;Nemcija;DEU;osebni avtomobil;205;karavan;TOUAREG 
165;2511;10.9;1;VOLKSWAGEN;7LACBKSX11-AA6AA69D052171BSV7GG;TOUAREG / 3.0 / TDI AUT.;Nemcija;DEU;osebni avtomobil;205;karavan;TOUAREG 
165;2506;10.9;1;VOLKSWAGEN;ACBKSX11-AA6AA69D052171BAV7GG;TOUAREG / 3.0 / TDI AUT.;Nemcija;DEU;osebni avtomobil;201;karavan;TOUAREG 
165;2421;10.9;1;VOLKSWAGEN;7L;TOUAREG / 3.0;Nemcija;DEU;osebni avtomobil;205;limuzina;TOUAREG 
165;2396;10.9;1;VOLKSWAGEN;7L;TOUAREG / 3.0 / TDI;Nemcija;DEU;osebni avtomobil;209;karavan;TOUAREG 
165;2387;10.9;1;VOLKSWAGEN;ACBKSX11-AA6AA69D05217N1BAV7GG;TOUAREG / 3.0 / TDI AUT.;Nemcija;DEU;osebni avtomobil;201;karavan;TOUAREG 
165;2445;11.1;1;MERCEDES BENZ;463;G / 320 / CDI;Nemcija;DEU;osebni avtomobil;177;karavan;G 
165;1740;11.5;1;MERCEDES BENZ;MB-219;CLS / 320 / CDI;Nemcija;DEU;osebni avtomobil;246;limuzina;CLS 
165;2505;11.6;1;MERCEDES BENZ;164-729;GL / 320 / CDI;Nemcija;DEU;osebni avtomobil;230;karavan;GL 
165;2145;16.4;0;LAND ROVER;LPAMJ4;RANGE ROVER / 4.6 / HSE;Zdruûeno kraljestvo;GBR;osebni avtomobil;196;karavan;RANGE ROVER 
165;1593;4.5;1;VOLVO;FFSA4-FSA4CD;S 60 / 2.0 / TD AUT.;ävedska;SWE;osebni avtomobil;230;limuzina;S 60 
165;1505;4.6;1;BMW;1T31-6A250700;125 / / d AUT.;Nemcija;DEU;osebni avtomobil;240;karavan;125
165;1635;4.8;1;BMW;4F31-6A250000;425 / d AUT.;Nemcija;DEU;osebni avtomobil;247;limuzina;425
165;1624;4.8;1;VOLVO;FFWA4-FWA4CD;V60 / 2.0 / TD AUT.;ävedska;SWE;osebni avtomobil;230;karavan;V60 
165;1820;5.1;1;BMW;4U51-6A240000;425 / CABRIO / D AUT.;Nemcija;DEU;osebni avtomobil;241;kabriolet;425
165;2130;5.8;1;VOLVO;LLFA4-LFA4BC;XC90 / 2.0 / TD AWD AUT.;ävedska;SWE;osebni avtomobil;220;vecnamensko vozilo;XC90 
165;1999;5.8;1;VOLVO;LLCA4-LCA4BC;XC90 / 2.0 / TD AWD AUT.;ävedska;SWE;osebni avtomobil;220;vecnamensko vozilo;XC90 
165;1575;5.9;0;AUDI;SCNCDF1-FM6B1004RB8T1S47MMEM1;A5 / 2.0 / TFSI;Nemcija;DEU;osebni avtomobil;250;vozilo z dviûnimi vrati zadaj;A5 
165;1455;6.2;0;MERCEDES BENZ;X246T2-GZAA150B;A / 250 / AUT.;Nemcija;DEU;osebni avtomobil;250;karavan;A 
165;1455;6.4;0;MERCEDES BENZ;X246T2-GZAA152B;A / 250 / AUT.;Nemcija;DEU;osebni avtomobil;250;karavan;A 
165;1690;6.7;0;AUDI;SCNCDQ1-QD7B5037RB8T1S47MMEM1;A5 / 2.0 / TFSI Q AUT.;Nemcija;DEU;osebni avtomobil;245;vozilo z dviûnimi vrati zadaj;A5 
165;2220;6.8;1;MERCEDES BENZ;251-0720K1;R / 320 / CDI;Nemcija;DEU;osebni avtomobil;222;karavan;R 
165;1771;6.8;0;RENAULT;RFCJE4M1BA00005000;ESPACE / 1.8 / 16V AUT.;Francija;FRA;osebni avtomobil;224;vozilo z dviûnimi vrati zadaj;ESPACE 
165;1724;6.8;0;RENAULT;RFCJE4M1BA00107000;ESPACE / 1.8 / 16V AUT.;Francija;FRA;osebni avtomobil;224;vozilo z dviûnimi vrati zadaj;ESPACE 
165;1685;6.8;0;RENAULT;RFCJE4M1BA00105000;ESPACE / 1.8 / 16V AUT.;Francija;FRA;osebni avtomobil;224;vozilo z dviûnimi vrati zadaj;ESPACE 
165;1810;6.9;0;AUDI;KCNCDQ1-QD7B5037RB8TAS47MMEM1;A5 CABRIOLET / 2.0 / TFSI Q AUT.;Nemcija;DEU;osebni avtomobil;240;kabriolet;A5 CABRIOLET 
165;2375;7.1;1;MERCEDES BENZ;B220K1-NKAAA500;ML / 320 / CDI AUT.;Nemcija;DEU;osebni avtomobil;210;karavan;ML 
165;2185;7.1;1;MERCEDES BENZ;164-B220K1;ML / 320 / CDI;Nemcija;DEU;osebni avtomobil;215;karavan;ML 
165;2185;7.1;1;MERCEDES BENZ;164-122;ML / 320 / CDI;Nemcija;DEU;osebni avtomobil;215;vecnamensko vozilo;ML 
165;1525;7.1;0;MERCEDES BENZ;X046T1-GZAZ152A;A / 250 / 4-MATIC AUT.;Nemcija;DEU;osebni avtomobil;250;limuzina;A 
165;1660;7.2;1;MERCEDES BENZ;T320K0-KZAAA401;CLK / 320 / CDI;Nemcija;DEU;osebni avtomobil;246;kupe;CLK 
165;1571;7.2;0;PEUGEOT;F35GGR-C1B000;508 / 1.6 / AUT.;Francija;FRA;osebni avtomobil;250;vozilo z dviûnimi vrati zadaj;508
165;1740;7.3;1;MERCEDES BENZ;U020L0-NBAAA500;E / 320 / CDI AUT.;Nemcija;DEU;osebni avtomobil;250;limuzina;E 
165;1700;7.3;1;MERCEDES BENZ;H020K0-NZAAA500;C / 320 / CDI AUT.;Nemcija;DEU;osebni avtomobil;250;limuzina;C 
165;1562;7.3;0;PEUGEOT;F35GGR-C1B000;508 / 1.6 / AUT.;Francija;FRA;osebni avtomobil;250;vozilo z dviûnimi vrati zadaj;508
165;1392;7.3;0;PEUGEOT;L35GGR-C1B000;308 / 1.6 / AUT.;Francija;FRA;osebni avtomobil;235;vozilo z dviûnimi vrati zadaj;308
165;1700;7.4;1;MERCEDES BENZ;H020K0-NZAAA500;C/320/CDI;Nemcija;DEU;osebni avtomobil;250;limuzina;C
165;1700;7.4;1;MERCEDES BENZ;H020K0-NZAAA500;C / 320 / CDI AUT.;Nemcija;DEU;osebni avtomobil;250;limuzina;C 
165;1795;7.5;0;AUDI;XCNCDQ1-QM6B2017R8R7B7MMEM1G;Q5 / 2.0 / TFSI Q;Nemcija;DEU;osebni avtomobil;222;karavan;Q5 
165;1885;7.6;1;MERCEDES BENZ;U220K0-NCAAA500;E / 320 T / CDI AUT.;Nemcija;DEU;osebni avtomobil;240;karavan;E 
165;1815;7.6;1;MERCEDES BENZ;E320K0-NZAAA400;CLS / 350 / CDI AUT.;Nemcija;DEU;osebni avtomobil;246;limuzina;CLS 
165;1760;7.6;1;MERCEDES BENZ;H020K1-NZAAA500;C / 320 / 4-MATIC CDI AUT.;Nemcija;DEU;osebni avtomobil;250;limuzina;C 
165;1750;7.6;1;MERCEDES BENZ;U020K0-NZBBA511;E / 320 / CDI AUT.;Nemcija;DEU;osebni avtomobil;250;limuzina;E 
165;1600;7.6;0;MERCEDES BENZ;OH46T1-JZAA150A;GLA / 250 / 4-MATIC AUT.;Nemcija;DEU;osebni avtomobil;240;karavan;GLA 
165;1810;7.7;1;MERCEDES BENZ;H220K1-NZAAA500;C / 320 T / 4-MATIC CDI AUT.;Nemcija;DEU;osebni avtomobil;244;karavan;C 
165;1805;7.7;1;MERCEDES BENZ;T420K0-NBAAA401;CLK CABRIO / 320 / CDI AUT.;Nemcija;DEU;osebni avtomobil;246;kabriolet;CLK CABRIO 
165;1760;7.7;1;MERCEDES BENZ;H020K1-NZAAA500;C / 320 / 4-MATIC CDI AUT.;Nemcija;DEU;osebni avtomobil;250;limuzina;C 
165;1680;7.7;1;MERCEDES BENZ;T320K0-NZAAA401;CLK / 320 / CDI AUT.;Nemcija;DEU;osebni avtomobil;250;kupe;CLK 
165;1600;7.7;0;MERCEDES BENZ;OH46T1-JZAZ152A;GLA / 250 / 4-MATIC AUT.;Nemcija;DEU;osebni avtomobil;240;karavan;GLA 
165;1830;7.9;0;AUDI;XCNCDQ1-QA8BK022R8R717MMEM1G;Q5 / 2.0 / TFSI Q AUT.;Nemcija;DEU;osebni avtomobil;222;karavan;Q5 
165;1835;7.9;1;MERCEDES BENZ;U020K1-SBAAA500;E / 320 / 4-MATIC CDI AUT.;Nemcija;DEU;osebni avtomobil;244;limuzina;E 
165;1970;8.1;1;AUDI;ABMKQ1-QM63B0R4F800GGS;A6 / AVANT 3.0 / TDI Q;Nemcija;DEU;osebni avtomobil;240;karavan;A6 
165;1962;8.1;1;AUDI;ABMKQ1-QM63B0R4F600GGS;A 6 / AVANT 3.0;Nemcija;DEU;osebni avtomobil;240;karavan;A 6 
165;1900;8.1;1;AUDI;ABMKQ1-QM63B0R4F607GGR;A6 / AVANT 3.0 / TDI Q;Nemcija;DEU;osebni avtomobil;240;karavan;A6 
165;1885;8.1;1;MERCEDES BENZ;211K;E / 320 / CDI;Nemcija;DEU;osebni avtomobil;240;karavan;E 
165;1815;8.1;1;MERCEDES BENZ;219-E320K0-NZAAA411;CLS / 320 / CDI;Nemcija;DEU;osebni avtomobil;246;limuzina;CLS 
165;2030;8.2;1;AUDI;4FABMKQ1-QM63B0R4F607GGS;A6 / AVANT 3.0 / TDI Q;Nemcija;DEU;osebni avtomobil;240;karavan;A6 
165;1900;8.2;1;AUDI;4F;A6 / 3.0 / TDI  QUATTRO;Nemcija;DEU;osebni avtomobil;240;karavan;A6 
165;1880;8.2;1;AUDI;4F-BMK;A6 / AVANT 3.0 / TDI Q;Nemcija;DEU;osebni avtomobil;240;karavan;A6 
165;1900;8.3;1;AUDI;LBMKQ1-QA6LA0R4F800GGQ;A6 / 3.0 / TDI Q AUT.;Nemcija;DEU;osebni avtomobil;245;karavan;A6 
165;1840;8.3;1;AUDI;4F-BMK;A 6 / 3.0;Nemcija;DEU;osebni avtomobil;243;limuzina;A 6 
165;1840;8.3;1;AUDI;4F-BMK;A6 / 3.0 / TDI Q AUT.;Nemcija;DEU;osebni avtomobil;243;limuzina;A6 
165;1990;8.4;1;AUDI;ABMKQ1-QA6LA0R4F600GGR;A6 / AVANT 3.0 / TDI Q AUT.;Nemcija;DEU;osebni avtomobil;240;karavan;A6 
165;1949;8.4;1;AUDI;4F LBMKQ1-QA6LA0R4F60R;A 6 / 3.0;Nemcija;DEU;osebni avtomobil;243;limuzina;A 6 
165;1947;8.4;1;AUDI;LBMKQ1-QA6LA0R4F600GGR;A6 / 3.0 / TDI Q AUT.;Nemcija;DEU;osebni avtomobil;243;limuzina;A6 
165;1944;8.4;1;AUDI;LBMKQ1-QA6LA0R4F600GGR;A 6 / 3.0;Nemcija;DEU;osebni avtomobil;245;limuzina;A 6 
165;1943;8.4;1;AUDI;LBMKQ1-QA6LA0R4F600GGR;A 6 / 3.0;Nemcija;DEU;osebni avtomobil;243;limuzina;A 6 
165;1941;8.4;1;AUDI;LBMKQ1-QA6LA0R4F600GGR;A6 / 3.0 / TDI Q AUT.;Nemcija;DEU;osebni avtomobil;245;limuzina;A6 
165;1930;8.4;1;AUDI;4FLBMKQ1-QA6LA0R4F600GGR;A6 / 3.0 / TDI Q AUT.;Nemcija;DEU;osebni avtomobil;245;limuzina;A6 
165;1930;8.4;1;AUDI;LBMKQ1-QA6LA0R4F60R;A6 / 3.0 / TDI Q AUT.;Nemcija;DEU;osebni avtomobil;243;limuzina;A6 
165;1924;8.4;1;AUDI;4F;A6 / 3.0 / TDI / QATTRO;Nemcija;DEU;osebni avtomobil;243;limuzina;A6 
165;1921;8.4;1;AUDI;4F-BMK;A6 / 3.0 / TDI Q AUT.;Nemcija;DEU;osebni avtomobil;243;limuzina;A6 
165;1912;8.4;1;AUDI;ABMKQ1-QA6LA0R4F900GGS;A6 / AVANT 3.0 / TDI Q AUT.;Nemcija;DEU;osebni avtomobil;240;karavan;A6 
165;1905;8.4;1;AUDI;4FLBMKQ1-QA6LA0R4F60R;A6 / 3.0 / TDI Q AUT.;Nemcija;DEU;osebni avtomobil;243;limuzina;A6 
165;1840;8.4;1;AUDI;4F;A6 / 3.0 / TDI / QATTRO;Nemcija;DEU;osebni avtomobil;245;limuzina;A6 
165;1840;8.4;1;AUDI;LBMKQ1-QA6LA0R4F700GGR;A6 / 3.0 / TDI Q AUT.;Nemcija;DEU;osebni avtomobil;243;limuzina;A6 
165;1840;8.4;1;AUDI;4FLBMKQ1-QA6LA0R4F60R;A 6 / 3.0;Nemcija;DEU;osebni avtomobil;243;limuzina;A 6 
165;1839;8.4;1;AUDI;4F LBMKQ1-QA6LA0R4F60R;AUDI / A6 / 3.0 / TDI Q AUT.;Nemcija;DEU;osebni avtomobil;243;limuzina;AUDI 
165;1880;8.4;1;MERCEDES BENZ;H720K1-NZAAA501;GLK / 320 CDI / 4-MATIC AUT.;Nemcija;DEU;osebni avtomobil;220;karavan;GLK 
165;2074;8.5;1;AUDI;ABMKQ1-QA6LA0R4F907GGS;A6 / AVANT 3.0 / TDI Q AUT.;Nemcija;DEU;osebni avtomobil;240;karavan;A6 
165;2046;8.5;1;AUDI;ABMKQ1-QA6LA0R4F600GGS;A6 / AVANT 3.0 / TDI Q AUT.;Nemcija;DEU;osebni avtomobil;240;karavan;A6 
165;2021;8.5;1;AUDI;ABMKQ1-QA6LA0R4F600GGS;A 6 / AVANT 3.0;Nemcija;DEU;osebni avtomobil;240;karavan;A 6 
165;1998;8.5;1;AUDI;LBMKQ1-QA6LA0R4F600GGS;A6 / 3.0 / TDI Q AUT.;Nemcija;DEU;osebni avtomobil;245;limuzina;A6 
165;1970;8.5;1;AUDI;LBMKQ1-QA6LA0R4F600GGS;A 6 / 3.0;Nemcija;DEU;osebni avtomobil;245;limuzina;A 6 
165;1944;8.5;1;AUDI;4FLBMKQ1-QA6LA0R4F607GGR;A6 / 3.0 / TDI Q AUT.;Nemcija;DEU;osebni avtomobil;245;limuzina;A6 
165;1941;8.5;1;AUDI;LBMKQ1-QA6LA0R4F600GGR;A 6 / 3.0;Nemcija;DEU;osebni avtomobil;245;limuzina;A 6 
165;1938;8.5;1;AUDI;LBMKQ1-QA6LA0R4F600GGQ;A6 / 3.0 / TDI Q AUT.;Nemcija;DEU;osebni avtomobil;243;limuzina;A6 
165;1936;8.5;1;AUDI;4FLBMKQ1-QA6LAOR4F60R;A6 / 3.0 / TDI Q AUT.;Nemcija;DEU;osebni avtomobil;243;limuzina;A6 
165;1912;8.5;1;AUDI;4F ABMKQ1-QA6LA0R4F600GGS;A6 / AVANT 3.0 / TDI QUATRO AUT.;Nemcija;DEU;osebni avtomobil;240;karavan;A6 
165;1903;8.5;1;AUDI;LBMKQ1-QA6LA0R4F600GGR;A6 / 3.0 / TDI Q AUT.;Nemcija;DEU;osebni avtomobil;245;limuzina;A6 
165;1900;8.5;1;AUDI;ABMKQ1-QA6LA0R4F700GGS;A6 / AVANT 3.0 / TDI Q AUT.;Nemcija;DEU;osebni avtomobil;240;karavan;A6 
165;1891;8.5;1;AUDI;4F LBMKQ1-QA6LA0R4F60S;A 6 / 3.0;Nemcija;DEU;osebni avtomobil;243;limuzina;A 6 
165;1855;8.5;1;AUDI;LBMKQ1-QA6LA0R4F800GGS;A6 / 3.0 / TDI Q AUT.;Nemcija;DEU;osebni avtomobil;245;limuzina;A6 
165;1847;8.5;1;AUDI;4-F;A6 / 3.0 / TDI  QUATTRO;Nemcija;DEU;osebni avtomobil;243;limuzina;A6 
165;1840;8.5;1;AUDI;LBMKQ1-QA6LA0R4F807GGR;A6 / 3.0 / TDI Q AUT.;Nemcija;DEU;osebni avtomobil;245;limuzina;A6 
165;1840;8.5;1;AUDI;4FLBMKQ1-QA6LA0R4F607GGR;A 6 / 3.0;Nemcija;DEU;osebni avtomobil;245;limuzina;A 6 
165;1840;8.5;1;AUDI;4F-BMK;A6 / 3.0 / TDI Q AUT.;Nemcija;DEU;osebni avtomobil;243;limuzina;A6 
165;2371;8.5;1;MERCEDES BENZ;LAB61305N-2A1K2V28;VIANO / 3.0 / CDI AUT. BlueEFFICIENCY;Nemcija;DEU;osebni avtomobil;201;vecnamensko vozilo;VIANO 
165;2330;8.5;1;MERCEDES BENZ;LAB61305N-2A1G2U28;VIANO / 3.0 / CDI AUT. BlueEFFICIENCY;Nemcija;DEU;osebni avtomobil;201;vecnamensko vozilo;VIANO 
165;1670;8.5;0;MERCEDES BENZ;OX46T1-JZAZ154A;GLB / 250 / 4-MATIC AUT.;Nemcija;DEU;osebni avtomobil;236;karavan;GLB 
165;2075;8.6;1;AUDI;ABMKQ1-QA6LA0R4F907GGS;A6 / AVANT 3.0 / TDI Q AUT.;Nemcija;DEU;osebni avtomobil;240;karavan;A6 
165;2021;8.6;1;AUDI;4FABMKQ1-QA6LA0R4F807GGS;A6 / AVANT 3.0 / TDI Q AUT.;Nemcija;DEU;osebni avtomobil;240;karavan;A6 
165;2020;8.6;1;AUDI;LBMKQ1-QA6LA0R4F807GGS;A6 / 3.0 / TDI Q AUT.;Nemcija;DEU;osebni avtomobil;245;limuzina;A6 
165;2017;8.6;1;AUDI;4F;A6 / 3.0 / TDI  QATTRO;Nemcija;DEU;osebni avtomobil;240;karavan;A6 
165;2015;8.6;1;AUDI;4FABMKQ1-QA6LA0R4F907GGS;A6 / AVANT 3.0 / TDI Q AUT.;Nemcija;DEU;osebni avtomobil;240;karavan;A6 
165;1993;8.6;1;AUDI;4F-BMK;A6 / AVANT / 3.0 / TDI;Nemcija;DEU;osebni avtomobil;240;karavan;A6 
165;1964;8.6;1;AUDI;ABMKQ1-QA6LA0R4F607GGS;A6 / AVANT 3.0 / TDI Q AUT.;Nemcija;DEU;osebni avtomobil;240;karavan;A6 
165;1960;8.6;1;AUDI;4F-LBMKQ1-QA6LA0R4F607GGS;A6 / 3.0 / TDI;Nemcija;DEU;osebni avtomobil;245;limuzina;A6 
165;1900;8.6;1;AUDI;ABMKQ1-QA6LA0R4F707GGS;A6 / AVANT 3.0 / TDI Q AUT.;Nemcija;DEU;osebni avtomobil;240;karavan;A6 
165;1840;8.6;1;AUDI;4F;A6 / 3.0 / TDI / QUATTRO;Nemcija;DEU;osebni avtomobil;245;limuzina;A6 
165;1840;8.6;1;AUDI;4FLBMKQ1;AUDI A6. S6;Nemcija;DEU;osebni avtomobil;245;limuzina;AUDI A6. S6
165;1840;8.6;1;AUDI;4FLBMKQ1-QA6LA0R4F607GGS;A 6 / 3.0;Nemcija;DEU;osebni avtomobil;245;limuzina;A 6 
165;1840;8.6;1;AUDI;4F;A6 / 3.0 / TDI;Nemcija;DEU;osebni avtomobil;243;limuzina;A6 
165;2415;8.6;1;MERCEDES BENZ;LAB61305N-2A1G2V28;VIANO / 3.0 / CDI AUT. BlueEFFICIENCY;Nemcija;DEU;osebni avtomobil;201;vecnamensko vozilo;VIANO 
165;2210;8.6;1;MERCEDES BENZ;LAB61305N-1A1J2U38;VIANO / 3.0 / CDI AUT.;Nemcija;DEU;osebni avtomobil;201;vecnamensko vozilo;VIANO 
165;1980;8.6;1;MERCEDES BENZ;211KU220K1-SBAAA521;E / 320 T / 4-MATIC CDI AUT.;Nemcija;DEU;osebni avtomobil;236;karavan;E 
165;1980;8.6;1;MERCEDES BENZ;211KU220K1-SBAAA511;E / 320 T / 4-MATIC CDI AUT.;Nemcija;DEU;osebni avtomobil;234;karavan;E 
165;1708;8.71;0;RENAULT;RFCJE4M1BTA0725000;ESPACE / 1.8 / 16V AUT.;Francija;FRA;osebni avtomobil;224;vozilo z dviûnimi vrati zadaj;ESPACE 
165;1450;8.8;0;RENAULT;BM0M06;MEGANE / SPORT 2.0 / 16V T;Francija;FRA;osebni avtomobil;236;vozilo z dviûnimi vrati zadaj;MEGANE 
165;1430;8.8;0;RENAULT;CM0M06;MEGANE / SPORT 2.0 / 16V T;Francija;FRA;osebni avtomobil;236;vozilo z dviûnimi vrati zadaj;MEGANE 
165;2185;8.9;1;MERCEDES BENZ;164 B220K1 NZAAA501;ML / 300 / CDI 4MATIC;Nemcija;DEU;osebni avtomobil;205;karavan;ML 
165;1335;8.9;0;RENAULT;CR1N06;CLIO / 2.0 / 16V;Francija;FRA;osebni avtomobil;223;vozilo z dviûnimi vrati zadaj;CLIO 
165;1840;9.2;1;AUDI;4F-LBMK010A6;A6 / 3.0 / TDI;Nemcija;DEU;osebni avtomobil;243;limuzina;A6 
165;2185;9.2;1;MERCEDES BENZ;B220K1-NZAAA501;ML / 350 / 4-MATIC CDI AUT.;Nemcija;DEU;osebni avtomobil;215;karavan;ML 
165;1549;9.3;0;AUDI;LBAMQ1-QM62M001R8L70T2O;S3 / /;Nemcija;DEU;osebni avtomobil;243;vozilo z dviûnimi vrati zadaj;S3 
165;1495;9.3;0;AUDI;8L-BAM;S3 / 1.8 / T Q;Nemcija;DEU;osebni avtomobil;243;vozilo z dviûnimi vrati zadaj;S3 
165;1437;9.3;0;AUDI;8N;TT / 1.8T / QUATTRO;Madûarska;HUN;osebni avtomobil;243;kupe;TT 
165;2340;9.3;1;MERCEDES BENZ;2510720K1-NZAAA720;R / 320 / CDI 4-MATIC AUT.;Nemcija;DEU;osebni avtomobil;222;karavan;R 
165;2270;9.3;1;MERCEDES BENZ;2510720L1-NZAAA600;R / 320 / CDI 4-MATIC AUT.;Nemcija;DEU;osebni avtomobil;222;karavan;R 
165;2270;9.3;1;MERCEDES BENZ;251.112;R 320T / CDI 4-MATIC AUT;Nemcija;DEU;osebni avtomobil;222;karavan;R 320T 
165;2250;9.3;1;MERCEDES BENZ;2510220L1-NZEFA500;R / 320 T/ CDI 4-MATIC AUT.;Nemcija;DEU;osebni avtomobil;222;karavan;R 
165;2220;9.3;1;MERCEDES BENZ;2510220K1-N2AAA600;R 320T / CDI 4-MATIC AUT;Nemcija;DEU;osebni avtomobil;222;karavan;R 320T 
165;2220;9.3;1;MERCEDES BENZ;O220K1-N2AAA600;R / 320 / 4-MATIC CDI AUT.;Nemcija;DEU;osebni avtomobil;222;karavan;R 
165;2185;9.3;1;MERCEDES BENZ;B220K1-NZAAA500;ML / 320 / 4-MATIC CDI AUT.;Nemcija;DEU;osebni avtomobil;215;karavan;ML 
165;1540;9.4;0;AUDI;8N;TT / COUPE 1.8 / TT Q;Madûarska;HUN;osebni avtomobil;243;kupe;TT 
165;1475;9.4;0;AUDI;8L;S3 / 1.8;Nemcija;DEU;osebni avtomobil;226;vozilo z dviûnimi vrati zadaj;S3 
165;2185;9.4;1;MERCEDES BENZ;164-B220K1-NKAAA500;ML / 320 / CDI 4MATIC;Nemcija;DEU;osebni avtomobil;215;karavan;ML 
165;1640;9.5;0;AUDI;RBAMQ1-QM62M001R8N70S2P;TT / ROADSTER 1.8 / TT Q;Madûarska;HUN;osebni avtomobil;237;kabriolet;TT 
165;2340;9.5;1;MERCEDES BENZ;2510720K1-NZAAA721;R / 320 / CDI 4-MATIC AUT.;Nemcija;DEU;osebni avtomobil;222;karavan;R 
165;2270;9.5;1;MERCEDES BENZ;O720K1-N2AAA601;R / 320 / 4-MATIC CDI AUT.;Nemcija;DEU;osebni avtomobil;222;karavan;R 
165;2250;9.5;1;MERCEDES BENZ;2510220L1-NZEEA501;R / 320 T/ CDI 4-MATIC AUT.;Nemcija;DEU;osebni avtomobil;222;karavan;R 
165;2220;9.5;1;MERCEDES BENZ;O220K1-N2AAA601;R / 320 / 4-MATIC CDI AUT.;Nemcija;DEU;osebni avtomobil;222;karavan;R 
165;2220;9.5;1;MERCEDES BENZ;2510220K1-NZEEA500;R 320T / CDI 4-MATIC AUT;Nemcija;DEU;osebni avtomobil;222;karavan;R 320T 
165;2185;9.5;1;MERCEDES BENZ;164B220K1-NKAAA521;ML / 320 / 4-MATIC CDI AUT.;Nemcija;DEU;osebni avtomobil;215;karavan;ML 
165;2250;9.6;1;MERCEDES BENZ;164B220L1-NKAAA500;ML / 320 / CDI 4-MATIC;Nemcija;DEU;osebni avtomobil;215;karavan;ML 
165;2185;9.6;1;MERCEDES BENZ;B220K1-NZAAA501;ML / 320 / 4-MATIC CDI AUT.;Nemcija;DEU;osebni avtomobil;215;karavan;ML 
165;2185;9.6;1;MERCEDES BENZ;164122;ML / 320 / 4-MATIC CDI AUT.;Zdruûene drûave;USA;osebni avtomobil;215;karavan;ML 
165;2110;9.6;1;MERCEDES BENZ;B220K1-NZAAA511;ML / 320 / CDI / 4MATIC;Nemcija;DEU;osebni avtomobil;215;karavan;ML 
165;2282;9.6;1;VOLKSWAGEN;BMK-AA6QA69L141S5NU;PHAETON / 3.0 / TDI 4M AUT.;Nemcija;DEU;osebni avtomobil;234;limuzina;PHAETON 
165;1935;9.7;1;AUDI;D2-AKF;A8 / 3.3 / TDI Q. AUT.;Nemcija;DEU;osebni avtomobil;242;limuzina;A8 
165;2450;9.7;1;MERCEDES BENZ;B720K1-NZAAA500;GL / 320 / 4-MATIC CDI AUT.;Nemcija;DEU;osebni avtomobil;210;karavan;GL 
165;1935;9.8;1;AUDI;D2;A8 / 3.3 /TDI;Nemcija;DEU;osebni avtomobil;242;limuzina;A8 
165;2505;9.8;1;MERCEDES BENZ;B720L1-NKAAA710;GL / 320 / 4-MATIC CDI AUT.;Nemcija;DEU;osebni avtomobil;210;karavan;GL 
165;2450;9.8;1;MERCEDES BENZ;B720K1-NZAAA500;GL / 320 / 4-MATIC CDI AUT.;Nemcija;DEU;osebni avtomobil;210;karavan;GL 
165;2430;9.8;1;MERCEDES BENZ;164G;GL / 320 / CDI / 4 MATIC;Nemcija;DEU;osebni avtomobil;210;karavan;GL 
166;1437;9.3;0;FORD;DA3-HYDA15;FOCUS / ST / 220 ;Nemcija;DEU;osebni avtomobil;241;vozilo z dviûnimi vrati zadaj;FOCUS 
166;1392;9.3;0;FORD;DA3-HYDA13;FOCUS / ST / 220;Nemcija;DEU;osebni avtomobil;241;vozilo z dviûnimi vrati zadaj;FOCUS 
169;1525;10.4;0;SUBARU;GHE-040;IMPREZA / WAGON WRX / AWD;Japonska ;JPN;osebni avtomobil;209;karavan;IMPREZA 
169;1801;5.7;1;VOLVO;DDZ97-DZ97C6;XC 60 / 2.4 / TD AUT. AWD;ävedska;SWE;osebni avtomobil;210;karavan;XC 60 
169;1305;5.9;0;AUDI;CCHHCF1-FM62Q040R8J017MMEM1;TT / COUPE 2.0 / TFSI;Nemcija;DEU;osebni avtomobil;250;kupe;TT 
169;1820;6.2;1;VOLVO;BW8250;V70 / 2.4 / TD AUT.;ävedska;SWE;osebni avtomobil;220;karavan;V70 
169;1467;6.3;0;äKODA;ACCHHAX0-RFM6FM62Q037V2MLN647;OCTAVIA / COMBI 2.0 / TSI;Ceöka republika;CZE;osebni avtomobil;247;karavan;OCTAVIA 
169;1410;6.4;0;AUDI;CCHHCQ1-QD6D9009R8J017MMEM1;TT / COUPE 2.0 / TFSI Q AUT.;Madûarska;HUN;osebni avtomobil;250;kupe;TT 
169;1424;6.4;0;VOLKSWAGEN;GAC45CHHAX0-FD6FD6D9011S7MMON1ML72VR2;GOLF / 2.0 / TSI AUT.;Nemcija;DEU;osebni avtomobil;248;karavan;GOLF 
169;1408;6.4;0;VOLKSWAGEN;GAC4CHHAX0-FD6FD6D9011S7MMON1ML72VR2;GOLF / 2.0 / TSI AUT.;Nemcija;DEU;osebni avtomobil;248;karavan;GOLF 
169;1402;6.4;0;VOLKSWAGEN;AC2CHHAX0-FD6FD6D9005S7MMOMLVR2;GOLF / 2.0 / TSI AUT.;Nemcija;DEU;osebni avtomobil;248;karavan;GOLF 
169;1395;6.4;0;VOLKSWAGEN;GAC45CHHAX0-FM6FM62Q037S7MMON1ML72VR2;GOLF / 2.0 / TSI;Nemcija;DEU;osebni avtomobil;250;karavan;GOLF 
169;1386;6.4;0;VOLKSWAGEN;GAC4CHHAX0-FM6FM62Q037S7MMON1ML72VR2;GOLF / 2.0 / TSI;Nemcija;DEU;osebni avtomobil;250;karavan;GOLF 
169;1364;6.4;0;VOLKSWAGEN;GAC2CHHAX0-FM6FM62Q037S7MMON1ML72VR2N;GOLF / 2.0 / TSI;Nemcija;DEU;osebni avtomobil;250;karavan;GOLF 
169;1442;6.5;0;äKODA;ACCHHAX0-RFM6FM62Q037V2MLN647;OCTAVIA / COMBI 2.0 / TSI;Ceöka republika;CZE;osebni avtomobil;247;karavan;OCTAVIA 
169;1420;6.5;0;äKODA;AACHHAX0-RFM6FM62Q037V2MLN647;OCTAVIA / 2.0 / TSI;Ceöka republika;CZE;osebni avtomobil;250;limuzina;OCTAVIA 
169;1462;6.6;0;äKODA;ACCHHAX0-RFD6FD6D9011V2MLN647;OCTAVIA / COMBI 2.0 / TSI AUT.;Ceöka republika;CZE;osebni avtomobil;245;karavan;OCTAVIA 
169;1440;6.6;0;äKODA;AACHHAX0-RFD6FD6D9011V2MLN647;OCTAVIA / 2.0 / TSI AUT.;Ceöka republika;CZE;osebni avtomobil;249;limuzina;OCTAVIA 
169;1451;7.9;0;VOLKSWAGEN;ABBYDX0-FA6FD62E0230GGS1;GOLF / 2.0 / GTI TFSI AUT.;Nemcija;DEU;osebni avtomobil;243;vozilo z dviûnimi vrati zadaj;GOLF 
169;1430;8.4;0;RENAULT;CM2H86;MEGANE / 2.0 / 16V T;Francija;FRA;osebni avtomobil;236;vozilo z dviûnimi vrati zadaj;MEGANE 
169;1390;8.7;0;VOLVO;672MK1;C30 / 2.5 / T AUT.;ävedska;SWE;osebni avtomobil;210;kupe;C30 
169;1710;9.3;0;VOLKSWAGEN;ACDKTAX1-AD7AD7DL004N5R4NVR27CS1CSB;TIGUAN / 2.0 / TSI 4M AUT.;Nemcija;DEU;osebni avtomobil;228;karavan;TIGUAN 
169;1710;9.4;0;VOLKSWAGEN;ACDKTAX1-AD7AD7DL004N5R5NVR27CS1CSB;TIGUAN / 2.0 / TSI 4M AUT.;Nemcija;DEU;osebni avtomobil;228;karavan;TIGUAN 
169;1815;9.8;0;BMW;392C-WA71;328 / COUPE / I;Nemcija;DEU;osebni avtomobil;230;kupe;328
169;1725;9.8;0;VOLVO;MC6759;C70 / T5 / AUT.;ävedska;SWE;osebni avtomobil;235;kabriolet;C70 
170;1695;10.2;0;BMW;346R-BS51-22;330 / CABRIO / i;Nemcija;DEU;osebni avtomobil;240;kabriolet;330
170;1830;10.5;0;MERCEDES BENZ;H754M1-NZAAA501;GLK / 280 / 4-MATIC AUT.;Nemcija;DEU;osebni avtomobil;210;karavan;GLK 
170;1305;10.6;0;MAZDA;SE1736;MAZDA RX-8 / HP /;Japonska ;JPN;osebni avtomobil;237;limuzina;MAZDA RX-8 
170;1635;10.7;0;BMW;5DDT61-21;530 / I AUT;Nemcija;DEU;osebni avtomobil;244;limuzina;530
170;1390;11.2;0;MAZDA;SE1736;MAZDA RX-8 / HP /;Japonska ;JPN;osebni avtomobil;235;limuzina;MAZDA RX-8 
170;1315;11.2;0;MAZDA;SE1736;RX-8;Japonska ;JPN;osebni avtomobil;235;limuzina;RX-8
170;1835;11.4;0;BMW;X83PA91-35;X3 / 3.0 / I;Nemcija;DEU;osebni avtomobil;224;limuzina;X3 
170;1650;12.4;0;MERCEDES BENZ;126C;500 / SEC AUT.;Nemcija;DEU;osebni avtomobil;230;kupe;500
170;1870;12.5;0;MERCEDES BENZ;129.063;SL / 320 / AUT.;Nemcija;DEU;osebni avtomobil;240;kabriolet;SL 
170;2070;12.7;0;BMW;FA51-04;X5 / 3.0 / i AUT.;Nemcija;DEU;osebni avtomobil;210;limuzina;X5 
170;1870;13.7;0;MERCEDES BENZ;129063;SL / 320;Nemcija;DEU;osebni avtomobil;240;kabriolet;SL 
170;1685;4.8;1;BMW;JC71-CA350000;525 / / d AUT.;Nemcija;DEU;osebni avtomobil;250;limuzina;525
170;1780;4.9;1;BMW;JN11-CA2507M0;525 / TOURING / d AUT.;Nemcija;DEU;osebni avtomobil;245;karavan;525
170;1765;5.1;1;BMW;JN11-CAW507N0;525 / TOURING / d AUT.;Nemcija;DEU;osebni avtomobil;245;karavan;525
170;1650;5.1;1;BMW;HU51-6A1500C0;X1 / xDrive 25 / d AUT.;Nemcija;DEU;osebni avtomobil;235;karavan;X1 
170;1650;5.2;1;BMW;HU51-6A2500C0;X1 / xDrive 25 / d AUT.;Nemcija;DEU;osebni avtomobil;235;karavan;X1 
170;1845;5.2;1;MERCEDES BENZ;J0BEP0-CZCCB502;E / 300 / BLUETEC AUT.;Nemcija;DEU;osebni avtomobil;250;limuzina;E 
170;2070;5.3;1;BMW;KT41-6A15000K;X5 / sDrive 25 / d AUT.;Nemcija;DEU;osebni avtomobil;220;karavan;X5 
170;1660;5.3;1;BMW;YL31-CA2500L0;X2 / xDrive 25 / d AUT.;Nemcija;DEU;osebni avtomobil;237;karavan;X2 
170;1830;5.5;1;BMW;VJ31-CAW500B0;X4 / xDrive25 / d AUT.;Nemcija;DEU;osebni avtomobil;230;limuzina;X4 
170;2115;5.6;1;BMW;LS01-6A250000;X5 / xDrive 25 / d AUT.;Nemcija;DEU;osebni avtomobil;220;karavan;X5 
170;1840;5.6;1;BMW;TX51-CAW500M0;X3 / XDRIVE25 / D AUT.;Nemcija;DEU;osebni avtomobil;230;karavan;X3 
170;1965;5.7;1;AUDI;ADDVEQ1-QA8QA8D5023RT031B18S57CPAEM1H66;A6 / AVANT 3.0 / TDI Q AUT.;Nemcija;DEU;osebni avtomobil;250;karavan;A6 
170;1840;5.7;1;BMW;WM-51;330 / D /KUPE;Nemcija;DEU;osebni avtomobil;243;kupe;330
170;1885;5.7;1;MERCEDES BENZ;J0BCP0-NZCCB501;E / 300 / BLUETEC AUT.;Nemcija;DEU;osebni avtomobil;250;limuzina;E 
170;1330;5.7;0;MINI;XR91-6A1400C0;JOHN COOPER WORKS / / AUT.;Nemcija;DEU;osebni avtomobil;246;vozilo z dviûnimi vrati zadaj;JOHN COOPER WORKS 
170;1295;5.7;0;MINI;XM91-6A1400C0;JOHN COOPER WORKS / / AUT.;Nemcija;DEU;osebni avtomobil;246;vozilo z dviûnimi vrati zadaj;JOHN COOPER WORKS 
170;1965;5.8;1;AUDI;ADDVEQ1-QA8QA8D5023RT031B19S57CPAEM1H66;A6 / AVANT 3.0 / TDI Q AUT.;Nemcija;DEU;osebni avtomobil;250;karavan;A6 
170;1900;5.8;1;AUDI;LDDVEQ1-QA8QA8D50231CS57CPAEM1H56;A6 / 3.0 / TDI Q AUT.;Nemcija;DEU;osebni avtomobil;250;limuzina;A6 
170;1695;5.8;1;BMW;JJ31-IAW500L0;X1 / xDrive25 / d AUT.;Nemcija;DEU;osebni avtomobil;235;karavan;X1 
170;1600;6.1;1;BMW;WD51-AA;330 / / d;Nemcija;DEU;osebni avtomobil;250;kupe;330
170;1825;6.1;1;MERCEDES BENZ;212J025M0-NZAAB501;E / 350 / CDI AUT.;Nemcija;DEU;osebni avtomobil;250;limuzina;E 
170;1280;6.3;0;MINI;XM91-6H1400C0;JOHN COOPER WORKS / /;Nemcija;DEU;osebni avtomobil;246;vozilo z dviûnimi vrati zadaj;JOHN COOPER WORKS 
170;1610;6.5;1;BMW;VC91-01;330 / / d;Nemcija;DEU;osebni avtomobil;250;limuzina;330
170;1600;6.5;1;BMW;WD51-01;330 / / d;Nemcija;DEU;osebni avtomobil;250;kupe;330
170;1965;6.6;1;AUDI;ADDVEQ1-QA8QA8D5023RT031B18S57CPAEM1H66;A6 / AVANT 3.0 / TDI Q AUT.;Nemcija;DEU;osebni avtomobil;250;karavan;A6 
170;1765;6.6;1;BMW;JN11-CAW507N0;525 / TOURING / D AUT.;Nemcija;DEU;osebni avtomobil;245;karavan;525
170;1615;6.6;1;BMW;WD51-AB;330 / / d AUT.;Nemcija;DEU;osebni avtomobil;250;kupe;330
170;1690;6.7;1;BMW;VU91-AB;330 / TOURING / d AUT.;Nemcija;DEU;osebni avtomobil;246;karavan;330
170;1675;6.7;1;BMW;390LVU91-01;330 / TOURING / D;Nemcija;DEU;osebni avtomobil;248;karavan;330
170;1665;6.7;1;BMW;560LNR71-01;530 / D /;Nemcija;DEU;osebni avtomobil;250;limuzina;530
170;1665;6.7;1;BMW;VU91-01;330 / TOURING / d;Nemcija;DEU;osebni avtomobil;248;karavan;330
170;1590;6.7;1;BMW;NR-71;530 / D;Nemcija;DEU;osebni avtomobil;243;limuzina;530
170;1825;6.8;1;MERCEDES BENZ;J025M0-NZAAB500;E / 300 / CDI AUT.;Nemcija;DEU;osebni avtomobil;250;limuzina;E 
170;1730;6.8;1;MERCEDES BENZ;L325M0-NZAAA410;E / 350 / CDI AUT.;Nemcija;DEU;osebni avtomobil;250;kupe;E 
170;1350;6.8;0;MINI;71DH-IAW400L0;JOHN COOPER WORKS / / AUT.;Nemcija;DEU;osebni avtomobil;246;vozilo z dviûnimi vrati zadaj;JOHN COOPER WORKS 
170;1840;6.9;1;BMW;TX51-CAW500B0;X3 / xDrive25 / d AUT.;Nemcija;DEU;osebni avtomobil;230;karavan;X3 
170;1825;6.9;1;BMW;WM51-AB;330 / CABRIO / d AUT.;Nemcija;DEU;osebni avtomobil;243;kabriolet;330
170;1750;6.9;1;BMW;WM51-02;330 / CABRIO / D AUT.;Nemcija;DEU;osebni avtomobil;243;kabriolet;330
170;1825;6.9;1;MERCEDES BENZ;J025M0-NZAAA501;E / 350 / CDI AUT.;Nemcija;DEU;osebni avtomobil;250;limuzina;E 
170;2020;7.1;1;AUDI;HDDVEQ1-QA8QA8D5023RT011B19S54BFAEM1H660FL;A6 / ALLROAD 3.0 / TDI Q AUT.;Nemcija;DEU;osebni avtomobil;250;karavan;A6 
170;1965;7.1;1;AUDI;ADDVEQ1-QA8QA8D5023RT031A18S57CPAEM1H66;A6 / AVANT 3.0 / TDI Q AUT.;Nemcija;DEU;osebni avtomobil;250;karavan;A6 
170;1900;7.1;1;AUDI;LDDVEQ1-QA8QA8D5023RT031B19S57CPAEM1H56;A6 / 3.0 / TDI Q AUT.;Nemcija;DEU;osebni avtomobil;250;limuzina;A6 
170;1390;7.1;0;AUDI;ACWZAQ1-QM6QM6A8002P8X09LLS47MMEM2K1;S1 / 2.0 / TFSI Q;Nemcija;DEU;osebni avtomobil;250;karavan;S1 
170;2145;7.1;1;BMW;CV41-IAA500LA;X5 / xDrive25 / d AUT.;Nemcija;DEU;osebni avtomobil;222;karavan;X5 
170;1840;7.1;1;BMW;TX51-CAW500B0;X3 / xDrive25 / d AUT.;Nemcija;DEU;osebni avtomobil;230;karavan;X3 
170;1825;7.1;1;MERCEDES BENZ;J025M0-NZAAA502;E / 350 / CDI AUT.;Nemcija;DEU;osebni avtomobil;250;limuzina;E 
170;1900;7.2;1;AUDI;LDDVEQ1-QA8QA8D50231CS57CPAEM1H56;A6 / 3.0 / TDI Q AUT.;Nemcija;DEU;osebni avtomobil;250;limuzina;A6 
170;1415;7.2;0;AUDI;SCWZAQ1-QM6A8002R8X8ALLS47MMEM2AN;S1 / 2.0 / TFSI Q;Nemcija;DEU;osebni avtomobil;250;vozilo z dviûnimi vrati zadaj;S1 
170;1840;7.2;1;BMW;TX51-CAW500B0;X3 / xDrive25 / d AUT.;Nemcija;DEU;osebni avtomobil;230;karavan;X3 
170;1830;7.2;1;BMW;VJ31-CAW500BA;X4 / xDrive25 / d AUT.;Nemcija;DEU;osebni avtomobil;230;limuzina;X4 
170;1710;7.2;1;BMW;390XVD91-01;330 / XD;Nemcija;DEU;osebni avtomobil;242;limuzina;330
170;1700;7.2;1;BMW;390XWC91-01;330 / XD;Nemcija;DEU;osebni avtomobil;242;kupe;330
170;1925;7.2;1;MERCEDES BENZ;J225M0-NZAAA501;E / 300 T / CDI AUT.;Nemcija;DEU;osebni avtomobil;240;karavan;E 
170;1890;7.2;1;MERCEDES BENZ;J025M1-NZAAA501;E / 350 / 4-MATIC CDI AUT.;Nemcija;DEU;osebni avtomobil;241;limuzina;E 
170;1810;7.2;1;MERCEDES BENZ;H225M1-NZAAA500;C / 350 T / 4-MATIC CDI AUT.;Nemcija;DEU;osebni avtomobil;242;karavan;C 
170;1965;7.3;1;AUDI;ADDVEQ1-QA8QA8D5023RT031B19S57CPAEM1H66;A6 / AVANT 3.0 / TDI Q AUT.;Nemcija;DEU;osebni avtomobil;250;karavan;A6 
170;1955;7.3;1;AUDI;SDDVEQ1-QA8QA8D5023RT061C21S47CPAEM1H56;A7 / 3.0 / TDI Q AUT.;Nemcija;DEU;osebni avtomobil;250;vozilo z dviûnimi vrati zadaj;A7 
170;1830;7.3;1;BMW;VJ31-CAW500B0;X4 / xDrive25 / d AUT.;Nemcija;DEU;osebni avtomobil;230;limuzina;X4 
170;1790;7.3;1;BMW;VT91-AB;330 / TOURING / xd AUT.;Nemcija;DEU;osebni avtomobil;236;karavan;330
170;1925;7.3;1;MERCEDES BENZ;J225M0-NZAAA502;E / 350 T / CDI AUT.;Nemcija;DEU;osebni avtomobil;240;karavan;E 
170;1340;7.3;0;MINI;XR91-DAW400L0;JOHN COOPER WORKS / / AUT.;Nemcija;DEU;osebni avtomobil;246;vozilo z dviûnimi vrati zadaj;JOHN COOPER WORKS 
170;2145;7.4;1;BMW;CV41-IAB509LB;X5 / xDrive25 / d AUT.;Nemcija;DEU;osebni avtomobil;222;karavan;X5 
170;1840;7.4;1;BMW;WM51-02;330 / CABRIO / d AUT.;Nemcija;DEU;osebni avtomobil;243;kabriolet;330
170;1775;7.4;1;BMW;VT91-01;330 / TOURING / Xd;Nemcija;DEU;osebni avtomobil;238;karavan;330
170;1625;7.4;1;BMW;390LVC91-02;330 / D AUT.;Nemcija;DEU;osebni avtomobil;248;limuzina;330
170;1615;7.4;1;BMW;WD51-02;330 / / d AUT.;Nemcija;DEU;osebni avtomobil;250;kupe;330
170;2020;7.5;1;AUDI;HDDVEQ1-QA8QA8D5023RT011B19S54BFAEM1H660FL;A6 / ALLROAD 3.0 / TDI Q AUT.;Nemcija;DEU;osebni avtomobil;250;karavan;A6 
170;2145;7.5;1;BMW;CV41-IAB509MB;X5 / xDrive25 / d AUT.;Nemcija;DEU;osebni avtomobil;222;karavan;X5 
170;1665;7.5;1;BMW;NR71-02;530 / / d AUT.;Nemcija;DEU;osebni avtomobil;248;limuzina;530
170;1665;7.5;1;BMW;NR-71;530 3.0 D;Nemcija;DEU;osebni avtomobil;248;limuzina;530 3.0 D
170;1590;7.5;1;BMW;NR-71-02;530 / D;Nemcija;DEU;osebni avtomobil;248;limuzina;530
170;2020;7.6;1;AUDI;HDDVEQ1-QA8QA8D5023RT011C20S54BFAEM1H660FL0;A6 / ALLROAD 3.0 / TDI Q AUT.;Nemcija;DEU;osebni avtomobil;250;karavan;A6 
170;1735;7.6;1;BMW;NM71-01;530 / / Xd;Nemcija;DEU;osebni avtomobil;242;limuzina;530
170;1690;7.6;1;BMW;390L VU91 02;330 / TOURING / d;Nemcija;DEU;osebni avtomobil;246;karavan;330
170;1990;7.6;1;MERCEDES BENZ;J225M1-NZAAB500;E / 350 T / 4MATIC CDI AUT.;Nemcija;DEU;osebni avtomobil;235;karavan;E 
170;1655;7.6;1;MERCEDES BENZ;R018F0-SJAAA500;C / 30 AMG / CDI AUT.;Nemcija;DEU;osebni avtomobil;250;limuzina;C 
170;2020;7.7;1;AUDI;HDDVEQ1-QA8QA8D5023RT011C20S54BFAEM1H660FL;A6 / ALLROAD 3.0 / TDI Q AUT.;Nemcija;DEU;osebni avtomobil;250;karavan;A6 
170;1755;7.7;1;BMW;NS71-02;530 / TOURING / d AUT.;Nemcija;DEU;osebni avtomobil;242;karavan;530
170;1755;7.7;1;BMW;NS71-02;530 / TOURING / d AUT.;Nemcija;DEU;osebni avtomobil;242;limuzina;530
170;1700;7.7;1;BMW;560L;530 / D;Nemcija;DEU;osebni avtomobil;243;karavan;530
170;1975;7.9;1;BMW;HM21-31;730 / / d AUT.;Nemcija;DEU;osebni avtomobil;238;limuzina;730
170;1830;7.9;1;BMW;560XNP71-01;530 / TOURING / XD;Nemcija;DEU;osebni avtomobil;235;karavan;530
170;1290;7.9;0;BMW;Z-85;Z 4 / 3.0;Nemcija;DEU;osebni avtomobil;250;kabriolet;Z 4 
170;1705;7.9;1;MERCEDES BENZ;R218F0-SJAAA500;C / 30 T AMG / CDI AUT.;Nemcija;DEU;osebni avtomobil;245;karavan;C 
170;2070;7.9;1;VOLKSWAGEN;ACDEND1-QA8QA8D5019G1BAVR67CPA1B;TOUAREG / 3.0 / TDI 4M AUT.;Nemcija;DEU;osebni avtomobil;218;karavan;TOUAREG 
170;2070;8.1;1;VOLKSWAGEN;ACDEND1-QA8QA8D5019G1BKVR67CPB1B;TOUAREG / 3.0 / TDI 4M AUT.;Nemcija;DEU;osebni avtomobil;221;karavan;TOUAREG 
170;1975;8.2;1;BMW;HM21-31;730 / / d;Nemcija;DEU;osebni avtomobil;238;limuzina;730
170;1790;8.2;1;BMW;VT91-02;330 / TOURING / Xd AUT.;Nemcija;DEU;osebni avtomobil;236;karavan;330
170;1750;8.2;1;BMW;NM71-02;530 / / Xd AUT.;Nemcija;DEU;osebni avtomobil;238;limuzina;530
170;1750;8.2;1;BMW;560XNM71-02;530 X / D;Nemcija;DEU;osebni avtomobil;238;limuzina;530 X 
170;2070;8.2;1;VOLKSWAGEN;ACDEND1-QA8QA8D5019G1BKVR64BFA1B;TOUAREG / 3.0 / TDI 4M AUT.;Nemcija;DEU;osebni avtomobil;221;karavan;TOUAREG 
170;2070;8.2;1;VOLKSWAGEN;ACDEND1-QA8QA8D5019G1BAVR67CPB1B;TOUAREG / 3.0 / TDI 4M AUT.;Nemcija;DEU;osebni avtomobil;218;karavan;TOUAREG 
170;2272;8.3;1;VOLKSWAGEN;ACDPYC1-QA8QA8D5019G1BKVR64BIA1B;TOUAREG / 3.0 / TDI 4M AUT.;Nemcija;DEU;osebni avtomobil;224;karavan;TOUAREG 
170;2070;8.3;1;VOLKSWAGEN;ACDEND2-QA8QA8D5019G1BKVR67CPB1B;TOUAREG / 3.0 / TDI 4M AUT.;Nemcija;DEU;osebni avtomobil;221;karavan;TOUAREG 
170;2245;8.4;1;AUDI;SDPXBQ2-QA8QA8D5020RT11C224BIBEM1S5FLD2;Q8 / 3.0 / TDI Q AUT.;Nemcija;DEU;osebni avtomobil;226;vozilo z dviûnimi vrati zadaj;Q8 
170;2303;8.4;1;VOLKSWAGEN;ACDPYC1-QA8QA8D5019G1BKVR64BIB1B;TOUAREG / 3.0 / TDI 4M AUT.;Nemcija;DEU;osebni avtomobil;224;karavan;TOUAREG 
170;2092;8.4;1;VOLKSWAGEN;ACDPYC2-QA8QA8D5019G1BKVR64BIB1B;TOUAREG / 3.0 / TDI 4M AUT.;Nemcija;DEU;osebni avtomobil;224;karavan;TOUAREG 
170;2070;8.4;1;VOLKSWAGEN;ACDEND2-QA8QA8D5019G1BKVR64BFB1B;TOUAREG / 3.0 / TDI 4M AUT.;Nemcija;DEU;osebni avtomobil;221;karavan;TOUAREG 
170;2230;8.5;1;AUDI;SDHXCQ1-QA8QA8D5020RT11C224BFBEM1S5FL;Q8 / 3.0 / TDI Q AUT.;Nemcija;DEU;osebni avtomobil;233;vozilo z dviûnimi vrati zadaj;Q8 
170;1845;8.5;1;BMW;NP71-02;530 / TOURING / Xd AUT.;Nemcija;DEU;osebni avtomobil;233;karavan;530
170;1845;8.5;1;BMW;NP-71;530 / XD;Nemcija;DEU;osebni avtomobil;227;karavan;530
170;1755;8.5;1;BMW;NS-71;530;Nemcija;DEU;osebni avtomobil;227;karavan;530
170;1680;8.5;1;BMW;NS-71;530 / D;Nemcija;DEU;osebni avtomobil;227;karavan;530
170;1675;8.5;1;BMW;NM-71;530 / D;Nemcija;DEU;osebni avtomobil;227;limuzina;530
170;2352;8.5;1;VOLKSWAGEN;ACDPYC2-QA8QA8D5019G1BKVR64BIB1B;TOUAREG / 3.0 / TDI 4M AUT.;Nemcija;DEU;osebni avtomobil;224;karavan;TOUAREG 
170;1900;8.6;1;BMW;765;730 / D;Nemcija;DEU;osebni avtomobil;238;limuzina;730
170;2185;8.7;1;MERCEDES BENZ;B225M1-NZAAA506;ML / 350 / 4-MATIC CDI AUT.;Nemcija;DEU;osebni avtomobil;218;karavan;ML 
170;1505;9.1;0;BMW;346EV51-01;330 / I;Nemcija;DEU;osebni avtomobil;250;limuzina;330
170;1365;9.1;0;BMW;Z85BT51-31;Z4 / 3.0 / I;Nemcija;DEU;osebni avtomobil;250;kabriolet;Z4 
170;2185;9.1;1;MERCEDES BENZ;B225M1-NZABA502;ML / 350 / 4-MATIC CDI AUT.;Nemcija;DEU;osebni avtomobil;218;karavan;ML 
170;1735;9.2;0;MERCEDES BENZ;J054M0-NZAAB501;E / 300 / AUT.;Nemcija;DEU;osebni avtomobil;245;limuzina;E 
170;1460;9.3;0;MERCEDES BENZ;171-W454K0-N1AAA200;SLK / 280;Nemcija;DEU;osebni avtomobil;250;kabriolet;SLK 
170;1815;9.4;0;MERCEDES BENZ;S454K0-NZAAA200;SL / 280 / AUT.;Nemcija;DEU;osebni avtomobil;250;kabriolet;SL 
170;1685;9.4;0;MERCEDES BENZ;U054K0-NZBBA500;E / 280 / AUT.;Nemcija;DEU;osebni avtomobil;248;limuzina;E 
170;1575;9.4;0;MERCEDES BENZ;H054K0-NZAAA501;C / 280 / AUT.;Nemcija;DEU;osebni avtomobil;246;limuzina;C 
170;1975;9.5;1;BMW;HM21-31;730;Nemcija;DEU;osebni avtomobil;238;limuzina;730
170;1570;9.5;0;BMW;NA71-31;530;Nemcija;DEU;osebni avtomobil;250;limuzina;530
170;1385;9.5;0;BMW;Z85BT51-02;Z4 / 3.0 I AUT. /;Nemcija;DEU;osebni avtomobil;244;kabriolet;Z4 
170;1385;9.5;0;BMW;Z85;Z 4 / 3.0;Nemcija;DEU;osebni avtomobil;244;kabriolet;Z 4 
170;1360;9.5;0;BMW;CN51-01;Z3 / 3.0 /;Nemcija;DEU;osebni avtomobil;240;kabriolet;Z3 
170;1460;9.5;0;MERCEDES BENZ;W454K0-NIAAA201;SLK / 280 / AUT.;Nemcija;DEU;osebni avtomobil;250;kabriolet;SLK 
170;1660;9.6;0;BMW;346RBS51-21;330 / CABRIO / I;Nemcija;DEU;osebni avtomobil;247;kabriolet;330
170;1540;9.6;0;BMW;BN51-02;330 / COUPE / i AUT.;Nemcija;DEU;osebni avtomobil;247;kupe;330
170;1430;9.6;0;BMW;BD-51;330 / CI;Nemcija;DEU;osebni avtomobil;247;kupe;330
170;1359;9.6;0;BMW;BN-51;330 / CI;Nemcija;DEU;osebni avtomobil;247;kupe;330
170;1575;9.6;0;MERCEDES BENZ;H054K0-NZAAA501;C / 280 / AUT.;Nemcija;DEU;osebni avtomobil;246;limuzina;C 
170;1580;9.9;0;BMW;560LNA71-32;530;Nemcija;DEU;osebni avtomobil;245;limuzina;530
170;1770;9.9;0;MERCEDES BENZ;U054K1-TIAAA500;E / 280 / 4-MATIC AUT.;Nemcija;DEU;osebni avtomobil;244;limuzina;E 
171;3120;10.5;1;AUDI;4L-BUG;Q7 / 3.0 / TDI;Nemcija;DEU;osebni avtomobil;216;karavan;Q7 
171;2640;10.5;1;AUDI;XBUGQ1-QA69D052R4L907GGS7FS;Q7 / 3.0 / TDI Q AUT.;Nemcija;DEU;osebni avtomobil;210;karavan;Q7 
171;2614;10.5;1;AUDI;XBUGQ1-QA69D052R4L907GGS7FL;Q7 / 3.0 / TDI Q AUT.;Nemcija;DEU;osebni avtomobil;216;karavan;Q7 
171;2569;10.5;1;AUDI;XBUGQ1-QA69D052R4L807GGS5FL;Q7 / 3.0 / TDI Q AUT.;Nemcija;DEU;osebni avtomobil;216;karavan;Q7 
171;2546;10.5;1;AUDI;XBUGQ1-QA69D052R4L907GGS5FL;Q7 / 3.0 / TDI Q AUT.;Nemcija;DEU;osebni avtomobil;216;karavan;Q7 
171;2515;10.5;1;AUDI;4LXBUGQ1-QA69D052R4L807GGS5FS;Q7 / 3.0 / TDI Q AUT.;Nemcija;DEU;osebni avtomobil;210;karavan;Q7 
171;2499;10.5;1;AUDI;4L;Q7 / 3.0 / TDI / QUATRO;Nemcija;DEU;osebni avtomobil;216;karavan;Q7 
171;2499;10.5;1;AUDI;4L;Q7 / 3.0 / TDI / QUATRO;Nemcija;DEU;osebni avtomobil;210;karavan;Q7 
171;2491;10.5;1;AUDI;4L-XBUGQ1;Q7 / 3.0 / TDI / QUATRO;Nemcija;DEU;osebni avtomobil;210;karavan;Q7 
171;2490;10.5;1;AUDI;4LXBUGQ1-QA69D052R4L907GGS5FS;Q7 / 3.0 / TDI Q AUT.;Nemcija;DEU;osebni avtomobil;210;karavan;Q7 
171;2447;10.5;1;AUDI;XBUGQ1-QA69D052R4L907GGS5FS;Q7 / 3.0 / TDI Q AUT.;Nemcija;DEU;osebni avtomobil;210;karavan;Q7 
171;2443;10.5;1;AUDI;XBUGQ1-QA69D052R4L807GGS5FS;Q7 / 3.0 / TDI Q AUT.;Nemcija;DEU;osebni avtomobil;210;karavan;Q7 
171;2400;10.5;1;AUDI;4LXBUGQ1-QA69D052R4L807GGS7FL;Q7 / 3.0 / TDI Q AUT.;Nemcija;DEU;osebni avtomobil;216;karavan;Q7 
171;1830;12.4;1;AUDI;4E-ASB;A8 / 3.0 / TDI;Nemcija;DEU;osebni avtomobil;243;limuzina;A8 
171;1735;7.5;1;AUDI;AASBQ1-QM63B0R8E600GG;A4 / AVANT 3.0 / TDI Q;Nemcija;DEU;osebni avtomobil;241;karavan;A4 
171;1685;7.5;1;AUDI;LASBQ1-QM63B0R8E600GG;A4 / 3.0 / TDI Q;Nemcija;DEU;osebni avtomobil;245;limuzina;A4 
171;1740;7.6;1;AUDI;AASBQ1-QM63B0R8E717GG;A4 / AVANT 3.0 / TDI Q;Nemcija;DEU;osebni avtomobil;241;karavan;A4 
171;1805;7.7;1;AUDI;AASBQ1-QM63B0R8E600GGQ;A4 / AVANT 3.0 / TDI Q;Nemcija;DEU;osebni avtomobil;241;karavan;A4 
171;1730;7.9;1;AUDI;8E AASBQ1-QM63B0R8E710GGR;A4 / AVANT 3.0 / TDI Q.;Nemcija;DEU;osebni avtomobil;241;karavan;A4 
171;1880;8.1;1;AUDI;AASBQ1-QM63B0R4F600GG;A6 / AVANT 3.0 / TDI Q;Nemcija;DEU;osebni avtomobil;242;karavan;A6 
171;1940;8.3;1;AUDI;HASBQ1-QM63E0R4FH00GG;A6 / ALLROAD QUATTRO 3.0 / TDI;Nemcija;DEU;osebni avtomobil;231;karavan;A6 
171;1840;8.3;1;AUDI;LASBQ1-QA6LA0R4F600GG;A6 / 3.0 / TDI Q AUT.;Nemcija;DEU;osebni avtomobil;247;limuzina;A6 
171;1955;8.4;1;AUDI;GASBQ1-QA6L00R4E60S50GG;A8 / 3.0 / TDI Q L AUT.;Nemcija;DEU;osebni avtomobil;243;limuzina;A8 
171;1940;8.4;1;AUDI;4FHASBQ1-QM63E0R4FH07GG;A6 / ALLROAD QUATTRO 3.0 / TDI;Nemcija;DEU;osebni avtomobil;231;karavan;A6 
171;1920;8.4;1;AUDI;LASBQ1-QA6L00R4E60S57GG;A8 / 3.0 / TDI Q AUT.;Nemcija;DEU;osebni avtomobil;243;limuzina;A8 
171;1905;8.4;1;AUDI;LASBQ1-QA6L00R4E60S50GG;A8 / 3.0 / TDI Q AUT.;Nemcija;DEU;osebni avtomobil;243;limuzina;A8 
171;1900;8.4;1;AUDI;AASBQ1-QA6LA0R4F600GG;A6 / AVANT 3.0 / TDI Q AUT.;Nemcija;DEU;osebni avtomobil;242;karavan;A6 
171;1905;8.5;1;AUDI;LASBQ1-QA6L00R4E607GGR;A8 / 3.0 / TDI Q AUT.;Nemcija;DEU;osebni avtomobil;247;limuzina;A8 
171;1905;8.5;1;AUDI;LASBQ1-QA6L00R4E60S57GG;A8 / 3.0 / TDI Q AUT.;Nemcija;DEU;osebni avtomobil;243;limuzina;A8 
171;1840;8.5;1;AUDI;4FLASBQ1-QA6LA0R4F607GG;A6 / 3.0 / TDI Q AUT.;Nemcija;DEU;osebni avtomobil;247;limuzina;A6 
171;1780;8.5;1;AUDI;8EAASBQ1-QA6LB0R8E607GG;A4 / AVANT 3.0 / TDI Q AUT.;Nemcija;DEU;osebni avtomobil;240;karavan;A4 
171;2054;8.6;1;AUDI;4E;A8 / 3.0 /TDI / Q / AUT.;Nemcija;DEU;osebni avtomobil;247;limuzina;A8 
171;2014;8.6;1;AUDI;LASBQ1-QA6L00R4E600GGS;A8 / 3.0 / TDI Q AUT.;Nemcija;DEU;osebni avtomobil;243;limuzina;A8 
171;1941;8.6;1;AUDI;4E LASBQ1-QA6L00R4E60S;A 8 / 3.0;Nemcija;DEU;osebni avtomobil;247;vozilo za posebne namene;A 8 
171;1940;8.6;1;AUDI;LASBQ1-QA6L00R4E600GGS;A8 / 3.0 / TDI Q AUT.;Nemcija;DEU;osebni avtomobil;247;limuzina;A8 
171;1905;8.6;1;AUDI;4E-ASB;A 8 / 3.0;Nemcija;DEU;osebni avtomobil;247;limuzina;A 8 
171;1905;8.6;1;AUDI;4E-ASB;A8 / 3.0 / TDI Q. AUT.;Nemcija;DEU;osebni avtomobil;243;limuzina;A8 
171;1900;8.6;1;AUDI;AASBQ1-QA6LA0R4F607GG;A6 / AVANT 3.0 / TDI Q AUT.;Nemcija;DEU;osebni avtomobil;242;karavan;A6 
171;1900;8.6;1;AUDI;AASBQ1-QA6LA0R4F807GG;A6 / AVANT 3.0 / TDI Q AUT.;Italija;ITA;osebni avtomobil;242;karavan;A6 
171;1890;8.6;1;AUDI;4F AASBQ1;A6 / AVANT 3.0 / TDI Q AUT.;Nemcija;DEU;osebni avtomobil;242;karavan;A6 
171;1825;8.6;1;AUDI;4-F;A6 / 3.0 / TDI / QATTRO;Nemcija;DEU;osebni avtomobil;171;karavan;A6 
171;2003;8.7;1;AUDI;LASBQ1-QA6L00R4E607GGS;A8 / 3.0 / TDI Q AUT.;Nemcija;DEU;osebni avtomobil;247;limuzina;A8 
171;1955;8.7;1;AUDI;HASBQ1-QA6L00R4FH00GG;A6 / ALLROAD QUATTRO 3.0 / TDI AUT.;Nemcija;DEU;osebni avtomobil;230;karavan;A6 
171;1905;8.7;1;AUDI;4E - LASBQ1;A8 / 3.0 /TDI;Nemcija;DEU;osebni avtomobil;243;limuzina;A8 
171;1955;8.8;1;AUDI;HASBQ1-QA6L00R4FH97GG;A6 / ALLROAD QUATTRO 3.0 / TDI AUT.;Nemcija;DEU;osebni avtomobil;230;karavan;A6 
171;1955;8.8;1;AUDI;4FHASBQ1-QA6L00R4FH07GG;A6 ALLROAD / 3.0 / TDI Q AUT.;Nemcija;DEU;osebni avtomobil;230;karavan;A6 ALLROAD 
171;1880;8.8;1;AUDI;4F;A6 / 3.0 / TDI / QATTRO;Nemcija;DEU;osebni avtomobil;230;karavan;A6 
171;1840;8.8;1;AUDI;4FLASBQ1-QA6LA0R4F907GG;A6 / 3.0 / TDI Q AUT.;Nemcija;DEU;osebni avtomobil;247;limuzina;A6 
172;1940;12.3;0;NISSAN;Z50-A01;MURANO / 3.5;Japonska ;JPN;osebni avtomobil;200;karavan;MURANO 
172;1940;12.3;0;NISSAN;Z50-A01;MURANO / 3.5;Japonska ;JPN;osebni avtomobil;200;limuzina;MURANO 
172;1930;12.3;0;NISSAN;Z50-A01;MURANO / 3.5 /;Japonska ;JPN;osebni avtomobil;200;karavan;MURANO 
172;1865;12.3;0;NISSAN;Z-50 A A 01;MURANO / 3.5 / I;Japonska ;JPN;osebni avtomobil;200;karavan;MURANO 
172;1865;9.9;0;NISSAN;Z-50;MURANO / 3.5;Japonska ;JPN;osebni avtomobil;180;vecnamensko vozilo;MURANO 
172.5;1395;7.6;0;ALFA ROMEO;940FXC1A02;GIULIETTA / 1.8 /;Italija;ITA;osebni avtomobil;242;vecnamensko vozilo;GIULIETTA 
173;1814;4.8;1;VOLVO;PPS68-PS68BC;S 90 / 2.0 / TD AUT. AWD;ävedska;SWE;osebni avtomobil;240;limuzina;S 90 
173;1798;4.8;1;VOLVO;PPS68-PS68BC TK;S 90 / 2.0 / TD AUT. AWD;ävedska;SWE;osebni avtomobil;240;limuzina;S 90 
173;1835;4.9;1;VOLVO;PPW68-PW68BC;V 90 / 2.0 / TD AUT. AWD;ävedska;SWE;osebni avtomobil;240;karavan;V 90 
173;1966;5.3;1;VOLVO;PPZ68-PZ68BC;V 90 Cross Country / 2.0 / TD AUT. AWD;ävedska;SWE;osebni avtomobil;230;karavan;V 90 Cross Country 
173;1950;5.4;1;VOLVO;UUZK2-UZK2VC0;XC60 / 2.0 / TD / AUT. AWD;ävedska;SWE;osebni avtomobil;220;karavan;XC60 
173;1828;5.4;1;VOLVO;PPS68-PS68VC0;S90 / 2.0 / TD AUT. AWD;ävedska;SWE;osebni avtomobil;240;limuzina;S90 
173;1879;5.5;1;VOLVO;UUZ68-UZ68BC;XC 60 / 2.0 / TD AUT. AWD;ävedska;SWE;osebni avtomobil;220;karavan;XC 60 
173;1901;5.6;1;VOLVO;UUZ68-UZ68VC;XC 60 / 2.0 / TD AUT. AWD;ävedska;SWE;osebni avtomobil;220;karavan;XC 60 
173;2171;5.7;1;VOLVO;LLF68-LF68BC;XC90 / 2.0 / TD AUT. AWD;ävedska;SWE;osebni avtomobil;220;vecnamensko vozilo;XC90 
173;2130;5.7;1;VOLVO;LLC68-LC68BC;XC90 / 2.0 / TD AUT. AWD;ävedska;SWE;osebni avtomobil;220;vecnamensko vozilo;XC90 
173;2130;5.7;1;VOLVO;LLC68-LC68BC;XC 90 / 2.0 / TD AUT. AWD;ävedska;SWE;osebni avtomobil;220;vecnamensko vozilo;XC 90 
173;2121;5.7;1;VOLVO;LLCK2-LCK2UC0;XC90 / 2.0 / TD / AUT. AWD;ävedska;SWE;osebni avtomobil;180;vecnamensko vozilo;XC90 
173;2029;5.7;1;VOLVO;LLF68-LF68BC;XC 90 / 2.0 / TD AUT. AWD;ävedska;SWE;osebni avtomobil;220;vecnamensko vozilo;XC 90 
173;1882;5.7;1;VOLVO;PPZ68-PZ68TC;V90 CROSS COUNTRY / 2.0 / TD / AUT. AWD;Nemcija;DEU;osebni avtomobil;230;karavan;V90 CROSS COUNTRY 
173;1882;5.7;1;VOLVO;PPZ68-PZ68TC0;V90 Cross Country / 2.0 / TD AUT. AWD;ävedska;SWE;osebni avtomobil;230;karavan;V90 Cross Country 
173;1904;5.8;1;VOLVO;UUZ68-UZ68UC0;XC60 / 2.0 / TD / AUT. AWD;ävedska;SWE;osebni avtomobil;220;karavan;XC60 
173;1901;5.8;1;VOLVO;UUZ68-UZ68UC;XC 60 / 2.0 / TD AUT. AWD;ävedska;SWE;osebni avtomobil;220;karavan;XC 60 
173;2172;5.9;1;VOLVO;LLFK2-LFK2UC0;XC90 / 2.0 / TD / AUT. AWD;ävedska;SWE;osebni avtomobil;220;vecnamensko vozilo;XC90 
173;2120;5.9;1;VOLVO;LLCK2-LCK2UC0;XC90 / 2.0 / TD / AUT. AWD;ävedska;SWE;osebni avtomobil;220;vecnamensko vozilo;XC90 
173;2051;6.2;1;VOLVO;LLF68-LF68UC;XC90 / 2.0 / TD / AUT. AWD;ävedska;SWE;osebni avtomobil;220;vecnamensko vozilo;XC90 
173;2050;6.2;1;VOLVO;LLF68-LF68TC0;XC90 / 2.0 / TD / AUT. AWD;ävedska;SWE;osebni avtomobil;220;vecnamensko vozilo;XC90 
173;2019;6.2;1;VOLVO;LLC68-LC68TC0;XC90 / 2.0 / TD / AUT. AWD;ävedska;SWE;osebni avtomobil;220;vecnamensko vozilo;XC90 
173;2014;6.2;1;VOLVO;LLC68-LC68UC;XC90 / 2.0 / TD / AUT. AWD;ävedska;SWE;osebni avtomobil;220;vecnamensko vozilo;XC90 
173;1655;6.4;1;BMW;NX71-AA;530 / / d;Nemcija;DEU;osebni avtomobil;250;limuzina;530
173;1735;6.6;1;BMW;PX71-AA;530 / TOURING / d;Nemcija;DEU;osebni avtomobil;245;karavan;530
173;1675;6.6;1;BMW;NX71-AB;530 / / d AUT.;Nemcija;DEU;osebni avtomobil;248;limuzina;530
173;1660;6.6;1;BMW;PX71-AB;530 / TOURING / d AUT.;Nemcija;DEU;osebni avtomobil;248;karavan;530
173;2051;6.6;1;VOLVO;LLF68-LF68TC;XC90 / 2.0 / TD / AUT. AWD;ävedska;SWE;osebni avtomobil;220;vecnamensko vozilo;XC90 
173;2014;6.6;1;VOLVO;LLC68-LC68TC;XC90 / 2.0 / TD / AUT. AWD;ävedska;SWE;osebni avtomobil;220;vecnamensko vozilo;XC90 
173;2121;6.7;1;VOLVO;LLCK2-LCK2VC0;XC90 / 2.0 / TD / AUT. AWD;ävedska;SWE;osebni avtomobil;180;vecnamensko vozilo;XC90 
173;1775;6.8;1;BMW;560L PX71;530 / TOURING / d AUT.;Nemcija;DEU;osebni avtomobil;243;karavan;530
173;1760;6.9;1;BMW;NY71-AA;530 / / xd;Nemcija;DEU;osebni avtomobil;242;limuzina;530
173;2121;6.9;1;VOLVO;LLCK2-LCK2VC0;XC90 / 2.0 / TD / AUT. AWD;ävedska;SWE;osebni avtomobil;180;vecnamensko vozilo;XC90 
173;1882;6.9;1;VOLVO;PPZ68-PZ68UC0;V90 Cross Country / 2.0 / TD / AUT. AWD;ävedska;SWE;osebni avtomobil;230;karavan;V90 Cross Country 
173;1854;6.9;1;VOLVO;PPW68-PW68UC0;V90 / 2.0 / TD / AUT. AWD;ävedska;SWE;osebni avtomobil;240;karavan;V90 
173;1882;7.1;1;VOLVO;PPZ68-PZ68TC;V90 Cross Country / 2.0 / TD / AUT. AWD;ävedska;SWE;osebni avtomobil;230;karavan;V90 Cross Country 
173;1855;7.2;1;BMW;PY71-AB;530 / TOURING / d xDrive AUT.;Nemcija;DEU;osebni avtomobil;233;karavan;530
173;1705;7.2;1;RENAULT;DTB30E;LAGUNA / COUPE 3.0 / V6 DCI AUT.;Francija;FRA;osebni avtomobil;240;kupe;LAGUNA 
173;1882;7.2;1;VOLVO;PPZ68-PZ68TC0;V90 Cross Country / 2.0 / TD / AUT. AWD;ävedska;SWE;osebni avtomobil;230;karavan;V90 Cross Country 
173;1904;7.3;1;VOLVO;UUZ68-UZ68UC0;XC60 / 2.0 / TD / AUT. AWD;ävedska;SWE;osebni avtomobil;220;karavan;XC60 
173;1882;7.4;1;VOLVO;PPZ68-PZ68TC0;V90 Cross Country / 2.0 / TD AUT. AWD;ävedska;SWE;osebni avtomobil;230;karavan;V90 Cross Country 
173;1955;7.6;1;MERCEDES BENZ;I020K0-NZAAA501;S / 320 / CDI AUT.;Nemcija;DEU;osebni avtomobil;250;limuzina;S 
173;2030;7.8;1;MERCEDES BENZ;I020K1-NZBBB500;S / 350 / 4-MATIC CDI AUT.;Nemcija;DEU;osebni avtomobil;245;limuzina;S 
173;2019;7.8;1;VOLVO;LLC68-LC68UC;XC90 / 2.0 / TD / AUT. AWD;ävedska;SWE;osebni avtomobil;220;vecnamensko vozilo;XC90 
173;1901;7.8;1;VOLVO;UUZ68-UZ68TC;XC 60 / 2.0 / TD AUT. AWD;ävedska;SWE;osebni avtomobil;220;karavan;XC 60 
173;2050;7.9;1;VOLVO;LLF68-LF68UC0;XC90 / 2.0 / TD / AUT. AWD;ävedska;SWE;osebni avtomobil;220;vecnamensko vozilo;XC90 
173;2014;7.9;1;VOLVO;LLC68-LC68UC;XC90 / 2.0 / TD / AUT. AWD;ävedska;SWE;osebni avtomobil;220;vecnamensko vozilo;XC90 
173;2150;8.1;1;BMW;FF41-AF;X5 / 3.0 / d AUT.;Nemcija;DEU;osebni avtomobil;216;karavan;X5 
173;2150;8.1;1;BMW;X70 FF41 02;X5 / 3.0 / d AUT.;Nemcija;DEU;osebni avtomobil;216;limuzina;X5 
173;2150;8.1;1;BMW;FF41-AB;X5 / 3.0 / d AUT.;Nemcija;DEU;osebni avtomobil;210;karavan;X5 
173;2075;8.1;1;BMW;FF41-EH;X5 / 3.0 / d AUT.;Nemcija;DEU;osebni avtomobil;216;karavan;X5 
173;2150;8.2;1;BMW;FG61-GE;X6 / xDrive 30 / d AUT.;Nemcija;DEU;osebni avtomobil;220;karavan;X6 
173;2150;8.2;1;BMW;FF41-AF;X5 / xDrive 30 / d AUT.;Nemcija;DEU;osebni avtomobil;216;karavan;X5 
173;2150;8.2;1;BMW;FG61-GA;X6 / xDrive 30 / d AUT.;Nemcija;DEU;osebni avtomobil;210;karavan;X6 
173;2150;8.2;1;BMW;FF41-AB;X5 / xDrive 30 / d AUT.;Nemcija;DEU;osebni avtomobil;210;karavan;X5 
173;1750;8.2;1;BMW;560XNY71-02;530 X / d AUT.;Nemcija;DEU;osebni avtomobil;238;limuzina;530 X 
173;1955;8.3;1;MERCEDES BENZ;221;S / 320 / CDI;Nemcija;DEU;osebni avtomobil;250;limuzina;S 
173;2019;8.3;1;VOLVO;LLC68-LC68UC0;XC90 / 2.0 / TD / AUT. AWD;ävedska;SWE;osebni avtomobil;220;vecnamensko vozilo;XC90 
173;1955;8.5;1;MERCEDES BENZ;I020K0-NZAAA501;S / 320 / CDI AUT.;Nemcija;DEU;osebni avtomobil;250;limuzina;S 
173;1880;8.5;1;MERCEDES BENZ;221-I020K0;S / 320 / CDI;Nemcija;DEU;osebni avtomobil;250;limuzina;S 
173;2025;8.6;1;MERCEDES BENZ;221;S / 320 / CDI 4 MATIC;Nemcija;DEU;osebni avtomobil;245;limuzina;S 
173;2180;8.7;1;BMW;X70 FF41 06;X5 / 3.0 / D;Nemcija;DEU;osebni avtomobil;216;limuzina;X5 
173;2180;8.7;1;BMW;FF41-44;X5 / 3.0 / d AUT.;Nemcija;DEU;osebni avtomobil;216;karavan;X5 
173;2180;8.7;1;BMW;X70 FF41;X5 / 3.0 / D;Nemcija;DEU;osebni avtomobil;216;vecnamensko vozilo;X5 
173;2180;8.7;1;BMW;FF41-02;X5 / 3.0 / d AUT.;Nemcija;DEU;osebni avtomobil;210;karavan;X5 
173;2180;8.7;1;BMW;X70 FF41 04;X5 / 3.0 / D;Nemcija;DEU;osebni avtomobil;210;limuzina;X5 
173;2150;8.7;1;BMW;FF41-52;X5 / xDrive 30 / d AUT.;Nemcija;DEU;osebni avtomobil;210;karavan;X5 
173;2105;8.7;1;BMW;FF-41;X5 / 3.0 / D;Nemcija;DEU;osebni avtomobil;216;karavan;X5 
173;2025;8.7;1;MERCEDES BENZ;221;S / 320 / CDI / 4 MATIC;Nemcija;DEU;osebni avtomobil;245;limuzina;S 
173;1880;8.7;1;MERCEDES BENZ;I020K0-NZAAA500;S / 320 / CDI AUT.;Nemcija;DEU;osebni avtomobil;250;limuzina;S 
173;2070;8.9;1;MERCEDES BENZ;I120K1-NZAAA501;S / 320 / 4-MATIC CDI AUT.;Nemcija;DEU;osebni avtomobil;245;limuzina;S 
173;2025;8.9;1;MERCEDES BENZ;I020K1-NZAAA501;S / 320 / 4-MATIC CDI AUT.;Nemcija;DEU;osebni avtomobil;245;limuzina;S 
173;2180;9.7;1;BMW;FF-41-06;X5 / 3.0 / D;Nemcija;DEU;osebni avtomobil;216;karavan;X5 
173;2180;9.7;1;BMW;FF-41;X5 / 3.0 / D;Nemcija;DEU;osebni avtomobil;200;karavan;X5 
174;2220;8.4;1;MERCEDES BENZ;KLU73320NXX-2GJVDX38BEXX;V / 300 / d AUT.;Nemcija;DEU;osebni avtomobil;214;vecnamensko vozilo;V 
175;1844;11.4;0;VOLVO;BZ9856;XC70 / 3.2 / AWD AUT.;ävedska;SWE;osebni avtomobil;215;karavan;XC70 
175;1885;8.1;0;LEXUS;AZ1/AGZ15(W)/AGZ15L-AWTLTW(3C);NX200T / 2.0 turbo / AUT AWD;Japonska ;JPN;osebni avtomobil;200;vecnamensko vozilo;NX200T 
175;2175;8.6;1;INFINITI;S51F-F01;QX70 / 3.0  / d AUT.;ävica;CHE;osebni avtomobil;212;vecnamensko vozilo;QX70 
175.1;2116;6.8;1;FORD;SBF-YLCA4YX-5LFAZNAE6TE;EDGE / 2.0 / EcoBlue 175 A8 4x4;Nemcija;DEU;osebni avtomobil;216;karavan;EDGE 
175.1;2116;7.3;1;FORD;SBF-YLCA4YX-5LFAZNAE6TE;EDGE / 2.0 / EcoBlue 175 A8 4x4;Nemcija;DEU;osebni avtomobil;216;karavan;EDGE 
175.1;2116;8.2;1;FORD;SBF-YLCA4YX-5LFAZNADSTE;EDGE / 2.0 / TDCI 175 A8 4x4;Nemcija;DEU;osebni avtomobil;216;karavan;EDGE 
176;2370;10.5;1;AUDI;XCASAQ1-QA69D052R4L807GGS5FS;Q7 / 3.0 / TDI Q AUT.;Nemcija;DEU;osebni avtomobil;210;karavan;Q7 
176;1485;12.4;0;ALFA ROMEO;937CXP1B25;GT / 3.2 / V6;Italija;ITA;osebni avtomobil;243;kupe;GT 
176;1721;5.3;1;VOLKSWAGEN;AACUAAX1-AD7AD7DL001SH7MMVR265;PASSAT / 2.0 / TDI 4M AUT.;Nemcija;DEU;osebni avtomobil;240;limuzina;PASSAT 
176;1735;5.4;1;VOLKSWAGEN;ACCUAAX1-AD7AD7DL001SH7MMVR265;PASSAT / VARIANT 2.0 / TDI 4M AUT.;Nemcija;DEU;osebni avtomobil;238;karavan;PASSAT 
176;1776;5.5;1;VOLKSWAGEN;ACCUAAX1-AD7AD7DL001CH7MMVR270;PASSAT / ALLTRACK 2.0 / TDI 4M AUT.;Nemcija;DEU;osebni avtomobil;234;karavan;PASSAT 
176;1735;5.5;1;VOLKSWAGEN;ACCUAAX1-AD7AD7DL001SH7MMVR266;PASSAT / VARIANT 2.0 / TDI 4M AUT.;Nemcija;DEU;osebni avtomobil;238;karavan;PASSAT 
176;1721;5.5;1;VOLKSWAGEN;AACUAAX1-AD7AD7DL001SH7MMVR266;PASSAT / 2.0 / TDI 4M AUT.;Nemcija;DEU;osebni avtomobil;240;limuzina;PASSAT 
176;1735;5.6;1;VOLKSWAGEN;ACCUAAX1-AD7AD7DL001SH7MMVR265;PASSAT / VARIANT 2.0 / TDI 4M AUT.;Nemcija;DEU;osebni avtomobil;238;karavan;PASSAT 
176;1776;5.8;1;VOLKSWAGEN;ACCUAAX1-AD7AD7DL001CH7MMVR270;PASSAT / ALLTRACK 2.0 / TDI 4M AUT.;Nemcija;DEU;osebni avtomobil;234;karavan;PASSAT 
176;1735;5.8;1;VOLKSWAGEN;ACCUAAX1-AD7AD7DL001SH7MMVR265;PASSAT / VARIANT 2.0 / TDI 4M AUT.;Nemcija;DEU;osebni avtomobil;238;karavan;PASSAT 
176;1828;5.9;1;VOLKSWAGEN;ABCUAAX1-AD7AD7DL001H7MMVR263;ARTEON / 2.0 / TDI 4M AUT.;Nemcija;DEU;osebni avtomobil;245;vozilo z dviûnimi vrati zadaj;ARTEON 
176;1776;6.1;1;VOLKSWAGEN;ACCUAAX1-AD7AD7DL001CH7MMVR270;PASSAT / ALLTRACK 2.0 / TDI 4M AUT.;Nemcija;DEU;osebni avtomobil;234;karavan;PASSAT 
176;1810;6.4;1;VOLKSWAGEN;ACCUAAX1-AD7AD7DL007GN5R5NVR27MM63;TIGUAN / 2.0 / TDI 4M AUT.;Nemcija;DEU;osebni avtomobil;230;karavan;TIGUAN 
176;1795;6.4;1;VOLKSWAGEN;ACCUAAX1-NAD7AD7DL007GR5NVR27MM63;TIGUAN / 2.0 / TDI 4M AUT.;Nemcija;DEU;osebni avtomobil;228;karavan;TIGUAN 
176;1880;6.5;1;VOLKSWAGEN;ACCUAAX1-AD7AD7DL007GL5N5NVR27MM61;TIGUAN / 2.0 / TDI 4M AUT.;Nemcija;DEU;osebni avtomobil;228;karavan;TIGUAN 
176;1795;6.6;1;AUDI;SCCWAQ1-QD7B5018R8S607MGEM0;A5 / 3.0 / TDI Q AUT.;Nemcija;DEU;osebni avtomobil;250;vozilo z dviûnimi vrati zadaj;A5 
176;1735;6.6;1;AUDI;CCCWAQ1-QD7B5034R8T907MGEM0;A5 / 3.0 / TDI Q AUT.;Nemcija;DEU;osebni avtomobil;250;kupe;A5 
176;1730;6.6;1;AUDI;LCCWAQ1-QM6B4001R8K617MB;A4 / 3.0 / TDI Q;Nemcija;DEU;osebni avtomobil;250;limuzina;A4 
176;1695;6.6;1;AUDI;CCCWAQ1-QM6B4001R8T607MG;A5 / 3.0 / TDI Q;Nemcija;DEU;osebni avtomobil;250;kupe;A5 
176;1760;6.7;1;AUDI;SCCWAQ1-QM6B4001R8S927MGEM0;A5 / 3.0 / TDI Q;Nemcija;DEU;osebni avtomobil;250;vozilo z dviûnimi vrati zadaj;A5 
176;1935;6.8;1;AUDI;KCCWAQ1-QD7B5018R8F927MG;A5 CABRIOLET / 3.0 / TDI Q V-AUT.;Nemcija;DEU;osebni avtomobil;247;kabriolet;A5 CABRIOLET 
176;1810;6.8;1;AUDI;ACCWAQ1-QD7B5018R8K917MGEM0;A4 AVANT / 3.0 / TDI Q AUT.;Nemcija;DEU;osebni avtomobil;250;karavan;A4 AVANT 
176;1770;6.8;1;AUDI;ACCWAQ1-QM6B4001R8K617MB;A4 AVANT / 3.0 / TDI Q;Nemcija;DEU;osebni avtomobil;250;karavan;A4 AVANT 
176;1765;6.9;1;AUDI;LCCWAQ1-QA6B6012R8K617MB;A4 / 3.0 / TDI Q V-AUT.;Nemcija;DEU;osebni avtomobil;250;limuzina;A4 
176;1735;6.9;1;AUDI;CCCWAQ1-QA6B6012R8T907MG;A5 / 3.0 / TDI Q V-AUT.;Nemcija;DEU;osebni avtomobil;250;kupe;A5 
176;1730;6.9;1;AUDI;LCAPAQ1-QM6B4001R8K61;A4 / 3.0 / TDI Q;Nemcija;DEU;osebni avtomobil;250;limuzina;A4 
176;1725;6.9;1;AUDI;CCCWAQ1-QA6B6012R8T927MB;A5 / 3.0 / Q V-AUT.;Nemcija;DEU;osebni avtomobil;250;kupe;A5 
176;1685;6.9;1;AUDI;B8-CAP;A5 / 3.0 / TDI / QUATTRO;Nemcija;DEU;osebni avtomobil;250;kupe;A5 
176;1610;6.9;1;AUDI;B8-CAP;A5 / 3.0 / TDI;Nemcija;DEU;osebni avtomobil;250;kupe;A5 
176;1935;7.1;1;AUDI;ACDYAQ1-QA69L157R4F80S57MG;A6 / AVANT 3.0 / TDI Q AUT.;Nemcija;DEU;osebni avtomobil;245;karavan;A6 
176;1920;7.1;1;AUDI;ACDYAQ1-QA69L157R4F70S57MG;A6 / AVANT 3.0 / TDI Q AUT.;Nemcija;DEU;osebni avtomobil;245;karavan;A6 
176;1875;7.1;1;AUDI;LCDYAQ1-QA69L157R4F80S57MG;A6 / 3.0 / TDI Q AUT.;Nemcija;DEU;osebni avtomobil;250;limuzina;A6 
176;1860;7.1;1;AUDI;LCDYAQ1-QA69L157R4F70S57MG;A6 / 3.0 / TDI Q AUT.;Nemcija;DEU;osebni avtomobil;250;limuzina;A6 
176;1840;7.1;1;AUDI;HCCWAQ1-QD7B5021R8KH77MG;A4 / ALLROAD QUATTRO / 3.0 TDI V-AUT.;Nemcija;DEU;osebni avtomobil;236;karavan;A4 
176;1840;7.1;1;AUDI;HCCWAQ1-QD7B5021R8KH77MGEM0;A4 ALLROAD QUATTRO / 3.0 / TDI AUT.;Nemcija;DEU;osebni avtomobil;236;karavan;A4 ALLROAD QUATTRO 
176;1770;7.1;1;AUDI;ACAPAQ1-QM6B4001R8K61;A4 AVANT / 3.0 / TDI Q;Nemcija;DEU;osebni avtomobil;250;karavan;A4 AVANT 
176;2038;7.1;1;LANCIA;L2YAM-C5HD1A;THEMA / 3.0 / MULTIJET;Zdruûene drûave;USA;osebni avtomobil;232;limuzina;THEMA 
176;1810;7.2;1;AUDI;ACCWAQ1-QA6B6012R8K617MGEM0;A4 AVANT / 3.0 / TDI Q AUT.;Nemcija;DEU;osebni avtomobil;250;karavan;A4 AVANT 
176;1685;7.2;1;AUDI;CCAPAQ1-QM6B4001R8T60;A5 / 3.0 / TDI Q;Nemcija;DEU;osebni avtomobil;250;kupe;A5 
176;1610;7.2;1;AUDI;B8;A5 / 3.0 / TDI /QUATTRO;Nemcija;DEU;osebni avtomobil;250;kupe;A5 
176;2038;7.2;1;LANCIA;L2YAM-C5HD2A;THEMA / 3.0 / MULTIJET;Zdruûene drûave;USA;osebni avtomobil;232;limuzina;THEMA 
176;1730;7.2;1;VOLKSWAGEN;AACUAAX1-AD7AD7DL001SH4BFVR21BA;PASSAT / 2.0 / TDI 4M AUT.;Nemcija;DEU;osebni avtomobil;247;limuzina;PASSAT 
176;1730;7.3;1;VOLKSWAGEN;AACUAAX1-AD7AD7DL001SH4BFVR21CB;PASSAT / 2.0 / TDI 4M AUT.;Nemcija;DEU;osebni avtomobil;247;limuzina;PASSAT 
176;2375;7.4;1;AUDI;XCJGAQ1-QA8C8022R4L907MGEM2S7FL;Q7 / 3.0 / TDI Q AUT.;Nemcija;DEU;osebni avtomobil;218;karavan;Q7 
176;2375;7.4;1;AUDI;XCJGAQ1-QA8C8022R4L907MGEM2S7FS;Q7 / 3.0 / TDI Q AUT.;Nemcija;DEU;osebni avtomobil;215;karavan;Q7 
176;2345;7.4;1;AUDI;XCJGAQ1-QA8C8022R4L217MGEM2S5FL;Q7 / 3.0 / TDI Q AUT.;Nemcija;DEU;osebni avtomobil;218;karavan;Q7 
176;2345;7.4;1;AUDI;XCJGAQ1-QA8C8022R4L217MGEM2S5FS;Q7 / 3.0 / TDI Q AUT.;Nemcija;DEU;osebni avtomobil;215;karavan;Q7 
176;2175;7.4;1;PORSCHE;ED22-02;CAYENNE / TDI / AUT.;Nemcija;DEU;osebni avtomobil;218;karavan;CAYENNE 
176;2179;7.4;1;VOLKSWAGEN;ACCASAX1-AA8AA8C8022NVR67MGM;TOUAREG / 3.0 / TDI AUT.;Nemcija;DEU;osebni avtomobil;218;karavan;TOUAREG 
176;2174;7.4;1;VOLKSWAGEN;ACCASAX1-AA8AA8C8022NVR67MGO;TOUAREG / 3.0 / TDI AUT.;Nemcija;DEU;osebni avtomobil;218;karavan;TOUAREG 
176;1770;7.4;1;VOLKSWAGEN;ACCUAAX1-AD7AD7DL001CH7CPVR21CB;PASSAT / VARIANT 2.0 / TDI 4M AUT.;Nemcija;DEU;osebni avtomobil;234;karavan;PASSAT 
176;1955;7.5;1;AUDI;HCDYAQ1-QA69L158R4FH0S57MG;A6 / ALLROAD QUATTRO 3.0 / TDI AUT.;Nemcija;DEU;osebni avtomobil;233;karavan;A6 
176;1955;7.5;1;AUDI;XCCWAQ1-QD7B5035R8R727MGEM0;Q5 / 3.0 / TDI Q AUT.;Nemcija;DEU;osebni avtomobil;225;karavan;Q5 
176;1940;7.5;1;AUDI;XCCWAQ1-QD7B5016R8R707MG;Q5 / 3.0 / TDI Q AUT.;Nemcija;DEU;osebni avtomobil;225;karavan;Q5 
176;1770;7.5;1;VOLKSWAGEN;ACCUAAX1-AD7AD7DL001SH4BFVR21CB;PASSAT / VARIANT 2.0 / TDI 4M AUT.;Nemcija;DEU;osebni avtomobil;241;karavan;PASSAT 
176;2152;7.6;1;MERCEDES BENZ;KLU8L310NXX-2GJS4X36BEXX;V / 300 / d AUT.;Nemcija;DEU;osebni avtomobil;220;karavan;V 
176;2229;7.6;1;VOLKSWAGEN;ACCASAX1-AA8AA8C8022OVR67MGM;TOUAREG / 3.0 / TDI AUT.;Nemcija;DEU;osebni avtomobil;216;karavan;TOUAREG 
176;1770;7.6;1;VOLKSWAGEN;ACCUAAX1-AD7AD7DL001SH4BFVR21CB;PASSAT / VARIANT 2.0 / TDI 4M AUT.;Nemcija;DEU;osebni avtomobil;241;karavan;PASSAT 
176;1790;7.7;1;VOLKSWAGEN;ACCUAAX1-AD7AD7DL001CH4BFVR21CB;PASSAT / VARIANT 2.0 / TDI 4M AUT.;Nemcija;DEU;osebni avtomobil;239;karavan;PASSAT 
176;2187;7.9;1;MERCEDES BENZ;KLU8L320NXX-3GJV4X28BEXX;V / 300 / d AUT.;Nemcija;DEU;osebni avtomobil;220;vecnamensko vozilo;V 
176;2152;7.9;1;MERCEDES BENZ;KLU8L310NXX-2GJV4X27BEXX;V / 300 / d AUT.;Nemcija;DEU;osebni avtomobil;220;karavan;V 
176;1895;7.9;1;äKODA;ACCUAAX1-NAD7AD7DL0074BF0NS5R1B8A;KODIAQ / 2.0 / TDI 4x4 AUT.;Ceöka republika;CZE;osebni avtomobil;221;karavan;KODIAQ 
176;1928;8.1;1;äKODA;ACCUAAX1-NAD7AD7DL0074BF6NS7R1C7A;KODIAQ / 2.0 / TDI 4x4 AUT.;Ceöka republika;CZE;osebni avtomobil;220;karavan;KODIAQ 
176;1913;8.1;1;äKODA;ACCUAAX1-NAD7AD7DL0077CPFNS7R1C7A;KODIAQ / 2.0 / TDI 4x4 AUT.;Ceöka republika;CZE;osebni avtomobil;220;karavan;KODIAQ 
176;1895;8.1;1;äKODA;ACCUAAX1-NAD7AD7DL0074BF0GS5R1C7A;KODIAQ / 2.0 / TDI 4x4 AUT.;Ceöka republika;CZE;osebni avtomobil;221;karavan;KODIAQ 
176;1880;8.1;1;äKODA;ACCUAAX1-NAD7AD7DL0077CP0GS5R1C7A;KODIAQ / 2.0 / TDI 4x4 AUT.;Ceöka republika;CZE;osebni avtomobil;221;karavan;KODIAQ 
176;1880;8.1;1;VOLKSWAGEN;ACCUAAX1-AD7AD7DL007L5R6NVR24BF1CSA;TIGUAN / 2.0 / TDI 4M AUT.;Nemcija;DEU;osebni avtomobil;228;karavan;TIGUAN 
176;1870;8.1;1;VOLKSWAGEN;ACCUAAX1-AD7AD7DL007L5R6NVR27CP1CSA;TIGUAN / 2.0 / TDI 4M AUT.;Nemcija;DEU;osebni avtomobil;228;karavan;TIGUAN 
176;1920;8.2;1;VOLKSWAGEN;ACCUAAX1-AD7AD7DL007L7R6NVR24BF1CSA;TIGUAN / 2.0 / TDI 4M AUT.;Nemcija;DEU;osebni avtomobil;228;karavan;TIGUAN 
176;2602;8.4;1;MERCEDES BENZ;KLU83320NXX-2GJS4X28BEXX;V / 300 / d AUT.;Nemcija;DEU;osebni avtomobil;215;vozilo z dostopom za invalidski vozicek;V 
176;2230;8.4;1;MERCEDES BENZ;KLU83320NXX-2GJV4X37BEXX;V / 300 / d AUT.;Nemcija;DEU;osebni avtomobil;215;karavan;V 
176;2230;8.4;1;MERCEDES BENZ;KLU83320NXX-2GJV4X38BEXX;V / 300 / d AUT.;Nemcija;DEU;osebni avtomobil;215;vecnamensko vozilo;V 
176;2230;8.5;1;MERCEDES BENZ;KLU83320NXX-2GJV4X27BEXX;V / 300 / d AUT.;Nemcija;DEU;osebni avtomobil;215;karavan;V 
176;2233;8.5;1;VOLKSWAGEN;CEXA-AA6QA69L141S517M;PHAETON / 3.0 / TDI 4M AUT.;Nemcija;DEU;osebni avtomobil;237;limuzina;PHAETON 
176;2230;8.6;1;MERCEDES BENZ;KLU83320NXX-2GJV4X27BEXX;V / 300 / d AUT.;Nemcija;DEU;osebni avtomobil;215;karavan;V 
176;2230;8.6;1;MERCEDES BENZ;KLU83320NXX-2GJV4X38BEXX;V / 300 / d AUT.;Nemcija;DEU;osebni avtomobil;215;vecnamensko vozilo;V 
176;2220;8.6;1;MERCEDES BENZ;KLU83310NXX-2GJV4X26BEXX;V / 300 / d AUT.;Nemcija;DEU;osebni avtomobil;215;karavan;V 
176;2205;8.6;1;MERCEDES BENZ;KLU83320NXX-1GJV4X38BEXX;V / 300 / d AUT.;Nemcija;DEU;osebni avtomobil;215;vecnamensko vozilo;V 
176;2230;8.7;1;MERCEDES BENZ;KLU83320NXX-2GJV4X38BEXX;V / 300 / d AUT.;Nemcija;DEU;osebni avtomobil;215;vecnamensko vozilo;V 
176;2230;8.7;1;MERCEDES BENZ;KLU83320NXX-2GJV4X37BEXX;V / 300 / d AUT.;Nemcija;DEU;osebni avtomobil;215;karavan;V 
176;2230;8.8;1;MERCEDES BENZ;KLU83320NXX-2GJV4X38BEXX;V / 300 / d AUT.;Nemcija;DEU;osebni avtomobil;215;vecnamensko vozilo;V 
176;2230;8.8;1;MERCEDES BENZ;KLU83320NXX-2GJV4X37BEXX;V / 300 / d AUT.;Nemcija;DEU;osebni avtomobil;215;karavan;V 
176;2400;9.1;1;AUDI;XCASAQ1-QA69D052R4L907MBS7FL;Q7 / 3.0 / TDI Q AUT.;Nemcija;DEU;osebni avtomobil;216;karavan;Q7 
176;2370;9.1;1;AUDI;XCASAQ1-QA69D052R4L907MBS5FL;Q7 / 3.0 / TDI Q AUT.;Nemcija;DEU;osebni avtomobil;216;karavan;Q7 
176;2370;9.1;1;AUDI;XCASAQ1-QA69D052R4L907MBS5FS;Q7 / 3.0 / TDI Q AUT.;Nemcija;DEU;osebni avtomobil;210;karavan;Q7 
176;2185;9.2;1;PORSCHE;EG22-11;CAYENNE DIESEL //;Nemcija;DEU;osebni avtomobil;218;karavan;CAYENNE DIESEL 
176;2560;9.3;1;PORSCHE;ES22-01;CAYENNE / TDI / AUT.;Nemcija;DEU;osebni avtomobil;214;karavan;CAYENNE 
176;2396;9.3;1;VOLKSWAGEN;ACCASAX11-AA6AA69D069171BSN7GG;TOUAREG / 3.0 / TDI AUT.;Nemcija;DEU;osebni avtomobil;211;karavan;TOUAREG 
176;2302;9.4;1;HYUNDAI;F7D14-A61AZ1;iX 55 / 3.0 / CRDi 4WD;Koreja. republika;KOR;osebni avtomobil;200;vecnamensko vozilo;iX 55 
176;2376;9.6;1;VOLKSWAGEN;ACCASCX11-AM6AM68D020171BAN7GG;TOUAREG / 3.0 / TDI;Nemcija;DEU;osebni avtomobil;207;karavan;TOUAREG 
176;2400;9.8;1;AUDI;XCASAQ1-QA69D052R4L807GGS7FL;Q7 / 3.0 / TDI Q AUT.;Nemcija;DEU;osebni avtomobil;216;karavan;Q7 
176;2370;9.8;1;AUDI;XCASAQ1-QA69D052R4L907GGS5FL;Q7 / 3.0 / TDI Q AUT.;Nemcija;DEU;osebni avtomobil;216;karavan;Q7 
176;2370;9.8;1;AUDI;XCASAQ1-QA69D052R4L907GGS5FS;Q7 / 3.0 / TDI Q AUT.;Nemcija;DEU;osebni avtomobil;210;karavan;Q7 
176;1485;9.8;0;PORSCHE;KM11-A2;BOXSTER / /;Nemcija;DEU;osebni avtomobil;258;kabriolet;BOXSTER 
176;1400;9.8;0;PORSCHE;KM11-A2;BOXSTER;Nemcija;DEU;osebni avtomobil;258;kabriolet;BOXSTER
176;1400;9.8;0;PORSCHE;KM11-A1;BOXSTER / /;Nemcija;DEU;osebni avtomobil;256;kabriolet;BOXSTER 
176;2396;9.9;1;VOLKSWAGEN;ACCASAX11-AA6AA69D069171BSN7GG;TOUAREG / 3.0 / TDI AUT.;Nemcija;DEU;osebni avtomobil;211;karavan;TOUAREG 
176;2396;9.9;1;VOLKSWAGEN;ACCASAX11-AA6AA69D069171BEN7GG;TOUAREG / 3.0 / TDI AUT.;Nemcija;DEU;osebni avtomobil;204;karavan;TOUAREG 
176.5;1485;12.4;0;ALFA ROMEO;937CXP1B25;GT / 3.2 / V6;Italija;ITA;osebni avtomobil;243;kupe;GT 
176.8;1951;6.6;1;FORD;WA6-YLCB1JX-5MDACNAD2TV;S-MAX 2.0 EcoBlue 176 A8;Nemcija;DEU;osebni avtomobil;220;karavan;S-MAX 2.0 EcoBlue 176 A8
176.8;1969;6.8;1;FORD;WA6-YLCB1KX-7MDAZNAD2F4;GALAXY 2.0 / EcoBlue 176.8 A8;Nemcija;DEU;osebni avtomobil;216;karavan;GALAXY 2.0 
177;1553;11.5;0;VOLKSWAGEN;SCBFHX11-SGQM62Y013O21N20GG;GOLF  / R 32 / / 4M;Nemcija;DEU;osebni avtomobil;247;vozilo z dviûnimi vrati zadaj;GOLF  
177;1552;11.5;0;VOLKSWAGEN;1J-BFH;GOLF / R32 / 4M;Nemcija;DEU;osebni avtomobil;247;vozilo z dviûnimi vrati zadaj;GOLF 
177;2088;12.3;0;HONDA;YF185;PILOT / 3.5 / V6 EX-L AUT.;Kanada;CAN;osebni avtomobil;180;vecnamensko vozilo;PILOT 
177;1918;5.8;1;JAGUAR;DC-C503;F-PACE / 2.0d / I4d AWD AUT.;Zdruûeno kraljestvo;GBR;osebni avtomobil;217;karavan;F-PACE 
177;2033;5.8;1;LAND ROVER;LY-S5BB2F-A5B1;RANGE ROVER VELAR / 2.0 / D240 AWD AUT.;Zdruûeno kraljestvo;GBR;osebni avtomobil;217;karavan;RANGE ROVER VELAR 
177;1942;6.3;1;JAGUAR;CC9-X250-G508;JAGUAR XF / 3.0L / V6 DIESEL;Zdruûeno kraljestvo;GBR;osebni avtomobil;240;limuzina;JAGUAR XF 
177;2014;6.3;1;LAND ROVER;LZ-S5BD2L-A5EB;RANGE ROVER EVOQUE / 2.0 / TD4 MHEV 4WD AUT.;Zdruûeno kraljestvo;GBR;osebni avtomobil;225;karavan;RANGE ROVER EVOQUE 
177;1968;6.4;1;LAND ROVER;LY-S5BB2L-A5BFB;RANGE ROVER VELAR / 2.0 / D240 AWD AUT.;Zdruûeno kraljestvo;GBR;osebni avtomobil;217;karavan;RANGE ROVER VELAR 
177;1951;6.5;1;FORD;WA6-YLCB1JX-5MDAZNAD2FV;S-MAX 2.0 / ECOBLUE 176.8 A8;Nemcija;DEU;osebni avtomobil;220;karavan;S-MAX 2.0 
177;2241;6.5;1;LAND ROVER;LRS5CE2F-A7I2;DISCOVERY / 2.0 / SD4 4WD AUT.;Zdruûeno kraljestvo;GBR;osebni avtomobil;207;karavan;DISCOVERY 
177;1968;6.5;1;LAND ROVER;LY-S5BB2K-A5BE;RANGE ROVER VELAR / 2.0 / D240 AWD AUT.;Zdruûeno kraljestvo;GBR;osebni avtomobil;217;karavan;RANGE ROVER VELAR 
177;1395;6.8;0;ALFA ROMEO;940FXR1116C;GIULIETTA / 1.8 / TCT;Italija;ITA;osebni avtomobil;244;vecnamensko vozilo;GIULIETTA 
177;995;6.8;0;ALFA ROMEO;960CXB1A01;4C / 1.8 /;Italija;ITA;osebni avtomobil;258;kupe;4C 
177;1845;6.8;1;JAGUAR;CC9-X250-G502;JAGUAR XF / 3.0L / V6 DIESEL;Zdruûeno kraljestvo;GBR;osebni avtomobil;240;limuzina;JAGUAR XF 
177;1074;6.9;0;ALFA ROMEO;961DXB1A00;4C / 1.8 / SPIDER;Italija;ITA;osebni avtomobil;257;kabriolet;4C 
177;1838;7.2;1;CITROEN;RWX8ZA;C5 III / TOURER 3.0 V6 / HDI AUT.;Francija;FRA;osebni avtomobil;239;karavan;C5 III 
177;1781;7.2;1;PEUGEOT;6JX8ZA;407 / COUPE 3.0 / V6 HDI AUT.;Francija;FRA;osebni avtomobil;243;kupe;407
177;1730;7.2;1;RENAULT;LTF30E;LATITUDE / 3.0 / V6 DCI AUT.;Francija;FRA;osebni avtomobil;234;limuzina;LATITUDE 
177;1948;7.3;1;CITROEN;TDX8ZA;C6 / 3.0 / HDI AUT.;Francija;FRA;osebni avtomobil;235;limuzina;C6 
177;1840;7.3;0;LAND ROVER;LVS5PV2F-F5T1;RANGE ROVER EVOQUE / 2.0 / Si4 4WD AUT.;Zdruûeno kraljestvo;GBR;osebni avtomobil;217;karavan;RANGE ROVER EVOQUE 
177;2250;7.4;1;LAND ROVER;LR-S5CE2K-A5FE;DISCOVERY / 2.0 / SD4 4WD AUT.;Zdruûeno kraljestvo;GBR;osebni avtomobil;189;karavan;DISCOVERY 
177;1968;7.4;1;LAND ROVER;LY-S5BB2K-A5BE;RANGE ROVER VELAR / 2.0 / D240 AWD AUT.;Zdruûeno kraljestvo;GBR;osebni avtomobil;217;karavan;RANGE ROVER VELAR 
177;1820;7.8;0;LAND ROVER;LVJ3MV2F-F5T2;RANGE ROVER EVOQUE / 2.0 / Si4 4WD AUT.;Zdruûeno kraljestvo;GBR;osebni avtomobil;217;kupe;RANGE ROVER EVOQUE 
177;1142;7.9;0;ALFA ROMEO;4C SPIDER;4C / 1.8 / SPIDER;Italija;ITA;osebni avtomobil;257;kabriolet;4C 
177;1450;8.1;0;SEAT;AFCDLDX01-SGNFM62Q0217MG;LEON / 2.0 / TFSI;äpanija;ESP;osebni avtomobil;247;vecnamensko vozilo;LEON 
177;2430;8.3;1;JEEP;JLJCF-B5HD2A;GRAND CHEROKEE / 3.0 / V6 / CRD;Zdruûene drûave;USA;osebni avtomobil;202;vecnamensko vozilo;GRAND CHEROKEE 
177;2347;8.3;1;JEEP;JLJCF-D5HD2A;GRAND CHEROKEE / 3.0 / V6 / CRD;Zdruûene drûave;USA;osebni avtomobil;202;vecnamensko vozilo;GRAND CHEROKEE 
177;2347;8.3;1;JEEP;JLJCF-C5HD2A;GRAND CHEROKEE;Zdruûene drûave;USA;osebni avtomobil;202;vecnamensko vozilo;GRAND CHEROKEE
177;1450;8.3;0;SEAT;AFBWJX01-SGFM62Q0210GG;LEON / 2.0 / TFSI CUPRA;äpanija;ESP;osebni avtomobil;247;vecnamensko vozilo;LEON 
177;1543;8.3;0;VOLVO;FS475B;S60 / 2.0 / T. AUT.;ävedska;SWE;osebni avtomobil;230;limuzina;S60 
177;1682;8.5;0;SUBARU;SJG-5A0;FORESTER / 2.0 / XT AWD CVT;Japonska ;JPN;osebni avtomobil;221;karavan;FORESTER 
177;1698;8.5;0;VOLVO;DZ475B;XC60 / 2.0 / T AUT.;ävedska;SWE;osebni avtomobil;210;karavan;XC60 
177;1800;8.7;0;LAND ROVER;S5MV2F-D5T2;RANGE ROVER EVOQUE / / SW Si4 4WD AUT.;Zdruûeno kraljestvo;GBR;osebni avtomobil;217;karavan;RANGE ROVER EVOQUE 
177;1800;8.7;0;LAND ROVER;J3MV2F-D5T2;RANGE ROVER EVOQUE / / COUPE 4WD AUT.;Zdruûeno kraljestvo;GBR;osebni avtomobil;217;kupe;RANGE ROVER EVOQUE 
177;1393;9.2;0;OPEL;KM11-1A11ACLGHT5;ASTRA / 2.0 / 16V TURBO;Nemcija;DEU;osebni avtomobil;244;kupe;ASTRA 
177;1320;9.9;0;HONDA;AP1;S / 2000;Japonska ;JPN;osebni avtomobil;240;kabriolet;S 
178;2400;9.8;1;AUDI;4LXCASAQ1;Q7 / 3.0 / TDI  AUT.;Nemcija;DEU;osebni avtomobil;216;karavan;Q7 
180;1440;10.1;0;PORSCHE;KP12-A1;BOXSTER / / AUT.;Nemcija;DEU;osebni avtomobil;251;kabriolet;BOXSTER 
180;1810;11.1;0;MERCEDES BENZ;220 N067K0-SBAAA500;S / 350 / AUT.;Nemcija;DEU;osebni avtomobil;246;limuzina;S 
180;1770;11.7;0;MERCEDES BENZ;S467K0-SBAAA200;SL / 350 / AUT.;Nemcija;DEU;osebni avtomobil;250;kabriolet;SL 
180;1770;12.8;0;MERCEDES BENZ;MB-230;SL / 350;Nemcija;DEU;osebni avtomobil;250;kabriolet;SL 
180;2305;3.3;0;BMW;KT01-6A15000K;X5 / xDrive 40 / e AUT.;Nemcija;DEU;osebni avtomobil;210;karavan;X5 
180;2305;3.4;0;BMW;KT01-6A25000K;X5 / xDrive 40 e / i Performance AUT.;Nemcija;DEU;osebni avtomobil;210;karavan;X5 
180;1735;5.2;1;MERCEDES BENZ;U018T0-CZAC15AA;E / 300 / d AUT.;Nemcija;DEU;osebni avtomobil;250;limuzina;E 
180;1825;5.4;1;MERCEDES BENZ;E318T0-CZAC151A-;CLS / 300 / d AUT.;Nemcija;DEU;osebni avtomobil;250;limuzina;CLS 
180;1690;5.4;1;MERCEDES BENZ;R318T0-CZAA147B;C / 300 / d AUT.;Nemcija;DEU;osebni avtomobil;250;kupe;C 
180;1595;5.5;0;BMW;3B51-5H000;328 / / I XDRIVE;Nemcija;DEU;osebni avtomobil;250;limuzina;328
180;1705;5.5;1;MERCEDES BENZ;R018T1-CLAZ152A;C / 300 / d 4-MATIC AUT.;Nemcija;DEU;osebni avtomobil;250;limuzina;C 
180;1685;5.6;1;MERCEDES BENZ;R218T0-CZAZ157B;C / 300 / d AUT.;Nemcija;DEU;osebni avtomobil;250;karavan;C 
180;1795;5.7;1;AUDI;LCKVBQ1-QD7B5034RB8K4S57MKEM1;A4 / 3.0 / TDI Q AUT.;Nemcija;DEU;osebni avtomobil;250;limuzina;A4 
180;1715;5.7;1;AUDI;CCDUCQ1-QD7B5034RB8T2S47MGEM1;A5 / 3.0 / TDI Q AUT.;Nemcija;DEU;osebni avtomobil;250;kupe;A5 
180;1735;5.8;1;AUDI;SCDUCQ1-QM6B4001RB8T2S47MJEM1;A5 / 3.0 / TDI Q;Nemcija;DEU;osebni avtomobil;250;vozilo z dviûnimi vrati zadaj;A5 
180;1705;5.8;1;MERCEDES BENZ;R018T1-CLAA057A;C / 300 / d 4-MATIC AUT.;Nemcija;DEU;osebni avtomobil;250;limuzina;C 
180;1900;5.9;1;AUDI;ACKVCQ1-QD7B5027R4G71S57MKEM2;A6 / AVANT 3.0 / TDI Q AUT.;Nemcija;DEU;osebni avtomobil;243;karavan;A6 
180;1895;5.9;1;AUDI;SCKVCQ1-QD7B5027R4G70S57MKEM2;A7 / 3.0 / TDI Q AUT.;Nemcija;DEU;osebni avtomobil;250;vozilo z dviûnimi vrati zadaj;A7 
180;1865;5.9;1;AUDI;ACDUDQ1-QD7B5027R4G72S57MJEM2;A6 / AVANT 3.0 / TDI Q AUT.;Nemcija;DEU;osebni avtomobil;243;karavan;A6 
180;1865;5.9;1;AUDI;ACDUCQ1-QD7B5027R4G72S57MGEM2;A6 AVANT 3.0 / TDI Q AUT.;Nemcija;DEU;osebni avtomobil;243;karavan;A6 AVANT 3.0 
180;1860;5.9;1;AUDI;SCDUDQ1-QA8BK033R4G70S47MGEM2;A7 / 3.0 / TDI Q AUT.;Nemcija;DEU;osebni avtomobil;250;vozilo z dviûnimi vrati zadaj;A7 
180;1835;5.9;1;AUDI;LCKVBQ1-QD7B5027R4G72S57MKEM2;A6 / 3.0 / TDI Q AUT.;Nemcija;DEU;osebni avtomobil;250;limuzina;A6 
180;1800;5.9;1;AUDI;ACDUCQ1-QD7B5034RB8K4S57MGEM1;A4 AVANT / 3.0 / TDI Q AUT.;Nemcija;DEU;osebni avtomobil;250;karavan;A4 AVANT 
180;1795;5.9;1;AUDI;LCDUCQ1-QD7B5027R4G72S57MGEM2;A6 / 3.0 / TDI Q AUT.;Nemcija;DEU;osebni avtomobil;250;limuzina;A6 
180;1795;6.1;1;BMW;FW51-5B;530 / / d AUT.;Nemcija;DEU;osebni avtomobil;250;limuzina;530
180;2165;6.1;1;MERCEDES BENZ;B218T1-CZAAF59B;GLE / 300 / d 4-MATIC AUT.;Nemcija;DEU;osebni avtomobil;225;karavan;GLE 
180;1825;6.2;1;AUDI;HCDUCQ1-QD7B5027RB8H1S57MGEM1;A4 ALLROAD QUATTRO / 3.0 / TDI AUT.;Nemcija;DEU;osebni avtomobil;237;karavan;A4 ALLROAD QUATTRO 
180;1795;6.2;1;BMW;FW51-5B;530 / / d AUT.;Nemcija;DEU;osebni avtomobil;250;limuzina;530
180;1625;6.2;1;BMW;PR91-5B;330 / / d AUT.;Nemcija;DEU;osebni avtomobil;250;limuzina;330
180;1955;6.3;1;AUDI;HCKVCQ1-QD7B5042R4GH1S57MKEM2;A6 ALLROAD QUATTRO / 3.0 / TDI AUT.;Nemcija;DEU;osebni avtomobil;236;karavan;A6 ALLROAD QUATTRO 
180;1930;6.3;1;AUDI;HCDUDQ1-QD7B5042R4GH1S57MJEM2;A6 ALLROAD QUATTRO / 3.0 / TDI AUT.;Nemcija;DEU;osebni avtomobil;236;karavan;A6 ALLROAD QUATTRO 
180;1825;6.3;1;AUDI;SCKVCQ1-QD7B5034PB832S47MMEM1;A5 / 3.0 / TDI Q AUT.;Nemcija;DEU;osebni avtomobil;250;vozilo z dviûnimi vrati zadaj;A5 
180;1880;6.3;1;BMW;MX51-5B;530 / TOURING / d AUT.;Nemcija;DEU;osebni avtomobil;242;karavan;530
180;1530;6.3;0;BMW;3A51-5A000;328 / / i AUT.;Nemcija;DEU;osebni avtomobil;250;limuzina;328
180;1825;6.3;1;MERCEDES BENZ;E318T0-CZAA151A;CLS / 300 / d AUT.;Nemcija;DEU;osebni avtomobil;250;limuzina;CLS 
180;1810;6.3;1;MERCEDES BENZ;T318T0-CZAB14AA;E / 300 / D AUT.;Nemcija;DEU;osebni avtomobil;250;kupe;E 
180;1437;6.3;0;VOLKSWAGEN;GAC4DLBAX0-FD7FD7GC003S7MVMN1ML72VR2N;GOLF / 2.0 / TSI AUT.;Nemcija;DEU;osebni avtomobil;250;karavan;GOLF 
180;1935;6.4;1;AUDI;XCDUDQ1-QD7B5035R8R7C7MGEM1;Q5 / 3.0 / TDI Q AUT.;Nemcija;DEU;osebni avtomobil;225;karavan;Q5 
180;1875;6.4;1;BMW;MX51-5A;530 / TOURING / D;Nemcija;DEU;osebni avtomobil;243;karavan;530
180;1545;6.4;0;BMW;3N31-6A240000;428 / COUPE / i AUT.;Nemcija;DEU;osebni avtomobil;250;kupe;428
180;1535;6.4;0;BMW;3A51-6A250000;328 / / i AUT.;Nemcija;DEU;osebni avtomobil;250;limuzina;328
180;1505;6.4;0;BMW;3A51-5H000;328 / / i;Nemcija;DEU;osebni avtomobil;250;limuzina;328
180;1825;6.4;1;MERCEDES BENZ;E318T0-CZAA150C;CLS / 300 / d AUT.;Nemcija;DEU;osebni avtomobil;250;limuzina;CLS 
180;1487;6.4;0;äKODA;ACDLBAX0-RFD7FD7GC003V2MLN647;OCTAVIA / COMBI 2.0 / TSI AUT.;Ceöka republika;CZE;osebni avtomobil;250;karavan;OCTAVIA 
180;1910;6.5;1;AUDI;LDMGHQ1-QD7AD7HL001RT031B19S54BIAEM1H56FLD2;A6 / 3.0 / TDI Q AUT.;Nemcija;DEU;osebni avtomobil;250;limuzina;A6 
180;2035;6.5;1;BMW;SN61-5B;530 / GT / d AUT.;Nemcija;DEU;osebni avtomobil;240;limuzina;530
180;1845;6.5;1;MERCEDES BENZ;R718T1-CZAA150B;GLC / 300 d / 4-MATIC AUT.;Nemcija;DEU;osebni avtomobil;231;karavan;GLC 
180;1595;6.6;0;MERCEDES BENZ;R24RP0-CZAA1572;C / 300  /;Nemcija;DEU;osebni avtomobil;250;karavan;C 
180;1565;6.6;0;MERCEDES BENZ;R34RP0-NZAA1412;C / 300 / AUT.;Nemcija;DEU;osebni avtomobil;250;kupe;C 
180;1409;6.6;0;VOLKSWAGEN;GAC4DLBAX0-FM6FM62Q044S7MVON1ML72VR2N;GOLF / 2.0 / TSI;Nemcija;DEU;osebni avtomobil;250;karavan;GOLF 
180;1775;6.7;0;BMW;3V31-6A240000;428 / CABRIO / i AUT.;Nemcija;DEU;osebni avtomobil;250;kabriolet;428
180;1670;6.7;0;BMW;4A71-6A150000;428 / I XDRIVE AUT.;Nemcija;DEU;osebni avtomobil;250;limuzina;428
180;1631;6.7;0;BMW;3B3C;328 / / i xDrive;Nemcija;DEU;osebni avtomobil;210;limuzina;328
180;1845;6.7;1;MERCEDES BENZ;R718T1-CZAA052A;GLC / 300 d / 4-MATIC AUT.;Nemcija;DEU;osebni avtomobil;231;karavan;GLC 
180;1825;6.7;1;MERCEDES BENZ;E318T0-CZAC151C;CLS / 300 / d AUT.;Nemcija;DEU;osebni avtomobil;250;limuzina;CLS 
180;1829;6.7;0;VOLVO;DZ8156;XC60 / 2.4 / TD AWD AUT.;ävedska;SWE;osebni avtomobil;195;karavan;XC60 
180;1940;6.8;1;BMW;KM21-5B;730 / / d AUT.;Nemcija;DEU;osebni avtomobil;245;limuzina;730
180;1725;6.8;1;BMW;PP91-5B;330 / / d xDrive AUT.;Nemcija;DEU;osebni avtomobil;247;limuzina;330
180;1645;6.8;0;BMW;3X31-6H250000;328 / GT / i;Nemcija;DEU;osebni avtomobil;250;limuzina;328
180;1615;6.8;0;BMW;3N51-6A240000;428 / COUPE / i xDrive AUT.;Nemcija;DEU;osebni avtomobil;250;kupe;428
180;1475;6.8;0;BMW;LL51-6H000;Z4 / CABRIO 28 / I SDRIVE;Nemcija;DEU;osebni avtomobil;250;kabriolet;Z4 
180;1845;6.8;1;MERCEDES BENZ;R718T1-CZAC150A;GLC / 300 d / 4-MATIC AUT.;Nemcija;DEU;osebni avtomobil;231;karavan;GLC 
180;1565;6.8;0;MERCEDES BENZ;R34RP0-NZAA1414;C / 300 /;Nemcija;DEU;osebni avtomobil;250;kupe;C 
180;1520;6.8;0;äKODA;AADNPAX0-RFD7FD7GC0034BIML3N1B4A;OCTAVIA RS / 2.0 / TSI AUT.;Ceöka republika;CZE;osebni avtomobil;250;limuzina;OCTAVIA RS 
180;1518;6.8;0;äKODA;AADNPAX0-RFM6FM62Q0444BIML3N1B2A;OCTAVIA RS / 2.0 / TSI;Ceöka republika;CZE;osebni avtomobil;250;limuzina;OCTAVIA RS 
180;2090;6.9;1;BMW;SP61-5A000;530 / GT / d xDrive AUT.;Nemcija;DEU;osebni avtomobil;235;limuzina;530
180;1790;6.9;1;BMW;UW91-5B;330 / TOURING / d xDrive AUT.;Nemcija;DEU;osebni avtomobil;245;karavan;330
180;1605;6.9;0;BMW;3N51-6H240000;428 / COUPE / I XDRIVE;Nemcija;DEU;osebni avtomobil;250;kupe;428
180;1875;6.9;1;MERCEDES BENZ;R818T1-CZAA151A;GLC / 300 d / 4-MATIC AUT.;Nemcija;DEU;osebni avtomobil;233;vozilo z dviûnimi vrati zadaj;GLC 
180;1845;6.9;1;MERCEDES BENZ;R718T1-CZAA150A;GLC / 300 d / 4-MATIC AUT.;Nemcija;DEU;osebni avtomobil;231;karavan;GLC 
180;1590;6.9;0;äKODA;ACDNPAX0-RFD7FD7GC0034BIML4N1B2A;OCTAVIA RS / COMBI 2.0 / TSI AUT.;Ceöka republika;CZE;osebni avtomobil;250;karavan;OCTAVIA RS 
180;1549;6.9;0;äKODA;AADNPAX0-RFD7FD7GC0034BIML3N1C4A;OCTAVIA RS / 2.0 / TSI AUT.;Ceöka republika;CZE;osebni avtomobil;250;limuzina;OCTAVIA RS 
180;1532;6.9;0;äKODA;ACDNPAX0-RFD7FD7GC0034BIML4N1B4A;OCTAVIA RS / COMBI 2.0 / TSI AUT.;Ceöka republika;CZE;osebni avtomobil;250;karavan;OCTAVIA RS 
180;2165;7.1;1;MERCEDES BENZ;B218T1-CZAAF55A;GLE / 300 / d 4-MATIC AUT.;Nemcija;DEU;osebni avtomobil;225;karavan;GLE 
180;1690;7.1;0;MERCEDES BENZ;204R44RP0-CZAA1414;C 300 /;Nemcija;DEU;osebni avtomobil;250;kabriolet;C 300 
180;1625;7.1;0;äKODA;ACDNPAX0-RFD7FD7GC0034BIML4N1C2A;OCTAVIA RS / COMBI 2.0 / TSI AUT.;Ceöka republika;CZE;osebni avtomobil;250;karavan;OCTAVIA RS 
180;1940;7.2;1;BMW;KM21-5B;730 / / d AUT.;Nemcija;DEU;osebni avtomobil;245;limuzina;730
180;1845;7.2;0;BMW;3V51-6A240000;428 / CABRIO / i xDrive AUT.;Nemcija;DEU;osebni avtomobil;250;kabriolet;428
180;2165;7.2;1;MERCEDES BENZ;B218T1-CZAAF55A;GLE / 300 / d 4-MATIC AUT.;Nemcija;DEU;osebni avtomobil;225;karavan;GLE 
180;2155;7.2;1;PORSCHE;EG22-02;CAYENNE DIESEL / / AUT.;Nemcija;DEU;osebni avtomobil;220;karavan;CAYENNE DIESEL 
180;1410;7.2;0;äKODA;AADKTBX0-RFM6FM62Q0447CSV2MLN1E7A;OCTAVIA / 2.0 / TSI;Ceöka republika;CZE;osebni avtomobil;250;limuzina;OCTAVIA 
180;2152;7.2;1;VOLKSWAGEN;ACCRCAX1-AA8AA8C8022NVR67MQO;TOUAREG / 3.0 / TDI AUT.;Nemcija;DEU;osebni avtomobil;220;karavan;TOUAREG 
180;2203;7.3;1;VOLKSWAGEN;ACCRCAX1-AA8AA8C8022OVR67MQM;TOUAREG / 3.0 / TDI AUT.;Nemcija;DEU;osebni avtomobil;218;karavan;TOUAREG 
180;2425;7.4;1;AUDI;XCLZBQ1-QA8C8022R4L217MKEM2S7FL;Q7 / 3.0 / TDI Q AUT.;Nemcija;DEU;osebni avtomobil;219;karavan;Q7 
180;2395;7.4;1;AUDI;XCLZBQ1-QA8C8022R4L217MKEM2S5FL;Q7 / 3.0 / TDI Q AUT.;Nemcija;DEU;osebni avtomobil;219;karavan;Q7 
180;2375;7.4;1;AUDI;XCRCAQ1-QA8C8022R4L217MGEM2S7FL;Q7 / 3.0 / TDI Q AUT.;Nemcija;DEU;osebni avtomobil;219;karavan;Q7 
180;2375;7.4;1;AUDI;XCRCAQ1-QA8C8022R4L807MJEM2S7FS;Q7 / 3.0 / TDI Q AUT.;Nemcija;DEU;osebni avtomobil;216;karavan;Q7 
180;2345;7.4;1;AUDI;XCRCAQ1-QA8C8022R4L217MGEM2S5FL;Q7 / 3.0 / TDI Q AUT.;Nemcija;DEU;osebni avtomobil;219;karavan;Q7 
180;1770;7.4;0;AUDI;LDKNAQ1-QD7AD7CJ004RT031B19S54BFAEM1H460FS;A6 / 2.0 / TFSI Q AUT.;Nemcija;DEU;osebni avtomobil;250;limuzina;A6 
180;2150;7.4;1;BMW;ZW41-5L;X5 / xDrive 30 / d AUT.;Nemcija;DEU;osebni avtomobil;222;karavan;X5 
180;2150;7.4;1;BMW;FH61-5O;X6 / xDrive 30 / d AUT.;Nemcija;DEU;osebni avtomobil;222;karavan;X6 
180;2150;7.4;1;BMW;FH61-5B;X6 / xDrive 30 / d AUT.;Nemcija;DEU;osebni avtomobil;210;karavan;X6 
180;2150;7.4;1;BMW;ZW41-5B;X5 / xDrive 30 / d AUT.;Nemcija;DEU;osebni avtomobil;210;karavan;X5 
180;1478;7.4;0;äKODA;AADKTBX0-RFD7FD7GC0034BFV2MLN1C8A;OCTAVIA / 2.0 / TSI AUT.;Ceöka republika;CZE;osebni avtomobil;250;limuzina;OCTAVIA 
180;1432;7.4;0;äKODA;ACDKTBX0-RFM6FM62Q0447CSV2MLN1C7A;OCTAVIA / COMBI 2.0 / TSI;Ceöka republika;CZE;osebni avtomobil;246;karavan;OCTAVIA 
180;1445;7.4;0;VOLKSWAGEN;GAC4DKTBX0-FD7FD7GC003S7CSMN1ML1CVR2NA;GOLF / 2.0 / GTI AUT.;Nemcija;DEU;osebni avtomobil;250;karavan;GOLF 
180;1835;7.5;0;BMW;WX91-6A0500V0;X3 / xDrive 28 / i AUT.;Nemcija;DEU;osebni avtomobil;230;karavan;X3 
180;1835;7.5;0;BMW;WX91-6A050000;X3 / XDRIVE 28 / I AUT.;Nemcija;DEU;osebni avtomobil;210;karavan;X3 
180;2165;7.5;1;MERCEDES BENZ;B218T1-CZAAF55A;GLE / 300 / d 4-MATIC AUT.;Nemcija;DEU;osebni avtomobil;225;karavan;GLE 
180;1478;7.5;0;äKODA;AADKTBX0-RFD7FD7GC0034BFV2MLN1C8A;OCTAVIA / 2.0 / TSI AUT.;Ceöka republika;CZE;osebni avtomobil;250;limuzina;OCTAVIA 
180;1432;7.5;0;äKODA;ACDKTBX0-RFM6FM62Q0447CSV2MLN1E7A;OCTAVIA / COMBI 2.0 / TSI;Ceöka republika;CZE;osebni avtomobil;246;karavan;OCTAVIA 
180;1518;7.5;0;VOLKSWAGEN;ACDNPAX0-FD7FD7GC003S4BISMR2ML1CVR2AG0;GOLF / 2.0 / TSI AUT.;Nemcija;DEU;osebni avtomobil;250;karavan;GOLF 
180;1490;7.5;0;VOLKSWAGEN;ACDNPAX0-FD7FD7GC003S4BISMR2ML1CVR2AI0;GOLF / 2.0 / TSI AUT.;Nemcija;DEU;osebni avtomobil;250;karavan;GOLF 
180;1463;7.5;0;VOLKSWAGEN;ACDNPAX0-FD7FD7GC003S4BISOR2ML1CVR2AG0;GOLF / 2.0 / TSI AUT.;Nemcija;DEU;osebni avtomobil;250;karavan;GOLF 
180;1445;7.5;0;VOLKSWAGEN;GAC4DKTBX0-FD7FD7GC003S4BFON1ML1EVR2NA;GOLF / 2.0 / GTI AUT.;Nemcija;DEU;osebni avtomobil;250;karavan;GOLF 
180;1425;7.5;0;VOLKSWAGEN;GAC4DKTBX0-FM6FM62Q044S7CSMN1ML1CVR2NA;GOLF / 2.0 / GTI;Nemcija;DEU;osebni avtomobil;250;karavan;GOLF 
180;2165;7.6;1;MERCEDES BENZ;B218T1-CZAAA5EB;GLE / 300 / d 4-MATIC AUT.;Nemcija;DEU;osebni avtomobil;225;karavan;GLE 
180;1500;7.6;0;äKODA;ACDKTBX0-RFD7FD7GC0034BFV2MLN1C8A;OCTAVIA / COMBI 2.0 / TSI AUT.;Ceöka republika;CZE;osebni avtomobil;244;karavan;OCTAVIA 
180;1425;7.6;0;VOLKSWAGEN;GAC4DKTBX0-FM6FM62Q044S7CSON1ML1EVR2NA;GOLF / 2.0 / GTI;Nemcija;DEU;osebni avtomobil;250;karavan;GOLF 
180;1615;7.7;0;AUDI;L2DKNAQ1-QD7AD7CJ004RT071E18S57CSAEM1;A4 / 2.0 / TFSI Q AUT.;Nemcija;DEU;osebni avtomobil;250;limuzina;A4 
180;2165;7.7;1;MERCEDES BENZ;B218T1-CZAAF59B;GLE / 300 / d 4-MATIC AUT.;Nemcija;DEU;osebni avtomobil;225;karavan;GLE 
180;1470;7.7;0;äKODA;ACDKTBX0-RFD7FD7GC0037CSV2MLN1E7A;OCTAVIA / COMBI 2.0 / TSI AUT.;Ceöka republika;CZE;osebni avtomobil;244;karavan;OCTAVIA 
180;2165;7.8;1;MERCEDES BENZ;B218T1-CZAAF59B;GLE / 300 / d 4-MATIC AUT.;Nemcija;DEU;osebni avtomobil;225;karavan;GLE 
180;2165;7.9;1;MERCEDES BENZ;B218T1-CZAAH5EB;GLE / 300 / d 4-MATIC AUT.;Nemcija;DEU;osebni avtomobil;225;karavan;GLE 
180;1795;7.9;0;MERCEDES BENZ;T44RT0-CZAA14AA;E / 300 / AUT.;Nemcija;DEU;osebni avtomobil;250;kabriolet;E 
180;1715;7.9;0;MERCEDES BENZ;T34RT0-CZAB14AA;E / 300 / AUT.;Nemcija;DEU;osebni avtomobil;250;kupe;E 
180;2165;8.1;1;MERCEDES BENZ;B218T1-CZAAE5EB;GLE / 300 / D 4-MATIC AUT.;Nemcija;DEU;osebni avtomobil;225;karavan;GLE 
180;1713;8.2;0;AUDI;XDNPAQ1-QD7AD7GC006RT21A174BIAHA4EM1BB0;Q3 / 2.0 / TFSI Q AUT.;Nemcija;DEU;osebni avtomobil;238;karavan;Q3 
180;1825;8.5;0;AUDI;XDNTAQ1-QD7AD7CJ001RT51C174BFAEM1FS;Q5 / 2.0 / TFSI Q AUT.;Nemcija;DEU;osebni avtomobil;237;karavan;Q5 
180;2313;8.5;1;VOLKSWAGEN;CEXB-AA6QA69L141L517O;PHAETON / 3.0 / TDI 4M L AUT.;Nemcija;DEU;osebni avtomobil;238;limuzina;PHAETON 
180;2261;8.5;1;VOLKSWAGEN;CEXB-AA6QA69L141S517M;PHAETON / 3.0 / TDI 4M L AUT.;Nemcija;DEU;osebni avtomobil;238;limuzina;PHAETON 
180;1749;8.6;0;AUDI;SDNPAQ1-QD7AD7GC006RT61C204BIBHA4EM1BB0;Q3 / SPORTBACK 2.0 / TFSI Q AUT.;Nemcija;DEU;osebni avtomobil;235;vozilo z dviûnimi vrati zadaj;Q3 
180;1824;8.7;0;AUDI;SDNPAQ1-QD7AD7GC006RT61C914BIBHA5EM1CB0;Q3 / SPORTBACK 2.0 / TFSI Q AUT.;Nemcija;DEU;osebni avtomobil;235;vozilo z dviûnimi vrati zadaj;Q3 
180;2738;9.2;1;LAND ROVER;S4KR2F-D5L2;RANGE ROVER SPORT / 3.0 / TDV6 AUT.;Zdruûeno kraljestvo;GBR;osebni avtomobil;193;karavan;RANGE ROVER SPORT 
180;2585;9.2;1;LAND ROVER;S4KR2F-D5L1;RANGE ROVER SPORT / 3.0 / TDV6 AUT.;Zdruûeno kraljestvo;GBR;osebni avtomobil;193;karavan;RANGE ROVER SPORT 
180;2650;9.3;1;LAND ROVER;S4KR2F-D7O1;DISCOVERY 4 / 3.0 / TD V6 AUT.DPF;Zdruûeno kraljestvo;GBR;osebni avtomobil;180;karavan;DISCOVERY 4 
180;2595;9.3;1;LAND ROVER;S4KR2F-D5O1;DISCOVERY 4 / 3.0 / TD V6 AUT.;Zdruûeno kraljestvo;GBR;osebni avtomobil;180;karavan;DISCOVERY 4 
180;1375;9.3;0;PORSCHE;987CP11-A1;CAYMAN /;Nemcija;DEU;osebni avtomobil;258;kupe;CAYMAN 
180;1520;9.8;0;SUBARU;BPE-5C0;LEGACY / WAGON 3.0;Japonska ;JPN;osebni avtomobil;237;karavan;LEGACY 
180;2610;9.9;1;MERCEDES BENZ;C7BFP1-NZAA0514;G / 350 d / AUT.;Nemcija;DEU;osebni avtomobil;192;karavan;G 
180;1620;9.9;0;SUBARU;BPE-5E0;LEGACY / OUTBACK 3.0 / AWD AUT.;Japonska ;JPN;osebni avtomobil;224;karavan;LEGACY 
182;1684;7.1;0;VOLVO;XXZ13-XZ13VC0;XC40 / 2.0 / T / AUT. AWD;ävedska;SWE;osebni avtomobil;230;karavan;XC40 
182;1684;7.2;0;VOLVO;XXZ13-XZ13TC0;XC40 / 2.0 / T / AUT. AWD;ävedska;SWE;osebni avtomobil;230;karavan;XC40 
183;1865;5.6;1;BMW;JN51-CAW5I0L0;530 / TOURING / d xDrive AUT.;Nemcija;DEU;osebni avtomobil;250;karavan;530
183;1995;5.7;1;BMW;5K31-6A15R000;530 / TOURING / D XDRIVE AUT.;Nemcija;DEU;osebni avtomobil;248;karavan;530
183;1955;5.9;1;BMW;JW81-CAW5I000;630 / GT / d xDrive AUT.;Nemcija;DEU;osebni avtomobil;245;limuzina;630
183;1900;5.9;1;BMW;XX31-6A25I000;X4 / XDRIVE 30 / D AUT.;Nemcija;DEU;osebni avtomobil;232;limuzina;X4 
183;2213;6.3;0;LEXUS;GYL15L-AWXGKW(1J);LEXUS RX450H / 3.5 / CVT V6;Japonska ;JPN;osebni avtomobil;200;vecnamensko vozilo;LEXUS RX450H 
183;2205;6.3;0;LEXUS;GYL15L-AWXGKW(1D);LEXUS RX450H / 3.5 / CVT V6;Japonska ;JPN;osebni avtomobil;200;vecnamensko vozilo;LEXUS RX450H 
183;2185;6.3;0;LEXUS;GYL15L-AWXGKW(1C);LEXUS RX450H / 3.5 / CVT V6;Japonska ;JPN;osebni avtomobil;200;vecnamensko vozilo;LEXUS RX450H 
183;2185;6.3;0;LEXUS;GYL15L-AWXGKW(1A);LEXUS RX450H / 3.5 / CVT V6;Japonska ;JPN;osebni avtomobil;200;karavan;LEXUS RX450H 
183;2450;6.9;1;LAND ROVER;LGS5KX2F-D5K1;RANGE ROVER / 3.0 / TDV6 SWB 4WD AUT.;Zdruûeno kraljestvo;GBR;osebni avtomobil;210;karavan;RANGE ROVER 
183;2203;6.9;1;LAND ROVER;LWS5CD2F-A5A3;RANGE ROVER SPORT / 3.0 / TDV6 AUT.;Zdruûeno kraljestvo;GBR;osebni avtomobil;210;karavan;RANGE ROVER SPORT 
183;2202;6.9;1;LAND ROVER;LWS5CD2F-A5A4;RANGE ROVER SPORT / 3.0 / TDV6 4WD AUT.;Zdruûeno kraljestvo;GBR;osebni avtomobil;209;karavan;RANGE ROVER SPORT 
183;2183;7.3;1;LAND ROVER;LWS5CD2F-A5A1;RANGE ROVER SPORT / 3.0 / TDV6 AUT.;Zdruûeno kraljestvo;GBR;osebni avtomobil;210;karavan;RANGE ROVER SPORT 
183;2299;7.4;1;LAND ROVER;LW-S5CD2L-A5CCA;RANGE ROVER SPORT / 3.0 / SDV6 4WD AUT.;Zdruûeno kraljestvo;GBR;osebni avtomobil;209;karavan;RANGE ROVER SPORT 
183;2299;7.5;1;LAND ROVER;LW-S5CD2K-A5CA;RANGE ROVER SPORT / 3.0 / SDV6 4WD AUT.;Zdruûeno kraljestvo;GBR;osebni avtomobil;209;karavan;RANGE ROVER SPORT 
183;1815;8.2;0;CHRYSLER;LX;300 / C / 3.5;Zdruûene drûave;USA;osebni avtomobil;219;limuzina;300
183;1735;9.8;0;LEXUS;GRS190L-BETQHW(1B);LEXUS GS300 / 3.0 / AUT. V6;Japonska ;JPN;osebni avtomobil;240;limuzina;LEXUS GS300 
183;1640;9.8;0;LEXUS;GRS190L-BETQHW;GS 300 AUT. /;Japonska ;JPN;osebni avtomobil;240;limuzina;GS 300 AUT. 
184;1865;10.1;0;VOLKSWAGEN;ACAXZX1-AA6AD62E052VIR0GG;PASSAT / VARIANT 3.2 / FSI 4M AUT.;Nemcija;DEU;osebni avtomobil;243;karavan;PASSAT 
184;1485;10.3;0;AUDI;CBUBQ1-QM62Q013R8J70;TT / COUPE 3.2 / Q;Nemcija;DEU;osebni avtomobil;250;kupe;TT 
184;1670;10.4;0;SAAB;YS3F5U-m601;9-3 / ESTATE 2.8 / TS;ävedska;SWE;osebni avtomobil;240;karavan;09-Mar
184;2335;10.8;1;MERCEDES BENZ;163;ML / 400 / CDI;Nemcija;DEU;osebni avtomobil;213;limuzina;ML 
184;1825;11.8;0;AUDI;LBESQ1-QM6EF0R96Q;A6 / 2.7 / T Q;Nemcija;DEU;osebni avtomobil;248;limuzina;A6 
184;2385;12.8;1;MERCEDES BENZ;C2D1F1-VCAAF500;G / 400 / CDI AUT.;Nemcija;DEU;osebni avtomobil;182;vecnamensko vozilo;G 
184;2290;13.5;0;MITSUBISHI;V9721-BCBCB5A7A;PAJERO / 3.8 / LWB AUT.;Japonska ;JPN;osebni avtomobil;200;karavan;PAJERO 
184;2320;13.5;0;PORSCHE;EC22-01;CAYENNE / / AUT.;Nemcija;DEU;osebni avtomobil;214;karavan;CAYENNE 
184;2245;13.5;0;PORSCHE;EC22-01;CAYENNE AVTOMATIK;Nemcija;DEU;osebni avtomobil;214;limuzina;CAYENNE AVTOMATIK
184;2245;13.5;0;PORSCHE;EC22-01;CAYENNE;Nemcija;DEU;osebni avtomobil;214;karavan;CAYENNE
184;2245;13.5;0;PORSCHE;9PA;CAYENNE / 3.2;Nemcija;DEU;osebni avtomobil;214;limuzina;CAYENNE 
184;2375;14.7;1;MERCEDES BENZ;AFD1F1-VDAAAA00;ML / 400 / CDI AUT.;Nemcija;DEU;osebni avtomobil;213;vecnamensko vozilo;ML 
184;2350;14.9;0;PORSCHE;9PA-EC22-01;CAYENNE // AUT.;Nemcija;DEU;osebni avtomobil;214;karavan;CAYENNE 
184;2170;14.9;0;PORSCHE;9-PA-EK22-01;CAYENNE / S;Nemcija;DEU;osebni avtomobil;227;karavan;CAYENNE 
184;1995;5.8;1;VOLVO;LLCA4-LCA4BC;XC90 / 2.0 / TD AWD AUT.;ävedska;SWE;osebni avtomobil;220;vecnamensko vozilo;XC90 
184;1955;6.3;1;PORSCHE;GR12-03;PANAMERA DIESEL / / AUT.;Nemcija;DEU;osebni avtomobil;244;vozilo z dviûnimi vrati zadaj;PANAMERA DIESEL 
184;1915;6.4;1;AUDI;LCDTAQ1-QA8BK003R4H7AS57MGEM2;A8 / 3.0 / TDI Q AUT.;Nemcija;DEU;osebni avtomobil;250;limuzina;A8 
184;1955;6.5;1;PORSCHE;GD12-03;PANAMERA DIESEL / / AUT.;Nemcija;DEU;osebni avtomobil;242;vozilo z dviûnimi vrati zadaj;PANAMERA DIESEL 
184;1915;6.6;1;AUDI;LCDTAQ1-QA8BK003R4H71S57MGEM2;A8 / 3.0 / TDI Q AUT.;Nemcija;DEU;osebni avtomobil;250;limuzina;A8 
184;2185;6.6;1;PORSCHE;EG22-04;CAYENNE DIESEL / /;Nemcija;DEU;osebni avtomobil;220;karavan;CAYENNE DIESEL 
184;1185;6.7;0;RENAULT;CB0PEG;CLIO / 1.4 / 16V;Francija;FRA;osebni avtomobil;186;vozilo za posebne namene;CLIO 
184;1925;6.7;0;VOLVO;PPZL1-PZL1VC0;V90 Cross Country / 2.0 / T AUT. AWD;ävedska;SWE;osebni avtomobil;180;karavan;V90 Cross Country 
184;1703;6.7;0;VOLVO;PPS25-PS25BD;S 90 / 2.0 / T AUT.;ävedska;SWE;osebni avtomobil;230;limuzina;S 90 
184;1461;6.8;0;FORD;DYB-R9DC16-5KM5NF;FOCUS ST / / S;Nemcija;DEU;osebni avtomobil;248;karavan;FOCUS ST 
184;1437;6.8;0;FORD;DYB-R9DC15-5KM5NF;FOCUS ST / / S;Nemcija;DEU;osebni avtomobil;248;vozilo z dviûnimi vrati zadaj;FOCUS ST 
184;2185;6.8;1;PORSCHE;EG22-05;CAYENNE DIESEL / /;Nemcija;DEU;osebni avtomobil;220;karavan;CAYENNE DIESEL 
184;1727;6.8;0;VOLVO;PPW25-PW25BD;V 90 / 2.0 / T AUT.;ävedska;SWE;osebni avtomobil;230;karavan;V 90 
184;1686;6.8;0;VOLVO;ZZS25-ZS25TD0;S60 / 2.0 / T / AUT. FWD;ävedska;SWE;osebni avtomobil;240;limuzina;S60 
184;1461;7.2;0;FORD;DYBR9DA1L-5KMBNF;FOCUS ST;Nemcija;DEU;osebni avtomobil;248;karavan;FOCUS ST
184;1437;7.2;0;FORD;DYBR9DA1K-5KMBNF;FOCUS ST / /;Nemcija;DEU;osebni avtomobil;248;vozilo z dviûnimi vrati zadaj;FOCUS ST 
184;1437;7.2;0;FORD;DYBR9DA1K-5KMBNF;FOCUS ST;Nemcija;DEU;osebni avtomobil;248;vozilo z dviûnimi vrati zadaj;FOCUS ST
184;2280;7.2;1;MASERATI;M156 1G45LW;LEVANTE / DIESEL /;Italija;ITA;osebni avtomobil;225;karavan;LEVANTE 
184;1837;7.3;0;VOLVO;PPZ25-PZ25BC;V 90 Cross Country / 2.0 / T AUT. AWD;ävedska;SWE;osebni avtomobil;230;karavan;V 90 Cross Country 
184;1869;7.4;0;JAGUAR;DC-E501;F-PACE / 2.0 / I4 AWD AUT.;Zdruûeno kraljestvo;GBR;osebni avtomobil;217;karavan;F-PACE 
184;1808;7.4;0;VOLVO;UUZ25-UZ25BC;XC 60 / 2.0 / T AUT. AWD;ävedska;SWE;osebni avtomobil;220;karavan;XC 60 
184;2609;7.5;1;JEEP;WK-OVERLAND-CDN;GRAND CHEROKEE / 3.0 / V6 CRD AUT.;Zdruûene drûave;USA;osebni avtomobil;202;karavan;GRAND CHEROKEE 
184;2533;7.5;1;JEEP;JLKCM-E5HD2S;GRAND CHEROKEE / 3.0 / V6 CRD;Zdruûene drûave;USA;osebni avtomobil;202;karavan;GRAND CHEROKEE 
184;2522;7.5;1;JEEP;WKJLKCM-F5H62S;GRAND CHEROKEE / 3.0 / V6 CRD;Zdruûene drûave;USA;osebni avtomobil;190;karavan;GRAND CHEROKEE 
184;1930;7.6;0;VOLVO;PPZL1-PZL1VC0;V90 Cross Country / 2.0 / T AUT. AWD;ävedska;SWE;osebni avtomobil;180;karavan;V90 Cross Country 
184;1925;7.7;0;VOLVO;PPZL1-PZL1VC0;V90 Cross Country / 2.0 / T AUT. AWD;ävedska;SWE;osebni avtomobil;180;karavan;V90 Cross Country 
184;1930;7.8;0;LAND ROVER;LY-S5DD2K-A5FA;RANGE ROVER VELAR / 2.0 / P250 AWD AUT.;Zdruûeno kraljestvo;GBR;osebni avtomobil;217;karavan;RANGE ROVER VELAR 
184;2573;7.9;1;JEEP;WKJLKCMK5H82T;GRAND CHEROKEE / 3.0 / V6 CRD TRAILHAWK;Zdruûene drûave;USA;osebni avtomobil;202;karavan;GRAND CHEROKEE 
184;1970;8.1;0;VOLVO;LLC25-LC25TC0;XC90 / 2.0 / T / AUT. AWD;ävedska;SWE;osebni avtomobil;215;vecnamensko vozilo;XC90 
184;1462;8.2;0;RENAULT;DZ1N06;MEGANE / COUPE 2.0 / 16V;Francija;FRA;osebni avtomobil;245;kupe;MEGANE 
184;1462;8.4;0;RENAULT;DZ1N06;MEGANE / COUPE 2.0 / 16V;Francija;FRA;osebni avtomobil;245;kupe;MEGANE 
184;1570;8.8;0;SAAB;E4G/TK-M01;9-5 / 2.3 / TS-TK;ävedska;SWE;osebni avtomobil;250;limuzina;09-May
184;1430;9.2;0;AUDI;8J-BUB;TT / 3.2 / Q;Ceöka republika;CZE;osebni avtomobil;250;kupe;TT 
184;1505;9.4;0;AUDI;CBUBQ1-QD62E067R8J91;TT / COUPE 3.2 / Q D-AUT.;Nemcija;DEU;osebni avtomobil;250;kupe;TT 
184;1970;9.6;1;MERCEDES BENZ;220N0D1F0-SGAAA50;S / 400 / CDI AUT.;Nemcija;DEU;osebni avtomobil;250;limuzina;S 
184;1915;9.6;1;MERCEDES BENZ;220;S / 400 / CDI;Nemcija;DEU;osebni avtomobil;250;limuzina;S 
184;1613;9.7;0;VOLKSWAGEN;ABBUBX1-AA6AD62E0670GGR1;GOLF / R32 / 4M AUT.;Nemcija;DEU;osebni avtomobil;248;vozilo z dviûnimi vrati zadaj;GOLF 
184;2573;9.8;1;JEEP;WKJLKCMK5H82S;GRAND CHEROKEE / 3.0 / V6 CRD SUMMIT;Zdruûene drûave;USA;osebni avtomobil;202;karavan;GRAND CHEROKEE 
184;1640;9.8;0;SAAB;E4G;9-5 / 2.3 / TS-TK AUT.;ävedska;SWE;osebni avtomobil;250;limuzina;09-May
184;1735;9.8;0;VOLKSWAGEN;AAAXZX1-AA6AD62E052ST0GGS;PASSAT / 3.2 / FSI 4M AUT.;Nemcija;DEU;osebni avtomobil;246;limuzina;PASSAT 
184;1647;9.8;0;VOLKSWAGEN;ABBUBX1-AA6AD62E067P20GGR1;GOLF / R32 / 4M AUT.;Nemcija;DEU;osebni avtomobil;248;vozilo z dviûnimi vrati zadaj;GOLF 
184;1794;9.9;0;VOLKSWAGEN;AAAXZX1-AA6AD62E052STQ0GG;PASSAT / 3.2 / FSI 4M AUT.;Nemcija;DEU;osebni avtomobil;246;limuzina;PASSAT 
185;1670;12.4;0;MERCEDES BENZ;126.036;500 / SE;Nemcija;DEU;osebni avtomobil;230;limuzina;500
185;1805;5.6;1;MERCEDES BENZ;L3BDP0-NZAAB411;E / 350 / CDI BLUETEC AUT.;Nemcija;DEU;osebni avtomobil;250;kupe;E 
185;1715;5.8;0;BMW;JL31-CA1500L0;530 / TOURING / i AUT.;Nemcija;DEU;osebni avtomobil;250;karavan;530
185;1615;5.8;0;BMW;JA51-CA2507N0;530 / / i AUT.;Nemcija;DEU;osebni avtomobil;250;limuzina;530
185;1615;5.8;0;BMW;4H71-6A250000;430 / / i AUT.;Nemcija;DEU;osebni avtomobil;250;limuzina;430
185;1570;5.8;0;BMW;8A71-6A250800;330 / / i AUT.;Nemcija;DEU;osebni avtomobil;250;limuzina;330
185;1670;5.9;0;AUDI;LCYPAF1-FD7CK002P4G03S57MMEM2;A6 / 2.0 / TFSI AUT.;Nemcija;DEU;osebni avtomobil;250;limuzina;A6 
185;1750;6.1;0;AUDI;F5A5NY;A5 / 2.0 / TFSI Q AUT. US.;Nemcija;DEU;osebni avtomobil;209;vozilo z dviûnimi vrati zadaj;A5 
185;1715;6.1;0;BMW;JL31-CA2507M0;530 / TOURING / i AUT.;Nemcija;DEU;osebni avtomobil;250;karavan;530
185;1585;6.2;0;AUDI;L2CYRBQ1-QD7CL001P8W12S57MMEM1;A4 / 2.0 / TFSI Q AUT.;Nemcija;DEU;osebni avtomobil;250;limuzina;A4 
185;1810;6.3;0;BMW;4V31-6A240000;430 / CABRIO / i AUT.;Nemcija;DEU;osebni avtomobil;250;kabriolet;430
185;1670;6.3;0;BMW;JA71-CA2507N0;530 / / i xDrive AUT.;Nemcija;DEU;osebni avtomobil;250;limuzina;530
185;1595;6.4;0;AUDI;C2DDWAQ1-QD7AD7CJ004P8W35S47MVEM1;A5 / 2.0 / TFSI Q AUT.;Nemcija;DEU;osebni avtomobil;250;kupe;A5 
185;1955;6.4;1;MERCEDES BENZ;J0BDP1-NZCCB501;E / 350 / BLUETEC 4-MATIC AUT.;Nemcija;DEU;osebni avtomobil;250;limuzina;E 
185;1630;6.5;0;AUDI;S2DDWAQ1-QD7AD7CJ004P8W35S57MVEM1;A5 / 2.0 / TFSI Q AUT..;Nemcija;DEU;osebni avtomobil;250;vozilo z dviûnimi vrati zadaj;A5 
185;1640;6.5;0;BMW;8G71-DAW50000;330 / TOURING / I AUT.;Nemcija;DEU;osebni avtomobil;250;karavan;330
185;1595;6.5;0;BMW;4D91-6H250000;430 / i;Nemcija;DEU;osebni avtomobil;250;limuzina;430
185;1565;6.5;0;BMW;4S71-6H240000;430 / COUPE / i;Nemcija;DEU;osebni avtomobil;250;kupe;430
185;2035;6.5;1;MERCEDES BENZ;J2BDP1-NZCCB501;E / 350 T / BLUETEC 4-MATIC AUT.;Nemcija;DEU;osebni avtomobil;240;karavan;E 
185;1650;6.6;0;AUDI;A2DDWAQ1-QD7AD7CJ004P8W12S57MVEM1;A4 AVANT / 2.0 / TFSI Q AUT.;Nemcija;DEU;osebni avtomobil;250;karavan;A4 AVANT 
185;1800;6.9;0;AUDI;ACYPAQ1-QD7QD7B5046P4G03S57MMEM2;A6 / AVANT 2.0 / TFSI Q AUT.;Nemcija;DEU;osebni avtomobil;250;karavan;A6 
185;1755;6.9;0;BMW;11BJ-IAA50000;530 / / i xDrive AUT.;Nemcija;DEU;osebni avtomobil;250;limuzina;530
185;1795;7.1;0;AUDI;XDAXBQ1-QD7AD7CJ001PFY077MMEM1FL;Q5 / 2.0 / TFSI Q AUT.;Nemcija;DEU;osebni avtomobil;237;karavan;Q5 
185;1790;7.2;0;BMW;TR95-DAW500B0;X3 / xDrive30 / i AUT.;Nemcija;DEU;osebni avtomobil;240;karavan;X3 
185;1845;7.2;0;PORSCHE;JD22-06;MACAN / /;Nemcija;DEU;osebni avtomobil;229;karavan;MACAN 
185;1615;7.3;0;BMW;JR31-DAW500L0;530 / / i AUT.;Nemcija;DEU;osebni avtomobil;250;limuzina;530
185;1845;7.3;0;PORSCHE;JD22-07;MACAN / / AUT.;Nemcija;DEU;osebni avtomobil;229;karavan;MACAN 
185;1695;8.1;0;BMW;4H91-DAW50000;430 / / i xDrive AUT.;Nemcija;DEU;osebni avtomobil;250;limuzina;430
185;1680;8.1;0;BMW;JR71-DAW50000;530 / / i xDrive AUT.;Nemcija;DEU;osebni avtomobil;250;limuzina;530
185;1775;8.4;0;BMW;JT51-DAW500L0;530 / TOURING / i xDrive AUT.;Nemcija;DEU;osebni avtomobil;250;karavan;530
186;1815;7.5;0;VOLVO;ZZZ25-ZZ25TCP;V60 Cross Country / 2.0 / T / AUT. AWD;ävedska;SWE;osebni avtomobil;230;karavan;V60 Cross Country 
186;2180;9.4;1;BMW;FB-71;X5 / 3.0 / D;Nemcija;DEU;osebni avtomobil;210;limuzina;X5 
187;1717;6.5;0;VOLVO;PPS10-PS10BD;S 90 / 2.0 / T AUT.;ävedska;SWE;osebni avtomobil;230;limuzina;S 90 
187;1728;6.8;0;VOLVO;PPW10-PW10BD;V 90 / 2.0 / T AUT.;ävedska;SWE;osebni avtomobil;230;karavan;V 90 
187;1781;8.7;0;VOLVO;BBZ61-BZ61L6;XC 70/ 2.5 / T AUT. AWD;ävedska;SWE;osebni avtomobil;210;karavan;XC 70
188;1715;10.7;0;AUDI;4FLAUKQ1-QM6XDOR4F600GG;A6 / 3.2 / FSI Q;Nemcija;DEU;osebni avtomobil;250;limuzina;A6 
188;1705;10.7;0;AUDI;AAUKQ1-QA6LC0R8E600GG;A4 / AVANT 3.2 / Q AUT.;Nemcija;DEU;osebni avtomobil;247;karavan;A4 
188;1815;10.9;0;AUDI;AAUKQ1-QA6LC0R4F600GG;A6 / AVANT 3.2 / FSI Q AUT.;Nemcija;DEU;osebni avtomobil;250;karavan;A6 
188;1755;10.9;0;AUDI;LAUKQ1-QA6LC0R4F600GG;A6 / 3.2 / FSI Q AUT.;Nemcija;DEU;osebni avtomobil;250;limuzina;A6 
188;1753;10.9;0;AUDI;4F LAUKQ1-QA6LC0R4F60Q;A 6 / 3.2;Nemcija;DEU;osebni avtomobil;250;limuzina;A 6 
188;1933;10.9;0;NISSAN;Z51-A01;MURANO / 3.5 /;Japonska ;JPN;osebni avtomobil;210;karavan;MURANO 
188;2640;7.7;1;LAND ROVER;LAS4KW2F-E7N1;DISCOVERY / 3.0 / SDV6 4x4 AUT.;Zdruûeno kraljestvo;GBR;osebni avtomobil;180;karavan;DISCOVERY 
188;1717;8.3;0;KIA;CKB5P11-A81CZ1;STINGER / 2.0 / T / AUT.;Koreja. republika;KOR;osebni avtomobil;240;vozilo z dviûnimi vrati zadaj;STINGER 
188;2650;8.8;1;LAND ROVER;S4KW2F-E7O1;DISCOVERY 4 / 3.0 / TD V6 AUT.8;Zdruûeno kraljestvo;GBR;osebni avtomobil;180;karavan;DISCOVERY 4 
188;2610;8.8;1;LAND ROVER;S4KW2F-E5L1;RANGE ROVER SPORT / 3.0 / TDV6 AUT.;Zdruûeno kraljestvo;GBR;osebni avtomobil;200;karavan;RANGE ROVER SPORT 
188;1785;9.8;0;AUDI;LAUKF1-FAVJN0R4F600GGQ;A6 / 3.2 / FSI V-AUT.;Nemcija;DEU;osebni avtomobil;250;limuzina;A6 
188;1709;9.9;0;AUDI;4FLAUKF1-FM6XC0R4F60P;A6 / 3.2 / FSI;Nemcija;DEU;osebni avtomobil;250;limuzina;A6 
190;2520;1.9;1;AUDI;XCVZAQ1-QA8QA8D7003P4L037MMEM1S5FLK1;Q7 e-tron / 3.0 / TDI Q AUT.;Nemcija;DEU;osebni avtomobil;230;karavan;Q7 e-tron 
190;1680;10.3;0;BMW;NF71-02;530 / / Xi AUT.;Nemcija;DEU;osebni avtomobil;248;limuzina;530
190;1775;10.5;0;BMW;NN71-02;530 / TOURING / XI AUT.;Nemcija;DEU;osebni avtomobil;242;karavan;530
190;1983;11.6;0;SUBARU;WXF-570;TRIBECA / WAGON 3.6 / AWD AUT.;Zdruûene drûave;USA;osebni avtomobil;207;karavan;TRIBECA 
190;1615;4.3;1;BMW;3E51-5A000;330 / / d AUT.;Nemcija;DEU;osebni avtomobil;250;limuzina;330
190;1615;4.9;1;BMW;3E51-5A050000;330 / / d AUT.;Nemcija;DEU;osebni avtomobil;250;limuzina;330
190;1785;5.1;1;BMW;5D11-6A150000;530 / / D AUT.;Nemcija;DEU;osebni avtomobil;250;limuzina;530
190;1685;5.1;1;BMW;3L51-5A050800;330 / TOURING / D AUT.;Nemcija;DEU;osebni avtomobil;250;karavan;330
190;1680;5.1;1;BMW;3L51-5A000;330 / TOURING / D AUT.;Nemcija;DEU;osebni avtomobil;250;karavan;330
190;1685;5.2;1;BMW;3E31-5A050000;330 / / D XDRIVE AUT.;Nemcija;DEU;osebni avtomobil;250;limuzina;330
190;1800;5.2;1;MERCEDES BENZ;U0BFP0-CZAA0501;E / 350 / d AUT.;Nemcija;DEU;osebni avtomobil;250;limuzina;E 
190;1885;5.3;1;BMW;5D39;530 / / d xDrive;Ruska federacija;RUS;osebni avtomobil;250;limuzina;530
190;1750;5.3;1;BMW;4C31-6A150000;430 / d xDrive AUT.;Nemcija;DEU;osebni avtomobil;250;limuzina;430
190;1735;5.3;1;BMW;3Y91-6A350000;330 / GT / d AUT.;Nemcija;DEU;osebni avtomobil;250;limuzina;330
190;1690;5.3;1;BMW;4K91-6A250800;430 / / d AUT.;Nemcija;DEU;osebni avtomobil;250;limuzina;430
190;1685;5.3;1;BMW;8K71-6A250800;330 / TOURING / D AUT.;Nemcija;DEU;osebni avtomobil;250;karavan;330
190;1680;5.3;1;BMW;4C11-6A250800;430 / d AUT.;Nemcija;DEU;osebni avtomobil;250;limuzina;430
190;1785;5.3;1;MERCEDES BENZ;L3BFP0-CZAAB414;E / 350 / BLUETEC AUT.;Nemcija;DEU;osebni avtomobil;250;kupe;E 
190;1885;5.4;1;BMW;5D31-6A150000;530 / / d xDrive AUT.;Nemcija;DEU;osebni avtomobil;250;limuzina;530
190;1805;5.4;1;BMW;3Z51-6A150000;330 / GT / d xDrive AUT.;Nemcija;DEU;osebni avtomobil;250;limuzina;330
190;1770;5.4;1;BMW;XA51-5A200;530 / / d AUT.;Nemcija;DEU;osebni avtomobil;250;limuzina;530
190;1750;5.4;1;BMW;3L31-5A000;330 / TOURING / D XDRIVE AUT.;Nemcija;DEU;osebni avtomobil;250;karavan;330
190;1895;5.5;1;BMW;5K11-6A250000;530 / TOURING / d AUT.;Nemcija;DEU;osebni avtomobil;248;karavan;530
190;1870;5.5;1;BMW;XB51-5A100;530 / TOURING / d AUT.;Nemcija;DEU;osebni avtomobil;248;karavan;530
190;1865;5.5;1;BMW;FV31-5A100;530 / / d xDrive AUT.;Nemcija;DEU;osebni avtomobil;250;limuzina;530
190;1805;5.5;1;BMW;3Z51-6A250000;330 / GT / d xDrive AUT.;Nemcija;DEU;osebni avtomobil;250;limuzina;330
190;1785;5.5;1;BMW;5D11-6A350000;530 / / d AUT.;Nemcija;DEU;osebni avtomobil;250;limuzina;530
190;1770;5.5;1;BMW;XA51-5A300;530 / / d AUT.;Nemcija;DEU;osebni avtomobil;250;limuzina;530
190;1755;5.5;1;BMW;4L11-6A250000;430 / / d xDrive AUT.;Nemcija;DEU;osebni avtomobil;250;limuzina;430
190;1750;5.5;1;BMW;8K91-6A250000;330 / TOURING / D XDRIVE AUT.;Nemcija;DEU;osebni avtomobil;250;karavan;330
190;1750;5.5;1;BMW;4C31-6A250000;430 / d xDrive AUT.;Nemcija;DEU;osebni avtomobil;250;limuzina;430
190;1955;5.5;1;MERCEDES BENZ;P0BDP0-NZAAB500;S / 350 / BLUETEC AUT.;Nemcija;DEU;osebni avtomobil;250;limuzina;S 
190;1800;5.5;1;MERCEDES BENZ;U0BFP0-CZAZ05A2;E / 350 / D;Nemcija;DEU;osebni avtomobil;250;limuzina;E 
190;1915;5.6;1;BMW;YC21-5A050000;730 / / d AUT.;Nemcija;DEU;osebni avtomobil;250;limuzina;730
190;1885;5.6;1;BMW;5D31-6A250000;530 / / d xDrive AUT.;Nemcija;DEU;osebni avtomobil;250;limuzina;530
190;1975;5.6;1;MERCEDES BENZ;P1BDP0-NZAAB500;S / 350 / BLUETEC AUT.;Nemcija;DEU;osebni avtomobil;250;limuzina;S 
190;1955;5.6;1;MERCEDES BENZ;P0BFP0-CZAA0502;S / 350 / d AUT.;Nemcija;DEU;osebni avtomobil;250;limuzina;S 
190;1995;5.7;1;BMW;5K31-6A150000;530 / TOURING / d xDrive AUT.;Nemcija;DEU;osebni avtomobil;248;karavan;530
190;1940;5.7;1;BMW;MW91-5A100;530 / TOURING / d xDrive AUT.;Nemcija;DEU;osebni avtomobil;245;karavan;530
190;1895;5.7;1;BMW;5K11-6A350000;530 / TOURING / d AUT.;Nemcija;DEU;osebni avtomobil;248;karavan;530
190;1870;5.7;1;BMW;XB51-5A200;530 / TOURING / D AUT.;Nemcija;DEU;osebni avtomobil;248;karavan;530
190;1865;5.7;1;BMW;FV31-5B;530 / / d xDrive AUT.;Nemcija;DEU;osebni avtomobil;250;limuzina;530
190;1955;5.7;1;MERCEDES BENZ;P0BDP0-NZAAB501;S / 350 / BLUETEC AUT.;Nemcija;DEU;osebni avtomobil;250;limuzina;S 
190;1940;5.8;1;BMW;MW91-5A200;530 / TOURING / D XDRIVE AUT.;Nemcija;DEU;osebni avtomobil;245;karavan;530
190;1885;5.8;1;BMW;5D31-6A350000;530 / / d xDrive AUT.;Nemcija;DEU;osebni avtomobil;250;limuzina;530
190;1865;5.8;1;BMW;FV31-5A300;530 / / d xDrive AUT.;Nemcija;DEU;osebni avtomobil;250;limuzina;530
190;1545;5.8;0;BMW;5R11-DAW507K0;330 / / i AUT.;Nemcija;DEU;osebni avtomobil;250;limuzina;330
190;1975;5.8;1;MERCEDES BENZ;P1BDP0-NZAAB501;S / 350 / BLUETEC;Nemcija;DEU;osebni avtomobil;250;limuzina;S 
190;1955;5.8;1;MERCEDES BENZ;P0BDP0-NZAAB502;S / 350 / BLUETEC AUT.;Nemcija;DEU;osebni avtomobil;250;limuzina;S 
190;1955;5.9;1;AUDI;LCTBAQ1-QA8BK003R4H71S57MMEM2;A8 / 3.0 / TDI Q AUT.;Nemcija;DEU;osebni avtomobil;250;limuzina;A8 
190;1955;5.9;1;AUDI;XCTBAQ1-QD7B5035R8R7C7MMEM1G;Q5 / 3.0 / TDI Q AUT.;Nemcija;DEU;osebni avtomobil;230;karavan;Q5 
190;2145;5.9;1;BMW;KS41-6A150000;X5 / xDrive 30 / d AUT.;Nemcija;DEU;osebni avtomobil;230;karavan;X5 
190;1995;5.9;1;BMW;5K31-6A250000;530 / TOURING / d xDrive AUT.;Nemcija;DEU;osebni avtomobil;248;karavan;530
190;1940;5.9;1;BMW;MW91-5A100;530 / TOURING / d xDrive AUT.;Nemcija;DEU;osebni avtomobil;248;karavan;530
190;1940;5.9;1;BMW;MW91-5A300;530 / TOURING / d xDrive AUT.;Nemcija;DEU;osebni avtomobil;245;karavan;530
190;1900;5.9;1;BMW;XX31-6A250000;X4 / xDrive 30 / d AUT.;Nemcija;DEU;osebni avtomobil;234;limuzina;X4 
190;2045;5.9;1;MERCEDES BENZ;P1BDP1-NZAAB500;S / 350 / BLUETEC 4-MATIC AUT.;Nemcija;DEU;osebni avtomobil;250;limuzina;S 
190;1955;5.9;1;MERCEDES BENZ;P0BDP0-NZAAB543;S / 350 / BLUETEC AUT.;Nemcija;DEU;osebni avtomobil;250;limuzina;S 
190;1890;5.9;1;MERCEDES BENZ;R7BFP1-CZAA0531;GLC / 350 d / 4-MATIC AUT.;Nemcija;DEU;osebni avtomobil;238;karavan;GLC 
190;1905;6.1;1;BMW;WY51-6A350000;X3 / xDrive 30 / d AUT.;Nemcija;DEU;osebni avtomobil;232;karavan;X3 
190;1900;6.1;1;BMW;XX31-6A35000A;X4 / xDrive 30 / d AUT.;Nemcija;DEU;osebni avtomobil;234;limuzina;X4 
190;1545;6.1;0;BMW;5R11-DAW50700;330 / / i AUT.;Nemcija;DEU;osebni avtomobil;250;limuzina;330
190;1955;6.1;1;MERCEDES BENZ;P0BDP0-NZAAB544;S / 350 / BLUETEC AUT.;Nemcija;DEU;osebni avtomobil;250;limuzina;S 
190;1955;6.1;1;PORSCHE;JG22-07;MACAN S DIESEL / /;Nemcija;DEU;osebni avtomobil;230;karavan;MACAN S DIESEL 
190;2145;6.2;1;BMW;KS41-6A250000;X5 / xDrive 30 / d AUT.;Nemcija;DEU;osebni avtomobil;230;karavan;X5 
190;2120;6.2;1;BMW;5N61-6A050000;530 / GT / d xDrive AUT.;Nemcija;DEU;osebni avtomobil;243;limuzina;530
190;1975;6.2;1;MERCEDES BENZ;P1BDP0-NZAAB544;S / 350 / d;Nemcija;DEU;osebni avtomobil;250;limuzina;S 
190;1955;6.2;1;PORSCHE;JG22-08;MACAN S DIESEL / /;Nemcija;DEU;osebni avtomobil;230;karavan;MACAN S DIESEL 
190;2120;6.3;1;BMW;5N61-6A250000;530 / GT / d xDrive AUT.;Nemcija;DEU;osebni avtomobil;243;limuzina;530
190;2015;6.3;1;MERCEDES BENZ;J2BFP1-NZCCB504;E / 350 T  / BLUETEC 4-MATIC AUT.;Nemcija;DEU;osebni avtomobil;240;karavan;E 
190;1845;6.3;1;MERCEDES BENZ;U0BFP1-CZAC05A2;E / 350 / d 4-MATIC AUT.;Nemcija;DEU;osebni avtomobil;250;limuzina;E 
190;1955;6.3;1;PORSCHE;JG22-04;Macan S DIESEL / / AUT.;Nemcija;DEU;osebni avtomobil;230;karavan;Macan S DIESEL 
190;2120;6.4;1;BMW;5N61-6A350000;530 / GT / d xDrive AUT.;Nemcija;DEU;osebni avtomobil;243;limuzina;530
190;2175;6.4;1;MERCEDES BENZ;A2BFP1-CZCCB503;GLE / 350 / D 4-MATIC AUT.;Nemcija;DEU;osebni avtomobil;225;karavan;GLE 
190;2045;6.4;1;MERCEDES BENZ;P1BFP1-CZAA0504;S / 350 / d 4-MATIC AUT.;Nemcija;DEU;osebni avtomobil;250;limuzina;S 
190;2025;6.4;1;MERCEDES BENZ;P0BFP1-CZAA0544;S / 350 / d 4-MATIC AUT.;Nemcija;DEU;osebni avtomobil;250;limuzina;S 
190;1995;6.4;1;MERCEDES BENZ;G2BFP1-CZCZ0524;CLS / 350 / d 4-MATIC;Nemcija;DEU;osebni avtomobil;247;karavan;CLS 
190;2045;6.5;1;MERCEDES BENZ;P1BDP1-NZAAB542;S / 350 / BLUETEC 4-MATIC AUT.;Nemcija;DEU;osebni avtomobil;250;limuzina;S 
190;1695;6.6;1;BMW;4X91-6AW40000;430 / COUPE / d AUT.;Nemcija;DEU;osebni avtomobil;250;kupe;430
190;1545;6.6;0;BMW;5R11-DAW50000;330 / / i AUT.;Nemcija;DEU;osebni avtomobil;250;limuzina;330
190;2185;6.6;1;MERCEDES BENZ;A2BFP1-CZCAA532;GLE / 350 / d 4-MATIC AUT.;Nemcija;DEU;osebni avtomobil;225;karavan;GLE 
190;2175;6.6;1;MERCEDES BENZ;A2BFP1-CZCCA532;GLE / 350 / d 4-MATIC AUT.;Nemcija;DEU;osebni avtomobil;225;karavan;GLE 
190;1940;6.6;1;MERCEDES BENZ;U2BFP1-CZAC05A2;E / 350  / d 4 MATIC AUT.;Nemcija;DEU;osebni avtomobil;250;karavan;E 
190;2175;6.8;1;MERCEDES BENZ;A2BSP1-NZAAB500;ML / 350 / BLUETEC 4-MATIC AUT.;Nemcija;DEU;osebni avtomobil;224;karavan;ML 
190;2060;6.8;1;MERCEDES BENZ;I1BBP0-NZAAB500;S / 350 / BLUETEC AUT.;Nemcija;DEU;osebni avtomobil;250;limuzina;S 
190;1995;6.8;1;MERCEDES BENZ;I0BBP0-NZAAA500;S / 350 / BLUETEC AUT.;Nemcija;DEU;osebni avtomobil;250;limuzina;S 
190;1915;6.8;1;MERCEDES BENZ;R8BFP1-CZAA0514;GLC / 350 d / 4-MATIC AUT.;Nemcija;DEU;osebni avtomobil;238;vozilo z dviûnimi vrati zadaj;GLC 
190;2145;6.9;1;BMW;KS41-6A150000;X5 / XDRIVE 30 / D AUT.;Nemcija;DEU;osebni avtomobil;230;karavan;X5 
190;2140;6.9;1;BMW;KV21-6A150000;X6 / xDrive 30 / d AUT.;Nemcija;DEU;osebni avtomobil;230;limuzina;X6 
190;1695;6.9;1;BMW;4X91-DAW40000;430 / COUPE / d AUT.;Nemcija;DEU;osebni avtomobil;250;kupe;430
190;1545;6.9;0;BMW;5R11-DAW50700;330 / / i AUT.;Nemcija;DEU;osebni avtomobil;250;limuzina;330
190;2232;6.9;1;LAND ROVER;LW-S5CC2F-A5C1;RANGE ROVER SPORT / 3.0 / TDV6 4WD AUT.;Zdruûeno kraljestvo;GBR;osebni avtomobil;209;karavan;RANGE ROVER SPORT 
190;2203;6.9;1;LAND ROVER;LWS5CC2F-A5A3;RANGE ROVER SPORT / 3.0 / TDV6 AUT.;Zdruûeno kraljestvo;GBR;osebni avtomobil;210;karavan;RANGE ROVER SPORT 
190;2202;6.9;1;LAND ROVER;LWS5CC2F-A5A4;RANGE ROVER SPORT / 3.0 / TDV6 AUT.;Zdruûeno kraljestvo;GBR;osebni avtomobil;209;karavan;RANGE ROVER SPORT 
190;2260;6.9;1;MERCEDES BENZ;A3BFP1-CZAAB501;GLE / 350 / d 4-MATIC AUT.;Nemcija;DEU;osebni avtomobil;226;karavan;GLE 
190;2060;6.9;1;MERCEDES BENZ;I1BBP0-NZAAB502;S / 350 / BLUETEC AUT.;Nemcija;DEU;osebni avtomobil;250;limuzina;S 
190;1995;6.9;1;MERCEDES BENZ;I0BBP0-NZAAB502;S / 350 / BLUETEC AUT.;Nemcija;DEU;osebni avtomobil;250;limuzina;S 
190;2140;7.1;1;BMW;KV21-CAW5000A;X6 / xDrive 30 / d AUT.;Nemcija;DEU;osebni avtomobil;230;limuzina;X6 
190;2175;7.1;1;MERCEDES BENZ;A2BSP1-NZAAB522;ML / 350 / BLUETEC 4-MATIC AUT.;Nemcija;DEU;osebni avtomobil;224;karavan;ML 
190;1670;7.2;0;BMW;6K51-IAW507B0;330 / TOURING / i AUT.;Nemcija;DEU;osebni avtomobil;250;karavan;330
190;1640;7.2;0;BMW;5R71-DAW507K0;330 / / i xDrive AUT.;Nemcija;DEU;osebni avtomobil;250;limuzina;330
190;2367;7.2;1;LAND ROVER;LRS5BD2F-A7C2;DISCOVERY / 3.0 / TDV6 4WD AUT.;Zdruûeno kraljestvo;GBR;osebni avtomobil;209;karavan;DISCOVERY 
190;2298;7.2;1;LAND ROVER;LRS5BD2F-A5B2;DISCOVERY / 3.0 / TDV6 4WD AUT.;Zdruûeno kraljestvo;GBR;osebni avtomobil;209;karavan;DISCOVERY 
190;2375;7.2;1;MERCEDES BENZ;166024-USA;ML / 350 BLUETEC / 4MATIC;Zdruûene drûave;USA;osebni avtomobil;224;karavan;ML 
190;2275;7.2;1;MERCEDES BENZ;A3BFP1-CZAAA502;GLE / 350 / d 4-MATIC AUT.;Nemcija;DEU;osebni avtomobil;226;karavan;GLE 
190;2175;7.2;1;MERCEDES BENZ;A2BSP1-NZAAB541;ML / 350 / BLUETEC 4-MATIC AUT.;Nemcija;DEU;osebni avtomobil;224;karavan;ML 
190;1730;7.3;0;BMW;6K71-DAW500B0;330 / TOURING / i xDrive AUT.;Nemcija;DEU;osebni avtomobil;250;karavan;330
190;1640;7.3;0;BMW;5R71-DAW507B0;330 / / i xDrive AUT.;Nemcija;DEU;osebni avtomobil;250;limuzina;330
190;1473;7.3;0;TOYOTA;JTSC/DB21/DB21L-ZTLW(1D);SUPRA / 2.0T / AUT;Avstrija;AUT;osebni avtomobil;250;kupe;SUPRA 
190;2455;7.4;1;MERCEDES BENZ;A7BFP1-CZCAA702;GLS / 350 / d 4-MATIC AUT.;Nemcija;DEU;osebni avtomobil;220;karavan;GLS 
190;2175;7.4;1;MERCEDES BENZ;A2BSP1-NZAAB542;ML / 350 / BLUETEC 4-MATIC AUT.;Nemcija;DEU;osebni avtomobil;224;karavan;ML 
190;2130;7.4;1;MERCEDES BENZ;I1BBP1-NZAAB501;S / 350 / BLUETEC 4-MATIC AUT.;Nemcija;DEU;osebni avtomobil;250;limuzina;S 
190;2491;7.5;1;LAND ROVER;LGS5KY2F-D5Z1;RANGE ROVER / 3.0 / TDV6;Zdruûeno kraljestvo;GBR;osebni avtomobil;210;karavan;RANGE ROVER 
190;2275;7.5;1;MERCEDES BENZ;A3BFP1-CZAAA501;GLE / 350 / d 4-MATIC AUT.;Nemcija;DEU;osebni avtomobil;226;karavan;GLE 
190;2240;7.5;1;MERCEDES BENZ;A2BFP1-CZCAA50B;GLE / 350 / d 4-MATIC AUT.;Nemcija;DEU;osebni avtomobil;225;karavan;GLE 
190;2185;7.5;1;MERCEDES BENZ;A2BFP1-CZCAC524;GLE / 350 / d 4-MATIC AUT.;Nemcija;DEU;osebni avtomobil;225;karavan;GLE 
190;1730;7.6;0;BMW;FS51-5B;528 / / i AUT.;Nemcija;DEU;osebni avtomobil;250;limuzina;528
190;2455;7.6;1;MERCEDES BENZ;A7BFP1-CZCCA754;GLS / 350 / d 4-MATIC AUT.;Nemcija;DEU;osebni avtomobil;220;karavan;GLS 
190;1490;7.7;0;BMW;HF31-6AW20000;Z4 / ROADSTER 30 / i sDrive AUT.;Nemcija;DEU;osebni avtomobil;250;kabriolet;Z4 
190;2455;7.7;1;MERCEDES BENZ;A7BSP1-NZAAB701;GL / 350 / BLUETEC 4-MATIC AUT.;Nemcija;DEU;osebni avtomobil;220;karavan;GL 
190;2275;7.7;1;MERCEDES BENZ;A3BFP1-CZAAA502;GLE / 350 / d 4-MATIC AUT.;Nemcija;DEU;osebni avtomobil;226;karavan;GLE 
190;2240;7.7;1;MERCEDES BENZ;A2BFP1-CZCAC52B;GLE / 350 / d 4-MATIC AUT.;Nemcija;DEU;osebni avtomobil;225;karavan;GLE 
190;1785;7.7;0;MERCEDES BENZ;T38LT0-CZAA040C;E / 300 / AUT. HYBRID;Nemcija;DEU;osebni avtomobil;250;kupe;E 
190;2455;7.8;1;MERCEDES BENZ;A7BSP1-NZAAB754;GL / 350 / BLUETEC 4-MATIC AUT.;Nemcija;DEU;osebni avtomobil;220;karavan;GL 
190;2300;7.8;1;MERCEDES BENZ;A3BFP1-CZAAA50A;GLE / 350 / d 4-MATIC AUT.;Nemcija;DEU;osebni avtomobil;226;karavan;GLE 
190;1780;7.9;0;BMW;EH-31;630 / I;Nemcija;DEU;osebni avtomobil;250;kupe;630
190;1505;8.3;0;BMW;LM51-5B;Z4 / CABRIO 30 / i sDrive AUT.;Nemcija;DEU;osebni avtomobil;250;kabriolet;Z4 
190;2145;8.5;1;BMW;KS41-CAW50000;X5 / xDrive 30 / d AUT.;Nemcija;DEU;osebni avtomobil;230;karavan;X5 
190;2140;8.6;1;BMW;KV21-CAW50000;X6 / xDrive 30 / d AUT.;Nemcija;DEU;osebni avtomobil;230;limuzina;X6 
190;1555;8.7;0;BMW;390LVB31-01;330 / I;Nemcija;DEU;osebni avtomobil;250;limuzina;330
190;1525;8.7;0;BMW;VB31-01;330;Nemcija;DEU;osebni avtomobil;250;limuzina;330
190;2183;8.7;1;LAND ROVER;LWS5CC2F-A5A1;RANGE ROVER SPORT / 3.0 / TDV6 AUT.;Zdruûeno kraljestvo;GBR;osebni avtomobil;210;karavan;RANGE ROVER SPORT 
190;2300;8.9;1;MERCEDES BENZ;A3BFP1-CZAAC50A;GLE / 350 / d 4-MATIC AUT.;Nemcija;DEU;osebni avtomobil;226;karavan;GLE 
190;1825;8.9;0;MERCEDES BENZ;R88LT1-CZAC051A;GLC / 300 / 4-MATIC AUT. HYBRID;Nemcija;DEU;osebni avtomobil;240;vozilo z dviûnimi vrati zadaj;GLC 
190;2300;9.1;1;MERCEDES BENZ;A3BFP1-CZAAA50A;GLE / 350 / d 4-MATIC AUT.;Nemcija;DEU;osebni avtomobil;226;karavan;GLE 
190;2300;9.2;1;MERCEDES BENZ;A3BFP1-CZAAA50A;GLE / 350 / d 4-MATIC AUT.;Nemcija;DEU;osebni avtomobil;226;karavan;GLE 
190;1575;9.3;0;BMW;NE71-02;530 / / I AUT.;Nemcija;DEU;osebni avtomobil;250;limuzina;530
190;1585;9.5;0;BMW;EH31-02;630 / / i AUT.;Nemcija;DEU;osebni avtomobil;250;kupe;630
190;1580;9.5;0;BMW;663CEH31-32;630 / I AUT.;Nemcija;DEU;osebni avtomobil;250;kupe;630
190;2240;9.5;1;MERCEDES BENZ;A2BFP1-CZCAC52B;GLE / 350 / d 4-MATIC AUT.;Nemcija;DEU;osebni avtomobil;225;karavan;GLE 
190;2090;9.7;1;BMW;765;740 / D;Nemcija;DEU;osebni avtomobil;250;limuzina;740
190;1795;9.9;0;BMW;EK31-02;630 / CABRIO / I AUT.;Nemcija;DEU;osebni avtomobil;250;kabriolet;630
191;1740;10.1;0;äKODA;AACDVAX11-EQD6AD62E079;SUPERB / 3.6 / 4x4 AUT.;Ceöka republika;CZE;osebni avtomobil;250;limuzina;SUPERB 
191;1714;10.1;0;äKODA;AACDVAX11-NQD6AD62E0790;SUPERB / 3.6 / 4x4 AUT.;Ceöka republika;CZE;osebni avtomobil;250;limuzina;SUPERB 
191;1770;10.2;0;MAZDA;ER8936;CX-7 / 2.3 / i;Japonska ;JPN;osebni avtomobil;210;karavan;CX-7 
191;1590;10.2;0;MAZDA;GG82L6;MAZDA 6 / 2.3 / i / TURBO;Japonska ;JPN;osebni avtomobil;240;limuzina;MAZDA 6 
191;1746;10.2;0;äKODA;ACCDVAX11-NQD6AD62E079W;SUPERB / COMBI 3.6 / 4x4 AUT.;Ceöka republika;CZE;osebni avtomobil;247;karavan;SUPERB 
191;1810;10.9;0;OPEL;BF21-3A07B3AUBDP5;INSIGNIA / 2.8 / V6 TURBO AWD;Nemcija;DEU;osebni avtomobil;250;vecnamensko vozilo;INSIGNIA 
191;2045;11.3;0;OPEL;FF21-3AAPD3BMCJP5;INSIGNIA / CAR. 2.8 / V6 TURBO AWD AUT.;Nemcija;DEU;osebni avtomobil;248;vecnamensko vozilo;INSIGNIA 
191;1765;11.5;0;ALFA ROMEO;939EXG2B20;SPIDER / 3.2 / V6 JTS 4X4;Italija;ITA;osebni avtomobil;240;kabriolet;SPIDER 
191;1705;11.5;0;ALFA ROMEO;939DXG2B-08;BRERA / 3.2 / V6 JTS;Italija;ITA;osebni avtomobil;240;kupe;BRERA 
191;1835;11.6;0;OPEL;BF21-3A08B4AVCJN5;INSIGNIA / 2.8 / V6 TURBO AWD AUT.;Nemcija;DEU;osebni avtomobil;250;vecnamensko vozilo;INSIGNIA 
191;1716;8.7;0;OPEL;DH0HAAB22-BA1P1XCBHN5;INSIGNIA SPORTS TOURER / 2.0 / TURBO AWD AUT.;Nemcija;DEU;osebni avtomobil;245;karavan;INSIGNIA SPORTS TOURER 
191;1683;8.7;0;OPEL;DA0HAAB22-BA1P1CBHN5;INSIGNIA SPORTS TOURER / 2.0 / TURBO AWD AUT.;Nemcija;DEU;osebni avtomobil;245;karavan;INSIGNIA SPORTS TOURER 
191;1410;9.7;0;MAZDA;BK14L6;MAZDA 3 / 2.3 / i;Japonska ;JPN;osebni avtomobil;250;vozilo z dviûnimi vrati zadaj;MAZDA 3 
192;1369;8.2;0;TOYOTA;XPA1G(EU.M)/GXPA16(G)/GXPA16L-AGFGZW(1A);YARIS / 1.6 / GR;Japonska ;JPN;osebni avtomobil;230;vozilo z dviûnimi vrati zadaj;YARIS 
192;1355;8.3;0;TOYOTA;XPA1G(EU.M)/GXPA16(G)/GXPA16L-AGFGZW(1A);YARIS / 1.6 / GR;Japonska ;JPN;osebni avtomobil;230;vozilo z dviûnimi vrati zadaj;YARIS 
193;2240;5.5;0;LEXUS;AL2(EU.M)/GYL25(W)/GYL25L-AWXGBW(2A);RX450H / 3.5 / V6 4WD;Japonska ;JPN;osebni avtomobil;200;vecnamensko vozilo;RX450H 
193;1955;5.8;1;AUDI;LCTBDQ1-QA8BK003P4H01S57MMEM2;A8 / 3.0 / TDI Q AUT.;Nemcija;DEU;osebni avtomobil;250;limuzina;A8 
193;1955;5.9;1;AUDI;LCTBDQ1-QA8BK003P4H05S4+17MMEM2;A8 / 3.0 / TDI Q AUT.;Nemcija;DEU;osebni avtomobil;250;limuzina;A8 
193;1955;5.9;1;AUDI;LCTBDQ1-QA8BK003P4H03S57MMEM2;A8 / 3.0 / TDI Q AUT.;Nemcija;DEU;osebni avtomobil;250;vozilo za posebne namene;A8 
193;2224;5.9;0;LEXUS;AL2(EU.M)/GYL25(W)/GYL25L-AWXGBW(1D);RX450H / 3.5 / V6 4WD;Japonska ;JPN;osebni avtomobil;200;vecnamensko vozilo;RX450H 
193;2185;6.6;1;PORSCHE;EG22-01;CAYENNE DIESEL / /;Nemcija;DEU;osebni avtomobil;221;karavan;CAYENNE DIESEL 
193;2185;6.6;1;VOLKSWAGEN;ACCVVAX1-AA8AA8C8034NVR67MMM;TOUAREG / 3.0 / TDI AUT.;Nemcija;DEU;osebni avtomobil;225;karavan;TOUAREG 
193;2185;6.8;1;PORSCHE;EG22-02;CAYENNE DIESEL / /;Nemcija;DEU;osebni avtomobil;221;karavan;CAYENNE DIESEL 
193;2185;6.8;1;VOLKSWAGEN;ACCVVAX1-AA8AA8C8034NVR67MM62;TOUAREG / 3.0 / TDI AUT.;Nemcija;DEU;osebni avtomobil;225;karavan;TOUAREG 
193;2254;7.8;0;LEXUS;AL2(EU.M)/GYL25(W)/GYL25L-AWXGBW(1D);RX450H / 3.5 / V6 4WD;Japonska ;JPN;osebni avtomobil;200;vecnamensko vozilo;RX450H 
193;2213;7.9;0;LEXUS;AL2(EU.M)/GYL25(W)/GYL25L-AWXGBW(8G);RX450H / 3.5 / V6 4WD;Japonska ;JPN;osebni avtomobil;200;vecnamensko vozilo;RX450H 
194;1406;9.2;0;OPEL;ABAA-ABBAABBAA;GT / 2.0 / 16V TURBO;Zdruûene drûave;USA;osebni avtomobil;229;kabriolet;GT 
195;1460;10.3;0;SUBARU;GD-GG-GDB-0C0;IMPREZA / 2.0;Japonska ;JPN;osebni avtomobil;232;limuzina;IMPREZA 
195;1535;11.1;0;SUBARU;GDB-0C0;IMPREZA / Sti / AWD;Japonska ;JPN;osebni avtomobil;244;limuzina;IMPREZA 
195;1715;4.5;1;BMW;JC91-CA150000;530 / / d AUT.;Nemcija;DEU;osebni avtomobil;250;limuzina;530
195;1825;4.7;1;BMW;JN31-CA150000;530 / TOURING / d AUT.;Nemcija;DEU;osebni avtomobil;250;karavan;530
195;1715;4.7;1;BMW;JC91-CA2507N0;530 / / d AUT.;Nemcija;DEU;osebni avtomobil;250;limuzina;530
195;1900;4.8;1;BMW;7C41-6A150000;730 / / d xDrive AUT.;Nemcija;DEU;osebni avtomobil;250;limuzina;730
195;1830;4.9;1;BMW;7C21-6A350000;730 / / d AUT.;Nemcija;DEU;osebni avtomobil;250;limuzina;730
195;1945;5.2;1;BMW;7G61-6A350000;730 / / Ld xDrive AUT.;Nemcija;DEU;osebni avtomobil;250;limuzina;730
195;1900;5.2;1;BMW;7C41-CA350000;730 / / d xDrive AUT.;Nemcija;DEU;osebni avtomobil;250;limuzina;730
195;1875;5.3;1;BMW;JN51-CA1500L0;530 / TOURING / d xDrive AUT.;Nemcija;DEU;osebni avtomobil;250;karavan;530
195;1770;5.3;1;BMW;JD11-CA2507N0;530 / / d xDrive AUT.;Nemcija;DEU;osebni avtomobil;250;limuzina;530
195;1955;5.4;1;BMW;7S41-DAW50000;730 / / d xDrive AUT.;Nemcija;DEU;osebni avtomobil;250;limuzina;730
195;1845;5.4;1;BMW;7C21-CAW50000;730 / / d AUT.;Nemcija;DEU;osebni avtomobil;250;limuzina;730
195;1875;5.5;1;BMW;JN51-CA250000;530 / / d xDrive AUT.;Nemcija;DEU;osebni avtomobil;250;karavan;530
195;1770;5.5;1;BMW;JD11-CAW507M0;530 / / d xDrive AUT.;Nemcija;DEU;osebni avtomobil;250;limuzina;530
195;1795;5.56;1;BMW;JD11-DAW507M0;530 / / d xDrive AUT.;Nemcija;DEU;osebni avtomobil;250;limuzina;530
195;1955;5.6;1;BMW;7S41-DAW50000;730 / / d xDrive AUT.;Nemcija;DEU;osebni avtomobil;250;limuzina;730
195;1795;5.6;1;BMW;JD11-DAW50000;530 / / d xDrive AUT.;Nemcija;DEU;osebni avtomobil;250;limuzina;530
195;1955;5.7;1;BMW;JW81-CAW50000;630 / GT / d xDrive AUT.;Nemcija;DEU;osebni avtomobil;250;limuzina;630
195;1935;5.7;1;BMW;VJ51-DAW500LA;X4 / xDrive30 / d AUT.;Nemcija;DEU;osebni avtomobil;240;limuzina;X4 
195;1920;5.7;1;BMW;7C41-CAW50000;730 / / d xDrive AUT.;Nemcija;DEU;osebni avtomobil;250;limuzina;730
195;1885;5.7;1;BMW;JN51-DAW507LM;530 / TOURING / d xDrive AUT.;Nemcija;DEU;osebni avtomobil;250;karavan;530
195;1875;5.7;1;BMW;JN51-CA350000;530 / TOURING / d xDrive AUT.;Nemcija;DEU;osebni avtomobil;250;karavan;530
195;1865;5.7;1;BMW;JN51-CAW500L0;530 / TOURING / d xDrive AUT.;Nemcija;DEU;osebni avtomobil;250;karavan;530
195;1955;5.8;1;BMW;7G61-CAW50800;730 / / Ld xDrive AUT.;Nemcija;DEU;osebni avtomobil;250;limuzina;730
195;1955;5.8;1;BMW;JW81-CAW50800;630 / GT / d xDrive AUT.;Nemcija;DEU;osebni avtomobil;250;limuzina;630
195;1895;5.8;1;BMW;TX71-CA2500B0;X3 / xDrive 30 / d AUT.;Nemcija;DEU;osebni avtomobil;240;karavan;X3 
195;1885;5.8;1;BMW;JN51-DAW507M0;530 / TOURING / d xDrive AUT.;Nemcija;DEU;osebni avtomobil;250;karavan;530
195;2185;5.9;1;BMW;CV61-DAA509LB;X5 / xDrive30 / d AUT.;Nemcija;DEU;osebni avtomobil;230;karavan;X5 
195;1955;5.9;1;BMW;JW81-CA350800;630 / GT / d xDrive AUT.;Nemcija;DEU;osebni avtomobil;250;limuzina;630
195;1885;5.9;1;BMW;JN51-DAW507LM;530 / TOURING / d xDrive AUT.;Nemcija;DEU;osebni avtomobil;250;karavan;530
195;1910;6.1;1;MERCEDES BENZ;G22FM0-NZAAA502;CLS / 350 / CDI AUT.;Nemcija;DEU;osebni avtomobil;250;karavan;CLS 
195;1865;6.1;1;MERCEDES BENZ;L42FM0-NZAAA411;E / 350 / CDI AUT.;Nemcija;DEU;osebni avtomobil;250;kabriolet;E 
195;1845;6.1;1;MERCEDES BENZ;J02FM0-NZBBA552;E / 350 / CDI AUT.;Nemcija;DEU;osebni avtomobil;250;limuzina;E 
195;1815;6.1;1;MERCEDES BENZ;G32EM0-NZAAB401;CLS / 350 / CDI AUT.;Nemcija;DEU;osebni avtomobil;250;limuzina;CLS 
195;1815;6.1;1;MERCEDES BENZ;G32EM0-NZAAB401;CLS / 350 / CDI AUT.;Nemcija;DEU;osebni avtomobil;246;limuzina;CLS 
195;2185;6.2;1;BMW;CV61-DAA509MA;X5 / xDrive30 / d AUT.;Nemcija;DEU;osebni avtomobil;230;karavan;X5 
195;2260;6.3;1;BMW;CV61-DAA709MA;X5 / xDrive30 / d AUT.;Nemcija;DEU;osebni avtomobil;230;karavan;X5 
195;1735;6.3;1;BMW;JC91-DAW50000;530 / / d AUT.;Nemcija;DEU;osebni avtomobil;250;limuzina;530
195;1795;6.4;1;BMW;JD11-DAW50000;530 / / d xDrive AUT.;Nemcija;DEU;osebni avtomobil;250;limuzina;530
195;1820;6.5;1;BMW;6M11-DAW507B0;330 / TOURING / d xDrive AUT.;Nemcija;DEU;osebni avtomobil;250;karavan;330
195;1900;6.7;1;BMW;JW61-CAW50800;630 / GT / d AUT.;Nemcija;DEU;osebni avtomobil;250;limuzina;630
195;1795;6.7;1;BMW;JD11-DAW5070M;530 / / d xDrive AUT.;Nemcija;DEU;osebni avtomobil;250;limuzina;530
195;1970;6.7;1;MERCEDES BENZ;G22FM1-NZAAB521;CLS / 350 / CDI 4-MATIC AUT.;Nemcija;DEU;osebni avtomobil;250;karavan;CLS 
195;1900;6.7;1;MERCEDES BENZ;J02EM1-NZAAA501;E / 350 / 4-MATIC CDI AUT.;Nemcija;DEU;osebni avtomobil;250;limuzina;E 
195;1875;6.7;1;MERCEDES BENZ;G32EM1-NZAAB400;CLS / 350 / CDI 4-MATIC AUT.;Nemcija;DEU;osebni avtomobil;250;limuzina;CLS 
195;1795;6.8;1;BMW;JD11-DAW50000;530 / / d xDrive AUT.;Nemcija;DEU;osebni avtomobil;250;limuzina;530
195;1875;6.8;1;MERCEDES BENZ;G32EM1-NZAAB401;CLS / 350 / CDI 4-MATIC AUT.;Nemcija;DEU;osebni avtomobil;250;limuzina;CLS 
195;1795;6.9;1;BMW;JD11-DAW50000;530 / / d xDrive AUT.;Nemcija;DEU;osebni avtomobil;250;limuzina;530
195;1875;6.9;1;MERCEDES BENZ;G32EM1-NZAAB402;CLS / 350 / CDI 4-MATIC AUT.;Nemcija;DEU;osebni avtomobil;250;limuzina;CLS 
195;1940;7.1;1;BMW;TX75-DAW500BA;X3 / xDrive30 / d AUT.;Nemcija;DEU;osebni avtomobil;240;karavan;X3 
195;1885;7.1;1;BMW;JN51-DAW507M0;530 / TOURING / d xDRIVE AUT.;Nemcija;DEU;osebni avtomobil;250;karavan;530
195;1795;7.1;1;BMW;JD11-DAW507N0;530 / / d xDrive AUT.;Nemcija;DEU;osebni avtomobil;250;limuzina;530
195;2005;7.2;1;BMW;7V41-DAW50000;730 / / Ld xDrive AUT.;Nemcija;DEU;osebni avtomobil;250;limuzina;730
195;1955;7.2;1;BMW;7S41-DAW50900;730 / / d xDrive AUT.;Nemcija;DEU;osebni avtomobil;250;limuzina;730
195;1955;7.2;1;BMW;JW81-CAW50800;630 / GT / d xDrive AUT.;Nemcija;DEU;osebni avtomobil;250;limuzina;630
195;1895;7.2;1;BMW;TX71-DAW500B0;X3 / xDrive30 / d AUT.;Nemcija;DEU;osebni avtomobil;240;karavan;X3 
195;1885;7.2;1;BMW;JN51-DAW5070M;530 / TOURING / d xDrive AUT.;Nemcija;DEU;osebni avtomobil;250;karavan;530
195;2010;7.2;1;MERCEDES BENZ;J22EM1-NZAAA501;E / 350 T / 4-MATIC CDI AUT.;Nemcija;DEU;osebni avtomobil;247;karavan;E 
195;1895;7.3;1;BMW;VJ51-DAW500B0;X4 / xDrive30 / d AUT.;Nemcija;DEU;osebni avtomobil;240;limuzina;X4 
195;1885;7.3;1;BMW;JN51-DAW507N0;530 / TOURING / D XDRIVE AUT.;Nemcija;DEU;osebni avtomobil;250;karavan;530
195;1955;7.4;1;BMW;JW81-DAW50800;630 / GT / d xDrive AUT.;Nemcija;DEU;osebni avtomobil;250;limuzina;630
195;1895;7.4;1;BMW;TX75-DAW500B0;X3 / xDrive30 / d AUT.;Nemcija;DEU;osebni avtomobil;240;karavan;X3 
195;1955;7.5;1;BMW;JW81-CAW50000;630 / GT / d xDrive AUT.;Nemcija;DEU;osebni avtomobil;250;limuzina;630
195;1895;7.5;1;BMW;TX75-DAW500B0;X3 / xDrive30 / d AUT.;Nemcija;DEU;osebni avtomobil;240;karavan;X3 
195;1895;7.5;1;BMW;VJ51-DAW500BA;X4 / XDRIVE30 / D AUT.;Nemcija;DEU;osebni avtomobil;240;limuzina;X4 
195;1454;7.5;0;RENAULT;DZY106;MEGANE / COUPE 2.0 / 16V;Francija;FRA;osebni avtomobil;254;kupe;MEGANE 
195;1935;7.6;1;BMW;VJ51-DAW500B0;X4 / xDrive30 / d AUT.;Nemcija;DEU;osebni avtomobil;240;limuzina;X4 
195;2185;7.7;1;BMW;CV61-DAA500BA;X5 / xDrive30 / d AUT.;Nemcija;DEU;osebni avtomobil;230;karavan;X5 
195;2185;7.8;1;BMW;GT21-DAA509ME;X6 / xDrive30 / d AUT.;Nemcija;DEU;osebni avtomobil;230;limuzina;X6 
195;2185;7.9;1;BMW;CV61-DAA509MB;X5 / xDrive30 / d AUT.;Nemcija;DEU;osebni avtomobil;230;karavan;X5 
195;2185;7.9;1;BMW;GT21-DAA509ME;X6 / xDrive30 / d AUT.;Nemcija;DEU;osebni avtomobil;230;limuzina;X6 
195;2185;8.1;1;BMW;CV61-DAA5090A;X5 / XDRIVE30 / D AUT.;Nemcija;DEU;osebni avtomobil;230;karavan;X5 
195;1450;8.1;0;SEAT;AFCDLAX01-SGNFM62Q0277MG;LEON / 2.0 / TSI;äpanija;ESP;osebni avtomobil;250;vecnamensko vozilo;LEON 
195;1419;8.1;0;VOLKSWAGEN;ADCDLA-FM6FM62Q0277MGVR0R1;SCIROCCO / 2.0 / TSI;Nemcija;DEU;osebni avtomobil;250;kupe;SCIROCCO 
195;2260;8.2;1;BMW;CV61-DAA709MB;X5 / xDrive30 / d AUT.;Nemcija;DEU;osebni avtomobil;230;karavan;X5 
195;2185;8.2;1;BMW;CV61-DAB500M0;X5 / xDrive30 / d AUT.;Nemcija;DEU;osebni avtomobil;230;karavan;X5 
195;1462;8.2;0;RENAULT;DZ1806;MEGANE / COUPE 2.0 / 16V;Francija;FRA;osebni avtomobil;245;kupe;MEGANE 
195;1454;8.2;0;RENAULT;DZ1802;MEGANE / COUPE 2.0 / 16V;Francija;FRA;osebni avtomobil;245;kupe;MEGANE 
195;1840;8.3;1;AUDI;4F;A6 / 3.0 / TDI / QUATTRO;Nemcija;DEU;osebni avtomobil;247;limuzina;A6 
195;1460;8.3;0;BMW;UD51-AJ;130 / / i;Nemcija;DEU;osebni avtomobil;250;karavan;130
195;1590;8.4;0;AUDI;SCDLAQ1-QD62E073R8P807MGEM0;S3 / 2.0 / TFSI Q AUT.;Nemcija;DEU;osebni avtomobil;250;karavan;S3 
195;2445;8.4;1;BMW;CW81-DAW709BE;X7 / xDrive30 / d AUT.;Nemcija;DEU;osebni avtomobil;227;karavan;X7 
195;1570;8.5;0;AUDI;SCDLAQ1-QM62Q023R8P807MG;S3 / 2.0 / TFSI Q;Nemcija;DEU;osebni avtomobil;250;karavan;S3 
195;1530;8.5;0;AUDI;ACDLAQ1-QM62Q023R8P807MGEM0;S3 / 2.0 / TFSI Q;Nemcija;DEU;osebni avtomobil;250;karavan;S3 
195;2445;8.5;1;BMW;CW81-DAW709BA;X7 / xDrive30 / d AUT.;Nemcija;DEU;osebni avtomobil;227;karavan;X7 
195;2330;8.5;1;MERCEDES BENZ;O72EM1-NZABA720;R / 350 / 4-MATIC CDI AUT.;Nemcija;DEU;osebni avtomobil;235;karavan;R 
195;2310;8.5;1;MERCEDES BENZ;O72EM1-NZAAB610;R / 350 / CDI  4MATIC;Nemcija;DEU;osebni avtomobil;235;karavan;R 
195;2250;8.5;1;MERCEDES BENZ;O22EM1-NZAAB500;R / 350 / 4-MATIC CDI AUT.;Nemcija;DEU;osebni avtomobil;235;karavan;R 
195;1966;8.6;0;AUDI;SDPUAQ1-QD7AD7CJ001RT51B184BIBEM1FSB1C;Q5 SPORTBACK / 2.0 / TFSI Q AUT.;Nemcija;DEU;osebni avtomobil;240;vozilo z dviûnimi vrati zadaj;Q5 SPORTBACK 
195;2445;8.6;1;BMW;CW81-DAW709BA;X7 / xDrive30 / d AUT.;Nemcija;DEU;osebni avtomobil;227;karavan;X7 
195;1570;8.7;0;AUDI;CCALAF1-FAVW0011R8T60;A5 / 3.2 / FSI V-AUT.;Nemcija;DEU;osebni avtomobil;250;kupe;A5 
195;2445;8.7;1;BMW;CW81-DAW609BE;X7 / xDrive30 / d AUT.;Nemcija;DEU;osebni avtomobil;227;vozilo z dviûnimi vrati zadaj;X7 
195;2445;8.8;1;BMW;CW81-DAW709BB;X7 / xDrive30 / d AUT.;Nemcija;DEU;osebni avtomobil;227;karavan;X7 
195;1395;8.9;0;BMW;DU51-01;Z4 / 3.0 / si;Nemcija;DEU;osebni avtomobil;250;kupe;Z4 
195;1530;9.1;0;AUDI;LBHZQ1-QM62Q023R8P81T20GG;S3 / 2.0 / TFSI Q;Nemcija;DEU;osebni avtomobil;250;vozilo z dviûnimi vrati zadaj;S3 
195;1735;9.2;0;AUDI;ACALAQ1-QA6B6005R8K610GG;A4 AVANT / 3.2 / FSI Q V-AUT.;Nemcija;DEU;osebni avtomobil;250;karavan;A4 AVANT 
195;1735;9.4;0;AUDI;ACALAQ1-QA6B6005R8K617MGEM0;A4 AVANT / 3.2 / FSI Q AUT.;Nemcija;DEU;osebni avtomobil;250;karavan;A4 AVANT 
196;2230;9.4;1;VOLKSWAGEN;7HCAAXDSX1-NS300FM6A503T2;CARAVELLE / 2.5 / TDI 4M;Nemcija;DEU;osebni avtomobil;165;vecnamensko vozilo;CARAVELLE 
197;1305;7.8;0;TOYOTA;ZN6-ALE8(7A);TOYOTA Z / GT86 2.0 /;Japonska ;JPN;osebni avtomobil;244;kupe;TOYOTA Z 
199;1355;6.3;0;PEUGEOT;4J5FGM;RCZ / 1.6 / TURBO i 16V;Francija;FRA;osebni avtomobil;250;kupe;RCZ 
199;1313;7.8;0;TOYOTA;ZN6-CLS8(7E);TOYOTA Z / GT86 2.0 /;Japonska ;JPN;osebni avtomobil;250;kupe;TOYOTA Z 
199;1541;8.4;0;VOLKSWAGEN;ACCDLFX1-AD6AD62E073N7MGR2;GOLF / 2.0 / TSI 4M AUT.;Nemcija;DEU;osebni avtomobil;250;karavan;GOLF 
199;1521;8.5;0;VOLKSWAGEN;ACCDLFX1-AM6AM62Q023N7MGR1;GOLF / 2.0 / TSI 4M;Nemcija;DEU;osebni avtomobil;250;karavan;GOLF 
199;1870;9.3;0;AUDI;XCALBQ1-QD7B5017R8R207MG;Q5 / 3.2 / FSI Q AUT.;Nemcija;DEU;osebni avtomobil;234;karavan;Q5 
200;1660;10.1;0;BMW;WC51-02;330 / / Xi  AUT.;Nemcija;DEU;osebni avtomobil;250;kupe;330
200;1925;10.1;0;MERCEDES BENZ;I156K0-NHAAAA00;S / 350 / AUT.;Nemcija;DEU;osebni avtomobil;250;limuzina;S 
200;1880;10.1;0;MERCEDES BENZ;I056K0-NZAAA500;S / 350 / AUT.;Nemcija;DEU;osebni avtomobil;250;limuzina;S 
200;1730;10.1;0;MERCEDES BENZ;219E356K0-NIAAA400;CLS / 350 / AUT;Nemcija;DEU;osebni avtomobil;250;limuzina;CLS 
200;1880;10.3;0;MERCEDES BENZ;I056K0-NHAAB501;S / 350 / AUT.;Nemcija;DEU;osebni avtomobil;250;limuzina;S 
200;1730;10.6;0;MERCEDES BENZ;E356K0-NIAAA401;CLS / 350 / AUT.;Nemcija;DEU;osebni avtomobil;250;limuzina;CLS 
200;1883;10.8;0;JEEP;JKJSLFZ-M4H64A;WRANGLER;Zdruûene drûave;USA;osebni avtomobil;180;vecnamensko vozilo;WRANGLER
200;2135;10.9;0;MERCEDES BENZ;164-186;ML / 350;Zdruûene drûave;USA;osebni avtomobil;183;vecnamensko vozilo;ML 
200;2800;11.1;1;LAND ROVER;LMS4DD2FD5F2;RANGE ROVER / 3.6 / TDV8 DPF;Zdruûeno kraljestvo;GBR;osebni avtomobil;200;karavan;RANGE ROVER 
200;2798;11.1;1;LAND ROVER;LS4DD2F-D5L1;RANGE ROVER SPORT / 3.6 / V8 AUT.;Zdruûeno kraljestvo;GBR;osebni avtomobil;209;karavan;RANGE ROVER SPORT 
200;2745;11.1;1;LAND ROVER;LSAA;RANGE ROVER S / 3.6 / TD V8 AUT.;Zdruûeno kraljestvo;GBR;osebni avtomobil;209;karavan;RANGE ROVER S 
200;2745;11.1;1;LAND ROVER;LSAA2-014;RANGE ROVER SPORT / 3.6 / V8 AUT.;Zdruûeno kraljestvo;GBR;osebni avtomobil;209;karavan;RANGE ROVER SPORT 
200;2725;11.1;1;LAND ROVER;LM-AM2-034;RANGE / ROVER  / 3.6/ TDV8;Zdruûeno kraljestvo;GBR;osebni avtomobil;200;karavan;RANGE 
200;2724;11.1;1;LAND ROVER;S4DD2F-D5L2;RANGE ROVER SPORT / 3.6 / TDV8 AUT.DPF;Zdruûeno kraljestvo;GBR;osebni avtomobil;209;karavan;RANGE ROVER SPORT 
200;2670;11.1;1;LAND ROVER;LSAA2-024;RANGE ROVER SPORT / 3.6 / V8 AUT.;Zdruûeno kraljestvo;GBR;osebni avtomobil;209;karavan;RANGE ROVER SPORT 
200;2858;11.3;1;LAND ROVER;LMAM2-014;RANGE ROVER / 3.6 / TDV8;Zdruûeno kraljestvo;GBR;osebni avtomobil;200;karavan;RANGE ROVER 
200;2725;11.3;1;LAND ROVER;LM-AM2-014;RANGE / ROVER / 3.6 / TDI;Zdruûeno kraljestvo;GBR;osebni avtomobil;200;karavan;RANGE 
200;2725;11.3;1;LAND ROVER;LM-AM2014;RANGE ROVER / 3.6 / TD V8;Zdruûeno kraljestvo;GBR;osebni avtomobil;200;karavan;RANGE ROVER 
200;1736;11.3;0;VOLVO;TS91-J5000;S 80 / 2.9;ävedska;SWE;osebni avtomobil;250;limuzina;S 80 
200;2103;11.4;0;JEEP;JKJTLFZ-L5H34A;WRANGLER UNLIMITED / 2.0 / L;Zdruûene drûave;USA;osebni avtomobil;180;vecnamensko vozilo;WRANGLER UNLIMITED 
200;2180;11.4;0;MERCEDES BENZ;2510256K1-NZEEA500;R / 350 / 4-MATIC AUT.;Nemcija;DEU;osebni avtomobil;230;karavan;R 
200;2103;11.6;0;JEEP;JKJTLFZ-K5H31A;WRANGLER UNLIMITED / 2.0 / L;Zdruûene drûave;USA;osebni avtomobil;159;vecnamensko vozilo;WRANGLER UNLIMITED 
200;2075;11.7;0;BMW;FE42-44;X5 / 3.0 / si AUT.;Nemcija;DEU;osebni avtomobil;225;karavan;X5 
200;2135;11.7;0;MERCEDES BENZ;B256K1-NZAAA541;ML / 350 / 4-MATIC AUT.;Nemcija;DEU;osebni avtomobil;225;karavan;ML 
200;2005;12.7;0;VOLVO;CM9148;XC 90 / 2.9;ävedska;SWE;osebni avtomobil;210;limuzina;XC 90 
200;1845;5.1;1;AUDI;LCRTDQ1-QD7B5034P4G04S57MMEM2;A6 / 3.0 / TDI Q AUT.;Nemcija;DEU;osebni avtomobil;250;limuzina;A6 
200;1770;5.1;1;AUDI;A2CRTCQ1-QA8D5009P8W27S57MMEM1;A4 AVANT / 3.0 / TDI Q AUT.;Nemcija;DEU;osebni avtomobil;250;karavan;A4 AVANT 
200;1905;5.2;1;AUDI;SCRTDQ1-QD7B5034R4G7AS57MMEM2;A7 / 3.0 / TDI Q AUT.;Nemcija;DEU;osebni avtomobil;250;vozilo z dviûnimi vrati zadaj;A7 
200;1845;5.2;1;AUDI;LCRTDQ1-QD7B5034P4G06S57MMEM2;A6 / 3.0 / TDI Q AUT.;Nemcija;DEU;osebni avtomobil;250;limuzina;A6 
200;1910;5.3;1;AUDI;ACRTDQ1-QD7B5034P4G04S57MMEM2;A6 / AVANT 3.0 / TDI Q AUT.;Nemcija;DEU;osebni avtomobil;250;karavan;A6 
200;1805;5.3;1;AUDI;H2CRTCQ1-QA8QA8D5009P8W39S57MMEM1;A4 ALLROAD QUATTRO / 3.0 / TDI AUT.;Nemcija;DEU;osebni avtomobil;250;karavan;A4 ALLROAD QUATTRO 
200;1770;5.3;1;AUDI;A2CRTCQ1-QA8D5009P8W29S57MMEM1;A4 AVANT / 3.0 / TDI Q AUT.;Nemcija;DEU;osebni avtomobil;250;karavan;A4 AVANT 
200;1910;5.4;1;AUDI;ACRTDQ1-QD7B5034P4G13S57MMEM2;A6 / AVANT 3.0 / TDI Q AUT.;Nemcija;DEU;osebni avtomobil;250;karavan;A6 
200;1905;5.4;1;AUDI;SCRTDQ1-QD7B5034P4G11S57MMEM2;A7 / 3.0 / TDI Q AUT.;Nemcija;DEU;osebni avtomobil;250;vozilo z dviûnimi vrati zadaj;A7 
200;1805;5.4;1;AUDI;H2CRTCQ1-QA8D5009P8W40S57MMEM1;A4 ALLROAD QUATTRO / 3.0 / TDI AUT.;Nemcija;DEU;osebni avtomobil;250;karavan;A4 ALLROAD QUATTRO 
200;1770;5.4;1;AUDI;A2CRTCQ1-QA8D5009P8W30S57MMEM1;A4 AVANT / 3.0 / TDI Q AUT.;Nemcija;DEU;osebni avtomobil;250;karavan;A4 AVANT 
200;1970;5.6;1;AUDI;HCRTDQ1-QD7B5027P4G07S57MMEM2;A6 ALLROAD QUATTRO / 3.0 / TDI AUT.;Nemcija;DEU;osebni avtomobil;250;karavan;A6 ALLROAD QUATTRO 
200;2070;5.7;1;AUDI;XCRTCQ2-QA8D5007P4L027MMEM1S5FL;Q7 / 3.0 / TDI Q AUT.;Nemcija;DEU;osebni avtomobil;234;karavan;Q7 
200;2135;5.9;1;AUDI;XCRTCQ1-QA8D5007P4L027MMEM1S7FL;Q7 / 3.0 / TDI Q AUT.;Nemcija;DEU;osebni avtomobil;234;karavan;Q7 
200;2070;5.9;1;AUDI;XCRTCQ1-QA8QA8D5007P4L027MMEM1S5FL;Q7 / 3.0 / TDI Q AUT.;Nemcija;DEU;osebni avtomobil;234;karavan;Q7 
200;2070;6.1;1;AUDI;XCRTCQ1-QA8D5007P4L057MMEM1S5FL;Q7 / 3.0 / TDI Q AUT.;Nemcija;DEU;osebni avtomobil;234;karavan;Q7 
200;2135;6.2;1;AUDI;XCRTCQ1-QA8D5007P4L057MMEM1S7FL;Q7 / 3.0 / TDI Q AUT.;Nemcija;DEU;osebni avtomobil;234;karavan;Q7 
200;2070;6.2;1;AUDI;XCRTCQ2-QA8QA8D5007P4L097MMEM1S5FL;Q7 / 3.0 / TDI Q AUT.;Nemcija;DEU;osebni avtomobil;234;karavan;Q7 
200;2135;6.4;1;AUDI;XCRTCQ2-QA8QA8D5007P4L057MMEM1S7FL;Q7 / 3.0 / TDI Q AUT.;Nemcija;DEU;osebni avtomobil;234;karavan;Q7 
200;2060;7.1;0;MERCEDES BENZ;164-186;ML / 350;Nemcija;DEU;osebni avtomobil;183;vecnamensko vozilo;ML 
200;1615;7.5;0;BMW;ND71-AB;530 / / I AUT.;Nemcija;DEU;osebni avtomobil;250;limuzina;530
200;2235;7.6;1;MERCEDES BENZ;B221T1-CZAAA54D;GLE / 350 / d 4-MATIC AUT.;Nemcija;DEU;osebni avtomobil;230;karavan;GLE 
200;1605;7.7;0;BMW;ND71-AA;530 / / i;Nemcija;DEU;osebni avtomobil;250;limuzina;530
200;2235;7.7;1;MERCEDES BENZ;B221T1-CZAAF59D;GLE / 350 / d 4-MATIC AUT.;Nemcija;DEU;osebni avtomobil;230;karavan;GLE 
200;2290;7.8;1;MERCEDES BENZ;B321T1-CZAAD5BE;GLE / 350 / d 4-MATIC AUT.;Nemcija;DEU;osebni avtomobil;226;karavan;GLE 
200;1490;7.9;0;AUDI;CCDLBQ1-QD62E073R8J807MG;TTS / COUPE 2.0 / Q TFSI D-AUT.;Madûarska;HUN;osebni avtomobil;250;kupe;TTS 
200;1470;7.9;0;AUDI;CCDLBQ1-QM62Q023R8J8A7MGEM1;TTS / COUPE 2.0 / TFSI Q;Madûarska;HUN;osebni avtomobil;250;kupe;TTS 
200;2235;7.9;1;MERCEDES BENZ;B221T1-CZAAC59D;GLE / 350 / d 4-MATIC AUT.;Nemcija;DEU;osebni avtomobil;230;karavan;GLE 
200;1730;8.1;0;BMW;560X NV71;530 // i AUT.;Nemcija;DEU;osebni avtomobil;250;limuzina;530
200;1830;8.2;1;BMW;NJ91-32;535 / TOURING / d AUT.;Nemcija;DEU;osebni avtomobil;250;karavan;535
200;2290;8.2;1;MERCEDES BENZ;B321T1-CZAAH5BU;GLE / 350 / d 4-MATIC AUT. COUPE;Nemcija;DEU;osebni avtomobil;226;karavan;GLE 
200;2235;8.3;1;MERCEDES BENZ;B221T1-CZAAD5EB;GLE / 350 / d 4-MATIC AUT.;Nemcija;DEU;osebni avtomobil;230;karavan;GLE 
200;2235;8.4;1;MERCEDES BENZ;B221T1-CZAAD5ED;GLE / 350 / d 4-MATIC AUT.;Nemcija;DEU;osebni avtomobil;230;karavan;GLE 
200;1845;8.4;0;MERCEDES BENZ;GG8.HB0;GLK / 350 / 4-MATIC AUT.;Nemcija;DEU;osebni avtomobil;238;karavan;GLK 
200;1725;8.4;0;VOLKSWAGEN;ABDNUAX1-AD7AD7GC006V4BFVR21CMA;ARTEON / 2.0 / TSI 4M AUT.;Nemcija;DEU;osebni avtomobil;250;vozilo z dviûnimi vrati zadaj;ARTEON 
200;1680;8.4;0;VOLKSWAGEN;ACDNUAX1-AD7AD7GC006SV4BFVR21CA;PASSAT / VARIANT 2.0 / TSI 4M AUT.;Nemcija;DEU;osebni avtomobil;250;karavan;PASSAT 
200;1830;8.5;1;BMW;560-L;535 / D;Nemcija;DEU;osebni avtomobil;250;karavan;535
200;1667;8.5;0;äKODA;ACDNUAX11-NAD7AD7GC0064BFSTN1B8A;SUPERB / COMBI 2.0 / TSI 4x4 AUT.;Ceöka republika;CZE;osebni avtomobil;250;karavan;SUPERB 
200;1651;8.7;0;äKODA;ACDNUAX11-NAD7AD7GC0067CSSTN1C7B;SUPERB / COMBI 2.0 / TSI 4x4 AUT.;Ceöka republika;CZE;osebni avtomobil;250;karavan;SUPERB 
200;1645;8.7;0;äKODA;AADNUAX11-NAD7AD7GC0064BFSTN1C8A;SUPERB / 2.0 / TSI 4x4 AUT.;Ceöka republika;CZE;osebni avtomobil;250;limuzina;SUPERB 
200;2813;9.5;1;TOYOTA;VDJ200L-GNTEZW(3F);LAND CRUISER V8 / 4.5 / D AUT.;Japonska ;JPN;osebni avtomobil;210;vecnamensko vozilo;LAND CRUISER V8 
200;1840;9.7;0;BMW;X83;X3 / 3.0 / Si;Nemcija;DEU;osebni avtomobil;210;vecnamensko vozilo;X3 
200;1735;9.7;0;MERCEDES BENZ;J056M0-NZAAB502;E / 350 / AUT.;Nemcija;DEU;osebni avtomobil;250;limuzina;E 
200;1610;9.7;0;MERCEDES BENZ;H056K0-NZAAA500;C / 350 / AUT.;Nemcija;DEU;osebni avtomobil;250;limuzina;C 
201;1454;7.5;0;RENAULT;DZ1X0H;MEGANE / COUPE 2.0 / 16V;Francija;FRA;osebni avtomobil;255;kupe;MEGANE 
201;1451;7.5;0;RENAULT;DZVT06;MEGANE / COUPE 2.0 / 16V;Francija;FRA;osebni avtomobil;255;kupe;MEGANE 
202;1900;12.9;0;JAGUAR;XJS-V12;XJS CABRIO / 5.3 V12 AUT.;Zdruûeno kraljestvo;GBR;osebni avtomobil;232;kabriolet;XJS CABRIO 
202;1990;5.9;1;MASERATI;M156 7D25HW;GHIBLI / DIESEL /;Italija;ITA;osebni avtomobil;250;limuzina;GHIBLI 
202;1950;5.9;1;MASERATI;M1567D25H;GHIBLI / DIESEL;Italija;ITA;osebni avtomobil;250;limuzina;GHIBLI 
202;2034;6.1;1;JAGUAR;CC9-X250-M509;JAGUAR XF SPORTBRAKE / 3.0L / V6d;Zdruûeno kraljestvo;GBR;osebni avtomobil;250;karavan;JAGUAR XF SPORTBRAKE 
202;1943;6.1;1;JAGUAR;NNA-X351-C507;JAGUAR XJ / 3.0 / V6D / SWB;Zdruûeno kraljestvo;GBR;osebni avtomobil;250;limuzina;JAGUAR XJ 
202;1989;6.3;1;JAGUAR;NNA-C-404;JAGUAR XJ / 3.0 / V6d LWB AUT.;Zdruûeno kraljestvo;GBR;osebni avtomobil;250;limuzina;JAGUAR XJ 
202;1845;6.8;1;JAGUAR;CC9-X250-G501;JAGUAR XF / 3.0L / V6 DIESEL;Zdruûeno kraljestvo;GBR;osebni avtomobil;250;limuzina;JAGUAR XF 
202;1844;7.05;1;JAGUAR;NNA-XJ-C501;JAGUAR XJ / 3.0L / TD V6 SWB;Zdruûeno kraljestvo;GBR;osebni avtomobil;250;limuzina;JAGUAR XJ 
202;1546;7.1;0;HYUNDAI;B5P51-M6BEZ1;i30N / 2.0 / T-GDI HP;Ceöka republika;CZE;osebni avtomobil;250;vozilo z dviûnimi vrati zadaj;i30N 
202;1940;7.1;1;JAGUAR;NNA-C-501;JAGUAR XJ / 3.0 / DIESEL PORTFOLIO;Zdruûeno kraljestvo;GBR;osebni avtomobil;250;limuzina;JAGUAR XJ 
202;1878;7.2;1;JAGUAR;NNA-XJ-C502;JAGUAR XJ / 3.0L / TD V6 LWB;Zdruûeno kraljestvo;GBR;osebni avtomobil;250;limuzina;JAGUAR XJ 
202;2280;7.2;1;MASERATI;M156 1G45HW;LEVANTE / DIESEL /;Italija;ITA;osebni avtomobil;230;karavan;LEVANTE 
202;1565;7.8;0;HYUNDAI;BAP51-M6BEZ1;i30N FB / 2.0 / T-GDI HP;Ceöka republika;CZE;osebni avtomobil;250;vozilo z dviûnimi vrati zadaj;i30N FB 
202;1580;8.3;0;HYUNDAI;BAP51-M6BEZ1;i30N FB / 2.0 / T-GDI HP;Ceöka republika;CZE;osebni avtomobil;250;vozilo z dviûnimi vrati zadaj;i30N FB 
202;1571;8.3;0;HYUNDAI;B5P51-M6BEZ1;i30N / 2.0 / T-GDI HP;Ceöka republika;CZE;osebni avtomobil;250;vozilo z dviûnimi vrati zadaj;i30N 
202;2280;8.3;1;MASERATI;M156 1G4 5HAD;LEVANTE / DIESEL /;Italija;ITA;osebni avtomobil;230;karavan;LEVANTE 
202;2385;9.5;1;LAND ROVER;LG-S5KU2L-D5QAA;RANGE ROVER / 3.0 / SDV6 SWB 4WD AUT.;Zdruûeno kraljestvo;GBR;osebni avtomobil;210;karavan;RANGE ROVER 
202;2015;9.6;1;AUDI;4E-ASE;A8 / 4.0 / TDI  Q AUT.;Nemcija;DEU;osebni avtomobil;250;limuzina;A8 
202;2015;9.6;1;AUDI;4E-ASE;A 8 / 4.0;Nemcija;DEU;osebni avtomobil;250;limuzina;A 8 
205;1680;11.3;0;MERCEDES BENZ;210 J070G0-SJCCA50;E / 430 / AUT.;Nemcija;DEU;osebni avtomobil;250;limuzina;E 
205;2088;11.5;0;MERCEDES BENZ;140.063;CL / 420 / AUT.;Nemcija;DEU;osebni avtomobil;250;kupe;CL 
205;1518;7.2;0;RENAULT;RFBBF4M666SF010000;MEGANE / 1.8 / 16V;Francija;FRA;osebni avtomobil;255;vozilo z dviûnimi vrati zadaj;MEGANE 
205;1559;8.3;0;RENAULT;RFBBF4M6ATA0Y00100;MEGANE / 1.8 / 16V AUT.;Francija;FRA;osebni avtomobil;250;vozilo z dviûnimi vrati zadaj;MEGANE 
205;1564;8.4;0;RENAULT;RFBBF4M6ATA0Y00100;MEGANE / 1.8 / 16V AUT.;Francija;FRA;osebni avtomobil;250;vozilo z dviûnimi vrati zadaj;MEGANE 
205;1544;8.4;0;RENAULT;RFBBF4M6ATA0U00100;MEGANE / 1.8 / 16V AUT.;Francija;FRA;osebni avtomobil;255;vozilo z dviûnimi vrati zadaj;MEGANE 
206;2599;10.3;0;INFINITI;FX35V6;FX 35 / 3.5;Japonska ;JPN;osebni avtomobil;198;vecnamensko vozilo;FX 35 
206;1600;10.3;0;NISSAN;Z33;350 / Z;Japonska ;JPN;osebni avtomobil;250;kupe;350
206;1420;10.4;0;PORSCHE;KN11-A1;BOXSTER / S /;Nemcija;DEU;osebni avtomobil;268;kabriolet;BOXSTER 
206;1540;10.6;0;MITSUBISHI;CT921-AAAAA6A5;LANCER EVOLUTION / 2.0 /;Japonska ;JPN;osebni avtomobil;250;limuzina;LANCER EVOLUTION 
206;1570;10.9;0;SUBARU;GDF-0L0;IMPREZA / 2.5 / STI AWD;Japonska ;JPN;osebni avtomobil;255;limuzina;IMPREZA 
206;1971;11.2;0;INFINITI;FX35;FX 35 / 3.5;Japonska ;JPN;osebni avtomobil;208;karavan;FX 35 
206;1600;11.4;0;NISSAN;Z33-A01;350Z / 3.5 /;Japonska ;JPN;osebni avtomobil;250;kupe;350Z 
206;1600;11.4;0;NISSAN;Z33A-A01;350 Z /;Japonska ;JPN;osebni avtomobil;250;kupe;350 Z 
206;1710;11.7;0;NISSAN;Z33B01;350 Z /;Japonska ;JPN;osebni avtomobil;250;kabriolet;350 Z 
206;1858;11.8;0;AUDI;4E LBFLQ1-QA6EB0R4E700GGR;A 8 / 3.7;Nemcija;DEU;osebni avtomobil;250;limuzina;A 8 
206;2310;12.7;0;AUDI;XBHKQ1-QA6AT001R4L800GGS7FS;Q7 / 3.6 / Q AUT.;Nemcija;DEU;osebni avtomobil;225;karavan;Q7 
206;2280;12.7;0;AUDI;4L-BHK;Q7 / 3.6 / Q AUT.;Nemcija;DEU;osebni avtomobil;225;karavan;Q7 
206;1605;6.4;0;ALFA ROMEO;952ACA45;GIULIA / 2.0 / TB CA Q4;Italija;ITA;osebni avtomobil;240;limuzina;GIULIA 
206;1395;6.4;0;SEAT;CCJXAX0-FD6SFD6D90077MMMLM;LEON SC / 2.0 / TSI AUT.;äpanija;ESP;osebni avtomobil;250;karavan;LEON SC 
206;1605;6.6;0;ALFA ROMEO;952ACA45M;GIULIA / 2.0 / TB CA Q4;Italija;ITA;osebni avtomobil;240;limuzina;GIULIA 
206;1466;6.6;0;SEAT;FCJXAX0-FD6SFD6D90077MMMLM;LEON ST / 2.0 / TSI AUT.;äpanija;ESP;osebni avtomobil;250;karavan;LEON ST 
206;1421;6.6;0;SEAT;BCJXAX0-FD6SFD6D90077MMML;LEON / 2.0 / TSI AUT.;äpanija;ESP;osebni avtomobil;250;karavan;LEON 
206;1395;6.6;0;SEAT;BCJXAX0V-FM6SFM62Q0387MMMLM5;LEON / 2.0 / TSI;äpanija;ESP;osebni avtomobil;250;karavan;LEON 
206;1375;6.6;0;SEAT;CCJXAX0-FM6SFM62Q0387MMMLM;LEON SC / 2.0 / TSI;äpanija;ESP;osebni avtomobil;250;karavan;LEON SC 
206;1615;7.1;0;äKODA;AACJXAX11-NAD6AD6D9016ST657;SUPERB / 2.0 / TSI 4x4 AUT.;Ceöka republika;CZE;osebni avtomobil;250;limuzina;SUPERB 
206;1650;7.2;0;äKODA;ACCJXAX11-NAD6AD6D9016STN657;SUPERB / COMBI 2.0 / TSI 4x4 AUT.;Ceöka republika;CZE;osebni avtomobil;250;karavan;SUPERB 
206;1635;7.2;0;äKODA;ACCJXAX11-NAD6AD6D9016ST667;SUPERB / COMBI 2.0 / TSI 4x4 AUT.;Ceöka republika;CZE;osebni avtomobil;250;karavan;SUPERB 
206;1716;7.3;0;VOLKSWAGEN;ABDJHCX1-AD7AD7GC006V7MMVR263;ARTEON / 2.0 / TSI 4M AUT.;Nemcija;DEU;osebni avtomobil;250;vozilo z dviûnimi vrati zadaj;ARTEON 
206;1674;7.3;0;VOLKSWAGEN;ACCJXAX1-AD6AD6D9016SV7MMVR266;PASSAT / VARIANT 2.0 / TSI 4M AUT.;Nemcija;DEU;osebni avtomobil;250;karavan;PASSAT 
206;1735;7.7;0;ALFA ROMEO;949AXA2A5AG;STELVIO / 2.0 / TURBO CA AWD SW;Italija;ITA;osebni avtomobil;230;karavan;STELVIO 
206;1613;8.1;0;OPEL;BAHJC13-BA3L2FD3A5;ASTRA / GTC 2.0 / 16V TURBO;Nemcija;DEU;osebni avtomobil;250;vozilo z dviûnimi vrati zadaj;ASTRA 
206;1543;8.2;0;FORD;DEH-N3DA1PX-5ELBA6ALVD8;FOCUS 2.3 / ST EB 206 M6;Nemcija;DEU;osebni avtomobil;250;karavan;FOCUS 2.3 
206;1508;8.2;0;FORD;DEH-N3DA1NX-5ELBB6ALVD1;FOCUS 2.3 / ST EB 206 M6;Nemcija;DEU;osebni avtomobil;250;vozilo z dviûnimi vrati zadaj;FOCUS 2.3 
206;1736;8.4;0;äKODA;AADNFEX11-NAD7AD7GC0064BISTN1C8B;SUPERB / 2.0 / TSI 4x4 AUT.;Ceöka republika;CZE;osebni avtomobil;250;limuzina;SUPERB 
206;1735;9.2;0;ALFA ROMEO;949AXA2A5DG;STELVIO / 2.0 / TURBO CA AWD SW;Italija;ITA;osebni avtomobil;230;karavan;STELVIO 
206;1570;9.5;0;SUBARU;GD-GG;IMPREZA / WRX / STI;Japonska ;JPN;osebni avtomobil;255;limuzina;IMPREZA 
206;1735;9.6;0;ALFA ROMEO;949AXA2A5AG;STELVIO / 2.0 / TURBO CA AWD SW;Italija;ITA;osebni avtomobil;230;karavan;STELVIO 
208;1810;12.9;0;JAGUAR;QDV-LAC2;XK 8 / 4.0;Zdruûeno kraljestvo;GBR;osebni avtomobil;250;kabriolet;XK 8 
209;1780;11.8;0;JAGUAR;QDV-LAC2-4A06;XK 8 / 4.0;Zdruûeno kraljestvo;GBR;osebni avtomobil;250;kabriolet;XK 8 
209;1780;12.4;0;JAGUAR;QDV-006;XK8 / CABRIO 4.0 / AUT.;Zdruûeno kraljestvo;GBR;osebni avtomobil;250;kabriolet;XK8 
210;2655;10.2;1;TOYOTA;VDJ200L-GMTEZW(1A);LAND CRUISER V8 / 4.5 / AUT.;Japonska ;JPN;osebni avtomobil;210;karavan;LAND CRUISER V8 
210;2430;10.4;1;BMW;ZW03;X5 / xDrive 35 / d AUT. US.;Zdruûene drûave;USA;osebni avtomobil;210;karavan;X5 
210;1814;11.3;0;VOLVO;BW9956;V70 / 3.0 / T AWD AUT.;ävedska;SWE;osebni avtomobil;245;karavan;V70 
210;1705;12.3;0;BMW;DN51-01;540 / / i;Nemcija;DEU;osebni avtomobil;250;limuzina;540
210;2170;13.9;0;BMW;FB31-02;X5 / 4.4 / i AUT.;Nemcija;DEU;osebni avtomobil;230;vecnamensko vozilo;X5 
210;2000;5.1;1;BMW;31AJ-IAA50800;530 / TOURING / d xDrive AUT.;Nemcija;DEU;osebni avtomobil;250;karavan;530
210;2050;5.5;1;MERCEDES BENZ;P121P1-CZAC050X;S / 350 / 4-MATIC AUT.;Nemcija;DEU;osebni avtomobil;250;limuzina;S 
210;2025;5.5;1;MERCEDES BENZ;P021P1-CZAC050X;S / 350 / d 4-MATIC AUT.;Nemcija;DEU;osebni avtomobil;250;limuzina;S 
210;1900;5.6;1;AUDI;LDDVBQ1-QA8QA8D50231BS57CPAEM1H56;A6 / 3.0 / TDI Q AUT.;Nemcija;DEU;osebni avtomobil;250;limuzina;A6 
210;2025;5.6;1;MERCEDES BENZ;P021P1-CZAC0551;S / 350 / d 4-MATIC AUT.;Nemcija;DEU;osebni avtomobil;250;limuzina;S 
210;2050;5.7;1;MERCEDES BENZ;P121P1-CZAC0502;S 350 D 4MATIC;Nemcija;DEU;osebni avtomobil;250;limuzina;S 350 D 4MATIC
210;2025;5.7;1;MERCEDES BENZ;P021P1-CZAA0502;S / 350 / D 4-MATIC AUT.;Nemcija;DEU;osebni avtomobil;250;limuzina;S 
210;2075;5.8;1;AUDI;GDDVCQ2-QA8QA8D5010PF803S57MV0EM1;A8 L / 3.0 / TDI Q AUT.;Nemcija;DEU;osebni avtomobil;250;limuzina;A8 L 
210;2050;5.8;1;AUDI;LDDVCQ2-QA8QA8D5010PF803S57MVEM1;A8 / 3.0 / TDI Q AUT.;Nemcija;DEU;osebni avtomobil;250;limuzina;A8 
210;1955;5.8;1;AUDI;SDDVBQ1-QA8QA8D50231CS57CPAEM1HA5;A7 / 3.0 / TDI Q AUT.;Nemcija;DEU;osebni avtomobil;250;vozilo z dviûnimi vrati zadaj;A7 
210;1900;5.8;1;AUDI;LDDVBQ2-QA8QA8D50231CS57CPAEM1H56;A6 / 3.0 / TDI Q AUT.;Nemcija;DEU;osebni avtomobil;250;limuzina;A6 
210;1965;5.9;1;AUDI;ADDVBQ1-QA8QA8D50231CS57CPBEM1H66;A6 / AVANT 3.0 / TDI Q AUT.;Nemcija;DEU;osebni avtomobil;250;karavan;A6 
210;1935;5.9;1;MERCEDES BENZ;E321T1-CZAC050A;CLS / 350 / d 4-MATIC AUT.;Nemcija;DEU;osebni avtomobil;250;limuzina;CLS 
210;1945;6.2;1;AUDI;XDCPCQ1-QA8QA8D5007PFY097MVEM1FL;Q5 / 3.0 / TDI Q AUT.;Nemcija;DEU;osebni avtomobil;237;karavan;Q5 
210;2005;6.2;1;BMW;4M31-IAV500BA;X4 / xDrive30 / d AUT.;Nemcija;DEU;osebni avtomobil;245;limuzina;X4 
210;2000;6.4;1;BMW;31AJ-IAA50800;530 / TOURING / d xDrive AUT.;Nemcija;DEU;osebni avtomobil;250;karavan;530
210;2065;6.5;1;BMW;JY41-IAA50800;630 / GT / d xDrive AUT.;Nemcija;DEU;osebni avtomobil;250;limuzina;630
210;1965;6.6;1;AUDI;ADDVBQ1-QA8QA8D5023RT031B18S57CPAEM1H66;A6 / AVANT 3.0 / TDI Q AUT.;Nemcija;DEU;osebni avtomobil;250;karavan;A6 
210;2065;6.6;1;BMW;JY41-IAA50000;630 / GT / d xDrive AUT.;Nemcija;DEU;osebni avtomobil;250;limuzina;630
210;1655;6.6;1;BMW;PN71-5B;335 / / d AUT.;Nemcija;DEU;osebni avtomobil;250;limuzina;335
210;2000;6.6;1;MERCEDES BENZ;P021T0-CZAC050B;S / 350 / d  AUT.;Nemcija;DEU;osebni avtomobil;250;limuzina;S 
210;2070;6.6;1;VOLKSWAGEN;ACDENA2-QA8QA8D5019G1BKVR67CPB1B;TOUAREG / 3.0 / TDI 4M AUT.;Nemcija;DEU;osebni avtomobil;238;karavan;TOUAREG 
210;1720;6.7;1;BMW;UX71-5B;335 / TOURING / d AUT.;Nemcija;DEU;osebni avtomobil;250;karavan;335
210;1645;6.7;1;BMW;WD71-AB;335 / / d AUT.;Nemcija;DEU;osebni avtomobil;250;kupe;335
210;1935;6.7;1;MERCEDES BENZ;E321T1-CZAC151C;CLS / 350 / d 4-MATIC AUT.;Nemcija;DEU;osebni avtomobil;250;limuzina;CLS 
210;2240;6.8;1;AUDI;XDHXAQ2-QA8QA8D5019RT41C214BFBEM1S7FL;Q7 / 3.0 / TDI Q AUT.;Nemcija;DEU;osebni avtomobil;241;karavan;Q7 
210;2230;6.8;1;AUDI;SDHXAQ2-QA8QA8D5020RT11C217CPBEM1S5FL;Q8 / 3.0 / TDI Q AUT.;Nemcija;DEU;osebni avtomobil;245;vozilo z dviûnimi vrati zadaj;Q8 
210;2260;6.8;1;BMW;GT81-IAE509LE;X6 / xDrive30 / d AUT.;Nemcija;DEU;osebni avtomobil;235;limuzina;X6 
210;1735;6.8;1;BMW;NX91-AB;535 / / d AUT.;Nemcija;DEU;osebni avtomobil;250;limuzina;535
210;2060;6.8;1;MERCEDES BENZ;P021T1-CZAC054B;S / 350 / d 4-MATIC AUT.;Nemcija;DEU;osebni avtomobil;250;limuzina;S 
210;1910;6.9;1;AUDI;LDMGAQ1-QA8QA8D5023RT031B19S54BIAEM1H56FLD2;A6 / 3.0 / TDI Q AUT.;Nemcija;DEU;osebni avtomobil;250;limuzina;A6 
210;2260;6.9;1;BMW;GT81-IAE509BE;X6 / xDrive30 / d AUT.;Nemcija;DEU;osebni avtomobil;235;limuzina;X6 
210;1725;6.9;1;BMW;EA71-AB;635 / / d AUT.;Nemcija;DEU;osebni avtomobil;250;kupe;635
210;1900;7.1;1;AUDI;LDDVBQ1-QA8QA8D50231BS57CPAEM1H44;A6 / 3.0 / TDI Q AUT.;Nemcija;DEU;osebni avtomobil;250;limuzina;A6 
210;2260;7.1;1;BMW;GT81-IAF509BE;X6 / xDrive30 / d AUT.;Nemcija;DEU;osebni avtomobil;235;limuzina;X6 
210;2107;7.2;1;AUDI;HDMGAQ1-QA8QA8D5023011B19S54BIBEM1H66FLD2;A6 / ALLROAD 3.0 / TDI Q AUT.;Nemcija;DEU;osebni avtomobil;250;karavan;A6 
210;1965;7.2;1;AUDI;ADDVBQ1-QA8QA8D5023RT031B18S54BFAEM1H660FSB;A6 / AVANT 3.0 / TDI Q AUT.;Nemcija;DEU;osebni avtomobil;250;karavan;A6 
210;1900;7.2;1;AUDI;LDDVBQ1-QA8QA8D50231CS57CPAEM1H56;A6 / 3.0 / TDI Q AUT.;Nemcija;DEU;osebni avtomobil;250;limuzina;A6 
210;2265;7.2;1;BMW;JU81-IAF500L0;X5 / xDrive30 / d AUT.;Nemcija;DEU;osebni avtomobil;235;karavan;X5 
210;2260;7.2;1;BMW;GT81-IAF509LD;X6 / xDrive30 / d AUT.;Nemcija;DEU;osebni avtomobil;235;limuzina;X6 
210;2197;7.3;1;AUDI;HDMGAQ2-QA8QA8D5023011C20S54BIBEM1H66FLD2;A6 / ALLROAD 3.0 / TDI Q AUT.;Nemcija;DEU;osebni avtomobil;250;karavan;A6 
210;2050;7.3;1;AUDI;LDDVCQ2-QA8QA8D5010RT11C20S54BFBEM1;A8 / 3.0 / TDI Q AUT.;Nemcija;DEU;osebni avtomobil;250;limuzina;A8 
210;1965;7.3;1;AUDI;ADDVBQ1-QA8QA8D5023RT031B19S57CPAEM1H66;A6 / AVANT 3.0 / TDI Q AUT.;Nemcija;DEU;osebni avtomobil;250;karavan;A6 
210;1955;7.3;1;AUDI;SDDVBQ1-QA8QA8D5023RT061C21S54BFAEM1H560FS;A7 / 3.0 / TDI Q AUT.;Nemcija;DEU;osebni avtomobil;250;vozilo z dviûnimi vrati zadaj;A7 
210;1900;7.3;1;AUDI;LDDVBQ2-QA8QA8D50231CS57CPAEM1H56;A6 / 3.0 / TDI Q AUT.;Nemcija;DEU;osebni avtomobil;250;limuzina;A6 
210;2265;7.3;1;BMW;JU81-IAF509BA;X5 / xDrive30 / d AUT.;Nemcija;DEU;osebni avtomobil;235;karavan;X5 
210;1935;7.3;1;MERCEDES BENZ;E321T1-CZAC151A;CLS / 350 / d 4-MATIC AUT.;Nemcija;DEU;osebni avtomobil;250;limuzina;CLS 
210;2075;7.4;1;AUDI;GDDVCQ1-QA8QA8D50101C20S47CSBEM1;A8 L / 3.0 / TDI Q AUT.;Nemcija;DEU;osebni avtomobil;250;limuzina;A8 L 
210;2020;7.4;1;AUDI;HDDVBQ1-QA8QA8D5023RT011B18S54BFAEM1H660FL;A6 / ALLROAD 3.0 / TDI Q AUT.;Nemcija;DEU;osebni avtomobil;250;karavan;A6 
210;1955;7.4;1;AUDI;SDDVBQ2-QA8QA8D50231CS57CPBEM1HA0;A7 / 3.0 / TDI Q AUT.;Nemcija;DEU;osebni avtomobil;250;vozilo z dviûnimi vrati zadaj;A7 
210;2265;7.4;1;BMW;JU81-IAF509BD;X5 / xDrive30 / d AUT.;Nemcija;DEU;osebni avtomobil;235;karavan;X5 
210;1935;7.4;1;MERCEDES BENZ;E321T1-CZAC151C;CLS / 350 / d 4-MATIC AUT.;Nemcija;DEU;osebni avtomobil;250;limuzina;CLS 
210;2020;7.5;1;AUDI;HDDVBQ1-QA8QA8D5023RT011B19S54BFAEM1H660FL;A6 / ALLROAD 3.0 / TDI Q AUT.;Nemcija;DEU;osebni avtomobil;250;karavan;A6 
210;1965;7.5;1;AUDI;ADDVBQ2-QA8QA8D50231CS57CPBEM1H66;A6 / AVANT 3.0 / TDI Q AUT.;Nemcija;DEU;osebni avtomobil;250;karavan;A6 
210;1655;7.5;1;BMW;VD71-02;335 / / d AUT.;Nemcija;DEU;osebni avtomobil;250;limuzina;335
210;1645;7.5;1;BMW;WD71-02;335 / / d AUT.;Nemcija;DEU;osebni avtomobil;250;kupe;335
210;1720;7.7;1;BMW;VS91-02;335 / TOURING / d AUT.;Nemcija;DEU;osebni avtomobil;250;karavan;335
210;1950;7.8;1;BMW;PD71-AL;X3 / 3.0 / sd AUT.;Nemcija;DEU;osebni avtomobil;240;karavan;X3 
210;2433;8.1;1;AUDI;XDPXAQ2-QA8QA8D5019R121B214BIAEM1S5FLD2;Q7 / 3.0 / TDI Q AUT.;Nemcija;DEU;osebni avtomobil;241;karavan;Q7 
210;2185;8.2;1;AUDI;XDHXAQ2-QA8QA8D5019RT41B214BFAEM1S5FL;Q7 / 3.0 / TDI Q AUT.;Nemcija;DEU;osebni avtomobil;241;karavan;Q7 
210;2185;8.2;1;BMW;FF01-AB;X5 / 3.0 / sd AUT.;Nemcija;DEU;osebni avtomobil;235;karavan;X5 
210;2185;8.2;1;BMW;FF01-HA;X5 / xDrive 35 / d AUT.;Nemcija;DEU;osebni avtomobil;210;karavan;X5 
210;2110;8.2;1;BMW;FF-01;X5 / 3.0 / D;Nemcija;DEU;osebni avtomobil;235;karavan;X5 
210;2070;8.2;1;VOLKSWAGEN;ACDENA1-QA8QA8D5019G1BAVR67CPB1B;TOUAREG / 3.0 / TDI 4M AUT.;Nemcija;DEU;osebni avtomobil;235;karavan;TOUAREG 
210;2417;8.3;1;AUDI;XDPXAQ2-QA8QA8D5019R141C224BIBEM1S5FLD2;Q7 / 3.0 / TDI Q AUT.;Nemcija;DEU;osebni avtomobil;241;karavan;Q7 
210;2185;8.3;1;BMW;FG01-GA;X6 / xDrive 35 / d AUT.;Nemcija;DEU;osebni avtomobil;236;karavan;X6 
210;2070;8.3;1;VOLKSWAGEN;ACDENA1-QA8QA8D5019G1BKVR67CPB1B;TOUAREG / 3.0 / TDI 4M AUT.;Nemcija;DEU;osebni avtomobil;238;karavan;TOUAREG 
210;2479;8.4;1;AUDI;XDPXAQ2-QA8QA8D5019R141C224BIBEM1S7FLD2;Q7 / 3.0 / TDI Q AUT.;Nemcija;DEU;osebni avtomobil;241;karavan;Q7 
210;2350;8.4;1;AUDI;SDPXAQ1-QA8QA8D5020RT11C224BIBEM1S5FLD2;Q8 / 3.0 / TDI Q AUT.;Nemcija;DEU;osebni avtomobil;241;vozilo z dviûnimi vrati zadaj;Q8 
210;2294;8.4;1;VOLKSWAGEN;ACDPYD1-QA8QA8D5019G1BKVR64BIA1B;TOUAREG / 3.0 / TDI 4M AUT.;Nemcija;DEU;osebni avtomobil;238;karavan;TOUAREG 
210;2070;8.4;1;VOLKSWAGEN;ACDENA2-QA8QA8D5019G1BKVR67CPB1B;TOUAREG / 3.0 / TDI 4M AUT.;Nemcija;DEU;osebni avtomobil;238;karavan;TOUAREG 
210;2422;8.5;1;AUDI;SDPXAQ1-QA8QA8D5020RT11C214BIBEM1S5FLD2;Q8 / 3.0 / TDI Q AUT.;Nemcija;DEU;osebni avtomobil;241;vozilo z dviûnimi vrati zadaj;Q8 
210;2421;8.5;1;AUDI;SDPXAQ2-QA8QA8D5020RT11C224BIBEM1S5FLD2;Q8 / 3.0 / TDI Q AUT.;Nemcija;DEU;osebni avtomobil;241;vozilo z dviûnimi vrati zadaj;Q8 
210;2411;8.5;1;AUDI;SDPXAQ2-QA8QA8D5020RT11C234BIBEM1S5FLD2;Q8 / 3.0 / TDI Q AUT.;Nemcija;DEU;osebni avtomobil;241;vozilo z dviûnimi vrati zadaj;Q8 
210;2393;8.5;1;AUDI;SDPXAQ1-QA8QA8D5020RT11C224BIBEM1S5FLD2;Q8 / 3.0 / TDI Q AUT.;Nemcija;DEU;osebni avtomobil;241;vozilo z dviûnimi vrati zadaj;Q8 
210;2230;8.5;1;AUDI;SDHXAQ1-QA8QA8D5020RT11C217CPBEM1S5FL;Q8 / 3.0 / TDI Q AUT.;Nemcija;DEU;osebni avtomobil;245;vozilo z dviûnimi vrati zadaj;Q8 
210;2185;8.5;1;AUDI;XDHXAQ2-QA8QA8D5019RT41C214BFBEM1S5FL;Q7 / 3.0 / TDI Q AUT.;Nemcija;DEU;osebni avtomobil;241;karavan;Q7 
210;2145;8.5;1;AUDI;XDHXAQ1-QA8QA8D5019RT41C217CPBEM1S5FL;Q7 / 3.0 / TDI Q AUT.;Nemcija;DEU;osebni avtomobil;241;karavan;Q7 
210;2360;8.5;1;VOLKSWAGEN;ACDPYD2-QA8QA8D5019G1BKVR64BIB1B;TOUAREG / 3.0 / TDI 4M AUT.;Nemcija;DEU;osebni avtomobil;238;karavan;TOUAREG 
210;2070;8.5;1;VOLKSWAGEN;ACDENA2-QA8QA8D5019G1BKVR64BFB1B;TOUAREG / 3.0 / TDI 4M AUT.;Nemcija;DEU;osebni avtomobil;238;karavan;TOUAREG 
210;2429;8.6;1;AUDI;SDPXAQ2-QA8QA8D5020RT11C224BIBEM1S5FLD2;Q8 / 3.0 / TDI Q AUT.;Nemcija;DEU;osebni avtomobil;241;vozilo z dviûnimi vrati zadaj;Q8 
210;2230;8.6;1;AUDI;SDHXAQ2-QA8QA8D5020RT11C227CPBEM1S5FL;Q8 / 3.0 / TDI Q AUT.;Nemcija;DEU;osebni avtomobil;245;vozilo z dviûnimi vrati zadaj;Q8 
210;2185;8.6;1;AUDI;XDHXAQ2-QA8QA8D5019RT61C224BFBEM1S5FL;Q7 / 3.0 / TDI Q AUT.;Nemcija;DEU;osebni avtomobil;241;karavan;Q7 
210;1950;8.6;1;BMW;PD71-02;X3 / 3.0 / sd AUT.;Nemcija;DEU;osebni avtomobil;240;limuzina;X3 
210;2070;8.6;1;VOLKSWAGEN;ACDENA2-QA8QA8D5019G1BKVR64BFB1B;TOUAREG / 3.0 / TDI 4M AUT.;Nemcija;DEU;osebni avtomobil;238;karavan;TOUAREG 
210;2245;8.7;1;AUDI;SDPXAQ2-QA8QA8D5020RT11C224BIBEM1S5FLD2;Q8 / 3.0 / TDI Q AUT.;Nemcija;DEU;osebni avtomobil;241;vozilo z dviûnimi vrati zadaj;Q8 
210;2240;8.7;1;AUDI;XDHXAQ2-QA8QA8D5019RT41C214BFBEM1S7FL;Q7 / 3.0 / TDI Q AUT.;Nemcija;DEU;osebni avtomobil;241;karavan;Q7 
210;2230;8.7;1;AUDI;SDHXAQ2-QA8QA8D5020RT11C227CPBEM1S5FL;Q8 / 3.0 / TDI Q AUT.;Nemcija;DEU;osebni avtomobil;245;vozilo z dviûnimi vrati zadaj;Q8 
210;2210;8.7;1;AUDI;XDHXAQ1-QA8QA8D5019RT61C227CPBEM1S7FL;Q7 / 3.0 / TDI Q AUT.;Nemcija;DEU;osebni avtomobil;241;karavan;Q7 
210;2185;8.7;1;AUDI;XDHXAQ1-QA8QA8D5019RT61C224BFBEM1S5FL;Q7 / 3.0 / TDI Q AUT.;Nemcija;DEU;osebni avtomobil;241;karavan;Q7 
210;1950;8.7;1;BMW;PD71-02;X3 / 3.0 / sd AUT.;Nemcija;DEU;osebni avtomobil;240;karavan;X3 
210;1950;8.7;1;BMW;PD71-02;X3 / 3.0 / sd AUT.;Nemcija;DEU;osebni avtomobil;240;limuzina;X3 
210;2230;8.8;1;AUDI;SDHXAQ2-QA8QA8D5020RT11C224BFBEM1S5FL;Q8 / 3.0 / TDI Q AUT.;Nemcija;DEU;osebni avtomobil;245;vozilo z dviûnimi vrati zadaj;Q8 
210;2485;9.2;1;MERCEDES BENZ;B721T1-CZAAD7NA;GLS / 350 / d 4-MATIC AUT.;Nemcija;DEU;osebni avtomobil;227;karavan;GLS 
210;1570;9.6;1;BMW;WD-71;335 / D;Nemcija;DEU;osebni avtomobil;247;kupe;335
213;2425;12.9;0;PORSCHE;9PAEK22-01;CAYENNE / / AUT.;Nemcija;DEU;osebni avtomobil;227;karavan;CAYENNE 
213;1466;6.6;0;SEAT;FCJXHX0V-FD6SFD6D90137MMMLM572;LEON ST / 2.0 / TSI AUT.;äpanija;ESP;osebni avtomobil;250;karavan;LEON ST 
213;1421;6.6;0;SEAT;BCJXHX0V-FD6RFD6D90137MMMLM574;LEON / 2.0 / TSI AUT.;äpanija;ESP;osebni avtomobil;250;karavan;LEON 
213;1395;6.7;0;SEAT;BCJXHX0V-FM6SFM62Q0387MMMLM572;LEON / 2.0 / TSI;äpanija;ESP;osebni avtomobil;250;karavan;LEON 
213;1431;7.3;0;SEAT;BDNUCX0V-FD7SFD7GC0014BFMLM51CAA;LEON / 2.0 / TSI AUT.;äpanija;ESP;osebni avtomobil;250;karavan;LEON 
213;1476;7.4;0;SEAT;FDNUCX0V-FD7SFD7GC0017CSMLM51CA;LEON ST / 2.0 / TSI AUT.;äpanija;ESP;osebni avtomobil;250;karavan;LEON ST 
213;1430;7.7;0;VOLKSWAGEN;GAC4DNUCX0-FD7FD7GC001O7CSMR2ML1CVR2NA;GOLF / 2.0 / GTI AUT.;Nemcija;DEU;osebni avtomobil;260;karavan;GOLF 
213.3;1747;8.7;0;FORD;LAE-N38H2AX-4EEBZNAAGDD;MUSTANG / 2.3 / EB A10 kupe;Nemcija;DEU;osebni avtomobil;233;kupe;MUSTANG 
213.3;1747;8.9;0;FORD;LAE-N38H2AX-4EEBZNAAGDD;MUSTANG / 2.3 / EB A10 kupe;Nemcija;DEU;osebni avtomobil;233;kupe;MUSTANG 
213.3;1775;9.1;0;FORD;LAE-N38H2AX-4HFBZNAAHDD;MUSTANG / 2.3 / EB M6 kupe;Zdruûene drûave;USA;osebni avtomobil;233;kupe;MUSTANG 
213.3;1747;9.2;0;FORD;LAE-N38H2AX-4EEBZNAAGDD;MUSTANG / 2.3 / EB A10 kupe;Nemcija;DEU;osebni avtomobil;233;kupe;MUSTANG 
215;1961;6.1;0;LEXUS;GWL10L-BEXQBW(2A);GS450h / 3.5 / CVT V6;Japonska ;JPN;osebni avtomobil;250;limuzina;GS450h 
215;1914;6.1;0;LEXUS;GWL10L-BEXQBW(2J);GS450h / 3.5 / CVT V6;Japonska ;JPN;osebni avtomobil;250;limuzina;GS450h 
215;2249;7.5;1;LAND ROVER;LWS5CF2F-A7B1;RANGE ROVER SPORT / 3.0 / SDV6 AUT.;Zdruûeno kraljestvo;GBR;osebni avtomobil;210;karavan;RANGE ROVER SPORT 
215;2183;7.5;1;LAND ROVER;LWS5CF2F-A5A2;RANGE ROVER SPORT / 3.0 / SDV6 AUT.;Zdruûeno kraljestvo;GBR;osebni avtomobil;222;karavan;RANGE ROVER SPORT 
215;2183;7.5;1;LAND ROVER;LWS5CF2F-A5A1;RANGE ROVER SPORT / 3.0 / SDV6 AUT.;Zdruûeno kraljestvo;GBR;osebni avtomobil;210;karavan;RANGE ROVER SPORT 
215;1670;8.7;0;MERCEDES BENZ;207L357M0-NZAAA402;E / 350 / CGI AUT.;Nemcija;DEU;osebni avtomobil;250;kupe;E 
215;1735;9.1;0;MERCEDES BENZ;E357K0-NIAAA410;CLS / 350 / CGI AUT.;Nemcija;DEU;osebni avtomobil;250;limuzina;CLS 
216;1810;12.9;0;JAGUAR;QDV-LAC2;XK8 / CONVERTIBLE;Zdruûeno kraljestvo;GBR;osebni avtomobil;250;kabriolet;XK8 
217;1635;10.2;0;MITSUBISHI;CZ421-AAAAA5A5A;LANCER EVOLUTION / 2.0 /;Japonska ;JPN;osebni avtomobil;240;limuzina;LANCER EVOLUTION 
217;1665;10.5;0;MITSUBISHI;CZ421-ABAAB6A5A;LANCER EVOLUTION / 2.0 / AUT.;Japonska ;JPN;osebni avtomobil;242;limuzina;LANCER EVOLUTION 
217;1415;10.6;0;PORSCHE;CQ11-A1;CAYMAN / S /;Nemcija;DEU;osebni avtomobil;275;kupe;CAYMAN 
217;1947;11.6;0;HONDA;KB22-2;LEGEND / 3.7 / i;Japonska ;JPN;osebni avtomobil;250;limuzina;LEGEND 
217;1934;11.9;0;HONDA;KB11-2;LEGEND / 3.5 / i;Japonska ;JPN;osebni avtomobil;250;limuzina;LEGEND 
217;1920;11.9;0;HONDA;KB11-2;LEGEND / 3.5 / i AUT.;Japonska ;JPN;osebni avtomobil;250;limuzina;LEGEND 
217;1540;12.6;0;MITSUBISHI;CZ4A;LANCER EVOLUTION X / 2.0 /;Japonska ;JPN;osebni avtomobil;250;limuzina;LANCER EVOLUTION X 
218;1935;7.6;0;LEXUS;GWS191L-BEXQHW(1F);GS450h / 3.5 / AUT. V6;Japonska ;JPN;osebni avtomobil;240;limuzina;GS450h 
218;1940;7.9;0;LEXUS;GWS191L-BEXQHW(1B);LEXUS GS450H / 3.5 / AUT. V6;Japonska ;JPN;osebni avtomobil;250;limuzina;LEXUS GS450H 
218;1900;7.9;0;LEXUS;HS19;GS / 450 / H;Japonska ;JPN;osebni avtomobil;250;limuzina;GS 
219;1790;11.1;0;JAGUAR;CC9-X250-B501;JAGUAR XF / 4.2 / V8;Zdruûeno kraljestvo;GBR;osebni avtomobil;250;limuzina;JAGUAR XF 
219;1735;11.3;0;JAGUAR;QQ6KJ-402;XK8 / CABRIOLET 4.2 / AUT.;Zdruûeno kraljestvo;GBR;osebni avtomobil;250;kabriolet;XK8 
219;1720;11.3;0;JAGUAR;QQ6KK-401;XK / COUPE / 4.2 / V8 AUT.;Zdruûeno kraljestvo;GBR;osebni avtomobil;250;kupe;XK 
219;1720;11.3;0;JAGUAR;QQ6-KK-401;JAGUAR XK / 4.2 / COUPE;Zdruûeno kraljestvo;GBR;osebni avtomobil;250;kupe;JAGUAR XK 
219;1725;11.5;0;JAGUAR;CCXVAB2-5KKKK;S / TYPE / 4.2 / V8;Zdruûeno kraljestvo;GBR;osebni avtomobil;249;limuzina;S 
220;1822;10.5;0;VOLKSWAGEN;ACBWSX1-AA6AD62E073R20GGS;PASSAT / VARIANT R36 / FSI 4M AUT.;Nemcija;DEU;osebni avtomobil;250;karavan;PASSAT 
220;1810;10.9;0;VOLVO;RH52Y8;S60 / 2.5 / T R AWD;ävedska;SWE;osebni avtomobil;250;limuzina;S60 
220;1750;13.4;0;AUDI;LABZQ1-QA5L00R07S;A8 / 4.2 / Q AUT.;Nemcija;DEU;osebni avtomobil;250;limuzina;A8 
220;1825;6.1;1;BMW;FW71-5B;535 / / d AUT.;Nemcija;DEU;osebni avtomobil;250;limuzina;535
220;1915;6.3;1;BMW;MX71-5B;535 / TOURING / D AUT.;Nemcija;DEU;osebni avtomobil;250;karavan;535
220;2080;6.4;0;LEXUS;Z10(EU.M)/GWZ100(CA)/GWZ100L-ACVBBW(1A);LC500H / 3.5 / CVT;Japonska ;JPN;osebni avtomobil;250;kupe;LC500H 
220;2045;6.7;1;BMW;SN81-5B;535 / GT / d AUT.;Nemcija;DEU;osebni avtomobil;250;limuzina;535
220;1440;6.9;0;PORSCHE;KA12-21;BOXSTER / / AUT.;Nemcija;DEU;osebni avtomobil;275;kabriolet;BOXSTER 
220;1440;6.9;0;PORSCHE;CA12-21;CAYMAN / / AUT.;Nemcija;DEU;osebni avtomobil;275;kupe;CAYMAN 
220;2110;7.1;1;BMW;SP81-5B;535 / GT / d xDrive AUT.;Nemcija;DEU;osebni avtomobil;250;limuzina;535
220;2455;7.1;0;LEXUS;F5(EU.M)/GVF55(E)/GVF55L-AEVGHW(3A);LS500h / 3.5 / V6 hibrid 4WD;Japonska ;JPN;osebni avtomobil;250;limuzina;LS500h 
220;1765;7.1;0;MERCEDES BENZ;E385T0-CZAA051A;CLS / 350 / AUT.;Nemcija;DEU;osebni avtomobil;250;limuzina;CLS 
220;1410;7.4;0;PORSCHE;CA11-01;CAYMAN / /;Nemcija;DEU;osebni avtomobil;275;kupe;CAYMAN 
220;1865;8.2;0;AUDI;ACGWBQ1-QD7B5037R4G72S57MGEM2;A6 / AVANT 3.0 / TFSI Q AUT.;Nemcija;DEU;osebni avtomobil;250;karavan;A6 
220;1860;8.2;0;AUDI;SCGWBQ1-QD7B5037R4G70S57MGEM2;A7 / 3.0 / TFSI Q AUT.;Nemcija;DEU;osebni avtomobil;250;vozilo z dviûnimi vrati zadaj;A7 
220;1440;8.3;0;PORSCHE;CA12-32;CAYMAN / /;Nemcija;DEU;osebni avtomobil;275;kupe;CAYMAN 
220;1765;8.4;0;MERCEDES BENZ;E385T0-CZAA050A;CLS / 350 / AUT.;Nemcija;DEU;osebni avtomobil;250;limuzina;CLS 
220;1712;9.5;0;VOLKSWAGEN;AABWSX1-AD6AD62E079ST7MGVR05;PASSAT CC / 3.6 / FSI 4M AUT.;Nemcija;DEU;osebni avtomobil;250;limuzina;PASSAT CC 
220;1895;9.6;0;PORSCHE;GA22-03;PANAMERA 4 / / AUT.;Nemcija;DEU;osebni avtomobil;257;vozilo z dviûnimi vrati zadaj;PANAMERA 4 
220;1790;9.9;0;BMW;8/E;850 // iA;Nemcija;DEU;osebni avtomobil;250;kupe;850
221;1580;10.3;0;SUBARU;GRF-0E0;IMPREZA / WAGON STI / AWD;Japonska ;JPN;osebni avtomobil;250;karavan;IMPREZA 
221;1582;10.4;0;SUBARU;VAF-M3L;WRX / / STI W AWD;Japonska ;JPN;osebni avtomobil;255;limuzina;WRX 
221;1597;11.2;0;SUBARU;VAF-M4L;WRX / / STI W AWD;Japonska ;JPN;osebni avtomobil;255;limuzina;WRX 
221;1705;11.7;0;NISSAN;Z33-B02;350Z / ROADSTER 3.5 /;Japonska ;JPN;osebni avtomobil;250;kabriolet;350Z 
221;1610;11.7;0;NISSAN;Z33-A02;350Z / 3.5 /;Japonska ;JPN;osebni avtomobil;250;kupe;350Z 
221;1395;11.8;0;PORSCHE;996CA11-02;911 / CARRERA;Nemcija;DEU;osebni avtomobil;280;kupe;911
221;1495;12.4;0;PORSCHE;996CE22-02;911 CARRERA 4 / AUT.;Nemcija;DEU;osebni avtomobil;275;kupe;911 CARRERA 4 
221;1420;12.9;0;PORSCHE;996-CB22;911 / CARRERA 4;Nemcija;DEU;osebni avtomobil;285;kupe;911
221;2654;3.3;0;LAND ROVER;LG-S5SS2L-D5OBA;RANGE ROVER / 2.0 / PHEV SWB 4WD AUT.;Zdruûeno kraljestvo;GBR;osebni avtomobil;220;karavan;RANGE ROVER 
221;1733;4.3;1;OPEL;DM11-4A09C1ADGKS5;INSIGNIA / 2.0 / DT 16V;Nemcija;DEU;osebni avtomobil;221;vecnamensko vozilo;INSIGNIA 
221;1828;5.5;1;JAGUAR;JB-C-501;JAGUAR XF / 3.0 / TDV6 RWD AUT.;Zdruûeno kraljestvo;GBR;osebni avtomobil;250;limuzina;JAGUAR XF 
221;2026;5.7;1;JAGUAR;NNA-X351-C512;JAGUAR XJ / 3.0 / V6d / LWB AUT.;Zdruûeno kraljestvo;GBR;osebni avtomobil;250;limuzina;JAGUAR XJ 
221;2029;6.4;1;LAND ROVER;LY-S5CC2F-A5C1;RANGE ROVER VELAR / 3.0 / D300 AWD AUT.;Zdruûeno kraljestvo;GBR;osebni avtomobil;241;karavan;RANGE ROVER VELAR 
221;1975;6.4;1;PORSCHE;GS12-03;PANAMERA DIESEL / / AUT.;Nemcija;DEU;osebni avtomobil;259;vozilo z dviûnimi vrati zadaj;PANAMERA DIESEL 
221;1395;6.7;0;SEAT;CCJXCX0V-FD6SFD6D90137MMMLM572;LEON SC / 2.0 / TSI AUT.;äpanija;ESP;osebni avtomobil;250;karavan;LEON SC 
221;1466;6.8;0;SEAT;FCJXCX0V-FD6SFD6D90137MMMLM572;LEON ST / 2.0 / TSI AUT.;äpanija;ESP;osebni avtomobil;250;karavan;LEON ST 
221;1421;6.8;0;SEAT;BCJXCX0V-FD6SFD6D90137MMMLM572;LEON / 2.0 / TSI AUT.;äpanija;ESP;osebni avtomobil;250;karavan;LEON 
221;1530;6.9;0;AUDI;SCJXCQ1-QD6D9006R8V817MMEM1;S3 / 2.0 / TFSI Q AUT.;Nemcija;DEU;osebni avtomobil;250;vozilo z dviûnimi vrati zadaj;S3 
221;1479;6.9;0;SEAT;BCJXCX0V-FD6TFD6D90137MMMLM586;LEON / 2.0 / TSI AUT.;äpanija;ESP;osebni avtomobil;250;karavan;LEON 
221;1395;6.9;0;SEAT;BCJXCX0V-FM6SFM62Q0387MMMLM572;LEON / 2.0 / TSI;äpanija;ESP;osebni avtomobil;250;karavan;LEON 
221;1505;6.9;0;VOLKSWAGEN;GAC4CJXCX1-AD6AD6D9006R7MMOR2ML00VR2;GOLF / 2.0 / TSI 4M AUT.;Nemcija;DEU;osebni avtomobil;250;karavan;GOLF 
221;1495;6.9;0;VOLKSWAGEN;GAC2CJXCX1-AD6AD6D9006R7MMOR1ML00VR2;GOLF / 2.0 / TSI 4M AUT.;Nemcija;DEU;osebni avtomobil;250;karavan;GOLF 
221;1486;7.1;0;VOLKSWAGEN;GAC4CJXCX1-AM6AM6FB002R7MMOR1ML00VR2;GOLF / 2.0 / TSI 4M;Nemcija;DEU;osebni avtomobil;250;karavan;GOLF 
221;1545;7.2;0;SEAT;FCJXCX1V-AD6SAD6D90167MMMLM572;LEON ST / 2.0 / TSI 4WD AUT.;äpanija;ESP;osebni avtomobil;250;karavan;LEON ST 
221;1554;7.6;0;CUPRA;CBDNFCX0-FD7CFD7GC0014BIML1CBF;LEON / 2.0 / TSI AUT.;äpanija;ESP;osebni avtomobil;250;karavan;LEON 
221;1557;7.8;0;SEAT;FDNUEX1V-AD7SAD7GC0014BFMLM51CA;LEON ST / 2.0 / TSI 4WD AUT.;äpanija;ESP;osebni avtomobil;250;karavan;LEON ST 
221;2164;7.9;1;LAND ROVER;LY-HUCDC0-50AB000;RANGE ROVER VELAR / 3.0 / D300 MHEV AWD AUT.;Zdruûeno kraljestvo;GBR;osebni avtomobil;230;karavan;RANGE ROVER VELAR 
221;1524;8.1;0;RENAULT;RFBBF4M86TB0RS0100;MEGANE / 1.8 / 16V;Francija;FRA;osebni avtomobil;260;vozilo z dviûnimi vrati zadaj;MEGANE 
221;1394;8.1;0;RENAULT;RFBBF2M86TB0N00100;MEGANE / 1.8 / 16V;Francija;FRA;osebni avtomobil;255;vozilo z dviûnimi vrati zadaj;MEGANE 
221;1529;8.2;0;RENAULT;RFBBF4M86TB0RS0100;MEGANE / 1.8 / 16V;Francija;FRA;osebni avtomobil;260;vozilo z dviûnimi vrati zadaj;MEGANE 
221;1519;8.2;0;RENAULT;RFBBF4M86TA0200100;MEGANE / 1.8 / 16V;Francija;FRA;osebni avtomobil;259;vozilo z dviûnimi vrati zadaj;MEGANE 
221;1513;8.2;0;RENAULT;RFBBF4M86TA0X00100;MEGANE / 1.8 / 16V;Francija;FRA;osebni avtomobil;260;vozilo z dviûnimi vrati zadaj;MEGANE 
221;1551;8.4;0;RENAULT;RFBBF4M8ATA0Z00100;MEGANE / 1.8 / 16V AUT.;Francija;FRA;osebni avtomobil;255;vozilo z dviûnimi vrati zadaj;MEGANE 
221;1543;8.4;0;RENAULT;RFBBF4M8ATA0V00100;MEGANE / 1.8 / 16V AUT.;Francija;FRA;osebni avtomobil;259;vozilo z dviûnimi vrati zadaj;MEGANE 
221;1615;8.4;0;SEAT;XDNUEX1-AD7CAD7GC0067CSML1C19A;ATECA / 2.0 / TSI 4WD AUT.;äpanija;ESP;osebni avtomobil;245;karavan;ATECA 
221;1557;8.4;0;SEAT;FDNUEX1V-AD7SAD7GC0017CSMLM51CA;LEON ST / 2.0 / TSI 4WD AUT.;äpanija;ESP;osebni avtomobil;250;karavan;LEON ST 
221;1562;8.5;0;RENAULT;RFBBF4M8ATB0SS0100;MEGANE / 1.8 / 16V AUT.;Francija;FRA;osebni avtomobil;255;vozilo z dviûnimi vrati zadaj;MEGANE 
221;1555;8.5;0;RENAULT;RFBBF4M8ATB0ST0100;MEGANE / 1.8 / 16V AUT.;Francija;FRA;osebni avtomobil;255;vozilo z dviûnimi vrati zadaj;MEGANE 
221;1708;9.2;0;JAGUAR;QQ6-I-203;JAGUAR F-TYPE / CONVERTIBLE 2.0 / i4 RWD AUT.;Zdruûeno kraljestvo;GBR;osebni avtomobil;250;kabriolet;JAGUAR F-TYPE 
221;1285;9.5;0;SUBARU;GD-7;IMPREZA / WRX;Japonska ;JPN;osebni avtomobil;188;limuzina;IMPREZA 
223;1470;10.6;0;PORSCHE;KR11-A1;BOXSTER / S /;Nemcija;DEU;osebni avtomobil;274;kabriolet;BOXSTER 
223;2329;2.3;0;VOLVO;LLFBM-LFBMUD0;XC90 T8 TWIN ENGINE / 2.0 / T / AUT. AWD;ävedska;SWE;osebni avtomobil;230;vecnamensko vozilo;XC90 T8 TWIN ENGINE 
223;2161;2.3;0;VOLVO;UUZBM-UZBMTD0;XC60 T8 TWIN ENGINE / 2.0 / T / AUT. AWD;ävedska;SWE;osebni avtomobil;230;karavan;XC60 T8 TWIN ENGINE 
223;2329;2.4;0;VOLVO;LLFBM-LFBMTD0;XC90 T8 TWIN ENGINE / 2.0 / T / AUT. AWD;ävedska;SWE;osebni avtomobil;230;vecnamensko vozilo;XC90 T8 TWIN ENGINE 
223;2139;2.4;0;VOLVO;UUZBM-UZBMTD0;XC60 T8 TWIN ENGINE / 2.0 / T / AUT. AWD;ävedska;SWE;osebni avtomobil;230;karavan;XC60 T8 TWIN ENGINE 
223;2020;20.3;0;FORD;FAIRLANE;FAIRLANE 500 / SKYLINER;Zdruûene drûave;USA;osebni avtomobil;188;kabriolet;FAIRLANE 500 
223;2139;3.5;0;VOLVO;UUZBM-UZBMTD;XC60 T8 TWIN ENGINE / 2.0 / T / AUT. AWD;ävedska;SWE;osebni avtomobil;230;karavan;XC60 T8 TWIN ENGINE 
224;1600;11.8;0;FORD;HT82H;MUSTANG GT /;Zdruûene drûave;USA;osebni avtomobil;240;kupe;MUSTANG GT 
224;1750;12.6;0;FORD;S197-F1;MUSTANG / 4.6 / GT;Zdruûene drûave;USA;osebni avtomobil;240;kupe;MUSTANG 
224;1650;12.6;0;FORD;S197-F1;MUSTANG / 4.6 / GT;Zdruûene drûave;USA;osebni avtomobil;238;kupe;MUSTANG 
224;1650;13.1;0;FORD;HT82;MUSTANG / 4.6 / GT;Zdruûene drûave;USA;osebni avtomobil;240;kupe;MUSTANG 
224;1650;13.1;0;FORD;S197-F1;MUSTANG / 4.6 / GT;Zdruûene drûave;USA;osebni avtomobil;217;kupe;MUSTANG 
224;1467;9.4;0;FORD;DA3JZDA1G-4HKGNL;FOCUS / 2.5 / RS;Nemcija;DEU;osebni avtomobil;263;vozilo z dviûnimi vrati zadaj;FOCUS 
224;1467;9.4;0;FORD;DA3JZDA1G-4HKGNL;FOCUS / 2.5 / RS;Nemcija;DEU;osebni avtomobil;250;vozilo z dviûnimi vrati zadaj;FOCUS 
225;2315;10.6;1;MERCEDES BENZ;B229K1-NZAAA500;ML / 420 / 4-MATIC CDI AUT.;Nemcija;DEU;osebni avtomobil;235;karavan;ML 
225;2145;10.9;0;BMW;FG41-AB;X6 / xDrive 35 / i AUT.;Nemcija;DEU;osebni avtomobil;240;karavan;X6 
225;2315;11.1;1;MERCEDES BENZ;B229K1-NZAAA500;ML / 420 / 4-MATIC CDI AUT.;Nemcija;DEU;osebni avtomobil;235;karavan;ML 
225;2315;11.3;1;MERCEDES BENZ;B229K1-NZAAA511;ML / 420 / 4-MATIC CDI AUT.;Nemcija;DEU;osebni avtomobil;235;karavan;ML 
225;1885;11.4;0;MERCEDES BENZ;215.375/P375F0-NDBBA400;CL / 500 / AUT.;Nemcija;DEU;osebni avtomobil;250;kupe;CL 
225;2585;11.6;1;MERCEDES BENZ;164GB729K1-N3AAA700;GL / 420 / CDI AUT.;Nemcija;DEU;osebni avtomobil;230;karavan;GL 
225;2510;11.6;1;MERCEDES BENZ;164-G;GL / 420 / CDI;Nemcija;DEU;osebni avtomobil;230;karavan;GL 
225;2505;11.6;1;MERCEDES BENZ;164-729;GL / 420 / CDI;Nemcija;DEU;osebni avtomobil;230;karavan;GL 
225;2585;11.8;1;MERCEDES BENZ;B729K1-N3AAA701;GL / 420 / 4-MATIC CDI AUT.;Nemcija;DEU;osebni avtomobil;230;karavan;GL 
225;1845;12.1;0;MERCEDES BENZ;S475K0-NAAAA200;SL / 500 / AUT.;Nemcija;DEU;osebni avtomobil;250;kabriolet;SL 
225;1715;12.6;0;FORD;S197-F1 MUSTANG;MUSTANG / GT 4.6;Zdruûene drûave;USA;osebni avtomobil;244;kupe;MUSTANG 
225;1845;12.7;0;MERCEDES BENZ;230;SL / 500;Nemcija;DEU;osebni avtomobil;250;kabriolet;SL 
225;1770;12.8;0;MERCEDES BENZ;MB-230;SL / 500;Nemcija;DEU;osebni avtomobil;250;kabriolet;SL 
225;1865;13.4;0;MERCEDES BENZ;215 - P375F0 - SCAAA40;CL / 500;Nemcija;DEU;osebni avtomobil;250;kupe;CL 
225;1600;5.1;0;BMW;7L11-DAW500MG;M135 / / i xDrive AUT.;Nemcija;DEU;osebni avtomobil;250;vozilo z dviûnimi vrati zadaj;M135 
225;1950;6.9;1;BMW;KM81-5B;740 / / d AUT.;Nemcija;DEU;osebni avtomobil;250;limuzina;740
225;1670;7.1;0;MERCEDES BENZ;H2S6M0-NZAAA500;C / 350 T / AUT.;Nemcija;DEU;osebni avtomobil;250;karavan;C 
225;1595;7.2;0;BMW;3A91-5A000;335 / / i AUT.;Nemcija;DEU;osebni avtomobil;250;limuzina;335
225;1685;7.2;0;MERCEDES BENZ;N4S6M0-NZAAA221;SL / 350 / AUT.;Nemcija;DEU;osebni avtomobil;250;kabriolet;SL 
225;1600;7.4;0;BMW;3R11-6A240000;435 / COUPE / i AUT.;Nemcija;DEU;osebni avtomobil;250;kupe;435
225;2185;7.5;1;BMW;FH01-5C;X6 / xDrive 40 / d AUT.;Nemcija;DEU;osebni avtomobil;236;karavan;X6 
225;2185;7.5;1;BMW;ZW61-5B;X5 / xDrive 40 / d AUT.;Nemcija;DEU;osebni avtomobil;236;karavan;X5 
225;1840;7.6;0;BMW;5B31-6A150000;535 / / i xDrive AUT.;Nemcija;DEU;osebni avtomobil;250;limuzina;535
225;1665;7.6;0;BMW;3R51-6A140000;435 / COUPE / i xDrive AUT.;Nemcija;DEU;osebni avtomobil;250;kupe;435
225;2449;7.7;1;LAND ROVER;LR-S5BH2K-A7NA;DISCOVERY / 3.0 / SD6 4WD AUT.;Zdruûeno kraljestvo;GBR;osebni avtomobil;209;karavan;DISCOVERY 
225;1665;7.8;0;BMW;3R51-6A240000;435 / COUPE / i / xDrive AUT.;Nemcija;DEU;osebni avtomobil;250;kupe;435
225;1615;7.8;0;MERCEDES BENZ;3351T1-IZAA150A;AMG CLA / 35 / 4-MATIC AUT.;Nemcija;DEU;osebni avtomobil;250;limuzina;AMG CLA 
225;1725;7.9;0;BMW;4B31-6A250800;435 / i xDrive AUT.;Nemcija;DEU;osebni avtomobil;250;limuzina;435
225;1585;7.9;0;BMW;3A91-6H050000;335 / / i;Nemcija;DEU;osebni avtomobil;250;limuzina;335
225;1840;8.1;0;BMW;FU71-5B;535 / / i xDrive AUT.;Nemcija;DEU;osebni avtomobil;250;limuzina;535
225;1790;8.1;0;BMW;3X91-6A250000;335 / GT / i xDrive AUT.;Nemcija;DEU;osebni avtomobil;250;limuzina;335
225;1615;8.1;0;MERCEDES BENZ;3351T1-IZAA150A;AMG CLA / 35 / 4-MATIC AUT.;Nemcija;DEU;osebni avtomobil;250;limuzina;AMG CLA 
225;1685;8.3;0;BMW;YN11-DAW500LT;X2 / M35 / i AUT.;Nemcija;DEU;osebni avtomobil;250;karavan;X2 
225;1936;8.3;0;INFINITI;V37D-D75;INFINITI Q50S / 3.5i HYBRID / AWD AUT.;ävica;CHE;osebni avtomobil;250;limuzina;INFINITI Q50S 
225;1675;8.4;0;MINI;YZ91-DAW500LT;COUNTRYMAN JCW ALL 4 / / AUT.;Nemcija;DEU;osebni avtomobil;250;karavan;COUNTRYMAN JCW ALL 4 
225;1845;8.5;0;BMW;MU71-5B;535 / TOURING / i AUT.;Nemcija;DEU;osebni avtomobil;250;karavan;535
225;1530;8.5;0;BMW;UC91-5A;135 / COUPE / i;Nemcija;DEU;osebni avtomobil;250;kupe;135
225;1530;8.5;0;BMW;1C;135 I /;Nemcija;DEU;osebni avtomobil;240;kupe;135 I 
225;2100;8.6;0;BMW;KU21-6A250000;X6 / xDrive 35 / i AUT.;Nemcija;DEU;osebni avtomobil;240;limuzina;X6 
225;1615;8.7;0;BMW;WB73;335 / / i AUT.;Nemcija;DEU;osebni avtomobil;250;kupe;335
225;1880;8.8;0;BMW;WX71-5V;X3 / xDrive 35 / i AUT.;Nemcija;DEU;osebni avtomobil;245;karavan;X3 
225;1825;8.8;0;BMW;DX71-5B;335 / CABRIO / I AUT.;Nemcija;DEU;osebni avtomobil;250;kabriolet;335
225;1810;8.8;0;BMW;DX71-5A;335 / CABRIO / i;Nemcija;DEU;osebni avtomobil;250;kabriolet;335
225;1690;8.8;0;BMW;PL51-5A;335 / / i xDrive;Nemcija;DEU;osebni avtomobil;250;limuzina;335
225;2015;8.9;0;BMW;SN21-5B;535 / GT / i AUT.;Nemcija;DEU;osebni avtomobil;250;limuzina;535
225;1755;8.9;0;MERCEDES BENZ;OX51T1-JZAZ050A;AMG / GLB 35 / 4-MATIC AUT.;Nemcija;DEU;osebni avtomobil;250;karavan;AMG 
225;1615;9.2;0;BMW;WB71-AB;335 / / i AUT.;Nemcija;DEU;osebni avtomobil;250;kupe;335
225;2070;9.3;0;BMW;SP21-5A000;535 / GT / i xDrive AUT.;Nemcija;DEU;osebni avtomobil;250;limuzina;535
225;1580;9.4;0;BMW;LM71-5A;Z4 / CABRIO 35 / i sDrive;Nemcija;DEU;osebni avtomobil;250;kabriolet;Z4 
225;1810;9.5;0;BMW;WL71-AA;335 / CABRIO / i;Nemcija;DEU;osebni avtomobil;250;kabriolet;335
225;1615;9.5;0;BMW;392CWB71-02;335 / COUPE / I AUT.;Nemcija;DEU;osebni avtomobil;250;kupe;335
225;1625;9.6;0;BMW;WL7C;335 / CABRIO / I AUT.;Nemcija;DEU;osebni avtomobil;240;kabriolet;335
225;1610;9.6;0;BMW;390LVB71-01;335 / I;Nemcija;DEU;osebni avtomobil;250;limuzina;335
225;1525;9.6;0;BMW;WB-73;335 / / I;Nemcija;DEU;osebni avtomobil;247;kupe;335
225;1825;9.9;0;BMW;WL71-02;335 / CABRIO / i AUT.;Nemcija;DEU;osebni avtomobil;250;kabriolet;335
228;1825;12.1;0;AUDI;D2;A8 / 4.2 / QUATTRO;Nemcija;DEU;osebni avtomobil;250;limuzina;A8 
228;1545;6.4;0;AUDI;LDJHAQ1-QD7QD7GC001P8V467MMEM1K1;S3 / 2.0 / TFSI Q AUT.;Nemcija;DEU;osebni avtomobil;250;limuzina;S3 
228;1545;6.5;0;AUDI;LDJHAQ1-QD7QD7GC001P8V487MMEM1;S3 / 2.0 / TFSI Q AUT.;Nemcija;DEU;osebni avtomobil;250;limuzina;S3 
228;1540;6.5;0;AUDI;SDJHAQ1-QD7QD7GC001P8V377MMEM1;S3 / 2.0 / TFSI Q AUT.;Nemcija;DEU;osebni avtomobil;250;vozilo z dviûnimi vrati zadaj;S3 
228;1540;6.6;0;AUDI;SDJHAQ1-QD7QD7GC001P8V397MMEM1;S3 / 2.0 / TFSI Q AUT.;Nemcija;DEU;osebni avtomobil;250;vozilo z dviûnimi vrati zadaj;S3 
228;1527;7.1;0;VOLKSWAGEN;GAC4DJHAX1-AD7AD7GC001R7MMMR2ML73VR2;GOLF / 2.0 / TSI 4M AUT.;Nemcija;DEU;osebni avtomobil;250;karavan;GOLF 
228;1453;7.3;0;HONDA;FK28-1;CIVIC / 2.0 / TYPE-R;Zdruûeno kraljestvo;GBR;osebni avtomobil;270;vozilo z dviûnimi vrati zadaj;CIVIC 
228;1666;8.1;0;AUDI;SDNFBQ1-QD7AD7GC001RT061C184BIAEM1MLN1B00;S3 / 2.0 / TFSI Q AUT.;Nemcija;DEU;osebni avtomobil;250;vozilo z dviûnimi vrati zadaj;S3 
228;1617;8.1;0;AUDI;SDNFBQ1-QD7AD7GC001RT061C194BIAEM1MLN1B00;S3 / 2.0 / TFSI Q AUT.;Nemcija;DEU;osebni avtomobil;250;vozilo z dviûnimi vrati zadaj;S3 
228;1992;8.1;0;VOLVO;LLFA3-LFA3BC;XC90 / 2.0 / T / AUT. AWD;ävedska;SWE;osebni avtomobil;230;vecnamensko vozilo;XC90 
228;1667;8.2;0;AUDI;SDNFBQ1-QD7AD7GC001RT061C194BIAEM1MLN1B00;S3 / 2.0 / TFSI Q AUT.;Nemcija;DEU;osebni avtomobil;250;vozilo z dviûnimi vrati zadaj;S3 
228;1733;8.4;0;CUPRA;CFDNFBX1-AD7CAD7GC0014BIML1CAF;LEON SP / 2.0 / TSI 4WD AUT.;äpanija;ESP;osebni avtomobil;250;karavan;LEON SP 
228;1678;8.5;0;CUPRA;CXDNFBX1-AD7CAD7GC0064BI1CAC;FORMENTOR / 2.0 / TSI 4WD AUT.;äpanija;ESP;osebni avtomobil;250;karavan;FORMENTOR 
228;1671;8.5;0;CUPRA;CXDNFBX1-AD7RAD7GC0064BI1CAC;FORMENTOR / 2.0 / TSI 4WD AUT.;äpanija;ESP;osebni avtomobil;250;karavan;FORMENTOR 
228;1644;8.5;0;CUPRA;CXDNFBX1-AD7CAD7GC0064BIAC;FORMENTOR / 2.0 / TSI 4WD AUT.;äpanija;ESP;osebni avtomobil;250;karavan;FORMENTOR 
228;1717;8.6;0;CUPRA;CXDNFBX1-AD7CAD7GC0064BI1CAC;FORMENTOR / 2.0 / TSI 4WD AUT.;äpanija;ESP;osebni avtomobil;250;karavan;FORMENTOR 
228;1824;8.6;0;VOLVO;ZZWA3-ZWA3TC;V60 / 2.0 / T / AUT. AWD;ävedska;SWE;osebni avtomobil;250;karavan;V60 
228;1730;8.8;0;AUDI;XCTSAQ1-QD7BH002R8U8R7MJEM2;RS Q3 / 2.5 / TFSI;Nemcija;DEU;osebni avtomobil;250;karavan;RS Q3 
228;1930;8.9;0;AUDI;HCGWDQ1-QD7B5046R4GH1S57MJEM2;A6 ALLROAD QUATTRO / 3.0 / TFSI AUT.;Nemcija;DEU;osebni avtomobil;250;karavan;A6 ALLROAD QUATTRO 
230;2577;11.4;1;VOLKSWAGEN;AJS-AA6AA69F005S5NV;PHAETON / 5.0 / TDI 4M AUT.;Nemcija;DEU;osebni avtomobil;250;limuzina;PHAETON 
230;2559;11.4;1;VOLKSWAGEN;AJS-AA6AA69F005S5NV;PHAETON / 5.0;Nemcija;DEU;osebni avtomobil;250;limuzina;PHAETON 
230;1603;11.7;0;NISSAN;Z33-A02;350Z / 3.5 /;Japonska ;JPN;osebni avtomobil;250;kupe;350Z 
230;2571;12.2;1;VOLKSWAGEN;SEAYHX11-AGAA69D004181BSW0GE;TOUAREG / 5.0 / TDI AUT.;Nemcija;DEU;osebni avtomobil;225;karavan;TOUAREG 
230;2524;12.2;1;VOLKSWAGEN;7L-AYH;TOUAREG / 5.0 / TDI AUT.;Nemcija;DEU;osebni avtomobil;225;karavan;TOUAREG 
230;2760;12.3;1;VOLKSWAGEN;ACAYHX11-AA6AA69D004181BSW0GE;TOUAREG / 5.0;Nemcija;DEU;osebni avtomobil;225;karavan;TOUAREG 
230;2753;12.3;1;VOLKSWAGEN;ACAYHX11-AA6AA69D004181BSW0GE;TOUAREG / 5.0;Nemcija;DEU;osebni avtomobil;225;limuzina;TOUAREG 
230;2740;12.3;1;VOLKSWAGEN;ACAYHX11-AA6AA69D004181BSW0GE;TOUAREG / 5.0 / TDI AUT.;Nemcija;DEU;osebni avtomobil;225;karavan;TOUAREG 
230;2735;12.3;1;VOLKSWAGEN;ACAYHX11-AA6AA69D00418E1BSW0GE;TOUAREG / 5.0;Nemcija;DEU;osebni avtomobil;225;limuzina;TOUAREG 
230;2677;12.3;1;VOLKSWAGEN;7LACAYHX11-AA6AA69D004181BSW0GE;TOUAREG / 5.0 / TDI AUT.;Nemcija;DEU;osebni avtomobil;225;karavan;TOUAREG 
230;2632;12.3;1;VOLKSWAGEN;7L-AYH;TOUAREG / 5.0 / TDI AUT.;Nemcija;DEU;osebni avtomobil;225;karavan;TOUAREG 
230;2677;12.6;1;VOLKSWAGEN;ACBLEX11-AA6AA69D004181BSN7GG;TOUAREG / 5.0 / TDI AUT.;Nemcija;DEU;osebni avtomobil;231;karavan;TOUAREG 
230;2749;12.8;1;VOLKSWAGEN;7L;TOUAREG / 5.0;Nemcija;DEU;osebni avtomobil;225;limuzina;TOUAREG 
230;2660;12.8;1;VOLKSWAGEN;ACBLEX11-AA6AA69D00418E1BSW7GG;TOUAREG / 5.0 / TDI AUT.;Nemcija;DEU;osebni avtomobil;225;karavan;TOUAREG 
230;1865;5.6;1;BMW;6A61-5A200;640 / / d AUT.;Nemcija;DEU;osebni avtomobil;250;limuzina;640
230;1800;5.6;1;BMW;XA71-5A300;535 / / d AUT.;Nemcija;DEU;osebni avtomobil;250;limuzina;535
230;1700;5.6;1;BMW;3S91-6A240000;435 / COUPE / D XDRIVE AUT.;Nemcija;DEU;osebni avtomobil;250;kupe;435
230;1925;5.7;1;BMW;5K51-6A250000;535 / TOURING / d AUT.;Nemcija;DEU;osebni avtomobil;250;karavan;535
230;1870;5.7;1;BMW;XA91-5A100;535 / / D XDRIVE AUT.;Nemcija;DEU;osebni avtomobil;250;limuzina;535
230;1865;5.7;1;BMW;6A61-5A300;640 / / d AUT.;Nemcija;DEU;osebni avtomobil;250;limuzina;640
230;1765;5.7;1;BMW;8L11-6A250800;335 / TOURING / D XDRIVE AUT.;Nemcija;DEU;osebni avtomobil;250;karavan;335
230;1760;5.7;1;BMW;4G11-6A250800;435 / d xDrive AUT.;Nemcija;DEU;osebni avtomobil;250;limuzina;435
230;1915;5.8;1;BMW;5D71-6A250000;535 / / d xDrive AUT.;Nemcija;DEU;osebni avtomobil;250;limuzina;535
230;1870;5.8;1;BMW;YM31-5A340000;640 / COUPE / d xDrive AUT.;Nemcija;DEU;osebni avtomobil;250;kupe;640
230;1925;5.9;1;BMW;4T11-6A240000;435 / CABRIO / d xDrive AUT.;Nemcija;DEU;osebni avtomobil;250;kabriolet;435
230;1900;5.9;1;BMW;XB71-5A300;535 / TOURING / d AUT.;Nemcija;DEU;osebni avtomobil;250;karavan;535
230;1870;5.9;1;BMW;XA91-5A300;535 / / d xDrive AUT.;Nemcija;DEU;osebni avtomobil;250;limuzina;535
230;1970;6.1;1;BMW;XB11-5A200;535 / TOURING / d xDrive AUT.;Nemcija;DEU;osebni avtomobil;250;karavan;535
230;1925;6.1;1;BMW;WY71-5A0V0;X3 / xDrive 35 / d AUT.;Nemcija;DEU;osebni avtomobil;244;karavan;X3 
230;1925;6.1;1;BMW;WY71-5A000;X3 / xDrive 35 / d AUT.;Nemcija;DEU;osebni avtomobil;240;karavan;X3 
230;2185;6.2;1;BMW;KS61-6A150000;X5 / XDRIVE 40 / D AUT.;Nemcija;DEU;osebni avtomobil;236;karavan;X5 
230;2180;6.2;1;BMW;KV41-6A15000A;X6 / xDrive 40 / d AUT.;Nemcija;DEU;osebni avtomobil;240;limuzina;X6 
230;2025;6.2;1;BMW;5K71-6A350000;535 / TOURING / d xDrive AUT.;Nemcija;DEU;osebni avtomobil;250;karavan;535
230;1970;6.2;1;BMW;XB11-5A300;535 / TOURING / D XDRIVE AUT.;Nemcija;DEU;osebni avtomobil;250;karavan;535
230;1930;6.3;1;AUDI;ACGQBQ1-QA8BK021R4G72S57MJEM2;A6 / AVANT 3.0 / TDI Q AUT.;Nemcija;DEU;osebni avtomobil;250;karavan;A6 
230;1925;6.3;1;AUDI;SCGQBQ1-QA8BK021R4G70S47MJEM2;A7 / 3.0 / TDI Q AUT.;Nemcija;DEU;osebni avtomobil;250;vozilo z dviûnimi vrati zadaj;A7 
230;1865;6.3;1;AUDI;LCGQBQ1-QA8BK021R4G72S57MJEM2;A6 / 3.0 / TDI Q AUT.;Nemcija;DEU;osebni avtomobil;250;limuzina;A6 
230;2185;6.3;1;BMW;KS61-6A25000A;X5 / xDrive 40 / d AUT.;Nemcija;DEU;osebni avtomobil;236;karavan;X5 
230;2180;6.3;1;BMW;KV41-6A250000;X6 / xDrive 40 / d AUT.;Nemcija;DEU;osebni avtomobil;240;limuzina;X6 
230;1930;6.4;1;AUDI;ACGQBQ1-QA8BK021R4G72S57MGEM2;A6 / AVANT 3.0 / TDI Q AUT.;Nemcija;DEU;osebni avtomobil;250;karavan;A6 
230;1925;6.4;1;AUDI;SCGQBQ1-QA8BK021R4G7BS57MGEM2;A7 / 3.0 / TDI Q AUT.;Nemcija;DEU;osebni avtomobil;250;vozilo z dviûnimi vrati zadaj;A7 
230;2145;6.4;1;BMW;5N01-6A150000;535 / GT / D XDRIVE AUT.;Nemcija;DEU;osebni avtomobil;250;limuzina;535
230;2115;6.4;1;BMW;XC41-5A000;535 / GT / d xDrive AUT.;Nemcija;DEU;osebni avtomobil;250;limuzina;535
230;1835;6.4;1;MERCEDES BENZ;J02EM0-NZAAA502-;E / 350 / CDI AUT.;Nemcija;DEU;osebni avtomobil;250;limuzina;E 
230;2145;6.6;1;BMW;5N01-6A350000;535 / GT / d xDrive AUT.;Nemcija;DEU;osebni avtomobil;250;limuzina;535
230;1985;6.7;1;AUDI;HCGQBQ1-QA8BK033R4GH1S57MGEM2;A6 ALLROAD QUATTRO / 3.0 / TDI AUT.;Nemcija;DEU;osebni avtomobil;250;karavan;A6 ALLROAD QUATTRO 
230;1995;6.8;1;AUDI;XCGQBQ1-QA8BK001R8R207MJEM1N;SQ5 / 3.0 / TDI Q AUT.;Nemcija;DEU;osebni avtomobil;250;karavan;SQ5 
230;2185;6.9;1;BMW;KS61-6A15000K;X5 / xDrive 40 / d AUT.;Nemcija;DEU;osebni avtomobil;236;karavan;X5 
230;2180;6.9;1;BMW;KV41-6A150000;X6 / xDrive 40 / d AUT.;Nemcija;DEU;osebni avtomobil;240;limuzina;X6 
230;2680;9.4;1;LAND ROVER;S4LT2F-E5F1;RANGE ROVER / 4.4 / TDV8;Zdruûeno kraljestvo;GBR;osebni avtomobil;210;karavan;RANGE ROVER 
232;2111;13.3;0;VOLVO;CM8556;XC90 / 4.4 / AWD AUT.;ävedska;SWE;osebni avtomobil;210;vecnamensko vozilo;XC90 
232;1395;8.8;0;PORSCHE;KN11-01;BOXSTER / S /;Nemcija;DEU;osebni avtomobil;279;kabriolet;BOXSTER 
233.2;1738;11.4;0;FORD;LAE-N38H2AX-4DBBAAQD;MUSTANG / 2.3 / EcoBoost A6 kupe;Nemcija;DEU;osebni avtomobil;233;kupe;MUSTANG 
233.2;1692;9.8;0;FORD;LAE-N38H2AX-4DBBAAQD;MUSTANG / 2.3 / EcoBoost A6 kupe;Nemcija;DEU;osebni avtomobil;233;kupe;MUSTANG 
235;1350;11.1;0;PORSCHE;KF11-05;911 CARRERA / CABRIO /;Nemcija;DEU;osebni avtomobil;285;kabriolet;911 CARRERA 
235;1580;11.3;0;PORSCHE;996KF12-01;911 CARRERA / CABRIO / AUT.;Nemcija;DEU;osebni avtomobil;280;kabriolet;911 CARRERA 
235;1640;11.9;0;PORSCHE;KF22-01;911 CARRERA 4 / CABRIO / AUT.;Nemcija;DEU;osebni avtomobil;280;kabriolet;911 CARRERA 4 
235;1480;12.9;0;PORSCHE;996/CF11-03;911 / CARRERA;Nemcija;DEU;osebni avtomobil;285;kupe;911
235;2195;13.1;0;BMW;X53FB51-06;X5 / 4.4 / I AUT.;Nemcija;DEU;osebni avtomobil;240;limuzina;X5 
235;2367;2.1;0;VOLVO;LLTBA-LTBABD;XC 90 EXCELLENCE / 2.0 / T AUT.;ävedska;SWE;osebni avtomobil;230;vecnamensko vozilo;XC 90 EXCELLENCE 
235;2321;2.1;0;VOLVO;LLFBA-LFBABD;XC90 T8 TWIN ENGINE / 2.0 / T;ävedska;SWE;osebni avtomobil;230;vecnamensko vozilo;XC90 T8 TWIN ENGINE 
235;2280;2.1;0;VOLVO;LLFBA-LFBABD;XC90 T8 Twin Engine / 2.0 / T AUT. AWD;ävedska;SWE;osebni avtomobil;230;vecnamensko vozilo;XC90 T8 Twin Engine 
235;2280;2.1;0;VOLVO;LLFBA-LFBABD;XC 90 T8 TWIN ENGINE / 2.0 / T AUT.;ävedska;SWE;osebni avtomobil;230;vecnamensko vozilo;XC 90 T8 TWIN ENGINE 
235;2118;2.1;0;VOLVO;UUZBA-UZBABD;XC 60 T8 TWIN ENGINE / 2.0 / T AUT.;ävedska;SWE;osebni avtomobil;230;karavan;XC 60 T8 TWIN ENGINE 
235;2115;2.1;0;VOLVO;UUZBA-UZBABD;XC 60 T8 TWIN ENGINE / 2.0 / T AUT. AWD;ävedska;SWE;osebni avtomobil;230;karavan;XC 60 T8 TWIN ENGINE 
235;1935;5.1;1;BMW;7C61-6A250000;740 / / d xDrive AUT.;Nemcija;DEU;osebni avtomobil;250;limuzina;740
235;1975;5.2;1;BMW;7G81-6A240000;740 / / Ld xDrive AUT.;Nemcija;DEU;osebni avtomobil;250;limuzina;740
235;1935;5.3;1;BMW;7C61-6A350000;740 / / D XDRIVE AUT.;Nemcija;DEU;osebni avtomobil;250;limuzina;740
235;1975;5.4;1;BMW;7G81-6A350000;740 / / Ld xDrive AUT.;Nemcija;DEU;osebni avtomobil;250;limuzina;740
235;1825;5.4;1;BMW;JD51-CA2508N0;540 / / d xDrive AUT.;Nemcija;DEU;osebni avtomobil;250;limuzina;540
235;1825;5.6;1;BMW;JD51-CA3507L0;540 / / d xDrive AUT.;Nemcija;DEU;osebni avtomobil;250;limuzina;540
235;1925;5.7;1;BMW;JN71-CA2508N0;540 / TOURING / d xDrive AUT.;Nemcija;DEU;osebni avtomobil;250;karavan;540
235;2280;5.8;0;VOLVO;LLFBA-LFBABD;XC 90 T8 TWIN ENGINE / 2.0 / T AUT.;ävedska;SWE;osebni avtomobil;230;vecnamensko vozilo;XC 90 T8 TWIN ENGINE 
235;2030;5.9;1;BMW;FY21-DAW400B0;840 / CABRIOLET / d xDrive AUT.;Nemcija;DEU;osebni avtomobil;250;kabriolet;840
235;1970;6.1;1;AUDI;SCVUAQ1-QA8BK021R4G9AS57MMEM2;A7 / 3.0 / TDI Q AUT.;Nemcija;DEU;osebni avtomobil;250;vozilo z dviûnimi vrati zadaj;A7 
235;2010;6.17;1;BMW;JW01-DAW50800;640 / GT / d xDrive AUT.;Nemcija;DEU;osebni avtomobil;250;limuzina;640
235;1975;6.2;1;AUDI;ACVUAQ1-QA8BK021P4G03S57MMEM2;A6 / AVANT / 3.0 / TDI Q AUT.;Nemcija;DEU;osebni avtomobil;250;karavan;A6 
235;1970;6.2;1;AUDI;SCVUAQ1-QA8BK021P4G09S57MMEM2;A7 / 3.0 / TDI Q AUT.;Nemcija;DEU;osebni avtomobil;250;vozilo z dviûnimi vrati zadaj;A7 
235;2030;6.2;1;BMW;FY21-DAW40000;840 / CABRIOLET / d xDrive AUT.;Nemcija;DEU;osebni avtomobil;250;kabriolet;840
235;2010;6.2;1;BMW;JW01-CA35080D;640 / GT / d xDrive AUT.;Nemcija;DEU;osebni avtomobil;250;limuzina;640
235;1975;6.3;1;AUDI;ACVUAQ1-QA8QA8BK021P4G04S57MMEM2K1;A6 / AVANT 3.0 / TDI Q AUT.;Nemcija;DEU;osebni avtomobil;250;karavan;A6 
235;1975;6.4;1;AUDI;ACVUAQ1-QA8BK021P4G13S57MMEM2;A6 / AVANT 3.0 / TDI Q AUT.;Nemcija;DEU;osebni avtomobil;250;karavan;A6 
235;2030;6.5;1;AUDI;HCVUAQ1-QA8QA8BK033P4G07S57MMEM2K1;A6 ALLROAD QUATTRO / 3.0 / TDI AUT.;Nemcija;DEU;osebni avtomobil;250;karavan;A6 ALLROAD QUATTRO 
235;1990;7.1;1;BMW;7S61-DAW50000;740 / / d xDrive AUT.;Nemcija;DEU;osebni avtomobil;250;limuzina;740
235;1990;7.2;1;BMW;7S61-DAW50900;740 / / d xDrive AUT.;Nemcija;DEU;osebni avtomobil;250;limuzina;740
235;1905;7.2;1;BMW;BC21-DAW40900;840 / COUPE / d xDrive AUT.;Nemcija;DEU;osebni avtomobil;250;kupe;840
235;1810;7.2;1;BMW;JD51-CAW508N0;540 / / d xDrive AUT.;Nemcija;DEU;osebni avtomobil;250;limuzina;540
235;2000;7.3;1;BMW;GW41-DAW509B0;840 / / D XDRIVE AUT.;Nemcija;DEU;osebni avtomobil;250;limuzina;840
235;1990;7.3;1;BMW;7S61-DAW50900;740 / / d xDrive AUT.;Nemcija;DEU;osebni avtomobil;250;limuzina;740
235;1760;7.4;0;BMW;6H11-6A140000;640 / COUPE / i AUT.;Nemcija;DEU;osebni avtomobil;250;kupe;640
235;2010;7.6;1;BMW;JW01-DAW50800;640 / GT / d xDrive AUT.;Nemcija;DEU;osebni avtomobil;250;limuzina;640
235;2010;7.7;1;BMW;JW01-DAW50800;640 / GT / d xDrive AUT.;Nemcija;DEU;osebni avtomobil;250;limuzina;640
235;1480;7.7;0;HONDA;FC FK801-2;CIVIC / 2.0 / TYPE-R;Japonska ;JPN;osebni avtomobil;272;vozilo z dviûnimi vrati zadaj;CIVIC 
235;1868;7.7;0;VOLVO;PPZA2-PZA2BC;V 90 Cross Country / 2.0 / T AUT. AWD;ävedska;SWE;osebni avtomobil;230;karavan;V 90 Cross Country 
235;1735;7.8;0;BMW;LW31-53;640 / COUPE / i AUT.;Nemcija;DEU;osebni avtomobil;250;kupe;640
235;1590;7.8;0;BMW;1N91-5A005;M135 / / I XDRIVE AUT.;Nemcija;DEU;osebni avtomobil;250;karavan;M135 
235;1915;7.9;0;BMW;LW71-5B;640 / CABRIO / i AUT.;Nemcija;DEU;osebni avtomobil;250;kabriolet;640
235;1480;8.5;0;HONDA;FK FK802-2;CIVIC / 2.0 / TYPE-R;Japonska ;JPN;osebni avtomobil;272;vozilo z dviûnimi vrati zadaj;CIVIC 
235;1480;8.5;0;HONDA;FK FK804-1;CIVIC / 2.0 / TYPE-R;Japonska ;JPN;osebni avtomobil;270;vozilo z dviûnimi vrati zadaj;CIVIC 
235;1470;8.5;0;HONDA;FK FK803-3;CIVIC / 2.0 / TYPE-R;Japonska ;JPN;osebni avtomobil;272;vozilo z dviûnimi vrati zadaj;CIVIC 
235;2090;9.4;1;MERCEDES BENZ;I029K0-NBAAB500;S / 420 / CDI AUT.;Nemcija;DEU;osebni avtomobil;250;limuzina;S 
235;2090;9.6;1;MERCEDES BENZ;221I029K0-NZAAB501;S / 420 CDI AUT;Nemcija;DEU;osebni avtomobil;250;limuzina;S 
235;1430;9.8;0;PORSCHE;KV11-A5;BOXSTER SPYDER / S /;Nemcija;DEU;osebni avtomobil;276;kabriolet;BOXSTER SPYDER 
239;1825;10.6;0;OPEL;DG21-3AAFB7AYBBT5;INSIGNIA / 2.8 / V6 TURBO AWD;Nemcija;DEU;osebni avtomobil;250;vecnamensko vozilo;INSIGNIA 
239;1940;10.9;0;OPEL;FG21-3A16D2BLBBR5;INSIGNIA / CAR. 2.8 / V6 TURBO AWD;Nemcija;DEU;osebni avtomobil;250;vecnamensko vozilo;INSIGNIA 
239;1555;11.2;0;PORSCHE;KA11-01;911 CARRERA / CABRIO /;Nemcija;DEU;osebni avtomobil;285;kabriolet;911 CARRERA 
239;1940;11.7;0;OPEL;FG21-3A16D2BLBBR5;INSIGNIA / CAR. 2.8 / V6 TURBO AWD;Nemcija;DEU;osebni avtomobil;250;karavan;INSIGNIA 
239;1555;12.9;0;PORSCHE;997-CA11;911 / CARRERA;Nemcija;DEU;osebni avtomobil;285;kupe;911
240;2525;11.1;1;AUDI;XBTRQ1-QA69D063R4L907GGS7FL;Q7 / 4.2 / TDI Q AUT.;Nemcija;DEU;osebni avtomobil;236;karavan;Q7 
240;2495;11.1;1;AUDI;XBTRQ1-QA69D063R4L907GGS5FL;Q7 / 4.2 / TDI Q AUT.;Nemcija;DEU;osebni avtomobil;236;karavan;Q7 
240;2000;6.1;1;AUDI;SCVUBQ1-QA8BK021R4G70S57MMEM2;A7 / 3.0 / TDI Q AUT.;Nemcija;DEU;osebni avtomobil;250;vozilo z dviûnimi vrati zadaj;A7 
240;1940;6.2;1;AUDI;LCVUBQ1-QA8BK021P4G06S57MMEM2;A6 / 3.0 / TDI Q AUT.;Nemcija;DEU;osebni avtomobil;250;limuzina;A6 
240;2000;6.3;1;AUDI;SCVUBQ1-QA8BK021P4G12S57MMEM2;A7 / 3.0 / TDI Q AUT.;Nemcija;DEU;osebni avtomobil;250;vozilo z dviûnimi vrati zadaj;A7 
240;2005;6.4;1;AUDI;ACVUBQ1-QA8BK021P4G13S57MMEM2;A6 / AVANT / 3.0 / TDI Q AUT.;Nemcija;DEU;osebni avtomobil;250;karavan;A6 
240;1970;6.4;1;BMW;VJ71-DAW5000A;X4 / M40 / d AUT.;Nemcija;DEU;osebni avtomobil;250;limuzina;X4 
240;2075;6.6;1;AUDI;XCVUBQ1-QA8BK001P8R137MMEM1N;SQ5 / 3.0 / TDI Q AUT.;Nemcija;DEU;osebni avtomobil;250;karavan;SQ5 
240;1690;6.8;0;BMW;4J51-6A250800;440 / i AUT.;Nemcija;DEU;osebni avtomobil;250;limuzina;440
240;1630;6.8;0;BMW;4W71-6A240800;440 / COUPE / I AUT.;Nemcija;DEU;osebni avtomobil;250;kupe;440
240;1970;7.3;1;BMW;TX91-DAW500BA;X3 / M40 / d AUT.;Nemcija;DEU;osebni avtomobil;250;karavan;X3 
240;1690;7.3;0;BMW;8B71-6A250800;340 / / I XDRIVE AUT.;Nemcija;DEU;osebni avtomobil;250;limuzina;340
240;1760;7.4;0;BMW;4E51-6A250800;440 / i xDrive AUT.;Nemcija;DEU;osebni avtomobil;250;limuzina;440
240;1970;7.5;1;BMW;TX91-DAW500BA;X3 / M40 / d AUT.;Nemcija;DEU;osebni avtomobil;250;karavan;X3 
240;1925;7.6;0;BMW;4Z71-6A240800;440 / CABRIO / i xDrive AUT.;Nemcija;DEU;osebni avtomobil;250;kabriolet;440
240;1600;7.8;0;BMW;1J91-6A040700;M235 / COUPE / i xDrive AUT.;Nemcija;DEU;osebni avtomobil;250;kupe;M235 
240;2070;9.4;1;AUDI;4E-BVN;A8 / 4.2 / TDI Q L AUT.;Nemcija;DEU;osebni avtomobil;250;limuzina;A8 
240;2020;9.4;1;AUDI;LBVNQ1-QA6EA0R4E70S57GG;A8 / 4.2 / TDI Q AUT.;Nemcija;DEU;osebni avtomobil;250;limuzina;A8 
240;2150;9.6;1;AUDI;LBVNQ1-QA6EA0R4E707GGT;A8 / 4.2 / TDI Q AUT.;Nemcija;DEU;osebni avtomobil;250;limuzina;A8 
240;2020;9.6;1;AUDI;4E LBVNQ1;A8 / 4.2 / TDI Q AUT.;Nemcija;DEU;osebni avtomobil;250;limuzina;A8 
240;2211;9.7;1;AUDI;GBVNQ1-QA6EA0R4E707GGU;A8 / 4.2 / TDI Q L AUT.;Nemcija;DEU;osebni avtomobil;250;limuzina;A8 
240;2295;9.8;1;AUDI;XCASAQ1-QA69D052R4L907GGS5FL;Q7 / 4.2 / TDI Q AUT.;Nemcija;DEU;osebni avtomobil;216;karavan;Q7 
240;1935;9.9;0;BMW;KA41-5B;740 / / i AUT.;Nemcija;DEU;osebni avtomobil;250;limuzina;740
241;1613;10.5;0;NISSAN;Z34-A01;370Z / 3.7 / AUT.;Japonska ;JPN;osebni avtomobil;250;kupe;370Z 
242;2115;9.5;1;BMW;765HM61-33;745 / D AUT.;Nemcija;DEU;osebni avtomobil;250;limuzina;745
243;1600;10.5;0;NISSAN;Z34-A02;370Z / 3.7 /;Japonska ;JPN;osebni avtomobil;250;kupe;370Z 
243;2245;2.5;0;PORSCHE;GC22-1644100;Panamera 4 E-HYBRID / / AUT.;Nemcija;DEU;osebni avtomobil;278;vozilo z dviûnimi vrati zadaj;Panamera 4 E-HYBRID 
243;2265;2.6;0;PORSCHE;HC22-1645100;Panamera 4 E-HYBRID / / AUT.;Nemcija;DEU;osebni avtomobil;275;karavan;Panamera 4 E-HYBRID 
243;2245;2.7;0;PORSCHE;GC22-1104100;PANAMERA 4 E-HYBRID / / AUT.;Nemcija;DEU;osebni avtomobil;278;vozilo z dviûnimi vrati zadaj;PANAMERA 4 E-HYBRID 
243;2903;22.8;0;HUMMER;H2 SUV;H / 2;Zdruûene drûave;USA;osebni avtomobil;160;vecnamensko vozilo;H 
243;2265;7.2;1;MERCEDES BENZ;B223T1-CZAAD57B;GLE / 400 / d 4-MATIC AUT.;Nemcija;DEU;osebni avtomobil;245;karavan;GLE 
243;2090;7.3;1;MERCEDES BENZ;I123T1-CZAA155A;S / 400 / d 4-MATIC AUT.;Nemcija;DEU;osebni avtomobil;250;limuzina;S 
243;2090;7.4;1;MERCEDES BENZ;I123T1-CZAA150B;S / 400 / d 4-MATIC AUT.;Nemcija;DEU;osebni avtomobil;250;limuzina;S 
243;2295;7.8;1;MERCEDES BENZ;B323T1-CZAAH5BE;GLE / 400 / d 4-MATIC AUT. COUPE;Nemcija;DEU;osebni avtomobil;240;karavan;GLE 
243;1925;7.8;0;PORSCHE;GA22-1644100;PANAMERA 4 / / AUT.;Nemcija;DEU;osebni avtomobil;262;vozilo z dviûnimi vrati zadaj;PANAMERA 4 
243;2295;7.9;1;MERCEDES BENZ;B323T1-CZAAD5BE;GLE / 400 / d 4-MATIC COUPE;Nemcija;DEU;osebni avtomobil;240;karavan;GLE 
243;2265;8.2;1;MERCEDES BENZ;B223T1-CZAAD53A;GLE / 400 / d 4-MATIC AUT.;Nemcija;DEU;osebni avtomobil;245;karavan;GLE 
243;2295;8.3;1;MERCEDES BENZ;B323T1-CZAAA5BB;GLE / 400 / d 4-MATIC COUPE;Nemcija;DEU;osebni avtomobil;240;karavan;GLE 
243;2265;8.8;1;MERCEDES BENZ;B223T1-CZAAD57B;GLE / 400 / d 4-MATIC AUT.;Nemcija;DEU;osebni avtomobil;245;karavan;GLE 
243;2505;8.9;1;MERCEDES BENZ;B723T1-CZAAD7CC;GLS / 400 / d 4-MATIC AUT.;Nemcija;DEU;osebni avtomobil;238;karavan;GLS 
243;2505;9.1;1;MERCEDES BENZ;B723T1-CZAAD7OB;GLS / 400 / d 4-MATIC AUT.;Nemcija;DEU;osebni avtomobil;238;karavan;GLS 
243;2265;9.1;1;MERCEDES BENZ;B223T1-CZAAD5DC;GLE / 400 / d 4-MATIC AUT.;Nemcija;DEU;osebni avtomobil;245;karavan;GLE 
243;2490;9.2;1;MERCEDES BENZ;B723T1-CZAAD7NA;GLS / 400 / D 4-MATIC AUT.;Nemcija;DEU;osebni avtomobil;238;karavan;GLS 
245;1710;10.6;0;BMW;560LNB31-32;545;Nemcija;DEU;osebni avtomobil;250;limuzina;545
245;1770;10.9;0;BMW;EH71-32;645 / Ci AUT.;Nemcija;DEU;osebni avtomobil;250;kupe;645
245;1695;10.9;0;BMW;663CEH71-32;645 / CI AUT.;Nemcija;DEU;osebni avtomobil;250;kupe;645
245;1895;11.5;0;BMW;EK71-32;645;Nemcija;DEU;osebni avtomobil;250;kabriolet;645
245;1690;11.7;0;BMW;663CEH71-31;645;Nemcija;DEU;osebni avtomobil;250;kupe;645
245;2465;3.3;0;MERCEDES BENZ;A25JP1-NZCAA532;GLE / 500  / e 4-MATIC AUT.;Nemcija;DEU;osebni avtomobil;245;karavan;GLE 
245;2425;3.4;0;PORSCHE;ET22-12;CAYENNE S e-HYBRID / /;Nemcija;DEU;osebni avtomobil;243;karavan;CAYENNE S e-HYBRID 
245;2055;7.1;0;PORSCHE;GH12-03;PANAMERA / S / HYBRID;Nemcija;DEU;osebni avtomobil;270;vozilo z dviûnimi vrati zadaj;PANAMERA 
245;1645;7.3;0;MERCEDES BENZ;R05EP1-CLAA0574;C / 400 / 4- MATIC AUT.;Nemcija;DEU;osebni avtomobil;250;limuzina;C 
245;1820;7.6;0;MERCEDES BENZ;U061P1-CZAC0501;E / 400 / 4-MATIC AUT.;Nemcija;DEU;osebni avtomobil;250;limuzina;E 
245;2045;7.7;0;AUDI;XCRECQ1-QA8D5006P4L027MMEM1S5FL;Q7 / 3.0 / TFSI Q AUT.;Nemcija;DEU;osebni avtomobil;250;karavan;Q7 
245;1820;7.9;0;BMW;663C-EK71/32;645 / CABRIO / I AUT.;Nemcija;DEU;osebni avtomobil;250;kabriolet;645
245;1620;7.9;0;BMW;EH-71;645 / CI;Nemcija;DEU;osebni avtomobil;250;kupe;645
245;1820;7.9;0;MERCEDES BENZ;U061P1-CZAC05A2;E / 400 / 4-MATIC AUT.;Nemcija;DEU;osebni avtomobil;250;limuzina;E 
245;2315;8.2;0;PORSCHE;EH22-02;CAYENNE / S / HYBRID;Nemcija;DEU;osebni avtomobil;242;karavan;CAYENNE 
245;1820;8.3;0;BMW;71BJ-IAA508M0;540 / / i xDrive AUT.;Nemcija;DEU;osebni avtomobil;250;limuzina;540
245;1825;8.4;0;AUDI;ACGWCQ1-QD7B5041RB8KES57MJEM1;S4 AVANT / 3.0 / TFSI Q AUT.;Nemcija;DEU;osebni avtomobil;250;karavan;S4 AVANT 
245;1845;8.4;0;MERCEDES BENZ;T35EP1-CZAA04A2;E / 400 / 4-MATIC AUT.;Nemcija;DEU;osebni avtomobil;250;kupe;E 
245;1935;8.6;0;MERCEDES BENZ;T45EP1-CZAA04A2;E / 400 / 4-MATIC AUT.;Nemcija;DEU;osebni avtomobil;250;kabriolet;E 
245;1870;8.8;0;BMW;AE41-IAW40900;840 / COUPE / i xDrive AUT.;Nemcija;DEU;osebni avtomobil;250;kupe;840
245;1830;9.4;0;AUDI;SCAKAQ1-QD7B5007R8S807MGEM0;S5 / 3.0 / TSI Q AUT.;Nemcija;DEU;osebni avtomobil;250;vozilo z dviûnimi vrati zadaj;S5 
245;1825;9.7;0;AUDI;ACAKAQ1-QD7B5007R8K927MGEM0;S4 AVANT / 3.0 / TSI Q AUT.;Nemcija;DEU;osebni avtomobil;250;karavan;S4 AVANT 
245;1780;9.9;0;AUDI;ACAKAQ1-QM6B4006R8K927MG;S4 AVANT / 3.0 / TFSI Q;Nemcija;DEU;osebni avtomobil;250;karavan;S4 AVANT 
250;2130;10.5;0;BMW;CY61-DAB509BD;X6 / xDrive40 / i AUT.;Nemcija;DEU;osebni avtomobil;250;limuzina;X6 
250;2135;10.7;0;BMW;CR61-DAA509BA;X5 / XDRIVE40 / I AUT.;Nemcija;DEU;osebni avtomobil;243;karavan;X5 
250;2135;11.1;0;BMW;CR61-DAA5090D;X5 / xDrive40 / i AUT.;Nemcija;DEU;osebni avtomobil;243;karavan;X5 
250;2020;11.3;0;VOLKSWAGEN;ACDCBE2-QA8QA8D5020G1BKVR67CSB1B;TOUAREG / 3.0 / TSI 4M AUT.;Nemcija;DEU;osebni avtomobil;250;karavan;TOUAREG 
250;2395;11.5;0;BMW;CW21-DAW70010;X7 / xDrive40 / i AUT.;Nemcija;DEU;osebni avtomobil;210;karavan;X7 
250;2055;11.9;0;MERCEDES BENZ;I17KM1-NZAAB500;S / 450 / 4-MATIC AUT.;Nemcija;DEU;osebni avtomobil;250;limuzina;S 
250;2060;11.9;0;PORSCHE;EA22-1105110;CAYENNE / /;Nemcija;DEU;osebni avtomobil;245;karavan;CAYENNE 
250;1910;12.1;0;CHRYSLER;LXAE3H-2;300C / 5.7 / AUT.;Zdruûene drûave;USA;osebni avtomobil;250;limuzina;300C 
250;2225;12.1;0;PORSCHE;SUV-CAYENNE;CAYENNE / S  / 4.5;Nemcija;DEU;osebni avtomobil;242;limuzina;CAYENNE 
250;2320;14.9;0;PORSCHE;9PAEB22-01;CAYENNE / S;Nemcija;DEU;osebni avtomobil;242;limuzina;CAYENNE 
250;2320;14.9;0;PORSCHE;EA22-01;CAYENNE / S / AUT.;Nemcija;DEU;osebni avtomobil;242;karavan;CAYENNE 
250;2557;2.6;0;AUDI;XDCBEQ1-QA8QA8D7004RT81B194BIAEM8S5FLB3;Q7 55 e / 3.0 / TFSI Q AUT.;Nemcija;DEU;osebni avtomobil;240;karavan;Q7 55 e 
250;2405;2.8;0;AUDI;GCZSEQ1-QA8QA8DY001RT31C20S54BFBEM9;A8 60 e / 3.0 / TFSI Q AUT.;Nemcija;DEU;osebni avtomobil;250;limuzina;A8 60 e 
250;2370;3.2;0;PORSCHE;EF22-1615100;CAYENNE E-HYBRID / /;Nemcija;DEU;osebni avtomobil;253;karavan;CAYENNE E-HYBRID 
250;2370;3.9;0;PORSCHE;EF22-1705100;CAYENNE E-HYBRID / / AUT.;Nemcija;DEU;osebni avtomobil;253;karavan;CAYENNE E-HYBRID 
250;2025;5.4;1;MERCEDES BENZ;P123P0-CZAC0502;S / 400 / d AUT.;Nemcija;DEU;osebni avtomobil;250;limuzina;S 
250;2075;5.7;1;MERCEDES BENZ;P123P1-CZAC0542;S / 400 / d 4-MATIC AUT.;Nemcija;DEU;osebni avtomobil;250;limuzina;S 
250;1935;5.9;1;MERCEDES BENZ;E323T1-CZAC051A;CLS / 400 / d 4-MATIC AUT.;Nemcija;DEU;osebni avtomobil;250;limuzina;CLS 
250;2640;6.4;1;LAND ROVER;LGS5EZ2F-D5E1;RANGE ROVER / 3.0 / SDV6 SWB HEV AUT.;Zdruûeno kraljestvo;GBR;osebni avtomobil;218;karavan;RANGE ROVER 
250;2030;6.5;1;BMW;7D21-IAA50900;740 / / d xDrive AUT.;Nemcija;DEU;osebni avtomobil;250;limuzina;740
250;2085;6.6;1;BMW;JY61-IAA50000;640 / GT / d xDrive AUT.;Nemcija;DEU;osebni avtomobil;250;limuzina;640
250;2290;7.1;1;BMW;TC61-IAE509BC;X6 / xDrive40 / d AUT.;Nemcija;DEU;osebni avtomobil;248;limuzina;X6 
250;1565;7.1;0;BMW;2J51-6A040000;M240 / COUPE / i AUT.;Nemcija;DEU;osebni avtomobil;250;kupe;M240 
250;1550;7.1;0;BMW;1S91-6A050000;M140 / / i AUT.;Nemcija;DEU;osebni avtomobil;250;karavan;M140 
250;1890;7.2;0;AUDI;SDLZAQ1-QD7AD7HL001PF212S57MM0EM1HA0;A7 / 3.0 / TFSI Q AUT.;Nemcija;DEU;osebni avtomobil;250;vozilo z dviûnimi vrati zadaj;A7 
250;1735;7.2;0;BMW;JB51-CA250000;540 / / i xDrive AUT.;Nemcija;DEU;osebni avtomobil;250;limuzina;540
250;1935;7.2;1;MERCEDES BENZ;E323T1-CZAC151A;CLS / 400 / D 4-MATIC AUT.;Nemcija;DEU;osebni avtomobil;250;limuzina;CLS 
250;1940;7.3;1;MERCEDES BENZ;R1ECT323T1-CZAB14AC;E / 400 / d 4MATIC;Nemcija;DEU;osebni avtomobil;250;kupe;E 
250;1615;7.4;0;BMW;1R91-6A050700;M140 / / i xDrive AUT.;Nemcija;DEU;osebni avtomobil;250;karavan;M140 
250;1615;7.4;0;BMW;2G31-6A040700;M240 / COUPE / i xDrive AUT.;Nemcija;DEU;osebni avtomobil;250;kupe;M240 
250;1935;7.4;1;MERCEDES BENZ;E323T1-CZAC151C;CLS / 400 / d 4-MATIC AUT.;Nemcija;DEU;osebni avtomobil;250;limuzina;CLS 
250;2290;7.5;1;BMW;TC61-IAE509BC;X6 / xDrive40 / d AUT.;Nemcija;DEU;osebni avtomobil;248;limuzina;X6 
250;1840;7.5;0;BMW;JM11-CA2508N0;540 / TOURING / i xDrive AUT.;Nemcija;DEU;osebni avtomobil;250;karavan;540
250;2655;7.5;1;LAND ROVER;LGS5LZ2F-D4Y1;RANGE ROVER / 4.4 / SDV8;Zdruûeno kraljestvo;GBR;osebni avtomobil;218;karavan;RANGE ROVER 
250;2275;7.6;1;BMW;TH41-IAE509LC;X5 / xDrive40 / d AUT.;Nemcija;DEU;osebni avtomobil;245;karavan;X5 
250;2290;7.7;1;BMW;TC61-IAF509BC;X6 / xDrive40 / d AUT.;Nemcija;DEU;osebni avtomobil;248;limuzina;X6 
250;2275;7.7;1;BMW;TH41-IAE509BA;X5 / xDrive40 / d AUT.;Nemcija;DEU;osebni avtomobil;245;karavan;X5 
250;2545;7.9;1;BMW;TB41-IAV7090E;X7 / xDrive40 / d AUT.;Nemcija;DEU;osebni avtomobil;245;karavan;X7 
250;2575;8.4;1;LAND ROVER;LG-S5LZ2F-D5L1;RANGE ROVER / 4.4 / SDV8 SWB 4WD AUT.;Zdruûeno kraljestvo;GBR;osebni avtomobil;218;karavan;RANGE ROVER 
250;1550;8.5;0;AUDI;CCEPAQ1-QD7BH006R8J827MGEM1;TT RS / COUPE 2.5 / TFSI Q AUT.;Madûarska;HUN;osebni avtomobil;280;kupe;TT RS 
250;1610;8.5;0;BMW;HF51-DAW200M0;Z4 / ROADSTER M40 / i AUT.;Nemcija;DEU;osebni avtomobil;250;kabriolet;Z4 
250;1835;8.8;0;BMW;7R21-DAW50900;740 / / i AUT.;Nemcija;DEU;osebni avtomobil;250;limuzina;740
250;1739;8.8;0;JAGUAR;QQ6-X150-C208;JAGUAR F-TYPE / 3.0 / V6 S/C / AE;Zdruûeno kraljestvo;GBR;osebni avtomobil;260;kupe;JAGUAR F-TYPE 
250;1945;9.1;0;AUDI;HDLZAQ2-QD7AD7HL001RT011B19S54BFBEM1H660FL0;A6 / ALLROAD 3.0 / TFSI Q AUT.;Nemcija;DEU;osebni avtomobil;250;karavan;A6 
250;1650;9.1;0;AUDI;SCEPAQ1-QD7BH0067MG;RS3 / 2.5 / TFSI;Nemcija;DEU;osebni avtomobil;250;karavan;RS3 
250;2297;9.1;1;VOLKSWAGEN;ACCKDAX1-AA8AA8C8020NVR07MGM;TOUAREG / 4.2 / TDI AUT.;Nemcija;DEU;osebni avtomobil;242;karavan;TOUAREG 
250;1735;9.3;0;BMW;JB51-DAW508N0;540 / / i xDrive AUT.;Nemcija;DEU;osebni avtomobil;250;limuzina;540
250;1570;9.6;0;BMW;UR91-AB;M COUPE / /;Nemcija;DEU;osebni avtomobil;250;kupe;M COUPE 
251;2201;8.3;1;AUDI;XDMKCQ1-QA8QA8D5029RT31C204BIBEM1FLD2;SQ5 / 3.0 / TDI Q AUT.;Nemcija;DEU;osebni avtomobil;250;karavan;SQ5 
252;1655;11.9;0;BMW;BL91;M3 / /;Nemcija;DEU;osebni avtomobil;250;kupe;M3 
252;1570;11.9;0;BMW;M346BL91-01;M 3;Nemcija;DEU;osebni avtomobil;250;kupe;M 3
252;1570;11.9;0;BMW;M346;M 3 / COUPE;Nemcija;DEU;osebni avtomobil;250;kupe;M 3 
253;1548;12.7;0;CHEVROLET;YY22G5;CORVETTE / 5.7 / AUT.;Zdruûene drûave;USA;osebni avtomobil;274;kabriolet;CORVETTE 
253;1548;12.7;0;CHEVROLET;YY22G4;CORVETTE / 5.7;Zdruûene drûave;USA;osebni avtomobil;274;kupe;CORVETTE 
253;2152;7.1;1;AUDI;LDMKDQ2-QA8QA8D5024051C21S54BIAEM1H56FLD2;S6 / 3.0 / TDI Q AUT.;Nemcija;DEU;osebni avtomobil;250;limuzina;S6 
253;2030;7.1;1;AUDI;LDMKDQ1-QA8QA8D5024RT051C21S54BIAEM1H56FLD2;S6 / 3.0 / TDI Q AUT.;Nemcija;DEU;osebni avtomobil;250;limuzina;S6 
254;1490;10.3;0;PORSCHE;997 CD1105;911 // CARRERA;Nemcija;DEU;osebni avtomobil;289;kupe;911
255;1505;6.9;0;VOLKSWAGEN;GAC4CJXCX1-AD6AD6D9006R7MMOR1ML00VR2;GOLF / 2.0 / TSI 4M AUT.;Nemcija;DEU;osebni avtomobil;270;karavan;GOLF 
257;1475;10.2;0;PORSCHE;991;911 CARRERA / / AUT.;Nemcija;DEU;osebni avtomobil;287;kupe;911 CARRERA 
257;2184;10.7;0;MASERATI;M156 1F4 5W;LEVANTE //;Italija;ITA;osebni avtomobil;243;karavan;LEVANTE 
257;1925;10.9;0;AUDI;GBVJQ1-QA6L00R4E70S40GG;A8 / 4.2 / FSI Q L AUT.;Nemcija;DEU;osebni avtomobil;250;limuzina;A8 
257;2482;13.6;0;AUDI;XBARQ1-QA69D054R4L900GGS5FL;Q7 / 4.2 / FSI Q AUT.;Nemcija;DEU;osebni avtomobil;248;karavan;Q7 
257;2460;13.6;0;AUDI;XBARQ1-QA69D054R4L900GGS7FL;Q7 / 4.2 / FSI Q AUT.;Nemcija;DEU;osebni avtomobil;248;karavan;Q7 
257;2315;13.6;0;AUDI;XBARQ1-QA69D059R4L800GGS5FL;Q7 / 4.2 / FSI Q AUT.;Nemcija;DEU;osebni avtomobil;248;karavan;Q7 
257;1460;7.3;0;PORSCHE;KB12-21;BOXSTER / S / AUT.;Nemcija;DEU;osebni avtomobil;285;kabriolet;BOXSTER 
257;1460;7.3;0;PORSCHE;CB12-21;CAYMAN S / / AUT.;Nemcija;DEU;osebni avtomobil;285;kupe;CAYMAN S 
257;2085;7.7;1;AUDI;HDEWAQ1-QA8QA8D5024RT011B19S54BFAEM1H660FL;A6 / ALLROAD 3.0 / TDI Q AUT.;Nemcija;DEU;osebni avtomobil;250;karavan;A6 
257;2085;7.8;1;AUDI;HDEWAQ2-QA8QA8D5024RT011B19S54BFAEM1H660FL;A6 / ALLROAD 3.0 / TDI Q AUT.;Nemcija;DEU;osebni avtomobil;250;karavan;A6 
257;2030;7.8;1;AUDI;LDEWAQ2-QA8QA8D5024RT051C21S54BFAEM1H561;S6 / 3.0 / TDI Q AUT.;Nemcija;DEU;osebni avtomobil;250;limuzina;S6 
257;2085;7.9;1;AUDI;HDEWAQ2-QA8QA8D5024RT011C21S54BFBEM1H661FL;A6 / ALLROAD 3.0 / TDI Q AUT.;Nemcija;DEU;osebni avtomobil;250;karavan;A6 
257.4;1560;7.7;0;FORD;DYB-RS-YVDA45Z-5RSBC6PF;FOCUS RS / /;Nemcija;DEU;osebni avtomobil;268;vozilo z dviûnimi vrati zadaj;FOCUS RS 
257.4;1560;7.7;0;FORD;DYB-RS-YVDA45Z-5RSBC6PF;FOCUS RS / /;Nemcija;DEU;osebni avtomobil;250;vozilo z dviûnimi vrati zadaj;FOCUS RS 
258;2070;7.4;1;AUDI;LCDSBQ1-QA8BL002R4HK1S57MJEM2;A8 / 4.2 / TDI Q AUT.;Nemcija;DEU;osebni avtomobil;250;limuzina;A8 
258;2070;7.6;1;AUDI;LCDSBQ1-QA8BL002R4H81S57MG;A8 / 4.2 / TDI Q AUT.;Nemcija;DEU;osebni avtomobil;250;limuzina;A8 
260;1900;10.7;0;BMW;UJ51-DAW500BA;X4 / M40 / i AUT.;Nemcija;DEU;osebni avtomobil;250;limuzina;X4 
260;1750;10.8;0;AUDI;CCAUAQ1-QA6B6005R8T800GG;S5 / 4.2 / FSI Q V-AUT.;Nemcija;DEU;osebni avtomobil;250;kupe;S5 
260;1705;12.1;0;AUDI;CCAUAQ1-QM6B4002R8T80;S5 / 4.2 / FSI Q;Nemcija;DEU;osebni avtomobil;250;kupe;S5 
260;1705;7.3;0;AUDI;L2CWGDQ1-QA8QA8D5007P8W16S57MMEM1;S4 / 3.0 / TFSI Q AUT.;Nemcija;DEU;osebni avtomobil;250;limuzina;S4 
260;1690;7.4;0;AUDI;C2CWGDQ1-QA8QA8D5007P8W25S47MMEM1;S5 / 3.0 / TFSI Q AUT.;Nemcija;DEU;osebni avtomobil;250;kupe;S5 
260;1735;7.5;0;AUDI;S2CWGDQ1-QA8QA8D5007P8W25S57MMEM1;S5 / 3.0 / TFSI Q AUT.;Nemcija;DEU;osebni avtomobil;250;vozilo z dviûnimi vrati zadaj;S5 
260;1690;7.7;0;AUDI;C2CWGDQ1-QA8QA8D5007P8W25S47MMEM1;S5 / 3.0 / TFSI Q AUT.;Nemcija;DEU;osebni avtomobil;250;kupe;S5 
260;1635;8.8;0;MERCEDES BENZ;F/100217;E / 55 / AMG AUT.;Nemcija;DEU;osebni avtomobil;250;limuzina;E 
260;1940;8.9;0;PORSCHE;JM22-1100000;MACAN S / / AUT.;Nemcija;DEU;osebni avtomobil;254;karavan;MACAN S 
261;1635;11.7;0;PORSCHE;997-CB12;911 CARRERA S //;Nemcija;DEU;osebni avtomobil;285;kupe;911 CARRERA S 
261;1590;11.7;0;PORSCHE;997-CB22;911 / CARRERA / 4S;Nemcija;DEU;osebni avtomobil;285;kupe;911
261;1635;11.8;0;PORSCHE;KB21-01;911 CARRERA 4S / CABRIO /;Nemcija;DEU;osebni avtomobil;288;kabriolet;911 CARRERA 4S 
261;1595;11.8;0;PORSCHE;CB21-01;911 CARRERA 4S / /;Nemcija;DEU;osebni avtomobil;288;kupe;911 CARRERA 4S 
261;1395;12.9;0;PORSCHE;997-TB21 4S;911 / CARRERA / TARGA;Nemcija;DEU;osebni avtomobil;285;kupe;911
261;1320;12.9;0;PORSCHE;996-CE21-02;911 CARRERA  S //;Nemcija;DEU;osebni avtomobil;285;kupe;911 CARRERA  S 
265;1805;13.7;0;AUDI;D2LAVPQ1-QM6EE0R07Q;S 8 / 4.2;Nemcija;DEU;osebni avtomobil;250;limuzina;S 8 
265;1585;6.9;0;MERCEDES BENZ;235GP1-DZAAB502;CLA / 45 AMG/ AUT.;Nemcija;DEU;osebni avtomobil;250;limuzina;CLA 
265;1585;7.1;0;MERCEDES BENZ;235GP1-DZAAB503;CLA / 45 AMG / 4-MATIC AUT.;Nemcija;DEU;osebni avtomobil;250;limuzina;CLA 
265;1555;7.1;0;MERCEDES BENZ;125GP1-DZAAB505;A / 45 AMG / 4-MATIC AUT.;Nemcija;DEU;osebni avtomobil;250;karavan;A 
265;1885;8.2;0;BMW;TS31-CA1500BD;X3 / M40 / i AUT.;Nemcija;DEU;osebni avtomobil;250;karavan;X3 
267;1825;12.5;0;JAGUAR;QDV CONVERTIBLE;XKR / 4.0;Zdruûeno kraljestvo;GBR;osebni avtomobil;250;kabriolet;XKR 
269;1933;10.5;0;KIA;CKB5P62-A82CZ1;STINGER / 3.3 / T / AUT.;Koreja. republika;KOR;osebni avtomobil;270;vozilo z dviûnimi vrati zadaj;STINGER 
269;1480;8.2;0;PORSCHE;KC12-21;BOXSTER GTS / / AUT.;Nemcija;DEU;osebni avtomobil;290;kabriolet;BOXSTER GTS 
270;1725;10.9;0;BMW;EB53;650 / / i AUT.;Nemcija;DEU;osebni avtomobil;250;kabriolet;650
270;1715;11.1;0;BMW;EH11-02;650 / / i AUT.;Nemcija;DEU;osebni avtomobil;250;kupe;650
270;1875;11.2;0;MERCEDES BENZ;R85HT1-CZAA050A;AMG GLC / 43 / AUT.;Nemcija;DEU;osebni avtomobil;250;vozilo z dviûnimi vrati zadaj;AMG GLC 
270;1985;11.4;0;BMW;765HL81-31;750 / I AUT.;Nemcija;DEU;osebni avtomobil;250;limuzina;750
270;1725;11.7;0;BMW;EA51-AA;650 / / i;Nemcija;DEU;osebni avtomobil;250;kupe;650
270;1715;11.9;0;BMW;EH11-01;650 / / i;Nemcija;DEU;osebni avtomobil;250;kupe;650
270;1955;13.9;0;MERCEDES BENZ;P381G0-SCAAA40;CL / 600 / AUT.;Nemcija;DEU;osebni avtomobil;250;kupe;CL 
270;2060;7.3;0;MERCEDES BENZ;P06CT1-CZAC0502;S / 450 /  4-MATIC AUT.;Nemcija;DEU;osebni avtomobil;250;limuzina;S 
270;1735;7.7;0;MERCEDES BENZ;R25HP1-CZAA0504;C / 43 / AMG AUT.;Nemcija;DEU;osebni avtomobil;250;karavan;C 
270;1735;7.7;0;MERCEDES BENZ;N45HP0-CZBA0234;SL / 400 / AUT.;Nemcija;DEU;osebni avtomobil;250;kabriolet;SL 
270;1727;7.8;0;VOLVO;FFSA0-FSA0PC;S60 / 2.0 / T AUT. AWD;ävedska;SWE;osebni avtomobil;250;limuzina;S60 
270;1690;7.9;0;MERCEDES BENZ;R05HP1-NZAAB504;C / 450 / 4- MATIC AUT.;Nemcija;DEU;osebni avtomobil;250;limuzina;C 
270;1595;8.1;0;AUDI;SCZGBQ1-QD7BH006P8V017MMEM1;RS 3 SPORTBACK / /;Nemcija;DEU;osebni avtomobil;250;vozilo z dviûnimi vrati zadaj;RS 3 SPORTBACK 
270;1595;8.3;0;AUDI;SCZGBQ1-QD7BH006P8V047MMEM1;RS 3 SPORTBACK / /;Nemcija;DEU;osebni avtomobil;280;vozilo z dviûnimi vrati zadaj;RS 3 SPORTBACK 
270;1595;8.3;0;AUDI;SCZGBQ1-QD7BH006P8V027MMEM1;RS 3 SPORTBACK / /;Nemcija;DEU;osebni avtomobil;250;vozilo z dviûnimi vrati zadaj;RS 3 SPORTBACK 
270;2240;8.9;0;MERCEDES BENZ;A35HP1-CZAAA502;AMG GLE / 43 / AUT.;Nemcija;DEU;osebni avtomobil;250;karavan;AMG GLE 
270;2035;8.9;0;MERCEDES BENZ;P35HP1-NZAZ0404;S / 400 / 4-MATIC AUT.;Nemcija;DEU;osebni avtomobil;250;kupe;S 
270;1940;8.9;0;MERCEDES BENZ;E36DT1-CZAC051A;CLS / 450 / 4-MATIC AUT.;Nemcija;DEU;osebni avtomobil;250;limuzina;CLS 
270;1855;8.9;0;MERCEDES BENZ;R85HP1-CZAA0504;GLC / AMG 43 / 4-MATIC AUT.;Nemcija;DEU;osebni avtomobil;250;vozilo z dviûnimi vrati zadaj;GLC 
270;2240;9.4;0;MERCEDES BENZ;A35HP1-CZAAB544;GLE / 450 / 4-MATIC AUT.;Nemcija;DEU;osebni avtomobil;250;karavan;GLE 
272;1909;10.6;0;KIA;CKB5P32-A82CZ1;STINGER / 3.3 / T / AUT.;Koreja. republika;KOR;osebni avtomobil;270;vozilo z dviûnimi vrati zadaj;STINGER 
272;2195;11.4;0;LEXUS;USF45L-AEZGHW(1F);LEXUS LS460 / 4.6 / AUT. V8 AWD;Japonska ;JPN;osebni avtomobil;250;limuzina;LEXUS LS460 
272;1525;7.4;0;PORSCHE;CK12-29;911 CARRERA / / AUT.;Nemcija;DEU;osebni avtomobil;293;kupe;911 CARRERA 
272;1595;7.9;0;BMW;1H91-6A040000;M2 / COUPE / AUT.;Nemcija;DEU;osebni avtomobil;250;kupe;M2 
272;1570;8.5;0;BMW;1H91-6H040000;M2 / COUPE /;Nemcija;DEU;osebni avtomobil;250;kupe;M2 
275;1815;7.8;0;BMW;11AR-IAA408B0;M440 / COUPE / i xDrive AUT.;Nemcija;DEU;osebni avtomobil;250;kupe;M440 
275;1810;7.8;0;BMW;5U91-IAA507B0;M340 / / i xDrive AUT.;Nemcija;DEU;osebni avtomobil;250;limuzina;M340 
275;1745;8.2;0;BMW;5U91-DAW508B0;M340 / / i xDrive AUT.;Nemcija;DEU;osebni avtomobil;250;limuzina;M340 
275;1745;8.3;0;BMW;5U91-DAW508B0;M340 / / i xDrive AUT.;Nemcija;DEU;osebni avtomobil;250;limuzina;M340 
275;1845;8.5;0;BMW;6N11-DAW508B0;M340 / TOURING / i xDrive AUT.;Nemcija;DEU;osebni avtomobil;250;karavan;M340 
280;1955;6.2;1;BMW;5D91-6A050000;M550 / / d xDrive AUT.;Nemcija;DEU;osebni avtomobil;250;limuzina;M550 
280;2065;6.3;1;BMW;5K91-6A050000;M550 / TOURING / D XDRIVE AUT.;Nemcija;DEU;osebni avtomobil;250;karavan;M550 
280;1970;6.3;1;BMW;FV71-6A000;M550 / / D XDRIVE AUT.;Nemcija;DEU;osebni avtomobil;250;limuzina;M550 
280;2095;6.4;1;BMW;YF61-6A000;750 / / Ld xDrive AUT.;Nemcija;DEU;osebni avtomobil;250;limuzina;750
280;2070;6.4;1;BMW;YB81-6A000;750 / / d xDrive AUT.;Nemcija;DEU;osebni avtomobil;250;limuzina;750
280;2065;6.4;1;BMW;MY91-6A000;M550 / TOURING / d xDrive AUT.;Nemcija;DEU;osebni avtomobil;250;karavan;M550 
280;2265;6.6;1;BMW;KS81-6A07000K;X5 / M50 / D AUT.;Nemcija;DEU;osebni avtomobil;250;karavan;X5 
280;2260;6.6;1;BMW;KV61-6A050000;X6 / M50 / d AUT.;Nemcija;DEU;osebni avtomobil;250;limuzina;X6 
280;2265;6.7;1;BMW;KS81-6A070000;X5 / M50 / D AUT.;Nemcija;DEU;osebni avtomobil;250;karavan;X5 
280;1585;6.9;0;MERCEDES BENZ;235GP1-DZBA1504;CLA / 45 AMG/ 4-MATIC AUT.;Nemcija;DEU;osebni avtomobil;250;limuzina;CLA 
280;1555;6.9;0;MERCEDES BENZ;125GP1-DZAZ1504;A / 45 AMG / 4-MATIC AUT.;Nemcija;DEU;osebni avtomobil;250;karavan;A 
280;1585;7.3;0;MERCEDES BENZ;235GP1-DZBZ1505;CLA / 45 AMG/ 4-MATIC AUT.;Nemcija;DEU;osebni avtomobil;250;limuzina;CLA 
280;1555;7.3;0;MERCEDES BENZ;125GP1-DZAA1505;A / 45 AMG / 4-MATIC AUT.;Nemcija;DEU;osebni avtomobil;250;karavan;A 
280;1585;7.4;0;MERCEDES BENZ;275GP1-DZAAA505;AMG GLA 45 /;Nemcija;DEU;osebni avtomobil;250;karavan;AMG GLA 45 
280;2225;7.5;1;BMW;ZW81-5A000;X5 / M50 / d AUT.;Nemcija;DEU;osebni avtomobil;250;karavan;X5 
280;2225;7.7;1;BMW;FH81-5A050;X6 / M50 / d AUT.;Nemcija;DEU;osebni avtomobil;250;karavan;X6 
280;2265;7.8;1;BMW;KS81-6A150000;X5 / M50 / d AUT.;Nemcija;DEU;osebni avtomobil;250;karavan;X5 
280;1760;8.6;0;JAGUAR;QQ6-A217;JAGUAR F-TYPE / 3.0 / V6 S/C / AE / AUT.;Zdruûeno kraljestvo;GBR;osebni avtomobil;275;kabriolet;JAGUAR F-TYPE 
280;1954;9.4;0;LAND ROVER;LY-S5EE2F-A5E1;RANGE ROVER VELAR / 3.0 / P380 AWD AUT.;Zdruûeno kraljestvo;GBR;osebni avtomobil;250;karavan;RANGE ROVER VELAR 
283;1615;10.1;0;PORSCHE;KE12-01;911 CARRERA S / CABRIO / AUT.;Nemcija;DEU;osebni avtomobil;300;kabriolet;911 CARRERA S 
283;1585;10.5;0;PORSCHE;CE22-05;911 CARRERA 4S / / AUT.;Nemcija;DEU;osebni avtomobil;295;kupe;911 CARRERA 4S 
283;1415;11.8;0;PORSCHE;981-CX11-09;CAYMAN GT4 /;Nemcija;DEU;osebni avtomobil;295;kupe;CAYMAN GT4 
283;2620;13.7;0;PORSCHE;EL22-01;CAYENNE / S / AUT.;Nemcija;DEU;osebni avtomobil;250;karavan;CAYENNE 
283;1785;15.1;0;ASTON MARTIN;VH2-B2-L2BMCC;V / 8;Zdruûeno kraljestvo;GBR;osebni avtomobil;280;kupe;V 
283;2115;7.4;1;AUDI;LCTECQ1-QA8QA8BL002P4H05S57MMEM2K1;A8 / 4.2 / TDI Q AUT.;Nemcija;DEU;osebni avtomobil;250;limuzina;A8 
283;2335;8.2;1;PORSCHE;EJ22-02;CAYENNE S DIESEL / /;Nemcija;DEU;osebni avtomobil;252;karavan;CAYENNE S DIESEL 
285;1715;10.9;0;MERCEDES BENZ;L371M0-NZAAA400;E / 500 / AUT.;Nemcija;DEU;osebni avtomobil;250;kupe;E 
285;1940;11.7;0;MERCEDES BENZ;I071K0-NCAAB500;S / 500 / AUT.;Nemcija;DEU;osebni avtomobil;250;limuzina;S 
285;1985;11.8;0;MERCEDES BENZ;I171K0-NCAAAA00;S / 500 / AUT.;Nemcija;DEU;osebni avtomobil;250;limuzina;S 
285;1895;11.8;0;MERCEDES BENZ;U271K0-NZAAA500;E / 500 T / AUT.;Nemcija;DEU;osebni avtomobil;250;karavan;E 
285;2045;12.1;0;MERCEDES BENZ;Q371K1-NZAAB400;CL / 500 / 4-MATIC AUT.;Nemcija;DEU;osebni avtomobil;250;kupe;CL 
285;2010;12.1;0;MERCEDES BENZ;I071K1-NZAAB500;S / 500 / 4-MATIC AUT.;Nemcija;DEU;osebni avtomobil;250;limuzina;S 
285;1995;12.1;0;MERCEDES BENZ;216 Q371K0NCAAB400;CL / 500 / AUT;Nemcija;DEU;osebni avtomobil;250;kupe;CL 
285;2055;12.2;0;MERCEDES BENZ;221I171K1-NZAAB400;S / 500 / 4-MATIC AUT.;Nemcija;DEU;osebni avtomobil;250;limuzina;S 
285;1910;12.2;0;MERCEDES BENZ;S471K0-NCAAA200;SL / 500 / AUT.;Nemcija;DEU;osebni avtomobil;250;kabriolet;SL 
285;2010;12.3;0;MERCEDES BENZ;I071K1-NZAAB501;S / 500 / 4-MATIC AUT.;Nemcija;DEU;osebni avtomobil;250;limuzina;S 
285;2055;12.4;0;MERCEDES BENZ;221 I171K1NZAAB501;S / 500 / 4-MATIC AUT.;Nemcija;DEU;osebni avtomobil;250;limuzina;S 
285;2450;14.7;0;MERCEDES BENZ;C771K1-NZAAA500;G / 500 / AUT.;Nemcija;DEU;osebni avtomobil;210;vecnamensko vozilo;G 
287;2630;15.9;0;LAND ROVER;LS4BB2F-D5B1;RANGE ROVER SPORT / 4.2 / V8 AUT.;Zdruûeno kraljestvo;GBR;osebni avtomobil;225;karavan;RANGE ROVER SPORT 
287;1765;18.6;0;MASERATI;M 139 ABE;/ / COUPE;Italija;ITA;osebni avtomobil;285;kupe;/ / COUPE
287;1705;9.7;0;MERCEDES BENZ;204-R05HT1-CZAA05EA;AMG / C43 / AUT.;Nemcija;DEU;osebni avtomobil;250;limuzina;AMG 
287;1705;9.9;0;MERCEDES BENZ;204R05HT1-CZAA050A;AMG / C43 / 4-MATIC AUT.;Nemcija;DEU;osebni avtomobil;250;limuzina;AMG 
290;2430;9.3;0;LEXUS;UVF45L-AEXGHW(1A);LS600h / 5.0 / V8;Japonska ;JPN;osebni avtomobil;250;limuzina;LS600h 
290;2345;9.3;0;LEXUS;UVF45L-AEXGHW(1A);LS 600 H / 5.0 / V8;Japonska ;JPN;osebni avtomobil;250;limuzina;LS 600 H 
294;2140;10.5;0;PORSCHE;EB22-02;CAYENNE / S / AUT.;Nemcija;DEU;osebni avtomobil;258;karavan;CAYENNE 
294;2140;10.5;0;PORSCHE;EB22-02;CAYENNE S / / AUT.;Nemcija;DEU;osebni avtomobil;258;karavan;CAYENNE S 
294;1935;10.8;0;PORSCHE;GB22-03;PANAMERA 4S / / AUT.;Nemcija;DEU;osebni avtomobil;282;vozilo z dviûnimi vrati zadaj;PANAMERA 4S 
294;1875;10.8;0;PORSCHE;-;PANAMERA S /;Nemcija;DEU;osebni avtomobil;283;vozilo z dviûnimi vrati zadaj;PANAMERA S 
294;1935;11.1;0;PORSCHE;GB22-03;PANAMERA 4S / / AUT.;Nemcija;DEU;osebni avtomobil;285;vozilo z dviûnimi vrati zadaj;PANAMERA 4S 
294;1935;11.1;0;PORSCHE;GB22-03;PANAMERA 4S / / AUT.;Nemcija;DEU;osebni avtomobil;282;vozilo z dviûnimi vrati zadaj;PANAMERA 4S 
294;1585;11.3;0;PORSCHE;991;911 CARRERA S /;Nemcija;DEU;osebni avtomobil;301;kabriolet;911 CARRERA S 
294;1475;17.9;0;FERRARI;F131-ABE;360 / F1;Italija;ITA;osebni avtomobil;296;kupe;360
294;2055;5.9;1;BMW;7H01-6A250000;750 / / Ld xDrive AUT.;Nemcija;DEU;osebni avtomobil;250;limuzina;750
294;2015;5.9;1;BMW;7C81-6A250000;750 / / d xDrive AUT.;Nemcija;DEU;osebni avtomobil;250;limuzina;750
294;1920;6.1;1;BMW;JD71-CA250800;M550 / / d xDrive AUT.;Nemcija;DEU;osebni avtomobil;250;limuzina;M550 
294;2030;6.4;1;BMW;JN91-CA150000;M550 / TOURING / d xDrive AUT.;Nemcija;DEU;osebni avtomobil;250;karavan;M550 
294;1935;7.3;1;BMW;JD71-DAW50000;M550 / / d xDrive AUT.;Nemcija;DEU;osebni avtomobil;250;limuzina;M550 
294;1935;7.5;1;BMW;JD71-DAW5000M;M550 / / d xDrive AUT.;Nemcija;DEU;osebni avtomobil;250;limuzina;M550 
294;2030;7.7;1;BMW;JN91-DAW50000;M550 / TOURING / d xDrive AUT.;Nemcija;DEU;osebni avtomobil;250;karavan;M550 
294;1515;8.2;0;AUDI;CDAZAQ1-QD7QD7BH006P8J317MMEM1;TT RS / COUPE 2.5 / TFSI Q AUT.;Nemcija;DEU;osebni avtomobil;250;kupe;TT RS 
294;1585;8.3;0;AUDI;SDAZAQ1-QD7QD7BH006P8V017MMEM1;RS 3 SPORTBACK / /;Nemcija;DEU;osebni avtomobil;250;vozilo z dviûnimi vrati zadaj;RS 3 SPORTBACK 
294;2335;8.3;1;BMW;GT61-DAW509B0;X6 / M50 / d AUT.;Nemcija;DEU;osebni avtomobil;250;limuzina;X6 
294;1585;8.4;0;AUDI;SDAZAQ1-QD7QD7BH006P8V047MMEM1;RS 3 SPORTBACK / /;Nemcija;DEU;osebni avtomobil;280;vozilo z dviûnimi vrati zadaj;RS 3 SPORTBACK 
294;2350;8.4;1;BMW;CV01-DAW509MA;X5 / M50 / d AUT.;Nemcija;DEU;osebni avtomobil;250;karavan;X5 
294;2335;8.4;1;BMW;GT61-DAW509B0;X6 / M50 / d AUT.;Nemcija;DEU;osebni avtomobil;250;limuzina;X6 
294;2350;8.5;1;BMW;CV01-DAW50900;X5 / M50 / d AUT.;Nemcija;DEU;osebni avtomobil;250;karavan;X5 
294;2335;8.5;1;BMW;GT61-DAW509BA;X6 / M50 / d AUT.;Nemcija;DEU;osebni avtomobil;250;limuzina;X6 
294;2350;8.6;1;BMW;CV01-DAW50900;X5 / M50 / d AUT.;Nemcija;DEU;osebni avtomobil;250;karavan;X5 
294;1490;8.7;0;PORSCHE;CB12-01;911 CARRERA S / / AUT.;Nemcija;DEU;osebni avtomobil;302;kupe;911 CARRERA S 
294;2535;9.1;1;BMW;CW01-DAW709B0;X7 / M50 / d AUT.;Nemcija;DEU;osebni avtomobil;250;karavan;X7 
294;2535;9.4;1;BMW;CW01-DAW709BA;X7 / M50 / d AUT.;Nemcija;DEU;osebni avtomobil;250;karavan;X7 
294;1610;9.5;0;AUDI;LDNWAQ1-QD7AD7DL002RS31E914BFAEM1;RS 3 / 2.5 / TFSI Q AUT.;Nemcija;DEU;osebni avtomobil;250;limuzina;RS 3 
294;1605;9.5;0;AUDI;SDNWAQ1-QD7AD7DL002RS21E914BFAEM1;RS 3 / 2.5 / TFSI Q AUT.;Nemcija;DEU;osebni avtomobil;280;vozilo z dviûnimi vrati zadaj;RS 3 
294;1605;9.5;0;AUDI;SDNWAQ1-QD7AD7DL002RS11E194BFAEM1;RS 3 / 2.5 / TFSI Q AUT.;Nemcija;DEU;osebni avtomobil;250;vozilo z dviûnimi vrati zadaj;RS 3 
294;2059;9.8;0;JAGUAR;DC-HPEDC0-50CB000;F-PACE / 3.0 / P400 MHEV AWD AUT.;Zdruûeno kraljestvo;GBR;osebni avtomobil;250;karavan;F-PACE 
295;2065;14.7;0;MASERATI;M139ABR;QUATTROPORTE / /;Italija;ITA;osebni avtomobil;270;limuzina;QUATTROPORTE 
295;2045;15.8;0;MASERATI;M139;QUATTROPORTE / /;Italija;ITA;osebni avtomobil;275;limuzina;QUATTROPORTE 
295;2045;18.9;0;MASERATI;M139AB5;QUATTROPORTE / /;Italija;ITA;osebni avtomobil;275;limuzina;QUATTROPORTE 
295;1840;8.4;0;MERCEDES BENZ;U05HP1-CZAC0504;E / 43 AMG / 4-MATIC AUT.;Nemcija;DEU;osebni avtomobil;250;limuzina;E 
298;2620;13.9;0;PORSCHE;EP22-02;CAYENNE / GTS / AUT.;Nemcija;DEU;osebni avtomobil;251;karavan;CAYENNE 
298;2420;13.9;0;PORSCHE;FP22-02;CAYENNE / GTS / AUT.;Nemcija;DEU;osebni avtomobil;251;vecnamensko vozilo;CAYENNE 
298;2320;13.9;0;PORSCHE;EP22-05;CAYENNE / S / TRANSSYBERIA AUT.;Nemcija;DEU;osebni avtomobil;251;karavan;CAYENNE 
298;1955;14.3;0;MASERATI;M 145 BCA;GRANDTURISMO /;Italija;ITA;osebni avtomobil;285;kupe;GRANDTURISMO 
298;1955;14.3;0;MASERATI;M145BCA;GRANTURISMO / / AUT.;Italija;ITA;osebni avtomobil;285;kupe;GRANTURISMO 
300;1525;10.2;0;PORSCHE;CF12-25;911 CARRERA GTS / / AUT.;Nemcija;DEU;osebni avtomobil;304;kupe;911 CARRERA GTS 
300;1845;10.6;0;BMW;LX31-52;650 / COUPE / i AUT.;Nemcija;DEU;osebni avtomobil;250;kupe;650
300;2015;10.7;0;BMW;LZ31-5B;650 / CABRIO / i AUT.;Nemcija;DEU;osebni avtomobil;250;kabriolet;650
300;2020;11.4;0;BMW;701KA81 5K;750 i / AUT.;Nemcija;DEU;osebni avtomobil;250;limuzina;750 i 
300;2105;11.9;0;BMW;KC61-5K;750 / / i xDrive AUT.;Nemcija;DEU;osebni avtomobil;250;limuzina;750
300;2265;12.5;0;BMW;FG81-GB;X6 / x Drive 50 / i AUT.;Nemcija;DEU;osebni avtomobil;250;karavan;X6 
300;2525;9.9;0;BMW;FH21-5S;X6 / ACTIVEHYBRID / AUT.;Nemcija;DEU;osebni avtomobil;250;karavan;X6 
302;1950;10.4;0;MASERATI;M156 7B25;GHIBLI / S /;Italija;ITA;osebni avtomobil;285;limuzina;GHIBLI 
302;2055;10.5;0;MASERATI;M1566B45;QUATTROPORTE / S / Q4;Italija;ITA;osebni avtomobil;283;limuzina;QUATTROPORTE 
302;1650;9.7;0;BMW;2U71-DAW40000;M2 COMPETITION / COUPE / AUT.;Nemcija;DEU;osebni avtomobil;250;kupe;M2 COMPETITION 
302;1650;9.8;0;BMW;2U71-DAW40000;M2 COMPETITION / COUPE / AUT.;Nemcija;DEU;osebni avtomobil;250;kupe;M2 COMPETITION 
306;1770;12.3;0;JAGUAR;QQ6-TK-401;JAGUAR XKR / 4.2 / SC COUPE;Zdruûeno kraljestvo;GBR;osebni avtomobil;250;kupe;JAGUAR XKR 
309;2160;10.7;0;PORSCHE;EI22-02;CAYENNE GTS / / AUT.;Nemcija;DEU;osebni avtomobil;261;karavan;CAYENNE GTS 
309;1675;11.9;0;BMW;WD91-04;M3 / / AUT.;Nemcija;DEU;osebni avtomobil;280;kupe;M3 
309;1675;11.9;0;BMW;WD91-03;M3 / / AUT.;Nemcija;DEU;osebni avtomobil;250;kupe;M3 
309;1655;12.4;0;BMW;WD91-01;M3 / /;Nemcija;DEU;osebni avtomobil;250;kupe;M3 
309;1655;12.4;0;BMW;WD-91;M-3;Nemcija;DEU;osebni avtomobil;250;kupe;M-3
309;1615;12.4;0;BMW;VA93;M3 /;Nemcija;DEU;osebni avtomobil;250;limuzina;M3 
309;1605;12.4;0;BMW;VA91-01;M3 / /;Nemcija;DEU;osebni avtomobil;250;limuzina;M3 
309;1735;12.9;0;PORSCHE;MT21-01;911 CABRIO / TURBO /;Nemcija;DEU;osebni avtomobil;305;kabriolet;911 CABRIO 
309;1585;12.9;0;PORSCHE;996-LT21-01;911 / TURBO;Nemcija;DEU;osebni avtomobil;310;kupe;911
309;1736;13.5;0;AUDI;LBNSQ1-QM63C0R8E90Q;RS4 / 4.2 / Q;Nemcija;DEU;osebni avtomobil;250;limuzina;RS4 
309;1580;13.9;0;PORSCHE;996 TURBO;911 TURBO /;Nemcija;DEU;osebni avtomobil;305;kupe;911 TURBO 
309;1575;6.9;0;AUDI;QB6-BNS;RS / 4;Nemcija;DEU;osebni avtomobil;217;limuzina;RS 
309;1585;7.9;0;PORSCHE;CL22-29;911 CARRERA 4S / / AUT.;Nemcija;DEU;osebni avtomobil;303;kupe;911 CARRERA 4S 
309;1945;8.9;0;PORSCHE;GL22-03;PANAMERA 4S / / AUT.;Nemcija;DEU;osebni avtomobil;286;vozilo z dviûnimi vrati zadaj;PANAMERA 4S 
310;1840;12.8;0;FORD;LAE-MF8F2BX-4BDBABRC;MUSTANG / 5.0 / V8 A6 kabriolet;Nemcija;DEU;osebni avtomobil;250;kabriolet;MUSTANG 
310;1726;13.5;0;FORD;LAE-MF8F2AX-4AABABQB;MUSTANG / 5.0 / V8 M6 KUPE;Zdruûene drûave;USA;osebni avtomobil;250;kupe;MUSTANG 
310;2125;6.7;1;PORSCHE;GJ22-1634100;PANAMERA 4S DIESEL / / AUT.;Nemcija;DEU;osebni avtomobil;285;vozilo z dviûnimi vrati zadaj;PANAMERA 4S DIESEL 
310;2125;6.8;1;PORSCHE;GJ22-1644100;Panamera 4S Diesel / / AUT.;Nemcija;DEU;osebni avtomobil;285;vozilo z dviûnimi vrati zadaj;Panamera 4S Diesel 
310;1675;8.5;0;MERCEDES BENZ;3354T1-LZAA150A;AMG CLA / 45 S / 4-MATIC AUT.;Nemcija;DEU;osebni avtomobil;270;limuzina;AMG CLA 
310;1635;8.6;0;MERCEDES BENZ;X254T1-LZAA150A;AMG / A 45 S / 4-MATIC AUT.;Nemcija;DEU;osebni avtomobil;270;karavan;AMG 
310;2305;9.5;1;VOLKSWAGEN;ACDMVB2-QA8QA8D6007G1BKVR64BFB1B;TOUAREG / 4.0 / TDI 4M AUT.;Nemcija;DEU;osebni avtomobil;250;karavan;TOUAREG 
316;2184;13.1;0;MASERATI;M1561E45DG;LEVANTE / / Q4;Italija;ITA;osebni avtomobil;264;karavan;LEVANTE 
317;1672;11.9;0;BMW;3R93;M4 / 3.0 / COUPE;Nemcija;DEU;osebni avtomobil;250;kupe;M4 
317;2065;15.7;0;MASERATI;M139BBR;QUATTROPORTE / S /;Italija;ITA;osebni avtomobil;280;limuzina;QUATTROPORTE 
317;1647;8.3;0;BMW;F80;M3 / 3.0 / I;Nemcija;DEU;osebni avtomobil;250;limuzina;M3 
317;1635;8.3;0;BMW;3C91-6A050000;M3 / / AUT.;Nemcija;DEU;osebni avtomobil;250;limuzina;M3 
317;1615;8.3;0;BMW;3R91-6A0400V0;M4 / COUPE / AUT.;Nemcija;DEU;osebni avtomobil;280;kupe;M4 
317;1615;8.3;0;BMW;3R91-6A040000;M4 / COUPE / AUT.;Nemcija;DEU;osebni avtomobil;250;kupe;M4 
317;1590;8.8;0;BMW;3R91-6H040000;M4 / COUPE /;Nemcija;DEU;osebni avtomobil;250;kupe;M4 
317;1572;8.8;0;BMW;3R92-6H040000;M4 / COUPE /;Nemcija;DEU;osebni avtomobil;250;kupe;M4 
320;2325;10.7;0;MERCEDES BENZ;B36AT1-CZAAD50A;AMG / GLE / 53 4MATIC+ AUT. COUPE;Nemcija;DEU;osebni avtomobil;250;karavan;AMG 
320;2305;10.8;0;MERCEDES BENZ;B26AT1-CZAAA50A;AMG / GLE / 53 4MATIC+ AUT.;Nemcija;DEU;osebni avtomobil;250;karavan;AMG 
320;2445;11.5;1;MERCEDES BENZ;A77VM1-NZAAB712;GL / 500 / 4-MATIC AUT.;Nemcija;DEU;osebni avtomobil;250;karavan;GL 
320;2045;13.4;0;AUDI;ABXAQ1-QA6ED0R4FS60GG;S6 / AVANT 5.2 / FSI Q AUT.;Nemcija;DEU;osebni avtomobil;250;karavan;S6 
320;2345;7.2;1;AUDI;XCZACQ2-QA8QA8D6007P4L077MVEM1S5FLK1;SQ7 / 4.0 / TDI Q AUT.;Nemcija;DEU;osebni avtomobil;250;karavan;SQ7 
320;2345;7.5;1;AUDI;XCZACQ2-QA8QA8D6007P4L107MVEM1S5FL;SQ7 / 4.0 / TDI Q AUT.;Nemcija;DEU;osebni avtomobil;250;karavan;SQ7 
320;2405;7.6;1;AUDI;XCZACQ2-QA8QA8D6007P4L107MVEM1S7FL;SQ7 / 4.0 / TDI Q AUT.;Nemcija;DEU;osebni avtomobil;250;karavan;SQ7 
320;1945;8.9;0;MERCEDES BENZ;U26AT1-CZAA050A;AMG / E 53 / 4-MATIC;Nemcija;DEU;osebni avtomobil;250;karavan;AMG 
320;2050;9.2;0;AUDI;GCTGAQ1-QA8BK001R4H81S4+17MMEM2;A8 / 4.0 / TFSI Q L AUT.;Nemcija;DEU;osebni avtomobil;250;limuzina;A8 
320;1970;9.2;0;MERCEDES BENZ;T36AT1-CZAA040A;AMG / E 53 / 4-MATIC AUT.;Nemcija;DEU;osebni avtomobil;250;kupe;AMG 
320;2395;9.5;1;AUDI;XDMVAQ2-QA8QA8D6007RT91C214BFAEM1S5FL;SQ7 / 4.0 / TDI Q AUT.;Nemcija;DEU;osebni avtomobil;250;karavan;SQ7 
320;2395;9.6;1;AUDI;XDMVAQ2-QA8QA8D6007R101C224BFAEM1S5FL;SQ7 / 4.0 / TDI Q AUT.;Nemcija;DEU;osebni avtomobil;250;karavan;SQ7 
320;2140;9.9;0;MERCEDES BENZ;I17VM1-NZAAB401;S / 500 / 4-MATIC AUT.;Nemcija;DEU;osebni avtomobil;250;limuzina;S 
323;1955;16.4;0;MASERATI;M145CCE;GRANTURISMO / S /;Italija;ITA;osebni avtomobil;295;kupe;GRANTURISMO 
324;1945;8.2;0;PORSCHE;GB22-1644100;PANAMERA 4S / / AUT.;Nemcija;DEU;osebni avtomobil;289;vozilo z dviûnimi vrati zadaj;PANAMERA 4S 
324;2095;9.2;0;PORSCHE;EB22-1615100;CAYENNE S / /;Nemcija;DEU;osebni avtomobil;265;karavan;CAYENNE S 
330;1831;11.3;0;FORD;LAE-MF8F2AX-4EEBZNARBCC;MUSTANG / 5.0 / V8 A10 kupe;Nemcija;DEU;osebni avtomobil;250;kupe;MUSTANG 
330;3055;11.6;0;BMW;KR61-6A0400P9;X5 / xDrive 50 / i AUT.;Nemcija;DEU;osebni avtomobil;190;neprebojno vozilo;X5 
330;1818;11.8;0;FORD;LAE-MF8F2AX-4HEBZNARACC;MUSTANG / 5.0 / V8 M6 KUPE;Nemcija;DEU;osebni avtomobil;250;kupe;MUSTANG 
330;1990;8.5;0;BMW;7F21-6A350000;750 / / Li xDrive AUT.;Nemcija;DEU;osebni avtomobil;250;limuzina;750
330;2015;9.4;0;BMW;6B41-6A250000;650 / / i xDrive AUT.;Nemcija;DEU;osebni avtomobil;250;limuzina;650
331;1590;10.1;0;PORSCHE;CB12-1400000;911 CARRERA S / / AUT.;Nemcija;DEU;osebni avtomobil;308;kupe;911 CARRERA S 
331;1640;10.3;0;PORSCHE;CB22-3410000;911 CARRERA 4S / / AUT.;Nemcija;DEU;osebni avtomobil;306;kupe;911 CARRERA 4S 
331;1680;10.7;0;PORSCHE;TM22-39;911 TARGA 4 GTS / / AUT.;Nemcija;DEU;osebni avtomobil;306;kabriolet;911 TARGA 4 GTS 
331;1831;11.4;0;FORD;LAE-MF8F2AX-4EEBZNAAICC;MUSTANG / 5.0 / V8 A10 kupe;Nemcija;DEU;osebni avtomobil;250;kupe;MUSTANG 
331;1818;11.9;0;FORD;LAE-MF8F2AX-4HEBZNAAJCC;MUSTANG / 5.0 / V8 M6 kupe;Nemcija;DEU;osebni avtomobil;250;kupe;MUSTANG 
331;2015;13.4;0;AUDI;4ELBSMQ1-QA6EC0R4EK9S50GG;S8 / 5.2 / Q AUT.;Nemcija;DEU;osebni avtomobil;250;limuzina;S8 
331;2070;13.9;0;AUDI;GBHTQ1-QA6E00R4E80S40GG;A8 / 6.0 / Q L AUT.;Nemcija;DEU;osebni avtomobil;250;limuzina;A8 
331;2505;15.7;0;PORSCHE;9PAEB22-01;CAYENNE / TURBO / AUT.;Nemcija;DEU;osebni avtomobil;266;limuzina;CAYENNE 
331;2430;15.7;0;PORSCHE;EB22-01;CAYENNE / TURBO;Nemcija;DEU;osebni avtomobil;266;limuzina;CAYENNE 
331;1660;8.3;0;BMW;4Y91-6A04E000;M4 / COUPE / AUT.;Nemcija;DEU;osebni avtomobil;250;kupe;M4 
331;1635;8.3;0;BMW;8M91-6A05E000;M3 / / AUT.;Nemcija;DEU;osebni avtomobil;250;limuzina;M3 
331;1615;8.3;0;BMW;3R91-6A04E000;M4 / COUPE / AUT.;Nemcija;DEU;osebni avtomobil;250;kupe;M4 
331;1545;8.3;0;PORSCHE;CM12-29;911 CARRERA GTS / / AUT.;Nemcija;DEU;osebni avtomobil;310;kupe;911 CARRERA GTS 
331;1590;8.5;0;PORSCHE;CM22-29;911 CARRERA 4 GTS / / AUT.;Nemcija;DEU;osebni avtomobil;308;kupe;911 CARRERA 4 GTS 
331;1730;8.7;0;AUDI;C2DECAQ1-QA8QA8D5021P8W547MMEM1;RS5 / / AUT.;Nemcija;DEU;osebni avtomobil;280;kupe;RS5 
331;1890;8.7;0;BMW;4Z91-6A04E000;M4 / CABRIO / AUT.;Nemcija;DEU;osebni avtomobil;250;kabriolet;M4 
331;1680;8.7;0;PORSCHE;TM22-29;911 TARGA 4 GTS / / AUT.;Nemcija;DEU;osebni avtomobil;306;kabriolet;911 TARGA 4 GTS 
331;1790;8.8;0;AUDI;A2DECAQ1-QA8QA8D5021P8W587MMEM1;RS4 Avant / / AUT.;Nemcija;DEU;osebni avtomobil;280;karavan;RS4 Avant 
331;1610;8.8;0;BMW;8M91-6H05E000;M3 / /;Nemcija;DEU;osebni avtomobil;250;limuzina;M3 
331;1970;9.4;0;AUDI;LCTGEQ1-QD7QD7B5037P4G13S57MMEM2;S6 / 4.0 / TFSI Q AUT.;Nemcija;DEU;osebni avtomobil;250;limuzina;S6 
331;1650;9.7;0;BMW;1J31-DAW40900;M2 CS / COUPE / AUT.;Nemcija;DEU;osebni avtomobil;280;kupe;M2 CS 
331;1650;9.8;0;BMW;1J31-DAW40900;M2 CS / COUPE / AUT.;Nemcija;DEU;osebni avtomobil;280;kupe;M2 CS 
335;2090;9.4;0;MERCEDES BENZ;P37VP1-CZAA0424;S / 500 / 4-MATIC AUT.;Nemcija;DEU;osebni avtomobil;250;kupe;S 
335;2090;9.9;0;MERCEDES BENZ;P37VP1-NZAAB404;S / 500 / 4-MATIC AUT.;Nemcija;DEU;osebni avtomobil;250;kupe;S 
336;1730;13.4;0;MERCEDES BENZ;204H077K0-NZAAR500;C / 63 AMG / AUT.;Nemcija;DEU;osebni avtomobil;280;limuzina;C 
336;1730;13.4;0;MERCEDES BENZ;H077K0-NZAAA500;C / 63 AMG / AUT.;Nemcija;DEU;osebni avtomobil;250;limuzina;C 
336;1795;13.7;0;MERCEDES BENZ;H277K0-NZAAA500;C / 63 AMG T / AUT.;Nemcija;DEU;osebni avtomobil;250;karavan;C 
338;2070;11.9;0;PORSCHE;GD22-1104110;PANAMERA GTS / / AUT.;Nemcija;DEU;osebni avtomobil;292;vozilo z dviûnimi vrati zadaj;PANAMERA GTS 
338;1855;13.1;0;FERRARI;F149BDEB;CALIFORNIA / /;Italija;ITA;osebni avtomobil;310;kabriolet;CALIFORNIA 
338;1655;8.4;0;BMW;3S71-6A0400V0;M4 CS / COUPE / AUT.;Nemcija;DEU;osebni avtomobil;280;kupe;M4 CS 
340;1885;8.9;0;BMW;JB91-CA1500LD;M550 / / i xDrive AUT.;Nemcija;DEU;osebni avtomobil;250;limuzina;M550 
344;2458;14.9;0;JEEP;WKJLKCSK5HN3A;GRAND CHEROKEE / SRT 8;Zdruûene drûave;USA;osebni avtomobil;257;karavan;GRAND CHEROKEE 
348;1705;9.1;0;MERCEDES BENZ;204-R05HT1-CZAA05EA;AMG / C43 / AUT.;Nemcija;DEU;osebni avtomobil;285;limuzina;AMG 
350;1920;13.6;0;MERCEDES BENZ;219.376;CLS / 55 AMG AUT.;Nemcija;DEU;osebni avtomobil;300;limuzina;CLS 
350;1920;13.6;0;MERCEDES BENZ;E37FK0-SCAAA400;CLS / 55 AMG / AUT.;Nemcija;DEU;osebni avtomobil;250;limuzina;CLS 
350;1715;8.2;0;MERCEDES BENZ;R08AP0-RZAAB504;C / 63 AMG / AUT.;Nemcija;DEU;osebni avtomobil;290;limuzina;C 
350;1715;8.2;0;MERCEDES BENZ;R08AP0-RZAA0504;C / 63 AMG / AUT.;Nemcija;DEU;osebni avtomobil;250;limuzina;C 
350;1785;8.4;0;MERCEDES BENZ;R28AP0-RZAAB5H4;C / 63 AMG T / AUT.;Nemcija;DEU;osebni avtomobil;250;karavan;C 
353;1660;12.8;0;PORSCHE;LU21-01;911 TURBO / /;Nemcija;DEU;osebni avtomobil;310;kupe;911 TURBO 
353;1695;13.6;0;PORSCHE;LU22-01;911 TURBO / / AUT.;Nemcija;DEU;osebni avtomobil;310;kupe;911 TURBO 
353;1765;13.7;0;PORSCHE;997 MU22 01;997 TURBO // AUT.;Nemcija;DEU;osebni avtomobil;310;kabriolet;997 TURBO 
353;1765;13.7;0;PORSCHE;MU22-01;911 TURBO / CABRIO / AUT.;Nemcija;DEU;osebni avtomobil;310;kabriolet;911 TURBO 
357;1595;18.3;0;FERRARI;F131EDE;430 / / SPIDER F1;Italija;ITA;osebni avtomobil;311;kabriolet;430
368;1670;11.4;0;PORSCHE;LX22-05;911 TURBO / / AUT.;Nemcija;DEU;osebni avtomobil;312;kupe;911 TURBO 
368;2245;11.5;0;PORSCHE;EC22-02;CAYENNE TURBO / / AUT.;Nemcija;DEU;osebni avtomobil;278;karavan;CAYENNE TURBO 
368;2245;11.5;0;PORSCHE;EC22-02;CAYENNE / TURBO / AUT.;Nemcija;DEU;osebni avtomobil;278;karavan;CAYENNE 
368;1745;11.5;0;PORSCHE;MX22-05;911 TURBO / CABRIO / AUT.;Nemcija;DEU;osebni avtomobil;312;kabriolet;911 TURBO 
368;2045;12.2;0;PORSCHE;GC22-04;PANAMERA TURBO / / AUT.;Nemcija;DEU;osebni avtomobil;303;vozilo z dviûnimi vrati zadaj;PANAMERA TURBO 
368;2045;12.7;0;PORSCHE;GC22-06;PANAMERA TURBO / / AUT.;Nemcija;DEU;osebni avtomobil;303;vozilo z dviûnimi vrati zadaj;PANAMERA TURBO 
368;1505;12.7;0;PORSCHE;CP12-09;911 CARRERA GT3 / / AUT.;Nemcija;DEU;osebni avtomobil;318;kupe;911 CARRERA GT3 
368;1495;12.7;0;PORSCHE;CH12-06;911 GT3 RS / /;Nemcija;DEU;osebni avtomobil;310;kupe;911 GT3 RS 
368;1995;13.2;0;MERCEDES BENZ;P37FK0-SDAAA400;CL / 55 AMG / AUT.;Nemcija;DEU;osebni avtomobil;250;kupe;CL 
368;1488;13.3;0;PORSCHE;CP11-29;911 CARRERA GT3 / /;Nemcija;DEU;osebni avtomobil;316;kupe;911 CARRERA GT3 
368;1995;13.5;0;MERCEDES BENZ;230S47FK0-SAAAA20;SL / 55 AMG / AUT.;Nemcija;DEU;osebni avtomobil;300;kabriolet;SL 
368;2665;14.9;0;PORSCHE;EM22-01;CAYENNE / TURBO / AUT.;Nemcija;DEU;osebni avtomobil;275;karavan;CAYENNE 
368;1585;8.5;0;BMW;4S91-6A020000;M4 GTS / COUPE / AUT.;Nemcija;DEU;osebni avtomobil;305;kupe;M4 GTS 
373;2412;12.2;0;AUDI;XDCUEQ2-QA8QA8D6012RT91C214BIAEM1S5FLB0;SQ7 / 4.0 / TFSI Q AUT.;Nemcija;DEU;osebni avtomobil;250;karavan;SQ7 
373;2470;12.8;0;AUDI;SDCUEQ2-QA8QA8D6012RT21C234BIBEM1S5FLB0;SQ8 / 4.0 / TFSI Q AUT.;Nemcija;DEU;osebni avtomobil;250;vozilo z dviûnimi vrati zadaj;SQ8 
373;1855;14.8;0;BMW;M560NB91-01;M5 /;Nemcija;DEU;osebni avtomobil;250;limuzina;M5 
373;1785;14.8;0;BMW;M560-EH01;M 6 / 5.0;Nemcija;DEU;osebni avtomobil;250;kupe;M 6 
373;1785;14.8;0;BMW;EH91-01;M6 / /;Nemcija;DEU;osebni avtomobil;250;kupe;M6 
373;1930;7.9;0;BMW;EK-91;M / 6;Nemcija;DEU;osebni avtomobil;250;kabriolet;M 
373;1710;7.9;0;BMW;EH-91;M / 6;Nemcija;DEU;osebni avtomobil;250;kupe;M 
375;1805;10.1;0;BMW;31AY-IAW50000;M3 COMPETITION / / AUT.;Nemcija;DEU;osebni avtomobil;250;limuzina;M3 COMPETITION 
375;1800;10.1;0;BMW;31AZ-IAW4090V;M4 COMPETITION / COUPE / AUT.;Nemcija;DEU;osebni avtomobil;290;kupe;M4 COMPETITION 
375;1805;10.2;0;BMW;31AY-IAW50900;M3 COMPETITION / / AUT.;Nemcija;DEU;osebni avtomobil;250;limuzina;M3 COMPETITION 
375;2045;11.4;0;BMW;UJ01-DAW5E000;X4 M COMPETITION / / AUT.;Nemcija;DEU;osebni avtomobil;250;limuzina;X4 M COMPETITION 
375;2045;11.5;0;BMW;TS01-DAW5E000;X3 M COMPETITION / / AUT.;Nemcija;DEU;osebni avtomobil;250;karavan;X3 M COMPETITION 
375;2000;12.5;0;JAGUAR;CC9-X250-F501;JAGUAR XF / 5.0L / s/c V8 XFR;Zdruûeno kraljestvo;GBR;osebni avtomobil;280;limuzina;JAGUAR XF 
375;1839;12.5;0;JAGUAR;QQ6-4J-402;JAGUAR XKR / 5.0 / V8 S/C CONVERTIBLE;Zdruûeno kraljestvo;GBR;osebni avtomobil;250;kabriolet;JAGUAR XKR 
375;2310;16.5;0;MERCEDES BENZ;164B277K1-NKAAA500;ML / 63 AMG;Nemcija;DEU;osebni avtomobil;250;karavan;ML 
375;1695;8.2;0;ALFA ROMEO;952AAA25;GIULIA / 2.9 / V6 QUADRIFOGLIO CA;Italija;ITA;osebni avtomobil;307;limuzina;GIULIA 
375;1655;8.5;0;ALFA ROMEO;952AAM24-;GIULIA / 2.9 / V6 QUADRIFOGLIO;Italija;ITA;osebni avtomobil;307;limuzina;GIULIA 
375;1835;9.9;0;ASTON MARTIN;AM5-A-051L4WAEG375.0;DB11 / /;Zdruûeno kraljestvo;GBR;osebni avtomobil;300;kupe;DB11 
378;1905;14.5;0;MERCEDES BENZ;E377K0-NZAAA400;CLS / 63 AMG / AUT.;Nemcija;DEU;osebni avtomobil;250;limuzina;CLS 
380;2210;14.3;0;MERCEDES BENZ;I17LK0-SZBAB500;S / 600 / AUT.;Nemcija;DEU;osebni avtomobil;250;limuzina;S 
383;1505;12.8;0;PORSCHE;CR12-09;911 GT3 RS / /;Nemcija;DEU;osebni avtomobil;312;kupe;911 GT3 RS 
386;2010;10.1;0;MERCEDES BENZ;MB-219;CL / 63;Nemcija;DEU;osebni avtomobil;250;kupe;CL 
386;1840;12.6;0;MERCEDES BENZ;J077M0-RZAAR50A;E / 63 AMG / AUT.;Nemcija;DEU;osebni avtomobil;300;limuzina;E 
386;1820;13.3;0;AUDI;RCTYAQ1-QD7BZ002R42317MG;R8 / SPYDER 5.2 / AUT.;Nemcija;DEU;osebni avtomobil;311;kabriolet;R8 
386;2085;14.9;0;MERCEDES BENZ;Q377K0-NZAAB400;CL / 63 AMG / AUT.;Nemcija;DEU;osebni avtomobil;250;kupe;CL 
390;1965;10.6;0;BMW;BC41-DAW40000;M850 / COUPE / i xDrive AUT.;Nemcija;DEU;osebni avtomobil;250;kupe;M850 
390;2090;10.7;0;BMW;FY41-DAW40000;M850 / CABRIOLET / i xDrive AUT.;Nemcija;DEU;osebni avtomobil;250;kabriolet;M850 
390;2070;11.6;0;BMW;GV81-DAW500B0;M850 / / i xDrive AUT.;Nemcija;DEU;osebni avtomobil;250;limuzina;M850 
390;2310;12.2;0;BMW;CY81-DAW509B0;X6 / M50 / i AUT.;Nemcija;DEU;osebni avtomobil;250;limuzina;X6 
390;2555;12.9;0;BMW;CX61-DAW709BA;X7 / M50 / i AUT.;Nemcija;DEU;osebni avtomobil;250;karavan;X7 
390;4160;12.9;0;MERCEDES BENZ;P17BP0-NZSS0404;S / 600 / AUT.;Nemcija;DEU;osebni avtomobil;190;neprebojno vozilo;S 
397;1940;20.7;0;FERRARI;F137ALE;612 / SCAGLIETTI;Italija;ITA;osebni avtomobil;315;kupe;612
397;1670;9.1;0;PORSCHE;CV22-25;911 TURBO / /;Nemcija;DEU;osebni avtomobil;320;kupe;911 TURBO 
404;2400;3;0;PORSCHE;HF22-1655100;PANAMERA TURBO S E-HYBRID / / AUT.;Nemcija;DEU;osebni avtomobil;310;karavan;PANAMERA TURBO S E-HYBRID 
404;1825;11.8;0;NISSAN;R35-A05;GT-R / 3.8 / 4WD AUT.;Japonska ;JPN;osebni avtomobil;315;kupe;GT-R 
404;2275;13.6;0;PORSCHE;EC22-2104110;CAYENNE TURBO / /;Nemcija;DEU;osebni avtomobil;286;karavan;CAYENNE TURBO 
404;2385;2.9;0;PORSCHE;GF22-1654100;PANAMERA TURBO S E-HYBRID / / AUT.;Nemcija;DEU;osebni avtomobil;310;vozilo z dviûnimi vrati zadaj;PANAMERA TURBO S E-HYBRID 
404;2400;3.7;0;PORSCHE;HF22-1105100;PANAMERA TURBO S E-HYBRID / / AUT.;Nemcija;DEU;osebni avtomobil;310;karavan;PANAMERA TURBO S E-HYBRID 
404;2070;9.4;0;PORSCHE;GE22-1644100;PANAMERA TURBO / / AUT.;Nemcija;DEU;osebni avtomobil;306;vozilo z dviûnimi vrati zadaj;PANAMERA TURBO 
408;2380;13.9;0;BMW;GZ01-5B;X6 M / / AUT.;Nemcija;DEU;osebni avtomobil;250;karavan;X6 M 
410;1920;10.4;0;MERCEDES BENZ;J07UP1-RZCCB505;E / 63 AMG / 4-MATIC AUT.;Nemcija;DEU;osebni avtomobil;250;limuzina;E 
410;1735;11.4;0;MERCEDES BENZ;Z480P0-1ZAA0204;AMG GT C / AUT.;Nemcija;DEU;osebni avtomobil;316;kabriolet;AMG GT C 
412;1845;10.7;0;FERRARI;F149DDEL;CALIFORNIA / /;Italija;ITA;osebni avtomobil;316;kabriolet;CALIFORNIA 
412;2615;17.1;0;BENTLEY;3WDE4-2;CONTINENTAL / GTC /;Zdruûeno kraljestvo;GBR;osebni avtomobil;312;kabriolet;CONTINENTAL 
412;2485;17.1;0;BENTLEY;3WCE4-I;CONTINENTAL / GT;Zdruûeno kraljestvo;GBR;osebni avtomobil;323;kupe;CONTINENTAL 
412;2025;9.6;0;AUDI;ACWUBQ1-QA8BK005R4GR3S57MMEM2FS;RS6 / AVANT 4.0 / TFSI;Nemcija;DEU;osebni avtomobil;305;karavan;RS6 
412;1680;9.7;0;PORSCHE;CT22-05;911 TURBO S / /;Nemcija;DEU;osebni avtomobil;318;kupe;911 TURBO S 
412;2010;9.8;0;AUDI;ACRDBQ1-QA8BK005R4GR5S57MJEM2FL;RS6 / AVANT 4.0 / TFSI;Nemcija;DEU;osebni avtomobil;250;karavan;RS6 
412;1945;9.9;0;BMW;FV91-AB;M5 / / AUT.;Nemcija;DEU;osebni avtomobil;305;limuzina;M5 
412;1750;9.9;0;PORSCHE;KT22-05;911 TURBO S / CABRIO /;Nemcija;DEU;osebni avtomobil;318;kabriolet;911 TURBO S 
420;1735;13.2;0;MERCEDES BENZ;F47SM0-YZAAB200;SLS AMG / /;Nemcija;DEU;osebni avtomobil;317;kupe;SLS AMG 
420;2705;16.2;0;ROLLS ROYCE;XZ81-IAW40000;DAWN;Zdruûeno kraljestvo;GBR;osebni avtomobil;250;kabriolet;DAWN
423;2350;11.1;0;BMW;KT61-6A050000;X5 M / / AUT.;Nemcija;DEU;osebni avtomobil;250;karavan;X5 M 
423;2340;11.1;0;BMW;KW81-6A0500V0;X6 M / / AUT.;Nemcija;DEU;osebni avtomobil;280;limuzina;X6 M 
423;2340;11.1;0;BMW;KW81-6A050000;X6 M / / AUT.;Nemcija;DEU;osebni avtomobil;250;limuzina;X6 M 
430;2070;10.1;0;MERCEDES BENZ;P37UP0-RZAA0402;S / 63 AMG / AUT.;Nemcija;DEU;osebni avtomobil;250;kupe;S 
430;2070;10.3;0;MERCEDES BENZ;P37UP1-RZBBR40B;S / 63 AMG / 4-MATIC AUT.;Nemcija;DEU;osebni avtomobil;300;kupe;S 
441;1930;10.5;0;BMW;JF01-6A05000D;M5 / / AUT.;Nemcija;DEU;osebni avtomobil;250;limuzina;M5 
441;1485;11.8;0;FERRARI;F142AB-L;458 / /;Italija;ITA;osebni avtomobil;326;kupe;458
441;2236;12.5;0;AUDI;ADJPBQ1-QA8QA8D6012RS011C21S54BIAEM1H77FLB2;RS 6 / AVANT 4.0 / TFSI Q AUT;Nemcija;DEU;osebni avtomobil;250;karavan;RS 6 
441;2150;12.5;0;AUDI;ADJPBQ2-QA8QA8D6012RS021E22S54BFBEM1H77FL;RS 6 / AVANT 4.0 / TFSI Q AUT;Nemcija;DEU;osebni avtomobil;280;karavan;RS 6 
441;2332;13.1;0;AUDI;ADJPBQ2-QA8QA8D6012RS021E22S54BIBEM1H77FLB2;RS 6 / AVANT 4.0 / TFSI Q AUT;Nemcija;DEU;osebni avtomobil;280;karavan;RS 6 
441;2542;13.4;0;AUDI;SDHUBQ2-QA8QA8D6012RS011C234BIAEM1S5FLB2;RS Q8 / 4.0 / TFSI Q AUT.;Nemcija;DEU;osebni avtomobil;250;vozilo z dviûnimi vrati zadaj;RS Q8 
445;2025;9.6;0;AUDI;ACWUCQ1-QA8QA8BK005P4G23S47MMEM2FSK1;RS6 / AVANT 4.0 / TFSI;Nemcija;DEU;osebni avtomobil;305;karavan;RS6 
449;1655;12.3;0;AUDI;CCSPAQ1-QD7QD7BZ005P42017MMK1;R8 / 5.2 / COUPE Q. AUT.;Nemcija;DEU;osebni avtomobil;330;kupe;R8 
450;2070;12.4;0;MERCEDES BENZ;R1ES-U28CT1-CZAC05VA;AMG / E63 / S;Nemcija;DEU;osebni avtomobil;290;karavan;AMG 
450;2630;12.9;0;MERCEDES BENZ;B78PT1-CZAAD7YA;AMG GLS / 63 / 4-MATIC AUT. + HYBRID;Nemcija;DEU;osebni avtomobil;280;karavan;AMG GLS 
450;1380;12.9;0;PORSCHE;980-GT11;CARRERA / GT /;Nemcija;DEU;osebni avtomobil;330;kupe;CARRERA 
450;2070;8.9;0;MERCEDES BENZ;P18CS1-CZAC0502;S / 63 AMG / 4-MATIC AUT.;Nemcija;DEU;osebni avtomobil;250;limuzina;S 
456;1780;17.9;0;FERRARI;F141ABE;599 / FIORANO / F1;Italija;ITA;osebni avtomobil;331;kupe;599
460;1960;10.5;0;BMW;AE01-DAW4E000;M8 COMPETITION / COUPE / AUT.;Nemcija;DEU;osebni avtomobil;250;kupe;M8 COMPETITION 
460;1940;10.8;0;BMW;JF01-DAW5E0V0;M5 COMPETITION / / AUT.;Nemcija;DEU;osebni avtomobil;305;limuzina;M5 COMPETITION 
460;1960;11.1;0;BMW;AE01-DAW4E0V0;M8 COMPETITION / COUPE / AUT.;Nemcija;DEU;osebni avtomobil;305;kupe;M8 COMPETITION 
460;2070;11.5;0;BMW;GV01-IAW5E0V0;M8 COMPETITION / / AUT.;Nemcija;DEU;osebni avtomobil;305;limuzina;M8 COMPETITION 
460;2370;12.8;0;BMW;CY01-DAW5E0V0;X6 M COMPETITION / / AUT.;Nemcija;DEU;osebni avtomobil;290;limuzina;X6 M COMPETITION 
460;2370;12.8;0;BMW;CY01-DAW5E0B0;X6 M COMPETITION / / AUT.;Nemcija;DEU;osebni avtomobil;250;limuzina;X6 M COMPETITION 
460;2395;13.3;0;BMW;CY01-IAW5E0B0;X6 M COMPETITION / / AUT.;Nemcija;DEU;osebni avtomobil;250;limuzina;X6 M COMPETITION 
478;2272;12.7;0;LAMBORGHINI;636-BAAA-AAAAAAAAAAA;URUS /;Italija;ITA;osebni avtomobil;305;vecnamensko vozilo;URUS 
515;1545;11.8;0;PORSCHE;CY12-09;911 GT2 RS / /;Nemcija;DEU;osebni avtomobil;340;kupe;911 GT2 RS 
545;1765;16.9;0;LAMBORGHINI;834-G-21ACC;AVENTADOR /;Italija;ITA;osebni avtomobil;350;kupe;AVENTADOR 
